'DX-904-Weekday-1-23-09-1111100',90400,52700,4,'',1,3000,4,'',1,7000,4,'',1,8400,4,'',1,2100,4,'',1,2000,4,'',1,6000,4,'',1,1300,4,'',1,500,4,'',1,200,4,'',1,500,4,'',1,1500,4,'',1,6000,4,'',1,2200,4,'',1,7000,4,'',1,3000,4,'',1,7000,4,'',1,3000,4,'',1,7000,4,'',1,3000,4,'',1,7000,4,'',1,3000,4,'',1,7000,4,'',1,3000,4,'',1,7000,4,'',1,3300,4,'',1,7100,4,'',1,3000,4,'',1,7000,4,'',1,3000,4,'',1,7000,4,'',1,2800,4,'',1,6400,4,'',1,3000,4,'',1,7000,4,'',1,3000,4,'',1,7000,4,'',1,3000,4,'',1,7000,4,'',1,2500,4,'',1,10100,4,'',1
'DX-904-Weekday-1-23-09-1111100',90401,52500,,'',1,3000,,'',1,6700,,'',1,3000,,'',1,7000,,'',1,3000,,'',1,6900,,'',1,3100,,'',1,7000,,'',1,3000,,'',1,7000,,'',1,3000,,'',1,7000,,'',1,3000,,'',1,7000,,'',1,3000,,'',1,7000,,'',1,3000,,'',1,7000,,'',1,2000,,'',1,6000,,'',1,800,,'',1,800,,'',1,400,,'',1,2000,,'',1,6000,,'',1,2000,,'',1,2000,,'',1,6000,,'',1,2000,,'',1,3100,,'',1,7000,,'',1,3000,,'',1,7000,,'',1,3000,,'',1,7000,,'',1,3000,,'',1,7000,,'',1,3100,,'',1,7000,,'',1,3000,,'',1
'DX-904-Weekday-2-23-09-1111100',90400,52700,4,'',1,3000,4,'',1,7000,4,'',1,8400,4,'',1,2100,4,'',1,2000,4,'',1,6000,4,'',1,1800,4,'',1,200,4,'',1,500,4,'',1,1500,4,'',1,6000,4,'',1,2200,4,'',1,7000,4,'',1,3000,4,'',1,7000,4,'',1,3000,4,'',1,7000,4,'',1,3000,4,'',1,7000,4,'',1,3000,4,'',1,7000,4,'',1,3000,4,'',1,7000,4,'',1,3300,4,'',1,7100,4,'',1,3000,4,'',1,7000,4,'',1,3000,4,'',1,7000,4,'',1,2800,4,'',1,6400,4,'',1,3000,4,'',1,7000,4,'',1,3000,4,'',1,7000,4,'',1,3000,4,'',1,7000,4,'',1,2500,4,'',1,10100,4,'',1
'DX-904-Weekday-2-23-09-1111100',90401,52500,,'',1,3000,,'',1,6700,,'',1,3000,,'',1,7000,,'',1,3000,,'',1,6900,,'',1,3100,,'',1,7000,,'',1,3000,,'',1,7000,,'',1,3000,,'',1,7000,,'',1,3000,,'',1,7000,,'',1,3000,,'',1,7000,,'',1,3000,,'',1,7000,,'',1,2000,,'',1,6000,,'',1,800,,'',1,800,,'',1,400,,'',1,2000,,'',1,6000,,'',1,2000,,'',1,2000,,'',1,6000,,'',1,2000,,'',1,3100,,'',1,7000,,'',1,3000,,'',1,7000,,'',1,3000,,'',1,7000,,'',1,3000,,'',1,7000,,'',1,3100,,'',1,7000,,'',1,3000,,'',1
'DX-904-Weekday-3-23-09-1111100',90400,52700,4,'',1,3000,4,'',1,7000,4,'',1,8400,4,'',1,2100,4,'',1,2000,4,'',1,6000,4,'',1,1300,4,'',1,500,4,'',1,200,4,'',1,500,4,'',1,1500,4,'',1,6000,4,'',1,2200,4,'',1,7000,4,'',1,3000,4,'',1,7000,4,'',1,3000,4,'',1,7000,4,'',1,3000,4,'',1,7000,4,'',1,3000,4,'',1,7000,4,'',1,3000,4,'',1,7000,4,'',1,3300,4,'',1,7100,4,'',1,3000,4,'',1,7000,4,'',1,3000,4,'',1,7000,4,'',1,2800,4,'',1,6400,4,'',1,3000,4,'',1,7000,4,'',1,3000,4,'',1,7000,4,'',1,3000,4,'',1,7000,4,'',1,2500,4,'',1,10100,4,'',1
'DX-904-Weekday-3-23-09-1111100',90401,52500,,'',1,3000,,'',1,6700,,'',1,3000,,'',1,7000,,'',1,3000,,'',1,6900,,'',1,3100,,'',1,7000,,'',1,3000,,'',1,7000,,'',1,3000,,'',1,7000,,'',1,3000,,'',1,7000,,'',1,3000,,'',1,7000,,'',1,3000,,'',1,7000,,'',1,2000,,'',1,6000,,'',1,2000,,'',1,2000,,'',1,6000,,'',1,2000,,'',1,2000,,'',1,6000,,'',1,2000,,'',1,3100,,'',1,7000,,'',1,3000,,'',1,7000,,'',1,3000,,'',1,7000,,'',1,3000,,'',1,7000,,'',1,3100,,'',1,7000,,'',1,3000,,'',1
'DX-904-Weekday-4-23-09-1111100',90400,52700,4,'',1,3000,4,'',1,7000,4,'',1,8400,4,'',1,2100,4,'',1,2000,4,'',1,6000,4,'',1,2000,4,'',1,2000,4,'',1,6000,4,'',1,2200,4,'',1,7000,4,'',1,3000,4,'',1,7000,4,'',1,3000,4,'',1,7000,4,'',1,3000,4,'',1,7000,4,'',1,3000,4,'',1,7000,4,'',1,3000,4,'',1,7000,4,'',1,3300,4,'',1,7100,4,'',1,3000,4,'',1,7000,4,'',1,3000,4,'',1,7000,4,'',1,2800,4,'',1,6400,4,'',1,3000,4,'',1,7000,4,'',1,3000,4,'',1,7000,4,'',1,3000,4,'',1,7000,4,'',1,2500,4,'',1,10100,4,'',1
'DX-904-Weekday-4-23-09-1111100',90401,52500,,'',1,3000,,'',1,6700,,'',1,3000,,'',1,7000,,'',1,3000,,'',1,6900,,'',1,3100,,'',1,7000,,'',1,3000,,'',1,7000,,'',1,3000,,'',1,7000,,'',1,3000,,'',1,7000,,'',1,3000,,'',1,7000,,'',1,3000,,'',1,7000,,'',1,2000,,'',1,6000,,'',1,2000,,'',1,2000,,'',1,6000,,'',1,2000,,'',1,2000,,'',1,6000,,'',1,2000,,'',1,3100,,'',1,7000,,'',1,3000,,'',1,7000,,'',1,3000,,'',1,7000,,'',1,3000,,'',1,7000,,'',1,3100,,'',1,7000,,'',1,3000,,'',1
'DX-904-Weekday-5-23-09-1111100',90400,52700,4,'',1,3000,4,'',1,7000,4,'',1,8400,4,'',1,2100,4,'',1,2000,4,'',1,6000,4,'',1,2000,4,'',1,2000,4,'',1,6000,4,'',1,2200,4,'',1,7000,4,'',1,3000,4,'',1,7000,4,'',1,3000,4,'',1,7000,4,'',1,3000,4,'',1,7000,4,'',1,3000,4,'',1,7000,4,'',1,3000,4,'',1,7000,4,'',1,3300,4,'',1,7100,4,'',1,3000,4,'',1,7000,4,'',1,3000,4,'',1,7000,4,'',1,2800,4,'',1,6400,4,'',1,3000,4,'',1,7000,4,'',1,3000,4,'',1,7000,4,'',1,3000,4,'',1,7000,4,'',1,2500,4,'',1,10100,4,'',1
'DX-904-Weekday-5-23-09-1111100',90401,52500,,'',1,3000,,'',1,6700,,'',1,3000,,'',1,7000,,'',1,3000,,'',1,6900,,'',1,3100,,'',1,7000,,'',1,3000,,'',1,7000,,'',1,3000,,'',1,7000,,'',1,3000,,'',1,7000,,'',1,3000,,'',1,7000,,'',1,3000,,'',1,7000,,'',1,2000,,'',1,6000,,'',1,2000,,'',1,2000,,'',1,6000,,'',1,2000,,'',1,2000,,'',1,6000,,'',1,2000,,'',1,3100,,'',1,7000,,'',1,3000,,'',1,7000,,'',1,3000,,'',1,7000,,'',1,3000,,'',1,7000,,'',1,3100,,'',1,7000,,'',1,3000,,'',1
'DX-904-Weekday-6-23-09-1111100',90400,52700,4,'',1,3000,4,'',1,7000,4,'',1,8400,4,'',1,2100,4,'',1,2000,4,'',1,6000,4,'',1,1300,4,'',1,500,4,'',1,200,4,'',1,500,4,'',1,1500,4,'',1,6000,4,'',1,2200,4,'',1,7000,4,'',1,3000,4,'',1,7000,4,'',1,3000,4,'',1,7000,4,'',1,3000,4,'',1,7000,4,'',1,3000,4,'',1,7000,4,'',1,3000,4,'',1,7000,4,'',1,3300,4,'',1,7100,4,'',1,3000,4,'',1,7000,4,'',1,3000,4,'',1,7000,4,'',1,2800,4,'',1,6400,4,'',1,3000,4,'',1,7000,4,'',1,3000,4,'',1,7000,4,'',1,3000,4,'',1,7000,4,'',1,2500,4,'',1,10100,4,'',1
'DX-904-Weekday-6-23-09-1111100',90401,52500,,'',1,3000,,'',1,6700,,'',1,3000,,'',1,7000,,'',1,3000,,'',1,6900,,'',1,3100,,'',1,7000,,'',1,3000,,'',1,7000,,'',1,3000,,'',1,7000,,'',1,3000,,'',1,7000,,'',1,3000,,'',1,7000,,'',1,3000,,'',1,7000,,'',1,2000,,'',1,6000,,'',1,800,,'',1,800,,'',1,400,,'',1,2000,,'',1,6000,,'',1,2000,,'',1,2000,,'',1,6000,,'',1,2000,,'',1,3100,,'',1,7000,,'',1,3000,,'',1,7000,,'',1,3000,,'',1,7000,,'',1,3000,,'',1,7000,,'',1,3100,,'',1,7000,,'',1,3000,,'',1
'DX-904-Weekday-7-23-09-1111100',90400,52700,4,'',1,3000,4,'',1,7000,4,'',1,8400,4,'',1,2100,4,'',1,2000,4,'',1,6000,4,'',1,2000,4,'',1,2000,4,'',1,6000,4,'',1,2200,4,'',1,7000,4,'',1,3000,4,'',1,7000,4,'',1,3000,4,'',1,7000,4,'',1,3000,4,'',1,7000,4,'',1,3000,4,'',1,7000,4,'',1,3000,4,'',1,7000,4,'',1,3300,4,'',1,7100,4,'',1,3000,4,'',1,7000,4,'',1,3000,4,'',1,7000,4,'',1,2800,4,'',1,6400,4,'',1,3000,4,'',1,7000,4,'',1,3000,4,'',1,7000,4,'',1,3000,4,'',1,7000,4,'',1,2500,4,'',1,10100,4,'',1
'DX-904-Weekday-7-23-09-1111100',90401,52500,,'',1,3000,,'',1,6700,,'',1,3000,,'',1,7000,,'',1,3000,,'',1,6900,,'',1,3100,,'',1,7000,,'',1,3000,,'',1,7000,,'',1,3000,,'',1,7000,,'',1,3000,,'',1,7000,,'',1,3000,,'',1,7000,,'',1,3000,,'',1,7000,,'',1,2000,,'',1,6000,,'',1,2000,,'',1,2000,,'',1,6000,,'',1,2000,,'',1,2000,,'',1,6000,,'',1,2000,,'',1,3100,,'',1,7000,,'',1,3000,,'',1,7000,,'',1,3000,,'',1,7000,,'',1,3000,,'',1,7000,,'',1,3100,,'',1,7000,,'',1,3000,,'',1
'SA-904-Saturday-1-23-09-0000010',90400,70100,4,'',1,10000,4,'',1,10000,4,'',1,3000,4,'',1,7000,4,'',1,3000,4,'',1,7000,4,'',1,3000,4,'',1,7000,4,'',1,3000,4,'',1,7000,4,'',1,3000,4,'',1,7000,4,'',1,3000,4,'',1,7000,4,'',1,3000,4,'',1,7000,4,'',1,3000,4,'',1,7000,4,'',1,3300,4,'',1,7000,4,'',1,3000,4,'',1,7000,4,'',1,3000,4,'',1,10000,4,'',1,10000,4,'',1,10000,4,'',1,10000,4,'',1
'SA-904-Saturday-1-23-09-0000010',90401,70000,,'',1,10000,,'',1,2700,,'',1,2600,,'',1,6900,,'',1,3000,,'',1,7000,,'',1,3000,,'',1,7000,,'',1,3000,,'',1,7000,,'',1,3000,,'',1,7000,,'',1,3000,,'',1,7000,,'',1,3000,,'',1,7000,,'',1,3000,,'',1,7300,,'',1,3400,,'',1,7000,,'',1,3000,,'',1,7000,,'',1,3000,,'',1,7000,,'',1,10000,,'',1,10000,,'',1
'SU-904-Sunday-1-23-09-0000001',90400,72600,4,'',1,10000,4,'',1,10700,4,'',1,9900,4,'',1,7000,4,'',1,3000,4,'',1,7000,4,'',1,3000,4,'',1,7000,4,'',1,3000,4,'',1,7000,4,'',1,3000,4,'',1,7000,4,'',1,3000,4,'',1,7000,4,'',1,3000,4,'',1,6900,4,'',1,2700,4,'',1,3000,4,'',1,7000,4,'',1,3000,4,'',1,7000,4,'',1,10000,4,'',1,10000,4,'',1,10000,4,'',1
'SU-904-Sunday-1-23-09-0000001',90401,72900,,'',1,10000,,'',1,9600,,'',1,3000,,'',1,7000,,'',1,3000,,'',1,7000,,'',1,3000,,'',1,7000,,'',1,3000,,'',1,7000,,'',1,3000,,'',1,7000,,'',1,3000,,'',1,7000,,'',1,3000,,'',1,7000,,'',1,3000,,'',1,7100,,'',1,3000,,'',1,7000,,'',1,3000,,'',1,10000,,'',1,10000,,'',1,10000,,'',1
'DX-906-Weekday-1-23-09-1111100',90600,61000,4,'',1,2900,4,'',1,7000,4,'',1,3000,4,'',1,7000,4,'',1,3000,4,'',1,7000,4,'',1,3000,4,'',1,60200,4,'',1,7000,4,'',1,3000,4,'',1,7000,4,'',1,3000,4,'',1,7000,4,'',1
'DX-906-Weekday-1-23-09-1111100',90601,61600,,'',1,3000,,'',1,7000,,'',1,3000,,'',1,7000,,'',1,3000,,'',1,67000,,'',1,3000,,'',1,7000,,'',1,3000,,'',1,7000,,'',1,3000,,'',1
'DX-906-Weekday-2-23-09-1111100',90600,61000,4,'',1,2900,4,'',1,7000,4,'',1,3000,4,'',1,7000,4,'',1,3000,4,'',1,7000,4,'',1,3000,4,'',1,60200,4,'',1,7000,4,'',1,3000,4,'',1,7000,4,'',1,3000,4,'',1,7000,4,'',1
'DX-906-Weekday-2-23-09-1111100',90601,61600,,'',1,3000,,'',1,7000,,'',1,3000,,'',1,7000,,'',1,3000,,'',1,67000,,'',1,3000,,'',1,7000,,'',1,3000,,'',1,7000,,'',1,3000,,'',1
'DX-906-Weekday-3-23-09-1111100',90600,61000,4,'',1,2900,4,'',1,7000,4,'',1,3000,4,'',1,7000,4,'',1,3000,4,'',1,7000,4,'',1,3000,4,'',1,60200,4,'',1,7000,4,'',1,3000,4,'',1,7000,4,'',1,3000,4,'',1,7000,4,'',1
'DX-906-Weekday-3-23-09-1111100',90601,61600,,'',1,3000,,'',1,7000,,'',1,3000,,'',1,7000,,'',1,3000,,'',1,67000,,'',1,3000,,'',1,7000,,'',1,3000,,'',1,7000,,'',1,3000,,'',1
'DX-906-Weekday-4-23-09-1111100',90600,61000,4,'',1,2900,4,'',1,7000,4,'',1,3000,4,'',1,7000,4,'',1,3000,4,'',1,7000,4,'',1,3000,4,'',1,60200,4,'',1,7000,4,'',1,3000,4,'',1,7000,4,'',1,3000,4,'',1,7000,4,'',1
'DX-906-Weekday-4-23-09-1111100',90601,61600,,'',1,3000,,'',1,7000,,'',1,3000,,'',1,7000,,'',1,3000,,'',1,67000,,'',1,3000,,'',1,7000,,'',1,3000,,'',1,7000,,'',1,3000,,'',1
'DX-906-Weekday-5-23-09-1111100',90600,61000,4,'',1,2900,4,'',1,7000,4,'',1,3000,4,'',1,7000,4,'',1,3000,4,'',1,7000,4,'',1,3000,4,'',1,60200,4,'',1,7000,4,'',1,3000,4,'',1,7000,4,'',1,3000,4,'',1,7000,4,'',1
'DX-906-Weekday-5-23-09-1111100',90601,61600,,'',1,3000,,'',1,7000,,'',1,3000,,'',1,7000,,'',1,3000,,'',1,67000,,'',1,3000,,'',1,7000,,'',1,3000,,'',1,7000,,'',1,3000,,'',1
'DX-906-Weekday-6-23-09-1111100',90600,61000,4,'',1,2900,4,'',1,7000,4,'',1,3000,4,'',1,7000,4,'',1,3000,4,'',1,7000,4,'',1,3000,4,'',1,60200,4,'',1,7000,4,'',1,3000,4,'',1,7000,4,'',1,3000,4,'',1,7000,4,'',1
'DX-906-Weekday-6-23-09-1111100',90601,61600,,'',1,3000,,'',1,7000,,'',1,3000,,'',1,7000,,'',1,3000,,'',1,67000,,'',1,3000,,'',1,7000,,'',1,3000,,'',1,7000,,'',1,3000,,'',1
'DX-906-Weekday-7-23-09-1111100',90600,61000,4,'',1,2900,4,'',1,7000,4,'',1,3000,4,'',1,7000,4,'',1,3000,4,'',1,7000,4,'',1,3000,4,'',1,60200,4,'',1,7000,4,'',1,3000,4,'',1,7000,4,'',1,3000,4,'',1,7000,4,'',1
'DX-906-Weekday-7-23-09-1111100',90601,61600,,'',1,3000,,'',1,7000,,'',1,3000,,'',1,7000,,'',1,3000,,'',1,67000,,'',1,3000,,'',1,7000,,'',1,3000,,'',1,7000,,'',1,3000,,'',1
