'DX-055-Weekday-1-23-04-1111100',5500,63500,4,'',1,7900,4,'',1,3100,4,'',1,7000,4,'',1,3000,4,'',1,6900,4,'',1,2500,4,'',1,7000,4,'',1,3000,4,'',1,7000,4,'',1,3000,4,'',1,7000,4,'',1,3000,4,'',1,7000,4,'',1,3000,4,'',1,7000,4,'',1,3000,4,'',1,7300,4,'',1,3600,4,'',1,7100,4,'',1,3500,4,'',1,7000,4,'',1,3000,4,'',1,7000,4,'',1,2500,4,'',1,5200,4,'',1,1100,4,'',1,1500,4,'',1,1900,4,'',1,6800,4,'',1,3000,4,'',1,7000,4,'',1,3000,4,'',1,6900,4,'',1,3100,4,'',1
'DX-055-Weekday-1-23-04-1111100',5501,54800,,'',1,7500,,'',1,2800,,'',1,7000,,'',1,3000,,'',1,7000,,'',1,3300,,'',1,7300,,'',1,3000,,'',1,7000,,'',1,3000,,'',1,7000,,'',1,3000,,'',1,7000,,'',1,3000,,'',1,7000,,'',1,3000,,'',1,6300,,'',1,3000,,'',1,7000,,'',1,3000,,'',1,7000,,'',1,3000,,'',1,7000,,'',1,3100,,'',1,6900,,'',1,3000,,'',1,7000,,'',1,3000,,'',1,7000,,'',1,3000,,'',1,7000,,'',1,3000,,'',1,7000,,'',1
'DX-055-Weekday-2-23-04-1111100',5500,63500,4,'',1,7900,4,'',1,3100,4,'',1,7000,4,'',1,3000,4,'',1,6900,4,'',1,2500,4,'',1,7000,4,'',1,3000,4,'',1,7000,4,'',1,3000,4,'',1,7000,4,'',1,3000,4,'',1,7000,4,'',1,3000,4,'',1,7000,4,'',1,3000,4,'',1,7300,4,'',1,3600,4,'',1,7100,4,'',1,3500,4,'',1,7000,4,'',1,3000,4,'',1,7000,4,'',1,2500,4,'',1,5200,4,'',1,1100,4,'',1,1500,4,'',1,1900,4,'',1,6800,4,'',1,3000,4,'',1,7000,4,'',1,3000,4,'',1,6900,4,'',1,3100,4,'',1
'DX-055-Weekday-2-23-04-1111100',5501,54800,,'',1,7500,,'',1,2800,,'',1,7000,,'',1,3000,,'',1,7000,,'',1,3300,,'',1,7300,,'',1,3000,,'',1,7000,,'',1,3000,,'',1,7000,,'',1,3000,,'',1,7000,,'',1,3000,,'',1,7000,,'',1,3000,,'',1,6300,,'',1,3000,,'',1,7000,,'',1,3000,,'',1,7000,,'',1,3000,,'',1,7000,,'',1,3100,,'',1,6900,,'',1,3000,,'',1,7000,,'',1,3000,,'',1,7000,,'',1,3000,,'',1,7000,,'',1,3000,,'',1,7000,,'',1
'DX-055-Weekday-3-23-04-1111100',5500,63500,4,'',1,7900,4,'',1,3100,4,'',1,7000,4,'',1,3000,4,'',1,6900,4,'',1,2500,4,'',1,7000,4,'',1,3000,4,'',1,7000,4,'',1,3000,4,'',1,7000,4,'',1,3000,4,'',1,7000,4,'',1,3000,4,'',1,7000,4,'',1,3000,4,'',1,7300,4,'',1,3600,4,'',1,7100,4,'',1,3500,4,'',1,7000,4,'',1,3000,4,'',1,7000,4,'',1,2500,4,'',1,5200,4,'',1,1100,4,'',1,1500,4,'',1,1900,4,'',1,6800,4,'',1,3000,4,'',1,7000,4,'',1,3000,4,'',1,6900,4,'',1,3100,4,'',1
'DX-055-Weekday-3-23-04-1111100',5501,54800,,'',1,7500,,'',1,2800,,'',1,7000,,'',1,3000,,'',1,7000,,'',1,3300,,'',1,7300,,'',1,3000,,'',1,7000,,'',1,3000,,'',1,7000,,'',1,3000,,'',1,7000,,'',1,3000,,'',1,7000,,'',1,3000,,'',1,6300,,'',1,3000,,'',1,7000,,'',1,3000,,'',1,7000,,'',1,3000,,'',1,7000,,'',1,3100,,'',1,6900,,'',1,3000,,'',1,7000,,'',1,3000,,'',1,7000,,'',1,3000,,'',1,7000,,'',1,3000,,'',1,7000,,'',1
'SA-055-Saturday-1-23-04-0000010',5500,82100,4,'',1,3200,4,'',1,7100,4,'',1,3400,4,'',1,7100,4,'',1,3000,4,'',1,7000,4,'',1,3000,4,'',1,7000,4,'',1,3000,4,'',1,7000,4,'',1,3000,4,'',1,7000,4,'',1,3000,4,'',1,7000,4,'',1,3000,4,'',1,7000,4,'',1,3000,4,'',1,6900,4,'',1,2800,4,'',1,7000,4,'',1,3000,4,'',1,7000,4,'',1
'SA-055-Saturday-1-23-04-0000010',5501,83100,,'',1,6900,,'',1,3000,,'',1,7000,,'',1,3000,,'',1,7000,,'',1,3000,,'',1,7000,,'',1,3000,,'',1,7000,,'',1,3000,,'',1,7000,,'',1,3000,,'',1,7000,,'',1,3000,,'',1,7000,,'',1,2900,,'',1,7100,,'',1,3000,,'',1,7000,,'',1,2800,,'',1,3000,,'',1
'SU-055-Sunday-1-23-04-0000001',5500,101200,4,'',1,3000,4,'',1,7000,4,'',1,3000,4,'',1,7000,4,'',1,3000,4,'',1,7000,4,'',1,3000,4,'',1,7000,4,'',1,3000,4,'',1,7000,4,'',1,3000,4,'',1,7000,4,'',1,3000,4,'',1,7000,4,'',1,2900,4,'',1,6800,4,'',1,2900,4,'',1,7000,4,'',1
'SU-055-Sunday-1-23-04-0000001',5501,94600,,'',1,7000,,'',1,3000,,'',1,7000,,'',1,3000,,'',1,7000,,'',1,3000,,'',1,7000,,'',1,3000,,'',1,7000,,'',1,3000,,'',1,7000,,'',1,3000,,'',1,7000,,'',1,3100,,'',1,7000,,'',1,3000,,'',1,6700,,'',1,3800,,'',1
'SU-055-Sunday-2-23-04-0000001',5500,101200,4,'',1,3000,4,'',1,7000,4,'',1,3000,4,'',1,7000,4,'',1,3000,4,'',1,7000,4,'',1,3000,4,'',1,7000,4,'',1,3000,4,'',1,7000,4,'',1,3000,4,'',1,7000,4,'',1,3000,4,'',1,7000,4,'',1,2900,4,'',1,6800,4,'',1,2900,4,'',1,7000,4,'',1
'SU-055-Sunday-2-23-04-0000001',5501,94600,,'',1,7000,,'',1,3000,,'',1,7000,,'',1,3000,,'',1,7000,,'',1,3000,,'',1,7000,,'',1,3000,,'',1,7000,,'',1,3000,,'',1,7000,,'',1,3000,,'',1,7000,,'',1,3100,,'',1,7000,,'',1,3000,,'',1,6700,,'',1,3800,,'',1
