'DX-052-Weekday-1-23-12-1111100',5200,53800,,'',1,7000,,'',1,3000,,'',1,7000,,'',1,1500,,'',1,1500,,'',1,7000,,'',1,3000,,'',1,7000,,'',1,3000,,'',1,7000,,'',1,3000,,'',1,7000,,'',1,3000,,'',1,7000,,'',1,3000,,'',1,7000,,'',1,3000,,'',1,7000,,'',1,3000,,'',1,1500,,'',1,5500,,'',1,1500,,'',1,1500,,'',1,1500,,'',1,5500,,'',1,1500,,'',1,1500,,'',1,1500,,'',1,5500,,'',1,3000,,'',1,7000,,'',1,3000,,'',1,7000,,'',1,3000,,'',1,7000,,'',1,3000,,'',1,7000,,'',1,3000,,'',1,7000,,'',1,10000,,'',1,10000,,'',1
'DX-052-Weekday-1-23-12-1111100',5201,62500,4,'',1,3300,4,'',1,7400,4,'',1,1500,4,'',1,5500,4,'',1,1500,4,'',1,1500,4,'',1,1500,4,'',1,5500,4,'',1,1600,4,'',1,2700,4,'',1,7000,4,'',1,3000,4,'',1,7000,4,'',1,3000,4,'',1,7000,4,'',1,3000,4,'',1,7000,4,'',1,3000,4,'',1,7000,4,'',1,3000,4,'',1,7200,4,'',1,2800,4,'',1,600,4,'',1,7100,4,'',1,3000,4,'',1,7000,4,'',1,3000,4,'',1,7000,4,'',1,2600,4,'',1,6300,4,'',1,2900,4,'',1,7000,4,'',1,3000,4,'',1,7000,4,'',1,3000,4,'',1,6900,4,'',1,2900,4,'',1,9900,4,'',1,10000,4,'',1
'SA-052-Saturday-1-23-12-0000010',5200,61800,,'',1,10000,,'',1,8200,,'',1,2200,,'',1,2700,,'',1,7000,,'',1,3000,,'',1,7000,,'',1,3000,,'',1,7000,,'',1,3000,,'',1,7000,,'',1,3000,,'',1,7000,,'',1,3000,,'',1,7000,,'',1,3000,,'',1,7000,,'',1,3000,,'',1,7000,,'',1,3600,,'',1,7000,,'',1,3000,,'',1,7000,,'',1,3000,,'',1,7000,,'',1,3000,,'',1,10000,,'',1,10000,,'',1,10000,,'',1
'SA-052-Saturday-1-23-12-0000010',5201,70900,4,'',1,10000,4,'',1,9500,4,'',1,3000,4,'',1,6900,4,'',1,3000,4,'',1,7000,4,'',1,3000,4,'',1,7000,4,'',1,3000,4,'',1,7000,4,'',1,3000,4,'',1,7000,4,'',1,3000,4,'',1,7000,4,'',1,3000,4,'',1,7000,4,'',1,3000,4,'',1,7000,4,'',1,2700,4,'',1,2800,4,'',1,7000,4,'',1,3000,4,'',1,7000,4,'',1,3000,4,'',1,10000,4,'',1,10000,4,'',1,10000,4,'',1,10000,4,'',1
'SU-052-Sunday-1-23-12-0000001',5200,71900,,'',1,10000,,'',1,10000,,'',1,10000,,'',1,3000,,'',1,7000,,'',1,3000,,'',1,7000,,'',1,3000,,'',1,7000,,'',1,3000,,'',1,7000,,'',1,3000,,'',1,7000,,'',1,3000,,'',1,7000,,'',1,3300,,'',1,7000,,'',1,3000,,'',1,7000,,'',1,3000,,'',1,7000,,'',1,10000,,'',1,10000,,'',1,10000,,'',1
'SU-052-Sunday-1-23-12-0000001',5201,80700,4,'',1,10000,4,'',1,10200,4,'',1,10000,4,'',1,3000,4,'',1,7000,4,'',1,3000,4,'',1,7000,4,'',1,3000,4,'',1,7000,4,'',1,3000,4,'',1,7000,4,'',1,3000,4,'',1,7000,4,'',1,3000,4,'',1,7300,4,'',1,3000,4,'',1,7000,4,'',1,3000,4,'',1,7000,4,'',1,3000,4,'',1,7000,4,'',1,10000,4,'',1,10000,4,'',1,10000,4,'',1
'DX-055-Weekday-1-23-12-1111100',5500,52800,,'',1,3000,,'',1,7000,,'',1,2000,,'',1,5500,,'',1,1600,,'',1,1500,,'',1,1500,,'',1,5500,,'',1,1500,,'',1,1500,,'',1,1500,,'',1,5500,,'',1,1400,0,'Southgate',1,1400,,'',1,1400,0,'Southgate',1,5500,,'',1,1500,0,'Southgate',1,1500,,'',1,1500,0,'Southgate',1,5500,,'',1,1500,0,'Southgate',1,1500,,'',1,1500,0,'Southgate',1,5500,,'',1,1500,0,'Southgate',1,1500,,'',1,1500,0,'Southgate',1,5500,,'',1,1500,0,'Southgate',1,1500,,'',1,1500,0,'Southgate',1,5500,,'',1,1500,0,'Southgate',1,1600,,'',1,1600,0,'Southgate',1,5600,,'',1,1600,,'',1,1600,,'',1,1600,,'',1,5600,,'',1,1600,,'',1,1600,,'',1,1500,,'',1,5500,,'',1,1500,,'',1,1500,,'',1,1500,,'',1,5500,,'',1,1500,,'',1,1500,,'',1,6200,,'',1,2800,,'',1,7000,,'',1,3000,,'',1,7000,,'',1,3000,,'',1,7000,,'',1,2900,,'',1,2900,,'',1,10000,,'',1
'DX-055-Weekday-1-23-12-1111100',5501,55400,4,'',1,7000,4,'',1,3500,4,'',1,5600,4,'',1,1500,4,'',1,1500,4,'',1,5500,4,'',1,1500,4,'',1,1500,4,'',1,1500,4,'',1,5500,4,'',1,1400,4,'',1,1400,4,'',1,1500,4,'',1,1400,4,'',1,5500,4,'',1,1500,4,'',1,1500,4,'',1,1500,4,'',1,5500,4,'',1,1500,4,'',1,1500,4,'',1,1500,4,'',1,5500,4,'',1,1500,4,'',1,1500,4,'',1,1500,4,'',1,5500,4,'',1,1500,4,'',1,1500,4,'',1,1500,4,'',1,5500,4,'',1,1500,4,'',1,1500,4,'',1,1500,4,'',1,5900,4,'',1,1600,4,'',1,1900,4,'',1,5500,4,'',1,1500,4,'',1,1500,4,'',1,1500,4,'',1,5500,4,'',1,1500,4,'',1,1500,4,'',1,1500,4,'',1,5500,4,'',1,1500,4,'',1,1300,4,'',1,2400,4,'',1,6800,4,'',1,3000,4,'',1,7000,4,'',1,3000,4,'',1,7000,4,'',1,3000,4,'',1,6900,4,'',1,2900,4,'',1,10000,4,'',1
'SA-055-Saturday-1-23-12-0000010',5500,54200,,'',1,10000,,'',1,10000,,'',1,7200,,'',1,2800,,'',1,7100,,'',1,3000,,'',1,7000,,'',1,1500,0,'Southgate',1,1500,,'',1,1500,0,'Southgate',1,5500,,'',1,1500,0,'Southgate',1,1500,,'',1,1500,0,'Southgate',1,5500,,'',1,1500,0,'Southgate',1,1500,,'',1,1500,0,'Southgate',1,5500,,'',1,1500,0,'Southgate',1,1500,,'',1,1500,0,'Southgate',1,5500,,'',1,1500,0,'Southgate',1,1500,,'',1,1500,0,'Southgate',1,5500,,'',1,1500,0,'Southgate',1,1500,,'',1,1500,0,'Southgate',1,5500,,'',1,1600,0,'Southgate',1,1400,,'',1,1500,0,'Southgate',1,5400,,'',1,1500,0,'Southgate',1,1500,,'',1,1500,0,'Southgate',1,5500,,'',1,1500,0,'Southgate',1,1500,,'',1,6800,,'',1,3000,,'',1,7000,,'',1,3000,,'',1,7000,,'',1,3000,,'',1,7000,,'',1,10000,,'',1,10000,,'',1
'SA-055-Saturday-1-23-12-0000010',5501,63800,4,'',1,10000,4,'',1,10000,4,'',1,7100,4,'',1,3000,4,'',1,7000,4,'',1,1500,4,'',1,1500,4,'',1,1500,4,'',1,5500,4,'',1,1500,4,'',1,1500,4,'',1,1500,4,'',1,5500,4,'',1,1500,4,'',1,1500,4,'',1,1500,4,'',1,5500,4,'',1,1500,4,'',1,1500,4,'',1,1500,4,'',1,5500,4,'',1,1500,4,'',1,1500,4,'',1,1500,4,'',1,5500,4,'',1,1500,4,'',1,1500,4,'',1,1500,4,'',1,5500,4,'',1,1500,4,'',1,1500,4,'',1,1500,4,'',1,5400,4,'',1,1500,4,'',1,1500,4,'',1,1500,4,'',1,5500,4,'',1,1500,4,'',1,1500,4,'',1,1500,4,'',1,5300,4,'',1,1500,4,'',1,1500,4,'',1,7000,4,'',1,3000,4,'',1,7000,4,'',1,3000,4,'',1,7000,4,'',1,3000,4,'',1,7000,4,'',1,10000,4,'',1
'SU-055-Sunday-1-23-12-0000001',5500,61500,,'',1,10000,,'',1,8600,,'',1,2800,,'',1,2900,,'',1,7000,,'',1,3000,,'',1,5600,0,'Southgate',1,1500,,'',1,1500,0,'Southgate',1,1500,,'',1,5500,0,'Southgate',1,1500,,'',1,1500,0,'Southgate',1,1500,,'',1,5500,0,'Southgate',1,1500,,'',1,1500,0,'Southgate',1,1500,,'',1,5500,0,'Southgate',1,1500,,'',1,1500,0,'Southgate',1,1500,,'',1,5500,0,'Southgate',1,1500,,'',1,1500,0,'Southgate',1,1500,,'',1,5500,0,'Southgate',1,1500,,'',1,1500,0,'Southgate',1,1500,,'',1,5500,0,'Southgate',1,1500,,'',1,1500,0,'Southgate',1,1500,,'',1,5500,0,'Southgate',1,1500,,'',1,1500,0,'Southgate',1,1400,,'',1,5500,0,'Southgate',1,1500,,'',1,1500,0,'Southgate',1,6400,,'',1,2600,,'',1,9900,,'',1,10000,,'',1,10000,,'',1,10000,,'',1
'SU-055-Sunday-1-23-12-0000001',5501,61100,4,'',1,10000,4,'',1,4600,4,'',1,8600,4,'',1,8100,4,'',1,3000,4,'',1,7100,4,'',1,1500,4,'',1,1500,4,'',1,5500,4,'',1,1500,4,'',1,1500,4,'',1,1500,4,'',1,5500,4,'',1,1500,4,'',1,1500,4,'',1,1500,4,'',1,5500,4,'',1,1500,4,'',1,1500,4,'',1,1500,4,'',1,5500,4,'',1,1500,4,'',1,1500,4,'',1,1500,4,'',1,5500,4,'',1,1500,4,'',1,1500,4,'',1,1500,4,'',1,5500,4,'',1,1500,4,'',1,1500,4,'',1,1500,4,'',1,5400,4,'',1,1600,4,'',1,1500,4,'',1,1400,4,'',1,5500,4,'',1,1500,4,'',1,1500,4,'',1,1200,4,'',1,5200,4,'',1,2600,4,'',1,9900,4,'',1,10000,4,'',1,10000,4,'',1,10000,4,'',1,10000,4,'',1
'DX-056-Weekday-1-23-12-1111100',5600,51200,,'',1,3000,,'',1,6900,,'',1,1600,,'',1,1900,,'',1,6000,,'',1,2000,,'',1,2000,,'',1,6000,,'',1,3000,,'',1,7100,,'',1,3000,,'',1,7000,,'',1,3000,,'',1,7000,,'',1,3000,,'',1,7000,,'',1,3000,,'',1,7000,,'',1,3000,,'',1,7000,,'',1,3000,,'',1,1700,,'',1,5800,,'',1,2000,,'',1,2000,,'',1,6000,,'',1,2000,,'',1,2000,,'',1,6000,,'',1,2000,,'',1,7000,,'',1,3000,,'',1,7000,,'',1,3000,,'',1,7000,,'',1,3000,,'',1,7000,,'',1,3000,,'',1,7000,,'',1,3000,,'',1,10000,,'',1,10000,,'',1
'DX-056-Weekday-1-23-12-1111100',5601,54800,4,'',1,7000,4,'',1,3400,4,'',1,6400,4,'',1,2300,4,'',1,2000,4,'',1,6000,4,'',1,2000,4,'',1,2000,4,'',1,5900,4,'',1,1900,4,'',1,2100,4,'',1,7000,4,'',1,3000,4,'',1,7000,4,'',1,3000,4,'',1,7000,4,'',1,3000,4,'',1,7000,4,'',1,3000,4,'',1,7000,4,'',1,3000,4,'',1,7700,4,'',1,2200,4,'',1,6100,4,'',1,2000,4,'',1,2000,4,'',1,6000,4,'',1,2000,4,'',1,2000,4,'',1,6000,4,'',1,1700,4,'',1,1600,4,'',1,6200,4,'',1,2900,4,'',1,7000,4,'',1,3000,4,'',1,7000,4,'',1,3000,4,'',1,6900,4,'',1,2500,4,'',1,6700,4,'',1,10000,4,'',1,10000,4,'',1
'SA-056-Saturday-1-23-12-0000010',5600,55100,,'',1,10000,,'',1,10000,,'',1,7000,,'',1,2900,,'',1,7000,,'',1,3000,,'',1,7000,,'',1,3000,,'',1,7000,,'',1,3000,,'',1,7000,,'',1,3000,,'',1,7000,,'',1,3000,,'',1,7000,,'',1,3000,,'',1,7000,,'',1,3000,,'',1,7000,,'',1,3000,,'',1,7000,,'',1,3000,,'',1,7000,,'',1,3000,,'',1,7000,,'',1,3000,,'',1,7000,,'',1,3000,,'',1,7000,,'',1,3000,,'',1,10000,,'',1,10000,,'',1
'SA-056-Saturday-1-23-12-0000010',5601,64600,4,'',1,10000,4,'',1,9800,4,'',1,7000,4,'',1,3000,4,'',1,7600,4,'',1,3000,4,'',1,7000,4,'',1,3000,4,'',1,7000,4,'',1,3000,4,'',1,7000,4,'',1,3000,4,'',1,7000,4,'',1,3000,4,'',1,7000,4,'',1,3000,4,'',1,7000,4,'',1,3000,4,'',1,7000,4,'',1,2600,4,'',1,6800,4,'',1,3000,4,'',1,7000,4,'',1,3000,4,'',1,7000,4,'',1,3000,4,'',1,7000,4,'',1,3000,4,'',1,7000,4,'',1,3000,4,'',1,10000,4,'',1,10000,4,'',1
'SU-056-Sunday-1-23-12-0000001',5600,60000,,'',1,10000,,'',1,10000,,'',1,10000,,'',1,10400,,'',1,3000,,'',1,7000,,'',1,3000,,'',1,7000,,'',1,3000,,'',1,7000,,'',1,3000,,'',1,7000,,'',1,3000,,'',1,7000,,'',1,3000,,'',1,7000,,'',1,3000,,'',1,7000,,'',1,2900,,'',1,6800,,'',1,3200,,'',1,7000,,'',1,3000,,'',1,6900,,'',1,2900,,'',1,7000,,'',1,3000,,'',1,7000,,'',1,10000,,'',1,10000,,'',1
'SU-056-Sunday-1-23-12-0000001',5601,65500,4,'',1,10000,4,'',1,10000,4,'',1,14500,4,'',1,10000,4,'',1,3000,4,'',1,7000,4,'',1,3000,4,'',1,7000,4,'',1,3000,4,'',1,7000,4,'',1,3000,4,'',1,7000,4,'',1,3000,4,'',1,7000,4,'',1,3000,4,'',1,7000,4,'',1,2800,4,'',1,2700,4,'',1,7200,4,'',1,3000,4,'',1,7000,4,'',1,2900,4,'',1,7000,4,'',1,3000,4,'',1,7000,4,'',1,3000,4,'',1,7000,4,'',1,3000,4,'',1,10000,4,'',1,10000,4,'',1
'DX-671-Weekday-1-23-12-1111100',67100,73200,,'',1,100,,'',1,8000,,'',1,500,,'',1,300,,'',1,800,,'',1,200,,'',1,500,,'',1
'DX-673-Weekday-1-23-12-0001000',67301,143800,4,'',1,100,4,'',1
'DX-673-Weekday-1-23-12-1110100',67301,153200,4,'',1,100,4,'',1
'DX-673-Weekday-1-23-12-1111100',67300,80600,,'',1,500,,'',1
'DX-674-Weekday-1-23-12-1111100',67400,75400,,'',1
'DX-681-Weekday-1-23-12-1111100',68100,81800,,'',1
'DX-692-Weekday-1-23-12-1111100',69200,80900,,'',1
'DX-692-Weekday-1-23-12-1111100',69201,160900,4,'',1
'DX-904-Weekday-1-23-12-0001000',90401,131300,4,'',1
'DX-904-Weekday-1-23-12-1111100',90400,45800,,'',1,7000,,'',1,3000,,'',1,7000,,'',1,2000,,'',1,6000,,'',1,2000,,'',1,1900,,'',1,100,,'',1,400,,'',1,700,,'',1,4900,,'',1,2000,,'',1,2900,,'',1,7000,,'',1,3000,,'',1,7000,,'',1,3000,,'',1,7000,,'',1,3000,,'',1,7000,,'',1,3000,,'',1,7000,,'',1,3000,,'',1,7000,,'',1,3000,,'',1,7000,,'',1,3000,,'',1,7000,,'',1,3000,,'',1,7000,,'',1,3000,,'',1,7000,,'',1,3000,,'',1,7000,,'',1,3000,,'',1,7000,,'',1,3000,,'',1,7000,,'',1,3000,,'',1,10100,,'',1
'DX-904-Weekday-1-23-12-1111100',90401,55400,4,'',1,7000,4,'',1,3000,4,'',1,7000,4,'',1,3000,4,'',1,7000,4,'',1,2900,4,'',1,7000,4,'',1,3000,4,'',1,7000,4,'',1,3000,4,'',1,7000,4,'',1,3000,4,'',1,7000,4,'',1,3000,4,'',1,7000,4,'',1,3000,4,'',1,7000,4,'',1,3000,4,'',1,7400,4,'',1,2100,4,'',1,500,4,'',1,300,4,'',1,5700,4,'',1,2000,4,'',1,2000,4,'',1,6000,4,'',1,2000,4,'',1,2000,4,'',1,7000,4,'',1,2700,4,'',1,6700,4,'',1,3200,4,'',1,7200,4,'',1,3200,4,'',1,7000,4,'',1,3000,4,'',1,6800,4,'',1,3300,4,'',1,7000,4,'',1
'SA-904-Saturday-1-23-12-0000010',90400,63000,,'',1,10000,,'',1,10000,,'',1,2700,,'',1,7000,,'',1,3000,,'',1,7000,,'',1,3000,,'',1,7000,,'',1,3000,,'',1,7000,,'',1,3000,,'',1,7000,,'',1,3000,,'',1,7000,,'',1,3000,,'',1,7000,,'',1,3000,,'',1,7000,,'',1,3000,,'',1,7000,,'',1,3000,,'',1,7000,,'',1,3000,,'',1,10000,,'',1,10000,,'',1,10000,,'',1,10000,,'',1
'SA-904-Saturday-1-23-12-0000010',90401,72700,4,'',1,10000,4,'',1,2700,4,'',1,7000,4,'',1,3000,4,'',1,7000,4,'',1,3000,4,'',1,7000,4,'',1,3000,4,'',1,7000,4,'',1,3000,4,'',1,7000,4,'',1,3000,4,'',1,7000,4,'',1,3000,4,'',1,7000,4,'',1,3000,4,'',1,7000,4,'',1,3000,4,'',1,7000,4,'',1,3000,4,'',1,7000,4,'',1,3000,4,'',1,7000,4,'',1,3000,4,'',1,10000,4,'',1,10000,4,'',1
'SU-904-Sunday-1-23-12-0000001',90400,65800,,'',1,10000,,'',1,10000,,'',1,9900,,'',1,7000,,'',1,3000,,'',1,7000,,'',1,3000,,'',1,7000,,'',1,3000,,'',1,7000,,'',1,3000,,'',1,7000,,'',1,3000,,'',1,7000,,'',1,3000,,'',1,7000,,'',1,3000,,'',1,7000,,'',1,3000,,'',1,7000,,'',1,3000,,'',1,10000,,'',1,10000,,'',1,10000,,'',1
'SU-904-Sunday-1-23-12-0000001',90401,75500,4,'',1,10000,4,'',1,9900,4,'',1,7000,4,'',1,3000,4,'',1,7000,4,'',1,3000,4,'',1,7000,4,'',1,3000,4,'',1,7000,4,'',1,3000,4,'',1,7000,4,'',1,3000,4,'',1,7000,4,'',1,3000,4,'',1,7000,4,'',1,3000,4,'',1,7000,4,'',1,3000,4,'',1,7000,4,'',1,3000,4,'',1,7000,4,'',1,10000,4,'',1,10000,4,'',1,10000,4,'',1
