'DX-517-Weekday-1-24-02-0010000',51701,91500,,'',1,2700,4,'',1
'DX-517-Weekday-1-24-02-1101100',51701,74500,,'',1,500,,'',1,6300,4,'',1,500,4,'',1
'DX-517-Weekday-1-24-02-1111100',51701,52000,,'',1,2400,4,'',1,600,,'',1,6400,4,'',1,600,,'',1,2000,,'',1,700,4,'',1,5300,,'',1,800,4,'',1,1200,,'',1,800,4,'',1,1200,,'',1,800,4,'',1,5200,,'',1,800,4,'',1,1200,,'',1,800,4,'',1,2000,4,'',1,200,,'',1,6700,4,'',1,300,,'',1,2700,4,'',1,300,,'',1,6700,4,'',1,300,,'',1,2700,4,'',1,300,,'',1,6700,4,'',1,300,,'',1,2700,4,'',1,300,,'',1,6700,4,'',1,300,,'',1,2700,4,'',1,300,,'',1,6700,4,'',1,300,,'',1,2700,4,'',1,300,,'',1,6700,4,'',1,300,,'',1,2700,4,'',1,300,,'',1,6900,4,'',1,100,,'',1,2000,,'',1,1000,4,'',1,5000,,'',1,1000,4,'',1,1000,,'',1,1000,4,'',1,1000,,'',1,1000,4,'',1,5000,,'',1,1000,4,'',1,1000,,'',1,1000,4,'',1,2000,4,'',1,7000,4,'',1,2700,4,'',1,300,,'',1,6500,4,'',1,500,,'',1,2500,4,'',1,500,,'',1,6500,4,'',1,500,,'',1,2500,4,'',1,500,,'',1,6500,4,'',1,500,,'',1,2500,4,'',1,500,,'',1,6300,4,'',1
'DX-517-Weekday-2-24-02-1111100',51701,52000,,'',1,2400,4,'',1,600,,'',1,6400,4,'',1,600,,'',1,2000,,'',1,700,4,'',1,5300,,'',1,800,4,'',1,1200,,'',1,800,4,'',1,1200,,'',1,800,4,'',1,5200,,'',1,800,4,'',1,1200,,'',1,800,4,'',1,2000,4,'',1,200,,'',1,6700,4,'',1,300,,'',1,2700,4,'',1,300,,'',1,6700,4,'',1,300,,'',1,2700,4,'',1,300,,'',1,6700,4,'',1,300,,'',1,2700,4,'',1,300,,'',1,6700,4,'',1,300,,'',1,2700,4,'',1,300,,'',1,6700,4,'',1,300,,'',1,2700,4,'',1,300,,'',1,6700,4,'',1,300,,'',1,2700,4,'',1,300,,'',1,6900,4,'',1,100,,'',1,2000,,'',1,1000,4,'',1,5000,,'',1,1000,4,'',1,1000,,'',1,1000,4,'',1,1000,,'',1,1000,4,'',1,5000,,'',1,1000,4,'',1,1000,,'',1,1000,4,'',1,2000,4,'',1,7000,4,'',1,2700,4,'',1,300,,'',1,6500,4,'',1,500,,'',1,2500,4,'',1,500,,'',1,6500,4,'',1,500,,'',1,2500,4,'',1,500,,'',1,6500,4,'',1,500,,'',1,2500,4,'',1,500,,'',1,6300,4,'',1
'DX-517-Weekday-3-24-02-1111100',51701,52000,,'',1,2400,4,'',1,600,,'',1,6400,4,'',1,600,,'',1,2000,,'',1,700,4,'',1,5300,,'',1,800,4,'',1,1200,,'',1,800,4,'',1,1200,,'',1,800,4,'',1,5200,,'',1,800,4,'',1,1200,,'',1,800,4,'',1,2000,4,'',1,200,,'',1,6700,4,'',1,300,,'',1,2700,4,'',1,300,,'',1,6700,4,'',1,300,,'',1,2700,4,'',1,300,,'',1,6700,4,'',1,300,,'',1,2700,4,'',1,300,,'',1,6700,4,'',1,300,,'',1,2700,4,'',1,300,,'',1,6700,4,'',1,300,,'',1,2700,4,'',1,300,,'',1,6700,4,'',1,300,,'',1,2700,4,'',1,300,,'',1,6900,4,'',1,100,,'',1,2000,,'',1,1000,4,'',1,5000,,'',1,1000,4,'',1,1000,,'',1,1000,4,'',1,1000,,'',1,1000,4,'',1,5000,,'',1,1000,4,'',1,1000,,'',1,1000,4,'',1,2000,4,'',1,7000,4,'',1,2700,4,'',1,300,,'',1,6500,4,'',1,500,,'',1,2500,4,'',1,500,,'',1,6500,4,'',1,500,,'',1,2500,4,'',1,500,,'',1,6500,4,'',1,500,,'',1,2500,4,'',1,500,,'',1,6300,4,'',1
'DX-517-Weekday-4-24-02-1101100',51701,74500,,'',1,500,,'',1,6300,4,'',1,500,4,'',1
'DX-517-Weekday-4-24-02-1111100',51701,52000,,'',1,2400,4,'',1,600,,'',1,6400,4,'',1,600,,'',1,2000,,'',1,700,4,'',1,5300,,'',1,800,4,'',1,1200,,'',1,800,4,'',1,1200,,'',1,800,4,'',1,5200,,'',1,800,4,'',1,1200,,'',1,800,4,'',1,2000,4,'',1,200,,'',1,6700,4,'',1,300,,'',1,2700,4,'',1,300,,'',1,6700,4,'',1,300,,'',1,2700,4,'',1,300,,'',1,6700,4,'',1,300,,'',1,2700,4,'',1,300,,'',1,6700,4,'',1,300,,'',1,2700,4,'',1,300,,'',1,6700,4,'',1,300,,'',1,2700,4,'',1,300,,'',1,6700,4,'',1,300,,'',1,2700,4,'',1,300,,'',1,6900,4,'',1,100,,'',1,2000,,'',1,1000,4,'',1,5000,,'',1,1000,4,'',1,1000,,'',1,1000,4,'',1,1000,,'',1,1000,4,'',1,5000,,'',1,1000,4,'',1,1000,,'',1,1000,4,'',1,2000,4,'',1,7000,4,'',1,2700,4,'',1,300,,'',1,6500,4,'',1,500,,'',1,2500,4,'',1,500,,'',1,6500,4,'',1,500,,'',1,2500,4,'',1,500,,'',1,6500,4,'',1,500,,'',1,2500,4,'',1,500,,'',1,6300,4,'',1
'DX-517-Weekday-6-24-02-1111100',51701,52000,,'',1,2400,4,'',1,600,,'',1,6400,4,'',1,600,,'',1,2000,,'',1,700,4,'',1,5300,,'',1,800,4,'',1,1200,,'',1,800,4,'',1,1200,,'',1,800,4,'',1,5200,,'',1,800,4,'',1,1200,,'',1,800,4,'',1,2000,4,'',1,200,,'',1,6700,4,'',1,300,,'',1,2700,4,'',1,300,,'',1,6700,4,'',1,300,,'',1,2700,4,'',1,300,,'',1,6700,4,'',1,300,,'',1,2700,4,'',1,300,,'',1,6700,4,'',1,300,,'',1,2700,4,'',1,300,,'',1,6700,4,'',1,300,,'',1,2700,4,'',1,300,,'',1,6700,4,'',1,300,,'',1,2700,4,'',1,300,,'',1,6900,4,'',1,100,,'',1,2000,,'',1,1000,4,'',1,5000,,'',1,1000,4,'',1,1000,,'',1,1000,4,'',1,1000,,'',1,1000,4,'',1,5000,,'',1,1000,4,'',1,1000,,'',1,1000,4,'',1,2000,4,'',1,7000,4,'',1,2700,4,'',1,300,,'',1,6500,4,'',1,500,,'',1,2500,4,'',1,500,,'',1,6500,4,'',1,500,,'',1,2500,4,'',1,500,,'',1,6500,4,'',1,500,,'',1,2500,4,'',1,500,,'',1,6300,4,'',1
'SA-517-Saturday-1-24-02-0000010',51701,75300,,'',1,6500,4,'',1,500,,'',1,2500,4,'',1,500,,'',1,6500,4,'',1,500,,'',1,2500,4,'',1,500,,'',1,6500,4,'',1,500,,'',1,2500,4,'',1,500,,'',1,6500,4,'',1,500,,'',1,2500,4,'',1,500,,'',1,6500,4,'',1,500,,'',1,2500,4,'',1,500,,'',1,6500,4,'',1,500,,'',1,2500,4,'',1,500,,'',1,6500,4,'',1,500,,'',1,2500,4,'',1,500,,'',1,6500,4,'',1,500,,'',1,2500,4,'',1,500,,'',1,6500,4,'',1,500,,'',1,2500,4,'',1,500,,'',1,6500,4,'',1,500,,'',1,2500,4,'',1,500,,'',1,6500,4,'',1,500,,'',1,2500,4,'',1,500,,'',1,6500,4,'',1
'SU-517-Sunday-1-24-02-0000001',51701,100000,,'',1,2500,4,'',1,500,,'',1,2500,4,'',1,4500,,'',1,2500,4,'',1,500,,'',1,2500,4,'',1,4500,,'',1,2500,4,'',1,500,,'',1,2500,4,'',1,4500,,'',1,2500,4,'',1,500,,'',1,2500,4,'',1,4500,,'',1,2500,4,'',1,500,,'',1,2500,4,'',1,4500,,'',1,2500,4,'',1,500,,'',1,2500,4,'',1,4500,,'',1,2500,4,'',1,500,,'',1,2500,4,'',1,4500,,'',1,2500,4,'',1,500,,'',1,2500,4,'',1,4500,,'',1,2500,4,'',1,500,,'',1,2500,4,'',1,4500,,'',1,2500,4,'',1
