'DX-500X-Weekday-1-23-09-1111100',24050000,63400,,'',1,7000,,'',1,3000,,'',1,7000,,'',1,3000,,'',1,7000,,'',1,2700,,'',1,7000,,'',1,3000,,'',1,7000,,'',1,3000,,'',1,7000,,'',1,3000,,'',1,7000,,'',1,3000,,'',1,7000,,'',1,3000,,'',1,1500,,'',1,5500,,'',1,1500,,'',1,1500,,'',1,1000,,'',1,1000,,'',1,5000,,'',1,1000,,'',1,1000,,'',1,1000,,'',1,1000,,'',1,1000,,'',1,5000,,'',1,1000,,'',1,1000,,'',1,1000,,'',1,1500,,'',1,5500,,'',1
'DX-500X-Weekday-1-23-09-1111100',24050001,63300,4,'',1,7000,4,'',1,1000,4,'',1,500,4,'',1,500,4,'',1,500,4,'',1,500,4,'',1,500,4,'',1,500,4,'',1,500,4,'',1,500,4,'',1,500,4,'',1,4500,4,'',1,600,4,'',1,600,4,'',1,600,4,'',1,600,4,'',1,600,4,'',1,600,4,'',1,600,4,'',1,600,4,'',1,600,4,'',1,4600,4,'',1,900,4,'',1,900,4,'',1,900,4,'',1,7000,4,'',1,3000,4,'',1,7000,4,'',1,3000,4,'',1,7000,4,'',1,3000,4,'',1,7000,4,'',1,3000,4,'',1,7000,4,'',1,3000,4,'',1,7000,4,'',1,3000,4,'',1,7000,4,'',1,3000,4,'',1,7000,4,'',1,3000,4,'',1,7000,4,'',1
'DX-500X-Weekday-2-23-09-1111100',24050000,63400,,'',1,7000,,'',1,3000,,'',1,7000,,'',1,3000,,'',1,7000,,'',1,2700,,'',1,7000,,'',1,3000,,'',1,7000,,'',1,3000,,'',1,7000,,'',1,3000,,'',1,7000,,'',1,3000,,'',1,7000,,'',1,3000,,'',1,1500,,'',1,5500,,'',1,1500,,'',1,1500,,'',1,1000,,'',1,1000,,'',1,5000,,'',1,1000,,'',1,1000,,'',1,1000,,'',1,1000,,'',1,1000,,'',1,5000,,'',1,1000,,'',1,1000,,'',1,1000,,'',1,1500,,'',1,5500,,'',1
'DX-500X-Weekday-2-23-09-1111100',24050001,63300,4,'',1,7000,4,'',1,1000,4,'',1,500,4,'',1,500,4,'',1,500,4,'',1,500,4,'',1,500,4,'',1,500,4,'',1,500,4,'',1,500,4,'',1,500,4,'',1,4500,4,'',1,600,4,'',1,600,4,'',1,600,4,'',1,600,4,'',1,600,4,'',1,600,4,'',1,600,4,'',1,600,4,'',1,600,4,'',1,4600,4,'',1,900,4,'',1,900,4,'',1,900,4,'',1,7000,4,'',1,3000,4,'',1,7000,4,'',1,3000,4,'',1,7000,4,'',1,3000,4,'',1,7000,4,'',1,3000,4,'',1,7000,4,'',1,3000,4,'',1,7000,4,'',1,3000,4,'',1,7000,4,'',1,3000,4,'',1,7000,4,'',1,3000,4,'',1,7000,4,'',1
'DX-500X-Weekday-3-23-09-1111100',24050000,63400,,'',1,7000,,'',1,3000,,'',1,7000,,'',1,3000,,'',1,7000,,'',1,2700,,'',1,7000,,'',1,3000,,'',1,7000,,'',1,3000,,'',1,7000,,'',1,3000,,'',1,7000,,'',1,3000,,'',1,7000,,'',1,3000,,'',1,1500,,'',1,5500,,'',1,1500,,'',1,1500,,'',1,1000,,'',1,1000,,'',1,5000,,'',1,1000,,'',1,1000,,'',1,1000,,'',1,1000,,'',1,1000,,'',1,5000,,'',1,1000,,'',1,1000,,'',1,1000,,'',1,1500,,'',1,5500,,'',1
'DX-500X-Weekday-3-23-09-1111100',24050001,63300,4,'',1,7000,4,'',1,1000,4,'',1,500,4,'',1,500,4,'',1,500,4,'',1,500,4,'',1,500,4,'',1,500,4,'',1,500,4,'',1,500,4,'',1,500,4,'',1,4500,4,'',1,600,4,'',1,600,4,'',1,600,4,'',1,600,4,'',1,600,4,'',1,600,4,'',1,600,4,'',1,600,4,'',1,600,4,'',1,4600,4,'',1,900,4,'',1,900,4,'',1,900,4,'',1,7000,4,'',1,3000,4,'',1,7000,4,'',1,3000,4,'',1,7000,4,'',1,3000,4,'',1,7000,4,'',1,3000,4,'',1,7000,4,'',1,3000,4,'',1,7000,4,'',1,3000,4,'',1,7000,4,'',1,3000,4,'',1,7000,4,'',1,3000,4,'',1,7000,4,'',1
'DX-500X-Weekday-4-23-09-1111100',24050000,63400,,'',1,7000,,'',1,3000,,'',1,7000,,'',1,3000,,'',1,7000,,'',1,2700,,'',1,7000,,'',1,3000,,'',1,7000,,'',1,3000,,'',1,7000,,'',1,3000,,'',1,7000,,'',1,3000,,'',1,7000,,'',1,3000,,'',1,1500,,'',1,5500,,'',1,1500,,'',1,1500,,'',1,1000,,'',1,1000,,'',1,5000,,'',1,1000,,'',1,1000,,'',1,1000,,'',1,1000,,'',1,1000,,'',1,5000,,'',1,1000,,'',1,1000,,'',1,1000,,'',1,1500,,'',1,5500,,'',1
'DX-500X-Weekday-4-23-09-1111100',24050001,63300,4,'',1,7000,4,'',1,1000,4,'',1,500,4,'',1,500,4,'',1,500,4,'',1,500,4,'',1,500,4,'',1,500,4,'',1,500,4,'',1,500,4,'',1,500,4,'',1,4500,4,'',1,600,4,'',1,600,4,'',1,600,4,'',1,600,4,'',1,600,4,'',1,600,4,'',1,600,4,'',1,600,4,'',1,600,4,'',1,4600,4,'',1,900,4,'',1,900,4,'',1,900,4,'',1,7000,4,'',1,3000,4,'',1,7000,4,'',1,3000,4,'',1,7000,4,'',1,3000,4,'',1,7000,4,'',1,3000,4,'',1,7000,4,'',1,3000,4,'',1,7000,4,'',1,3000,4,'',1,7000,4,'',1,3000,4,'',1,7000,4,'',1,3000,4,'',1,7000,4,'',1
'DX-500X-Weekday-5-23-09-1111100',24050000,63400,,'',1,7000,,'',1,3000,,'',1,7000,,'',1,3000,,'',1,7000,,'',1,2700,,'',1,7000,,'',1,3000,,'',1,7000,,'',1,3000,,'',1,7000,,'',1,3000,,'',1,7000,,'',1,3000,,'',1,7000,,'',1,3000,,'',1,1500,,'',1,5500,,'',1,1500,,'',1,1500,,'',1,1000,,'',1,1000,,'',1,5000,,'',1,1000,,'',1,1000,,'',1,1000,,'',1,1000,,'',1,1000,,'',1,5000,,'',1,1000,,'',1,1000,,'',1,1000,,'',1,1500,,'',1,5500,,'',1
'DX-500X-Weekday-5-23-09-1111100',24050001,63300,4,'',1,7000,4,'',1,1000,4,'',1,500,4,'',1,500,4,'',1,500,4,'',1,500,4,'',1,500,4,'',1,500,4,'',1,500,4,'',1,500,4,'',1,500,4,'',1,4500,4,'',1,600,4,'',1,600,4,'',1,600,4,'',1,600,4,'',1,600,4,'',1,600,4,'',1,600,4,'',1,600,4,'',1,600,4,'',1,4600,4,'',1,900,4,'',1,900,4,'',1,900,4,'',1,7000,4,'',1,3000,4,'',1,7000,4,'',1,3000,4,'',1,7000,4,'',1,3000,4,'',1,7000,4,'',1,3000,4,'',1,7000,4,'',1,3000,4,'',1,7000,4,'',1,3000,4,'',1,7000,4,'',1,3000,4,'',1,7000,4,'',1,3000,4,'',1,7000,4,'',1
'DX-500X-Weekday-6-23-09-1111100',24050000,63400,,'',1,7000,,'',1,3000,,'',1,7000,,'',1,3000,,'',1,7000,,'',1,2700,,'',1,7000,,'',1,3000,,'',1,7000,,'',1,3000,,'',1,7000,,'',1,3000,,'',1,7000,,'',1,3000,,'',1,7000,,'',1,3000,,'',1,1500,,'',1,5500,,'',1,1500,,'',1,1500,,'',1,1000,,'',1,1000,,'',1,5000,,'',1,1000,,'',1,1000,,'',1,1000,,'',1,1000,,'',1,1000,,'',1,5000,,'',1,1000,,'',1,1000,,'',1,1000,,'',1,1500,,'',1,5500,,'',1
'DX-500X-Weekday-6-23-09-1111100',24050001,63300,4,'',1,7000,4,'',1,1000,4,'',1,500,4,'',1,500,4,'',1,500,4,'',1,500,4,'',1,500,4,'',1,500,4,'',1,500,4,'',1,500,4,'',1,500,4,'',1,4500,4,'',1,600,4,'',1,600,4,'',1,600,4,'',1,600,4,'',1,600,4,'',1,600,4,'',1,600,4,'',1,600,4,'',1,600,4,'',1,4600,4,'',1,900,4,'',1,900,4,'',1,900,4,'',1,7000,4,'',1,3000,4,'',1,7000,4,'',1,3000,4,'',1,7000,4,'',1,3000,4,'',1,7000,4,'',1,3000,4,'',1,7000,4,'',1,3000,4,'',1,7000,4,'',1,3000,4,'',1,7000,4,'',1,3000,4,'',1,7000,4,'',1,3000,4,'',1,7000,4,'',1
'DX-500X-Weekday-7-23-09-1111100',24050000,63400,,'',1,7000,,'',1,3000,,'',1,7000,,'',1,3000,,'',1,7000,,'',1,2700,,'',1,7000,,'',1,3000,,'',1,7000,,'',1,3000,,'',1,7000,,'',1,3000,,'',1,7000,,'',1,3000,,'',1,7000,,'',1,3000,,'',1,1500,,'',1,5500,,'',1,1500,,'',1,1500,,'',1,1000,,'',1,1000,,'',1,5000,,'',1,1000,,'',1,1000,,'',1,1000,,'',1,1000,,'',1,1000,,'',1,5000,,'',1,1000,,'',1,1000,,'',1,1000,,'',1,1500,,'',1,5500,,'',1
'DX-500X-Weekday-7-23-09-1111100',24050001,63300,4,'',1,7000,4,'',1,1000,4,'',1,500,4,'',1,500,4,'',1,500,4,'',1,500,4,'',1,500,4,'',1,500,4,'',1,500,4,'',1,500,4,'',1,500,4,'',1,4500,4,'',1,600,4,'',1,600,4,'',1,600,4,'',1,600,4,'',1,600,4,'',1,600,4,'',1,600,4,'',1,600,4,'',1,600,4,'',1,4600,4,'',1,900,4,'',1,900,4,'',1,900,4,'',1,7000,4,'',1,3000,4,'',1,7000,4,'',1,3000,4,'',1,7000,4,'',1,3000,4,'',1,7000,4,'',1,3000,4,'',1,7000,4,'',1,3000,4,'',1,7000,4,'',1,3000,4,'',1,7000,4,'',1,3000,4,'',1,7000,4,'',1,3000,4,'',1,7000,4,'',1
