'DX-705-Weekday-1-23-02-1111100',70500,60500,,'',1,2500,,'',1,2000,,'',1,6000,,'',1,2000,,'',1,2000,,'',1,6000,,'',1,2000,,'',1,7000,,'',1,3000,,'',1,7000,,'',1,3000,,'',1,7000,,'',1,3000,,'',1,7000,,'',1,3000,,'',1,7000,,'',1,3000,,'',1,7000,,'',1,3000,,'',1,2000,,'',1,6000,,'',1,2000,,'',1,2000,,'',1,6000,,'',1,2000,,'',1,2000,,'',1,6000,,'',1,2500,,'',1,6500,,'',1,2500,,'',1,2700,,'',1,6900,,'',1,3000,,'',1,7000,,'',1,3000,,'',1,7000,,'',1,3000,,'',1,10000,,'',1
'DX-705-Weekday-1-23-02-1111100',70501,60300,4,'',1,3400,4,'',1,7000,4,'',1,2000,4,'',1,2000,4,'',1,6000,4,'',1,2000,4,'',1,2000,4,'',1,6000,4,'',1,2100,4,'',1,3000,4,'',1,7000,4,'',1,3000,4,'',1,7000,4,'',1,3000,4,'',1,7000,4,'',1,3000,4,'',1,7000,4,'',1,3000,4,'',1,7000,4,'',1,3000,4,'',1,7000,4,'',1,2000,4,'',1,6000,4,'',1,2000,4,'',1,2000,4,'',1,6000,4,'',1,2500,4,'',1,2500,4,'',1,6500,4,'',1,2800,4,'',1,6900,4,'',1,3000,4,'',1,7000,4,'',1,3000,4,'',1,7000,4,'',1,3000,4,'',1,7100,4,'',1,3000,4,'',1,10000,4,'',1
'DX-705-Weekday-1-23-04-1111100',70500,60500,,'',1,2500,,'',1,2000,,'',1,6000,,'',1,2000,,'',1,2000,,'',1,6000,,'',1,2000,,'',1,7000,,'',1,3000,,'',1,7000,,'',1,3000,,'',1,7000,,'',1,3000,,'',1,7000,,'',1,3000,,'',1,7000,,'',1,3000,,'',1,7000,,'',1,3000,,'',1,2000,,'',1,6000,,'',1,2000,,'',1,2000,,'',1,6000,,'',1,2000,,'',1,2000,,'',1,6000,,'',1,2500,,'',1,6500,,'',1,2500,,'',1,2700,,'',1,6900,,'',1,3000,,'',1,7000,,'',1,3000,,'',1,7000,,'',1,3000,,'',1,10000,,'',1
'DX-705-Weekday-1-23-04-1111100',70501,60300,4,'',1,3400,4,'',1,7000,4,'',1,2000,4,'',1,2000,4,'',1,6000,4,'',1,2000,4,'',1,2000,4,'',1,6000,4,'',1,2100,4,'',1,3000,4,'',1,7000,4,'',1,3000,4,'',1,7000,4,'',1,3000,4,'',1,7000,4,'',1,3000,4,'',1,7000,4,'',1,3000,4,'',1,7000,4,'',1,3000,4,'',1,7000,4,'',1,2000,4,'',1,6000,4,'',1,2000,4,'',1,2000,4,'',1,6000,4,'',1,2500,4,'',1,2500,4,'',1,6500,4,'',1,2800,4,'',1,6900,4,'',1,3000,4,'',1,7000,4,'',1,3000,4,'',1,7000,4,'',1,3000,4,'',1,7100,4,'',1,3000,4,'',1,10000,4,'',1
'DX-705-Weekday-2-23-04-1111100',70500,60500,,'',1,2500,,'',1,2000,,'',1,6000,,'',1,2000,,'',1,2000,,'',1,6000,,'',1,2000,,'',1,7000,,'',1,3000,,'',1,7000,,'',1,3000,,'',1,7000,,'',1,3000,,'',1,7000,,'',1,3000,,'',1,7000,,'',1,3000,,'',1,7000,,'',1,3000,,'',1,2000,,'',1,6000,,'',1,2000,,'',1,2000,,'',1,6000,,'',1,2000,,'',1,2000,,'',1,6000,,'',1,2500,,'',1,6500,,'',1,2500,,'',1,2700,,'',1,6900,,'',1,3000,,'',1,7000,,'',1,3000,,'',1,7000,,'',1,3000,,'',1,10000,,'',1
'DX-705-Weekday-2-23-04-1111100',70501,60300,4,'',1,3400,4,'',1,7000,4,'',1,2000,4,'',1,2000,4,'',1,6000,4,'',1,2000,4,'',1,2000,4,'',1,6000,4,'',1,2100,4,'',1,3000,4,'',1,7000,4,'',1,3000,4,'',1,7000,4,'',1,3000,4,'',1,7000,4,'',1,3000,4,'',1,7000,4,'',1,3000,4,'',1,7000,4,'',1,3000,4,'',1,7000,4,'',1,2000,4,'',1,6000,4,'',1,2000,4,'',1,2000,4,'',1,6000,4,'',1,2500,4,'',1,2500,4,'',1,6500,4,'',1,2800,4,'',1,6900,4,'',1,3000,4,'',1,7000,4,'',1,3000,4,'',1,7000,4,'',1,3000,4,'',1,7100,4,'',1,3000,4,'',1,10000,4,'',1
'DX-705-Weekday-3-23-04-1111100',70500,60500,,'',1,2500,,'',1,2000,,'',1,6000,,'',1,2000,,'',1,2000,,'',1,6000,,'',1,2000,,'',1,7000,,'',1,3000,,'',1,7000,,'',1,3000,,'',1,7000,,'',1,3000,,'',1,7000,,'',1,3000,,'',1,7000,,'',1,3000,,'',1,7000,,'',1,3000,,'',1,2000,,'',1,6000,,'',1,2000,,'',1,2000,,'',1,6000,,'',1,2000,,'',1,2000,,'',1,6000,,'',1,2500,,'',1,6500,,'',1,2500,,'',1,2700,,'',1,6900,,'',1,3000,,'',1,7000,,'',1,3000,,'',1,7000,,'',1,3000,,'',1,10000,,'',1
'DX-705-Weekday-3-23-04-1111100',70501,60300,4,'',1,3400,4,'',1,7000,4,'',1,2000,4,'',1,2000,4,'',1,6000,4,'',1,2000,4,'',1,2000,4,'',1,6000,4,'',1,2100,4,'',1,3000,4,'',1,7000,4,'',1,3000,4,'',1,7000,4,'',1,3000,4,'',1,7000,4,'',1,3000,4,'',1,7000,4,'',1,3000,4,'',1,7000,4,'',1,3000,4,'',1,7000,4,'',1,2000,4,'',1,6000,4,'',1,2000,4,'',1,2000,4,'',1,6000,4,'',1,2500,4,'',1,2500,4,'',1,6500,4,'',1,2800,4,'',1,6900,4,'',1,3000,4,'',1,7000,4,'',1,3000,4,'',1,7000,4,'',1,3000,4,'',1,7100,4,'',1,3000,4,'',1,10000,4,'',1
'DX-705-Weekday-4-23-02-1111100',70500,60500,,'',1,2500,,'',1,2000,,'',1,6000,,'',1,2000,,'',1,2000,,'',1,6000,,'',1,2000,,'',1,7000,,'',1,3000,,'',1,7000,,'',1,3000,,'',1,7000,,'',1,3000,,'',1,7000,,'',1,3000,,'',1,7000,,'',1,3000,,'',1,7000,,'',1,3000,,'',1,2000,,'',1,6000,,'',1,2000,,'',1,2000,,'',1,6000,,'',1,2000,,'',1,2000,,'',1,6000,,'',1,2500,,'',1,6500,,'',1,2500,,'',1,2700,,'',1,6900,,'',1,3000,,'',1,7000,,'',1,3000,,'',1,7000,,'',1,3000,,'',1,10000,,'',1
'DX-705-Weekday-4-23-02-1111100',70501,60300,4,'',1,3400,4,'',1,7000,4,'',1,2000,4,'',1,2000,4,'',1,6000,4,'',1,2000,4,'',1,2000,4,'',1,6000,4,'',1,2100,4,'',1,3000,4,'',1,7000,4,'',1,3000,4,'',1,7000,4,'',1,3000,4,'',1,7000,4,'',1,3000,4,'',1,7000,4,'',1,3000,4,'',1,7000,4,'',1,3000,4,'',1,7000,4,'',1,2000,4,'',1,6000,4,'',1,2000,4,'',1,2000,4,'',1,6000,4,'',1,2500,4,'',1,2500,4,'',1,6500,4,'',1,2800,4,'',1,6900,4,'',1,3000,4,'',1,7000,4,'',1,3000,4,'',1,7000,4,'',1,3000,4,'',1,7100,4,'',1,3000,4,'',1,10000,4,'',1
'SA-705-Saturday-1-23-02-0000010',70500,63400,,'',1,10000,,'',1,7000,,'',1,3000,,'',1,7000,,'',1,3000,,'',1,7000,,'',1,3000,,'',1,7000,,'',1,3000,,'',1,7000,,'',1,3000,,'',1,7000,,'',1,3000,,'',1,7000,,'',1,3000,,'',1,7000,,'',1,3000,,'',1,7000,,'',1,3000,,'',1,7000,,'',1,3000,,'',1,7000,,'',1,3000,,'',1,10000,,'',1,10000,,'',1,10000,,'',1,10000,,'',1
'SA-705-Saturday-1-23-02-0000010',70501,63000,4,'',1,10000,4,'',1,10000,4,'',1,7000,4,'',1,3200,4,'',1,7000,4,'',1,3000,4,'',1,7000,4,'',1,3000,4,'',1,7000,4,'',1,3000,4,'',1,7000,4,'',1,3000,4,'',1,7000,4,'',1,3000,4,'',1,7000,4,'',1,3000,4,'',1,7000,4,'',1,3000,4,'',1,7000,4,'',1,3000,4,'',1,7000,4,'',1,3000,4,'',1,7000,4,'',1,3000,4,'',1,10000,4,'',1,10000,4,'',1,10000,4,'',1,10000,4,'',1
'SA-705-Saturday-1-23-04-0000010',70500,63400,,'',1,10000,,'',1,7000,,'',1,3000,,'',1,7000,,'',1,3000,,'',1,7000,,'',1,3000,,'',1,7000,,'',1,3000,,'',1,7000,,'',1,3000,,'',1,7000,,'',1,3000,,'',1,7000,,'',1,3000,,'',1,7000,,'',1,3000,,'',1,7000,,'',1,3000,,'',1,7000,,'',1,3000,,'',1,7000,,'',1,3000,,'',1,10000,,'',1,10000,,'',1,10000,,'',1,10000,,'',1
'SA-705-Saturday-1-23-04-0000010',70501,63000,4,'',1,10000,4,'',1,10000,4,'',1,7000,4,'',1,3200,4,'',1,7000,4,'',1,3000,4,'',1,7000,4,'',1,3000,4,'',1,7000,4,'',1,3000,4,'',1,7000,4,'',1,3000,4,'',1,7000,4,'',1,3000,4,'',1,7000,4,'',1,3000,4,'',1,7000,4,'',1,3000,4,'',1,7000,4,'',1,3000,4,'',1,7000,4,'',1,3000,4,'',1,7000,4,'',1,3000,4,'',1,10000,4,'',1,10000,4,'',1,10000,4,'',1,10000,4,'',1
'SU-705-Sunday-1-23-02-0000001',70500,75100,,'',1,10000,,'',1,10000,,'',1,7000,,'',1,3000,,'',1,7000,,'',1,3000,,'',1,7000,,'',1,3000,,'',1,7000,,'',1,3000,,'',1,7000,,'',1,3000,,'',1,7000,,'',1,3000,,'',1,7000,,'',1,3000,,'',1,7000,,'',1,3000,,'',1,7000,,'',1,3000,,'',1,10000,,'',1,10000,,'',1,10000,,'',1
'SU-705-Sunday-1-23-02-0000001',70501,82600,4,'',1,10200,4,'',1,10000,4,'',1,3000,4,'',1,7000,4,'',1,3000,4,'',1,7000,4,'',1,3000,4,'',1,7000,4,'',1,3000,4,'',1,7000,4,'',1,3000,4,'',1,7000,4,'',1,3000,4,'',1,7000,4,'',1,3000,4,'',1,6800,4,'',1,3000,4,'',1,7000,4,'',1,3000,4,'',1,7000,4,'',1,10000,4,'',1,10000,4,'',1,10000,4,'',1
'SU-705-Sunday-1-23-04-0000001',70500,75100,,'',1,10000,,'',1,10000,,'',1,7000,,'',1,3000,,'',1,7000,,'',1,3000,,'',1,7000,,'',1,3000,,'',1,7000,,'',1,3000,,'',1,7000,,'',1,3000,,'',1,7000,,'',1,3000,,'',1,7000,,'',1,3000,,'',1,7000,,'',1,3000,,'',1,7000,,'',1,3000,,'',1,10000,,'',1,10000,,'',1,10000,,'',1
'SU-705-Sunday-1-23-04-0000001',70501,82600,4,'',1,10200,4,'',1,10000,4,'',1,3000,4,'',1,7000,4,'',1,3000,4,'',1,7000,4,'',1,3000,4,'',1,7000,4,'',1,3000,4,'',1,7000,4,'',1,3000,4,'',1,7000,4,'',1,3000,4,'',1,7000,4,'',1,3000,4,'',1,6800,4,'',1,3000,4,'',1,7000,4,'',1,3000,4,'',1,7000,4,'',1,10000,4,'',1,10000,4,'',1,10000,4,'',1
'SU-705-Sunday-2-23-04-0000001',70500,75100,,'',1,10000,,'',1,10000,,'',1,7000,,'',1,3000,,'',1,7000,,'',1,3000,,'',1,7000,,'',1,3000,,'',1,7000,,'',1,3000,,'',1,7000,,'',1,3000,,'',1,7000,,'',1,3000,,'',1,7000,,'',1,3000,,'',1,7000,,'',1,3000,,'',1,7000,,'',1,3000,,'',1,10000,,'',1,10000,,'',1,10000,,'',1,10000,,'',1,10000,,'',1,10000,,'',1
'SU-705-Sunday-2-23-04-0000001',70501,82600,4,'',1,10200,4,'',1,10000,4,'',1,3000,4,'',1,7000,4,'',1,3000,4,'',1,7000,4,'',1,3000,4,'',1,7000,4,'',1,3000,4,'',1,7000,4,'',1,3000,4,'',1,7000,4,'',1,3000,4,'',1,7000,4,'',1,3000,4,'',1,6800,4,'',1,3000,4,'',1,7000,4,'',1,3000,4,'',1,7000,4,'',1,10000,4,'',1,10000,4,'',1,10000,4,'',1,10000,4,'',1,10000,4,'',1,10000,4,'',1
'DX-712-Weekday-1-23-02-0001000',71200,123500,,'',1,1800,4,'',1
'DX-712-Weekday-1-23-02-1110100',71200,151700,,'',1,1900,4,'',1
'DX-712-Weekday-1-23-02-1111100',71200,55500,,'',1,5700,4,'',1,1300,,'',1,1800,4,'',1,200,,'',1,5900,4,'',1,100,,'',1,1900,4,'',1,100,,'',1,1100,,'',1,800,4,'',1,100,,'',1,1000,4,'',1,4700,,'',1,200,4,'',1,100,,'',1,1600,4,'',1,300,4,'',1,100,,'',1,1900,4,'',1,1100,,'',1,5800,4,'',1,1200,,'',1,1800,4,'',1,1200,,'',1,5800,4,'',1,1200,,'',1,1800,4,'',1,1200,,'',1,5800,4,'',1,1200,,'',1,1800,4,'',1,1200,,'',1,5800,4,'',1,1200,,'',1,1800,4,'',1,1200,,'',1,5800,4,'',1,1200,,'',1,1800,4,'',1,1200,,'',1,5800,4,'',1,1200,,'',1,1800,4,'',1,1200,,'',1,5700,,'',1,200,4,'',1,1100,,'',1,600,4,'',1,1300,4,'',1,100,,'',1,5900,4,'',1,100,,'',1,1900,4,'',1,100,,'',1,1900,4,'',1,100,,'',1,5900,4,'',1,100,,'',1,1900,4,'',1,100,,'',1,1900,4,'',1,100,,'',1,5900,4,'',1,100,,'',1,1900,4,'',1,1100,,'',1,1700,4,'',1,5300,,'',1,1700,4,'',1,1300,,'',1,1700,4,'',1,5300,,'',1,1700,4,'',1,1300,,'',1,1700,4,'',1,5300,,'',1,1700,4,'',1,1300,,'',1,1700,4,'',1
'DX-712-Weekday-1-23-04-0001000',71200,123500,,'',1,1800,4,'',1
'DX-712-Weekday-1-23-04-1110100',71200,151700,,'',1,1900,4,'',1
'DX-712-Weekday-1-23-04-1111100',71200,55500,,'',1,5700,4,'',1,1300,,'',1,1800,4,'',1,200,,'',1,5900,4,'',1,100,,'',1,1900,4,'',1,100,,'',1,1100,,'',1,800,4,'',1,100,,'',1,1000,4,'',1,4700,,'',1,200,4,'',1,100,,'',1,1600,4,'',1,300,4,'',1,100,,'',1,1900,4,'',1,1100,,'',1,5800,4,'',1,1200,,'',1,1800,4,'',1,1200,,'',1,5800,4,'',1,1200,,'',1,1800,4,'',1,1200,,'',1,5800,4,'',1,1200,,'',1,1800,4,'',1,1200,,'',1,5800,4,'',1,1200,,'',1,1800,4,'',1,1200,,'',1,5800,4,'',1,1200,,'',1,1800,4,'',1,1200,,'',1,5800,4,'',1,1200,,'',1,1800,4,'',1,1200,,'',1,5700,,'',1,200,4,'',1,1100,,'',1,600,4,'',1,1300,4,'',1,100,,'',1,5900,4,'',1,100,,'',1,1900,4,'',1,100,,'',1,1900,4,'',1,100,,'',1,5900,4,'',1,100,,'',1,1900,4,'',1,100,,'',1,1900,4,'',1,100,,'',1,5900,4,'',1,100,,'',1,1900,4,'',1,1100,,'',1,1700,4,'',1,5300,,'',1,1700,4,'',1,1300,,'',1,1700,4,'',1,5300,,'',1,1700,4,'',1,1300,,'',1,1700,4,'',1,5300,,'',1,1700,4,'',1,1300,,'',1,1700,4,'',1
'DX-712-Weekday-2-23-04-1110100',71200,151700,,'',1,1900,4,'',1
'DX-712-Weekday-2-23-04-1111100',71200,55500,,'',1,5700,4,'',1,1300,,'',1,1800,4,'',1,200,,'',1,5900,4,'',1,100,,'',1,1900,4,'',1,100,,'',1,1100,,'',1,800,4,'',1,100,,'',1,1000,4,'',1,4900,4,'',1,100,,'',1,1900,4,'',1,100,,'',1,1900,4,'',1,1100,,'',1,5800,4,'',1,1200,,'',1,1800,4,'',1,1200,,'',1,5800,4,'',1,1200,,'',1,1800,4,'',1,1200,,'',1,5800,4,'',1,1200,,'',1,1800,4,'',1,1200,,'',1,5800,4,'',1,1200,,'',1,1800,4,'',1,1200,,'',1,5800,4,'',1,1200,,'',1,1800,4,'',1,1200,,'',1,5800,4,'',1,1200,,'',1,1800,4,'',1,1200,,'',1,5900,4,'',1,1100,,'',1,1900,4,'',1,100,,'',1,5900,4,'',1,100,,'',1,1900,4,'',1,100,,'',1,1900,4,'',1,100,,'',1,5900,4,'',1,100,,'',1,1900,4,'',1,100,,'',1,1900,4,'',1,100,,'',1,5900,4,'',1,100,,'',1,1900,4,'',1,1100,,'',1,1700,4,'',1,5300,,'',1,1700,4,'',1,1300,,'',1,1700,4,'',1,5300,,'',1,1700,4,'',1,1300,,'',1,1700,4,'',1,5300,,'',1,1700,4,'',1,1300,,'',1,1700,4,'',1
'DX-712-Weekday-3-23-04-1111100',71200,55500,,'',1,5700,4,'',1,1300,,'',1,1800,4,'',1,200,,'',1,5900,4,'',1,100,,'',1,1900,4,'',1,100,,'',1,1900,4,'',1,100,,'',1,5900,4,'',1,100,,'',1,1900,4,'',1,100,,'',1,1900,4,'',1,1100,,'',1,5800,4,'',1,1200,,'',1,1800,4,'',1,1200,,'',1,5800,4,'',1,1200,,'',1,1800,4,'',1,1200,,'',1,5800,4,'',1,1200,,'',1,1800,4,'',1,1200,,'',1,5800,4,'',1,1200,,'',1,1800,4,'',1,1200,,'',1,5800,4,'',1,1200,,'',1,1800,4,'',1,1200,,'',1,5800,4,'',1,1200,,'',1,1800,4,'',1,1200,,'',1,5900,4,'',1,1100,,'',1,1900,4,'',1,100,,'',1,5900,4,'',1,100,,'',1,1900,4,'',1,100,,'',1,1900,4,'',1,100,,'',1,5900,4,'',1,100,,'',1,1900,4,'',1,100,,'',1,1900,4,'',1,100,,'',1,5900,4,'',1,100,,'',1,1900,4,'',1,1100,,'',1,1700,4,'',1,5300,,'',1,1700,4,'',1,1300,,'',1,1700,4,'',1,5300,,'',1,1700,4,'',1,1300,,'',1,1700,4,'',1,5300,,'',1,1700,4,'',1,1300,,'',1,1700,4,'',1
'DX-712-Weekday-5-23-02-1110100',71200,151700,,'',1,1900,4,'',1
'DX-712-Weekday-5-23-02-1111100',71200,55500,,'',1,5700,4,'',1,1300,,'',1,1800,4,'',1,200,,'',1,5900,4,'',1,100,,'',1,1900,4,'',1,100,,'',1,1100,,'',1,800,4,'',1,100,,'',1,1000,4,'',1,4900,4,'',1,100,,'',1,1900,4,'',1,100,,'',1,1900,4,'',1,1100,,'',1,5800,4,'',1,1200,,'',1,1800,4,'',1,1200,,'',1,5800,4,'',1,1200,,'',1,1800,4,'',1,1200,,'',1,5800,4,'',1,1200,,'',1,1800,4,'',1,1200,,'',1,5800,4,'',1,1200,,'',1,1800,4,'',1,1200,,'',1,5800,4,'',1,1200,,'',1,1800,4,'',1,1200,,'',1,5800,4,'',1,1200,,'',1,1800,4,'',1,1200,,'',1,5900,4,'',1,1100,,'',1,1900,4,'',1,100,,'',1,5900,4,'',1,100,,'',1,1900,4,'',1,100,,'',1,1900,4,'',1,100,,'',1,5900,4,'',1,100,,'',1,1900,4,'',1,100,,'',1,1900,4,'',1,100,,'',1,5900,4,'',1,100,,'',1,1900,4,'',1,1100,,'',1,1700,4,'',1,5300,,'',1,1700,4,'',1,1300,,'',1,1700,4,'',1,5300,,'',1,1700,4,'',1,1300,,'',1,1700,4,'',1,5300,,'',1,1700,4,'',1,1300,,'',1,1700,4,'',1
'SA-712-Saturday-1-23-02-0000010',71200,80000,,'',1,1600,4,'',1,1400,,'',1,1600,4,'',1,5400,,'',1,1800,4,'',1,1200,,'',1,1800,4,'',1,5200,,'',1,1800,4,'',1,1200,,'',1,1800,4,'',1,5200,,'',1,1800,4,'',1,1200,,'',1,1800,4,'',1,5200,,'',1,1800,4,'',1,1200,,'',1,1800,4,'',1,5200,,'',1,1800,4,'',1,1200,,'',1,1800,4,'',1,5200,,'',1,1800,4,'',1,1200,,'',1,1800,4,'',1,5200,,'',1,1800,4,'',1,1200,,'',1,1800,4,'',1,5200,,'',1,1800,4,'',1,1200,,'',1,1800,4,'',1,5200,,'',1,1600,4,'',1,1400,,'',1,1600,4,'',1,5400,,'',1,1600,4,'',1,1400,,'',1,1600,4,'',1,5400,,'',1,1600,4,'',1
'SA-712-Saturday-1-23-04-0000010',71200,80000,,'',1,1600,4,'',1,1400,,'',1,1600,4,'',1,5400,,'',1,1800,4,'',1,1200,,'',1,1800,4,'',1,5200,,'',1,1800,4,'',1,1200,,'',1,1800,4,'',1,5200,,'',1,1800,4,'',1,1200,,'',1,1800,4,'',1,5200,,'',1,1800,4,'',1,1200,,'',1,1800,4,'',1,5200,,'',1,1800,4,'',1,1200,,'',1,1800,4,'',1,5200,,'',1,1800,4,'',1,1200,,'',1,1800,4,'',1,5200,,'',1,1800,4,'',1,1200,,'',1,1800,4,'',1,5200,,'',1,1800,4,'',1,1200,,'',1,1800,4,'',1,5200,,'',1,1600,4,'',1,1400,,'',1,1600,4,'',1,5400,,'',1,1600,4,'',1,1400,,'',1,1600,4,'',1,5400,,'',1,1600,4,'',1
'SU-712-Sunday-1-23-02-0000001',71200,90000,,'',1,1700,4,'',1,1300,,'',1,1700,4,'',1,5300,,'',1,1700,4,'',1,1300,,'',1,1700,4,'',1,5300,,'',1,1700,4,'',1,1300,,'',1,1700,4,'',1,5300,,'',1,1700,4,'',1,1300,,'',1,1700,4,'',1,5300,,'',1,1700,4,'',1,1300,,'',1,1700,4,'',1,5300,,'',1,1700,4,'',1,1300,,'',1,1700,4,'',1,5300,,'',1,1700,4,'',1,1300,,'',1,1700,4,'',1,5300,,'',1,1700,4,'',1,1300,,'',1,1700,4,'',1,5300,,'',1,1600,4,'',1,1400,,'',1,1600,4,'',1,5400,,'',1,1600,4,'',1,1400,,'',1,1600,4,'',1
'SU-712-Sunday-1-23-04-0000001',71200,90000,,'',1,1700,4,'',1,1300,,'',1,1700,4,'',1,5300,,'',1,1700,4,'',1,1300,,'',1,1700,4,'',1,5300,,'',1,1700,4,'',1,1300,,'',1,1700,4,'',1,5300,,'',1,1700,4,'',1,1300,,'',1,1700,4,'',1,5300,,'',1,1700,4,'',1,1300,,'',1,1700,4,'',1,5300,,'',1,1700,4,'',1,1300,,'',1,1700,4,'',1,5300,,'',1,1700,4,'',1,1300,,'',1,1700,4,'',1,5300,,'',1,1700,4,'',1,1300,,'',1,1700,4,'',1,5300,,'',1,1600,4,'',1,1400,,'',1,1600,4,'',1,5400,,'',1,1600,4,'',1,1400,,'',1,1600,4,'',1
