'DX-702-Weekday-1-23-04-1111100',70200,53100,,'',1,7000,,'',1,2900,,'',1,1200,,'',1,1200,,'',1,5200,,'',1,1200,,'',1,1200,,'',1,1200,,'',1,1200,,'',1,5200,,'',1,1200,,'',1,1700,,'',1,2000,,'',1,6000,,'',1,2000,,'',1,2000,,'',1,6000,,'',1,2000,,'',1,2000,,'',1,6000,,'',1,2000,,'',1,2000,,'',1,6000,,'',1,2000,,'',1,2000,,'',1,6000,,'',1,2000,,'',1,2000,,'',1,6000,,'',1,2000,,'',1,2000,,'',1,5200,,'',1,1200,,'',1,1200,,'',1,1200,,'',1,1200,,'',1,5200,,'',1,1200,,'',1,1200,,'',1,1200,,'',1,1200,,'',1,5200,,'',1,1200,,'',1,1200,,'',1,1200,,'',1,5800,,'',1,3000,,'',1,7000,,'',1,3000,,'',1,7000,,'',1,3000,,'',1,7000,,'',1,3000,,'',1,7000,,'',1
'DX-702-Weekday-1-23-04-1111100',70201,60100,4,'',1,3000,4,'',1,2700,4,'',1,5300,4,'',1,1200,4,'',1,1200,4,'',1,1200,4,'',1,1200,4,'',1,5200,4,'',1,1200,4,'',1,1200,4,'',1,1200,4,'',1,1200,4,'',1,5600,4,'',1,1800,4,'',1,1900,4,'',1,6000,4,'',1,2000,4,'',1,2000,4,'',1,6000,4,'',1,2000,4,'',1,2000,4,'',1,6000,4,'',1,2000,4,'',1,2000,4,'',1,6000,4,'',1,2000,4,'',1,2000,4,'',1,6000,4,'',1,2000,4,'',1,2000,4,'',1,5900,4,'',1,2000,4,'',1,1300,4,'',1,1200,4,'',1,5200,4,'',1,1200,4,'',1,1200,4,'',1,1200,4,'',1,1200,4,'',1,5200,4,'',1,1200,4,'',1,1200,4,'',1,1200,4,'',1,1200,4,'',1,5200,4,'',1,1200,4,'',1,1700,4,'',1,6700,4,'',1,3000,4,'',1,7000,4,'',1,3000,4,'',1,7000,4,'',1,3000,4,'',1,7000,4,'',1
'DX-702-Weekday-2-23-04-1111100',70200,53100,,'',1,7000,,'',1,2900,,'',1,1200,,'',1,1200,,'',1,5200,,'',1,1200,,'',1,1200,,'',1,1200,,'',1,1200,,'',1,5200,,'',1,1200,,'',1,1700,,'',1,2000,,'',1,6000,,'',1,2000,,'',1,2000,,'',1,6000,,'',1,2000,,'',1,2000,,'',1,6000,,'',1,2000,,'',1,2000,,'',1,6000,,'',1,2000,,'',1,2000,,'',1,6000,,'',1,2000,,'',1,2000,,'',1,6000,,'',1,2000,,'',1,2000,,'',1,5200,,'',1,1200,,'',1,1200,,'',1,1200,,'',1,1200,,'',1,5200,,'',1,1200,,'',1,1200,,'',1,1200,,'',1,1200,,'',1,5200,,'',1,1200,,'',1,1200,,'',1,1200,,'',1,5800,,'',1,3000,,'',1,7000,,'',1,3000,,'',1,7000,,'',1,3000,,'',1,7000,,'',1,3000,,'',1,7000,,'',1
'DX-702-Weekday-2-23-04-1111100',70201,60100,4,'',1,3000,4,'',1,2700,4,'',1,5300,4,'',1,1200,4,'',1,1200,4,'',1,1200,4,'',1,1200,4,'',1,5200,4,'',1,1200,4,'',1,1200,4,'',1,1200,4,'',1,1200,4,'',1,5600,4,'',1,1800,4,'',1,1900,4,'',1,6000,4,'',1,2000,4,'',1,2000,4,'',1,6000,4,'',1,2000,4,'',1,2000,4,'',1,6000,4,'',1,2000,4,'',1,2000,4,'',1,6000,4,'',1,2000,4,'',1,2000,4,'',1,6000,4,'',1,2000,4,'',1,2000,4,'',1,5900,4,'',1,2000,4,'',1,1300,4,'',1,1200,4,'',1,5200,4,'',1,1200,4,'',1,1200,4,'',1,1200,4,'',1,1200,4,'',1,5200,4,'',1,1200,4,'',1,1200,4,'',1,1200,4,'',1,1200,4,'',1,5200,4,'',1,1200,4,'',1,1700,4,'',1,6700,4,'',1,3000,4,'',1,7000,4,'',1,3000,4,'',1,7000,4,'',1,3000,4,'',1,7000,4,'',1
'DX-702-Weekday-3-23-04-1111100',70200,53100,,'',1,7000,,'',1,2900,,'',1,1200,,'',1,1200,,'',1,5200,,'',1,1200,,'',1,1200,,'',1,1200,,'',1,1200,,'',1,5200,,'',1,1200,,'',1,1700,,'',1,2000,,'',1,6000,,'',1,2000,,'',1,2000,,'',1,6000,,'',1,2000,,'',1,2000,,'',1,6000,,'',1,2000,,'',1,2000,,'',1,6000,,'',1,2000,,'',1,2000,,'',1,6000,,'',1,2000,,'',1,2000,,'',1,6000,,'',1,2000,,'',1,2000,,'',1,5200,,'',1,1200,,'',1,1200,,'',1,1200,,'',1,1200,,'',1,5200,,'',1,1200,,'',1,1200,,'',1,1200,,'',1,1200,,'',1,5200,,'',1,1200,,'',1,1200,,'',1,1200,,'',1,5800,,'',1,3000,,'',1,7000,,'',1,3000,,'',1,7000,,'',1,3000,,'',1,7000,,'',1,3000,,'',1,7000,,'',1
'DX-702-Weekday-3-23-04-1111100',70201,60100,4,'',1,3000,4,'',1,2700,4,'',1,5300,4,'',1,1200,4,'',1,1200,4,'',1,1200,4,'',1,1200,4,'',1,5200,4,'',1,1200,4,'',1,1200,4,'',1,1200,4,'',1,1200,4,'',1,5600,4,'',1,1800,4,'',1,1900,4,'',1,6000,4,'',1,2000,4,'',1,2000,4,'',1,6000,4,'',1,2000,4,'',1,2000,4,'',1,6000,4,'',1,2000,4,'',1,2000,4,'',1,6000,4,'',1,2000,4,'',1,2000,4,'',1,6000,4,'',1,2000,4,'',1,2000,4,'',1,5900,4,'',1,2000,4,'',1,1300,4,'',1,1200,4,'',1,5200,4,'',1,1200,4,'',1,1200,4,'',1,1200,4,'',1,1200,4,'',1,5200,4,'',1,1200,4,'',1,1200,4,'',1,1200,4,'',1,1200,4,'',1,5200,4,'',1,1200,4,'',1,1700,4,'',1,6700,4,'',1,3000,4,'',1,7000,4,'',1,3000,4,'',1,7000,4,'',1,3000,4,'',1,7000,4,'',1
'SA-702-Saturday-1-23-04-0000010',70200,75400,,'',1,7000,,'',1,3000,,'',1,7000,,'',1,3000,,'',1,7000,,'',1,3000,,'',1,7000,,'',1,3000,,'',1,7000,,'',1,3000,,'',1,7000,,'',1,3000,,'',1,7000,,'',1,3000,,'',1,7000,,'',1,3000,,'',1,7000,,'',1,3000,,'',1,7000,,'',1,3000,,'',1,7000,,'',1,3000,,'',1,7000,,'',1,3000,,'',1,7000,,'',1
'SA-702-Saturday-1-23-04-0000010',70201,72600,4,'',1,10000,4,'',1,3000,4,'',1,7100,4,'',1,3100,4,'',1,7000,4,'',1,3000,4,'',1,7000,4,'',1,3000,4,'',1,7000,4,'',1,3000,4,'',1,7000,4,'',1,3000,4,'',1,7000,4,'',1,3000,4,'',1,7000,4,'',1,3000,4,'',1,7000,4,'',1,3000,4,'',1,6900,4,'',1,3000,4,'',1,7000,4,'',1,3000,4,'',1,7000,4,'',1,3000,4,'',1,7000,4,'',1
'SU-702-Sunday-1-23-04-0000001',70200,85300,,'',1,10000,,'',1,7000,,'',1,3000,,'',1,7000,,'',1,3000,,'',1,7000,,'',1,3000,,'',1,7000,,'',1,3000,,'',1,7000,,'',1,3000,,'',1,7000,,'',1,3000,,'',1,7000,,'',1,3000,,'',1,7000,,'',1,3000,,'',1,7000,,'',1
'SU-702-Sunday-1-23-04-0000001',70201,92700,4,'',1,10000,4,'',1,3000,4,'',1,7000,4,'',1,3000,4,'',1,7000,4,'',1,3000,4,'',1,7000,4,'',1,3000,4,'',1,7000,4,'',1,3000,4,'',1,7000,4,'',1,3000,4,'',1,7000,4,'',1,3000,4,'',1,6900,4,'',1,3000,4,'',1,7000,4,'',1,3000,4,'',1,10000,4,'',1
