'DX-121-Weekday-10-23-09-1110100',12100,154500,0,'Fraser',1,5500,0,'Fraser',1
'DX-121-Weekday-10-23-09-1111100',12100,153200,0,'Fraser',1,2000,0,'Fraser',1,6000,0,'Fraser',1,2000,0,'Fraser',1,2000,0,'Fraser',1,6000,0,'Fraser',1,2000,0,'Fraser',1,2000,0,'Fraser',1,6500,0,'Fraser',1
'DX-121-Weekday-10-23-09-1111100',12101,61500,,'',1,2500,,'',1,6000,,'',1,2000,,'',1,600,,'',1,500,,'',1,900,,'',1,6000,,'',1,2000,,'',1,2500,,'',1
'DX-121-Weekday-11-23-09-1110100',12100,154500,0,'Fraser',1,5500,0,'Fraser',1
'DX-121-Weekday-11-23-09-1111100',12100,153200,0,'Fraser',1,2000,0,'Fraser',1,6000,0,'Fraser',1,2000,0,'Fraser',1,2000,0,'Fraser',1,6000,0,'Fraser',1,2000,0,'Fraser',1,2000,0,'Fraser',1,6500,0,'Fraser',1
'DX-121-Weekday-11-23-09-1111100',12101,61500,,'',1,2500,,'',1,6000,,'',1,2000,,'',1,600,,'',1,500,,'',1,900,,'',1,6000,,'',1,2000,,'',1,2500,,'',1
'DX-121-Weekday-4-23-09-1111100',12100,153200,0,'Fraser',1,2000,0,'Fraser',1,6000,0,'Fraser',1,2000,0,'Fraser',1,2000,0,'Fraser',1,6000,0,'Fraser',1,2000,0,'Fraser',1,2000,0,'Fraser',1,6500,0,'Fraser',1
'DX-121-Weekday-4-23-09-1111100',12101,61500,,'',1,2500,,'',1,6000,,'',1,2000,,'',1,2000,,'',1,6000,,'',1,2000,,'',1,2500,,'',1
'DX-121-Weekday-5-23-09-1111100',12100,153200,0,'Fraser',1,2000,0,'Fraser',1,6000,0,'Fraser',1,2000,0,'Fraser',1,2000,0,'Fraser',1,6000,0,'Fraser',1,2000,0,'Fraser',1,2000,0,'Fraser',1,6500,0,'Fraser',1
'DX-121-Weekday-5-23-09-1111100',12101,61500,,'',1,2500,,'',1,6000,,'',1,2000,,'',1,2000,,'',1,6000,,'',1,2000,,'',1,2500,,'',1
'DX-121-Weekday-7-23-09-1111100',12100,153200,0,'Fraser',1,2000,0,'Fraser',1,6000,0,'Fraser',1,2000,0,'Fraser',1,2000,0,'Fraser',1,6000,0,'Fraser',1,2000,0,'Fraser',1,2000,0,'Fraser',1,6500,0,'Fraser',1
'DX-121-Weekday-7-23-09-1111100',12101,61500,,'',1,2500,,'',1,6000,,'',1,2000,,'',1,2000,,'',1,6000,,'',1,2000,,'',1,2500,,'',1
'DX-121-Weekday-8-23-09-1110100',12100,154500,0,'Fraser',1,5500,0,'Fraser',1
'DX-121-Weekday-8-23-09-1111100',12100,153200,0,'Fraser',1,2000,0,'Fraser',1,6000,0,'Fraser',1,2000,0,'Fraser',1,2000,0,'Fraser',1,6000,0,'Fraser',1,2000,0,'Fraser',1,2000,0,'Fraser',1,6500,0,'Fraser',1
'DX-121-Weekday-8-23-09-1111100',12101,61500,,'',1,2500,,'',1,6000,,'',1,2000,,'',1,600,,'',1,500,,'',1,900,,'',1,6000,,'',1,2000,,'',1,2500,,'',1
