'DX-507-Weekday-1-23-02-1111100',50700,52200,,'',1,2700,,'',1,6600,,'',1,2700,,'',1,6900,,'',1,3200,,'',1,5700,,'',1,3200,,'',1,7300,,'',1,3000,,'',1,7000,,'',1,3000,,'',1,7000,,'',1,3000,,'',1,6500,,'',1,3000,,'',1,7000,,'',1,3000,,'',1,7000,,'',1,3000,,'',1,2800,,'',1,5600,,'',1,1400,,'',1,1500,0,'Mdws',1,1500,,'',1,5500,0,'Mdws',1,1500,,'',1,1500,0,'Mdws',1,1500,,'',1,5500,0,'Mdws',1,1500,,'',1,1500,0,'Mdws',1,1500,,'',1,7200,,'',1,7000,,'',1,3000,,'',1,7000,,'',1,3000,,'',1,7000,,'',1,3000,,'',1,2900,,'',1,9100,,'',1,10000,,'',1
'DX-507-Weekday-1-23-02-1111100',50701,61100,4,'',1,3300,4,'',1,5600,4,'',1,1500,4,'',1,1600,4,'',1,1500,4,'',1,5400,4,'',1,1600,4,'',1,1400,4,'',1,1600,4,'',1,1300,4,'',1,5400,4,'',1,1500,4,'',1,1500,4,'',1,7000,4,'',1,2900,4,'',1,7000,4,'',1,3000,4,'',1,7000,4,'',1,3000,4,'',1,7000,4,'',1,2500,4,'',1,7000,4,'',1,3000,4,'',1,7100,4,'',1,3300,4,'',1,7200,4,'',1,3300,4,'',1,7100,4,'',1,3000,4,'',1,7000,4,'',1,2800,4,'',1,6600,4,'',1,2800,4,'',1,6900,4,'',1,3000,4,'',1,7000,4,'',1,3000,4,'',1,6900,4,'',1,2700,4,'',1,9500,4,'',1,9100,4,'',1
'DX-507-Weekday-1-23-04-1111100',50700,52200,,'',1,2700,,'',1,6600,,'',1,2700,,'',1,6900,,'',1,3200,,'',1,5700,,'',1,3200,,'',1,7300,,'',1,3000,,'',1,7000,,'',1,3000,,'',1,7000,,'',1,3000,,'',1,6500,,'',1,3000,,'',1,7000,,'',1,3000,,'',1,7000,,'',1,3000,,'',1,2800,,'',1,5600,,'',1,1400,,'',1,1500,0,'Mdws',1,1500,,'',1,5500,0,'Mdws',1,1500,,'',1,1500,0,'Mdws',1,1500,,'',1,5500,0,'Mdws',1,1500,,'',1,1500,0,'Mdws',1,1500,,'',1,7200,,'',1,7000,,'',1,3000,,'',1,7000,,'',1,3000,,'',1,7000,,'',1,3000,,'',1,2900,,'',1,9100,,'',1,10000,,'',1
'DX-507-Weekday-1-23-04-1111100',50701,61100,4,'',1,3300,4,'',1,5600,4,'',1,1500,4,'',1,1600,4,'',1,1500,4,'',1,5400,4,'',1,1600,4,'',1,1400,4,'',1,1600,4,'',1,1300,4,'',1,5400,4,'',1,1500,4,'',1,1500,4,'',1,7000,4,'',1,2900,4,'',1,7000,4,'',1,3000,4,'',1,7000,4,'',1,3000,4,'',1,7000,4,'',1,2500,4,'',1,7000,4,'',1,3000,4,'',1,7100,4,'',1,3300,4,'',1,7200,4,'',1,3300,4,'',1,7100,4,'',1,3000,4,'',1,7000,4,'',1,2800,4,'',1,6600,4,'',1,2800,4,'',1,6900,4,'',1,3000,4,'',1,7000,4,'',1,3000,4,'',1,6900,4,'',1,2700,4,'',1,9500,4,'',1,9100,4,'',1
'DX-507-Weekday-2-23-04-1111100',50700,52200,,'',1,2700,,'',1,6600,,'',1,2700,,'',1,6900,,'',1,3200,,'',1,5700,,'',1,3200,,'',1,7300,,'',1,3000,,'',1,7000,,'',1,3000,,'',1,7000,,'',1,3000,,'',1,6500,,'',1,3000,,'',1,7000,,'',1,3000,,'',1,7000,,'',1,3000,,'',1,2800,,'',1,7000,,'',1,1500,0,'Mdws',1,1500,,'',1,5500,0,'Mdws',1,1500,,'',1,1500,0,'Mdws',1,1500,,'',1,5500,0,'Mdws',1,1500,,'',1,1500,0,'Mdws',1,1500,,'',1,7200,,'',1,7000,,'',1,3000,,'',1,7000,,'',1,3000,,'',1,7000,,'',1,3000,,'',1,2900,,'',1,9100,,'',1,10000,,'',1
'DX-507-Weekday-2-23-04-1111100',50701,61100,4,'',1,3300,4,'',1,5600,4,'',1,1500,4,'',1,1600,4,'',1,1500,4,'',1,5400,4,'',1,1600,4,'',1,1400,4,'',1,1600,4,'',1,1300,4,'',1,5400,4,'',1,1500,4,'',1,1500,4,'',1,7000,4,'',1,2900,4,'',1,7000,4,'',1,3000,4,'',1,7000,4,'',1,3000,4,'',1,7000,4,'',1,2500,4,'',1,7000,4,'',1,3000,4,'',1,7100,4,'',1,3300,4,'',1,7200,4,'',1,3300,4,'',1,7100,4,'',1,3000,4,'',1,7000,4,'',1,2800,4,'',1,6600,4,'',1,2800,4,'',1,6900,4,'',1,3000,4,'',1,7000,4,'',1,3000,4,'',1,6900,4,'',1,2700,4,'',1,9500,4,'',1,9100,4,'',1
'DX-507-Weekday-3-23-04-1111100',50700,52200,,'',1,2700,,'',1,6600,,'',1,2700,,'',1,6900,,'',1,3200,,'',1,5700,,'',1,3200,,'',1,7300,,'',1,3000,,'',1,7000,,'',1,3000,,'',1,7000,,'',1,3000,,'',1,6500,,'',1,3000,,'',1,7000,,'',1,3000,,'',1,7000,,'',1,3000,,'',1,2800,,'',1,7000,,'',1,1500,0,'Mdws',1,1500,,'',1,5500,0,'Mdws',1,1500,,'',1,1500,0,'Mdws',1,1500,,'',1,5500,0,'Mdws',1,1500,,'',1,1500,0,'Mdws',1,1500,,'',1,7200,,'',1,7000,,'',1,3000,,'',1,7000,,'',1,3000,,'',1,7000,,'',1,3000,,'',1,2900,,'',1,9100,,'',1,10000,,'',1
'DX-507-Weekday-3-23-04-1111100',50701,61100,4,'',1,3300,4,'',1,5600,4,'',1,1500,4,'',1,1600,4,'',1,1500,4,'',1,5400,4,'',1,1600,4,'',1,1400,4,'',1,1600,4,'',1,1300,4,'',1,5400,4,'',1,1500,4,'',1,1500,4,'',1,7000,4,'',1,2900,4,'',1,7000,4,'',1,3000,4,'',1,7000,4,'',1,3000,4,'',1,7000,4,'',1,2500,4,'',1,7000,4,'',1,3000,4,'',1,7100,4,'',1,3300,4,'',1,7200,4,'',1,3300,4,'',1,7100,4,'',1,3000,4,'',1,7000,4,'',1,2800,4,'',1,6600,4,'',1,2800,4,'',1,6900,4,'',1,3000,4,'',1,7000,4,'',1,3000,4,'',1,6900,4,'',1,2700,4,'',1,9500,4,'',1,9100,4,'',1
'DX-507-Weekday-5-23-02-1111100',50700,52200,,'',1,2700,,'',1,6600,,'',1,2700,,'',1,6900,,'',1,3200,,'',1,5700,,'',1,3200,,'',1,7300,,'',1,3000,,'',1,7000,,'',1,3000,,'',1,7000,,'',1,3000,,'',1,6500,,'',1,3000,,'',1,7000,,'',1,3000,,'',1,7000,,'',1,3000,,'',1,2800,,'',1,7000,,'',1,1500,0,'Mdws',1,1500,,'',1,5500,0,'Mdws',1,1500,,'',1,1500,0,'Mdws',1,1500,,'',1,5500,0,'Mdws',1,1500,,'',1,1500,0,'Mdws',1,1500,,'',1,7200,,'',1,7000,,'',1,3000,,'',1,7000,,'',1,3000,,'',1,7000,,'',1,3000,,'',1,2900,,'',1,9100,,'',1,10000,,'',1
'DX-507-Weekday-5-23-02-1111100',50701,61100,4,'',1,3300,4,'',1,5600,4,'',1,1500,4,'',1,1600,4,'',1,1500,4,'',1,5400,4,'',1,1600,4,'',1,1400,4,'',1,1600,4,'',1,1300,4,'',1,5400,4,'',1,1500,4,'',1,1500,4,'',1,7000,4,'',1,2900,4,'',1,7000,4,'',1,3000,4,'',1,7000,4,'',1,3000,4,'',1,7000,4,'',1,2500,4,'',1,7000,4,'',1,3000,4,'',1,7100,4,'',1,3300,4,'',1,7200,4,'',1,3300,4,'',1,7100,4,'',1,3000,4,'',1,7000,4,'',1,2800,4,'',1,6600,4,'',1,2800,4,'',1,6900,4,'',1,3000,4,'',1,7000,4,'',1,3000,4,'',1,6900,4,'',1,2700,4,'',1,9500,4,'',1,9100,4,'',1
'SA-507-Saturday-1-23-02-0000010',50700,54500,,'',1,10000,,'',1,10000,,'',1,7000,,'',1,2800,,'',1,6800,,'',1,3000,,'',1,7000,,'',1,3000,,'',1,7000,,'',1,3000,,'',1,7000,,'',1,3000,,'',1,7000,,'',1,3000,,'',1,7000,,'',1,3100,,'',1,7300,,'',1,3000,,'',1,7000,,'',1,3000,,'',1,6400,,'',1,3000,,'',1,8500,,'',1,10000,,'',1,10000,,'',1,10000,,'',1,10000,,'',1,10000,,'',1
'SA-507-Saturday-1-23-02-0000010',50701,61800,4,'',1,10000,4,'',1,10000,4,'',1,3000,4,'',1,7300,4,'',1,3200,4,'',1,7000,4,'',1,3000,4,'',1,7000,4,'',1,3000,4,'',1,7000,4,'',1,3000,4,'',1,7000,4,'',1,3000,4,'',1,7000,4,'',1,3000,4,'',1,6700,4,'',1,2800,4,'',1,7000,4,'',1,3000,4,'',1,7000,4,'',1,3000,4,'',1,7000,4,'',1,2400,4,'',1,7000,4,'',1,4500,4,'',1,10000,4,'',1,10000,4,'',1,10000,4,'',1,10000,4,'',1,10000,4,'',1
'SA-507-Saturday-1-23-04-0000010',50700,54500,,'',1,10000,,'',1,10000,,'',1,7000,,'',1,2800,,'',1,6800,,'',1,3000,,'',1,7000,,'',1,3000,,'',1,7000,,'',1,3000,,'',1,7000,,'',1,3000,,'',1,7000,,'',1,3000,,'',1,7000,,'',1,3100,,'',1,7300,,'',1,3000,,'',1,7000,,'',1,3000,,'',1,6400,,'',1,3000,,'',1,8500,,'',1,10000,,'',1,10000,,'',1,10000,,'',1,10000,,'',1,10000,,'',1
'SA-507-Saturday-1-23-04-0000010',50701,61800,4,'',1,10000,4,'',1,10000,4,'',1,3000,4,'',1,7300,4,'',1,3200,4,'',1,7000,4,'',1,3000,4,'',1,7000,4,'',1,3000,4,'',1,7000,4,'',1,3000,4,'',1,7000,4,'',1,3000,4,'',1,7000,4,'',1,3000,4,'',1,6700,4,'',1,2800,4,'',1,7000,4,'',1,3000,4,'',1,7000,4,'',1,3000,4,'',1,7000,4,'',1,2400,4,'',1,7000,4,'',1,4500,4,'',1,10000,4,'',1,10000,4,'',1,10000,4,'',1,10000,4,'',1,10000,4,'',1
'SU-507-Sunday-1-23-02-0000001',50700,61400,,'',1,10000,,'',1,10000,,'',1,9600,,'',1,10300,,'',1,3000,,'',1,7000,,'',1,3000,,'',1,7000,,'',1,3000,,'',1,7000,,'',1,3000,,'',1,7000,,'',1,3200,,'',1,7200,,'',1,3000,,'',1,7000,,'',1,3000,,'',1,6400,,'',1,3000,,'',1,7000,,'',1,9200,,'',1,10000,,'',1,10000,,'',1,10000,,'',1,10000,,'',1,10000,,'',1
'SU-507-Sunday-1-23-02-0000001',50701,64300,4,'',1,10000,4,'',1,10000,4,'',1,10500,4,'',1,10000,4,'',1,7300,4,'',1,3000,4,'',1,7000,4,'',1,3000,4,'',1,7000,4,'',1,3000,4,'',1,7000,4,'',1,3000,4,'',1,6700,4,'',1,2700,4,'',1,7100,4,'',1,3000,4,'',1,7000,4,'',1,3000,4,'',1,7000,4,'',1,2400,4,'',1,7000,4,'',1,3000,4,'',1,9200,4,'',1,10000,4,'',1,10000,4,'',1,10000,4,'',1,10000,4,'',1
'SU-507-Sunday-1-23-04-0000001',50700,61400,,'',1,10000,,'',1,10000,,'',1,9600,,'',1,10300,,'',1,3000,,'',1,7000,,'',1,3000,,'',1,7000,,'',1,3000,,'',1,7000,,'',1,3000,,'',1,7000,,'',1,3200,,'',1,7200,,'',1,3000,,'',1,7000,,'',1,3000,,'',1,6400,,'',1,3000,,'',1,7000,,'',1,9200,,'',1,10000,,'',1,10000,,'',1,10000,,'',1,10000,,'',1,10000,,'',1
'SU-507-Sunday-1-23-04-0000001',50701,64300,4,'',1,10000,4,'',1,10000,4,'',1,10500,4,'',1,10000,4,'',1,7300,4,'',1,3000,4,'',1,7000,4,'',1,3000,4,'',1,7000,4,'',1,3000,4,'',1,7000,4,'',1,3000,4,'',1,6700,4,'',1,2700,4,'',1,7100,4,'',1,3000,4,'',1,7000,4,'',1,3000,4,'',1,7000,4,'',1,2400,4,'',1,7000,4,'',1,3000,4,'',1,9200,4,'',1,10000,4,'',1,10000,4,'',1,10000,4,'',1,10000,4,'',1
'SU-507-Sunday-2-23-04-0000001',50700,61400,,'',1,10000,,'',1,10000,,'',1,9600,,'',1,10300,,'',1,3000,,'',1,7000,,'',1,3000,,'',1,7000,,'',1,3000,,'',1,7000,,'',1,3000,,'',1,7000,,'',1,3200,,'',1,7200,,'',1,3000,,'',1,7000,,'',1,3000,,'',1,6400,,'',1,3000,,'',1,7000,,'',1,9200,,'',1,10000,,'',1,10000,,'',1,10000,,'',1,10000,,'',1,10000,,'',1,10600,,'',1
'SU-507-Sunday-2-23-04-0000001',50701,64300,4,'',1,10000,4,'',1,10000,4,'',1,10500,4,'',1,10000,4,'',1,7300,4,'',1,3000,4,'',1,7000,4,'',1,3000,4,'',1,7000,4,'',1,3000,4,'',1,7000,4,'',1,3000,4,'',1,6700,4,'',1,2700,4,'',1,7100,4,'',1,3000,4,'',1,7000,4,'',1,3000,4,'',1,7000,4,'',1,2400,4,'',1,7000,4,'',1,3000,4,'',1,9200,4,'',1,10000,4,'',1,10000,4,'',1,10000,4,'',1,10000,4,'',1,10000,4,'',1
