'DX-054-Weekday-3-23-02-1111100',5400,52100,,'',1,3000,,'',1,7000,,'',1,1400,,'',1,1500,,'',1,5500,,'',1,1500,,'',1,1500,,'',1,1500,,'',1,5500,,'',1,1500,,'',1,2600,,'',1,6700,,'',1,3000,,'',1,7000,,'',1,3000,,'',1,7000,,'',1,3000,,'',1,7000,,'',1,3000,,'',1,7000,,'',1,3000,,'',1,7000,,'',1,3300,,'',1,6200,,'',1,2200,,'',1,2000,,'',1,6000,,'',1,2000,,'',1,2400,,'',1,7000,,'',1,3200,,'',1,7200,,'',1,7200,,'',1,3000,,'',1,7000,,'',1,3000,,'',1,7000,,'',1,3000,,'',1
'DX-054-Weekday-3-23-02-1111100',5401,63800,4,'',1,7500,4,'',1,2200,4,'',1,1900,4,'',1,5500,4,'',1,1500,4,'',1,1500,4,'',1,1500,4,'',1,5400,4,'',1,1300,4,'',1,2100,4,'',1,6400,4,'',1,3000,4,'',1,7000,4,'',1,3000,4,'',1,7000,4,'',1,3000,4,'',1,7000,4,'',1,3000,4,'',1,7000,4,'',1,3000,4,'',1,6500,4,'',1,3300,4,'',1,6700,4,'',1,3000,4,'',1,2000,4,'',1,6000,4,'',1,2000,4,'',1,2000,4,'',1,6000,4,'',1,3300,4,'',1,7100,4,'',1,3000,4,'',1,7000,4,'',1,3000,4,'',1,7000,4,'',1,3000,4,'',1,7000,4,'',1,3000,4,'',1
'DX-906-Weekday-3-23-02-1111100',90600,52800,,'',1,3000,,'',1,7000,,'',1,3000,,'',1,7000,,'',1,3000,,'',1,7000,,'',1,3000,,'',1,64200,,'',1,3000,,'',1,7000,,'',1,3000,,'',1,7000,,'',1,3000,,'',1
'DX-906-Weekday-3-23-02-1111100',90601,64300,4,'',1,7000,4,'',1,3000,4,'',1,7000,4,'',1,3000,4,'',1,7000,4,'',1,63000,4,'',1,7000,4,'',1,3000,4,'',1,7000,4,'',1,3000,4,'',1,7000,4,'',1
'DX-907-Weekday-3-23-02-1111100',90700,51800,,'',1,3000,,'',1,6800,,'',1,2900,,'',1,5500,,'',1,1500,,'',1,1500,,'',1,1500,,'',1,5500,,'',1,1500,,'',1,1500,,'',1,2200,,'',1,7000,,'',1,3000,,'',1,7000,,'',1,3000,,'',1,7000,,'',1,3000,,'',1,7000,,'',1,3000,,'',1,7000,,'',1,3000,,'',1,7000,,'',1,3100,,'',1,6200,,'',1,1500,,'',1,1500,,'',1,5500,,'',1,1500,,'',1,1500,,'',1,1500,,'',1,5500,,'',1,1500,,'',1,1500,,'',1,2600,,'',1,6600,,'',1,3000,,'',1,7000,,'',1,3000,,'',1,7000,,'',1,3000,,'',1,7000,,'',1,2800,,'',1,10200,0,'Terra Losa',1
'DX-907-Weekday-3-23-02-1111100',90701,54800,4,'',1,7300,4,'',1,2600,4,'',1,6000,4,'',1,1500,4,'',1,1500,4,'',1,1500,4,'',1,5500,4,'',1,1500,4,'',1,1500,4,'',1,1500,4,'',1,5500,4,'',1,1800,4,'',1,2200,4,'',1,7200,4,'',1,3000,4,'',1,7000,4,'',1,3000,4,'',1,7000,4,'',1,3000,4,'',1,7000,4,'',1,3000,4,'',1,7000,4,'',1,3100,4,'',1,6900,4,'',1,3000,4,'',1,5800,4,'',1,1500,4,'',1,1500,4,'',1,1500,4,'',1,5500,4,'',1,1500,4,'',1,1500,4,'',1,1500,4,'',1,5500,4,'',1,2200,4,'',1,2300,4,'',1,6700,4,'',1,3000,4,'',1,7000,4,'',1,3000,4,'',1,7000,4,'',1,2800,4,'',1,7100,4,'',1,2900,4,'',1,5800,4,'',1
'DX-913-Weekday-3-23-02-1111100',91300,52500,,'',1,2900,4,'',1,100,,'',1,6900,4,'',1,100,,'',1,1500,,'',1,1500,,'',1,200,4,'',1,5300,,'',1,300,4,'',1,1200,,'',1,300,4,'',1,1200,,'',1,300,4,'',1,1200,,'',1,300,4,'',1,5200,,'',1,300,4,'',1,1200,,'',1,300,4,'',1,1500,4,'',1,1200,,'',1,300,4,'',1,6700,,'',1,200,4,'',1,2800,,'',1,300,4,'',1,6700,,'',1,300,4,'',1,2700,,'',1,300,4,'',1,6700,,'',1,300,4,'',1,2700,,'',1,300,4,'',1,6700,,'',1,300,4,'',1,2700,,'',1,300,4,'',1,6700,,'',1,300,4,'',1,2700,,'',1,300,4,'',1,6700,,'',1,300,4,'',1,2700,,'',1,300,4,'',1,6700,,'',1,500,4,'',1,1000,,'',1,1500,,'',1,4600,4,'',1,900,,'',1,600,4,'',1,900,,'',1,600,4,'',1,900,,'',1,600,4,'',1,900,,'',1,4600,4,'',1,900,,'',1,600,4,'',1,1400,,'',1,100,4,'',1,1500,4,'',1,5400,,'',1,600,4,'',1,2400,,'',1,600,4,'',1,6400,,'',1,100,4,'',1,2900,,'',1,100,4,'',1,6900,,'',1,100,4,'',1,2900,,'',1,100,4,'',1,6900,,'',1,100,4,'',1,2900,,'',1,100,4,'',1,6900,,'',1,100,4,'',1,2800,4,'',1,7100,,'',1,2900,4,'',1,7100,,'',1,2900,4,'',1
'DX-916-Weekday-5-23-02-1110100',91601,150300,,'',1
'DX-916-Weekday-5-23-02-1111100',91600,61300,4,'',1,3300,4,'',1,5500,4,'',1,1400,4,'',1,1200,4,'',1,1200,4,'',1,1200,4,'',1,5200,4,'',1,1200,4,'',1,400,4,'',1,800,4,'',1,1200,4,'',1,1200,4,'',1,5200,4,'',1,1100,4,'',1,2800,4,'',1,6600,4,'',1,2900,4,'',1,7000,4,'',1,3000,4,'',1,7000,4,'',1,3000,4,'',1,7000,4,'',1,3000,4,'',1,7000,4,'',1,3000,4,'',1,7100,4,'',1,3400,4,'',1,5800,4,'',1,1600,4,'',1,1600,4,'',1,1500,4,'',1,5500,4,'',1,1500,4,'',1,1500,4,'',1,1500,4,'',1,5500,4,'',1,1500,4,'',1,2800,4,'',1,6700,4,'',1,2700,4,'',1,6900,4,'',1,3000,4,'',1,7000,4,'',1,3000,4,'',1,6900,4,'',1,2700,4,'',1,7000,4,'',1,10000,4,'',1
'DX-916-Weekday-5-23-02-1111100',91601,53200,,'',1,7000,,'',1,1200,,'',1,1200,,'',1,1200,,'',1,1200,,'',1,5200,,'',1,1200,,'',1,1200,,'',1,1200,,'',1,1200,,'',1,5200,,'',1,1200,,'',1,1200,,'',1,2500,,'',1,7000,,'',1,3000,,'',1,7000,,'',1,3000,,'',1,7000,,'',1,3000,,'',1,7000,,'',1,3000,,'',1,7000,,'',1,3000,,'',1,7000,,'',1,3000,,'',1,5500,,'',1,1500,,'',1,1500,,'',1,1500,,'',1,5500,,'',1,1500,,'',1,1500,,'',1,1500,,'',1,5500,,'',1,1500,,'',1,3000,,'',1,7000,,'',1,3000,,'',1,7000,,'',1,3000,,'',1,7000,,'',1,3000,,'',1,7000,,'',1,3000,,'',1,10100,,'',1,10000,,'',1
'DX-917-Weekday-4-23-02-1111100',91700,52500,4,'',1,3000,4,'',1,7300,4,'',1,1200,4,'',1,1100,4,'',1,5100,4,'',1,1000,4,'',1,1000,4,'',1,1000,4,'',1,1000,4,'',1,1000,4,'',1,5000,4,'',1,1000,4,'',1,1000,4,'',1,1000,4,'',1,1000,4,'',1,1000,4,'',1,5000,4,'',1,900,4,'',1,1000,4,'',1,1000,4,'',1,2300,4,'',1,7000,4,'',1,3000,4,'',1,7000,4,'',1,3000,4,'',1,7000,4,'',1,3000,4,'',1,7000,4,'',1,3000,4,'',1,7000,4,'',1,3000,4,'',1,7000,4,'',1,2900,4,'',1,5500,4,'',1,1500,4,'',1,1500,4,'',1,1500,4,'',1,5500,4,'',1,1500,4,'',1,1500,4,'',1,1500,4,'',1,5500,4,'',1,1400,4,'',1,1500,4,'',1,1700,4,'',1,7000,4,'',1,3000,4,'',1,7000,4,'',1,3000,4,'',1,7000,4,'',1,3000,4,'',1,6900,4,'',1,3200,4,'',1,10000,4,'',1
'DX-917-Weekday-4-23-02-1111100',91701,45800,,'',1,7000,,'',1,3000,,'',1,5000,,'',1,1000,,'',1,1000,,'',1,1000,,'',1,1000,,'',1,1000,,'',1,5000,,'',1,1000,,'',1,1000,,'',1,1000,,'',1,1000,,'',1,1000,,'',1,5000,,'',1,1000,,'',1,1000,,'',1,1000,,'',1,1000,,'',1,1000,,'',1,6900,,'',1,3000,,'',1,7000,,'',1,3000,,'',1,7000,,'',1,3000,,'',1,7000,,'',1,3000,,'',1,7000,,'',1,3000,,'',1,7000,,'',1,3000,,'',1,7000,,'',1,1500,,'',1,1500,,'',1,5500,,'',1,1500,,'',1,1500,,'',1,1500,,'',1,5500,,'',1,1500,,'',1,1500,,'',1,1600,,'',1,6800,,'',1,3100,,'',1,7000,,'',1,3000,,'',1,7000,,'',1,3000,,'',1,7000,,'',1,3000,,'',1,10100,,'',1,10000,,'',1
'DX-918-Weekday-3-23-02-1111100',91800,45700,,'',1,6400,4,'',1,600,,'',1,2400,4,'',1,600,,'',1,6400,4,'',1,600,,'',1,1500,,'',1,1200,4,'',1,300,,'',1,5200,4,'',1,300,,'',1,1200,4,'',1,300,,'',1,1200,4,'',1,300,,'',1,1200,4,'',1,300,,'',1,5200,4,'',1,300,,'',1,1200,4,'',1,300,,'',1,1200,4,'',1,300,,'',1,1200,4,'',1,5500,4,'',1,100,,'',1,2700,4,'',1,100,,'',1,6700,4,'',1,300,,'',1,2700,4,'',1,300,,'',1,6700,4,'',1,300,,'',1,2700,4,'',1,300,,'',1,6700,4,'',1,300,,'',1,2700,4,'',1,300,,'',1,6700,4,'',1,300,,'',1,2700,4,'',1,300,,'',1,6700,4,'',1,300,,'',1,2700,4,'',1,300,,'',1,6800,4,'',1,200,,'',1,3000,,'',1,100,4,'',1,1300,,'',1,5500,,'',1,200,4,'',1,1300,,'',1,100,4,'',1,1400,,'',1,100,4,'',1,1400,,'',1,100,4,'',1,5400,,'',1,100,4,'',1,1400,,'',1,100,4,'',1,1400,,'',1,100,4,'',1,1400,,'',1,100,4,'',1,5400,,'',1,100,4,'',1,1500,4,'',1,1400,,'',1,6700,4,'',1,300,,'',1,2700,4,'',1,300,,'',1,6700,4,'',1,300,,'',1,2700,4,'',1,300,,'',1,6700,4,'',1,300,,'',1,2700,4,'',1,300,,'',1,6600,4,'',1,400,,'',1,2400,4,'',1,2800,,'',1,6400,4,'',1,3600,,'',1,6400,4,'',1,3600,,'',1,6400,4,'',1
'DX-918-Weekday-3-23-02-1111100',91801,51200,,'',1,2400,4,'',1,600,,'',1,6400,4,'',1,600,,'',1,2200,,'',1,300,4,'',1,1200,,'',1,5200,4,'',1,300,,'',1,1200,4,'',1,300,,'',1,1200,4,'',1,300,,'',1,1200,4,'',1,300,,'',1,5200,4,'',1,300,,'',1,1200,4,'',1,300,,'',1,1200,4,'',1,300,,'',1,1200,4,'',1,300,,'',1,5200,4,'',1,1400,4,'',1,800,,'',1,2700,4,'',1,300,,'',1,6700,4,'',1,300,,'',1,2700,4,'',1,300,,'',1,6700,4,'',1,300,,'',1,2700,4,'',1,300,,'',1,6700,4,'',1,300,,'',1,2700,4,'',1,300,,'',1,6700,4,'',1,300,,'',1,2700,4,'',1,300,,'',1,6700,4,'',1,300,,'',1,2700,4,'',1,300,,'',1,7000,,'',1,2100,,'',1,1000,4,'',1,500,,'',1,5500,,'',1,100,4,'',1,1400,,'',1,100,4,'',1,1400,,'',1,100,4,'',1,1400,,'',1,4100,4,'',1,1400,,'',1,100,4,'',1,1400,,'',1,100,4,'',1,1400,,'',1,100,4,'',1,1400,,'',1,4100,4,'',1,1500,4,'',1,700,,'',1,800,4,'',1,2000,4,'',1,200,,'',1,6700,4,'',1,300,,'',1,2700,4,'',1,300,,'',1,6700,4,'',1,300,,'',1,2700,4,'',1,300,,'',1,6700,4,'',1,300,,'',1,2700,4,'',1,300,,'',1,6600,4,'',1,1100,,'',1,2500,4,'',1,7500,,'',1,2500,4,'',1,7500,,'',1,2500,4,'',1
'DX-923-Weekday-3-23-02-1111100',92300,63600,4,'',1,6900,4,'',1,3000,4,'',1,7000,4,'',1,3000,4,'',1,7000,4,'',1,3000,4,'',1,51300,4,'',1,7000,4,'',1,3000,4,'',1,7000,4,'',1,3000,4,'',1,7000,4,'',1,3000,4,'',1,7000,4,'',1,3000,4,'',1
'DX-923-Weekday-3-23-02-1111100',92301,60900,,'',1,2900,,'',1,7000,,'',1,3000,,'',1,7000,,'',1,3000,,'',1,7000,,'',1,51200,,'',1,3000,,'',1,7000,,'',1,3000,,'',1,7000,,'',1,3000,,'',1,7000,,'',1,3000,,'',1,7000,,'',1
