50601,'506-Weekday-1-26-09-1111100',534,,222159,14,,,1,69,,222120,14,,,1,30,,222121,14,,,1,73,,222122,14,,,1,16,,222123,14,,,1,15,,222160,14,,,1,15,,222124,14,,,1,55,,222125,14,,,1,15,,222126,14,,,1,15,,222162,14,,,1,15,,222163,14,,,1,55,,222127,14,,,1,29,,222128,14,,,1,70,,222129,14,,,1,30,,222130,14,,,1,70,,222131,14,,,1,30,,222132,14,,,1,70,,222133,14,,,1,30,,222134,14,,,1,70,,222135,14,,,1,30,,222136,14,,,1,70,,222137,14,,,1,30,,222138,14,,,1,71,,222139,14,,,1,35,,222140,14,,,1,70,,222141,14,,,1,15,,222142,14,,,1,15,,222161,14,,,1,15,,222143,14,,,1,55,,222144,14,,,1,15,,222145,14,,,1,15,,222164,14,,,1,15,,222165,14,,,1,55,,222146,14,,,1,29,,222147,14,,,1,65,,222148,14,,,1,29,,222149,14,,,1,70,,222150,14,,,1,30,,222151,14,,,1,70,,222152,14,,,1,30,,222153,14,,,1,69,,222154,14,,,1,28,,222155,14,,,1,69,,222156,14,,,1,100,,222157,14,,,1
50601,'506-Weekday-2-26-09-1111100',534,,222207,14,,,1,69,,222168,14,,,1,30,,222169,14,,,1,73,,222170,14,,,1,16,,222171,14,,,1,15,,222208,14,,,1,15,,222172,14,,,1,55,,222173,14,,,1,15,,222174,14,,,1,15,,222210,14,,,1,15,,222211,14,,,1,55,,222175,14,,,1,29,,222176,14,,,1,70,,222177,14,,,1,30,,222178,14,,,1,70,,222179,14,,,1,30,,222180,14,,,1,70,,222181,14,,,1,30,,222182,14,,,1,70,,222183,14,,,1,30,,222184,14,,,1,70,,222185,14,,,1,30,,222186,14,,,1,71,,222187,14,,,1,35,,222188,14,,,1,70,,222189,14,,,1,15,,222190,14,,,1,15,,222209,14,,,1,15,,222191,14,,,1,55,,222192,14,,,1,15,,222193,14,,,1,15,,222212,14,,,1,15,,222213,14,,,1,55,,222194,14,,,1,29,,222195,14,,,1,65,,222196,14,,,1,29,,222197,14,,,1,70,,222198,14,,,1,30,,222199,14,,,1,70,,222200,14,,,1,30,,222201,14,,,1,69,,222202,14,,,1,28,,222203,14,,,1,69,,222204,14,,,1,100,,222205,14,,,1
50601,'506-Weekday-4-26-09-1111100',534,,222255,14,,,1,69,,222216,14,,,1,30,,222217,14,,,1,73,,222218,14,,,1,16,,222219,14,,,1,15,,222256,14,,,1,15,,222220,14,,,1,55,,222221,14,,,1,15,,222222,14,,,1,15,,222258,14,,,1,15,,222259,14,,,1,55,,222223,14,,,1,29,,222224,14,,,1,70,,222225,14,,,1,30,,222226,14,,,1,70,,222227,14,,,1,30,,222228,14,,,1,70,,222229,14,,,1,30,,222230,14,,,1,70,,222231,14,,,1,30,,222232,14,,,1,70,,222233,14,,,1,30,,222234,14,,,1,71,,222235,14,,,1,35,,222236,14,,,1,70,,222237,14,,,1,15,,222238,14,,,1,15,,222257,14,,,1,15,,222239,14,,,1,55,,222240,14,,,1,15,,222241,14,,,1,15,,222260,14,,,1,15,,222261,14,,,1,55,,222242,14,,,1,29,,222243,14,,,1,65,,222244,14,,,1,29,,222245,14,,,1,70,,222246,14,,,1,30,,222247,14,,,1,70,,222248,14,,,1,30,,222249,14,,,1,69,,222250,14,,,1,28,,222251,14,,,1,69,,222252,14,,,1,100,,222253,14,,,1
50601,'506-Saturday-1-26-09-0000010',550,,222262,14,,,1,100,,222263,14,,,1,100,,222264,14,,,1,70,,222265,14,,,1,28,,222266,14,,,1,70,,222267,14,,,1,33,,222268,14,,,1,70,,222269,14,,,1,30,,222270,14,,,1,70,,222271,14,,,1,30,,222272,14,,,1,70,,222273,14,,,1,30,,222274,14,,,1,70,,222275,14,,,1,30,,222276,14,,,1,70,,222277,14,,,1,30,,222278,14,,,1,70,,222279,14,,,1,30,,222280,14,,,1,70,,222281,14,,,1,30,,222282,14,,,1,70,,222283,14,,,1,29,,222284,14,,,1,70,,222285,14,,,1,30,,222286,14,,,1,70,,222287,14,,,1,30,,222288,14,,,1,85,,222289,14,,,1,100,,222290,14,,,1,100,,222291,14,,,1,100,,222292,14,,,1
50601,'506-Sunday-1-26-09-0000001',553,,222294,14,,,1,98,,222295,14,,,1,100,,222296,14,,,1,100,,222297,14,,,1,100,,222298,14,,,1,70,,222299,14,,,1,30,,222300,14,,,1,70,,222301,14,,,1,30,,222302,14,,,1,70,,222303,14,,,1,30,,222304,14,,,1,70,,222305,14,,,1,30,,222306,14,,,1,70,,222307,14,,,1,30,,222308,14,,,1,70,,222309,14,,,1,30,,222310,14,,,1,70,,222311,14,,,1,30,,222312,14,,,1,70,,222313,14,,,1,31,,222314,14,,,1,70,,222315,14,,,1,30,,222316,14,,,1,85,,222317,14,,,1,100,,222318,14,,,1,100,,222319,14,,,1,100,,222320,14,,,1,100,,222321,14,,,1
63100,'631-Weekday-1-26-09-1111100',742,,227574,15,,,1
63100,'631-Weekday-3-26-09-1111100',742,,227575,15,,,1
63400,'634-Weekday-1-26-09-0000100',930,,227590,14,,,1
63400,'634-Weekday-1-26-09-1111000',803,,227591,14,,,1,2,,227592,14,,,1
63400,'634-Weekday-3-26-09-1111000',803,,227593,14,,,1,2,,227594,14,,,1
