50800,'508-Weekday-1-26-04-1111100',531,,117547,4,,,1,70,,117548,4,,,1,30,,117552,4,,,1,70,,117574,4,,,1,25,,117549,4,,,1,20,,117571,4,,,1,60,,117550,4,,,1,20,,117551,4,,,1,18,,117582,4,,,1,72,,117553,4,,,1,30,,117554,4,,,1,70,,117555,4,,,1,30,,117556,4,,,1,70,,117557,4,,,1,30,,117558,4,,,1,70,,117559,4,,,1,30,,117560,4,,,1,70,,117561,4,,,1,30,,117562,4,,,1,70,,117563,4,,,1,30,,117564,4,,,1,66,,117565,4,,,1,20,,117572,4,,,1,20,,117566,4,,,1,60,,117567,4,,,1,20,,117568,4,,,1,20,,117569,4,,,1,60,,117570,4,,,1,20,,117584,4,,,1,70,,117583,4,,,1,28,,117575,4,,,1,70,,117576,4,,,1,30,,117577,4,,,1,70,,117578,4,,,1,31,,117579,4,,,1,70,,117580,4,,,1,30,,117581,4,,,1,70,,117573,4,,,1
50800,'508-Weekday-2-26-04-1111100',531,,139421,4,,,1,70,,139422,4,,,1,30,,139426,4,,,1,70,,139448,4,,,1,25,,139423,4,,,1,20,,139445,4,,,1,60,,139424,4,,,1,20,,139425,4,,,1,18,,139456,4,,,1,72,,139427,4,,,1,30,,139428,4,,,1,70,,139429,4,,,1,30,,139430,4,,,1,70,,139431,4,,,1,30,,139432,4,,,1,70,,139433,4,,,1,30,,139434,4,,,1,70,,139435,4,,,1,30,,139436,4,,,1,70,,139437,4,,,1,30,,139438,4,,,1,66,,139439,4,,,1,20,,139446,4,,,1,20,,139440,4,,,1,60,,139441,4,,,1,20,,139442,4,,,1,20,,139443,4,,,1,60,,139444,4,,,1,20,,139458,4,,,1,70,,139457,4,,,1,28,,139449,4,,,1,70,,139450,4,,,1,30,,139451,4,,,1,70,,139452,4,,,1,31,,139453,4,,,1,70,,139454,4,,,1,30,,139455,4,,,1,70,,139447,4,,,1
50800,'508-Weekday-3-26-04-1111100',531,,139459,4,,,1,70,,139460,4,,,1,30,,139464,4,,,1,70,,139486,4,,,1,25,,139461,4,,,1,20,,139483,4,,,1,60,,139462,4,,,1,20,,139463,4,,,1,18,,139494,4,,,1,72,,139465,4,,,1,30,,139466,4,,,1,70,,139467,4,,,1,30,,139468,4,,,1,70,,139469,4,,,1,30,,139470,4,,,1,70,,139471,4,,,1,30,,139472,4,,,1,70,,139473,4,,,1,30,,139474,4,,,1,70,,139475,4,,,1,30,,139476,4,,,1,66,,139477,4,,,1,20,,139484,4,,,1,20,,139478,4,,,1,60,,139479,4,,,1,20,,139480,4,,,1,20,,139481,4,,,1,60,,139482,4,,,1,20,,139496,4,,,1,70,,139495,4,,,1,28,,139487,4,,,1,70,,139488,4,,,1,30,,139489,4,,,1,70,,139490,4,,,1,31,,139491,4,,,1,70,,139492,4,,,1,30,,139493,4,,,1,70,,139485,4,,,1
50800,'508-Saturday-1-26-04-0000010',635,,117585,4,,,1,100,,117586,4,,,1,100,,117587,4,,,1,70,,117588,4,,,1,30,,117589,4,,,1,70,,117590,4,,,1,30,,117591,4,,,1,70,,117592,4,,,1,30,,117593,4,,,1,70,,117594,4,,,1,30,,117595,4,,,1,70,,117596,4,,,1,30,,117597,4,,,1,70,,117598,4,,,1,30,,117599,4,,,1,70,,117600,4,,,1,30,,117601,4,,,1,70,,117602,4,,,1,30,,117603,4,,,1,70,,117604,4,,,1,30,,117605,4,,,1,70,,117606,4,,,1,30,,117607,4,,,1,70,,117608,4,,,1
50800,'508-Sunday-1-26-04-0000001',1037,,117609,4,,,1,70,,117610,4,,,1,30,,117611,4,,,1,70,,117612,4,,,1,30,,117613,4,,,1,70,,117614,4,,,1,30,,117615,4,,,1,70,,117616,4,,,1,30,,117617,4,,,1,70,,117618,4,,,1,30,,117619,4,,,1,70,,117620,4,,,1,30,,117621,4,,,1,70,,117622,4,,,1,30,,117623,4,,,1,70,,117624,4,,,1,30,,117625,4,,,1
51500,'515-Weekday-1-26-04-0001000',1236,,118222,4,,,1
51500,'515-Weekday-1-26-04-1110100',1524,,118223,4,,,1,26,,118224,4,,,1
51500,'515-Weekday-1-26-04-1111100',539,,118225,4,,,1,70,,118271,4,,,1,31,,118260,4,,,1,15,,118266,4,,,1,55,,118267,4,,,1,15,,118226,4,,,1,15,,118227,4,,,1,15,,118228,4,,,1,55,,118262,4,,,1,15,,118229,4,,,1,20,,118230,4,,,1,60,,118254,4,,,1,20,,118231,4,,,1,20,,118232,4,,,1,60,,118255,4,,,1,20,,118233,4,,,1,20,,118234,4,,,1,60,,118256,4,,,1,20,,118235,4,,,1,20,,118236,4,,,1,60,,118257,4,,,1,20,,118237,4,,,1,20,,118238,4,,,1,60,,118258,4,,,1,20,,118239,4,,,1,20,,118240,4,,,1,60,,118259,4,,,1,20,,118241,4,,,1,20,,118242,4,,,1,55,,118275,4,,,1,15,,118264,4,,,1,15,,118272,4,,,1,15,,118265,4,,,1,55,,118261,4,,,1,15,,118273,4,,,1,15,,118274,4,,,1,15,,118269,4,,,1,55,,118263,4,,,1,15,,118243,4,,,1,15,,118244,4,,,1,70,,118268,4,,,1,30,,118245,4,,,1,70,,118246,4,,,1,30,,118247,4,,,1,70,,118248,4,,,1,30,,118249,4,,,1,70,,118250,4,,,1,30,,118251,4,,,1,70,,118270,4,,,1,100,,118252,4,,,1,100,,118253,4,,,1
51500,'515-Weekday-2-26-04-1110100',1524,,140025,4,,,1,26,,140026,4,,,1
51500,'515-Weekday-2-26-04-1111100',539,,140027,4,,,1,70,,140073,4,,,1,31,,140062,4,,,1,15,,140068,4,,,1,55,,140069,4,,,1,15,,140028,4,,,1,15,,140029,4,,,1,15,,140030,4,,,1,55,,140064,4,,,1,15,,140031,4,,,1,20,,140032,4,,,1,60,,140056,4,,,1,20,,140033,4,,,1,20,,140034,4,,,1,60,,140057,4,,,1,20,,140035,4,,,1,20,,140036,4,,,1,60,,140058,4,,,1,20,,140037,4,,,1,20,,140038,4,,,1,60,,140059,4,,,1,20,,140039,4,,,1,20,,140040,4,,,1,60,,140060,4,,,1,20,,140041,4,,,1,20,,140042,4,,,1,60,,140061,4,,,1,20,,140043,4,,,1,20,,140044,4,,,1,55,,140077,4,,,1,15,,140066,4,,,1,15,,140074,4,,,1,15,,140067,4,,,1,55,,140063,4,,,1,15,,140075,4,,,1,15,,140076,4,,,1,15,,140071,4,,,1,55,,140065,4,,,1,15,,140045,4,,,1,15,,140046,4,,,1,70,,140070,4,,,1,30,,140047,4,,,1,70,,140048,4,,,1,30,,140049,4,,,1,70,,140050,4,,,1,30,,140051,4,,,1,70,,140052,4,,,1,30,,140053,4,,,1,70,,140072,4,,,1,100,,140054,4,,,1,100,,140055,4,,,1
51500,'515-Weekday-3-26-04-0001000',1236,,140078,4,,,1
51500,'515-Weekday-3-26-04-1111100',539,,140079,4,,,1,70,,140125,4,,,1,31,,140114,4,,,1,15,,140120,4,,,1,55,,140121,4,,,1,15,,140080,4,,,1,15,,140081,4,,,1,15,,140082,4,,,1,55,,140116,4,,,1,15,,140083,4,,,1,20,,140084,4,,,1,60,,140108,4,,,1,20,,140085,4,,,1,20,,140086,4,,,1,60,,140109,4,,,1,20,,140087,4,,,1,20,,140088,4,,,1,60,,140110,4,,,1,20,,140089,4,,,1,20,,140090,4,,,1,60,,140111,4,,,1,20,,140091,4,,,1,20,,140092,4,,,1,60,,140112,4,,,1,20,,140093,4,,,1,20,,140094,4,,,1,60,,140113,4,,,1,20,,140095,4,,,1,20,,140096,4,,,1,55,,140129,4,,,1,15,,140118,4,,,1,15,,140126,4,,,1,15,,140119,4,,,1,55,,140115,4,,,1,15,,140127,4,,,1,15,,140128,4,,,1,15,,140123,4,,,1,55,,140117,4,,,1,15,,140097,4,,,1,15,,140098,4,,,1,70,,140122,4,,,1,30,,140099,4,,,1,70,,140100,4,,,1,30,,140101,4,,,1,70,,140102,4,,,1,30,,140103,4,,,1,70,,140104,4,,,1,30,,140105,4,,,1,70,,140124,4,,,1,100,,140106,4,,,1,100,,140107,4,,,1
51500,'515-Saturday-1-26-04-0000010',618,,118276,4,,,1,99,,118277,4,,,1,84,,118278,4,,,1,20,,118308,4,,,1,21,,118279,4,,,1,62,,118280,4,,,1,20,,118281,4,,,1,20,,118309,4,,,1,60,,118282,4,,,1,20,,118283,4,,,1,20,,118310,4,,,1,60,,118284,4,,,1,20,,118285,4,,,1,20,,118311,4,,,1,60,,118286,4,,,1,20,,118287,4,,,1,20,,118312,4,,,1,60,,118288,4,,,1,20,,118289,4,,,1,20,,118313,4,,,1,60,,118290,4,,,1,20,,118291,4,,,1,20,,118314,4,,,1,60,,118292,4,,,1,20,,118293,4,,,1,20,,118315,4,,,1,60,,118294,4,,,1,20,,118295,4,,,1,20,,118316,4,,,1,60,,118296,4,,,1,20,,118297,4,,,1,20,,118317,4,,,1,60,,118298,4,,,1,20,,118299,4,,,1,20,,118318,4,,,1,60,,118300,4,,,1,30,,118301,4,,,1,70,,118306,4,,,1,30,,118303,4,,,1,70,,118307,4,,,1,30,,118304,4,,,1,100,,118302,4,,,1,100,,118305,4,,,1
51500,'515-Sunday-1-26-04-0000001',618,,118319,4,,,1,100,,118320,4,,,1,100,,118321,4,,,1,99,,118322,4,,,1,85,,118323,4,,,1,20,,118324,4,,,1,20,,118348,4,,,1,60,,118325,4,,,1,20,,118326,4,,,1,20,,118349,4,,,1,60,,118327,4,,,1,20,,118328,4,,,1,20,,118350,4,,,1,60,,118329,4,,,1,20,,118330,4,,,1,20,,118351,4,,,1,60,,118331,4,,,1,20,,118332,4,,,1,20,,118352,4,,,1,60,,118333,4,,,1,20,,118334,4,,,1,20,,118353,4,,,1,60,,118335,4,,,1,20,,118336,4,,,1,20,,118354,4,,,1,60,,118337,4,,,1,22,,118338,4,,,1,20,,118355,4,,,1,60,,118339,4,,,1,20,,118340,4,,,1,20,,118356,4,,,1,60,,118341,4,,,1,30,,118344,4,,,1,70,,118342,4,,,1,30,,118345,4,,,1,70,,118346,4,,,1,100,,118343,4,,,1,100,,118347,4,,,1,100,,118357,4,,,1
