65700,'657-Weekday-1-26-02-1111100',804,,10139,,,1,2,,10140,,,1
65700,'657-Weekday-2-26-02-1111100',804,,62210,,,1,2,,62211,,,1
65700,'657-Weekday-4-26-02-1111100',804,,62212,,,1,2,,62213,,,1
65700,'657-Weekday-5-26-02-1111100',804,,62214,,,1,2,,62215,,,1
65701,'657-Weekday-1-26-02-1111100',1600,,10141,4,,1,4,,10142,4,,1
65701,'657-Weekday-2-26-02-1111100',1600,,62216,4,,1,4,,62217,4,,1
65701,'657-Weekday-4-26-02-1111100',1600,,62218,4,,1,4,,62219,4,,1
65701,'657-Weekday-5-26-02-1111100',1600,,62220,4,,1,4,,62221,4,,1
68200,'682-Weekday-1-26-02-1111100',741,,10264,0,41 42,1,2,,10265,,,1,62,,10266,,,1
68200,'682-Weekday-2-26-02-1111100',741,,62606,0,41 42,1,2,,62607,,,1,62,,62608,,,1
68200,'682-Weekday-5-26-02-1111100',741,,62609,0,41 42,1,2,,62610,,,1,62,,62611,,,1
68200,'682-Weekday-6-26-02-1111100',741,,62612,0,41 42,1,2,,62613,,,1,62,,62614,,,1
68200,'682-Weekday-8-26-02-1111100',741,,62615,0,41 42,1,2,,62616,,,1,62,,62617,,,1
