51900,'519-Weekday-1-26-09-1111100',553,,225295,22,,,1,70,,225296,22,,,1,15,,225297,22,,,1,15,,225298,22,,,1,55,,225299,22,,,1,15,,225300,22,,,1,15,,225301,22,,,1,15,,225302,22,,,1,55,,225303,22,,,1,15,,225304,22,,,1,15,,225305,22,,,1,15,,225341,22,,,1,72,,225306,22,,,1,30,,225307,22,,,1,70,,225308,22,,,1,30,,225309,22,,,1,70,,225310,22,,,1,30,,225311,22,,,1,70,,225312,22,,,1,30,,225313,22,,,1,70,,225314,22,,,1,30,,225315,22,,,1,70,,225316,22,,,1,30,,225317,22,,,1,73,,225318,22,,,1,15,,225319,22,,,1,15,,225320,22,,,1,58,,225321,22,,,1,15,,225322,22,,,1,15,,225323,22,,,1,55,,225324,22,,,1,15,,225325,22,,,1,15,,225326,22,,,1,15,,225327,22,,,1,55,,225328,22,,,1,15,,225329,22,,,1,15,,225330,22,,,1,25,,225331,22,,,1,68,,225332,22,,,1,30,,225333,22,,,1,70,,225334,22,,,1,30,,225335,22,,,1,70,,225336,22,,,1,30,,225337,22,,,1,70,,225338,22,,,1,100,,225339,22,,,1,100,,225340,22,,,1
51900,'519-Weekday-2-26-09-1111100',553,,225342,22,,,1,70,,225343,22,,,1,15,,225344,22,,,1,15,,225345,22,,,1,55,,225346,22,,,1,15,,225347,22,,,1,15,,225348,22,,,1,15,,225349,22,,,1,55,,225350,22,,,1,15,,225351,22,,,1,15,,225352,22,,,1,15,,225388,22,,,1,72,,225353,22,,,1,30,,225354,22,,,1,70,,225355,22,,,1,30,,225356,22,,,1,70,,225357,22,,,1,30,,225358,22,,,1,70,,225359,22,,,1,30,,225360,22,,,1,70,,225361,22,,,1,30,,225362,22,,,1,70,,225363,22,,,1,30,,225364,22,,,1,73,,225365,22,,,1,15,,225366,22,,,1,15,,225367,22,,,1,58,,225368,22,,,1,15,,225369,22,,,1,15,,225370,22,,,1,55,,225371,22,,,1,15,,225372,22,,,1,15,,225373,22,,,1,15,,225374,22,,,1,55,,225375,22,,,1,15,,225376,22,,,1,15,,225377,22,,,1,25,,225378,22,,,1,68,,225379,22,,,1,30,,225380,22,,,1,70,,225381,22,,,1,30,,225382,22,,,1,70,,225383,22,,,1,30,,225384,22,,,1,70,,225385,22,,,1,100,,225386,22,,,1,100,,225387,22,,,1
51900,'519-Weekday-4-26-09-1111100',553,,225389,22,,,1,70,,225390,22,,,1,15,,225391,22,,,1,15,,225392,22,,,1,55,,225393,22,,,1,15,,225394,22,,,1,15,,225395,22,,,1,15,,225396,22,,,1,55,,225397,22,,,1,15,,225398,22,,,1,15,,225399,22,,,1,15,,225435,22,,,1,72,,225400,22,,,1,30,,225401,22,,,1,70,,225402,22,,,1,30,,225403,22,,,1,70,,225404,22,,,1,30,,225405,22,,,1,70,,225406,22,,,1,30,,225407,22,,,1,70,,225408,22,,,1,30,,225409,22,,,1,70,,225410,22,,,1,30,,225411,22,,,1,73,,225412,22,,,1,15,,225413,22,,,1,15,,225414,22,,,1,58,,225415,22,,,1,15,,225416,22,,,1,15,,225417,22,,,1,55,,225418,22,,,1,15,,225419,22,,,1,15,,225420,22,,,1,15,,225421,22,,,1,55,,225422,22,,,1,15,,225423,22,,,1,15,,225424,22,,,1,25,,225425,22,,,1,68,,225426,22,,,1,30,,225427,22,,,1,70,,225428,22,,,1,30,,225429,22,,,1,70,,225430,22,,,1,30,,225431,22,,,1,70,,225432,22,,,1,100,,225433,22,,,1,100,,225434,22,,,1
51900,'519-Saturday-1-26-09-0000010',559,,225437,22,,,1,100,,225436,22,,,1,100,,225438,22,,,1,85,,225439,22,,,1,75,,225440,22,,,1,31,,225441,22,,,1,71,,225442,22,,,1,30,,225443,22,,,1,70,,225444,22,,,1,30,,225445,22,,,1,70,,225446,22,,,1,30,,225447,22,,,1,70,,225448,22,,,1,30,,225449,22,,,1,70,,225450,22,,,1,30,,225451,22,,,1,70,,225452,22,,,1,30,,225453,22,,,1,70,,225454,22,,,1,30,,225455,22,,,1,68,,225456,22,,,1,28,,225457,22,,,1,70,,225458,22,,,1,30,,225459,22,,,1,78,,225460,22,,,1,92,,225461,22,,,1,100,,225462,22,,,1,100,,225463,22,,,1,100,,225464,22,,,1,100,,225465,22,,,1
51900,'519-Sunday-1-26-09-0000001',600,,225466,22,,,1,100,,225467,22,,,1,100,,225468,22,,,1,100,,225469,22,,,1,102,,225470,22,,,1,30,,225471,22,,,1,70,,225472,22,,,1,30,,225473,22,,,1,70,,225474,22,,,1,30,,225475,22,,,1,70,,225476,22,,,1,30,,225477,22,,,1,70,,225478,22,,,1,30,,225479,22,,,1,70,,225480,22,,,1,30,,225481,22,,,1,70,,225482,22,,,1,30,,225483,22,,,1,70,,225484,22,,,1,29,,225485,22,,,1,70,,225486,22,,,1,30,,225487,22,,,1,70,,225488,22,,,1,100,,225489,22,,,1,100,,225490,22,,,1,100,,225491,22,,,1,100,,225492,22,,,1,100,,225493,22,,,1
63801,'638-Weekday-1-26-09-0001000',1248,,227619,14,,,1
63801,'638-Weekday-1-26-09-1110100',1540,,227620,14,,,1
63801,'638-Weekday-1-26-09-1111100',1604,,227621,14,,,1
63801,'638-Weekday-3-26-09-1111100',1604,,227622,14,,,1
66500,'665-Weekday-1-26-09-0001000',1456,,227766,27,,,1,3,,227767,27,,,1
66500,'665-Weekday-1-26-09-1110100',1535,,227768,27,,,1,3,,227769,27,,,1
66500,'665-Weekday-3-26-09-1110100',1535,,227770,27,,,1,3,,227771,27,,,1
