5600,'056-Weekday-1-26-04-1111100',521,,112611,14,,,1,30,,112612,14,,,1,65,,112613,14,,,1,23,,112614,14,,,1,17,,112615,14,,,1,55,,112616,14,,,1,15,,112617,14,,,1,15,,112618,14,,,1,15,,112609,14,,,1,55,,112619,14,,,1,15,,112620,14,,,1,15,,112621,14,,,1,15,,112622,14,,,1,56,,112623,14,,,1,15,,112624,14,,,1,15,,112625,14,,,1,15,,112626,14,,,1,55,,112627,14,,,1,15,,112628,14,,,1,15,,112629,14,,,1,15,,112630,14,,,1,55,,112631,14,,,1,15,,112632,14,,,1,15,,112633,14,,,1,15,,112634,14,,,1,55,,112635,14,,,1,15,,112636,14,,,1,15,,112637,14,,,1,15,,112638,14,,,1,55,,112639,14,,,1,15,,112640,14,,,1,15,,112641,14,,,1,15,,112642,14,,,1,55,,112643,14,,,1,15,,112644,14,,,1,15,,112645,14,,,1,14,,112646,14,,,1,53,,112647,14,,,1,1,,112677,4,0,11,1,3,,112678,4,0,11,1,11,,112648,14,,,1,12,,112649,14,,,1,12,,112650,14,,,1,52,,112651,14,,,1,12,,112652,14,,,1,12,,112653,14,,,1,12,,112654,14,,,1,12,,112655,14,,,1,52,,112656,14,,,1,12,,112657,14,,,1,12,,112658,14,,,1,12,,112659,14,,,1,12,,112660,14,,,1,52,,112661,14,,,1,12,,112662,14,,,1,12,,112663,14,,,1,13,,112664,14,,,1,12,,112665,14,,,1,55,,112666,14,,,1,30,,112667,14,,,1,69,,112668,14,,,1,30,,112669,14,,,1,70,,112670,14,,,1,30,,112671,14,,,1,69,,112672,14,,,1,29,,112673,14,,,1,70,,112674,14,,,1,100,,112675,14,,,1,100,,112676,14,,,1
5600,'056-Saturday-1-26-04-0000010',535,,112725,14,,,1,70,,112681,14,,,1,30,,112726,14,,,1,70,,112682,14,,,1,30,,112727,14,,,1,70,,112683,14,,,1,15,,112728,14,,,1,15,,112684,14,,,1,15,,112685,14,,,1,57,,112729,14,,,1,15,,112686,14,,,1,15,,112687,14,,,1,14,,112730,14,,,1,54,,112688,14,,,1,15,,112689,14,,,1,15,,112690,14,,,1,15,,112731,14,,,1,55,,112691,14,,,1,15,,112692,14,,,1,15,,112693,14,,,1,15,,112732,14,,,1,55,,112694,14,,,1,15,,112695,14,,,1,15,,112696,14,,,1,15,,112733,14,,,1,55,,112697,14,,,1,15,,112698,14,,,1,15,,112699,14,,,1,15,,112734,14,,,1,55,,112700,14,,,1,15,,112701,14,,,1,15,,112703,14,,,1,15,,112735,14,,,1,55,,112704,14,,,1,15,,112705,14,,,1,15,,112702,14,,,1,15,,112736,14,,,1,55,,112714,14,,,1,15,,112715,14,,,1,15,,112716,14,,,1,15,,112737,14,,,1,54,,112717,14,,,1,14,,112718,14,,,1,16,,112719,14,,,1,15,,112738,14,,,1,55,,112720,14,,,1,15,,112721,14,,,1,15,,112722,14,,,1,15,,112739,14,,,1,55,,112723,14,,,1,15,,112724,14,,,1,22,,112711,14,,,1,60,,112740,14,,,1,20,,112706,14,,,1,20,,112712,14,,,1,60,,112741,14,,,1,20,,112707,14,,,1,20,,112713,14,,,1,60,,112742,14,,,1,20,,112708,14,,,1,30,,112743,14,,,1,70,,112710,14,,,1,30,,112744,14,,,1,70,,112709,14,,,1
5600,'056-Sunday-1-26-04-0000001',523,,112778,14,,,1,30,,112779,14,,,1,70,,112745,14,,,1,30,,112780,14,,,1,70,,112746,14,,,1,30,,112781,14,,,1,69,,112747,14,,,1,27,,112776,14,,,1,58,,112782,14,,,1,21,,112748,14,,,1,19,,112777,14,,,1,60,,112783,14,,,1,20,,112749,14,,,1,20,,112772,14,,,1,60,,112784,14,,,1,20,,112750,14,,,1,20,,112751,14,,,1,60,,112785,14,,,1,20,,112752,14,,,1,20,,112753,14,,,1,60,,112786,14,,,1,20,,112754,14,,,1,20,,112755,14,,,1,60,,112787,14,,,1,20,,112756,14,,,1,20,,112757,14,,,1,60,,112788,14,,,1,20,,112758,14,,,1,20,,112759,14,,,1,60,,112789,14,,,1,20,,112760,14,,,1,20,,112761,14,,,1,59,,112790,14,,,1,19,,112762,14,,,1,19,,112763,14,,,1,59,,112791,14,,,1,20,,112764,14,,,1,20,,112765,14,,,1,60,,112792,14,,,1,20,,112766,14,,,1,20,,112773,14,,,1,60,,112793,14,,,1,20,,112767,14,,,1,20,,112774,14,,,1,60,,112794,14,,,1,20,,112769,14,,,1,20,,112775,14,,,1,60,,112795,14,,,1,20,,112770,14,,,1,25,,112796,14,,,1,70,,112768,14,,,1,30,,112797,14,,,1,70,,112771,14,,,1
65001,'650-Weekday-1-26-04-1111100',1513,,120475,4,,,1
68201,'682-Weekday-1-26-04-0001000',1220,,120624,8,,,1,84,,120625,20,,,1
68201,'682-Weekday-1-26-04-1110100',1522,,120626,8,,,1,80,,120627,20,,,1
70301,'703-Weekday-1-26-04-1111100',533,,121145,8,,,1,70,,121146,8,,,1,31,,121181,8,,,1,24,,121147,8,,,1,64,,121148,8,,,1,24,,121182,8,,,1,64,,121149,8,,,1,24,,121150,8,,,1,24,,121184,8,,,1,61,,121151,8,,,1,19,,121152,8,,,1,20,,121153,8,,,1,60,,121154,8,,,1,20,,121155,8,,,1,20,,121156,8,,,1,60,,121157,8,,,1,20,,121158,8,,,1,20,,121159,8,,,1,60,,121160,8,,,1,20,,121161,8,,,1,20,,121162,8,,,1,60,,121163,8,,,1,20,,121164,8,,,1,20,,121165,8,,,1,60,,121166,8,,,1,20,,121183,8,,,1,21,,121167,8,,,1,51,,121192,4,,,1,6,,121168,8,,,1,15,,121169,8,,,1,15,,121170,8,,,1,55,,121171,8,,,1,15,,121172,8,,,1,15,,121173,8,,,1,15,,121174,8,,,1,55,,121175,8,,,1,15,,121176,8,,,1,15,,121177,8,,,1,15,,121191,8,,,1,55,,121178,8,,,1,30,,121179,8,,,1,28,,121180,8,,,1,64,,121185,8,,,1,26,,121186,8,,,1,70,,121187,8,,,1,30,,121188,8,,,1,70,,121189,8,,,1,30,,121190,8,,,1
70301,'703-Saturday-1-26-04-0000010',820,,121193,8,,,1,30,,121194,8,,,1,70,,121195,8,,,1,31,,121196,8,,,1,70,,121197,8,,,1,30,,121198,8,,,1,70,,121199,8,,,1,30,,121200,8,,,1,70,,121201,8,,,1,30,,121202,8,,,1,70,,121203,8,,,1,30,,121204,8,,,1,70,,121205,8,,,1,30,,121206,8,,,1,70,,121207,8,,,1,30,,121208,8,,,1,70,,121209,8,,,1,30,,121210,8,,,1,69,,121211,8,,,1,30,,121212,8,,,1,70,,121213,8,,,1,30,,121214,8,,,1,70,,121215,8,,,1
70301,'703-Sunday-1-26-04-0000001',1036,,121225,8,,,1,70,,121226,8,,,1,30,,121227,8,,,1,70,,121228,8,,,1,30,,121229,8,,,1,70,,121230,8,,,1,30,,121231,8,,,1,70,,121232,8,,,1,30,,121233,8,,,1,70,,121224,8,,,1,30,,121216,8,,,1,70,,121217,8,,,1,30,,121218,8,,,1,69,,121219,8,,,1,28,,121220,8,,,1,70,,121221,8,,,1,30,,121222,8,,,1,73,,121223,8,,,1
72401,'724-Weekday-1-26-04-1111100',621,,124411,14,,,1,32,,124412,14,,,1,74,,124413,14,,,1,30,,124414,14,,,1,70,,124415,14,,,1,30,,124416,14,,,1,665,,124417,14,,,1,30,,124418,14,,,1,70,,124419,14,,,1,30,,124420,14,,,1,70,,124421,14,,,1,30,,124422,14,,,1,70,,124423,14,,,1
