50100,'501-Weekday-1-26-09-1111100',613,,221207,22,,,1,31,,221208,22,,,1,70,,221240,22,,,1,15,,221209,22,,,1,15,,221237,22,,,1,15,,221210,22,,,1,55,,221243,22,,,1,15,,221211,22,,,1,15,,221244,22,,,1,74,,221213,22,,,1,34,,221214,22,,,1,74,,221215,22,,,1,74,,221216,22,,,1,34,,221217,22,,,1,74,,221218,22,,,1,34,,221219,22,,,1,74,,221220,22,,,1,34,,221221,22,,,1,74,,221242,22,,,1,35,,221241,22,,,1,57,,221238,22,,,1,15,,221222,22,,,1,15,,221223,22,,,1,55,,221224,22,,,1,15,,221239,22,,,1,15,,221226,22,,,1,15,,221225,22,,,1,55,,221228,22,,,1,15,,221245,22,,,1,15,,221246,22,,,1,15,,221247,22,,,1,70,,221229,22,,,1,29,,221230,22,,,1,71,,221231,22,,,1,31,,221232,22,,,1,71,,221233,22,,,1,31,,221234,22,,,1,71,,221235,22,,,1,31,,221236,22,,,1,98,,221227,22,,,1,100,,221212,22,,,1
50100,'501-Weekday-2-26-09-1111100',613,,221248,22,,,1,31,,221249,22,,,1,70,,221281,22,,,1,15,,221250,22,,,1,15,,221278,22,,,1,15,,221251,22,,,1,55,,221284,22,,,1,15,,221252,22,,,1,15,,221285,22,,,1,74,,221254,22,,,1,34,,221255,22,,,1,74,,221256,22,,,1,74,,221257,22,,,1,34,,221258,22,,,1,74,,221259,22,,,1,34,,221260,22,,,1,74,,221261,22,,,1,34,,221262,22,,,1,74,,221283,22,,,1,35,,221282,22,,,1,57,,221279,22,,,1,15,,221263,22,,,1,15,,221264,22,,,1,55,,221265,22,,,1,15,,221280,22,,,1,15,,221267,22,,,1,15,,221266,22,,,1,55,,221269,22,,,1,15,,221286,22,,,1,15,,221287,22,,,1,15,,221288,22,,,1,70,,221270,22,,,1,29,,221271,22,,,1,71,,221272,22,,,1,31,,221273,22,,,1,71,,221274,22,,,1,31,,221275,22,,,1,71,,221276,22,,,1,31,,221277,22,,,1,98,,221268,22,,,1,100,,221253,22,,,1
50100,'501-Weekday-4-26-09-1111100',613,,221289,22,,,1,31,,221290,22,,,1,70,,221322,22,,,1,15,,221291,22,,,1,15,,221319,22,,,1,15,,221292,22,,,1,55,,221325,22,,,1,15,,221293,22,,,1,15,,221326,22,,,1,74,,221295,22,,,1,34,,221296,22,,,1,74,,221297,22,,,1,74,,221298,22,,,1,34,,221299,22,,,1,74,,221300,22,,,1,34,,221301,22,,,1,74,,221302,22,,,1,34,,221303,22,,,1,74,,221324,22,,,1,35,,221323,22,,,1,57,,221320,22,,,1,15,,221304,22,,,1,15,,221305,22,,,1,55,,221306,22,,,1,15,,221321,22,,,1,15,,221308,22,,,1,15,,221307,22,,,1,55,,221310,22,,,1,15,,221327,22,,,1,15,,221328,22,,,1,15,,221329,22,,,1,70,,221311,22,,,1,29,,221312,22,,,1,71,,221313,22,,,1,31,,221314,22,,,1,71,,221315,22,,,1,31,,221316,22,,,1,71,,221317,22,,,1,31,,221318,22,,,1,98,,221309,22,,,1,100,,221294,22,,,1
50100,'501-Saturday-1-26-09-0000010',613,,221352,22,,,1,100,,221353,22,,,1,100,,221330,22,,,1,30,,221331,22,,,1,71,,221332,22,,,1,32,,221333,22,,,1,72,,221334,22,,,1,32,,221335,22,,,1,72,,221336,22,,,1,32,,221337,22,,,1,72,,221338,22,,,1,32,,221339,22,,,1,72,,221340,22,,,1,72,,221341,22,,,1,32,,221342,22,,,1,72,,221343,22,,,1,32,,221344,22,,,1,72,,221345,22,,,1,32,,221346,22,,,1,72,,221347,22,,,1,32,,221348,22,,,1,72,,221349,22,,,1,32,,221350,22,,,1,72,,221351,22,,,1
50100,'501-Sunday-1-26-09-0000001',621,,221354,22,,,1,100,,221355,22,,,1,100,,221356,22,,,1,101,,221357,22,,,1,100,,221358,22,,,1,30,,221359,22,,,1,70,,221360,22,,,1,30,,221361,22,,,1,70,,221362,22,,,1,30,,221363,22,,,1,70,,221364,22,,,1,30,,221365,22,,,1,70,,221366,22,,,1,30,,221367,22,,,1,70,,221368,22,,,1,30,,221369,22,,,1,70,,221370,22,,,1,30,,221371,22,,,1,70,,221372,22,,,1,30,,221373,22,,,1,70,,221374,22,,,1,30,,221375,22,,,1,70,,221376,22,,,1
52400,'524-Weekday-1-26-09-1111100',906,,226578,8,,,1,30,,226579,8,,,1,70,,226580,8,,,1,30,,226581,8,,,1,70,,226582,8,,,1,30,,226583,8,,,1,70,,226584,8,,,1,30,,226585,8,,,1,70,,226586,8,,,1,30,,226587,8,,,1,70,,226588,8,,,1,30,,226589,8,,,1,70,,226590,8,,,1,100,,226591,8,,,1,100,,226592,8,,,1
52400,'524-Weekday-2-26-09-1111100',906,,226593,8,,,1,30,,226594,8,,,1,70,,226595,8,,,1,30,,226596,8,,,1,70,,226597,8,,,1,30,,226598,8,,,1,70,,226599,8,,,1,30,,226600,8,,,1,70,,226601,8,,,1,30,,226602,8,,,1,70,,226603,8,,,1,30,,226604,8,,,1,70,,226605,8,,,1,100,,226606,8,,,1,100,,226607,8,,,1
52400,'524-Weekday-4-26-09-1111100',906,,226608,8,,,1,30,,226609,8,,,1,70,,226610,8,,,1,30,,226611,8,,,1,70,,226612,8,,,1,30,,226613,8,,,1,70,,226614,8,,,1,30,,226615,8,,,1,70,,226616,8,,,1,30,,226617,8,,,1,70,,226618,8,,,1,30,,226619,8,,,1,70,,226620,8,,,1,100,,226621,8,,,1,100,,226622,8,,,1
52400,'524-Saturday-1-26-09-0000010',1035,,226623,8,,,1,100,,226624,8,,,1,100,,226625,8,,,1,100,,226626,8,,,1,100,,226627,8,,,1,100,,226628,8,,,1,100,,226629,8,,,1
52400,'524-Sunday-1-26-09-0000001',1034,,226630,8,,,1,100,,226631,8,,,1,100,,226632,8,,,1,100,,226633,8,,,1,100,,226634,8,,,1,100,,226635,8,,,1
