52101,'521-Weekday-1-26-09-1111100',548,,225883,20,,,1,70,,225884,20,,,1,12,,225885,20,,,1,15,,225886,20,,,1,14,,225927,20,,,1,52,,225922,20,,,1,12,,225887,20,,,1,12,,225888,20,,,1,12,,225889,20,,,1,12,,225928,20,,,1,52,,225921,20,,,1,12,,225890,20,,,1,12,,225891,20,,,1,12,,225926,20,,,1,67,,225892,20,,,1,29,,225893,20,,,1,70,,225894,20,,,1,30,,225895,20,,,1,70,,225896,20,,,1,30,,225897,20,,,1,70,,225898,20,,,1,30,,225899,20,,,1,70,,225900,20,,,1,30,,225901,20,,,1,70,,225902,20,,,1,30,,225903,20,,,1,76,,225925,20,,,1,35,,225924,20,,,1,55,,225904,20,,,1,1,,225931,20,,,1,14,,225905,20,,,1,15,,225906,20,,,1,15,,225907,20,,,1,55,,225908,20,,,1,15,,225909,20,,,1,15,,225910,20,,,1,15,,225911,20,,,1,55,,225912,20,,,1,15,,225913,20,,,1,23,,225923,20,,,1,68,,225914,20,,,1,30,,225915,20,,,1,70,,225916,20,,,1,30,,225917,20,,,1,70,,225918,20,,,1,30,,225919,20,,,1,68,,225920,20,,,1,100,,225929,20,,,1,100,,225930,20,,,1
52101,'521-Weekday-2-26-09-1111100',548,,225932,20,,,1,70,,225933,20,,,1,12,,225934,20,,,1,15,,225935,20,,,1,14,,225976,20,,,1,52,,225971,20,,,1,12,,225936,20,,,1,12,,225937,20,,,1,12,,225938,20,,,1,12,,225977,20,,,1,52,,225970,20,,,1,12,,225939,20,,,1,12,,225940,20,,,1,12,,225975,20,,,1,67,,225941,20,,,1,29,,225942,20,,,1,70,,225943,20,,,1,30,,225944,20,,,1,70,,225945,20,,,1,30,,225946,20,,,1,70,,225947,20,,,1,30,,225948,20,,,1,70,,225949,20,,,1,30,,225950,20,,,1,70,,225951,20,,,1,30,,225952,20,,,1,76,,225974,20,,,1,35,,225973,20,,,1,55,,225953,20,,,1,1,,225980,20,,,1,14,,225954,20,,,1,15,,225955,20,,,1,15,,225956,20,,,1,55,,225957,20,,,1,15,,225958,20,,,1,15,,225959,20,,,1,15,,225960,20,,,1,55,,225961,20,,,1,15,,225962,20,,,1,23,,225972,20,,,1,68,,225963,20,,,1,30,,225964,20,,,1,70,,225965,20,,,1,30,,225966,20,,,1,70,,225967,20,,,1,30,,225968,20,,,1,68,,225969,20,,,1,100,,225978,20,,,1,100,,225979,20,,,1
52101,'521-Weekday-4-26-09-1111100',548,,225981,20,,,1,70,,225982,20,,,1,12,,225983,20,,,1,15,,225984,20,,,1,14,,226025,20,,,1,52,,226020,20,,,1,12,,225985,20,,,1,12,,225986,20,,,1,12,,225987,20,,,1,12,,226026,20,,,1,52,,226019,20,,,1,12,,225988,20,,,1,12,,225989,20,,,1,12,,226024,20,,,1,67,,225990,20,,,1,29,,225991,20,,,1,70,,225992,20,,,1,30,,225993,20,,,1,70,,225994,20,,,1,30,,225995,20,,,1,70,,225996,20,,,1,30,,225997,20,,,1,70,,225998,20,,,1,30,,225999,20,,,1,70,,226000,20,,,1,30,,226001,20,,,1,76,,226023,20,,,1,35,,226022,20,,,1,55,,226002,20,,,1,15,,226003,20,,,1,15,,226004,20,,,1,15,,226005,20,,,1,55,,226006,20,,,1,15,,226007,20,,,1,15,,226008,20,,,1,15,,226009,20,,,1,55,,226010,20,,,1,15,,226011,20,,,1,23,,226021,20,,,1,68,,226012,20,,,1,30,,226013,20,,,1,70,,226014,20,,,1,30,,226015,20,,,1,70,,226016,20,,,1,30,,226017,20,,,1,68,,226018,20,,,1,100,,226027,20,,,1,100,,226028,20,,,1
52101,'521-Saturday-1-26-09-0000010',811,,226029,20,,,1,30,,226030,20,,,1,71,,226031,20,,,1,32,,226032,20,,,1,70,,226033,20,,,1,30,,226034,20,,,1,70,,226035,20,,,1,30,,226036,20,,,1,70,,226037,20,,,1,30,,226038,20,,,1,70,,226039,20,,,1,30,,226040,20,,,1,70,,226041,20,,,1,30,,226042,20,,,1,70,,226043,20,,,1,30,,226044,20,,,1,70,,226045,20,,,1,30,,226046,20,,,1,70,,226047,20,,,1,30,,226048,20,,,1,70,,226049,20,,,1,30,,226050,20,,,1,70,,226051,20,,,1
52101,'521-Sunday-1-26-09-0000001',1014,,226052,20,,,1,30,,226053,20,,,1,70,,226054,20,,,1,30,,226055,20,,,1,70,,226056,20,,,1,30,,226057,20,,,1,70,,226058,20,,,1,30,,226059,20,,,1,70,,226060,20,,,1,30,,226061,20,,,1,70,,226062,20,,,1,30,,226063,20,,,1,70,,226064,20,,,1,30,,226065,20,,,1,69,,226066,20,,,1,30,,226067,20,,,1,70,,226068,20,,,1,30,,226069,20,,,1,70,,226070,20,,,1
63800,'638-Weekday-1-26-09-0000100',927,,227612,3,,,1,3,,227611,3,,,1
63800,'638-Weekday-1-26-09-1111000',759,,227614,3,,,1,42,,227613,3,,,1
63800,'638-Weekday-1-26-09-1111100',726,,227615,3,,,1,3,,227616,3,,,1
63800,'638-Weekday-3-26-09-1111000',759,,227618,3,,,1,42,,227617,3,,,1
66401,'664-Weekday-1-26-09-1111100',806,,227762,9,0,21 22,1,3,,227763,9,0,21 22,1
66401,'664-Weekday-3-26-09-1111100',806,,227764,9,0,21 22,1,3,,227765,9,0,21 22,1
