50100,'501-Weekday-1-26-09-1111100',559,,221207,1,,,1,70,,221208,1,,,1,30,,221240,1,,,1,55,,221209,1,,,1,15,,221237,1,,,1,15,,221210,1,,,1,15,,221243,1,,,1,55,,221211,1,,,1,15,,221244,1,,,1,74,,221213,1,,,1,34,,221214,1,,,1,74,,221215,1,,,1,34,,221216,1,,,1,74,,221217,1,,,1,34,,221218,1,,,1,74,,221219,1,,,1,74,,221220,1,,,1,34,,221221,1,,,1,74,,221242,1,,,1,35,,221241,1,,,1,56,,221238,1,,,1,15,,221222,1,,,1,15,,221223,1,,,1,15,,221224,1,,,1,55,,221239,1,,,1,15,,221226,1,,,1,15,,221225,1,,,1,15,,221228,1,,,1,55,,221245,1,,,1,15,,221246,1,,,1,15,,221247,1,,,1,70,,221229,1,,,1,31,,221230,1,,,1,71,,221231,1,,,1,31,,221232,1,,,1,71,,221233,1,,,1,31,,221234,1,,,1,71,,221235,1,,,1,31,,221236,1,,,1,100,,221227,1,,,1,100,,221212,1,,,1
50100,'501-Weekday-2-26-09-1111100',559,,221248,1,,,1,70,,221249,1,,,1,30,,221281,1,,,1,55,,221250,1,,,1,15,,221278,1,,,1,15,,221251,1,,,1,15,,221284,1,,,1,55,,221252,1,,,1,15,,221285,1,,,1,74,,221254,1,,,1,34,,221255,1,,,1,74,,221256,1,,,1,34,,221257,1,,,1,74,,221258,1,,,1,34,,221259,1,,,1,74,,221260,1,,,1,74,,221261,1,,,1,34,,221262,1,,,1,74,,221283,1,,,1,35,,221282,1,,,1,56,,221279,1,,,1,15,,221263,1,,,1,15,,221264,1,,,1,15,,221265,1,,,1,55,,221280,1,,,1,15,,221267,1,,,1,15,,221266,1,,,1,15,,221269,1,,,1,55,,221286,1,,,1,15,,221287,1,,,1,15,,221288,1,,,1,70,,221270,1,,,1,31,,221271,1,,,1,71,,221272,1,,,1,31,,221273,1,,,1,71,,221274,1,,,1,31,,221275,1,,,1,71,,221276,1,,,1,31,,221277,1,,,1,100,,221268,1,,,1,100,,221253,1,,,1
50100,'501-Weekday-4-26-09-1111100',559,,221289,1,,,1,70,,221290,1,,,1,30,,221322,1,,,1,55,,221291,1,,,1,15,,221319,1,,,1,15,,221292,1,,,1,15,,221325,1,,,1,55,,221293,1,,,1,15,,221326,1,,,1,74,,221295,1,,,1,34,,221296,1,,,1,74,,221297,1,,,1,34,,221298,1,,,1,74,,221299,1,,,1,34,,221300,1,,,1,74,,221301,1,,,1,74,,221302,1,,,1,34,,221303,1,,,1,74,,221324,1,,,1,35,,221323,1,,,1,56,,221320,1,,,1,15,,221304,1,,,1,15,,221305,1,,,1,15,,221306,1,,,1,55,,221321,1,,,1,15,,221308,1,,,1,15,,221307,1,,,1,15,,221310,1,,,1,55,,221327,1,,,1,15,,221328,1,,,1,15,,221329,1,,,1,70,,221311,1,,,1,31,,221312,1,,,1,71,,221313,1,,,1,31,,221314,1,,,1,71,,221315,1,,,1,31,,221316,1,,,1,71,,221317,1,,,1,31,,221318,1,,,1,100,,221309,1,,,1,100,,221294,1,,,1
50100,'501-Saturday-1-26-09-0000010',600,,221352,1,,,1,100,,221353,1,,,1,100,,221330,1,,,1,30,,221331,1,,,1,70,,221332,1,,,1,32,,221333,1,,,1,72,,221334,1,,,1,32,,221335,1,,,1,72,,221336,1,,,1,32,,221337,1,,,1,72,,221338,1,,,1,32,,221339,1,,,1,72,,221340,1,,,1,32,,221341,1,,,1,72,,221342,1,,,1,32,,221343,1,,,1,72,,221344,1,,,1,32,,221345,1,,,1,72,,221346,1,,,1,72,,221347,1,,,1,32,,221348,1,,,1,72,,221349,1,,,1,32,,221350,1,,,1,72,,221351,1,,,1
50100,'501-Sunday-1-26-09-0000001',608,,221354,1,,,1,100,,221355,1,,,1,100,,221356,1,,,1,100,,221357,1,,,1,100,,221358,1,,,1,30,,221359,1,,,1,70,,221360,1,,,1,30,,221361,1,,,1,70,,221362,1,,,1,30,,221363,1,,,1,70,,221364,1,,,1,30,,221365,1,,,1,70,,221366,1,,,1,30,,221367,1,,,1,70,,221368,1,,,1,30,,221369,1,,,1,70,,221370,1,,,1,30,,221371,1,,,1,70,,221372,1,,,1,30,,221373,1,,,1,70,,221374,1,,,1,30,,221375,1,,,1,70,,221376,1,,,1
50101,'501-Weekday-1-26-09-0001000',1446,,221377,40,4,,1
50101,'501-Weekday-1-26-09-1110100',1538,,221378,40,4,,1
50101,'501-Weekday-1-26-09-1111100',627,,221379,40,4,,1,74,,221380,40,4,,1,36,,221381,40,4,,1,15,,221382,40,4,,1,55,,221407,40,4,,1,15,,221383,40,4,,1,15,,221384,40,4,,1,15,,221385,40,4,,1,55,,221421,40,4,,1,14,,221422,40,4,,1,15,,221387,40,4,,1,72,,221388,40,4,,1,34,,221389,40,4,,1,74,,221390,40,4,,1,34,,221391,40,4,,1,74,,221392,40,4,,1,34,,221409,40,4,,1,74,,221393,40,4,,1,74,,221394,40,4,,1,34,,221395,40,4,,1,76,,221396,40,4,,1,23,,221408,40,4,,1,15,,221386,40,4,,1,55,,221411,40,4,,1,17,,221412,40,4,,1,15,,221413,40,4,,1,15,,221414,40,4,,1,55,,221415,40,4,,1,15,,221416,40,4,,1,15,,221417,40,4,,1,15,,221397,40,4,,1,55,,221398,40,4,,1,15,,221418,40,4,,1,14,,221419,40,4,,1,64,,221420,40,4,,1,26,,221399,40,4,,1,71,,221400,40,4,,1,31,,221401,40,4,,1,71,,221402,40,4,,1,31,,221403,40,4,,1,71,,221404,40,4,,1,28,,221410,40,4,,1,100,,221406,40,4,,1,100,,221405,40,4,,1
50101,'501-Weekday-2-26-09-1110100',1538,,221423,40,4,,1
50101,'501-Weekday-2-26-09-1111100',627,,221424,40,4,,1,74,,221425,40,4,,1,36,,221426,40,4,,1,15,,221427,40,4,,1,55,,221452,40,4,,1,15,,221428,40,4,,1,15,,221429,40,4,,1,15,,221430,40,4,,1,55,,221466,40,4,,1,14,,221467,40,4,,1,15,,221432,40,4,,1,72,,221433,40,4,,1,34,,221434,40,4,,1,74,,221435,40,4,,1,34,,221436,40,4,,1,74,,221437,40,4,,1,34,,221454,40,4,,1,74,,221438,40,4,,1,74,,221439,40,4,,1,34,,221440,40,4,,1,76,,221441,40,4,,1,23,,221453,40,4,,1,15,,221431,40,4,,1,55,,221456,40,4,,1,17,,221457,40,4,,1,15,,221458,40,4,,1,15,,221459,40,4,,1,55,,221460,40,4,,1,15,,221461,40,4,,1,15,,221462,40,4,,1,15,,221442,40,4,,1,55,,221443,40,4,,1,15,,221463,40,4,,1,14,,221464,40,4,,1,64,,221465,40,4,,1,26,,221444,40,4,,1,71,,221445,40,4,,1,31,,221446,40,4,,1,71,,221447,40,4,,1,31,,221448,40,4,,1,71,,221449,40,4,,1,28,,221455,40,4,,1,100,,221451,40,4,,1,100,,221450,40,4,,1
50101,'501-Weekday-4-26-09-1111100',627,,221468,40,4,,1,74,,221469,40,4,,1,36,,221470,40,4,,1,15,,221471,40,4,,1,55,,221496,40,4,,1,15,,221472,40,4,,1,15,,221473,40,4,,1,15,,221474,40,4,,1,55,,221510,40,4,,1,14,,221511,40,4,,1,15,,221476,40,4,,1,72,,221477,40,4,,1,34,,221478,40,4,,1,74,,221479,40,4,,1,34,,221480,40,4,,1,74,,221481,40,4,,1,34,,221498,40,4,,1,74,,221482,40,4,,1,74,,221483,40,4,,1,34,,221484,40,4,,1,76,,221485,40,4,,1,23,,221497,40,4,,1,15,,221475,40,4,,1,55,,221500,40,4,,1,17,,221501,40,4,,1,15,,221502,40,4,,1,15,,221503,40,4,,1,55,,221504,40,4,,1,15,,221505,40,4,,1,15,,221506,40,4,,1,15,,221486,40,4,,1,55,,221487,40,4,,1,15,,221507,40,4,,1,14,,221508,40,4,,1,64,,221509,40,4,,1,26,,221488,40,4,,1,71,,221489,40,4,,1,31,,221490,40,4,,1,71,,221491,40,4,,1,31,,221492,40,4,,1,71,,221493,40,4,,1,28,,221499,40,4,,1,100,,221495,40,4,,1,100,,221494,40,4,,1
50101,'501-Saturday-1-26-09-0000010',656,,221534,40,4,,1,100,,221535,40,4,,1,70,,221512,40,4,,1,30,,221513,40,4,,1,72,,221514,40,4,,1,72,,221515,40,4,,1,32,,221516,40,4,,1,72,,221517,40,4,,1,32,,221518,40,4,,1,72,,221519,40,4,,1,32,,221520,40,4,,1,72,,221521,40,4,,1,32,,221522,40,4,,1,72,,221523,40,4,,1,32,,221524,40,4,,1,72,,221525,40,4,,1,32,,221526,40,4,,1,72,,221527,40,4,,1,32,,221528,40,4,,1,72,,221529,40,4,,1,72,,221530,40,4,,1,32,,221532,40,4,,1,72,,221531,40,4,,1,32,,221533,40,4,,1
50101,'501-Sunday-1-26-09-0000001',703,,221557,40,4,,1,100,,221558,40,4,,1,100,,221536,40,4,,1,102,,221537,40,4,,1,30,,221538,40,4,,1,70,,221539,40,4,,1,30,,221540,40,4,,1,70,,221541,40,4,,1,30,,221542,40,4,,1,70,,221543,40,4,,1,30,,221544,40,4,,1,70,,221545,40,4,,1,30,,221546,40,4,,1,70,,221547,40,4,,1,30,,221548,40,4,,1,70,,221549,40,4,,1,30,,221550,40,4,,1,70,,221551,40,4,,1,30,,221552,40,4,,1,70,,221553,40,4,,1,30,,221554,40,4,,1,70,,221555,40,4,,1,30,,221556,40,4,,1
51100,'511-Weekday-1-26-09-1111100',2516,,223003,10,0,28 31,1,30,,223004,10,0,28 31,1,70,,223005,10,0,28 31,1,30,,223006,10,0,28 31,1
51100,'511-Weekday-2-26-09-1111100',2516,,223007,10,0,28 31,1,30,,223008,10,0,28 31,1,70,,223009,10,0,28 31,1,30,,223010,10,0,28 31,1
51100,'511-Weekday-4-26-09-1111100',2516,,223011,10,0,28 31,1,30,,223012,10,0,28 31,1,70,,223013,10,0,28 31,1,30,,223014,10,0,28 31,1
51100,'511-Saturday-1-26-09-0000010',2515,,223015,10,0,28 31,1,30,,223016,10,0,28 31,1,70,,223017,10,0,28 31,1,30,,223018,10,0,28 31,1
51100,'511-Sunday-1-26-09-0000001',2514,,223019,10,0,28 31,1,30,,223020,10,0,28 31,1,70,,223021,10,0,28 31,1,30,,223022,10,0,28 31,1
