11800,'118-Weekday-1-26-09-1111100',515,,219268,35,,,1,30,,219269,35,,,1,70,,219270,35,,,1,33,,219304,35,,,1,55,,219271,35,,,1,15,,219305,35,,,1,15,,219299,35,,,1,15,,219272,35,,,1,55,,219273,35,,,1,15,,219300,35,,,1,15,,219302,35,,,1,15,,219306,35,,,1,66,,219274,35,,,1,30,,219275,35,,,1,70,,219276,35,,,1,30,,219277,35,,,1,70,,219278,35,,,1,30,,219279,35,,,1,70,,219280,35,,,1,30,,219281,35,,,1,70,,219282,35,,,1,30,,219283,35,,,1,70,,219284,35,,,1,30,,219285,35,,,1,72,,219286,35,,,1,30,,219287,35,,,1,62,,219288,35,,,1,20,,219307,35,,,1,20,,219289,35,,,1,60,,219290,35,,,1,20,,219308,35,,,1,20,,219303,35,,,1,66,,219291,35,,,1,31,,219292,35,,,1,70,,219293,35,,,1,30,,219294,35,,,1,70,,219295,35,,,1,30,,219296,35,,,1,70,,219297,35,,,1,30,,219298,35,,,1,70,,219301,35,,,1
11800,'118-Weekday-2-26-09-1111100',515,,219309,35,,,1,30,,219310,35,,,1,70,,219311,35,,,1,33,,219345,35,,,1,55,,219312,35,,,1,15,,219346,35,,,1,15,,219340,35,,,1,15,,219313,35,,,1,55,,219314,35,,,1,15,,219341,35,,,1,15,,219343,35,,,1,15,,219347,35,,,1,66,,219315,35,,,1,30,,219316,35,,,1,70,,219317,35,,,1,30,,219318,35,,,1,70,,219319,35,,,1,30,,219320,35,,,1,70,,219321,35,,,1,30,,219322,35,,,1,70,,219323,35,,,1,30,,219324,35,,,1,70,,219325,35,,,1,30,,219326,35,,,1,72,,219327,35,,,1,30,,219328,35,,,1,62,,219329,35,,,1,20,,219348,35,,,1,20,,219330,35,,,1,60,,219331,35,,,1,20,,219349,35,,,1,20,,219344,35,,,1,66,,219332,35,,,1,31,,219333,35,,,1,70,,219334,35,,,1,30,,219335,35,,,1,70,,219336,35,,,1,30,,219337,35,,,1,70,,219338,35,,,1,30,,219339,35,,,1,70,,219342,35,,,1
11800,'118-Weekday-4-26-09-1111100',515,,219350,35,,,1,30,,219351,35,,,1,70,,219352,35,,,1,33,,219386,35,,,1,55,,219353,35,,,1,15,,219387,35,,,1,15,,219381,35,,,1,15,,219354,35,,,1,55,,219355,35,,,1,15,,219382,35,,,1,15,,219384,35,,,1,15,,219388,35,,,1,66,,219356,35,,,1,30,,219357,35,,,1,70,,219358,35,,,1,30,,219359,35,,,1,70,,219360,35,,,1,30,,219361,35,,,1,70,,219362,35,,,1,30,,219363,35,,,1,70,,219364,35,,,1,30,,219365,35,,,1,70,,219366,35,,,1,30,,219367,35,,,1,72,,219368,35,,,1,30,,219369,35,,,1,62,,219370,35,,,1,20,,219389,35,,,1,20,,219371,35,,,1,60,,219372,35,,,1,20,,219390,35,,,1,20,,219385,35,,,1,66,,219373,35,,,1,31,,219374,35,,,1,70,,219375,35,,,1,30,,219376,35,,,1,70,,219377,35,,,1,30,,219378,35,,,1,70,,219379,35,,,1,30,,219380,35,,,1,70,,219383,35,,,1
11800,'118-Saturday-1-26-09-0000010',632,,219391,35,,,1,100,,219392,35,,,1,100,,219408,35,,,1,71,,219410,35,,,1,31,,219409,35,,,1,70,,219393,35,,,1,30,,219394,35,,,1,70,,219395,35,,,1,30,,219396,35,,,1,70,,219397,35,,,1,30,,219398,35,,,1,70,,219399,35,,,1,30,,219400,35,,,1,70,,219401,35,,,1,30,,219402,35,,,1,70,,219403,35,,,1,30,,219404,35,,,1,70,,219405,35,,,1,30,,219406,35,,,1,69,,219407,35,,,1,30,,219411,35,,,1,70,,219412,35,,,1,30,,219413,35,,,1,70,,219414,35,,,1,30,,219415,35,,,1
11800,'118-Sunday-1-26-09-0000001',654,,219435,35,,,1,100,,219434,35,,,1,100,,219433,35,,,1,103,,219432,35,,,1,100,,219431,35,,,1,85,,219430,35,,,1,70,,219429,35,,,1,30,,219428,35,,,1,70,,219427,35,,,1,30,,219426,35,,,1,70,,219425,35,,,1,30,,219424,35,,,1,70,,219423,35,,,1,30,,219422,35,,,1,70,,219421,35,,,1,30,,219420,35,,,1,68,,219419,35,,,1,29,,219418,35,,,1,70,,219417,35,,,1,30,,219416,35,,,1,70,,219436,35,,,1
61200,'612-Weekday-1-26-09-0001000',1255,,227408,31,,,1
61200,'612-Weekday-1-26-09-1110100',1533,,227409,31,,,1
62000,'620-Weekday-1-26-09-0001000',1217,,227450,19,0,62 63,1
62000,'620-Weekday-1-26-09-1110100',1525,,227451,19,0,62 63,1
62000,'620-Weekday-1-26-09-1111100',1548,,227452,19,0,62 63,1,6,,227453,19,0,62 63,1
62000,'620-Weekday-3-26-09-1111100',1548,,227454,19,0,62 63,1,6,,227455,19,0,62 63,1
