65900,'659-Weekday-1-26-09-0001000',1238,,227702,7,,,1
65900,'659-Weekday-1-26-09-1110100',1530,,227704,7,,,1,2,,227703,7,,,1
66700,'667-Weekday-1-26-09-0001000',1439,,227776,11,,,1,3,,227777,11,,,1
66700,'667-Weekday-1-26-09-1110100',1518,,227778,11,,,1,3,,227779,11,,,1
66700,'667-Weekday-3-26-09-1110100',1518,,227780,11,,,1,3,,227781,11,,,1
72100,'721-Weekday-1-26-09-0001000',1435,,233912,12,,,1
72100,'721-Weekday-1-26-09-1110100',1518,,233913,12,,,1,3,,233914,12,,,1
72100,'721-Weekday-1-26-09-1111100',508,,233956,18,,,1,20,,233957,18,,,1,20,,233958,18,,,1,60,,233959,18,,,1,18,,233915,12,,,1,13,,233960,18,,,1,10,,233916,12,,,1,52,,233968,18,,,1,12,,233917,12,,,1,8,,233970,18,,,1,7,,233974,12,,,1,8,,233961,18,,,1,8,,233918,12,,,1,8,,233975,18,,,1,48,,233919,12,,,1,7,,233976,18,,,1,8,,233969,12,,,1,7,,233977,18,,,1,8,,233920,12,,,1,7,,233978,18,,,1,6,,233921,12,,,1,14,,233971,12,,,1,54,,233923,12,,,1,16,,233922,12,,,1,18,,233924,12,,,1,60,,233925,12,,,1,20,,233926,12,,,1,20,,233927,12,,,1,60,,233928,12,,,1,20,,233929,12,,,1,20,,233930,12,,,1,60,,233931,12,,,1,20,,233932,12,,,1,20,,233933,12,,,1,60,,233934,12,,,1,20,,233935,12,,,1,20,,233936,12,,,1,60,,233937,12,,,1,20,,233938,12,,,1,20,,233939,12,,,1,60,,233940,12,,,1,26,,233941,12,,,1,22,,233972,12,,,1,60,,233965,12,,,1,20,,233966,12,,,1,20,,233967,12,,,1,60,,233964,12,,,1,20,,233973,12,,,1,17,,233979,12,,,1,60,,233980,12,,,1,20,,233963,12,,,1,20,,233962,12,,,1,57,,233942,12,,,1,20,,233943,12,,,1,20,,233944,12,,,1,60,,233945,12,,,1,20,,233946,12,,,1,20,,233947,12,,,1,60,,233948,12,,,1,20,,233949,12,,,1,20,,233950,12,,,1,59,,233951,12,,,1,30,,233952,12,,,1,70,,233953,12,,,1,30,,233954,12,,,1,70,,233955,12,,,1
72100,'721-Weekday-2-26-09-1110100',1518,,233981,12,,,1,3,,233982,12,,,1
72100,'721-Weekday-2-26-09-1111100',508,,234024,18,,,1,20,,234025,18,,,1,20,,234026,18,,,1,60,,234027,18,,,1,18,,233983,12,,,1,13,,234028,18,,,1,10,,233984,12,,,1,52,,234036,18,,,1,12,,233985,12,,,1,8,,234038,18,,,1,7,,234042,12,,,1,8,,234029,18,,,1,8,,233986,12,,,1,8,,234043,18,,,1,48,,233987,12,,,1,7,,234044,18,,,1,8,,234037,12,,,1,7,,234045,18,,,1,8,,233988,12,,,1,7,,234046,18,,,1,6,,233989,12,,,1,14,,234039,12,,,1,54,,233991,12,,,1,16,,233990,12,,,1,18,,233992,12,,,1,60,,233993,12,,,1,20,,233994,12,,,1,20,,233995,12,,,1,60,,233996,12,,,1,20,,233997,12,,,1,20,,233998,12,,,1,60,,233999,12,,,1,20,,234000,12,,,1,20,,234001,12,,,1,60,,234002,12,,,1,20,,234003,12,,,1,20,,234004,12,,,1,60,,234005,12,,,1,20,,234006,12,,,1,20,,234007,12,,,1,60,,234008,12,,,1,26,,234009,12,,,1,22,,234040,12,,,1,60,,234033,12,,,1,20,,234034,12,,,1,20,,234035,12,,,1,60,,234032,12,,,1,20,,234041,12,,,1,17,,234047,12,,,1,60,,234048,12,,,1,20,,234031,12,,,1,20,,234030,12,,,1,57,,234010,12,,,1,20,,234011,12,,,1,20,,234012,12,,,1,60,,234013,12,,,1,20,,234014,12,,,1,20,,234015,12,,,1,60,,234016,12,,,1,20,,234017,12,,,1,20,,234018,12,,,1,59,,234019,12,,,1,30,,234020,12,,,1,70,,234021,12,,,1,30,,234022,12,,,1,70,,234023,12,,,1
72100,'721-Weekday-4-26-09-1111100',508,,234090,18,,,1,20,,234091,18,,,1,20,,234092,18,,,1,60,,234093,18,,,1,18,,234049,12,,,1,13,,234094,18,,,1,10,,234050,12,,,1,52,,234102,18,,,1,12,,234051,12,,,1,8,,234104,18,,,1,7,,234108,12,,,1,8,,234095,18,,,1,8,,234052,12,,,1,8,,234109,18,,,1,48,,234053,12,,,1,7,,234110,18,,,1,8,,234103,12,,,1,7,,234111,18,,,1,8,,234054,12,,,1,7,,234112,18,,,1,6,,234055,12,,,1,14,,234105,12,,,1,54,,234057,12,,,1,16,,234056,12,,,1,18,,234058,12,,,1,60,,234059,12,,,1,20,,234060,12,,,1,20,,234061,12,,,1,60,,234062,12,,,1,20,,234063,12,,,1,20,,234064,12,,,1,60,,234065,12,,,1,20,,234066,12,,,1,20,,234067,12,,,1,60,,234068,12,,,1,20,,234069,12,,,1,20,,234070,12,,,1,60,,234071,12,,,1,20,,234072,12,,,1,20,,234073,12,,,1,60,,234074,12,,,1,26,,234075,12,,,1,22,,234106,12,,,1,60,,234099,12,,,1,20,,234100,12,,,1,20,,234101,12,,,1,60,,234098,12,,,1,20,,234107,12,,,1,17,,234113,12,,,1,60,,234114,12,,,1,20,,234097,12,,,1,20,,234096,12,,,1,57,,234076,12,,,1,20,,234077,12,,,1,20,,234078,12,,,1,60,,234079,12,,,1,20,,234080,12,,,1,20,,234081,12,,,1,60,,234082,12,,,1,20,,234083,12,,,1,20,,234084,12,,,1,59,,234085,12,,,1,30,,234086,12,,,1,70,,234087,12,,,1,30,,234088,12,,,1,70,,234089,12,,,1
72100,'721-Saturday-1-26-09-0000010',552,,234162,18,,,1,70,,234115,18,,,1,30,,234116,18,,,1,70,,234117,18,,,1,30,,234118,18,,,1,70,,234119,18,,,1,25,,234120,18,,,1,61,,234121,18,,,1,24,,234122,18,,,1,20,,234123,18,,,1,60,,234124,18,,,1,20,,234125,18,,,1,20,,234126,18,,,1,60,,234127,18,,,1,20,,234128,18,,,1,20,,234129,18,,,1,60,,234130,18,,,1,20,,234131,18,,,1,20,,234132,18,,,1,60,,234133,18,,,1,20,,234134,18,,,1,20,,234135,18,,,1,60,,234136,18,,,1,20,,234137,18,,,1,21,,234138,18,,,1,61,,234139,18,,,1,20,,234140,18,,,1,20,,234141,18,,,1,60,,234142,18,,,1,20,,234143,18,,,1,20,,234144,18,,,1,58,,234145,18,,,1,18,,234146,18,,,1,20,,234147,18,,,1,60,,234148,18,,,1,20,,234149,18,,,1,20,,234150,18,,,1,60,,234151,18,,,1,30,,234152,18,,,1,70,,234153,18,,,1,30,,234154,18,,,1,70,,234155,18,,,1,30,,234156,18,,,1,70,,234157,18,,,1,30,,234158,18,,,1,70,,234159,18,,,1,30,,234160,18,,,1
72100,'721-Sunday-1-26-09-0000001',614,,234198,18,,,1,30,,234187,18,,,1,70,,234182,18,,,1,30,,234181,18,,,1,70,,234183,18,,,1,30,,234180,18,,,1,68,,234186,18,,,1,31,,234184,18,,,1,70,,234172,18,,,1,30,,234192,18,,,1,70,,234167,18,,,1,30,,234165,18,,,1,70,,234171,18,,,1,30,,234170,18,,,1,67,,234164,18,,,1,30,,234168,18,,,1,70,,234169,18,,,1,30,,234195,18,,,1,70,,234177,18,,,1,30,,234197,18,,,1,70,,234194,18,,,1,30,,234191,18,,,1,70,,234188,18,,,1,31,,234189,18,,,1,70,,234185,18,,,1,30,,234196,18,,,1,70,,234190,18,,,1,30,,234193,18,,,1,70,,234173,18,,,1,30,,234176,18,,,1,70,,234175,18,,,1,30,,234174,18,,,1,85,,234179,18,,,1,100,,234178,18,,,1,100,,234166,18,,,1
