50601,'506-Weekday-1-26-09-1111100',536,,222159,18,,,1,69,,222120,18,,,1,30,,222121,18,,,1,73,,222122,18,,,1,16,,222123,18,,,1,15,,222160,18,,,1,15,,222124,18,,,1,55,,222125,18,,,1,15,,222126,18,,,1,15,,222162,18,,,1,15,,222163,18,,,1,55,,222127,18,,,1,29,,222128,18,,,1,70,,222129,18,,,1,30,,222130,18,,,1,70,,222131,18,,,1,30,,222132,18,,,1,70,,222133,18,,,1,30,,222134,18,,,1,70,,222135,18,,,1,30,,222136,18,,,1,70,,222137,18,,,1,30,,222138,18,,,1,71,,222139,18,,,1,35,,222140,18,,,1,70,,222141,18,,,1,15,,222142,18,,,1,15,,222161,18,,,1,15,,222143,18,,,1,55,,222144,18,,,1,15,,222145,18,,,1,15,,222164,18,,,1,15,,222165,18,,,1,55,,222146,18,,,1,29,,222147,18,,,1,65,,222148,18,,,1,29,,222149,18,,,1,70,,222150,18,,,1,30,,222151,18,,,1,70,,222152,18,,,1,30,,222153,18,,,1,69,,222154,18,,,1,28,,222155,18,,,1,69,,222156,18,,,1,100,,222157,18,,,1
50601,'506-Weekday-2-26-09-1111100',536,,222207,18,,,1,69,,222168,18,,,1,30,,222169,18,,,1,73,,222170,18,,,1,16,,222171,18,,,1,15,,222208,18,,,1,15,,222172,18,,,1,55,,222173,18,,,1,15,,222174,18,,,1,15,,222210,18,,,1,15,,222211,18,,,1,55,,222175,18,,,1,29,,222176,18,,,1,70,,222177,18,,,1,30,,222178,18,,,1,70,,222179,18,,,1,30,,222180,18,,,1,70,,222181,18,,,1,30,,222182,18,,,1,70,,222183,18,,,1,30,,222184,18,,,1,70,,222185,18,,,1,30,,222186,18,,,1,71,,222187,18,,,1,35,,222188,18,,,1,70,,222189,18,,,1,15,,222190,18,,,1,15,,222209,18,,,1,15,,222191,18,,,1,55,,222192,18,,,1,15,,222193,18,,,1,15,,222212,18,,,1,15,,222213,18,,,1,55,,222194,18,,,1,29,,222195,18,,,1,65,,222196,18,,,1,29,,222197,18,,,1,70,,222198,18,,,1,30,,222199,18,,,1,70,,222200,18,,,1,30,,222201,18,,,1,69,,222202,18,,,1,28,,222203,18,,,1,69,,222204,18,,,1,100,,222205,18,,,1
50601,'506-Weekday-4-26-09-1111100',536,,222255,18,,,1,69,,222216,18,,,1,30,,222217,18,,,1,73,,222218,18,,,1,16,,222219,18,,,1,15,,222256,18,,,1,15,,222220,18,,,1,55,,222221,18,,,1,15,,222222,18,,,1,15,,222258,18,,,1,15,,222259,18,,,1,55,,222223,18,,,1,29,,222224,18,,,1,70,,222225,18,,,1,30,,222226,18,,,1,70,,222227,18,,,1,30,,222228,18,,,1,70,,222229,18,,,1,30,,222230,18,,,1,70,,222231,18,,,1,30,,222232,18,,,1,70,,222233,18,,,1,30,,222234,18,,,1,71,,222235,18,,,1,35,,222236,18,,,1,70,,222237,18,,,1,15,,222238,18,,,1,15,,222257,18,,,1,15,,222239,18,,,1,55,,222240,18,,,1,15,,222241,18,,,1,15,,222260,18,,,1,15,,222261,18,,,1,55,,222242,18,,,1,29,,222243,18,,,1,65,,222244,18,,,1,29,,222245,18,,,1,70,,222246,18,,,1,30,,222247,18,,,1,70,,222248,18,,,1,30,,222249,18,,,1,69,,222250,18,,,1,28,,222251,18,,,1,69,,222252,18,,,1,100,,222253,18,,,1
50601,'506-Saturday-1-26-09-0000010',552,,222262,18,,,1,100,,222263,18,,,1,100,,222264,18,,,1,70,,222265,18,,,1,28,,222266,18,,,1,70,,222267,18,,,1,33,,222268,18,,,1,70,,222269,18,,,1,30,,222270,18,,,1,70,,222271,18,,,1,30,,222272,18,,,1,70,,222273,18,,,1,30,,222274,18,,,1,70,,222275,18,,,1,30,,222276,18,,,1,70,,222277,18,,,1,30,,222278,18,,,1,70,,222279,18,,,1,30,,222280,18,,,1,70,,222281,18,,,1,30,,222282,18,,,1,70,,222283,18,,,1,29,,222284,18,,,1,70,,222285,18,,,1,30,,222286,18,,,1,70,,222287,18,,,1,30,,222288,18,,,1,85,,222289,18,,,1,100,,222290,18,,,1,100,,222291,18,,,1,100,,222292,18,,,1
50601,'506-Sunday-1-26-09-0000001',555,,222294,18,,,1,98,,222295,18,,,1,100,,222296,18,,,1,100,,222297,18,,,1,100,,222298,18,,,1,70,,222299,18,,,1,30,,222300,18,,,1,70,,222301,18,,,1,30,,222302,18,,,1,70,,222303,18,,,1,30,,222304,18,,,1,70,,222305,18,,,1,30,,222306,18,,,1,70,,222307,18,,,1,30,,222308,18,,,1,70,,222309,18,,,1,30,,222310,18,,,1,70,,222311,18,,,1,30,,222312,18,,,1,70,,222313,18,,,1,31,,222314,18,,,1,70,,222315,18,,,1,30,,222316,18,,,1,85,,222317,18,,,1,100,,222318,18,,,1,100,,222319,18,,,1,100,,222320,18,,,1,100,,222321,18,,,1
63100,'631-Weekday-1-26-09-1111100',745,,227574,19,,,1
63100,'631-Weekday-3-26-09-1111100',745,,227575,19,,,1
63400,'634-Weekday-1-26-09-0000100',932,,227590,18,,,1
63400,'634-Weekday-1-26-09-1111000',805,,227591,18,,,1,2,,227592,18,,,1
63400,'634-Weekday-3-26-09-1111000',805,,227593,18,,,1,2,,227594,18,,,1
