71701,'717-Weekday-1-26-02-1111100',523,,12272,,,1,30,,12273,,,1,70,,12271,,,1,34,,12274,,,1,54,,12312,,,1,16,,12275,,,1,6,,12311,,,1,24,,12276,,,1,65,,12313,,,1,5,,12277,,,1,30,,12278,,,1,66,,12293,,,1,30,,12294,,,1,70,,12295,,,1,30,,12296,,,1,70,,12297,,,1,30,,12298,,,1,70,,12299,,,1,30,,12300,,,1,70,,12301,,,1,30,,12302,,,1,70,,12303,,,1,30,,12304,,,1,73,,12286,,,1,15,,12290,,,1,15,,12305,,,1,55,,12291,,,1,15,,12292,,,1,15,,12289,,,1,15,,12306,,,1,55,,12288,,,1,15,,12287,,,1,15,,12307,,,1,61,,12309,,,1,22,,12308,,,1,27,,12285,,,1,70,,12284,,,1,30,,12283,,,1,70,,12282,,,1,30,,12281,,,1,70,,12280,,,1,30,,12279,,,1,68,,12310,,,1
71701,'717-Weekday-2-26-02-1111100',523,,72079,,,1,30,,72080,,,1,70,,72078,,,1,34,,72081,,,1,54,,72119,,,1,16,,72082,,,1,6,,72118,,,1,24,,72083,,,1,65,,72120,,,1,5,,72084,,,1,30,,72085,,,1,66,,72100,,,1,30,,72101,,,1,70,,72102,,,1,30,,72103,,,1,70,,72104,,,1,30,,72105,,,1,70,,72106,,,1,30,,72107,,,1,70,,72108,,,1,30,,72109,,,1,70,,72110,,,1,30,,72111,,,1,73,,72093,,,1,15,,72097,,,1,15,,72112,,,1,55,,72098,,,1,15,,72099,,,1,15,,72096,,,1,15,,72113,,,1,55,,72095,,,1,15,,72094,,,1,15,,72114,,,1,61,,72116,,,1,22,,72115,,,1,27,,72092,,,1,70,,72091,,,1,30,,72090,,,1,70,,72089,,,1,30,,72088,,,1,70,,72087,,,1,30,,72086,,,1,68,,72117,,,1
71701,'717-Weekday-4-26-02-1111100',523,,72122,,,1,30,,72123,,,1,70,,72121,,,1,34,,72124,,,1,70,,72125,,,1,30,,72126,,,1,70,,72127,,,1,30,,72128,,,1,66,,72143,,,1,30,,72144,,,1,70,,72145,,,1,30,,72146,,,1,70,,72147,,,1,30,,72148,,,1,70,,72149,,,1,30,,72150,,,1,70,,72151,,,1,30,,72152,,,1,70,,72153,,,1,30,,72154,,,1,73,,72136,,,1,15,,72140,,,1,15,,72155,,,1,55,,72141,,,1,15,,72142,,,1,15,,72139,,,1,15,,72156,,,1,55,,72138,,,1,15,,72137,,,1,15,,72157,,,1,61,,72159,,,1,22,,72158,,,1,27,,72135,,,1,70,,72134,,,1,30,,72133,,,1,70,,72132,,,1,30,,72131,,,1,70,,72130,,,1,30,,72129,,,1,68,,72160,,,1
71701,'717-Weekday-5-26-02-1111100',523,,72162,,,1,30,,72163,,,1,70,,72161,,,1,34,,72164,,,1,54,,72202,,,1,16,,72165,,,1,6,,72201,,,1,24,,72166,,,1,65,,72203,,,1,5,,72167,,,1,30,,72168,,,1,66,,72183,,,1,30,,72184,,,1,70,,72185,,,1,30,,72186,,,1,70,,72187,,,1,30,,72188,,,1,70,,72189,,,1,30,,72190,,,1,70,,72191,,,1,30,,72192,,,1,70,,72193,,,1,30,,72194,,,1,73,,72176,,,1,15,,72180,,,1,15,,72195,,,1,55,,72181,,,1,15,,72182,,,1,15,,72179,,,1,15,,72196,,,1,55,,72178,,,1,15,,72177,,,1,15,,72197,,,1,61,,72199,,,1,22,,72198,,,1,27,,72175,,,1,70,,72174,,,1,30,,72173,,,1,70,,72172,,,1,30,,72171,,,1,70,,72170,,,1,30,,72169,,,1,68,,72200,,,1
71701,'717-Weekday-6-26-02-1111100',523,,72205,,,1,30,,72206,,,1,70,,72204,,,1,34,,72207,,,1,54,,72244,,,1,16,,72208,,,1,30,,72209,,,1,70,,72210,,,1,30,,72211,,,1,66,,72226,,,1,30,,72227,,,1,70,,72228,,,1,30,,72229,,,1,70,,72230,,,1,30,,72231,,,1,70,,72232,,,1,30,,72233,,,1,70,,72234,,,1,30,,72235,,,1,70,,72236,,,1,30,,72237,,,1,73,,72219,,,1,15,,72223,,,1,15,,72238,,,1,55,,72224,,,1,15,,72225,,,1,15,,72222,,,1,15,,72239,,,1,55,,72221,,,1,15,,72220,,,1,15,,72240,,,1,61,,72242,,,1,22,,72241,,,1,27,,72218,,,1,70,,72217,,,1,30,,72216,,,1,70,,72215,,,1,30,,72214,,,1,70,,72213,,,1,30,,72212,,,1,68,,72243,,,1
71701,'717-Weekday-7-26-02-1111100',523,,72246,,,1,30,,72247,,,1,70,,72245,,,1,34,,72248,,,1,70,,72249,,,1,30,,72250,,,1,70,,72251,,,1,30,,72252,,,1,66,,72267,,,1,30,,72268,,,1,70,,72269,,,1,30,,72270,,,1,70,,72271,,,1,30,,72272,,,1,70,,72273,,,1,30,,72274,,,1,70,,72275,,,1,30,,72276,,,1,70,,72277,,,1,30,,72278,,,1,73,,72260,,,1,15,,72264,,,1,15,,72279,,,1,55,,72265,,,1,15,,72266,,,1,15,,72263,,,1,15,,72280,,,1,55,,72262,,,1,15,,72261,,,1,15,,72281,,,1,61,,72283,,,1,22,,72282,,,1,27,,72259,,,1,70,,72258,,,1,30,,72257,,,1,70,,72256,,,1,30,,72255,,,1,70,,72254,,,1,30,,72253,,,1,68,,72284,,,1
71701,'717-Weekday-8-26-02-1111100',523,,72286,,,1,30,,72287,,,1,70,,72285,,,1,34,,72288,,,1,54,,72325,,,1,16,,72289,,,1,30,,72290,,,1,70,,72291,,,1,30,,72292,,,1,66,,72307,,,1,30,,72308,,,1,70,,72309,,,1,30,,72310,,,1,70,,72311,,,1,30,,72312,,,1,70,,72313,,,1,30,,72314,,,1,70,,72315,,,1,30,,72316,,,1,70,,72317,,,1,30,,72318,,,1,73,,72300,,,1,15,,72304,,,1,15,,72319,,,1,55,,72305,,,1,15,,72306,,,1,15,,72303,,,1,15,,72320,,,1,55,,72302,,,1,15,,72301,,,1,15,,72321,,,1,61,,72323,,,1,22,,72322,,,1,27,,72299,,,1,70,,72298,,,1,30,,72297,,,1,70,,72296,,,1,30,,72295,,,1,70,,72294,,,1,30,,72293,,,1,68,,72324,,,1
71701,'717-Weekday-9-26-02-1111100',523,,72327,,,1,30,,72328,,,1,70,,72326,,,1,34,,72329,,,1,54,,72367,,,1,16,,72330,,,1,6,,72366,,,1,24,,72331,,,1,65,,72368,,,1,5,,72332,,,1,30,,72333,,,1,66,,72348,,,1,30,,72349,,,1,70,,72350,,,1,30,,72351,,,1,70,,72352,,,1,30,,72353,,,1,70,,72354,,,1,30,,72355,,,1,70,,72356,,,1,30,,72357,,,1,70,,72358,,,1,30,,72359,,,1,73,,72341,,,1,15,,72345,,,1,15,,72360,,,1,55,,72346,,,1,15,,72347,,,1,15,,72344,,,1,15,,72361,,,1,55,,72343,,,1,15,,72342,,,1,15,,72362,,,1,61,,72364,,,1,22,,72363,,,1,27,,72340,,,1,70,,72339,,,1,30,,72338,,,1,70,,72337,,,1,30,,72336,,,1,70,,72335,,,1,30,,72334,,,1,68,,72365,,,1
71701,'717-Saturday-1-26-02-0000010',817,,12314,,,1,30,,12315,,,1,75,,12316,,,1,30,,12317,,,1,70,,12318,,,1,30,,12319,,,1,70,,12320,,,1,30,,12321,,,1,70,,12322,,,1,30,,12323,,,1,70,,12324,,,1,30,,12325,,,1,70,,12326,,,1,30,,12327,,,1,70,,12328,,,1,30,,12329,,,1,70,,12330,,,1,30,,12331,,,1,70,,12332,,,1,30,,12333,,,1,70,,12334,,,1,30,,12335,,,1
71701,'717-Sunday-1-26-02-0000001',1017,,72369,,,1,30,,72370,,,1,70,,72371,,,1,30,,72372,,,1,70,,72373,,,1,30,,72374,,,1,70,,72375,,,1,30,,72376,,,1,70,,72377,,,1,30,,72378,,,1,70,,72379,,,1,30,,72380,,,1,70,,72381,,,1,30,,72382,,,1,71,,72383,,,1,30,,72384,,,1,70,,72385,,,1,30,,72386,,,1
