61000,'610-Weekday-1-26-09-0001000',1242,,227383,11,,,1,196,,227384,11,,,1,5,,227382,11,,,1
61000,'610-Weekday-1-26-09-1110100',1516,,227385,11,,,1,4,,227386,11,,,1,19,,227387,11,,,1,5,,227388,11,,,1
61000,'610-Weekday-3-26-09-1110100',1539,,227389,11,,,1,5,,227390,11,,,1
61001,'610-Weekday-1-26-09-1111100',717,,227391,2,,,1,7,,227392,2,,,1,80,,227393,2,,,1,5,,227394,2,,,1
61001,'610-Weekday-3-26-09-1111100',804,,227395,2,,,1,5,,227396,2,,,1
61100,'611-Weekday-1-26-09-0001000',1202,,227397,11,,,1,4,,227398,11,,,1,235,,227399,11,,,1
61100,'611-Weekday-1-26-09-1110100',1512,,227400,11,,,1,4,,227401,11,,,1,19,,227402,11,,,1
61100,'611-Weekday-3-26-09-1110100',1535,,227403,11,,,1
61101,'611-Weekday-1-26-09-1111100',728,,227404,2,,,1,5,,227405,2,,,1,25,,227406,2,,,1
61101,'611-Weekday-3-26-09-1111100',758,,227407,2,,,1
61600,'616-Weekday-1-26-09-0001000',1424,,227429,13,,,1,4,,227430,13,,,1
61600,'616-Weekday-1-26-09-1110100',1523,,227431,13,,,1,4,,227432,13,,,1
61600,'616-Weekday-3-26-09-1110100',1523,,227433,13,,,1,4,,227434,13,,,1
61601,'616-Weekday-1-26-09-1111100',758,,227435,2,,,1
61601,'616-Weekday-3-26-09-1111100',758,,227436,2,,,1
68400,'684-Weekday-1-26-09-0001000',1321,,227887,38,,,1
68400,'684-Weekday-1-26-09-1110100',1629,,227888,38,,,1
68400,'684-Weekday-1-26-09-1111100',1617,,227891,43,,,1
68400,'684-Weekday-3-26-09-1111100',1617,,227893,43,,,1
68401,'684-Weekday-1-26-09-1111100',729,,227894,2,,,1
68401,'684-Weekday-3-26-09-1111100',729,,227897,2,,,1
