50900,'509-Weekday-1-26-02-0001000',1401,,7969,4,,1
50900,'509-Weekday-1-26-02-1110100',1515,,7970,4,,1
50900,'509-Weekday-1-26-02-1111000',807,,7971,,,1,48,,7971,4,,1
50900,'509-Weekday-1-26-02-1111100',507,,7972,,,1,30,,7973,,,1,5,,7972,4,,1,65,,7974,,,1,5,,7973,4,,1,25,,7975,,,1,9,,7974,4,,1,62,,7976,,,1,15,,7977,,,1,2,,7975,4,,1,13,,8012,,,1,15,,7978,,,1,3,,7976,4,,1,52,,7979,,,1,3,,7977,4,,1,12,,7980,,,1,3,,8012,4,,1,15,,7981,,,1,15,,7979,4,,1,45,,7982,,,1,9,,7980,4,,1,11,,7983,,,1,6,,7981,4,,1,14,,7984,,,1,4,,7982,4,,1,56,,7985,,,1,4,,7983,4,,1,16,,7986,,,1,4,,7984,4,,1,16,,7987,,,1,4,,7985,4,,1,56,,7988,,,1,4,,7986,4,,1,16,,7989,,,1,4,,7987,4,,1,16,,7990,,,1,4,,7988,4,,1,56,,7991,,,1,4,,7989,4,,1,16,,7992,,,1,4,,7990,4,,1,16,,7993,,,1,4,,7991,4,,1,56,,7994,,,1,4,,7992,4,,1,16,,7995,,,1,4,,7993,4,,1,16,,7996,,,1,4,,7994,4,,1,56,,7997,,,1,4,,7995,4,,1,16,,7998,,,1,4,,7996,4,,1,16,,7999,,,1,4,,7997,4,,1,61,,7998,4,,1,2,,8023,,,1,3,,8013,,,1,15,,8014,,,1,2,,7999,4,,1,13,,8015,,,1,15,,8016,,,1,1,,8023,4,,1,43,,8013,4,,1,11,,8017,,,1,4,,8014,4,,1,11,,8018,,,1,4,,8015,4,,1,11,,8019,,,1,4,,8016,4,,1,11,,8020,,,1,44,,8017,4,,1,11,,8021,,,1,4,,8018,4,,1,11,,8022,,,1,4,,8019,4,,1,15,,8020,4,,1,5,,8011,,,1,50,,8021,4,,1,15,,8022,4,,1,5,,8000,,,1,17,,8011,4,,1,13,,8001,,,1,53,,8000,4,,1,17,,8002,,,1,10,,8001,4,,1,20,,8003,,,1,50,,8002,4,,1,20,,8004,,,1,10,,8003,4,,1,20,,8005,,,1,50,,8004,4,,1,20,,8006,,,1,10,,8005,4,,1,20,,8007,,,1,50,,8006,4,,1,28,,8007,4,,1,7,,8008,,,1,76,,8008,4,,1,9,,8009,,,1,36,,8009,4,,1,49,,8010,,,1,36,,8010,4,,1
50900,'509-Weekday-2-26-02-0001000',1401,,52650,4,,1
50900,'509-Weekday-2-26-02-1110100',1515,,52651,4,,1
50900,'509-Weekday-2-26-02-1111000',807,,52652,,,1,48,,52652,4,,1
50900,'509-Weekday-2-26-02-1111100',507,,52653,,,1,30,,52654,,,1,5,,52653,4,,1,65,,52655,,,1,5,,52654,4,,1,25,,52656,,,1,9,,52655,4,,1,62,,52657,,,1,15,,52658,,,1,2,,52656,4,,1,13,,52693,,,1,15,,52659,,,1,3,,52657,4,,1,52,,52660,,,1,3,,52658,4,,1,12,,52661,,,1,3,,52693,4,,1,15,,52662,,,1,15,,52660,4,,1,45,,52663,,,1,9,,52661,4,,1,11,,52664,,,1,6,,52662,4,,1,14,,52665,,,1,4,,52663,4,,1,56,,52666,,,1,4,,52664,4,,1,16,,52667,,,1,4,,52665,4,,1,16,,52668,,,1,4,,52666,4,,1,56,,52669,,,1,4,,52667,4,,1,16,,52670,,,1,4,,52668,4,,1,16,,52671,,,1,4,,52669,4,,1,56,,52672,,,1,4,,52670,4,,1,16,,52673,,,1,4,,52671,4,,1,16,,52674,,,1,4,,52672,4,,1,56,,52675,,,1,4,,52673,4,,1,16,,52676,,,1,4,,52674,4,,1,16,,52677,,,1,4,,52675,4,,1,56,,52678,,,1,4,,52676,4,,1,16,,52679,,,1,4,,52677,4,,1,16,,52680,,,1,4,,52678,4,,1,61,,52679,4,,1,2,,52704,,,1,3,,52694,,,1,15,,52695,,,1,2,,52680,4,,1,13,,52696,,,1,15,,52697,,,1,1,,52704,4,,1,43,,52694,4,,1,11,,52698,,,1,4,,52695,4,,1,11,,52699,,,1,4,,52696,4,,1,11,,52700,,,1,4,,52697,4,,1,11,,52701,,,1,44,,52698,4,,1,11,,52702,,,1,4,,52699,4,,1,11,,52703,,,1,4,,52700,4,,1,15,,52701,4,,1,5,,52692,,,1,50,,52702,4,,1,15,,52703,4,,1,5,,52681,,,1,17,,52692,4,,1,13,,52682,,,1,53,,52681,4,,1,17,,52683,,,1,10,,52682,4,,1,20,,52684,,,1,50,,52683,4,,1,20,,52685,,,1,10,,52684,4,,1,20,,52686,,,1,50,,52685,4,,1,20,,52687,,,1,10,,52686,4,,1,20,,52688,,,1,50,,52687,4,,1,28,,52688,4,,1,7,,52689,,,1,76,,52689,4,,1,9,,52690,,,1,36,,52690,4,,1,49,,52691,,,1,36,,52691,4,,1
50900,'509-Weekday-4-26-02-1111100',507,,52705,,,1,30,,52706,,,1,5,,52705,4,,1,65,,52707,,,1,5,,52706,4,,1,25,,52708,,,1,9,,52707,4,,1,62,,52709,,,1,15,,52710,,,1,2,,52708,4,,1,13,,52745,,,1,15,,52711,,,1,3,,52709,4,,1,52,,52712,,,1,3,,52710,4,,1,12,,52713,,,1,3,,52745,4,,1,15,,52714,,,1,15,,52712,4,,1,45,,52715,,,1,9,,52713,4,,1,11,,52716,,,1,6,,52714,4,,1,14,,52717,,,1,4,,52715,4,,1,56,,52718,,,1,4,,52716,4,,1,16,,52719,,,1,4,,52717,4,,1,16,,52720,,,1,4,,52718,4,,1,56,,52721,,,1,4,,52719,4,,1,16,,52722,,,1,4,,52720,4,,1,16,,52723,,,1,4,,52721,4,,1,56,,52724,,,1,4,,52722,4,,1,16,,52725,,,1,4,,52723,4,,1,16,,52726,,,1,4,,52724,4,,1,56,,52727,,,1,4,,52725,4,,1,16,,52728,,,1,4,,52726,4,,1,16,,52729,,,1,4,,52727,4,,1,56,,52730,,,1,4,,52728,4,,1,16,,52731,,,1,4,,52729,4,,1,16,,52732,,,1,4,,52730,4,,1,61,,52731,4,,1,5,,52746,,,1,15,,52747,,,1,2,,52732,4,,1,13,,52748,,,1,15,,52749,,,1,44,,52746,4,,1,11,,52750,,,1,4,,52747,4,,1,11,,52751,,,1,4,,52748,4,,1,11,,52752,,,1,4,,52749,4,,1,11,,52753,,,1,44,,52750,4,,1,11,,52754,,,1,4,,52751,4,,1,11,,52755,,,1,4,,52752,4,,1,15,,52753,4,,1,5,,52744,,,1,50,,52754,4,,1,15,,52755,4,,1,5,,52733,,,1,17,,52744,4,,1,13,,52734,,,1,53,,52733,4,,1,17,,52735,,,1,10,,52734,4,,1,20,,52736,,,1,50,,52735,4,,1,20,,52737,,,1,10,,52736,4,,1,20,,52738,,,1,50,,52737,4,,1,20,,52739,,,1,10,,52738,4,,1,20,,52740,,,1,50,,52739,4,,1,28,,52740,4,,1,7,,52741,,,1,76,,52741,4,,1,9,,52742,,,1,36,,52742,4,,1,49,,52743,,,1,36,,52743,4,,1
50900,'509-Weekday-5-26-02-0001000',1401,,52756,4,,1
50900,'509-Weekday-5-26-02-1110100',1515,,52757,4,,1
50900,'509-Weekday-5-26-02-1111000',807,,52758,,,1,48,,52758,4,,1
50900,'509-Weekday-5-26-02-1111100',507,,52759,,,1,30,,52760,,,1,5,,52759,4,,1,65,,52761,,,1,5,,52760,4,,1,25,,52762,,,1,9,,52761,4,,1,62,,52763,,,1,15,,52764,,,1,2,,52762,4,,1,13,,52799,,,1,15,,52765,,,1,3,,52763,4,,1,52,,52766,,,1,3,,52764,4,,1,12,,52767,,,1,3,,52799,4,,1,15,,52768,,,1,15,,52766,4,,1,45,,52769,,,1,9,,52767,4,,1,11,,52770,,,1,6,,52768,4,,1,14,,52771,,,1,4,,52769,4,,1,56,,52772,,,1,4,,52770,4,,1,16,,52773,,,1,4,,52771,4,,1,16,,52774,,,1,4,,52772,4,,1,56,,52775,,,1,4,,52773,4,,1,16,,52776,,,1,4,,52774,4,,1,16,,52777,,,1,4,,52775,4,,1,56,,52778,,,1,4,,52776,4,,1,16,,52779,,,1,4,,52777,4,,1,16,,52780,,,1,4,,52778,4,,1,56,,52781,,,1,4,,52779,4,,1,16,,52782,,,1,4,,52780,4,,1,16,,52783,,,1,4,,52781,4,,1,56,,52784,,,1,4,,52782,4,,1,16,,52785,,,1,4,,52783,4,,1,16,,52786,,,1,4,,52784,4,,1,61,,52785,4,,1,2,,52810,,,1,3,,52800,,,1,15,,52801,,,1,2,,52786,4,,1,13,,52802,,,1,15,,52803,,,1,1,,52810,4,,1,43,,52800,4,,1,11,,52804,,,1,4,,52801,4,,1,11,,52805,,,1,4,,52802,4,,1,11,,52806,,,1,4,,52803,4,,1,11,,52807,,,1,44,,52804,4,,1,11,,52808,,,1,4,,52805,4,,1,11,,52809,,,1,4,,52806,4,,1,15,,52807,4,,1,5,,52798,,,1,50,,52808,4,,1,15,,52809,4,,1,5,,52787,,,1,17,,52798,4,,1,13,,52788,,,1,53,,52787,4,,1,17,,52789,,,1,10,,52788,4,,1,20,,52790,,,1,50,,52789,4,,1,20,,52791,,,1,10,,52790,4,,1,20,,52792,,,1,50,,52791,4,,1,20,,52793,,,1,10,,52792,4,,1,20,,52794,,,1,50,,52793,4,,1,28,,52794,4,,1,7,,52795,,,1,76,,52795,4,,1,9,,52796,,,1,36,,52796,4,,1,49,,52797,,,1,36,,52797,4,,1
50900,'509-Weekday-6-26-02-1111100',507,,52811,,,1,30,,52812,,,1,5,,52811,4,,1,65,,52813,,,1,5,,52812,4,,1,25,,52814,,,1,9,,52813,4,,1,62,,52815,,,1,15,,52816,,,1,2,,52814,4,,1,13,,52851,,,1,15,,52817,,,1,3,,52815,4,,1,52,,52818,,,1,3,,52816,4,,1,12,,52819,,,1,3,,52851,4,,1,15,,52820,,,1,15,,52818,4,,1,45,,52821,,,1,9,,52819,4,,1,11,,52822,,,1,6,,52820,4,,1,14,,52823,,,1,4,,52821,4,,1,56,,52824,,,1,4,,52822,4,,1,16,,52825,,,1,4,,52823,4,,1,16,,52826,,,1,4,,52824,4,,1,56,,52827,,,1,4,,52825,4,,1,16,,52828,,,1,4,,52826,4,,1,16,,52829,,,1,4,,52827,4,,1,56,,52830,,,1,4,,52828,4,,1,16,,52831,,,1,4,,52829,4,,1,16,,52832,,,1,4,,52830,4,,1,56,,52833,,,1,4,,52831,4,,1,16,,52834,,,1,4,,52832,4,,1,16,,52835,,,1,4,,52833,4,,1,56,,52836,,,1,4,,52834,4,,1,16,,52837,,,1,4,,52835,4,,1,16,,52838,,,1,4,,52836,4,,1,61,,52837,4,,1,2,,52862,,,1,3,,52852,,,1,15,,52853,,,1,2,,52838,4,,1,13,,52854,,,1,15,,52855,,,1,1,,52862,4,,1,43,,52852,4,,1,11,,52856,,,1,4,,52853,4,,1,11,,52857,,,1,4,,52854,4,,1,11,,52858,,,1,4,,52855,4,,1,11,,52859,,,1,44,,52856,4,,1,11,,52860,,,1,4,,52857,4,,1,11,,52861,,,1,4,,52858,4,,1,15,,52859,4,,1,5,,52850,,,1,50,,52860,4,,1,15,,52861,4,,1,5,,52839,,,1,17,,52850,4,,1,13,,52840,,,1,53,,52839,4,,1,17,,52841,,,1,10,,52840,4,,1,20,,52842,,,1,50,,52841,4,,1,20,,52843,,,1,10,,52842,4,,1,20,,52844,,,1,50,,52843,4,,1,20,,52845,,,1,10,,52844,4,,1,20,,52846,,,1,50,,52845,4,,1,28,,52846,4,,1,7,,52847,,,1,76,,52847,4,,1,9,,52848,,,1,36,,52848,4,,1,49,,52849,,,1,36,,52849,4,,1
50900,'509-Weekday-7-26-02-1111100',507,,52863,,,1,30,,52864,,,1,5,,52863,4,,1,65,,52865,,,1,5,,52864,4,,1,25,,52866,,,1,9,,52865,4,,1,62,,52867,,,1,15,,52868,,,1,2,,52866,4,,1,13,,52903,,,1,15,,52869,,,1,3,,52867,4,,1,52,,52870,,,1,3,,52868,4,,1,12,,52871,,,1,3,,52903,4,,1,15,,52872,,,1,15,,52870,4,,1,45,,52873,,,1,9,,52871,4,,1,11,,52874,,,1,6,,52872,4,,1,14,,52875,,,1,4,,52873,4,,1,56,,52876,,,1,4,,52874,4,,1,16,,52877,,,1,4,,52875,4,,1,16,,52878,,,1,4,,52876,4,,1,56,,52879,,,1,4,,52877,4,,1,16,,52880,,,1,4,,52878,4,,1,16,,52881,,,1,4,,52879,4,,1,56,,52882,,,1,4,,52880,4,,1,16,,52883,,,1,4,,52881,4,,1,16,,52884,,,1,4,,52882,4,,1,56,,52885,,,1,4,,52883,4,,1,16,,52886,,,1,4,,52884,4,,1,16,,52887,,,1,4,,52885,4,,1,56,,52888,,,1,4,,52886,4,,1,16,,52889,,,1,4,,52887,4,,1,16,,52890,,,1,4,,52888,4,,1,61,,52889,4,,1,5,,52904,,,1,15,,52905,,,1,2,,52890,4,,1,13,,52906,,,1,15,,52907,,,1,44,,52904,4,,1,11,,52908,,,1,4,,52905,4,,1,11,,52909,,,1,4,,52906,4,,1,11,,52910,,,1,4,,52907,4,,1,11,,52911,,,1,44,,52908,4,,1,11,,52912,,,1,4,,52909,4,,1,11,,52913,,,1,4,,52910,4,,1,15,,52911,4,,1,5,,52902,,,1,50,,52912,4,,1,15,,52913,4,,1,5,,52891,,,1,17,,52902,4,,1,13,,52892,,,1,53,,52891,4,,1,17,,52893,,,1,10,,52892,4,,1,20,,52894,,,1,50,,52893,4,,1,20,,52895,,,1,10,,52894,4,,1,20,,52896,,,1,50,,52895,4,,1,20,,52897,,,1,10,,52896,4,,1,20,,52898,,,1,50,,52897,4,,1,28,,52898,4,,1,7,,52899,,,1,76,,52899,4,,1,9,,52900,,,1,36,,52900,4,,1,49,,52901,,,1,36,,52901,4,,1
50900,'509-Weekday-8-26-02-1111100',507,,52914,,,1,30,,52915,,,1,5,,52914,4,,1,65,,52916,,,1,5,,52915,4,,1,25,,52917,,,1,9,,52916,4,,1,62,,52918,,,1,15,,52919,,,1,2,,52917,4,,1,13,,52954,,,1,15,,52920,,,1,3,,52918,4,,1,52,,52921,,,1,3,,52919,4,,1,12,,52922,,,1,3,,52954,4,,1,15,,52923,,,1,15,,52921,4,,1,45,,52924,,,1,9,,52922,4,,1,11,,52925,,,1,6,,52923,4,,1,14,,52926,,,1,4,,52924,4,,1,56,,52927,,,1,4,,52925,4,,1,16,,52928,,,1,4,,52926,4,,1,16,,52929,,,1,4,,52927,4,,1,56,,52930,,,1,4,,52928,4,,1,16,,52931,,,1,4,,52929,4,,1,16,,52932,,,1,4,,52930,4,,1,56,,52933,,,1,4,,52931,4,,1,16,,52934,,,1,4,,52932,4,,1,16,,52935,,,1,4,,52933,4,,1,56,,52936,,,1,4,,52934,4,,1,16,,52937,,,1,4,,52935,4,,1,16,,52938,,,1,4,,52936,4,,1,56,,52939,,,1,4,,52937,4,,1,16,,52940,,,1,4,,52938,4,,1,16,,52941,,,1,4,,52939,4,,1,61,,52940,4,,1,2,,52965,,,1,3,,52955,,,1,15,,52956,,,1,2,,52941,4,,1,13,,52957,,,1,15,,52958,,,1,1,,52965,4,,1,43,,52955,4,,1,11,,52959,,,1,4,,52956,4,,1,11,,52960,,,1,4,,52957,4,,1,11,,52961,,,1,4,,52958,4,,1,11,,52962,,,1,44,,52959,4,,1,11,,52963,,,1,4,,52960,4,,1,11,,52964,,,1,4,,52961,4,,1,15,,52962,4,,1,5,,52953,,,1,50,,52963,4,,1,15,,52964,4,,1,5,,52942,,,1,17,,52953,4,,1,13,,52943,,,1,53,,52942,4,,1,17,,52944,,,1,10,,52943,4,,1,20,,52945,,,1,50,,52944,4,,1,20,,52946,,,1,10,,52945,4,,1,20,,52947,,,1,50,,52946,4,,1,20,,52948,,,1,10,,52947,4,,1,20,,52949,,,1,50,,52948,4,,1,28,,52949,4,,1,7,,52950,,,1,76,,52950,4,,1,9,,52951,,,1,36,,52951,4,,1,49,,52952,,,1,36,,52952,4,,1
50900,'509-Weekday-9-26-02-1110100',1515,,52966,4,,1
50900,'509-Weekday-9-26-02-1111000',807,,52967,,,1,48,,52967,4,,1
50900,'509-Weekday-9-26-02-1111100',507,,52968,,,1,30,,52969,,,1,5,,52968,4,,1,65,,52970,,,1,5,,52969,4,,1,25,,52971,,,1,9,,52970,4,,1,62,,52972,,,1,15,,52973,,,1,2,,52971,4,,1,13,,53008,,,1,15,,52974,,,1,3,,52972,4,,1,52,,52975,,,1,3,,52973,4,,1,12,,52976,,,1,3,,53008,4,,1,15,,52977,,,1,15,,52975,4,,1,45,,52978,,,1,9,,52976,4,,1,11,,52979,,,1,6,,52977,4,,1,14,,52980,,,1,4,,52978,4,,1,56,,52981,,,1,4,,52979,4,,1,16,,52982,,,1,4,,52980,4,,1,16,,52983,,,1,4,,52981,4,,1,56,,52984,,,1,4,,52982,4,,1,16,,52985,,,1,4,,52983,4,,1,16,,52986,,,1,4,,52984,4,,1,56,,52987,,,1,4,,52985,4,,1,16,,52988,,,1,4,,52986,4,,1,16,,52989,,,1,4,,52987,4,,1,56,,52990,,,1,4,,52988,4,,1,16,,52991,,,1,4,,52989,4,,1,16,,52992,,,1,4,,52990,4,,1,56,,52993,,,1,4,,52991,4,,1,16,,52994,,,1,4,,52992,4,,1,16,,52995,,,1,4,,52993,4,,1,61,,52994,4,,1,2,,53019,,,1,3,,53009,,,1,15,,53010,,,1,2,,52995,4,,1,13,,53011,,,1,15,,53012,,,1,1,,53019,4,,1,43,,53009,4,,1,11,,53013,,,1,4,,53010,4,,1,11,,53014,,,1,4,,53011,4,,1,11,,53015,,,1,4,,53012,4,,1,11,,53016,,,1,44,,53013,4,,1,11,,53017,,,1,4,,53014,4,,1,11,,53018,,,1,4,,53015,4,,1,15,,53016,4,,1,5,,53007,,,1,50,,53017,4,,1,15,,53018,4,,1,5,,52996,,,1,17,,53007,4,,1,13,,52997,,,1,53,,52996,4,,1,17,,52998,,,1,10,,52997,4,,1,20,,52999,,,1,50,,52998,4,,1,20,,53000,,,1,10,,52999,4,,1,20,,53001,,,1,50,,53000,4,,1,20,,53002,,,1,10,,53001,4,,1,20,,53003,,,1,50,,53002,4,,1,28,,53003,4,,1,7,,53004,,,1,76,,53004,4,,1,9,,53005,,,1,36,,53005,4,,1,49,,53006,,,1,36,,53006,4,,1
50900,'509-Saturday-1-26-02-0000010',629,,8024,,,1,77,,8024,4,,1,8,,8025,,,1,36,,8026,,,1,1,,8025,4,,1,69,,8027,,,1,7,,8026,4,,1,23,,8028,,,1,7,,8027,4,,1,63,,8029,,,1,10,,8028,4,,1,20,,8030,,,1,51,,8029,4,,1,19,,8031,,,1,11,,8030,4,,1,19,,8032,,,1,51,,8031,4,,1,19,,8033,,,1,11,,8032,4,,1,19,,8034,,,1,51,,8033,4,,1,19,,8035,,,1,11,,8034,4,,1,19,,8036,,,1,51,,8035,4,,1,19,,8037,,,1,11,,8036,4,,1,19,,8038,,,1,51,,8037,4,,1,19,,8039,,,1,11,,8038,4,,1,19,,8040,,,1,51,,8039,4,,1,19,,8041,,,1,11,,8040,4,,1,19,,8042,,,1,51,,8041,4,,1,19,,8043,,,1,11,,8042,4,,1,19,,8044,,,1,51,,8043,4,,1,19,,8045,,,1,8,,8044,4,,1,22,,8046,,,1,7,,8045,4,,1,63,,8047,,,1,7,,8046,4,,1,23,,8048,,,1,7,,8047,4,,1,63,,8049,,,1,7,,8048,4,,1,30,,8049,4,,1,55,,8050,,,1,37,,8050,4,,1,8,,8051,,,1,77,,8051,4,,1,8,,8052,,,1,77,,8052,4,,1,8,,8053,,,1,77,,8053,4,,1,8,,8054,,,1,37,,8054,4,,1,8,,8055,,,1,77,,8055,4,,1,8,,8056,,,1,77,,8056,4,,1
50900,'509-Sunday-1-26-02-0000001',600,,53020,,,1,35,,53020,4,,1,8,,53021,,,1,75,,53021,4,,1,9,,53022,,,1,75,,53022,4,,1,9,,53023,,,1,35,,53023,4,,1,9,,53024,,,1,80,,53024,4,,1,4,,53025,,,1,77,,53050,,,1,4,,53025,4,,1,26,,53026,,,1,11,,53050,4,,1,59,,53027,,,1,11,,53026,4,,1,19,,53028,,,1,11,,53027,4,,1,59,,53029,,,1,11,,53028,4,,1,19,,53030,,,1,11,,53029,4,,1,59,,53031,,,1,11,,53030,4,,1,19,,53032,,,1,11,,53031,4,,1,59,,53033,,,1,11,,53032,4,,1,19,,53034,,,1,11,,53033,4,,1,59,,53035,,,1,11,,53034,4,,1,19,,53036,,,1,11,,53035,4,,1,59,,53037,,,1,11,,53036,4,,1,19,,53038,,,1,11,,53037,4,,1,59,,53039,,,1,9,,53038,4,,1,21,,53040,,,1,8,,53039,4,,1,62,,53041,,,1,8,,53040,4,,1,22,,53042,,,1,8,,53041,4,,1,58,,53044,,,1,12,,53042,4,,1,26,,53044,4,,1,1,,53045,,,1,78,,53045,4,,1,7,,53046,,,1,78,,53046,4,,1,7,,53043,,,1,38,,53043,4,,1,47,,53047,,,1,38,,53047,4,,1,7,,53048,,,1,78,,53048,4,,1,7,,53049,,,1,78,,53049,4,,1
