52101,'521-Weekday-1-26-09-1111100',554,,225883,30,,,1,70,,225884,30,,,1,14,,225885,30,,,1,15,,225886,30,,,1,54,,225927,30,,,1,12,,225922,30,,,1,12,,225887,30,,,1,12,,225888,30,,,1,12,,225889,30,,,1,52,,225928,30,,,1,12,,225921,30,,,1,12,,225890,30,,,1,12,,225891,30,,,1,11,,225926,30,,,1,66,,225892,30,,,1,29,,225893,30,,,1,70,,225894,30,,,1,30,,225895,30,,,1,70,,225896,30,,,1,30,,225897,30,,,1,70,,225898,30,,,1,30,,225899,30,,,1,70,,225900,30,,,1,30,,225901,30,,,1,70,,225902,30,,,1,31,,225903,30,,,1,77,,225925,30,,,1,75,,225924,30,,,1,15,,225904,30,,,1,1,,225931,30,,,1,14,,225905,30,,,1,15,,225906,30,,,1,55,,225907,30,,,1,15,,225908,30,,,1,15,,225909,30,,,1,15,,225910,30,,,1,55,,225911,30,,,1,15,,225912,30,,,1,14,,225913,30,,,1,22,,225923,30,,,1,68,,225914,30,,,1,30,,225915,30,,,1,70,,225916,30,,,1,30,,225917,30,,,1,70,,225918,30,,,1,30,,225919,30,,,1,68,,225920,30,,,1,100,,225929,30,,,1,100,,225930,30,,,1
52101,'521-Weekday-2-26-09-1111100',554,,225932,30,,,1,70,,225933,30,,,1,14,,225934,30,,,1,15,,225935,30,,,1,54,,225976,30,,,1,12,,225971,30,,,1,12,,225936,30,,,1,12,,225937,30,,,1,12,,225938,30,,,1,52,,225977,30,,,1,12,,225970,30,,,1,12,,225939,30,,,1,12,,225940,30,,,1,11,,225975,30,,,1,66,,225941,30,,,1,29,,225942,30,,,1,70,,225943,30,,,1,30,,225944,30,,,1,70,,225945,30,,,1,30,,225946,30,,,1,70,,225947,30,,,1,30,,225948,30,,,1,70,,225949,30,,,1,30,,225950,30,,,1,70,,225951,30,,,1,31,,225952,30,,,1,77,,225974,30,,,1,75,,225973,30,,,1,15,,225953,30,,,1,1,,225980,30,,,1,14,,225954,30,,,1,15,,225955,30,,,1,55,,225956,30,,,1,15,,225957,30,,,1,15,,225958,30,,,1,15,,225959,30,,,1,55,,225960,30,,,1,15,,225961,30,,,1,14,,225962,30,,,1,22,,225972,30,,,1,68,,225963,30,,,1,30,,225964,30,,,1,70,,225965,30,,,1,30,,225966,30,,,1,70,,225967,30,,,1,30,,225968,30,,,1,68,,225969,30,,,1,100,,225978,30,,,1,100,,225979,30,,,1
52101,'521-Weekday-4-26-09-1111100',554,,225981,30,,,1,70,,225982,30,,,1,14,,225983,30,,,1,15,,225984,30,,,1,54,,226025,30,,,1,12,,226020,30,,,1,12,,225985,30,,,1,12,,225986,30,,,1,12,,225987,30,,,1,52,,226026,30,,,1,12,,226019,30,,,1,12,,225988,30,,,1,12,,225989,30,,,1,11,,226024,30,,,1,66,,225990,30,,,1,29,,225991,30,,,1,70,,225992,30,,,1,30,,225993,30,,,1,70,,225994,30,,,1,30,,225995,30,,,1,70,,225996,30,,,1,30,,225997,30,,,1,70,,225998,30,,,1,30,,225999,30,,,1,70,,226000,30,,,1,31,,226001,30,,,1,77,,226023,30,,,1,75,,226022,30,,,1,15,,226002,30,,,1,15,,226003,30,,,1,15,,226004,30,,,1,55,,226005,30,,,1,15,,226006,30,,,1,15,,226007,30,,,1,15,,226008,30,,,1,55,,226009,30,,,1,15,,226010,30,,,1,14,,226011,30,,,1,22,,226021,30,,,1,68,,226012,30,,,1,30,,226013,30,,,1,70,,226014,30,,,1,30,,226015,30,,,1,70,,226016,30,,,1,30,,226017,30,,,1,68,,226018,30,,,1,100,,226027,30,,,1,100,,226028,30,,,1
52101,'521-Saturday-1-26-09-0000010',817,,226029,30,,,1,30,,226030,30,,,1,71,,226031,30,,,1,32,,226032,30,,,1,70,,226033,30,,,1,30,,226034,30,,,1,70,,226035,30,,,1,30,,226036,30,,,1,70,,226037,30,,,1,30,,226038,30,,,1,70,,226039,30,,,1,30,,226040,30,,,1,70,,226041,30,,,1,30,,226042,30,,,1,70,,226043,30,,,1,30,,226044,30,,,1,70,,226045,30,,,1,30,,226046,30,,,1,70,,226047,30,,,1,30,,226048,30,,,1,70,,226049,30,,,1,30,,226050,30,,,1,70,,226051,30,,,1
52101,'521-Sunday-1-26-09-0000001',1020,,226052,30,,,1,30,,226053,30,,,1,70,,226054,30,,,1,30,,226055,30,,,1,70,,226056,30,,,1,30,,226057,30,,,1,70,,226058,30,,,1,30,,226059,30,,,1,70,,226060,30,,,1,30,,226061,30,,,1,70,,226062,30,,,1,30,,226063,30,,,1,70,,226064,30,,,1,30,,226065,30,,,1,69,,226066,30,,,1,30,,226067,30,,,1,70,,226068,30,,,1,30,,226069,30,,,1,70,,226070,30,,,1
63800,'638-Weekday-1-26-09-0000100',935,,227612,13,,,1,3,,227611,13,,,1
63800,'638-Weekday-1-26-09-1111000',808,,227614,13,,,1,2,,227613,13,,,1
63800,'638-Weekday-1-26-09-1111100',735,,227615,13,,,1,3,,227616,13,,,1
63800,'638-Weekday-3-26-09-1111000',808,,227618,13,,,1,2,,227617,13,,,1
66401,'664-Weekday-1-26-09-1111100',816,,227762,19,0,21 22,1,3,,227763,19,0,21 22,1
66401,'664-Weekday-3-26-09-1111100',816,,227764,19,0,21 22,1,3,,227765,19,0,21 22,1
