11701,'117-Weekday-1-26-04-1111100',543,,115703,19,,,1,70,,115704,19,,,1,32,,115739,19,,,1,60,,115705,19,,,1,20,,115706,19,,,1,20,,115707,19,,,1,60,,115708,19,,,1,20,,115709,19,,,1,20,,115710,19,,,1,68,,115711,19,,,1,30,,115712,19,,,1,70,,115713,19,,,1,30,,115714,19,,,1,70,,115715,19,,,1,30,,115716,19,,,1,70,,115717,19,,,1,30,,115718,19,,,1,70,,115719,19,,,1,30,,115720,19,,,1,70,,115721,19,,,1,30,,115740,19,,,1,60,,115722,19,,,1,21,,115723,19,,,1,20,,115724,19,,,1,60,,115725,19,,,1,20,,115726,19,,,1,20,,115727,19,,,1,60,,115728,19,,,1,20,,115729,19,,,1,20,,115730,19,,,1,70,,115731,19,,,1,30,,115732,19,,,1,70,,115733,19,,,1,30,,115734,19,,,1,70,,115735,19,,,1,30,,115736,19,,,1,70,,115737,19,,,1,30,,115738,19,,,1
11701,'117-Saturday-1-26-04-0000010',630,,115741,19,,,1,100,,115742,19,,,1,100,,115743,19,,,1,79,,115744,19,,,1,29,,115745,19,,,1,70,,115746,19,,,1,30,,115747,19,,,1,70,,115748,19,,,1,30,,115749,19,,,1,70,,115750,19,,,1,30,,115751,19,,,1,70,,115752,19,,,1,30,,115753,19,,,1,70,,115754,19,,,1,30,,115755,19,,,1,70,,115756,19,,,1,30,,115757,19,,,1,70,,115758,19,,,1,30,,115759,19,,,1,70,,115760,19,,,1,30,,115761,19,,,1,70,,115762,19,,,1,30,,115763,19,,,1,70,,115764,19,,,1,30,,115765,19,,,1,70,,115766,19,,,1,30,,115767,19,,,1,70,,115768,19,,,1,30,,115769,19,,,1,70,,115770,19,,,1
11701,'117-Sunday-1-26-04-0000001',644,,115771,19,,,1,100,,115772,19,,,1,100,,115773,19,,,1,101,,115774,19,,,1,70,,115775,19,,,1,30,,115776,19,,,1,70,,115777,19,,,1,30,,115778,19,,,1,70,,115779,19,,,1,30,,115780,19,,,1,70,,115781,19,,,1,30,,115782,19,,,1,70,,115783,19,,,1,30,,115784,19,,,1,70,,115785,19,,,1,30,,115786,19,,,1,70,,115787,19,,,1,30,,115788,19,,,1,69,,115789,19,,,1,28,,115790,19,,,1,70,,115791,19,,,1,30,,115792,19,,,1,70,,115793,19,,,1,100,,115794,19,,,1,100,,115795,19,,,1
11801,'118-Weekday-1-26-04-1111100',542,,115883,28,,,1,70,,115884,28,,,1,35,,115915,28,,,1,60,,115911,28,,,1,20,,115885,28,,,1,20,,115912,28,,,1,60,,115886,28,,,1,20,,115887,28,,,1,20,,115913,28,,,1,70,,115889,28,,,1,30,,115888,28,,,1,70,,115890,28,,,1,30,,115891,28,,,1,70,,115892,28,,,1,30,,115893,28,,,1,70,,115894,28,,,1,30,,115895,28,,,1,70,,115896,28,,,1,30,,115897,28,,,1,70,,115898,28,,,1,30,,115899,28,,,1,73,,115900,28,,,1,31,,115906,28,,,1,55,,115901,28,,,1,15,,115902,28,,,1,15,,115903,28,,,1,15,,115914,28,,,1,55,,115904,28,,,1,15,,115905,28,,,1,15,,115910,28,,,1,15,,115909,28,,,1,70,,115907,28,,,1,27,,115908,28,,,1,69,,115916,28,,,1,30,,115917,28,,,1,70,,115918,28,,,1,30,,115919,28,,,1,70,,115920,28,,,1,30,,115921,28,,,1,70,,115922,28,,,1
11801,'118-Saturday-1-26-04-0000010',703,,115923,28,,,1,100,,115924,28,,,1,45,,115925,28,,,1,77,,115926,28,,,1,29,,115927,28,,,1,70,,115928,28,,,1,30,,115929,28,,,1,70,,115930,28,,,1,30,,115931,28,,,1,70,,115932,28,,,1,30,,115933,28,,,1,70,,115934,28,,,1,30,,115935,28,,,1,70,,115936,28,,,1,30,,115937,28,,,1,70,,115938,28,,,1,30,,115939,28,,,1,70,,115940,28,,,1,30,,115941,28,,,1,70,,115942,28,,,1,30,,115943,28,,,1,70,,115944,28,,,1,30,,115945,28,,,1,70,,115946,28,,,1,30,,115947,28,,,1
11801,'118-Sunday-1-26-04-0000001',619,,115969,28,,,1,100,,115948,28,,,1,100,,115949,28,,,1,97,,115950,28,,,1,85,,115951,28,,,1,30,,115952,28,,,1,70,,115953,28,,,1,30,,115954,28,,,1,70,,115955,28,,,1,30,,115956,28,,,1,70,,115957,28,,,1,30,,115958,28,,,1,70,,115959,28,,,1,30,,115960,28,,,1,70,,115961,28,,,1,30,,115962,28,,,1,70,,115963,28,,,1,30,,115964,28,,,1,70,,115965,28,,,1,29,,115966,28,,,1,70,,115967,28,,,1,30,,115968,28,,,1
61201,'612-Weekday-1-26-04-1111100',734,,120340,27,,,1
62100,'621-Weekday-1-26-04-0001000',1208,,120380,8,,,1
62100,'621-Weekday-1-26-04-1110100',1517,,120381,8,,,1
62100,'621-Weekday-1-26-04-1111100',1541,,120382,8,,,1
