50601,'506-Weekday-1-26-09-1111100',538,,222159,23,,,1,69,,222120,23,,,1,31,,222121,23,,,1,73,,222122,23,,,1,16,,222123,23,,,1,15,,222160,23,,,1,15,,222124,23,,,1,55,,222125,23,,,1,15,,222126,23,,,1,15,,222162,23,,,1,15,,222163,23,,,1,55,,222127,23,,,1,29,,222128,23,,,1,70,,222129,23,,,1,30,,222130,23,,,1,70,,222131,23,,,1,30,,222132,23,,,1,70,,222133,23,,,1,30,,222134,23,,,1,70,,222135,23,,,1,30,,222136,23,,,1,70,,222137,23,,,1,30,,222138,23,,,1,71,,222139,23,,,1,35,,222140,23,,,1,70,,222141,23,,,1,15,,222142,23,,,1,15,,222161,23,,,1,55,,222143,23,,,1,15,,222144,23,,,1,15,,222145,23,,,1,15,,222164,23,,,1,55,,222165,23,,,1,15,,222146,23,,,1,28,,222147,23,,,1,65,,222148,23,,,1,29,,222149,23,,,1,70,,222150,23,,,1,30,,222151,23,,,1,70,,222152,23,,,1,30,,222153,23,,,1,69,,222154,23,,,1,28,,222155,23,,,1,69,,222156,23,,,1,100,,222157,23,,,1
50601,'506-Weekday-2-26-09-1111100',538,,222207,23,,,1,69,,222168,23,,,1,31,,222169,23,,,1,73,,222170,23,,,1,16,,222171,23,,,1,15,,222208,23,,,1,15,,222172,23,,,1,55,,222173,23,,,1,15,,222174,23,,,1,15,,222210,23,,,1,15,,222211,23,,,1,55,,222175,23,,,1,29,,222176,23,,,1,70,,222177,23,,,1,30,,222178,23,,,1,70,,222179,23,,,1,30,,222180,23,,,1,70,,222181,23,,,1,30,,222182,23,,,1,70,,222183,23,,,1,30,,222184,23,,,1,70,,222185,23,,,1,30,,222186,23,,,1,71,,222187,23,,,1,35,,222188,23,,,1,70,,222189,23,,,1,15,,222190,23,,,1,15,,222209,23,,,1,55,,222191,23,,,1,15,,222192,23,,,1,15,,222193,23,,,1,15,,222212,23,,,1,55,,222213,23,,,1,15,,222194,23,,,1,28,,222195,23,,,1,65,,222196,23,,,1,29,,222197,23,,,1,70,,222198,23,,,1,30,,222199,23,,,1,70,,222200,23,,,1,30,,222201,23,,,1,69,,222202,23,,,1,28,,222203,23,,,1,69,,222204,23,,,1,100,,222205,23,,,1
50601,'506-Weekday-4-26-09-1111100',538,,222255,23,,,1,69,,222216,23,,,1,31,,222217,23,,,1,73,,222218,23,,,1,16,,222219,23,,,1,15,,222256,23,,,1,15,,222220,23,,,1,55,,222221,23,,,1,15,,222222,23,,,1,15,,222258,23,,,1,15,,222259,23,,,1,55,,222223,23,,,1,29,,222224,23,,,1,70,,222225,23,,,1,30,,222226,23,,,1,70,,222227,23,,,1,30,,222228,23,,,1,70,,222229,23,,,1,30,,222230,23,,,1,70,,222231,23,,,1,30,,222232,23,,,1,70,,222233,23,,,1,30,,222234,23,,,1,71,,222235,23,,,1,35,,222236,23,,,1,70,,222237,23,,,1,15,,222238,23,,,1,15,,222257,23,,,1,55,,222239,23,,,1,15,,222240,23,,,1,15,,222241,23,,,1,15,,222260,23,,,1,55,,222261,23,,,1,15,,222242,23,,,1,28,,222243,23,,,1,65,,222244,23,,,1,29,,222245,23,,,1,70,,222246,23,,,1,30,,222247,23,,,1,70,,222248,23,,,1,30,,222249,23,,,1,69,,222250,23,,,1,28,,222251,23,,,1,69,,222252,23,,,1,100,,222253,23,,,1
50601,'506-Saturday-1-26-09-0000010',554,,222262,23,,,1,100,,222263,23,,,1,100,,222264,23,,,1,70,,222265,23,,,1,28,,222266,23,,,1,70,,222267,23,,,1,33,,222268,23,,,1,70,,222269,23,,,1,30,,222270,23,,,1,70,,222271,23,,,1,30,,222272,23,,,1,70,,222273,23,,,1,30,,222274,23,,,1,70,,222275,23,,,1,30,,222276,23,,,1,70,,222277,23,,,1,30,,222278,23,,,1,70,,222279,23,,,1,30,,222280,23,,,1,70,,222281,23,,,1,30,,222282,23,,,1,70,,222283,23,,,1,29,,222284,23,,,1,70,,222285,23,,,1,30,,222286,23,,,1,70,,222287,23,,,1,30,,222288,23,,,1,85,,222289,23,,,1,100,,222290,23,,,1,100,,222291,23,,,1,100,,222292,23,,,1
50601,'506-Sunday-1-26-09-0000001',557,,222294,23,,,1,98,,222295,23,,,1,100,,222296,23,,,1,100,,222297,23,,,1,100,,222298,23,,,1,70,,222299,23,,,1,30,,222300,23,,,1,70,,222301,23,,,1,30,,222302,23,,,1,70,,222303,23,,,1,30,,222304,23,,,1,70,,222305,23,,,1,30,,222306,23,,,1,70,,222307,23,,,1,30,,222308,23,,,1,70,,222309,23,,,1,30,,222310,23,,,1,70,,222311,23,,,1,30,,222312,23,,,1,70,,222313,23,,,1,31,,222314,23,,,1,70,,222315,23,,,1,30,,222316,23,,,1,85,,222317,23,,,1,100,,222318,23,,,1,100,,222319,23,,,1,100,,222320,23,,,1,100,,222321,23,,,1
63100,'631-Weekday-1-26-09-1111100',748,,227574,24,,,1
63100,'631-Weekday-3-26-09-1111100',748,,227575,24,,,1
63400,'634-Weekday-1-26-09-0000100',936,,227590,23,,,1
63400,'634-Weekday-1-26-09-1111000',809,,227591,23,,,1,2,,227592,23,,,1
63400,'634-Weekday-3-26-09-1111000',809,,227593,23,,,1,2,,227594,23,,,1
