10801,'108-Weekday-1-26-02-0001000',1428,,5406,,,1
10801,'108-Weekday-1-26-02-1110100',1523,,5407,,,1
10801,'108-Weekday-1-26-02-1111100',552,,5411,,,1,60,,5408,,,1,21,,5410,,,1,21,,5409,,,1,53,,5412,,,1,10,,5413,,,1,10,,5414,,,1,10,,5415,,,1,10,,5416,,,1,10,,5417,,,1,50,,5418,,,1,10,,5419,,,1,10,,5420,,,1,10,,5421,,,1,10,,5422,,,1,9,,5423,,,1,61,,5424,,,1,20,,5425,,,1,20,,5426,,,1,60,,5427,,,1,20,,5428,,,1,20,,5429,,,1,60,,5430,,,1,20,,5431,,,1,20,,5432,,,1,60,,5433,,,1,20,,5434,,,1,20,,5435,,,1,60,,5436,,,1,20,,5437,,,1,20,,5438,,,1,60,,5439,,,1,20,,5440,,,1,21,,5441,,,1,51,,5442,,,1,10,,5443,,,1,10,,5444,,,1,10,,5445,,,1,10,,5446,,,1,10,,5447,,,1,50,,5448,,,1,10,,5449,,,1,10,,5450,,,1,10,,5451,,,1,10,,5452,,,1,10,,5453,,,1,50,,5454,,,1,10,,5455,,,1,10,,5456,,,1,10,,5457,,,1,10,,5458,,,1,10,,5459,,,1,50,,5460,,,1,19,,5461,,,1,18,,5462,,,1,60,,5463,,,1,20,,5464,,,1,20,,5465,,,1,60,,5466,,,1,20,,5467,,,1,20,,5468,,,1,60,,5469,,,1,20,,5470,,,1,20,,5471,,,1,64,,5476,,,1,30,,5472,,,1,70,,5473,,,1,30,,5474,,,1,70,,5475,,,1
10801,'108-Weekday-2-26-02-0001000',1428,,40910,,,1
10801,'108-Weekday-2-26-02-1110100',1523,,40911,,,1
10801,'108-Weekday-2-26-02-1111100',552,,40915,,,1,60,,40912,,,1,21,,40914,,,1,21,,40913,,,1,53,,40916,,,1,10,,40917,,,1,10,,40918,,,1,10,,40919,,,1,10,,40920,,,1,10,,40921,,,1,50,,40922,,,1,10,,40923,,,1,10,,40924,,,1,10,,40925,,,1,10,,40926,,,1,9,,40927,,,1,61,,40928,,,1,20,,40929,,,1,20,,40930,,,1,60,,40931,,,1,20,,40932,,,1,20,,40933,,,1,60,,40934,,,1,20,,40935,,,1,20,,40936,,,1,60,,40937,,,1,20,,40938,,,1,20,,40939,,,1,60,,40940,,,1,20,,40941,,,1,20,,40942,,,1,60,,40943,,,1,20,,40944,,,1,21,,40945,,,1,51,,40946,,,1,10,,40947,,,1,10,,40948,,,1,10,,40949,,,1,10,,40950,,,1,10,,40951,,,1,50,,40952,,,1,10,,40953,,,1,10,,40954,,,1,10,,40955,,,1,10,,40956,,,1,10,,40957,,,1,50,,40958,,,1,10,,40959,,,1,10,,40960,,,1,10,,40961,,,1,10,,40962,,,1,10,,40963,,,1,50,,40964,,,1,19,,40965,,,1,18,,40966,,,1,60,,40967,,,1,20,,40968,,,1,20,,40969,,,1,60,,40970,,,1,20,,40971,,,1,20,,40972,,,1,60,,40973,,,1,20,,40974,,,1,20,,40975,,,1,64,,40980,,,1,30,,40976,,,1,70,,40977,,,1,30,,40978,,,1,70,,40979,,,1
10801,'108-Weekday-4-26-02-1111100',552,,40984,,,1,60,,40981,,,1,21,,40983,,,1,21,,40982,,,1,53,,40985,,,1,10,,40986,,,1,10,,40987,,,1,10,,40988,,,1,10,,40989,,,1,10,,40990,,,1,50,,40991,,,1,10,,40992,,,1,10,,40993,,,1,10,,40994,,,1,10,,40995,,,1,9,,40996,,,1,61,,40997,,,1,20,,40998,,,1,20,,40999,,,1,60,,41000,,,1,20,,41001,,,1,20,,41002,,,1,60,,41003,,,1,20,,41004,,,1,20,,41005,,,1,60,,41006,,,1,20,,41007,,,1,20,,41008,,,1,60,,41009,,,1,20,,41010,,,1,20,,41011,,,1,60,,41012,,,1,20,,41013,,,1,21,,41014,,,1,51,,41015,,,1,10,,41016,,,1,10,,41017,,,1,10,,41018,,,1,10,,41019,,,1,10,,41020,,,1,50,,41021,,,1,10,,41022,,,1,10,,41023,,,1,10,,41024,,,1,10,,41025,,,1,10,,41026,,,1,50,,41027,,,1,10,,41028,,,1,10,,41029,,,1,10,,41030,,,1,10,,41031,,,1,10,,41032,,,1,50,,41033,,,1,19,,41034,,,1,18,,41035,,,1,60,,41036,,,1,20,,41037,,,1,20,,41038,,,1,60,,41039,,,1,20,,41040,,,1,20,,41041,,,1,60,,41042,,,1,20,,41043,,,1,20,,41044,,,1,64,,41049,,,1,30,,41045,,,1,70,,41046,,,1,30,,41047,,,1,70,,41048,,,1
10801,'108-Weekday-5-26-02-0001000',1428,,41050,,,1
10801,'108-Weekday-5-26-02-1110100',1523,,41051,,,1
10801,'108-Weekday-5-26-02-1111100',552,,41055,,,1,60,,41052,,,1,21,,41054,,,1,21,,41053,,,1,53,,41056,,,1,10,,41057,,,1,10,,41058,,,1,10,,41059,,,1,10,,41060,,,1,10,,41061,,,1,50,,41062,,,1,10,,41063,,,1,10,,41064,,,1,10,,41065,,,1,10,,41066,,,1,9,,41067,,,1,61,,41068,,,1,20,,41069,,,1,20,,41070,,,1,60,,41071,,,1,20,,41072,,,1,20,,41073,,,1,60,,41074,,,1,20,,41075,,,1,20,,41076,,,1,60,,41077,,,1,20,,41078,,,1,20,,41079,,,1,60,,41080,,,1,20,,41081,,,1,20,,41082,,,1,60,,41083,,,1,20,,41084,,,1,21,,41085,,,1,51,,41086,,,1,10,,41087,,,1,10,,41088,,,1,10,,41089,,,1,10,,41090,,,1,10,,41091,,,1,50,,41092,,,1,10,,41093,,,1,10,,41094,,,1,10,,41095,,,1,10,,41096,,,1,10,,41097,,,1,50,,41098,,,1,10,,41099,,,1,10,,41100,,,1,10,,41101,,,1,10,,41102,,,1,10,,41103,,,1,50,,41104,,,1,19,,41105,,,1,18,,41106,,,1,60,,41107,,,1,20,,41108,,,1,20,,41109,,,1,60,,41110,,,1,20,,41111,,,1,20,,41112,,,1,60,,41113,,,1,20,,41114,,,1,20,,41115,,,1,64,,41120,,,1,30,,41116,,,1,70,,41117,,,1,30,,41118,,,1,70,,41119,,,1
10801,'108-Weekday-6-26-02-1111100',552,,41124,,,1,60,,41121,,,1,21,,41123,,,1,21,,41122,,,1,53,,41125,,,1,10,,41126,,,1,10,,41127,,,1,10,,41128,,,1,10,,41129,,,1,10,,41130,,,1,50,,41131,,,1,10,,41132,,,1,10,,41133,,,1,10,,41134,,,1,10,,41135,,,1,9,,41136,,,1,61,,41137,,,1,20,,41138,,,1,20,,41139,,,1,60,,41140,,,1,20,,41141,,,1,20,,41142,,,1,60,,41143,,,1,20,,41144,,,1,20,,41145,,,1,60,,41146,,,1,20,,41147,,,1,20,,41148,,,1,60,,41149,,,1,20,,41150,,,1,20,,41151,,,1,60,,41152,,,1,20,,41153,,,1,21,,41154,,,1,51,,41155,,,1,10,,41156,,,1,10,,41157,,,1,10,,41158,,,1,10,,41159,,,1,10,,41160,,,1,50,,41161,,,1,10,,41162,,,1,10,,41163,,,1,10,,41164,,,1,10,,41165,,,1,10,,41166,,,1,50,,41167,,,1,10,,41168,,,1,10,,41169,,,1,10,,41170,,,1,10,,41171,,,1,10,,41172,,,1,50,,41173,,,1,19,,41174,,,1,18,,41175,,,1,60,,41176,,,1,20,,41177,,,1,20,,41178,,,1,60,,41179,,,1,20,,41180,,,1,20,,41181,,,1,60,,41182,,,1,20,,41183,,,1,20,,41184,,,1,64,,41189,,,1,30,,41185,,,1,70,,41186,,,1,30,,41187,,,1,70,,41188,,,1
10801,'108-Weekday-7-26-02-1111100',552,,41193,,,1,60,,41190,,,1,21,,41192,,,1,21,,41191,,,1,53,,41194,,,1,10,,41195,,,1,10,,41196,,,1,10,,41197,,,1,10,,41198,,,1,10,,41199,,,1,50,,41200,,,1,10,,41201,,,1,10,,41202,,,1,10,,41203,,,1,10,,41204,,,1,9,,41205,,,1,61,,41206,,,1,20,,41207,,,1,20,,41208,,,1,60,,41209,,,1,20,,41210,,,1,20,,41211,,,1,60,,41212,,,1,20,,41213,,,1,20,,41214,,,1,60,,41215,,,1,20,,41216,,,1,20,,41217,,,1,60,,41218,,,1,20,,41219,,,1,20,,41220,,,1,60,,41221,,,1,20,,41222,,,1,21,,41223,,,1,51,,41224,,,1,10,,41225,,,1,10,,41226,,,1,10,,41227,,,1,10,,41228,,,1,10,,41229,,,1,50,,41230,,,1,10,,41231,,,1,10,,41232,,,1,10,,41233,,,1,10,,41234,,,1,10,,41235,,,1,50,,41236,,,1,10,,41237,,,1,10,,41238,,,1,10,,41239,,,1,10,,41240,,,1,10,,41241,,,1,50,,41242,,,1,19,,41243,,,1,18,,41244,,,1,60,,41245,,,1,20,,41246,,,1,20,,41247,,,1,60,,41248,,,1,20,,41249,,,1,20,,41250,,,1,60,,41251,,,1,20,,41252,,,1,20,,41253,,,1,64,,41258,,,1,30,,41254,,,1,70,,41255,,,1,30,,41256,,,1,70,,41257,,,1
10801,'108-Weekday-8-26-02-1111100',552,,41262,,,1,60,,41259,,,1,21,,41261,,,1,21,,41260,,,1,53,,41263,,,1,10,,41264,,,1,10,,41265,,,1,10,,41266,,,1,10,,41267,,,1,10,,41268,,,1,50,,41269,,,1,10,,41270,,,1,10,,41271,,,1,10,,41272,,,1,10,,41273,,,1,9,,41274,,,1,61,,41275,,,1,20,,41276,,,1,20,,41277,,,1,60,,41278,,,1,20,,41279,,,1,20,,41280,,,1,60,,41281,,,1,20,,41282,,,1,20,,41283,,,1,60,,41284,,,1,20,,41285,,,1,20,,41286,,,1,60,,41287,,,1,20,,41288,,,1,20,,41289,,,1,60,,41290,,,1,20,,41291,,,1,21,,41292,,,1,51,,41293,,,1,10,,41294,,,1,10,,41295,,,1,10,,41296,,,1,10,,41297,,,1,10,,41298,,,1,50,,41299,,,1,10,,41300,,,1,10,,41301,,,1,10,,41302,,,1,10,,41303,,,1,10,,41304,,,1,50,,41305,,,1,10,,41306,,,1,10,,41307,,,1,10,,41308,,,1,10,,41309,,,1,10,,41310,,,1,50,,41311,,,1,19,,41312,,,1,18,,41313,,,1,60,,41314,,,1,20,,41315,,,1,20,,41316,,,1,60,,41317,,,1,20,,41318,,,1,20,,41319,,,1,60,,41320,,,1,20,,41321,,,1,20,,41322,,,1,64,,41327,,,1,30,,41323,,,1,70,,41324,,,1,30,,41325,,,1,70,,41326,,,1
10801,'108-Weekday-9-26-02-1110100',1523,,41328,,,1
10801,'108-Weekday-9-26-02-1111100',552,,41332,,,1,60,,41329,,,1,21,,41331,,,1,21,,41330,,,1,53,,41333,,,1,10,,41334,,,1,10,,41335,,,1,10,,41336,,,1,10,,41337,,,1,10,,41338,,,1,50,,41339,,,1,10,,41340,,,1,10,,41341,,,1,10,,41342,,,1,10,,41343,,,1,9,,41344,,,1,61,,41345,,,1,20,,41346,,,1,20,,41347,,,1,60,,41348,,,1,20,,41349,,,1,20,,41350,,,1,60,,41351,,,1,20,,41352,,,1,20,,41353,,,1,60,,41354,,,1,20,,41355,,,1,20,,41356,,,1,60,,41357,,,1,20,,41358,,,1,20,,41359,,,1,60,,41360,,,1,20,,41361,,,1,21,,41362,,,1,51,,41363,,,1,10,,41364,,,1,10,,41365,,,1,10,,41366,,,1,10,,41367,,,1,10,,41368,,,1,50,,41369,,,1,10,,41370,,,1,10,,41371,,,1,10,,41372,,,1,10,,41373,,,1,10,,41374,,,1,50,,41375,,,1,10,,41376,,,1,10,,41377,,,1,10,,41378,,,1,10,,41379,,,1,10,,41380,,,1,50,,41381,,,1,19,,41382,,,1,18,,41383,,,1,60,,41384,,,1,20,,41385,,,1,20,,41386,,,1,60,,41387,,,1,20,,41388,,,1,20,,41389,,,1,60,,41390,,,1,20,,41391,,,1,20,,41392,,,1,64,,41397,,,1,30,,41393,,,1,70,,41394,,,1,30,,41395,,,1,70,,41396,,,1
10801,'108-Saturday-1-26-02-0000010',546,,5477,,,1,70,,5478,,,1,30,,5479,,,1,70,,5480,,,1,30,,5481,,,1,70,,5482,,,1,30,,5483,,,1,69,,5484,,,1,30,,5485,,,1,70,,5486,,,1,30,,5487,,,1,70,,5488,,,1,30,,5489,,,1,70,,5490,,,1,30,,5491,,,1,70,,5492,,,1,30,,5493,,,1,70,,5494,,,1,30,,5495,,,1,70,,5496,,,1,30,,5497,,,1,70,,5498,,,1,30,,5499,,,1,71,,5500,,,1,30,,5501,,,1,70,,5502,,,1,30,,5503,,,1,70,,5513,,,1,30,,5504,,,1,70,,5505,,,1,30,,5506,,,1,70,,5507,,,1,30,,5508,,,1,70,,5509,,,1,30,,5510,,,1,70,,5511,,,1,30,,5512,,,1
10801,'108-Sunday-1-26-02-0000001',602,,41398,,,1,30,,41399,,,1,70,,41400,,,1,30,,41401,,,1,70,,41402,,,1,29,,41403,,,1,72,,41404,,,1,30,,41405,,,1,70,,41406,,,1,30,,41407,,,1,70,,41408,,,1,30,,41409,,,1,70,,41410,,,1,30,,41411,,,1,70,,41412,,,1,30,,41413,,,1,70,,41414,,,1,30,,41415,,,1,70,,41416,,,1,30,,41417,,,1,70,,41418,,,1,30,,41419,,,1,68,,41420,,,1,30,,41421,,,1,70,,41422,,,1,30,,41423,,,1,70,,41424,,,1,30,,41425,,,1,70,,41426,,,1,30,,41427,,,1,70,,41428,,,1,30,,41429,,,1,70,,41430,,,1,30,,41431,,,1,70,,41432,,,1,30,,41433,,,1,70,,41434,,,1
11601,'116-Weekday-1-26-02-1111100',533,,6278,,,1,70,,6276,,,1,30,,6277,,,1,20,,6280,,,1,60,,6314,,,1,20,,6281,,,1,20,,6282,,,1,60,,6315,,,1,20,,6283,,,1,70,,6284,,,1,30,,6285,,,1,70,,6286,,,1,30,,6287,,,1,70,,6288,,,1,30,,6289,,,1,70,,6290,,,1,30,,6291,,,1,70,,6292,,,1,30,,6293,,,1,70,,6294,,,1,30,,6295,,,1,71,,6296,,,1,16,,6297,,,1,15,,6316,,,1,15,,6298,,,1,55,,6299,,,1,15,,6300,,,1,15,,6317,,,1,15,,6301,,,1,55,,6302,,,1,15,,6303,,,1,15,,6318,,,1,70,,6304,,,1,29,,6305,,,1,69,,6306,,,1,30,,6307,,,1,70,,6308,,,1,30,,6309,,,1,70,,6310,,,1,30,,6311,,,1,70,,6312,,,1,100,,6313,,,1,100,,6279,,,1
11601,'116-Weekday-2-26-02-1111100',533,,44840,,,1,70,,44838,,,1,30,,44839,,,1,20,,44842,,,1,60,,44876,,,1,20,,44843,,,1,20,,44844,,,1,60,,44877,,,1,20,,44845,,,1,70,,44846,,,1,30,,44847,,,1,70,,44848,,,1,30,,44849,,,1,70,,44850,,,1,30,,44851,,,1,70,,44852,,,1,30,,44853,,,1,70,,44854,,,1,30,,44855,,,1,70,,44856,,,1,30,,44857,,,1,71,,44858,,,1,16,,44859,,,1,15,,44878,,,1,15,,44860,,,1,55,,44861,,,1,15,,44862,,,1,15,,44879,,,1,15,,44863,,,1,55,,44864,,,1,15,,44865,,,1,15,,44880,,,1,70,,44866,,,1,29,,44867,,,1,69,,44868,,,1,30,,44869,,,1,70,,44870,,,1,30,,44871,,,1,70,,44872,,,1,30,,44873,,,1,70,,44874,,,1,100,,44875,,,1,100,,44841,,,1
11601,'116-Weekday-4-26-02-1111100',533,,44883,,,1,70,,44881,,,1,30,,44882,,,1,20,,44885,,,1,60,,44919,,,1,20,,44886,,,1,20,,44887,,,1,60,,44920,,,1,20,,44888,,,1,70,,44889,,,1,30,,44890,,,1,70,,44891,,,1,30,,44892,,,1,70,,44893,,,1,30,,44894,,,1,70,,44895,,,1,30,,44896,,,1,70,,44897,,,1,30,,44898,,,1,70,,44899,,,1,30,,44900,,,1,71,,44901,,,1,16,,44902,,,1,15,,44921,,,1,15,,44903,,,1,55,,44904,,,1,15,,44905,,,1,15,,44922,,,1,15,,44906,,,1,55,,44907,,,1,15,,44908,,,1,15,,44923,,,1,70,,44909,,,1,29,,44910,,,1,69,,44911,,,1,30,,44912,,,1,70,,44913,,,1,30,,44914,,,1,70,,44915,,,1,30,,44916,,,1,70,,44917,,,1,100,,44918,,,1,100,,44884,,,1
11601,'116-Weekday-5-26-02-1111100',533,,44926,,,1,70,,44924,,,1,30,,44925,,,1,20,,44928,,,1,60,,44962,,,1,20,,44929,,,1,20,,44930,,,1,60,,44963,,,1,20,,44931,,,1,70,,44932,,,1,30,,44933,,,1,70,,44934,,,1,30,,44935,,,1,70,,44936,,,1,30,,44937,,,1,70,,44938,,,1,30,,44939,,,1,70,,44940,,,1,30,,44941,,,1,70,,44942,,,1,30,,44943,,,1,71,,44944,,,1,16,,44945,,,1,15,,44964,,,1,15,,44946,,,1,55,,44947,,,1,15,,44948,,,1,15,,44965,,,1,15,,44949,,,1,55,,44950,,,1,15,,44951,,,1,15,,44966,,,1,70,,44952,,,1,29,,44953,,,1,69,,44954,,,1,30,,44955,,,1,70,,44956,,,1,30,,44957,,,1,70,,44958,,,1,30,,44959,,,1,70,,44960,,,1,100,,44961,,,1,100,,44927,,,1
11601,'116-Weekday-6-26-02-1111100',533,,44969,,,1,70,,44967,,,1,30,,44968,,,1,20,,44971,,,1,60,,45005,,,1,20,,44972,,,1,20,,44973,,,1,60,,45006,,,1,20,,44974,,,1,70,,44975,,,1,30,,44976,,,1,70,,44977,,,1,30,,44978,,,1,70,,44979,,,1,30,,44980,,,1,70,,44981,,,1,30,,44982,,,1,70,,44983,,,1,30,,44984,,,1,70,,44985,,,1,30,,44986,,,1,71,,44987,,,1,16,,44988,,,1,15,,45007,,,1,15,,44989,,,1,55,,44990,,,1,15,,44991,,,1,15,,45008,,,1,15,,44992,,,1,55,,44993,,,1,15,,44994,,,1,15,,45009,,,1,70,,44995,,,1,29,,44996,,,1,69,,44997,,,1,30,,44998,,,1,70,,44999,,,1,30,,45000,,,1,70,,45001,,,1,30,,45002,,,1,70,,45003,,,1,100,,45004,,,1,100,,44970,,,1
11601,'116-Weekday-7-26-02-1111100',533,,45012,,,1,70,,45010,,,1,30,,45011,,,1,20,,45014,,,1,60,,45048,,,1,20,,45015,,,1,20,,45016,,,1,60,,45049,,,1,20,,45017,,,1,70,,45018,,,1,30,,45019,,,1,70,,45020,,,1,30,,45021,,,1,70,,45022,,,1,30,,45023,,,1,70,,45024,,,1,30,,45025,,,1,70,,45026,,,1,30,,45027,,,1,70,,45028,,,1,30,,45029,,,1,71,,45030,,,1,16,,45031,,,1,15,,45050,,,1,15,,45032,,,1,55,,45033,,,1,15,,45034,,,1,15,,45051,,,1,15,,45035,,,1,55,,45036,,,1,15,,45037,,,1,15,,45052,,,1,70,,45038,,,1,29,,45039,,,1,69,,45040,,,1,30,,45041,,,1,70,,45042,,,1,30,,45043,,,1,70,,45044,,,1,30,,45045,,,1,70,,45046,,,1,100,,45047,,,1,100,,45013,,,1
11601,'116-Weekday-8-26-02-1111100',533,,45055,,,1,70,,45053,,,1,30,,45054,,,1,20,,45057,,,1,60,,45091,,,1,20,,45058,,,1,20,,45059,,,1,60,,45092,,,1,20,,45060,,,1,70,,45061,,,1,30,,45062,,,1,70,,45063,,,1,30,,45064,,,1,70,,45065,,,1,30,,45066,,,1,70,,45067,,,1,30,,45068,,,1,70,,45069,,,1,30,,45070,,,1,70,,45071,,,1,30,,45072,,,1,71,,45073,,,1,16,,45074,,,1,15,,45093,,,1,15,,45075,,,1,55,,45076,,,1,15,,45077,,,1,15,,45094,,,1,15,,45078,,,1,55,,45079,,,1,15,,45080,,,1,15,,45095,,,1,70,,45081,,,1,29,,45082,,,1,69,,45083,,,1,30,,45084,,,1,70,,45085,,,1,30,,45086,,,1,70,,45087,,,1,30,,45088,,,1,70,,45089,,,1,100,,45090,,,1,100,,45056,,,1
11601,'116-Weekday-9-26-02-1111100',533,,45098,,,1,70,,45096,,,1,30,,45097,,,1,20,,45100,,,1,60,,45134,,,1,20,,45101,,,1,20,,45102,,,1,60,,45135,,,1,20,,45103,,,1,70,,45104,,,1,30,,45105,,,1,70,,45106,,,1,30,,45107,,,1,70,,45108,,,1,30,,45109,,,1,70,,45110,,,1,30,,45111,,,1,70,,45112,,,1,30,,45113,,,1,70,,45114,,,1,30,,45115,,,1,71,,45116,,,1,16,,45117,,,1,15,,45136,,,1,15,,45118,,,1,55,,45119,,,1,15,,45120,,,1,15,,45137,,,1,15,,45121,,,1,55,,45122,,,1,15,,45123,,,1,15,,45138,,,1,70,,45124,,,1,29,,45125,,,1,69,,45126,,,1,30,,45127,,,1,70,,45128,,,1,30,,45129,,,1,70,,45130,,,1,30,,45131,,,1,70,,45132,,,1,100,,45133,,,1,100,,45099,,,1
11601,'116-Saturday-1-26-02-0000010',609,,6348,,,1,100,,6347,,,1,100,,6319,,,1,30,,6320,,,1,70,,6321,,,1,30,,6322,,,1,70,,6323,,,1,30,,6324,,,1,70,,6325,,,1,30,,6326,,,1,70,,6327,,,1,30,,6328,,,1,70,,6329,,,1,30,,6330,,,1,70,,6331,,,1,30,,6332,,,1,70,,6333,,,1,30,,6334,,,1,70,,6335,,,1,30,,6336,,,1,71,,6337,,,1,30,,6338,,,1,70,,6339,,,1,30,,6340,,,1,70,,6341,,,1,30,,6342,,,1,85,,6343,,,1,100,,6344,,,1,100,,6345,,,1,100,,6346,,,1
11601,'116-Sunday-1-26-02-0000001',623,,45139,,,1,100,,45140,,,1,100,,45141,,,1,100,,45142,,,1,101,,45143,,,1,30,,45144,,,1,70,,45145,,,1,30,,45146,,,1,70,,45147,,,1,30,,45148,,,1,70,,45149,,,1,30,,45150,,,1,70,,45151,,,1,30,,45152,,,1,70,,45153,,,1,30,,45154,,,1,70,,45155,,,1,30,,45156,,,1,69,,45157,,,1,29,,45158,,,1,70,,45159,,,1,30,,45160,,,1,70,,45161,,,1,30,,45163,,,1,70,,45162,,,1,30,,45164,,,1,70,,45165,,,1
62701,'627-Weekday-1-26-02-1111100',840,,10048,,,1
62701,'627-Weekday-2-26-02-1111100',840,,61931,,,1
62701,'627-Weekday-4-26-02-1111100',840,,61932,,,1
62701,'627-Weekday-5-26-02-1111100',840,,61933,,,1
