10100,'101-Weekday-1-26-09-1111100',508,,213856,8,,,1,30,,213857,8,,,1,70,,213858,8,,,1,30,,213875,8,,,1,70,,213876,8,,,1,30,,213877,8,,,1,70,,213878,8,,,1,30,,213879,8,,,1,70,,213880,8,,,1,30,,213881,8,,,1,70,,213882,8,,,1,30,,213883,8,,,1,70,,213884,8,,,1,30,,213885,8,,,1,70,,213886,8,,,1,30,,213887,8,,,1,70,,213888,8,,,1,30,,213889,8,,,1,70,,213890,8,,,1,30,,213859,8,,,1,20,,213860,8,,,1,61,,213861,8,,,1,20,,213862,8,,,1,20,,213863,8,,,1,60,,213864,8,,,1,20,,213865,8,,,1,20,,213866,8,,,1,60,,213867,8,,,1,25,,213892,8,,,1,65,,213891,8,,,1,29,,213868,8,,,1,70,,213869,8,,,1,30,,213870,8,,,1,70,,213871,8,,,1,30,,213872,8,,,1,70,,213873,8,,,1,30,,213874,8,,,1
10100,'101-Weekday-2-26-09-1111100',508,,213893,8,,,1,30,,213894,8,,,1,70,,213895,8,,,1,30,,213912,8,,,1,70,,213913,8,,,1,30,,213914,8,,,1,70,,213915,8,,,1,30,,213916,8,,,1,70,,213917,8,,,1,30,,213918,8,,,1,70,,213919,8,,,1,30,,213920,8,,,1,70,,213921,8,,,1,30,,213922,8,,,1,70,,213923,8,,,1,30,,213924,8,,,1,70,,213925,8,,,1,30,,213926,8,,,1,70,,213927,8,,,1,30,,213896,8,,,1,20,,213897,8,,,1,61,,213898,8,,,1,20,,213899,8,,,1,20,,213900,8,,,1,60,,213901,8,,,1,20,,213902,8,,,1,20,,213903,8,,,1,60,,213904,8,,,1,25,,213929,8,,,1,65,,213928,8,,,1,29,,213905,8,,,1,70,,213906,8,,,1,30,,213907,8,,,1,70,,213908,8,,,1,30,,213909,8,,,1,70,,213910,8,,,1,30,,213911,8,,,1
10100,'101-Weekday-4-26-09-1111100',508,,213930,8,,,1,30,,213931,8,,,1,70,,213932,8,,,1,30,,213949,8,,,1,70,,213950,8,,,1,30,,213951,8,,,1,70,,213952,8,,,1,30,,213953,8,,,1,70,,213954,8,,,1,30,,213955,8,,,1,70,,213956,8,,,1,30,,213957,8,,,1,70,,213958,8,,,1,30,,213959,8,,,1,70,,213960,8,,,1,30,,213961,8,,,1,70,,213962,8,,,1,30,,213963,8,,,1,70,,213964,8,,,1,30,,213933,8,,,1,20,,213934,8,,,1,61,,213935,8,,,1,20,,213936,8,,,1,20,,213937,8,,,1,60,,213938,8,,,1,20,,213939,8,,,1,20,,213940,8,,,1,60,,213941,8,,,1,25,,213966,8,,,1,65,,213965,8,,,1,29,,213942,8,,,1,70,,213943,8,,,1,30,,213944,8,,,1,70,,213945,8,,,1,30,,213946,8,,,1,70,,213947,8,,,1,30,,213948,8,,,1
10100,'101-Saturday-1-26-09-0000010',601,,213967,8,,,1,100,,213968,8,,,1,100,,213969,8,,,1,37,,213970,8,,,1,71,,213971,8,,,1,30,,213994,8,,,1,70,,213975,8,,,1,30,,213976,8,,,1,70,,213977,8,,,1,30,,213978,8,,,1,70,,213979,8,,,1,30,,213980,8,,,1,70,,213981,8,,,1,30,,213982,8,,,1,70,,213983,8,,,1,30,,213984,8,,,1,70,,213985,8,,,1,30,,213986,8,,,1,70,,213987,8,,,1,30,,213988,8,,,1,70,,213989,8,,,1,30,,213990,8,,,1,70,,213991,8,,,1,30,,213992,8,,,1,75,,213993,8,,,1,35,,213972,8,,,1,100,,213973,8,,,1,100,,213974,8,,,1
10100,'101-Sunday-1-26-09-0000001',958,,213995,8,,,1,76,,213996,8,,,1,70,,213997,8,,,1,30,,213998,8,,,1,70,,213999,8,,,1,30,,214000,8,,,1,70,,214001,8,,,1,30,,214002,8,,,1,70,,214003,8,,,1,30,,214004,8,,,1,70,,214005,8,,,1,30,,214006,8,,,1,70,,214007,8,,,1,30,,214008,8,,,1,70,,214009,8,,,1,30,,214015,8,,,1,70,,214014,8,,,1,30,,214012,8,,,1,70,,214010,8,,,1,100,,214011,8,,,1,100,,214013,8,,,1
11100,'111-Weekday-1-26-09-1111100',1003,,217215,57,,,1,100,,217216,57,,,1,100,,217217,57,,,1,100,,217218,57,,,1,100,,217219,57,,,1,100,,217220,57,,,1,101,,217221,57,,,1
11100,'111-Weekday-2-26-09-1111100',1003,,217222,57,,,1,100,,217223,57,,,1,100,,217224,57,,,1,100,,217225,57,,,1,100,,217226,57,,,1,100,,217227,57,,,1,101,,217228,57,,,1
11100,'111-Weekday-4-26-09-1111100',1003,,217229,57,,,1,100,,217230,57,,,1,100,,217231,57,,,1,100,,217232,57,,,1,100,,217233,57,,,1,100,,217234,57,,,1,101,,217235,57,,,1
62200,'622-Weekday-1-26-09-1111100',730,,227470,5,,,1,20,,227471,5,,,1,60,,227472,5,,,1,20,,227473,5,,,1,20,,227474,5,,,1,60,,227475,5,,,1,20,,227476,5,,,1,587,,227477,5,,,1,20,,227478,5,,,1,20,,227479,5,,,1,60,,227480,5,,,1,20,,227481,5,,,1,19,,227482,5,,,1
62200,'622-Weekday-2-26-09-1111100',730,,227483,5,,,1,20,,227484,5,,,1,60,,227485,5,,,1,20,,227486,5,,,1,20,,227487,5,,,1,60,,227488,5,,,1,20,,227489,5,,,1,587,,227490,5,,,1,20,,227491,5,,,1,20,,227492,5,,,1,60,,227493,5,,,1,20,,227494,5,,,1,19,,227495,5,,,1
62200,'622-Weekday-4-26-09-1111100',730,,227496,5,,,1,20,,227497,5,,,1,60,,227498,5,,,1,20,,227499,5,,,1,20,,227500,5,,,1,60,,227501,5,,,1,20,,227502,5,,,1,587,,227503,5,,,1,20,,227504,5,,,1,20,,227505,5,,,1,60,,227506,5,,,1,20,,227507,5,,,1,19,,227508,5,,,1
