61800,'618-Weekday-1-26-04-0001000',1250,,120370,25,,,1
61800,'618-Weekday-1-26-04-1110100',1541,,120371,25,,,1
61800,'618-Weekday-3-26-04-0001000',1250,,141979,25,,,1
61800,'618-Weekday-3-26-04-1110100',1541,,141980,25,,,1
68300,'683-Weekday-1-26-04-0001000',1328,,120628,36,,,1,4,,120629,36,,,1
68300,'683-Weekday-1-26-04-1110100',1626,,120630,36,,,1,4,,120631,36,,,1
68300,'683-Weekday-1-26-04-1111100',1558,,120632,36,,,1,46,,120633,36,,,1
68300,'683-Weekday-2-26-04-1111100',1558,,142216,36,,,1,46,,142217,36,,,1
68300,'683-Weekday-3-26-04-0001000',1328,,142218,36,,,1,4,,142219,36,,,1
68300,'683-Weekday-3-26-04-1110100',1626,,142220,36,,,1,4,,142221,36,,,1
