92401,'924-Weekday-1-26-02-1111100',705,,16180,,,1,30,,16181,,,1,70,,16190,,,1,30,,16189,,,1,70,,16191,,,1,100,,16182,,,1,100,,16186,,,1,100,,16185,,,1,100,,16177,,,1,100,,16184,,,1,100,,16179,,,1,100,,16176,,,1,30,,16175,,,1,70,,16183,,,1,30,,16178,,,1,70,,16188,,,1,30,,16187,,,1
92401,'924-Weekday-2-26-02-1111100',705,,90418,,,1,30,,90419,,,1,70,,90428,,,1,30,,90427,,,1,70,,90429,,,1,100,,90420,,,1,100,,90424,,,1,100,,90423,,,1,100,,90415,,,1,100,,90422,,,1,100,,90417,,,1,100,,90414,,,1,30,,90413,,,1,70,,90421,,,1,30,,90416,,,1,70,,90426,,,1,30,,90425,,,1
92401,'924-Weekday-4-26-02-1111100',705,,90435,,,1,30,,90436,,,1,70,,90445,,,1,30,,90444,,,1,70,,90446,,,1,100,,90437,,,1,100,,90441,,,1,100,,90440,,,1,100,,90432,,,1,100,,90439,,,1,100,,90434,,,1,100,,90431,,,1,30,,90430,,,1,70,,90438,,,1,30,,90433,,,1,70,,90443,,,1,30,,90442,,,1
92401,'924-Weekday-5-26-02-1111100',705,,90452,,,1,30,,90453,,,1,70,,90462,,,1,30,,90461,,,1,70,,90463,,,1,100,,90454,,,1,100,,90458,,,1,100,,90457,,,1,100,,90449,,,1,100,,90456,,,1,100,,90451,,,1,100,,90448,,,1,30,,90447,,,1,70,,90455,,,1,30,,90450,,,1,70,,90460,,,1,30,,90459,,,1
92401,'924-Weekday-6-26-02-1111100',705,,90469,,,1,30,,90470,,,1,70,,90479,,,1,30,,90478,,,1,70,,90480,,,1,100,,90471,,,1,100,,90475,,,1,100,,90474,,,1,100,,90466,,,1,100,,90473,,,1,100,,90468,,,1,100,,90465,,,1,30,,90464,,,1,70,,90472,,,1,30,,90467,,,1,70,,90477,,,1,30,,90476,,,1
92401,'924-Weekday-7-26-02-1111100',705,,90486,,,1,30,,90487,,,1,70,,90496,,,1,30,,90495,,,1,70,,90497,,,1,100,,90488,,,1,100,,90492,,,1,100,,90491,,,1,100,,90483,,,1,100,,90490,,,1,100,,90485,,,1,100,,90482,,,1,30,,90481,,,1,70,,90489,,,1,30,,90484,,,1,70,,90494,,,1,30,,90493,,,1
92401,'924-Weekday-8-26-02-1111100',705,,90503,,,1,30,,90504,,,1,70,,90513,,,1,30,,90512,,,1,70,,90514,,,1,100,,90505,,,1,100,,90509,,,1,100,,90508,,,1,100,,90500,,,1,100,,90507,,,1,100,,90502,,,1,100,,90499,,,1,30,,90498,,,1,70,,90506,,,1,30,,90501,,,1,70,,90511,,,1,30,,90510,,,1
92401,'924-Weekday-9-26-02-1111100',705,,90520,,,1,30,,90521,,,1,70,,90530,,,1,30,,90529,,,1,70,,90531,,,1,100,,90522,,,1,100,,90526,,,1,100,,90525,,,1,100,,90517,,,1,100,,90524,,,1,100,,90519,,,1,100,,90516,,,1,30,,90515,,,1,70,,90523,,,1,30,,90518,,,1,70,,90528,,,1,30,,90527,,,1
92401,'924-Saturday-1-26-02-0000010',835,,16192,,,1,100,,16193,,,1,100,,16194,,,1,100,,16195,,,1,100,,16196,,,1,100,,16197,,,1,100,,16198,,,1,100,,16199,,,1,100,,16200,,,1,100,,16201,,,1,100,,16202,,,1
92401,'924-Sunday-1-26-02-0000001',1035,,90532,,,1,100,,90533,,,1,100,,90534,,,1,100,,90535,,,1,100,,90536,,,1,100,,90537,,,1,100,,90538,,,1,100,,90539,,,1,100,,90540,,,1
