50701,'507-Weekday-1-26-09-1111100',537,,222511,26,,,1,70,,222512,26,,,1,33,,222513,26,,,1,62,,222547,26,,,1,15,,222514,26,,,1,22,,222543,26,,,1,15,,222516,26,,,1,55,,222544,26,,,1,15,,222518,26,,,1,15,,222545,26,,,1,15,,222519,26,,,1,65,,222515,26,,,1,24,,222517,26,,,1,64,,222521,26,,,1,30,,222522,26,,,1,70,,222523,26,,,1,30,,222524,26,,,1,70,,222525,26,,,1,30,,222526,26,,,1,70,,222506,26,,,1,30,,222507,26,,,1,70,,222508,26,,,1,30,,222509,26,,,1,71,,222510,26,,,1,32,,222520,26,,,1,75,,222527,26,,,1,30,,222528,26,,,1,70,,222529,26,,,1,30,,222530,26,,,1,70,,222531,26,,,1,26,,222532,26,,,1,68,,222533,26,,,1,25,,222534,26,,,1,71,,222535,26,,,1,30,,222536,26,,,1,70,,222537,26,,,1,30,,222538,26,,,1,70,,222539,26,,,1,27,,222540,26,,,1,27,,222546,26,,,1,90,,222541,26,,,1,100,,222542,26,,,1
50701,'507-Weekday-2-26-09-1111100',537,,222553,26,,,1,70,,222554,26,,,1,33,,222555,26,,,1,62,,222589,26,,,1,15,,222556,26,,,1,22,,222585,26,,,1,15,,222558,26,,,1,55,,222586,26,,,1,15,,222560,26,,,1,15,,222587,26,,,1,15,,222561,26,,,1,65,,222557,26,,,1,24,,222559,26,,,1,64,,222563,26,,,1,30,,222564,26,,,1,70,,222565,26,,,1,30,,222566,26,,,1,70,,222567,26,,,1,30,,222568,26,,,1,70,,222548,26,,,1,30,,222549,26,,,1,70,,222550,26,,,1,30,,222551,26,,,1,71,,222552,26,,,1,32,,222562,26,,,1,75,,222569,26,,,1,30,,222570,26,,,1,70,,222571,26,,,1,30,,222572,26,,,1,70,,222573,26,,,1,26,,222574,26,,,1,68,,222575,26,,,1,25,,222576,26,,,1,71,,222577,26,,,1,30,,222578,26,,,1,70,,222579,26,,,1,30,,222580,26,,,1,70,,222581,26,,,1,27,,222582,26,,,1,27,,222588,26,,,1,90,,222583,26,,,1,100,,222584,26,,,1
50701,'507-Weekday-4-26-09-1111100',537,,222595,26,,,1,70,,222596,26,,,1,33,,222597,26,,,1,62,,222631,26,,,1,15,,222598,26,,,1,22,,222627,26,,,1,15,,222600,26,,,1,55,,222628,26,,,1,15,,222602,26,,,1,15,,222629,26,,,1,15,,222603,26,,,1,65,,222599,26,,,1,24,,222601,26,,,1,64,,222605,26,,,1,30,,222606,26,,,1,70,,222607,26,,,1,30,,222608,26,,,1,70,,222609,26,,,1,30,,222610,26,,,1,70,,222590,26,,,1,30,,222591,26,,,1,70,,222592,26,,,1,30,,222593,26,,,1,71,,222594,26,,,1,32,,222604,26,,,1,75,,222611,26,,,1,30,,222612,26,,,1,70,,222613,26,,,1,30,,222614,26,,,1,70,,222615,26,,,1,26,,222616,26,,,1,68,,222617,26,,,1,25,,222618,26,,,1,71,,222619,26,,,1,30,,222620,26,,,1,70,,222621,26,,,1,30,,222622,26,,,1,70,,222623,26,,,1,27,,222624,26,,,1,27,,222630,26,,,1,90,,222625,26,,,1,100,,222626,26,,,1
50701,'507-Saturday-1-26-09-0000010',545,,222633,26,,,1,100,,222635,26,,,1,100,,222636,26,,,1,70,,222634,26,,,1,30,,222637,26,,,1,71,,222638,26,,,1,33,,222639,26,,,1,72,,222640,26,,,1,30,,222641,26,,,1,70,,222642,26,,,1,30,,222643,26,,,1,70,,222644,26,,,1,30,,222645,26,,,1,70,,222646,26,,,1,30,,222647,26,,,1,70,,222648,26,,,1,30,,222649,26,,,1,70,,222650,26,,,1,30,,222651,26,,,1,70,,222652,26,,,1,30,,222653,26,,,1,68,,222654,26,,,1,28,,222655,26,,,1,69,,222656,26,,,1,30,,222657,26,,,1,70,,222658,26,,,1,100,,222659,26,,,1,100,,222660,26,,,1,100,,222661,26,,,1,100,,222662,26,,,1
50701,'507-Sunday-1-26-09-0000001',612,,222688,26,,,1,100,,222663,26,,,1,100,,222664,26,,,1,101,,222665,26,,,1,106,,222666,26,,,1,30,,222689,26,,,1,70,,222667,26,,,1,30,,222668,26,,,1,70,,222669,26,,,1,30,,222670,26,,,1,70,,222671,26,,,1,30,,222672,26,,,1,70,,222673,26,,,1,30,,222674,26,,,1,70,,222675,26,,,1,30,,222676,26,,,1,70,,222677,26,,,1,30,,222678,26,,,1,68,,222679,26,,,1,28,,222680,26,,,1,69,,222681,26,,,1,30,,222682,26,,,1,70,,222683,26,,,1,91,,222684,26,,,1,100,,222685,26,,,1,100,,222686,26,,,1,100,,222687,26,,,1
63000,'630-Weekday-1-26-09-1111100',750,,227570,37,,,1
63000,'630-Weekday-3-26-09-1111100',750,,227571,37,,,1
63500,'635-Weekday-1-26-09-0000100',946,,227599,37,,,1
63500,'635-Weekday-1-26-09-1111000',820,,227600,37,,,1
63500,'635-Weekday-3-26-09-1111000',820,,227601,37,,,1
