65001,'650-Weekday-1-26-02-1111100',1522,,10119,,,1
65001,'650-Weekday-2-26-02-1111100',1522,,62150,,,1
65001,'650-Weekday-4-26-02-1111100',1522,,62151,,,1
65001,'650-Weekday-5-26-02-1111100',1522,,62152,,,1
72401,'724-Weekday-1-26-02-1111100',626,,13201,,,1,74,,13202,,,1,34,,13203,,,1,70,,13204,,,1,30,,13205,,,1,69,,13200,,,1,626,,13206,,,1,30,,13207,,,1,70,,13208,,,1,30,,13209,,,1,70,,13210,,,1,30,,13211,,,1,70,,13212,,,1
72401,'724-Weekday-2-26-02-1111100',626,,76416,,,1,74,,76417,,,1,34,,76418,,,1,70,,76419,,,1,30,,76420,,,1,69,,76415,,,1,626,,76421,,,1,30,,76422,,,1,70,,76423,,,1,30,,76424,,,1,70,,76425,,,1,30,,76426,,,1,70,,76427,,,1
72401,'724-Weekday-4-26-02-1111100',626,,76429,,,1,74,,76430,,,1,34,,76431,,,1,70,,76432,,,1,30,,76433,,,1,69,,76428,,,1,626,,76434,,,1,30,,76435,,,1,70,,76436,,,1,30,,76437,,,1,70,,76438,,,1,30,,76439,,,1,70,,76440,,,1
72401,'724-Weekday-5-26-02-1111100',626,,76442,,,1,74,,76443,,,1,34,,76444,,,1,70,,76445,,,1,30,,76446,,,1,69,,76441,,,1,626,,76447,,,1,30,,76448,,,1,70,,76449,,,1,30,,76450,,,1,70,,76451,,,1,30,,76452,,,1,70,,76453,,,1
72401,'724-Weekday-6-26-02-1111100',626,,76455,,,1,74,,76456,,,1,34,,76457,,,1,70,,76458,,,1,30,,76459,,,1,69,,76454,,,1,626,,76460,,,1,30,,76461,,,1,70,,76462,,,1,30,,76463,,,1,70,,76464,,,1,30,,76465,,,1,70,,76466,,,1
72401,'724-Weekday-7-26-02-1111100',626,,76468,,,1,74,,76469,,,1,34,,76470,,,1,70,,76471,,,1,30,,76472,,,1,69,,76467,,,1,626,,76473,,,1,30,,76474,,,1,70,,76475,,,1,30,,76476,,,1,70,,76477,,,1,30,,76478,,,1,70,,76479,,,1
72401,'724-Weekday-8-26-02-1111100',626,,76481,,,1,74,,76482,,,1,34,,76483,,,1,70,,76484,,,1,30,,76485,,,1,69,,76480,,,1,626,,76486,,,1,30,,76487,,,1,70,,76488,,,1,30,,76489,,,1,70,,76490,,,1,30,,76491,,,1,70,,76492,,,1
72401,'724-Weekday-9-26-02-1111100',626,,76494,,,1,74,,76495,,,1,34,,76496,,,1,70,,76497,,,1,30,,76498,,,1,69,,76493,,,1,626,,76499,,,1,30,,76500,,,1,70,,76501,,,1,30,,76502,,,1,70,,76503,,,1,30,,76504,,,1,70,,76505,,,1
