91701,'917-Weekday-1-26-02-0001000',1454,,15300,,,1
91701,'917-Weekday-1-26-02-1110100',1623,,15301,,,1
91701,'917-Weekday-1-26-02-1111100',459,,15302,,,1,70,,15303,,,1,30,,15344,,,1,60,,15346,,,1,20,,15345,,,1,20,,15304,,,1,60,,15339,,,1,20,,15305,,,1,20,,15306,,,1,60,,15340,,,1,20,,15307,,,1,20,,15308,,,1,70,,15309,,,1,30,,15310,,,1,70,,15311,,,1,30,,15312,,,1,70,,15313,,,1,30,,15314,,,1,70,,15315,,,1,30,,15316,,,1,70,,15317,,,1,30,,15318,,,1,70,,15319,,,1,30,,15320,,,1,71,,15343,,,1,15,,15321,,,1,55,,15322,,,1,15,,15323,,,1,15,,15341,,,1,15,,15324,,,1,55,,15325,,,1,15,,15326,,,1,15,,15342,,,1,15,,15327,,,1,55,,15328,,,1,29,,15329,,,1,30,,15330,,,1,70,,15331,,,1,30,,15332,,,1,70,,15333,,,1,30,,15334,,,1,70,,15335,,,1,30,,15336,,,1,100,,15337,,,1,100,,15338,,,1
91701,'917-Weekday-2-26-02-0001000',1454,,86296,,,1
91701,'917-Weekday-2-26-02-1110100',1623,,86297,,,1
91701,'917-Weekday-2-26-02-1111100',459,,86298,,,1,70,,86299,,,1,30,,86340,,,1,60,,86342,,,1,20,,86341,,,1,20,,86300,,,1,60,,86335,,,1,20,,86301,,,1,20,,86302,,,1,60,,86336,,,1,20,,86303,,,1,20,,86304,,,1,70,,86305,,,1,30,,86306,,,1,70,,86307,,,1,30,,86308,,,1,70,,86309,,,1,30,,86310,,,1,70,,86311,,,1,30,,86312,,,1,70,,86313,,,1,30,,86314,,,1,70,,86315,,,1,30,,86316,,,1,71,,86339,,,1,15,,86317,,,1,55,,86318,,,1,15,,86319,,,1,15,,86337,,,1,15,,86320,,,1,55,,86321,,,1,15,,86322,,,1,15,,86338,,,1,15,,86323,,,1,55,,86324,,,1,29,,86325,,,1,30,,86326,,,1,70,,86327,,,1,30,,86328,,,1,70,,86329,,,1,30,,86330,,,1,70,,86331,,,1,30,,86332,,,1,100,,86333,,,1,100,,86334,,,1
91701,'917-Weekday-4-26-02-1111100',459,,86343,,,1,70,,86344,,,1,30,,86385,,,1,60,,86387,,,1,20,,86386,,,1,20,,86345,,,1,60,,86380,,,1,20,,86346,,,1,20,,86347,,,1,60,,86381,,,1,20,,86348,,,1,20,,86349,,,1,70,,86350,,,1,30,,86351,,,1,70,,86352,,,1,30,,86353,,,1,70,,86354,,,1,30,,86355,,,1,70,,86356,,,1,30,,86357,,,1,70,,86358,,,1,30,,86359,,,1,70,,86360,,,1,30,,86361,,,1,71,,86384,,,1,15,,86362,,,1,55,,86363,,,1,15,,86364,,,1,15,,86382,,,1,15,,86365,,,1,55,,86366,,,1,15,,86367,,,1,15,,86383,,,1,15,,86368,,,1,55,,86369,,,1,29,,86370,,,1,30,,86371,,,1,70,,86372,,,1,30,,86373,,,1,70,,86374,,,1,30,,86375,,,1,70,,86376,,,1,30,,86377,,,1,100,,86378,,,1,100,,86379,,,1
91701,'917-Weekday-5-26-02-0001000',1454,,86388,,,1
91701,'917-Weekday-5-26-02-1110100',1623,,86389,,,1
91701,'917-Weekday-5-26-02-1111100',459,,86390,,,1,70,,86391,,,1,30,,86432,,,1,60,,86434,,,1,20,,86433,,,1,20,,86392,,,1,60,,86427,,,1,20,,86393,,,1,20,,86394,,,1,60,,86428,,,1,20,,86395,,,1,20,,86396,,,1,70,,86397,,,1,30,,86398,,,1,70,,86399,,,1,30,,86400,,,1,70,,86401,,,1,30,,86402,,,1,70,,86403,,,1,30,,86404,,,1,70,,86405,,,1,30,,86406,,,1,70,,86407,,,1,30,,86408,,,1,71,,86431,,,1,15,,86409,,,1,55,,86410,,,1,15,,86411,,,1,15,,86429,,,1,15,,86412,,,1,55,,86413,,,1,15,,86414,,,1,15,,86430,,,1,15,,86415,,,1,55,,86416,,,1,29,,86417,,,1,30,,86418,,,1,70,,86419,,,1,30,,86420,,,1,70,,86421,,,1,30,,86422,,,1,70,,86423,,,1,30,,86424,,,1,100,,86425,,,1,100,,86426,,,1
91701,'917-Weekday-6-26-02-1111100',459,,86435,,,1,70,,86436,,,1,30,,86477,,,1,60,,86479,,,1,20,,86478,,,1,20,,86437,,,1,60,,86472,,,1,20,,86438,,,1,20,,86439,,,1,60,,86473,,,1,20,,86440,,,1,20,,86441,,,1,70,,86442,,,1,30,,86443,,,1,70,,86444,,,1,30,,86445,,,1,70,,86446,,,1,30,,86447,,,1,70,,86448,,,1,30,,86449,,,1,70,,86450,,,1,30,,86451,,,1,70,,86452,,,1,30,,86453,,,1,71,,86476,,,1,15,,86454,,,1,55,,86455,,,1,15,,86456,,,1,15,,86474,,,1,15,,86457,,,1,55,,86458,,,1,15,,86459,,,1,15,,86475,,,1,15,,86460,,,1,55,,86461,,,1,29,,86462,,,1,30,,86463,,,1,70,,86464,,,1,30,,86465,,,1,70,,86466,,,1,30,,86467,,,1,70,,86468,,,1,30,,86469,,,1,100,,86470,,,1,100,,86471,,,1
91701,'917-Weekday-7-26-02-1111100',459,,86480,,,1,70,,86481,,,1,30,,86522,,,1,60,,86524,,,1,20,,86523,,,1,20,,86482,,,1,60,,86517,,,1,20,,86483,,,1,20,,86484,,,1,60,,86518,,,1,20,,86485,,,1,20,,86486,,,1,70,,86487,,,1,30,,86488,,,1,70,,86489,,,1,30,,86490,,,1,70,,86491,,,1,30,,86492,,,1,70,,86493,,,1,30,,86494,,,1,70,,86495,,,1,30,,86496,,,1,70,,86497,,,1,30,,86498,,,1,71,,86521,,,1,15,,86499,,,1,55,,86500,,,1,15,,86501,,,1,15,,86519,,,1,15,,86502,,,1,55,,86503,,,1,15,,86504,,,1,15,,86520,,,1,15,,86505,,,1,55,,86506,,,1,29,,86507,,,1,30,,86508,,,1,70,,86509,,,1,30,,86510,,,1,70,,86511,,,1,30,,86512,,,1,70,,86513,,,1,30,,86514,,,1,100,,86515,,,1,100,,86516,,,1
91701,'917-Weekday-8-26-02-1111100',459,,86525,,,1,70,,86526,,,1,30,,86567,,,1,60,,86569,,,1,20,,86568,,,1,20,,86527,,,1,60,,86562,,,1,20,,86528,,,1,20,,86529,,,1,60,,86563,,,1,20,,86530,,,1,20,,86531,,,1,70,,86532,,,1,30,,86533,,,1,70,,86534,,,1,30,,86535,,,1,70,,86536,,,1,30,,86537,,,1,70,,86538,,,1,30,,86539,,,1,70,,86540,,,1,30,,86541,,,1,70,,86542,,,1,30,,86543,,,1,71,,86566,,,1,15,,86544,,,1,55,,86545,,,1,15,,86546,,,1,15,,86564,,,1,15,,86547,,,1,55,,86548,,,1,15,,86549,,,1,15,,86565,,,1,15,,86550,,,1,55,,86551,,,1,29,,86552,,,1,30,,86553,,,1,70,,86554,,,1,30,,86555,,,1,70,,86556,,,1,30,,86557,,,1,70,,86558,,,1,30,,86559,,,1,100,,86560,,,1,100,,86561,,,1
91701,'917-Weekday-9-26-02-1110100',1623,,86570,,,1
91701,'917-Weekday-9-26-02-1111100',459,,86571,,,1,70,,86572,,,1,30,,86613,,,1,60,,86615,,,1,20,,86614,,,1,20,,86573,,,1,60,,86608,,,1,20,,86574,,,1,20,,86575,,,1,60,,86609,,,1,20,,86576,,,1,20,,86577,,,1,70,,86578,,,1,30,,86579,,,1,70,,86580,,,1,30,,86581,,,1,70,,86582,,,1,30,,86583,,,1,70,,86584,,,1,30,,86585,,,1,70,,86586,,,1,30,,86587,,,1,70,,86588,,,1,30,,86589,,,1,71,,86612,,,1,15,,86590,,,1,55,,86591,,,1,15,,86592,,,1,15,,86610,,,1,15,,86593,,,1,55,,86594,,,1,15,,86595,,,1,15,,86611,,,1,15,,86596,,,1,55,,86597,,,1,29,,86598,,,1,30,,86599,,,1,70,,86600,,,1,30,,86601,,,1,70,,86602,,,1,30,,86603,,,1,70,,86604,,,1,30,,86605,,,1,100,,86606,,,1,100,,86607,,,1
91701,'917-Saturday-1-26-02-0000010',624,,15347,,,1,100,,15348,,,1,30,,15375,,,1,70,,15376,,,1,30,,15349,,,1,70,,15350,,,1,30,,15351,,,1,70,,15352,,,1,30,,15353,,,1,70,,15354,,,1,30,,15355,,,1,70,,15356,,,1,30,,15357,,,1,70,,15358,,,1,30,,15359,,,1,70,,15360,,,1,30,,15361,,,1,70,,15362,,,1,30,,15363,,,1,70,,15364,,,1,30,,15365,,,1,70,,15366,,,1,30,,15367,,,1,70,,15368,,,1,30,,15369,,,1,100,,15370,,,1,100,,15371,,,1,100,,15372,,,1,100,,15373,,,1,100,,15374,,,1
91701,'917-Sunday-1-26-02-0000001',629,,86616,,,1,100,,86617,,,1,100,,86618,,,1,97,,86619,,,1,100,,86620,,,1,30,,86621,,,1,70,,86622,,,1,30,,86623,,,1,70,,86624,,,1,30,,86625,,,1,70,,86626,,,1,30,,86627,,,1,70,,86628,,,1,30,,86629,,,1,70,,86630,,,1,30,,86631,,,1,70,,86632,,,1,31,,86633,,,1,70,,86634,,,1,30,,86635,,,1,70,,86636,,,1,30,,86637,,,1,70,,86638,,,1,100,,86639,,,1,100,,86640,,,1,100,,86641,,,1,100,,86642,,,1
