10200,'102-Weekday-1-26-02-1111100',544,,4491,,,1,70,,4492,,,1,33,,4493,,,1,70,,4494,,,1,30,,4495,,,1,70,,4496,,,1,30,,4497,,,1,70,,4498,,,1,30,,4499,,,1,70,,4500,,,1,30,,4501,,,1,70,,4502,,,1,30,,4503,,,1,70,,4504,,,1,30,,4505,,,1,70,,4506,,,1,30,,4507,,,1,70,,4508,,,1,30,,4509,,,1,56,,4510,,,1,17,,4530,,,1,15,,4511,,,1,15,,4512,,,1,55,,4513,,,1,15,,4529,,,1,15,,4514,,,1,15,,4515,,,1,55,,4516,,,1,15,,4528,,,1,15,,4517,,,1,15,,4518,,,1,70,,4519,,,1,27,,4520,,,1,70,,4521,,,1,30,,4522,,,1,70,,4523,,,1,30,,4524,,,1,70,,4525,,,1,30,,4526,,,1,70,,4527,,,1
10200,'102-Weekday-2-26-02-1111100',544,,36564,,,1,70,,36565,,,1,33,,36566,,,1,70,,36567,,,1,30,,36568,,,1,70,,36569,,,1,30,,36570,,,1,70,,36571,,,1,30,,36572,,,1,70,,36573,,,1,30,,36574,,,1,70,,36575,,,1,30,,36576,,,1,70,,36577,,,1,30,,36578,,,1,70,,36579,,,1,30,,36580,,,1,70,,36581,,,1,30,,36582,,,1,56,,36583,,,1,17,,36603,,,1,15,,36584,,,1,15,,36585,,,1,55,,36586,,,1,15,,36602,,,1,15,,36587,,,1,15,,36588,,,1,55,,36589,,,1,15,,36601,,,1,15,,36590,,,1,15,,36591,,,1,70,,36592,,,1,27,,36593,,,1,70,,36594,,,1,30,,36595,,,1,70,,36596,,,1,30,,36597,,,1,70,,36598,,,1,30,,36599,,,1,70,,36600,,,1
10200,'102-Weekday-4-26-02-1111100',544,,36604,,,1,70,,36605,,,1,33,,36606,,,1,70,,36607,,,1,30,,36608,,,1,70,,36609,,,1,30,,36610,,,1,70,,36611,,,1,30,,36612,,,1,70,,36613,,,1,30,,36614,,,1,70,,36615,,,1,30,,36616,,,1,70,,36617,,,1,30,,36618,,,1,70,,36619,,,1,30,,36620,,,1,70,,36621,,,1,30,,36622,,,1,56,,36623,,,1,17,,36643,,,1,15,,36624,,,1,15,,36625,,,1,55,,36626,,,1,15,,36642,,,1,15,,36627,,,1,15,,36628,,,1,55,,36629,,,1,15,,36641,,,1,15,,36630,,,1,15,,36631,,,1,70,,36632,,,1,27,,36633,,,1,70,,36634,,,1,30,,36635,,,1,70,,36636,,,1,30,,36637,,,1,70,,36638,,,1,30,,36639,,,1,70,,36640,,,1
10200,'102-Weekday-5-26-02-1111100',544,,36644,,,1,70,,36645,,,1,33,,36646,,,1,70,,36647,,,1,30,,36648,,,1,70,,36649,,,1,30,,36650,,,1,70,,36651,,,1,30,,36652,,,1,70,,36653,,,1,30,,36654,,,1,70,,36655,,,1,30,,36656,,,1,70,,36657,,,1,30,,36658,,,1,70,,36659,,,1,30,,36660,,,1,70,,36661,,,1,30,,36662,,,1,56,,36663,,,1,17,,36683,,,1,15,,36664,,,1,15,,36665,,,1,55,,36666,,,1,15,,36682,,,1,15,,36667,,,1,15,,36668,,,1,55,,36669,,,1,15,,36681,,,1,15,,36670,,,1,15,,36671,,,1,70,,36672,,,1,27,,36673,,,1,70,,36674,,,1,30,,36675,,,1,70,,36676,,,1,30,,36677,,,1,70,,36678,,,1,30,,36679,,,1,70,,36680,,,1
10200,'102-Weekday-6-26-02-1111100',544,,36684,,,1,70,,36685,,,1,33,,36686,,,1,70,,36687,,,1,30,,36688,,,1,70,,36689,,,1,30,,36690,,,1,70,,36691,,,1,30,,36692,,,1,70,,36693,,,1,30,,36694,,,1,70,,36695,,,1,30,,36696,,,1,70,,36697,,,1,30,,36698,,,1,70,,36699,,,1,30,,36700,,,1,70,,36701,,,1,30,,36702,,,1,56,,36703,,,1,17,,36723,,,1,15,,36704,,,1,15,,36705,,,1,55,,36706,,,1,15,,36722,,,1,15,,36707,,,1,15,,36708,,,1,55,,36709,,,1,15,,36721,,,1,15,,36710,,,1,15,,36711,,,1,70,,36712,,,1,27,,36713,,,1,70,,36714,,,1,30,,36715,,,1,70,,36716,,,1,30,,36717,,,1,70,,36718,,,1,30,,36719,,,1,70,,36720,,,1
10200,'102-Weekday-7-26-02-1111100',544,,36724,,,1,70,,36725,,,1,33,,36726,,,1,70,,36727,,,1,30,,36728,,,1,70,,36729,,,1,30,,36730,,,1,70,,36731,,,1,30,,36732,,,1,70,,36733,,,1,30,,36734,,,1,70,,36735,,,1,30,,36736,,,1,70,,36737,,,1,30,,36738,,,1,70,,36739,,,1,30,,36740,,,1,70,,36741,,,1,30,,36742,,,1,56,,36743,,,1,17,,36763,,,1,15,,36744,,,1,15,,36745,,,1,55,,36746,,,1,15,,36762,,,1,15,,36747,,,1,15,,36748,,,1,55,,36749,,,1,15,,36761,,,1,15,,36750,,,1,15,,36751,,,1,70,,36752,,,1,27,,36753,,,1,70,,36754,,,1,30,,36755,,,1,70,,36756,,,1,30,,36757,,,1,70,,36758,,,1,30,,36759,,,1,70,,36760,,,1
10200,'102-Weekday-8-26-02-1111100',544,,36764,,,1,70,,36765,,,1,33,,36766,,,1,70,,36767,,,1,30,,36768,,,1,70,,36769,,,1,30,,36770,,,1,70,,36771,,,1,30,,36772,,,1,70,,36773,,,1,30,,36774,,,1,70,,36775,,,1,30,,36776,,,1,70,,36777,,,1,30,,36778,,,1,70,,36779,,,1,30,,36780,,,1,70,,36781,,,1,30,,36782,,,1,56,,36783,,,1,17,,36803,,,1,15,,36784,,,1,15,,36785,,,1,55,,36786,,,1,15,,36802,,,1,15,,36787,,,1,15,,36788,,,1,55,,36789,,,1,15,,36801,,,1,15,,36790,,,1,15,,36791,,,1,70,,36792,,,1,27,,36793,,,1,70,,36794,,,1,30,,36795,,,1,70,,36796,,,1,30,,36797,,,1,70,,36798,,,1,30,,36799,,,1,70,,36800,,,1
10200,'102-Weekday-9-26-02-1111100',544,,36804,,,1,70,,36805,,,1,33,,36806,,,1,70,,36807,,,1,30,,36808,,,1,70,,36809,,,1,30,,36810,,,1,70,,36811,,,1,30,,36812,,,1,70,,36813,,,1,30,,36814,,,1,70,,36815,,,1,30,,36816,,,1,70,,36817,,,1,30,,36818,,,1,70,,36819,,,1,30,,36820,,,1,70,,36821,,,1,30,,36822,,,1,56,,36823,,,1,17,,36843,,,1,15,,36824,,,1,15,,36825,,,1,55,,36826,,,1,15,,36842,,,1,15,,36827,,,1,15,,36828,,,1,55,,36829,,,1,15,,36841,,,1,15,,36830,,,1,15,,36831,,,1,70,,36832,,,1,27,,36833,,,1,70,,36834,,,1,30,,36835,,,1,70,,36836,,,1,30,,36837,,,1,70,,36838,,,1,30,,36839,,,1,70,,36840,,,1
10200,'102-Saturday-1-26-02-0000010',608,,4531,,,1,100,,4532,,,1,100,,4533,,,1,35,,4534,,,1,75,,4535,,,1,32,,4536,,,1,70,,4537,,,1,30,,4538,,,1,70,,4539,,,1,30,,4540,,,1,70,,4541,,,1,30,,4542,,,1,70,,4543,,,1,30,,4544,,,1,70,,4545,,,1,30,,4546,,,1,70,,4547,,,1,30,,4548,,,1,70,,4549,,,1,30,,4550,,,1,70,,4551,,,1,30,,4552,,,1,70,,4553,,,1,30,,4554,,,1,70,,4555,,,1
10200,'102-Sunday-1-26-02-0000001',1018,,36844,,,1,30,,36845,,,1,70,,36846,,,1,30,,36847,,,1,70,,36848,,,1,30,,36849,,,1,70,,36850,,,1,30,,36851,,,1,70,,36852,,,1,30,,36853,,,1,70,,36854,,,1,30,,36855,,,1,70,,36856,,,1,30,,36857,,,1,70,,36858,,,1,28,,36859,,,1,70,,36860,,,1,30,,36861,,,1
11401,'114-Weekday-1-26-02-1111100',542,,6088,,,1,70,,6089,,,1,33,,6090,,,1,60,,6091,,,1,12,,6092,,,1,12,,6093,,,1,12,,6094,,,1,12,,6096,,,1,52,,6095,,,1,12,,6097,,,1,12,,6098,,,1,12,,6099,,,1,12,,6100,,,1,55,,6150,,,1,15,,6145,,,1,15,,6146,,,1,15,,6147,,,1,55,,6148,,,1,15,,6115,,,1,15,,6114,,,1,15,,6113,,,1,55,,6111,,,1,15,,6112,,,1,15,,6119,,,1,15,,6118,,,1,55,,6117,,,1,15,,6116,,,1,15,,6144,,,1,15,,6101,,,1,55,,6102,,,1,15,,6103,,,1,15,,6104,,,1,15,,6105,,,1,55,,6106,,,1,15,,6107,,,1,15,,6108,,,1,15,,6109,,,1,54,,6143,,,1,13,,6142,,,1,13,,6141,,,1,13,,6140,,,1,12,,6139,,,1,52,,6138,,,1,12,,6137,,,1,12,,6136,,,1,12,,6135,,,1,12,,6134,,,1,52,,6133,,,1,12,,6132,,,1,12,,6131,,,1,12,,6110,,,1,12,,6149,,,1,58,,6130,,,1,27,,6129,,,1,69,,6128,,,1,30,,6127,,,1,70,,6126,,,1,30,,6125,,,1,70,,6124,,,1,30,,6123,,,1,68,,6122,,,1,97,,6121,,,1,100,,6120,,,1
11401,'114-Weekday-2-26-02-1111100',542,,43990,,,1,70,,43991,,,1,33,,43992,,,1,60,,43993,,,1,12,,43994,,,1,12,,43995,,,1,12,,43996,,,1,12,,43998,,,1,52,,43997,,,1,12,,43999,,,1,12,,44000,,,1,12,,44001,,,1,12,,44002,,,1,55,,44052,,,1,15,,44047,,,1,15,,44048,,,1,15,,44049,,,1,55,,44050,,,1,15,,44017,,,1,15,,44016,,,1,15,,44015,,,1,55,,44013,,,1,15,,44014,,,1,15,,44021,,,1,15,,44020,,,1,55,,44019,,,1,15,,44018,,,1,15,,44046,,,1,15,,44003,,,1,55,,44004,,,1,15,,44005,,,1,15,,44006,,,1,15,,44007,,,1,55,,44008,,,1,15,,44009,,,1,15,,44010,,,1,15,,44011,,,1,54,,44045,,,1,13,,44044,,,1,13,,44043,,,1,13,,44042,,,1,12,,44041,,,1,52,,44040,,,1,12,,44039,,,1,12,,44038,,,1,12,,44037,,,1,12,,44036,,,1,52,,44035,,,1,12,,44034,,,1,12,,44033,,,1,12,,44012,,,1,12,,44051,,,1,58,,44032,,,1,27,,44031,,,1,69,,44030,,,1,30,,44029,,,1,70,,44028,,,1,30,,44027,,,1,70,,44026,,,1,30,,44025,,,1,68,,44024,,,1,97,,44023,,,1,100,,44022,,,1
11401,'114-Weekday-4-26-02-1111100',542,,44057,,,1,70,,44058,,,1,33,,44059,,,1,60,,44060,,,1,12,,44061,,,1,12,,44062,,,1,12,,44063,,,1,12,,44065,,,1,52,,44064,,,1,12,,44066,,,1,12,,44067,,,1,12,,44068,,,1,12,,44069,,,1,55,,44119,,,1,15,,44114,,,1,15,,44115,,,1,15,,44116,,,1,55,,44117,,,1,15,,44084,,,1,15,,44083,,,1,15,,44082,,,1,55,,44080,,,1,15,,44081,,,1,15,,44088,,,1,15,,44087,,,1,55,,44086,,,1,15,,44085,,,1,15,,44113,,,1,15,,44070,,,1,55,,44071,,,1,15,,44072,,,1,15,,44073,,,1,15,,44074,,,1,55,,44075,,,1,15,,44076,,,1,15,,44077,,,1,15,,44078,,,1,54,,44112,,,1,13,,44111,,,1,13,,44110,,,1,13,,44109,,,1,12,,44108,,,1,52,,44107,,,1,12,,44106,,,1,12,,44105,,,1,12,,44104,,,1,12,,44103,,,1,52,,44102,,,1,12,,44101,,,1,12,,44100,,,1,12,,44079,,,1,12,,44118,,,1,58,,44099,,,1,27,,44098,,,1,69,,44097,,,1,30,,44096,,,1,70,,44095,,,1,30,,44094,,,1,70,,44093,,,1,30,,44092,,,1,68,,44091,,,1,97,,44090,,,1,100,,44089,,,1
11401,'114-Weekday-5-26-02-1111100',542,,44120,,,1,70,,44121,,,1,33,,44122,,,1,60,,44123,,,1,12,,44124,,,1,12,,44125,,,1,12,,44126,,,1,12,,44128,,,1,52,,44127,,,1,12,,44129,,,1,12,,44130,,,1,12,,44131,,,1,12,,44132,,,1,55,,44182,,,1,15,,44177,,,1,15,,44178,,,1,15,,44179,,,1,55,,44180,,,1,15,,44147,,,1,15,,44146,,,1,15,,44145,,,1,55,,44143,,,1,15,,44144,,,1,15,,44151,,,1,15,,44150,,,1,55,,44149,,,1,15,,44148,,,1,15,,44176,,,1,15,,44133,,,1,55,,44134,,,1,15,,44135,,,1,15,,44136,,,1,15,,44137,,,1,55,,44138,,,1,15,,44139,,,1,15,,44140,,,1,15,,44141,,,1,54,,44175,,,1,13,,44174,,,1,13,,44173,,,1,13,,44172,,,1,12,,44171,,,1,52,,44170,,,1,12,,44169,,,1,12,,44168,,,1,12,,44167,,,1,12,,44166,,,1,52,,44165,,,1,12,,44164,,,1,12,,44163,,,1,12,,44142,,,1,12,,44181,,,1,58,,44162,,,1,27,,44161,,,1,69,,44160,,,1,30,,44159,,,1,70,,44158,,,1,30,,44157,,,1,70,,44156,,,1,30,,44155,,,1,68,,44154,,,1,97,,44153,,,1,100,,44152,,,1
11401,'114-Weekday-6-26-02-1111100',542,,44187,,,1,70,,44188,,,1,33,,44189,,,1,60,,44190,,,1,12,,44191,,,1,12,,44192,,,1,12,,44193,,,1,12,,44195,,,1,52,,44194,,,1,12,,44196,,,1,12,,44197,,,1,12,,44198,,,1,12,,44199,,,1,55,,44249,,,1,15,,44244,,,1,15,,44245,,,1,15,,44246,,,1,55,,44247,,,1,15,,44214,,,1,15,,44213,,,1,15,,44212,,,1,55,,44210,,,1,15,,44211,,,1,15,,44218,,,1,15,,44217,,,1,55,,44216,,,1,15,,44215,,,1,15,,44243,,,1,15,,44200,,,1,55,,44201,,,1,15,,44202,,,1,15,,44203,,,1,15,,44204,,,1,55,,44205,,,1,15,,44206,,,1,15,,44207,,,1,15,,44208,,,1,54,,44242,,,1,13,,44241,,,1,13,,44240,,,1,13,,44239,,,1,12,,44238,,,1,52,,44237,,,1,12,,44236,,,1,12,,44235,,,1,12,,44234,,,1,12,,44233,,,1,52,,44232,,,1,12,,44231,,,1,12,,44230,,,1,12,,44209,,,1,12,,44248,,,1,58,,44229,,,1,27,,44228,,,1,69,,44227,,,1,30,,44226,,,1,70,,44225,,,1,30,,44224,,,1,70,,44223,,,1,30,,44222,,,1,68,,44221,,,1,97,,44220,,,1,100,,44219,,,1
11401,'114-Weekday-7-26-02-1111100',542,,44254,,,1,70,,44255,,,1,33,,44256,,,1,60,,44257,,,1,12,,44258,,,1,12,,44259,,,1,12,,44260,,,1,12,,44262,,,1,52,,44261,,,1,12,,44263,,,1,12,,44264,,,1,12,,44265,,,1,12,,44266,,,1,55,,44316,,,1,15,,44311,,,1,15,,44312,,,1,15,,44313,,,1,55,,44314,,,1,15,,44281,,,1,15,,44280,,,1,15,,44279,,,1,55,,44277,,,1,15,,44278,,,1,15,,44285,,,1,15,,44284,,,1,55,,44283,,,1,15,,44282,,,1,15,,44310,,,1,15,,44267,,,1,55,,44268,,,1,15,,44269,,,1,15,,44270,,,1,15,,44271,,,1,55,,44272,,,1,15,,44273,,,1,15,,44274,,,1,15,,44275,,,1,54,,44309,,,1,13,,44308,,,1,13,,44307,,,1,13,,44306,,,1,12,,44305,,,1,52,,44304,,,1,12,,44303,,,1,12,,44302,,,1,12,,44301,,,1,12,,44300,,,1,52,,44299,,,1,12,,44298,,,1,12,,44297,,,1,12,,44276,,,1,12,,44315,,,1,58,,44296,,,1,27,,44295,,,1,69,,44294,,,1,30,,44293,,,1,70,,44292,,,1,30,,44291,,,1,70,,44290,,,1,30,,44289,,,1,68,,44288,,,1,97,,44287,,,1,100,,44286,,,1
11401,'114-Weekday-8-26-02-1111100',542,,44317,,,1,70,,44318,,,1,33,,44319,,,1,60,,44320,,,1,12,,44321,,,1,12,,44322,,,1,12,,44323,,,1,12,,44325,,,1,52,,44324,,,1,12,,44326,,,1,12,,44327,,,1,12,,44328,,,1,12,,44329,,,1,55,,44379,,,1,15,,44374,,,1,15,,44375,,,1,15,,44376,,,1,55,,44377,,,1,15,,44344,,,1,15,,44343,,,1,15,,44342,,,1,55,,44340,,,1,15,,44341,,,1,15,,44348,,,1,15,,44347,,,1,55,,44346,,,1,15,,44345,,,1,15,,44373,,,1,15,,44330,,,1,55,,44331,,,1,15,,44332,,,1,15,,44333,,,1,15,,44334,,,1,55,,44335,,,1,15,,44336,,,1,15,,44337,,,1,15,,44338,,,1,54,,44372,,,1,13,,44371,,,1,13,,44370,,,1,13,,44369,,,1,12,,44368,,,1,52,,44367,,,1,12,,44366,,,1,12,,44365,,,1,12,,44364,,,1,12,,44363,,,1,52,,44362,,,1,12,,44361,,,1,12,,44360,,,1,12,,44339,,,1,12,,44378,,,1,58,,44359,,,1,27,,44358,,,1,69,,44357,,,1,30,,44356,,,1,70,,44355,,,1,30,,44354,,,1,70,,44353,,,1,30,,44352,,,1,68,,44351,,,1,97,,44350,,,1,100,,44349,,,1
11401,'114-Weekday-9-26-02-1111100',542,,44384,,,1,70,,44385,,,1,33,,44386,,,1,60,,44387,,,1,12,,44388,,,1,12,,44389,,,1,12,,44390,,,1,12,,44392,,,1,52,,44391,,,1,12,,44393,,,1,12,,44394,,,1,12,,44395,,,1,12,,44396,,,1,55,,44446,,,1,15,,44441,,,1,15,,44442,,,1,15,,44443,,,1,55,,44444,,,1,15,,44411,,,1,15,,44410,,,1,15,,44409,,,1,55,,44407,,,1,15,,44408,,,1,15,,44415,,,1,15,,44414,,,1,55,,44413,,,1,15,,44412,,,1,15,,44440,,,1,15,,44397,,,1,55,,44398,,,1,15,,44399,,,1,15,,44400,,,1,15,,44401,,,1,55,,44402,,,1,15,,44403,,,1,15,,44404,,,1,15,,44405,,,1,54,,44439,,,1,13,,44438,,,1,13,,44437,,,1,13,,44436,,,1,12,,44435,,,1,52,,44434,,,1,12,,44433,,,1,12,,44432,,,1,12,,44431,,,1,12,,44430,,,1,52,,44429,,,1,12,,44428,,,1,12,,44427,,,1,12,,44406,,,1,12,,44445,,,1,58,,44426,,,1,27,,44425,,,1,69,,44424,,,1,30,,44423,,,1,70,,44422,,,1,30,,44421,,,1,70,,44420,,,1,30,,44419,,,1,68,,44418,,,1,97,,44417,,,1,100,,44416,,,1
11401,'114-Saturday-1-26-02-0000010',639,,6155,,,1,100,,6156,,,1,95,,6157,,,1,20,,6158,,,1,62,,6159,,,1,22,,6160,,,1,20,,6161,,,1,60,,6162,,,1,20,,6163,,,1,20,,6164,,,1,60,,6165,,,1,20,,6166,,,1,20,,6167,,,1,60,,6168,,,1,20,,6169,,,1,20,,6170,,,1,60,,6171,,,1,20,,6172,,,1,20,,6173,,,1,60,,6174,,,1,20,,6175,,,1,20,,6176,,,1,60,,6177,,,1,20,,6178,,,1,20,,6179,,,1,60,,6180,,,1,20,,6181,,,1,20,,6182,,,1,60,,6183,,,1,18,,6184,,,1,20,,6185,,,1,60,,6186,,,1,20,,6187,,,1,20,,6188,,,1,60,,6189,,,1,27,,6190,,,1,70,,6191,,,1,30,,6192,,,1,70,,6193,,,1,30,,6194,,,1,70,,6195,,,1,100,,6196,,,1,100,,6197,,,1
11401,'114-Sunday-1-26-02-0000001',642,,44483,,,1,100,,44484,,,1,100,,44485,,,1,104,,44486,,,1,100,,44479,,,1,60,,44488,,,1,20,,44489,,,1,20,,44455,,,1,60,,44456,,,1,20,,44457,,,1,20,,44467,,,1,60,,44468,,,1,20,,44469,,,1,20,,44470,,,1,60,,44471,,,1,20,,44472,,,1,20,,44473,,,1,60,,44474,,,1,20,,44475,,,1,20,,44476,,,1,60,,44477,,,1,20,,44466,,,1,20,,44462,,,1,60,,44480,,,1,18,,44481,,,1,19,,44482,,,1,60,,44454,,,1,20,,44453,,,1,20,,44452,,,1,60,,44458,,,1,20,,44463,,,1,25,,44459,,,1,70,,44460,,,1,30,,44461,,,1,70,,44464,,,1,30,,44465,,,1,70,,44451,,,1,100,,44478,,,1,100,,44487,,,1
