10701,'107-Weekday-1-26-09-1111100',552,,216055,36,,,1,70,,216056,36,,,1,35,,216057,36,,,1,50,,216076,36,,,1,10,,216106,36,,,1,10,,216058,36,,,1,10,,216077,36,,,1,10,,216107,36,,,1,10,,216059,36,,,1,50,,216078,36,,,1,5,,216113,36,,,1,5,,216108,36,,,1,10,,216060,36,,,1,5,,216114,36,,,1,5,,216061,36,,,1,10,,216109,36,,,1,10,,216062,36,,,1,50,,216110,36,,,1,12,,216105,36,,,1,13,,216063,36,,,1,20,,216064,36,,,1,60,,216079,36,,,1,20,,216080,36,,,1,20,,216081,36,,,1,60,,216082,36,,,1,20,,216083,36,,,1,20,,216084,36,,,1,60,,216085,36,,,1,20,,216086,36,,,1,20,,216087,36,,,1,60,,216088,36,,,1,20,,216089,36,,,1,20,,216090,36,,,1,60,,216091,36,,,1,20,,216092,36,,,1,20,,216093,36,,,1,63,,216102,36,,,1,16,,216075,36,,,1,15,,216094,36,,,1,55,,216095,36,,,1,15,,216096,36,,,1,15,,216065,36,,,1,15,,216066,36,,,1,55,,216067,36,,,1,15,,216068,36,,,1,15,,216069,36,,,1,15,,216070,36,,,1,60,,216103,36,,,1,21,,216104,36,,,1,18,,216071,36,,,1,69,,216098,36,,,1,30,,216099,36,,,1,70,,216100,36,,,1,30,,216101,36,,,1,70,,216072,36,,,1,30,,216074,36,,,1,70,,216073,36,,,1,30,,216097,36,,,1,100,,216111,36,,,1,100,,216112,36,,,1
10701,'107-Weekday-2-26-09-1111100',552,,216115,36,,,1,70,,216116,36,,,1,35,,216117,36,,,1,50,,216136,36,,,1,10,,216166,36,,,1,10,,216118,36,,,1,10,,216137,36,,,1,10,,216167,36,,,1,10,,216119,36,,,1,50,,216138,36,,,1,5,,216173,36,,,1,5,,216168,36,,,1,10,,216120,36,,,1,5,,216174,36,,,1,5,,216121,36,,,1,10,,216169,36,,,1,10,,216122,36,,,1,50,,216170,36,,,1,12,,216165,36,,,1,13,,216123,36,,,1,20,,216124,36,,,1,60,,216139,36,,,1,20,,216140,36,,,1,20,,216141,36,,,1,60,,216142,36,,,1,20,,216143,36,,,1,20,,216144,36,,,1,60,,216145,36,,,1,20,,216146,36,,,1,20,,216147,36,,,1,60,,216148,36,,,1,20,,216149,36,,,1,20,,216150,36,,,1,60,,216151,36,,,1,20,,216152,36,,,1,20,,216153,36,,,1,63,,216162,36,,,1,16,,216135,36,,,1,15,,216154,36,,,1,55,,216155,36,,,1,15,,216156,36,,,1,15,,216125,36,,,1,15,,216126,36,,,1,55,,216127,36,,,1,15,,216128,36,,,1,15,,216129,36,,,1,15,,216130,36,,,1,60,,216163,36,,,1,21,,216164,36,,,1,18,,216131,36,,,1,69,,216158,36,,,1,30,,216159,36,,,1,70,,216160,36,,,1,30,,216161,36,,,1,70,,216132,36,,,1,30,,216134,36,,,1,70,,216133,36,,,1,30,,216157,36,,,1,100,,216171,36,,,1,100,,216172,36,,,1
10701,'107-Weekday-4-26-09-1111100',552,,216175,36,,,1,70,,216176,36,,,1,35,,216177,36,,,1,50,,216196,36,,,1,10,,216226,36,,,1,10,,216178,36,,,1,10,,216197,36,,,1,10,,216227,36,,,1,10,,216179,36,,,1,50,,216198,36,,,1,10,,216228,36,,,1,10,,216180,36,,,1,10,,216181,36,,,1,10,,216229,36,,,1,10,,216182,36,,,1,50,,216230,36,,,1,12,,216225,36,,,1,13,,216183,36,,,1,20,,216184,36,,,1,60,,216199,36,,,1,20,,216200,36,,,1,20,,216201,36,,,1,60,,216202,36,,,1,20,,216203,36,,,1,20,,216204,36,,,1,60,,216205,36,,,1,20,,216206,36,,,1,20,,216207,36,,,1,60,,216208,36,,,1,20,,216209,36,,,1,20,,216210,36,,,1,60,,216211,36,,,1,20,,216212,36,,,1,20,,216213,36,,,1,63,,216222,36,,,1,16,,216195,36,,,1,15,,216214,36,,,1,55,,216215,36,,,1,15,,216216,36,,,1,15,,216185,36,,,1,15,,216186,36,,,1,55,,216187,36,,,1,15,,216188,36,,,1,15,,216189,36,,,1,15,,216190,36,,,1,60,,216223,36,,,1,21,,216224,36,,,1,18,,216191,36,,,1,69,,216218,36,,,1,30,,216219,36,,,1,70,,216220,36,,,1,30,,216221,36,,,1,70,,216192,36,,,1,30,,216194,36,,,1,70,,216193,36,,,1,30,,216217,36,,,1,100,,216231,36,,,1,100,,216232,36,,,1
10701,'107-Saturday-1-26-09-0000010',615,,216256,36,,,1,100,,216257,36,,,1,100,,216258,36,,,1,30,,216259,36,,,1,70,,216233,36,,,1,31,,216236,36,,,1,70,,216237,36,,,1,30,,216238,36,,,1,70,,216239,36,,,1,30,,216240,36,,,1,70,,216241,36,,,1,30,,216242,36,,,1,70,,216243,36,,,1,30,,216244,36,,,1,70,,216245,36,,,1,30,,216246,36,,,1,70,,216247,36,,,1,30,,216248,36,,,1,70,,216249,36,,,1,30,,216250,36,,,1,71,,216234,36,,,1,28,,216235,36,,,1,70,,216251,36,,,1,30,,216260,36,,,1,70,,216261,36,,,1,30,,216262,36,,,1,70,,216263,36,,,1,100,,216252,36,,,1,100,,216253,36,,,1,100,,216254,36,,,1,100,,216255,36,,,1
10701,'107-Sunday-1-26-09-0000001',601,,216291,36,,,1,100,,216284,36,,,1,100,,216285,36,,,1,100,,216265,36,,,1,103,,216264,36,,,1,100,,216266,36,,,1,30,,216267,36,,,1,70,,216268,36,,,1,30,,216269,36,,,1,70,,216270,36,,,1,30,,216271,36,,,1,70,,216272,36,,,1,30,,216273,36,,,1,70,,216274,36,,,1,30,,216275,36,,,1,70,,216276,36,,,1,30,,216277,36,,,1,70,,216278,36,,,1,29,,216279,36,,,1,70,,216280,36,,,1,30,,216281,36,,,1,70,,216282,36,,,1,30,,216283,36,,,1,70,,216286,36,,,1,100,,216287,36,,,1,100,,216288,36,,,1,100,,216289,36,,,1,100,,216290,36,,,1
62001,'620-Weekday-1-26-09-1111100',751,,227456,31,0,62 63,1,79,,227457,31,0,62 63,1,5,,227458,31,0,62 63,1
62001,'620-Weekday-3-26-09-1111100',830,,227459,31,0,62 63,1,5,,227460,31,0,62 63,1
62101,'621-Weekday-1-26-09-1111100',750,,227466,29,,,1,5,,227467,29,,,1,80,,227468,29,,,1
62101,'621-Weekday-3-26-09-1111100',835,,227469,29,,,1
62601,'626-Weekday-1-26-09-1111100',728,,227558,23,,,1,5,,227559,23,,,1,5,,227560,23,,,1,5,,227561,23,,,1
62801,'628-Weekday-1-26-09-1111100',820,,227568,23,,,1
62801,'628-Weekday-3-26-09-1111100',820,,227569,23,,,1
