10700,'107-Weekday-1-26-09-1111100',527,,215821,10,,,1,30,,215822,10,,,1,70,,215823,10,,,1,16,,215824,10,,,1,15,,215825,10,,,1,55,,215826,10,,,1,15,,215827,10,,,1,15,,215828,10,,,1,15,,215829,10,,,1,55,,215830,10,,,1,17,,215878,10,,,1,18,,215831,10,,,1,61,,215832,10,,,1,20,,215833,10,,,1,20,,215834,10,,,1,60,,215835,10,,,1,20,,215836,10,,,1,20,,215837,10,,,1,60,,215838,10,,,1,20,,215839,10,,,1,20,,215840,10,,,1,60,,215841,10,,,1,20,,215842,10,,,1,20,,215843,10,,,1,60,,215844,10,,,1,20,,215845,10,,,1,20,,215846,10,,,1,60,,215847,10,,,1,20,,215848,10,,,1,20,,215869,10,,,1,10,,215863,10,,,1,50,,215871,10,,,1,10,,215849,10,,,1,10,,215864,10,,,1,2,,215879,10,,,1,8,,215872,10,,,1,10,,215850,10,,,1,10,,215865,10,,,1,50,,215873,10,,,1,10,,215851,10,,,1,10,,215866,10,,,1,10,,215874,10,,,1,10,,215852,10,,,1,10,,215862,10,,,1,50,,215875,10,,,1,10,,215870,10,,,1,20,,215867,10,,,1,20,,215868,10,,,1,60,,215854,10,,,1,29,,215855,10,,,1,70,,215856,10,,,1,30,,215857,10,,,1,70,,215858,10,,,1,30,,215859,10,,,1,70,,215860,10,,,1,30,,215861,10,,,1,70,,215853,10,,,1,100,,215876,10,,,1,100,,215877,10,,,1
10700,'107-Weekday-2-26-09-1111100',527,,215880,10,,,1,30,,215881,10,,,1,70,,215882,10,,,1,16,,215883,10,,,1,15,,215884,10,,,1,55,,215885,10,,,1,15,,215886,10,,,1,15,,215887,10,,,1,15,,215888,10,,,1,55,,215889,10,,,1,17,,215937,10,,,1,18,,215890,10,,,1,61,,215891,10,,,1,20,,215892,10,,,1,20,,215893,10,,,1,60,,215894,10,,,1,20,,215895,10,,,1,20,,215896,10,,,1,60,,215897,10,,,1,20,,215898,10,,,1,20,,215899,10,,,1,60,,215900,10,,,1,20,,215901,10,,,1,20,,215902,10,,,1,60,,215903,10,,,1,20,,215904,10,,,1,20,,215905,10,,,1,60,,215906,10,,,1,20,,215907,10,,,1,20,,215928,10,,,1,10,,215922,10,,,1,50,,215930,10,,,1,10,,215908,10,,,1,10,,215923,10,,,1,2,,215938,10,,,1,8,,215931,10,,,1,10,,215909,10,,,1,10,,215924,10,,,1,50,,215932,10,,,1,10,,215910,10,,,1,10,,215925,10,,,1,10,,215933,10,,,1,10,,215911,10,,,1,10,,215921,10,,,1,50,,215934,10,,,1,10,,215929,10,,,1,20,,215926,10,,,1,20,,215927,10,,,1,60,,215913,10,,,1,29,,215914,10,,,1,70,,215915,10,,,1,30,,215916,10,,,1,70,,215917,10,,,1,30,,215918,10,,,1,70,,215919,10,,,1,30,,215920,10,,,1,70,,215912,10,,,1,100,,215935,10,,,1,100,,215936,10,,,1
10700,'107-Weekday-4-26-09-1111100',527,,215939,10,,,1,30,,215940,10,,,1,70,,215941,10,,,1,16,,215942,10,,,1,15,,215943,10,,,1,55,,215944,10,,,1,15,,215945,10,,,1,15,,215946,10,,,1,15,,215947,10,,,1,55,,215948,10,,,1,17,,215996,10,,,1,18,,215949,10,,,1,61,,215950,10,,,1,20,,215951,10,,,1,20,,215952,10,,,1,60,,215953,10,,,1,20,,215954,10,,,1,20,,215955,10,,,1,60,,215956,10,,,1,20,,215957,10,,,1,20,,215958,10,,,1,60,,215959,10,,,1,20,,215960,10,,,1,20,,215961,10,,,1,60,,215962,10,,,1,20,,215963,10,,,1,20,,215964,10,,,1,60,,215965,10,,,1,20,,215966,10,,,1,20,,215987,10,,,1,10,,215981,10,,,1,50,,215989,10,,,1,10,,215967,10,,,1,10,,215982,10,,,1,10,,215990,10,,,1,10,,215968,10,,,1,10,,215983,10,,,1,50,,215991,10,,,1,10,,215969,10,,,1,10,,215984,10,,,1,10,,215992,10,,,1,10,,215970,10,,,1,10,,215980,10,,,1,50,,215993,10,,,1,10,,215988,10,,,1,20,,215985,10,,,1,20,,215986,10,,,1,60,,215972,10,,,1,29,,215973,10,,,1,70,,215974,10,,,1,30,,215975,10,,,1,70,,215976,10,,,1,30,,215977,10,,,1,70,,215978,10,,,1,30,,215979,10,,,1,70,,215971,10,,,1,100,,215994,10,,,1,100,,215995,10,,,1
10700,'107-Saturday-1-26-09-0000010',620,,216015,10,,,1,100,,216014,10,,,1,100,,216024,10,,,1,28,,215997,10,,,1,70,,215998,10,,,1,30,,215999,10,,,1,70,,216000,10,,,1,30,,216001,10,,,1,70,,216002,10,,,1,30,,216003,10,,,1,70,,216004,10,,,1,30,,216005,10,,,1,70,,216006,10,,,1,30,,216007,10,,,1,70,,216008,10,,,1,30,,216009,10,,,1,70,,216010,10,,,1,30,,216016,10,,,1,71,,216017,10,,,1,31,,216018,10,,,1,70,,216019,10,,,1,30,,216011,10,,,1,70,,216012,10,,,1,30,,216013,10,,,1,70,,216026,10,,,1,100,,216020,10,,,1,100,,216021,10,,,1,100,,216022,10,,,1,100,,216023,10,,,1,100,,216025,10,,,1
10700,'107-Sunday-1-26-09-0000001',606,,216043,10,,,1,100,,216042,10,,,1,100,,216041,10,,,1,101,,216040,10,,,1,100,,216027,10,,,1,30,,216028,10,,,1,70,,216029,10,,,1,30,,216030,10,,,1,70,,216031,10,,,1,30,,216032,10,,,1,70,,216033,10,,,1,30,,216034,10,,,1,70,,216035,10,,,1,30,,216036,10,,,1,70,,216037,10,,,1,30,,216038,10,,,1,70,,216039,10,,,1,30,,216044,10,,,1,71,,216045,10,,,1,30,,216046,10,,,1,70,,216047,10,,,1,30,,216048,10,,,1,70,,216049,10,,,1,100,,216050,10,,,1,100,,216051,10,,,1,100,,216052,10,,,1,100,,216053,10,,,1,100,,216054,10,,,1
62000,'620-Weekday-1-26-09-0001000',1204,,227450,3,0,62 63,1
62000,'620-Weekday-1-26-09-1110100',1512,,227451,3,0,62 63,1
62000,'620-Weekday-1-26-09-1111100',1534,,227452,3,0,62 63,1,6,,227453,3,0,62 63,1
62000,'620-Weekday-3-26-09-1111100',1534,,227454,3,0,62 63,1,6,,227455,3,0,62 63,1
62100,'621-Weekday-1-26-09-0001000',1204,,227461,3,,,1
62100,'621-Weekday-1-26-09-1110100',1508,,227462,3,,,1,4,,227463,3,,,1
62100,'621-Weekday-1-26-09-1111100',1536,,227464,3,,,1
62100,'621-Weekday-3-26-09-1111100',1536,,227465,3,,,1
62600,'626-Weekday-1-26-09-0001000',1241,,227553,17,,,1,4,,227554,17,,,1
62600,'626-Weekday-1-26-09-1110100',1515,,227556,17,,,1,4,,227557,17,,,1,4,,227555,17,,,1
