5100,'051-Weekday-1-26-06-1111100',553,,155029,36,,,1,70,,155002,36,,,1,77,,155003,35,,,1,26,,155032,36,,,1,30,,155017,36,,,1,70,,155004,35,,,1,30,,155026,36,,,1,69,,155025,35,,,1,30,,155024,35,,,1,70,,155023,35,,,1,30,,155022,35,,,1,70,,155033,35,,,1,30,,155021,35,,,1,70,,155034,35,,,1,30,,155035,35,,,1,70,,155036,35,,,1,30,,155037,35,,,1,70,,155038,35,,,1,31,,155018,35,,,1,67,,155005,36,,,1,22,,155031,36,,,1,60,,155006,35,,,1,20,,155019,36,,,1,20,,155007,35,,,1,60,,155020,35,,,1,20,,155027,36,,,1,20,,155030,35,,,1,60,,155008,35,,,1,27,,155009,35,,,1,21,,155010,35,,,1,69,,155011,35,,,1,30,,155028,35,,,1,70,,155012,35,,,1,30,,155013,35,,,1,70,,155014,35,,,1,30,,155015,35,,,1,68,,155039,35,,,1,100,,155016,35,,,1
5100,'051-Saturday-1-26-06-0000010',704,,155063,35,,,1,99,,155040,35,,,1,100,,155041,36,,,1,33,,155042,35,,,1,72,,155043,35,,,1,30,,155044,35,,,1,70,,155045,35,,,1,30,,155047,36,,,1,70,,155048,36,,,1,30,,155049,35,,,1,70,,155046,35,,,1,30,,155050,35,,,1,70,,155051,35,,,1,30,,155052,35,,,1,70,,155054,35,,,1,30,,155055,35,,,1,70,,155056,35,,,1,30,,155053,35,,,1,70,,155057,35,,,1,29,,155058,35,,,1,70,,155059,35,,,1,30,,155060,35,,,1,70,,155061,35,,,1,30,,155062,35,,,1,100,,155064,36,,,1,100,,155065,35,,,1,100,,155066,35,,,1
5100,'051-Sunday-1-26-06-0000001',744,,155086,35,,,1,100,,155087,35,,,1,103,,155088,35,,,1,66,,155091,35,,,1,26,,155067,35,,,1,70,,155068,35,,,1,30,,155069,35,,,1,70,,155070,35,,,1,30,,155071,36,,,1,70,,155073,35,,,1,30,,155074,36,,,1,70,,155076,35,,,1,30,,155072,35,,,1,70,,155077,35,,,1,30,,155078,35,,,1,70,,155075,35,,,1,30,,155079,35,,,1,69,,155080,35,,,1,29,,155081,35,,,1,68,,155082,35,,,1,30,,155083,35,,,1,70,,155084,35,,,1,30,,155085,35,,,1,100,,155089,36,,,1,100,,155090,35,,,1,100,,155092,35,,,1
10600,'106-Weekday-1-26-06-1111100',531,,158408,9,,,1,73,,158412,9,,,1,31,,158413,9,,,1,70,,158458,9,,,1,12,,158414,9,,,1,15,,158459,9,,,1,15,,158415,9,,,1,55,,158416,9,,,1,15,,158418,9,,,1,15,,158417,9,,,1,15,,158421,9,,,1,54,,158419,9,,,1,14,,158424,9,,,1,18,,158425,9,,,1,20,,158426,9,,,1,60,,158427,9,,,1,20,,158428,9,,,1,20,,158429,9,,,1,60,,158430,9,,,1,20,,158431,9,,,1,20,,158432,9,,,1,60,,158433,9,,,1,20,,158434,9,,,1,20,,158435,9,,,1,60,,158436,9,,,1,20,,158437,9,,,1,20,,158438,9,,,1,60,,158439,9,,,1,20,,158440,9,,,1,20,,158441,9,,,1,62,,158442,9,,,1,16,,158420,9,,,1,15,,158445,9,,,1,55,,158422,9,,,1,15,,158446,9,,,1,15,,158423,9,,,1,15,,158447,9,,,1,55,,158443,9,,,1,15,,158448,9,,,1,15,,158444,9,,,1,15,,158449,9,,,1,70,,158450,9,,,1,27,,158451,9,,,1,65,,158452,9,,,1,30,,158453,9,,,1,70,,158454,9,,,1,30,,158455,9,,,1,70,,158456,9,,,1,30,,158457,9,,,1,69,,158410,9,,,1,26,,158411,9,,,1,100,,158409,9,0,14,1
10600,'106-Weekday-3-26-06-1111100',531,,158461,9,,,1,73,,158465,9,,,1,31,,158466,9,,,1,70,,158511,9,,,1,12,,158467,9,,,1,15,,158512,9,,,1,15,,158468,9,,,1,55,,158469,9,,,1,15,,158471,9,,,1,15,,158470,9,,,1,15,,158474,9,,,1,54,,158472,9,,,1,14,,158477,9,,,1,18,,158478,9,,,1,20,,158479,9,,,1,60,,158480,9,,,1,20,,158481,9,,,1,20,,158482,9,,,1,60,,158483,9,,,1,20,,158484,9,,,1,20,,158485,9,,,1,60,,158486,9,,,1,20,,158487,9,,,1,20,,158488,9,,,1,60,,158489,9,,,1,20,,158490,9,,,1,20,,158491,9,,,1,60,,158492,9,,,1,20,,158493,9,,,1,20,,158494,9,,,1,62,,158495,9,,,1,16,,158473,9,,,1,15,,158498,9,,,1,55,,158475,9,,,1,15,,158499,9,,,1,15,,158476,9,,,1,15,,158500,9,,,1,55,,158496,9,,,1,15,,158501,9,,,1,15,,158497,9,,,1,15,,158502,9,,,1,70,,158503,9,,,1,27,,158504,9,,,1,65,,158505,9,,,1,30,,158506,9,,,1,70,,158507,9,,,1,30,,158508,9,,,1,70,,158509,9,,,1,30,,158510,9,,,1,69,,158463,9,,,1,26,,158464,9,,,1,100,,158462,9,0,14,1
10600,'106-Saturday-1-26-06-0000010',534,,158513,9,,,1,72,,158514,9,,,1,30,,158515,9,,,1,70,,158516,9,,,1,30,,158517,9,,,1,70,,158518,9,,,1,30,,158519,9,,,1,71,,158520,9,,,1,36,,158521,9,,,1,70,,158522,9,,,1,30,,158523,9,,,1,70,,158524,9,,,1,30,,158525,9,,,1,70,,158526,9,,,1,30,,158527,9,,,1,70,,158528,9,,,1,30,,158529,9,,,1,70,,158530,9,,,1,30,,158531,9,,,1,70,,158532,9,,,1,30,,158533,9,,,1,70,,158534,9,,,1,30,,158535,9,,,1,68,,158536,9,,,1,29,,158537,9,,,1,70,,158538,9,,,1,30,,158539,9,,,1,70,,158540,9,,,1,30,,158541,9,,,1,70,,158542,9,,,1,30,,158543,9,,,1,70,,158544,9,,,1,30,,158545,9,,,1,70,,158546,9,,,1,30,,158547,9,,,1,100,,158548,9,,,1
10600,'106-Sunday-1-26-06-0000001',622,,158549,9,,,1,30,,158550,9,,,1,70,,158551,9,,,1,30,,158552,9,,,1,70,,158553,9,,,1,30,,158554,9,,,1,72,,158555,9,,,1,34,,158556,9,,,1,70,,158557,9,,,1,30,,158558,9,,,1,70,,158559,9,,,1,30,,158560,9,,,1,70,,158561,9,,,1,30,,158562,9,,,1,70,,158563,9,,,1,30,,158564,9,,,1,70,,158565,9,,,1,30,,158566,9,,,1,70,,158567,9,,,1,30,,158568,9,,,1,70,,158569,9,,,1,30,,158570,9,,,1,68,,158571,9,,,1,27,,158572,9,,,1,70,,158573,9,,,1,30,,158574,9,,,1,70,,158575,9,,,1,30,,158576,9,,,1,70,,158577,9,,,1,30,,158578,9,,,1,70,,158579,9,,,1,100,,158580,9,,,1,100,,158581,9,,,1
12701,'127-Weekday-1-26-06-1111100',826,,161458,29,,,1,100,,161451,29,,,1,100,,161452,29,,,1,100,,161453,29,,,1,100,,161454,29,,,1,100,,161455,29,,,1,100,,161456,29,,,1,100,,161457,29,,,1,100,,161459,29,,,1,100,,161460,29,,,1
12701,'127-Saturday-1-26-06-0000010',926,,161461,29,,,1,100,,161462,29,,,1,100,,161463,29,,,1,100,,161464,29,,,1,100,,161465,29,,,1,100,,161466,29,,,1,100,,161467,29,,,1,100,,161468,29,,,1,100,,161469,29,,,1
12701,'127-Sunday-1-26-06-0000001',827,,161470,17,,,1,100,,161471,17,,,1,100,,161472,17,,,1,100,,161473,17,,,1,100,,161474,17,,,1,100,,161475,17,,,1,100,,161476,17,,,1,100,,161477,17,,,1,100,,161478,17,,,1,100,,161479,17,,,1
62501,'625-Weekday-3-26-06-1111100',746,,165182,35,,,1
