10901,'109-Weekday-1-26-09-1111100',538,,217037,30,0,18 14,1,70,,217038,30,0,18 14,1,33,,217039,30,0,18 14,1,64,,217040,30,0,18 14,1,15,,217041,30,0,18 14,1,15,,217042,30,0,18 14,1,15,,217043,30,0,18 14,1,55,,217045,30,0,18 14,1,15,,217044,30,0,18 14,1,15,,217079,30,0,18 14,1,16,,217077,30,0,18 14,1,61,,217046,30,0,18 14,1,29,,217047,30,0,18 14,1,70,,217048,30,0,18 14,1,30,,217049,30,0,18 14,1,70,,217050,30,0,18 14,1,30,,217051,30,0,18 14,1,70,,217052,30,0,18 14,1,30,,217053,30,0,18 14,1,70,,217054,30,0,18 14,1,30,,217055,30,0,18 14,1,70,,217056,30,0,18 14,1,30,,217057,30,0,18 14,1,72,,217058,30,0,18 14,1,25,,217059,30,0,18 14,1,15,,217060,30,0,18 14,1,55,,217061,30,0,18 14,1,15,,217062,30,0,18 14,1,15,,217075,30,0,18 14,1,15,,217063,30,0,18 14,1,55,,217080,30,0,18 14,1,15,,217078,30,0,18 14,1,22,,217064,30,0,18 14,1,70,,217065,30,0,18 14,1,27,,217066,30,0,18 14,1,68,,217067,30,0,18 14,1,30,,217068,30,0,18 14,1,70,,217069,30,0,18 14,1,30,,217070,30,0,18 14,1,70,,217071,30,0,18 14,1,30,,217072,30,0,18 14,1,69,,217076,30,0,18 14,1,99,,217073,30,0,18 14,1,100,,217074,30,0,18 14,1
10901,'109-Weekday-2-26-09-1111100',538,,217081,30,0,18 14,1,70,,217082,30,0,18 14,1,33,,217083,30,0,18 14,1,64,,217084,30,0,18 14,1,15,,217085,30,0,18 14,1,15,,217086,30,0,18 14,1,15,,217087,30,0,18 14,1,55,,217089,30,0,18 14,1,15,,217088,30,0,18 14,1,15,,217123,30,0,18 14,1,16,,217121,30,0,18 14,1,61,,217090,30,0,18 14,1,29,,217091,30,0,18 14,1,70,,217092,30,0,18 14,1,30,,217093,30,0,18 14,1,70,,217094,30,0,18 14,1,30,,217095,30,0,18 14,1,70,,217096,30,0,18 14,1,30,,217097,30,0,18 14,1,70,,217098,30,0,18 14,1,30,,217099,30,0,18 14,1,70,,217100,30,0,18 14,1,30,,217101,30,0,18 14,1,72,,217102,30,0,18 14,1,25,,217103,30,0,18 14,1,15,,217104,30,0,18 14,1,55,,217105,30,0,18 14,1,15,,217106,30,0,18 14,1,15,,217119,30,0,18 14,1,15,,217107,30,0,18 14,1,55,,217124,30,0,18 14,1,15,,217122,30,0,18 14,1,22,,217108,30,0,18 14,1,70,,217109,30,0,18 14,1,27,,217110,30,0,18 14,1,68,,217111,30,0,18 14,1,30,,217112,30,0,18 14,1,70,,217113,30,0,18 14,1,30,,217114,30,0,18 14,1,70,,217115,30,0,18 14,1,30,,217116,30,0,18 14,1,69,,217120,30,0,18 14,1,99,,217117,30,0,18 14,1,100,,217118,30,0,18 14,1
10901,'109-Weekday-4-26-09-1111100',538,,217125,30,0,18 14,1,70,,217126,30,0,18 14,1,33,,217127,30,0,18 14,1,64,,217128,30,0,18 14,1,15,,217129,30,0,18 14,1,15,,217130,30,0,18 14,1,15,,217131,30,0,18 14,1,55,,217133,30,0,18 14,1,15,,217132,30,0,18 14,1,15,,217167,30,0,18 14,1,16,,217165,30,0,18 14,1,61,,217134,30,0,18 14,1,29,,217135,30,0,18 14,1,70,,217136,30,0,18 14,1,30,,217137,30,0,18 14,1,70,,217138,30,0,18 14,1,30,,217139,30,0,18 14,1,70,,217140,30,0,18 14,1,30,,217141,30,0,18 14,1,70,,217142,30,0,18 14,1,30,,217143,30,0,18 14,1,70,,217144,30,0,18 14,1,30,,217145,30,0,18 14,1,72,,217146,30,0,18 14,1,25,,217147,30,0,18 14,1,15,,217148,30,0,18 14,1,55,,217149,30,0,18 14,1,15,,217150,30,0,18 14,1,15,,217163,30,0,18 14,1,15,,217151,30,0,18 14,1,55,,217168,30,0,18 14,1,15,,217166,30,0,18 14,1,22,,217152,30,0,18 14,1,70,,217153,30,0,18 14,1,27,,217154,30,0,18 14,1,68,,217155,30,0,18 14,1,30,,217156,30,0,18 14,1,70,,217157,30,0,18 14,1,30,,217158,30,0,18 14,1,70,,217159,30,0,18 14,1,30,,217160,30,0,18 14,1,69,,217164,30,0,18 14,1,99,,217161,30,0,18 14,1,100,,217162,30,0,18 14,1
10901,'109-Saturday-1-26-09-0000010',831,,217169,30,0,18 14,1,70,,217170,30,0,18 14,1,30,,217171,30,0,18 14,1,70,,217172,30,0,18 14,1,30,,217173,30,0,18 14,1,70,,217174,30,0,18 14,1,30,,217175,30,0,18 14,1,70,,217176,30,0,18 14,1,30,,217177,30,0,18 14,1,70,,217178,30,0,18 14,1,30,,217179,30,0,18 14,1,70,,217180,30,0,18 14,1,30,,217181,30,0,18 14,1,70,,217182,30,0,18 14,1,30,,217183,30,0,18 14,1,70,,217184,30,0,18 14,1,30,,217185,30,0,18 14,1,70,,217186,30,0,18 14,1,30,,217187,30,0,18 14,1,70,,217188,30,0,18 14,1,30,,217189,30,0,18 14,1,70,,217190,30,0,18 14,1,30,,217191,30,0,18 14,1,70,,217192,30,0,18 14,1,30,,217193,30,0,18 14,1,70,,217194,30,0,18 14,1,30,,217195,30,0,18 14,1,70,,217196,30,0,18 14,1
10901,'109-Sunday-1-26-09-0000001',1041,,217197,30,0,18 14,1,70,,217198,30,0,18 14,1,30,,217199,30,0,18 14,1,70,,217200,30,0,18 14,1,30,,217201,30,0,18 14,1,70,,217202,30,0,18 14,1,30,,217203,30,0,18 14,1,70,,217204,30,0,18 14,1,30,,217205,30,0,18 14,1,70,,217206,30,0,18 14,1,30,,217207,30,0,18 14,1,70,,217208,30,0,18 14,1,30,,217209,30,0,18 14,1,70,,217210,30,0,18 14,1,30,,217211,30,0,18 14,1,70,,217212,30,0,18 14,1,30,,217213,30,0,18 14,1,70,,217214,30,0,18 14,1
61501,'615-Weekday-1-26-09-0001000',1240,,227427,13,,,1
61501,'615-Weekday-1-26-09-1110100',1544,,227428,13,,,1
61801,'618-Weekday-1-26-09-1111100',816,,227449,25,,,1
68301,'683-Weekday-1-26-09-1111100',743,,227878,19,,,1,5,,227879,19,,,1,5,,227880,19,,,1,5,,227881,19,,,1
68301,'683-Weekday-3-26-09-1111100',743,,227882,19,,,1,5,,227883,19,,,1,5,,227884,19,,,1,5,,227885,19,,,1
