12400,'124-Weekday-1-26-04-1111100',556,,116575,33,,,1,70,,116578,33,,,1,33,,116542,33,,,1,55,,116543,33,,,1,15,,116544,33,,,1,15,,116545,33,,,1,15,,116546,33,,,1,55,,116547,33,,,1,15,,116548,33,,,1,15,,116549,33,,,1,15,,116569,33,,,1,70,,116570,33,,,1,30,,116571,33,,,1,70,,116550,33,,,1,30,,116551,33,,,1,70,,116552,33,,,1,30,,116553,33,,,1,70,,116554,33,,,1,30,,116555,33,,,1,70,,116556,33,,,1,30,,116574,33,,,1,70,,116576,33,,,1,30,,116577,33,,,1,74,,116572,33,,,1,8,,116538,33,,,1,7,,116557,33,,,1,55,,116558,33,,,1,15,,116559,33,,,1,15,,116560,33,,,1,15,,116561,33,,,1,55,,116562,33,,,1,15,,116563,33,,,1,15,,116564,33,,,1,15,,116565,33,,,1,55,,116573,33,,,1,29,,116568,33,,,1,26,,116579,33,,,1,70,,116580,33,,,1,30,,116539,33,,,1,70,,116540,33,,,1,30,,116541,33,,,1,70,,116566,33,,,1,30,,116567,33,,,1
12400,'124-Weekday-2-26-04-1111100',556,,138483,33,,,1,70,,138486,33,,,1,33,,138450,33,,,1,55,,138451,33,,,1,15,,138452,33,,,1,15,,138453,33,,,1,15,,138454,33,,,1,55,,138455,33,,,1,15,,138456,33,,,1,15,,138457,33,,,1,15,,138477,33,,,1,70,,138478,33,,,1,30,,138479,33,,,1,70,,138458,33,,,1,30,,138459,33,,,1,70,,138460,33,,,1,30,,138461,33,,,1,70,,138462,33,,,1,30,,138463,33,,,1,70,,138464,33,,,1,30,,138482,33,,,1,70,,138484,33,,,1,30,,138485,33,,,1,74,,138480,33,,,1,8,,138446,33,,,1,7,,138465,33,,,1,55,,138466,33,,,1,15,,138467,33,,,1,15,,138468,33,,,1,15,,138469,33,,,1,55,,138470,33,,,1,15,,138471,33,,,1,15,,138472,33,,,1,15,,138473,33,,,1,55,,138481,33,,,1,29,,138476,33,,,1,26,,138487,33,,,1,70,,138488,33,,,1,30,,138447,33,,,1,70,,138448,33,,,1,30,,138449,33,,,1,70,,138474,33,,,1,30,,138475,33,,,1
12400,'124-Weekday-3-26-04-1111100',556,,138525,33,,,1,70,,138528,33,,,1,33,,138492,33,,,1,55,,138493,33,,,1,15,,138494,33,,,1,15,,138495,33,,,1,15,,138496,33,,,1,55,,138497,33,,,1,15,,138498,33,,,1,15,,138499,33,,,1,15,,138519,33,,,1,70,,138520,33,,,1,30,,138521,33,,,1,70,,138500,33,,,1,30,,138501,33,,,1,70,,138502,33,,,1,30,,138503,33,,,1,70,,138504,33,,,1,30,,138505,33,,,1,70,,138506,33,,,1,30,,138524,33,,,1,70,,138526,33,,,1,30,,138527,33,,,1,74,,138522,33,,,1,15,,138507,33,,,1,55,,138508,33,,,1,15,,138509,33,,,1,15,,138510,33,,,1,15,,138511,33,,,1,55,,138512,33,,,1,15,,138513,33,,,1,15,,138514,33,,,1,15,,138515,33,,,1,55,,138523,33,,,1,29,,138518,33,,,1,26,,138529,33,,,1,70,,138530,33,,,1,30,,138489,33,,,1,70,,138490,33,,,1,30,,138491,33,,,1,70,,138516,33,,,1,30,,138517,33,,,1
12400,'124-Saturday-1-26-04-0000010',806,,116581,33,,,1,30,,116582,33,,,1,71,,116583,33,,,1,30,,116584,33,,,1,70,,116585,33,,,1,30,,116586,33,,,1,70,,116587,33,,,1,30,,116588,33,,,1,70,,116589,33,,,1,30,,116590,33,,,1,70,,116591,33,,,1,30,,116592,33,,,1,70,,116593,33,,,1,30,,116594,33,,,1,70,,116595,33,,,1,30,,116596,33,,,1,70,,116597,33,,,1,30,,116598,33,,,1,70,,116599,33,,,1,30,,116600,33,,,1,70,,116601,33,,,1,30,,116602,33,,,1,70,,116603,33,,,1
12400,'124-Sunday-1-26-04-0000001',1025,,116604,33,,,1,27,,116605,33,,,1,70,,116606,33,,,1,30,,116607,33,,,1,70,,116608,33,,,1,30,,116609,33,,,1,70,,116610,33,,,1,30,,116611,33,,,1,70,,116612,33,,,1,30,,116613,33,,,1,70,,116614,33,,,1,30,,116615,33,,,1,70,,116616,33,,,1,31,,116617,33,,,1,70,,116618,33,,,1,30,,116619,33,,,1,70,,116620,33,,,1,33,,116621,33,,,1,70,,116622,33,,,1
62500,'625-Weekday-1-26-04-0001000',1244,,120389,33,,,1
62500,'625-Weekday-1-26-04-1110100',1545,,120390,33,,,1
62500,'625-Weekday-3-26-04-0001000',1244,,141998,33,,,1
62500,'625-Weekday-3-26-04-1110100',1545,,141999,33,,,1
24014000,'140X-Weekday-1-26-04-1111100',1529,,129192,28,,,1,20,,129193,28,,,1,60,,129194,28,,,1,20,,129195,28,,,1,20,,129196,28,,,1,60,,129197,28,,,1,20,,129198,28,,,1,20,,129199,28,,,1,60,,129200,28,,,1
24014000,'140X-Weekday-2-26-04-1111100',1529,,150440,28,,,1,20,,150441,28,,,1,60,,150442,28,,,1,20,,150443,28,,,1,20,,150444,28,,,1,60,,150445,28,,,1,20,,150446,28,,,1,20,,150447,28,,,1,60,,150448,28,,,1
24014000,'140X-Weekday-3-26-04-1111100',1529,,150449,28,,,1,20,,150450,28,,,1,60,,150451,28,,,1,20,,150452,28,,,1,20,,150453,28,,,1,60,,150454,28,,,1,20,,150455,28,,,1,20,,150456,28,,,1,60,,150457,28,,,1
