90501,'905-Weekday-1-26-02-1111100',601,,14210,,,1,30,,14211,,,1,71,,14212,,,1,30,,14213,,,1,70,,14214,,,1,30,,14215,,,1,70,,14216,,,1,29,,14217,,,1,527,,14218,,,1,72,,14219,,,1,70,,14220,,,1,30,,14221,,,1,70,,14222,,,1,30,,14223,,,1,70,,14224,,,1,29,,14225,,,1
90501,'905-Weekday-2-26-02-1111100',601,,81150,,,1,30,,81151,,,1,71,,81152,,,1,30,,81153,,,1,70,,81154,,,1,30,,81155,,,1,70,,81156,,,1,29,,81157,,,1,527,,81158,,,1,72,,81159,,,1,70,,81160,,,1,30,,81161,,,1,70,,81162,,,1,30,,81163,,,1,70,,81164,,,1,29,,81165,,,1
90501,'905-Weekday-4-26-02-1111100',601,,81166,,,1,30,,81167,,,1,71,,81168,,,1,30,,81169,,,1,70,,81170,,,1,30,,81171,,,1,70,,81172,,,1,29,,81173,,,1,527,,81174,,,1,72,,81175,,,1,70,,81176,,,1,30,,81177,,,1,70,,81178,,,1,30,,81179,,,1,70,,81180,,,1,29,,81181,,,1
90501,'905-Weekday-5-26-02-1111100',601,,81182,,,1,30,,81183,,,1,71,,81184,,,1,30,,81185,,,1,70,,81186,,,1,30,,81187,,,1,70,,81188,,,1,29,,81189,,,1,527,,81190,,,1,72,,81191,,,1,70,,81192,,,1,30,,81193,,,1,70,,81194,,,1,30,,81195,,,1,70,,81196,,,1,29,,81197,,,1
90501,'905-Weekday-6-26-02-1111100',601,,81198,,,1,30,,81199,,,1,71,,81200,,,1,30,,81201,,,1,70,,81202,,,1,30,,81203,,,1,70,,81204,,,1,29,,81205,,,1,527,,81206,,,1,72,,81207,,,1,70,,81208,,,1,30,,81209,,,1,70,,81210,,,1,30,,81211,,,1,70,,81212,,,1,29,,81213,,,1
90501,'905-Weekday-7-26-02-1111100',601,,81214,,,1,30,,81215,,,1,71,,81216,,,1,30,,81217,,,1,70,,81218,,,1,30,,81219,,,1,70,,81220,,,1,29,,81221,,,1,527,,81222,,,1,72,,81223,,,1,70,,81224,,,1,30,,81225,,,1,70,,81226,,,1,30,,81227,,,1,70,,81228,,,1,29,,81229,,,1
90501,'905-Weekday-8-26-02-1111100',601,,81230,,,1,30,,81231,,,1,71,,81232,,,1,30,,81233,,,1,70,,81234,,,1,30,,81235,,,1,70,,81236,,,1,29,,81237,,,1,527,,81238,,,1,72,,81239,,,1,70,,81240,,,1,30,,81241,,,1,70,,81242,,,1,30,,81243,,,1,70,,81244,,,1,29,,81245,,,1
90501,'905-Weekday-9-26-02-1111100',601,,81246,,,1,30,,81247,,,1,71,,81248,,,1,30,,81249,,,1,70,,81250,,,1,30,,81251,,,1,70,,81252,,,1,29,,81253,,,1,527,,81254,,,1,72,,81255,,,1,70,,81256,,,1,30,,81257,,,1,70,,81258,,,1,30,,81259,,,1,70,,81260,,,1,29,,81261,,,1
90600,'906-Weekday-1-26-02-1111100',559,,14226,,,1,70,,14227,,,1,75,,14228,,,1,30,,14229,,,1,70,,14230,,,1,30,,14231,,,1,70,,14232,,,1,30,,14233,,,1,602,,14234,,,1,70,,14235,,,1,30,,14236,,,1,70,,14237,,,1,30,,14238,,,1,70,,14239,,,1
90600,'906-Weekday-2-26-02-1111100',559,,81262,,,1,70,,81263,,,1,75,,81264,,,1,30,,81265,,,1,70,,81266,,,1,30,,81267,,,1,70,,81268,,,1,30,,81269,,,1,602,,81270,,,1,70,,81271,,,1,30,,81272,,,1,70,,81273,,,1,30,,81274,,,1,70,,81275,,,1
90600,'906-Weekday-4-26-02-1111100',559,,81276,,,1,70,,81277,,,1,75,,81278,,,1,30,,81279,,,1,70,,81280,,,1,30,,81281,,,1,70,,81282,,,1,30,,81283,,,1,602,,81284,,,1,70,,81285,,,1,30,,81286,,,1,70,,81287,,,1,30,,81288,,,1,70,,81289,,,1
90600,'906-Weekday-5-26-02-1111100',559,,81290,,,1,70,,81291,,,1,75,,81292,,,1,30,,81293,,,1,70,,81294,,,1,30,,81295,,,1,70,,81296,,,1,30,,81297,,,1,602,,81298,,,1,70,,81299,,,1,30,,81300,,,1,70,,81301,,,1,30,,81302,,,1,70,,81303,,,1
90600,'906-Weekday-6-26-02-1111100',559,,81304,,,1,70,,81305,,,1,75,,81306,,,1,30,,81307,,,1,70,,81308,,,1,30,,81309,,,1,70,,81310,,,1,30,,81311,,,1,602,,81312,,,1,70,,81313,,,1,30,,81314,,,1,70,,81315,,,1,30,,81316,,,1,70,,81317,,,1
90600,'906-Weekday-7-26-02-1111100',559,,81318,,,1,70,,81319,,,1,75,,81320,,,1,30,,81321,,,1,70,,81322,,,1,30,,81323,,,1,70,,81324,,,1,30,,81325,,,1,602,,81326,,,1,70,,81327,,,1,30,,81328,,,1,70,,81329,,,1,30,,81330,,,1,70,,81331,,,1
90600,'906-Weekday-8-26-02-1111100',559,,81332,,,1,70,,81333,,,1,75,,81334,,,1,30,,81335,,,1,70,,81336,,,1,30,,81337,,,1,70,,81338,,,1,30,,81339,,,1,602,,81340,,,1,70,,81341,,,1,30,,81342,,,1,70,,81343,,,1,30,,81344,,,1,70,,81345,,,1
90600,'906-Weekday-9-26-02-1111100',559,,81346,,,1,70,,81347,,,1,75,,81348,,,1,30,,81349,,,1,70,,81350,,,1,30,,81351,,,1,70,,81352,,,1,30,,81353,,,1,602,,81354,,,1,70,,81355,,,1,30,,81356,,,1,70,,81357,,,1,30,,81358,,,1,70,,81359,,,1
