51500,'515-Weekday-1-26-09-1110100',1540,,223522,21,,,1
51500,'515-Weekday-1-26-09-1111100',551,,223523,21,,,1,70,,223564,21,,,1,32,,223556,21,,,1,55,,223569,21,,,1,15,,223560,21,,,1,15,,223561,21,,,1,15,,223524,21,,,1,55,,223570,21,,,1,15,,223525,21,,,1,15,,223526,21,,,1,20,,223527,21,,,1,60,,223550,21,,,1,20,,223528,21,,,1,20,,223529,21,,,1,60,,223551,21,,,1,20,,223530,21,,,1,20,,223531,21,,,1,60,,223552,21,,,1,20,,223532,21,,,1,20,,223533,21,,,1,60,,223553,21,,,1,20,,223534,21,,,1,20,,223535,21,,,1,60,,223554,21,,,1,20,,223536,21,,,1,20,,223537,21,,,1,60,,223555,21,,,1,20,,223538,21,,,1,20,,223539,21,,,1,57,,223568,21,,,1,16,,223571,21,,,1,15,,223558,21,,,1,55,,223565,21,,,1,15,,223559,21,,,1,15,,223572,21,,,1,15,,223557,21,,,1,55,,223566,21,,,1,15,,223567,21,,,1,15,,223573,21,,,1,15,,223540,21,,,1,70,,223562,21,,,1,28,,223541,21,,,1,69,,223542,21,,,1,30,,223543,21,,,1,70,,223544,21,,,1,30,,223545,21,,,1,70,,223546,21,,,1,30,,223547,21,,,1,69,,223563,21,,,1,100,,223548,21,,,1,100,,223549,21,,,1
51500,'515-Weekday-2-26-09-1110100',1540,,223574,21,,,1
51500,'515-Weekday-2-26-09-1111100',551,,223575,21,,,1,70,,223616,21,,,1,32,,223608,21,,,1,55,,223621,21,,,1,15,,223612,21,,,1,15,,223613,21,,,1,15,,223576,21,,,1,55,,223622,21,,,1,15,,223577,21,,,1,15,,223578,21,,,1,20,,223579,21,,,1,60,,223602,21,,,1,20,,223580,21,,,1,20,,223581,21,,,1,60,,223603,21,,,1,20,,223582,21,,,1,20,,223583,21,,,1,60,,223604,21,,,1,20,,223584,21,,,1,20,,223585,21,,,1,60,,223605,21,,,1,20,,223586,21,,,1,20,,223587,21,,,1,60,,223606,21,,,1,20,,223588,21,,,1,20,,223589,21,,,1,60,,223607,21,,,1,20,,223590,21,,,1,20,,223591,21,,,1,57,,223620,21,,,1,16,,223623,21,,,1,15,,223610,21,,,1,55,,223617,21,,,1,15,,223611,21,,,1,15,,223624,21,,,1,15,,223609,21,,,1,55,,223618,21,,,1,15,,223619,21,,,1,15,,223625,21,,,1,15,,223592,21,,,1,70,,223614,21,,,1,28,,223593,21,,,1,69,,223594,21,,,1,30,,223595,21,,,1,70,,223596,21,,,1,30,,223597,21,,,1,70,,223598,21,,,1,30,,223599,21,,,1,69,,223615,21,,,1,100,,223600,21,,,1,100,,223601,21,,,1
51500,'515-Weekday-4-26-09-1111100',551,,223626,21,,,1,70,,223667,21,,,1,32,,223659,21,,,1,55,,223672,21,,,1,15,,223663,21,,,1,15,,223664,21,,,1,15,,223627,21,,,1,55,,223673,21,,,1,15,,223628,21,,,1,15,,223629,21,,,1,20,,223630,21,,,1,60,,223653,21,,,1,20,,223631,21,,,1,20,,223632,21,,,1,60,,223654,21,,,1,20,,223633,21,,,1,20,,223634,21,,,1,60,,223655,21,,,1,20,,223635,21,,,1,20,,223636,21,,,1,60,,223656,21,,,1,20,,223637,21,,,1,20,,223638,21,,,1,60,,223657,21,,,1,20,,223639,21,,,1,20,,223640,21,,,1,60,,223658,21,,,1,20,,223641,21,,,1,20,,223642,21,,,1,57,,223671,21,,,1,16,,223674,21,,,1,15,,223661,21,,,1,55,,223668,21,,,1,15,,223662,21,,,1,15,,223675,21,,,1,15,,223660,21,,,1,55,,223669,21,,,1,15,,223670,21,,,1,15,,223676,21,,,1,15,,223643,21,,,1,70,,223665,21,,,1,28,,223644,21,,,1,69,,223645,21,,,1,30,,223646,21,,,1,70,,223647,21,,,1,30,,223648,21,,,1,70,,223649,21,,,1,30,,223650,21,,,1,69,,223666,21,,,1,100,,223651,21,,,1,100,,223652,21,,,1
51500,'515-Saturday-1-26-09-0000010',630,,223677,21,,,1,99,,223678,21,,,1,84,,223679,21,,,1,20,,223709,21,,,1,21,,223680,21,,,1,63,,223681,21,,,1,20,,223682,21,,,1,20,,223710,21,,,1,60,,223683,21,,,1,20,,223684,21,,,1,20,,223711,21,,,1,60,,223685,21,,,1,20,,223686,21,,,1,20,,223712,21,,,1,60,,223687,21,,,1,20,,223688,21,,,1,20,,223713,21,,,1,60,,223689,21,,,1,20,,223690,21,,,1,20,,223714,21,,,1,60,,223691,21,,,1,20,,223692,21,,,1,20,,223715,21,,,1,60,,223693,21,,,1,20,,223694,21,,,1,20,,223716,21,,,1,60,,223695,21,,,1,20,,223696,21,,,1,20,,223717,21,,,1,60,,223697,21,,,1,20,,223698,21,,,1,20,,223718,21,,,1,60,,223699,21,,,1,20,,223700,21,,,1,20,,223719,21,,,1,60,,223701,21,,,1,30,,223702,21,,,1,70,,223707,21,,,1,30,,223704,21,,,1,70,,223708,21,,,1,30,,223705,21,,,1,100,,223703,21,,,1,100,,223706,21,,,1
51500,'515-Sunday-1-26-09-0000001',630,,223720,21,,,1,100,,223721,21,,,1,100,,223722,21,,,1,100,,223723,21,,,1,85,,223724,21,,,1,20,,223725,21,,,1,20,,223749,21,,,1,60,,223726,21,,,1,20,,223727,21,,,1,20,,223750,21,,,1,60,,223728,21,,,1,20,,223729,21,,,1,20,,223751,21,,,1,60,,223730,21,,,1,20,,223731,21,,,1,20,,223752,21,,,1,60,,223732,21,,,1,20,,223733,21,,,1,20,,223753,21,,,1,60,,223734,21,,,1,20,,223735,21,,,1,20,,223754,21,,,1,60,,223736,21,,,1,20,,223737,21,,,1,20,,223755,21,,,1,60,,223738,21,,,1,22,,223739,21,,,1,20,,223756,21,,,1,60,,223740,21,,,1,20,,223741,21,,,1,20,,223757,21,,,1,60,,223742,21,,,1,30,,223745,21,,,1,70,,223743,21,,,1,30,,223746,21,,,1,70,,223747,21,,,1,100,,223744,21,,,1,100,,223748,21,,,1,100,,223758,21,,,1
63001,'630-Weekday-1-26-09-1110100',1605,,227572,42,,,1
63001,'630-Weekday-3-26-09-1110100',1605,,227573,42,,,1
63501,'635-Weekday-1-26-09-1111100',1626,,227602,52,,,1
63501,'635-Weekday-3-26-09-1111100',1626,,227603,52,,,1
