5301,'053-Weekday-1-26-04-1111100',555,,111967,22,,,1,70,,111968,22,,,1,33,,111999,22,,,1,55,,111969,22,,,1,15,,111970,22,,,1,15,,111997,22,,,1,15,,111971,22,,,1,55,,112007,22,,,1,15,,112008,22,,,1,15,,112002,22,,,1,15,,112006,22,,,1,70,,111998,22,,,1,30,,111972,22,,,1,70,,111973,22,,,1,30,,111974,22,,,1,70,,111975,22,,,1,30,,111976,22,,,1,70,,111977,22,,,1,30,,111978,22,,,1,70,,111979,22,,,1,30,,111980,22,,,1,70,,111981,22,,,1,30,,111982,22,,,1,71,,111983,22,,,1,15,,111984,22,,,1,15,,111985,22,,,1,55,,112000,22,,,1,15,,111986,22,,,1,15,,111987,22,,,1,15,,112001,22,,,1,55,,111988,22,,,1,15,,112003,22,,,1,15,,112009,22,,,1,15,,112010,22,,,1,70,,112011,22,,,1,29,,112004,22,,,1,70,,111989,22,,,1,30,,111990,22,,,1,70,,111991,22,,,1,30,,111992,22,,,1,70,,111993,22,,,1,30,,111994,22,,,1,68,,111995,22,,,1,100,,111996,22,,,1,100,,112005,22,,,1
5301,'053-Weekday-2-26-04-1111100',555,,133981,22,,,1,70,,133982,22,,,1,33,,134013,22,,,1,55,,133983,22,,,1,15,,133984,22,,,1,15,,134011,22,,,1,15,,133985,22,,,1,55,,134021,22,,,1,15,,134022,22,,,1,15,,134016,22,,,1,15,,134020,22,,,1,70,,134012,22,,,1,30,,133986,22,,,1,70,,133987,22,,,1,30,,133988,22,,,1,70,,133989,22,,,1,30,,133990,22,,,1,70,,133991,22,,,1,30,,133992,22,,,1,70,,133993,22,,,1,30,,133994,22,,,1,70,,133995,22,,,1,30,,133996,22,,,1,71,,133997,22,,,1,15,,133998,22,,,1,15,,133999,22,,,1,55,,134014,22,,,1,15,,134000,22,,,1,15,,134001,22,,,1,15,,134015,22,,,1,55,,134002,22,,,1,15,,134017,22,,,1,15,,134023,22,,,1,15,,134024,22,,,1,70,,134025,22,,,1,29,,134018,22,,,1,70,,134003,22,,,1,30,,134004,22,,,1,70,,134005,22,,,1,30,,134006,22,,,1,70,,134007,22,,,1,30,,134008,22,,,1,68,,134009,22,,,1,100,,134010,22,,,1,100,,134019,22,,,1
5301,'053-Weekday-3-26-04-1111100',555,,134026,22,,,1,70,,134027,22,,,1,33,,134058,22,,,1,55,,134028,22,,,1,15,,134029,22,,,1,15,,134056,22,,,1,15,,134030,22,,,1,55,,134066,22,,,1,15,,134067,22,,,1,15,,134061,22,,,1,15,,134065,22,,,1,70,,134057,22,,,1,30,,134031,22,,,1,70,,134032,22,,,1,30,,134033,22,,,1,70,,134034,22,,,1,30,,134035,22,,,1,70,,134036,22,,,1,30,,134037,22,,,1,70,,134038,22,,,1,30,,134039,22,,,1,70,,134040,22,,,1,30,,134041,22,,,1,71,,134042,22,,,1,15,,134043,22,,,1,15,,134044,22,,,1,55,,134059,22,,,1,15,,134045,22,,,1,15,,134046,22,,,1,15,,134060,22,,,1,55,,134047,22,,,1,15,,134062,22,,,1,15,,134068,22,,,1,15,,134069,22,,,1,70,,134070,22,,,1,29,,134063,22,,,1,70,,134048,22,,,1,30,,134049,22,,,1,70,,134050,22,,,1,30,,134051,22,,,1,70,,134052,22,,,1,30,,134053,22,,,1,68,,134054,22,,,1,100,,134055,22,,,1,100,,134064,22,,,1
5301,'053-Saturday-1-26-04-0000010',629,,112012,22,,,1,100,,112013,22,,,1,100,,112014,22,,,1,88,,112015,22,,,1,30,,112016,22,,,1,70,,112017,22,,,1,30,,112018,22,,,1,70,,112019,22,,,1,30,,112020,22,,,1,70,,112021,22,,,1,30,,112022,22,,,1,70,,112023,22,,,1,30,,112024,22,,,1,70,,112025,22,,,1,30,,112026,22,,,1,70,,112027,22,,,1,30,,112028,22,,,1,70,,112029,22,,,1,30,,112030,22,,,1,70,,112031,22,,,1,30,,112032,22,,,1,70,,112033,22,,,1,30,,112034,22,,,1,70,,112035,22,,,1,30,,112040,22,,,1,82,,112036,22,,,1,100,,112037,22,,,1,100,,112038,22,,,1,100,,112039,22,,,1
5301,'053-Sunday-1-26-04-0000001',726,,112041,22,,,1,100,,112042,22,,,1,91,,112043,22,,,1,100,,112044,22,,,1,30,,112045,22,,,1,70,,112046,22,,,1,30,,112047,22,,,1,70,,112048,22,,,1,30,,112049,22,,,1,70,,112050,22,,,1,30,,112051,22,,,1,70,,112052,22,,,1,30,,112053,22,,,1,70,,112054,22,,,1,30,,112055,22,,,1,70,,112056,22,,,1,30,,112057,22,,,1,70,,112058,22,,,1,30,,112059,22,,,1,70,,112060,22,,,1,30,,112061,22,,,1,79,,112062,22,,,1,100,,112063,22,,,1,100,,112064,22,,,1,100,,112065,22,,,1,100,,112066,22,,,1
52200,'522-Weekday-1-26-04-1111100',632,,119597,30,,,1,72,,119598,30,,,1,31,,119599,30,,,1,70,,119600,30,,,1,30,,119601,30,,,1,70,,119602,30,,,1,28,,119603,30,,,1,99,,119604,30,,,1,100,,119605,30,,,1,100,,119606,30,,,1,100,,119607,30,,,1,100,,119608,30,,,1,103,,119609,30,,,1,72,,119610,30,,,1,30,,119611,30,,,1,70,,119612,30,,,1,30,,119613,30,,,1,70,,119614,30,,,1,29,,119615,30,,,1,97,,119616,30,,,1,100,,119617,30,,,1,100,,119618,30,,,1,97,,119619,30,,,1
52200,'522-Weekday-2-26-04-1111100',632,,141212,30,,,1,72,,141213,30,,,1,31,,141214,30,,,1,70,,141215,30,,,1,30,,141216,30,,,1,70,,141217,30,,,1,28,,141218,30,,,1,99,,141219,30,,,1,100,,141220,30,,,1,100,,141221,30,,,1,100,,141222,30,,,1,100,,141223,30,,,1,103,,141224,30,,,1,72,,141225,30,,,1,30,,141226,30,,,1,70,,141227,30,,,1,30,,141228,30,,,1,70,,141229,30,,,1,29,,141230,30,,,1,97,,141231,30,,,1,100,,141232,30,,,1,100,,141233,30,,,1,97,,141234,30,,,1
52200,'522-Weekday-3-26-04-1111100',632,,141235,30,,,1,72,,141236,30,,,1,31,,141237,30,,,1,70,,141238,30,,,1,30,,141239,30,,,1,70,,141240,30,,,1,28,,141241,30,,,1,99,,141242,30,,,1,100,,141243,30,,,1,100,,141244,30,,,1,100,,141245,30,,,1,100,,141246,30,,,1,103,,141247,30,,,1,72,,141248,30,,,1,30,,141249,30,,,1,70,,141250,30,,,1,30,,141251,30,,,1,70,,141252,30,,,1,29,,141253,30,,,1,97,,141254,30,,,1,100,,141255,30,,,1,100,,141256,30,,,1,97,,141257,30,,,1
52200,'522-Saturday-1-26-04-0000010',846,,119620,30,,,1,102,,119621,30,,,1,100,,119622,30,,,1,100,,119623,30,,,1,100,,119624,30,,,1,100,,119625,30,,,1,100,,119626,30,,,1,100,,119627,30,,,1,100,,119628,30,,,1,98,,119629,30,,,1,100,,119630,30,,,1
52200,'522-Sunday-1-26-04-0000001',1015,,119631,30,,,1,100,,119632,30,,,1,100,,119633,30,,,1,100,,119634,30,,,1,100,,119635,30,,,1,100,,119636,30,,,1,100,,119637,30,,,1,100,,119638,30,,,1,100,,119639,30,,,1
63301,'633-Weekday-1-26-04-1111100',800,,120424,21,,,1,4,,120425,21,,,1,2,,120426,21,,,1,2,,120427,21,,,1
63301,'633-Weekday-3-26-04-1111100',800,,142036,21,,,1,4,,142037,21,,,1,2,,142038,21,,,1,2,,142039,21,,,1
1000100,'001-Weekday-1-26-04-1111100',514,,128390,24,,,1,40,,128391,24,,,1,81,,128392,24,,,1,83,,128393,24,,,1,20,,128394,24,,,1,20,,128395,24,,,1,60,,128396,24,,,1,20,,128397,24,,,1,64,,128398,24,,,1,31,,128399,24,,,1,70,,128400,24,,,1,30,,128401,24,,,1,70,,128402,24,,,1,30,,128403,24,,,1,70,,128404,24,,,1,30,,128405,24,,,1,70,,128406,24,,,1,30,,128407,24,,,1,70,,128408,24,,,1,30,,128409,24,,,1,71,,128410,24,,,1,15,,128430,13,,,1,14,,128411,24,,,1,20,,128412,24,,,1,60,,128413,24,,,1,20,,128414,24,,,1,20,,128415,24,,,1,60,,128416,24,,,1,25,,128417,24,,,1,70,,128418,24,,,1,28,,128419,24,,,1,68,,128420,24,,,1,30,,128421,24,,,1,70,,128422,24,,,1,30,,128423,24,,,1,70,,128424,24,,,1,30,,128425,24,,,1,67,,128426,24,,,1,38,,128427,24,,,1,80,,128428,24,,,1,40,,128429,24,,,1
1000100,'001-Weekday-2-26-04-1111100',514,,149568,24,,,1,40,,149569,24,,,1,81,,149570,24,,,1,83,,149571,24,,,1,20,,149572,24,,,1,20,,149573,24,,,1,60,,149574,24,,,1,20,,149575,24,,,1,64,,149576,24,,,1,31,,149577,24,,,1,70,,149578,24,,,1,30,,149579,24,,,1,70,,149580,24,,,1,30,,149581,24,,,1,70,,149582,24,,,1,30,,149583,24,,,1,70,,149584,24,,,1,30,,149585,24,,,1,70,,149586,24,,,1,30,,149587,24,,,1,71,,149588,24,,,1,15,,149608,13,,,1,14,,149589,24,,,1,20,,149590,24,,,1,60,,149591,24,,,1,20,,149592,24,,,1,20,,149593,24,,,1,60,,149594,24,,,1,25,,149595,24,,,1,70,,149596,24,,,1,28,,149597,24,,,1,68,,149598,24,,,1,30,,149599,24,,,1,70,,149600,24,,,1,30,,149601,24,,,1,70,,149602,24,,,1,30,,149603,24,,,1,67,,149604,24,,,1,38,,149605,24,,,1,80,,149606,24,,,1,40,,149607,24,,,1
1000100,'001-Weekday-3-26-04-1111100',514,,149609,24,,,1,40,,149610,24,,,1,81,,149611,24,,,1,83,,149612,24,,,1,20,,149613,24,,,1,20,,149614,24,,,1,60,,149615,24,,,1,20,,149616,24,,,1,64,,149617,24,,,1,31,,149618,24,,,1,70,,149619,24,,,1,30,,149620,24,,,1,70,,149621,24,,,1,30,,149622,24,,,1,70,,149623,24,,,1,30,,149624,24,,,1,70,,149625,24,,,1,30,,149626,24,,,1,70,,149627,24,,,1,30,,149628,24,,,1,71,,149629,24,,,1,29,,149630,24,,,1,20,,149631,24,,,1,60,,149632,24,,,1,20,,149633,24,,,1,20,,149634,24,,,1,60,,149635,24,,,1,25,,149636,24,,,1,70,,149637,24,,,1,28,,149638,24,,,1,68,,149639,24,,,1,30,,149640,24,,,1,70,,149641,24,,,1,30,,149642,24,,,1,70,,149643,24,,,1,30,,149644,24,,,1,67,,149645,24,,,1,38,,149646,24,,,1,80,,149647,24,,,1,40,,149648,24,,,1
1000100,'001-Saturday-1-26-04-0000010',635,,128431,24,,,1,80,,128432,24,,,1,40,,128433,24,,,1,75,,128434,24,,,1,70,,128435,24,,,1,33,,128436,24,,,1,70,,128437,24,,,1,30,,128438,24,,,1,70,,128439,24,,,1,30,,128440,24,,,1,70,,128441,24,,,1,30,,128442,24,,,1,70,,128443,24,,,1,30,,128444,24,,,1,70,,128445,24,,,1,30,,128446,24,,,1,70,,128447,24,,,1,30,,128448,24,,,1,70,,128449,24,,,1,30,,128450,24,,,1,69,,128451,24,,,1,29,,128452,24,,,1,70,,128453,24,,,1,30,,128454,24,,,1,28,,128455,24,,,1,72,,128456,24,,,1,70,,128457,24,,,1,29,,128458,24,,,1,71,,128459,24,,,1,30,,128460,24,,,1,70,,128461,24,,,1,30,,128462,24,,,1,70,,128463,24,,,1,35,,128464,24,,,1,80,,128465,24,,,1
1000100,'001-Sunday-1-26-04-0000001',611,,128466,24,,,1,40,,128467,24,,,1,80,,128468,24,,,1,80,,128469,24,,,1,40,,128470,24,,,1,82,,128471,24,,,1,80,,128472,24,,,1,35,,128473,24,,,1,70,,128474,24,,,1,30,,128475,24,,,1,70,,128476,24,,,1,30,,128477,24,,,1,70,,128478,24,,,1,30,,128479,24,,,1,70,,128480,24,,,1,30,,128481,24,,,1,70,,128482,24,,,1,30,,128483,24,,,1,70,,128484,24,,,1,30,,128485,24,,,1,69,,128486,24,,,1,30,,128487,24,,,1,70,,128488,24,,,1,30,,128489,24,,,1,68,,128490,24,,,1,40,,128491,24,,,1,80,,128492,24,,,1,80,,128493,24,,,1,40,,128494,24,,,1,80,,128495,24,,,1,80,,128496,24,,,1,40,,128497,24,,,1
