10600,'106-Weekday-1-26-04-0001000',1210,,113751,2,,,1,5,,113752,2,,,1
10600,'106-Weekday-1-26-04-1110100',1504,,113753,2,,,1,3,,113754,2,,,1,3,,113755,2,,,1
10600,'106-Weekday-3-26-04-0001000',1210,,135943,2,,,1,5,,135944,2,,,1
10600,'106-Weekday-3-26-04-1110100',1504,,135945,2,,,1,3,,135946,2,,,1,3,,135947,2,,,1
11401,'114-Weekday-1-26-04-1111100',535,,115258,23,,,1,70,,115259,23,,,1,31,,115260,23,,,1,20,,115261,23,,,1,52,,115262,23,,,1,12,,115263,23,,,1,12,,115264,23,,,1,12,,115266,23,,,1,12,,115265,23,,,1,52,,115267,23,,,1,12,,115268,23,,,1,12,,115269,23,,,1,12,,115270,23,,,1,56,,115320,23,,,1,15,,115315,23,,,1,15,,115316,23,,,1,15,,115317,23,,,1,55,,115318,23,,,1,15,,115285,23,,,1,15,,115284,23,,,1,15,,115283,23,,,1,55,,115281,23,,,1,15,,115282,23,,,1,15,,115289,23,,,1,15,,115288,23,,,1,55,,115287,23,,,1,15,,115286,23,,,1,15,,115314,23,,,1,15,,115271,23,,,1,55,,115272,23,,,1,15,,115273,23,,,1,15,,115274,23,,,1,15,,115275,23,,,1,55,,115276,23,,,1,15,,115277,23,,,1,15,,115278,23,,,1,15,,115279,23,,,1,12,,115313,23,,,1,52,,115312,23,,,1,13,,115311,23,,,1,13,,115310,23,,,1,12,,115309,23,,,1,12,,115308,23,,,1,52,,115307,23,,,1,12,,115306,23,,,1,12,,115305,23,,,1,12,,115304,23,,,1,12,,115303,23,,,1,52,,115302,23,,,1,12,,115301,23,,,1,12,,115280,23,,,1,12,,115319,23,,,1,58,,115300,23,,,1,29,,115299,23,,,1,69,,115298,23,,,1,30,,115297,23,,,1,70,,115296,23,,,1,30,,115295,23,,,1,70,,115294,23,,,1,30,,115293,23,,,1,70,,115292,23,,,1,97,,115291,23,,,1,100,,115290,23,,,1
11401,'114-Weekday-2-26-04-1111100',535,,137314,23,,,1,70,,137315,23,,,1,31,,137316,23,,,1,20,,137317,23,,,1,52,,137318,23,,,1,12,,137319,23,,,1,12,,137320,23,,,1,12,,137322,23,,,1,12,,137321,23,,,1,52,,137323,23,,,1,12,,137324,23,,,1,12,,137325,23,,,1,12,,137326,23,,,1,56,,137376,23,,,1,15,,137371,23,,,1,15,,137372,23,,,1,15,,137373,23,,,1,55,,137374,23,,,1,15,,137341,23,,,1,15,,137340,23,,,1,15,,137339,23,,,1,55,,137337,23,,,1,15,,137338,23,,,1,15,,137345,23,,,1,15,,137344,23,,,1,55,,137343,23,,,1,15,,137342,23,,,1,15,,137370,23,,,1,15,,137327,23,,,1,55,,137328,23,,,1,15,,137329,23,,,1,15,,137330,23,,,1,15,,137331,23,,,1,55,,137332,23,,,1,15,,137333,23,,,1,15,,137334,23,,,1,15,,137335,23,,,1,12,,137369,23,,,1,52,,137368,23,,,1,13,,137367,23,,,1,13,,137366,23,,,1,12,,137365,23,,,1,12,,137364,23,,,1,52,,137363,23,,,1,12,,137362,23,,,1,12,,137361,23,,,1,12,,137360,23,,,1,12,,137359,23,,,1,52,,137358,23,,,1,12,,137357,23,,,1,12,,137336,23,,,1,12,,137375,23,,,1,58,,137356,23,,,1,29,,137355,23,,,1,69,,137354,23,,,1,30,,137353,23,,,1,70,,137352,23,,,1,30,,137351,23,,,1,70,,137350,23,,,1,30,,137349,23,,,1,70,,137348,23,,,1,97,,137347,23,,,1,100,,137346,23,,,1
11401,'114-Weekday-3-26-04-1111100',535,,137381,23,,,1,70,,137382,23,,,1,31,,137383,23,,,1,20,,137384,23,,,1,52,,137385,23,,,1,12,,137386,23,,,1,12,,137387,23,,,1,12,,137389,23,,,1,12,,137388,23,,,1,52,,137390,23,,,1,12,,137391,23,,,1,12,,137392,23,,,1,12,,137393,23,,,1,56,,137443,23,,,1,15,,137438,23,,,1,15,,137439,23,,,1,15,,137440,23,,,1,55,,137441,23,,,1,15,,137408,23,,,1,15,,137407,23,,,1,15,,137406,23,,,1,55,,137404,23,,,1,15,,137405,23,,,1,15,,137412,23,,,1,15,,137411,23,,,1,55,,137410,23,,,1,15,,137409,23,,,1,15,,137437,23,,,1,15,,137394,23,,,1,55,,137395,23,,,1,15,,137396,23,,,1,15,,137397,23,,,1,15,,137398,23,,,1,55,,137399,23,,,1,15,,137400,23,,,1,15,,137401,23,,,1,15,,137402,23,,,1,12,,137436,23,,,1,52,,137435,23,,,1,13,,137434,23,,,1,13,,137433,23,,,1,12,,137432,23,,,1,12,,137431,23,,,1,52,,137430,23,,,1,12,,137429,23,,,1,12,,137428,23,,,1,12,,137427,23,,,1,12,,137426,23,,,1,52,,137425,23,,,1,12,,137424,23,,,1,12,,137403,23,,,1,12,,137442,23,,,1,58,,137423,23,,,1,29,,137422,23,,,1,69,,137421,23,,,1,30,,137420,23,,,1,70,,137419,23,,,1,30,,137418,23,,,1,70,,137417,23,,,1,30,,137416,23,,,1,70,,137415,23,,,1,97,,137414,23,,,1,100,,137413,23,,,1
11401,'114-Saturday-1-26-04-0000010',632,,115325,23,,,1,100,,115326,23,,,1,95,,115327,23,,,1,20,,115328,23,,,1,61,,115329,23,,,1,22,,115330,23,,,1,20,,115331,23,,,1,60,,115332,23,,,1,20,,115333,23,,,1,20,,115334,23,,,1,60,,115335,23,,,1,20,,115336,23,,,1,20,,115337,23,,,1,60,,115338,23,,,1,20,,115339,23,,,1,20,,115340,23,,,1,60,,115341,23,,,1,20,,115342,23,,,1,20,,115343,23,,,1,60,,115344,23,,,1,20,,115345,23,,,1,20,,115346,23,,,1,60,,115347,23,,,1,20,,115348,23,,,1,20,,115349,23,,,1,60,,115350,23,,,1,20,,115351,23,,,1,20,,115352,23,,,1,59,,115353,23,,,1,18,,115354,23,,,1,20,,115355,23,,,1,60,,115356,23,,,1,20,,115357,23,,,1,20,,115358,23,,,1,60,,115359,23,,,1,27,,115360,23,,,1,70,,115361,23,,,1,30,,115362,23,,,1,70,,115363,23,,,1,30,,115364,23,,,1,70,,115365,23,,,1,100,,115366,23,,,1,100,,115367,23,,,1
11401,'114-Sunday-1-26-04-0000001',635,,115400,23,,,1,100,,115401,23,,,1,100,,115402,23,,,1,103,,115403,23,,,1,100,,115396,23,,,1,20,,115405,23,,,1,60,,115406,23,,,1,20,,115372,23,,,1,20,,115373,23,,,1,60,,115374,23,,,1,20,,115384,23,,,1,20,,115385,23,,,1,60,,115386,23,,,1,20,,115387,23,,,1,20,,115388,23,,,1,60,,115389,23,,,1,20,,115390,23,,,1,20,,115391,23,,,1,60,,115392,23,,,1,20,,115393,23,,,1,20,,115394,23,,,1,60,,115383,23,,,1,20,,115379,23,,,1,19,,115397,23,,,1,59,,115398,23,,,1,19,,115399,23,,,1,20,,115371,23,,,1,60,,115370,23,,,1,20,,115369,23,,,1,20,,115375,23,,,1,60,,115380,23,,,1,25,,115376,23,,,1,70,,115377,23,,,1,30,,115378,23,,,1,70,,115381,23,,,1,30,,115382,23,,,1,70,,115368,23,,,1,100,,115395,23,,,1,100,,115404,23,,,1
61000,'610-Weekday-1-26-04-0001000',1218,,120319,2,,,1,2,,120318,2,,,1,203,,120320,2,,,1,5,,120321,2,,,1
61000,'610-Weekday-1-26-04-1110100',1514,,120322,2,,,1,4,,120323,2,,,1,5,,120324,2,,,1,5,,120325,2,,,1
61000,'610-Weekday-2-26-04-1110100',1523,,141936,2,,,1,5,,141937,2,,,1
61000,'610-Weekday-3-26-04-0001000',1218,,141939,2,,,1,2,,141938,2,,,1
61000,'610-Weekday-3-26-04-1110100',1514,,141940,2,,,1,4,,141941,2,,,1
61300,'613-Weekday-1-26-04-1111100',747,,120341,26,,,1,9,,120342,26,,,1,77,,120343,26,,,1,10,,120344,26,,,1
61300,'613-Weekday-2-26-04-1111100',833,,141957,26,,,1,10,,141958,26,,,1
61300,'613-Weekday-3-26-04-1111100',747,,141959,26,,,1,9,,141960,26,,,1
62401,'624-Weekday-1-26-04-1111100',755,,120388,30,0,60,1
62401,'624-Weekday-3-26-04-1111100',755,,141997,30,0,60,1
62501,'625-Weekday-1-26-04-1111100',750,,120391,46,,,1,7,,120392,46,,,1
62501,'625-Weekday-3-26-04-1111100',750,,142000,46,,,1,7,,142001,46,,,1
