51500,'515-Weekday-1-26-09-1110100',1549,,223522,29,4,,1
51500,'515-Weekday-1-26-09-1111100',557,,223523,29,4,,1,70,,223564,29,4,,1,74,,223556,29,4,,1,15,,223569,29,4,,1,15,,223560,29,4,,1,15,,223561,29,4,,1,55,,223524,29,4,,1,15,,223570,29,4,,1,15,,223525,29,4,,1,15,,223526,29,4,,1,60,,223527,29,4,,1,19,,223550,29,4,,1,20,,223528,29,4,,1,60,,223529,29,4,,1,20,,223551,29,4,,1,20,,223530,29,4,,1,60,,223531,29,4,,1,20,,223552,29,4,,1,20,,223532,29,4,,1,60,,223533,29,4,,1,20,,223553,29,4,,1,20,,223534,29,4,,1,60,,223535,29,4,,1,20,,223554,29,4,,1,20,,223536,29,4,,1,60,,223537,29,4,,1,20,,223555,29,4,,1,20,,223538,29,4,,1,61,,223539,29,4,,1,18,,223568,29,4,,1,16,,223571,29,4,,1,15,,223558,29,4,,1,55,,223565,29,4,,1,15,,223559,29,4,,1,15,,223572,29,4,,1,15,,223557,29,4,,1,55,,223566,29,4,,1,15,,223567,29,4,,1,15,,223573,29,4,,1,15,,223540,29,4,,1,70,,223562,29,4,,1,26,,223541,29,4,,1,69,,223542,29,4,,1,30,,223543,29,4,,1,70,,223544,29,4,,1,30,,223545,29,4,,1,70,,223546,29,4,,1,30,,223547,29,4,,1,68,,223563,29,4,,1,100,,223548,29,4,,1,100,,223549,29,4,,1
51500,'515-Weekday-2-26-09-1110100',1549,,223574,29,4,,1
51500,'515-Weekday-2-26-09-1111100',557,,223575,29,4,,1,70,,223616,29,4,,1,74,,223608,29,4,,1,15,,223621,29,4,,1,15,,223612,29,4,,1,15,,223613,29,4,,1,55,,223576,29,4,,1,15,,223622,29,4,,1,15,,223577,29,4,,1,15,,223578,29,4,,1,60,,223579,29,4,,1,19,,223602,29,4,,1,20,,223580,29,4,,1,60,,223581,29,4,,1,20,,223603,29,4,,1,20,,223582,29,4,,1,60,,223583,29,4,,1,20,,223604,29,4,,1,20,,223584,29,4,,1,60,,223585,29,4,,1,20,,223605,29,4,,1,20,,223586,29,4,,1,60,,223587,29,4,,1,20,,223606,29,4,,1,20,,223588,29,4,,1,60,,223589,29,4,,1,20,,223607,29,4,,1,20,,223590,29,4,,1,61,,223591,29,4,,1,18,,223620,29,4,,1,16,,223623,29,4,,1,15,,223610,29,4,,1,55,,223617,29,4,,1,15,,223611,29,4,,1,15,,223624,29,4,,1,15,,223609,29,4,,1,55,,223618,29,4,,1,15,,223619,29,4,,1,15,,223625,29,4,,1,15,,223592,29,4,,1,70,,223614,29,4,,1,26,,223593,29,4,,1,69,,223594,29,4,,1,30,,223595,29,4,,1,70,,223596,29,4,,1,30,,223597,29,4,,1,70,,223598,29,4,,1,30,,223599,29,4,,1,68,,223615,29,4,,1,100,,223600,29,4,,1,100,,223601,29,4,,1
51500,'515-Weekday-4-26-09-1111100',557,,223626,29,4,,1,70,,223667,29,4,,1,74,,223659,29,4,,1,15,,223672,29,4,,1,15,,223663,29,4,,1,15,,223664,29,4,,1,55,,223627,29,4,,1,15,,223673,29,4,,1,15,,223628,29,4,,1,15,,223629,29,4,,1,60,,223630,29,4,,1,19,,223653,29,4,,1,20,,223631,29,4,,1,60,,223632,29,4,,1,20,,223654,29,4,,1,20,,223633,29,4,,1,60,,223634,29,4,,1,20,,223655,29,4,,1,20,,223635,29,4,,1,60,,223636,29,4,,1,20,,223656,29,4,,1,20,,223637,29,4,,1,60,,223638,29,4,,1,20,,223657,29,4,,1,20,,223639,29,4,,1,60,,223640,29,4,,1,20,,223658,29,4,,1,20,,223641,29,4,,1,61,,223642,29,4,,1,18,,223671,29,4,,1,16,,223674,29,4,,1,15,,223661,29,4,,1,55,,223668,29,4,,1,15,,223662,29,4,,1,15,,223675,29,4,,1,15,,223660,29,4,,1,55,,223669,29,4,,1,15,,223670,29,4,,1,15,,223676,29,4,,1,15,,223643,29,4,,1,70,,223665,29,4,,1,26,,223644,29,4,,1,69,,223645,29,4,,1,30,,223646,29,4,,1,70,,223647,29,4,,1,30,,223648,29,4,,1,70,,223649,29,4,,1,30,,223650,29,4,,1,68,,223666,29,4,,1,100,,223651,29,4,,1,100,,223652,29,4,,1
51500,'515-Saturday-1-26-09-0000010',637,,223677,29,4,,1,99,,223678,29,4,,1,84,,223679,29,4,,1,20,,223709,29,4,,1,61,,223680,29,4,,1,23,,223681,29,4,,1,20,,223682,29,4,,1,60,,223710,29,4,,1,20,,223683,29,4,,1,20,,223684,29,4,,1,60,,223711,29,4,,1,20,,223685,29,4,,1,20,,223686,29,4,,1,60,,223712,29,4,,1,20,,223687,29,4,,1,20,,223688,29,4,,1,60,,223713,29,4,,1,20,,223689,29,4,,1,20,,223690,29,4,,1,60,,223714,29,4,,1,20,,223691,29,4,,1,20,,223692,29,4,,1,60,,223715,29,4,,1,20,,223693,29,4,,1,20,,223694,29,4,,1,60,,223716,29,4,,1,20,,223695,29,4,,1,20,,223696,29,4,,1,60,,223717,29,4,,1,20,,223697,29,4,,1,20,,223698,29,4,,1,60,,223718,29,4,,1,20,,223699,29,4,,1,20,,223700,29,4,,1,60,,223719,29,4,,1,20,,223701,29,4,,1,30,,223702,29,4,,1,70,,223707,29,4,,1,30,,223704,29,4,,1,70,,223708,29,4,,1,30,,223705,29,4,,1,100,,223703,29,4,,1,100,,223706,29,4,,1
51500,'515-Sunday-1-26-09-0000001',636,,223720,29,4,,1,100,,223721,29,4,,1,100,,223722,29,4,,1,101,,223723,29,4,,1,85,,223724,29,4,,1,20,,223725,29,4,,1,60,,223749,29,4,,1,20,,223726,29,4,,1,20,,223727,29,4,,1,60,,223750,29,4,,1,20,,223728,29,4,,1,20,,223729,29,4,,1,60,,223751,29,4,,1,20,,223730,29,4,,1,20,,223731,29,4,,1,60,,223752,29,4,,1,20,,223732,29,4,,1,20,,223733,29,4,,1,60,,223753,29,4,,1,20,,223734,29,4,,1,20,,223735,29,4,,1,60,,223754,29,4,,1,20,,223736,29,4,,1,20,,223737,29,4,,1,60,,223755,29,4,,1,20,,223738,29,4,,1,22,,223739,29,4,,1,60,,223756,29,4,,1,20,,223740,29,4,,1,20,,223741,29,4,,1,60,,223757,29,4,,1,20,,223742,29,4,,1,30,,223745,29,4,,1,70,,223743,29,4,,1,30,,223746,29,4,,1,70,,223747,29,4,,1,100,,223744,29,4,,1,100,,223748,29,4,,1,100,,223758,29,4,,1
51501,'515-Weekday-1-26-09-1101100',747,,223759,1,,,1
51501,'515-Weekday-1-26-09-1111100',531,,223760,1,,,1,70,,223761,1,,,1,30,,223762,1,,,1,19,,223763,1,,,1,55,,223764,1,,,1,15,,223807,1,,,1,15,,223765,1,,,1,15,,223766,1,,,1,55,,223767,1,,,1,15,,223808,1,,,1,15,,223768,1,,,1,15,,223788,1,,,1,60,,223769,1,,,1,20,,223770,1,,,1,20,,223787,1,,,1,60,,223771,1,,,1,20,,223772,1,,,1,20,,223786,1,,,1,60,,223773,1,,,1,20,,223774,1,,,1,20,,223785,1,,,1,60,,223775,1,,,1,20,,223776,1,,,1,20,,223784,1,,,1,60,,223777,1,,,1,20,,223778,1,,,1,20,,223783,1,,,1,60,,223779,1,,,1,20,,223780,1,,,1,20,,223781,1,,,1,60,,223782,1,,,1,19,,223793,1,,,1,15,,223809,1,,,1,15,,223794,1,,,1,55,,223795,1,,,1,15,,223796,1,,,1,15,,223810,1,,,1,15,,223797,1,,,1,55,,223798,1,,,1,15,,223799,1,,,1,30,,223791,1,,,1,70,,223792,1,,,1,25,,223800,1,,,1,70,,223801,1,,,1,30,,223802,1,,,1,70,,223803,1,,,1,30,,223804,1,,,1,70,,223805,1,,,1,30,,223806,1,,,1,100,,223790,1,,,1,100,,223789,1,,,1
51501,'515-Weekday-2-26-09-1101100',747,,223811,1,,,1
51501,'515-Weekday-2-26-09-1111100',531,,223812,1,,,1,70,,223813,1,,,1,30,,223814,1,,,1,19,,223815,1,,,1,55,,223816,1,,,1,15,,223859,1,,,1,15,,223817,1,,,1,15,,223818,1,,,1,55,,223819,1,,,1,15,,223860,1,,,1,15,,223820,1,,,1,15,,223840,1,,,1,60,,223821,1,,,1,20,,223822,1,,,1,20,,223839,1,,,1,60,,223823,1,,,1,20,,223824,1,,,1,20,,223838,1,,,1,60,,223825,1,,,1,20,,223826,1,,,1,20,,223837,1,,,1,60,,223827,1,,,1,20,,223828,1,,,1,20,,223836,1,,,1,60,,223829,1,,,1,20,,223830,1,,,1,20,,223835,1,,,1,60,,223831,1,,,1,20,,223832,1,,,1,20,,223833,1,,,1,60,,223834,1,,,1,19,,223845,1,,,1,15,,223861,1,,,1,15,,223846,1,,,1,55,,223847,1,,,1,15,,223848,1,,,1,15,,223862,1,,,1,15,,223849,1,,,1,55,,223850,1,,,1,15,,223851,1,,,1,30,,223843,1,,,1,70,,223844,1,,,1,25,,223852,1,,,1,70,,223853,1,,,1,30,,223854,1,,,1,70,,223855,1,,,1,30,,223856,1,,,1,70,,223857,1,,,1,30,,223858,1,,,1,100,,223842,1,,,1,100,,223841,1,,,1
51501,'515-Weekday-4-26-09-1111100',531,,223863,1,,,1,70,,223864,1,,,1,30,,223865,1,,,1,19,,223866,1,,,1,55,,223867,1,,,1,15,,223910,1,,,1,15,,223868,1,,,1,15,,223869,1,,,1,55,,223870,1,,,1,15,,223911,1,,,1,15,,223871,1,,,1,15,,223891,1,,,1,60,,223872,1,,,1,20,,223873,1,,,1,20,,223890,1,,,1,60,,223874,1,,,1,20,,223875,1,,,1,20,,223889,1,,,1,60,,223876,1,,,1,20,,223877,1,,,1,20,,223888,1,,,1,60,,223878,1,,,1,20,,223879,1,,,1,20,,223887,1,,,1,60,,223880,1,,,1,20,,223881,1,,,1,20,,223886,1,,,1,60,,223882,1,,,1,20,,223883,1,,,1,20,,223884,1,,,1,60,,223885,1,,,1,19,,223896,1,,,1,15,,223912,1,,,1,15,,223897,1,,,1,55,,223898,1,,,1,15,,223899,1,,,1,15,,223913,1,,,1,15,,223900,1,,,1,55,,223901,1,,,1,15,,223902,1,,,1,30,,223894,1,,,1,70,,223895,1,,,1,25,,223903,1,,,1,70,,223904,1,,,1,30,,223905,1,,,1,70,,223906,1,,,1,30,,223907,1,,,1,70,,223908,1,,,1,30,,223909,1,,,1,100,,223893,1,,,1,100,,223892,1,,,1
51501,'515-Saturday-1-26-09-0000010',545,,223943,1,,,1,100,,223914,1,,,1,99,,223915,1,,,1,82,,223916,1,,,1,20,,223957,1,,,1,60,,223917,1,,,1,22,,223918,1,,,1,20,,223947,1,,,1,60,,223919,1,,,1,20,,223920,1,,,1,20,,223948,1,,,1,60,,223921,1,,,1,20,,223922,1,,,1,20,,223949,1,,,1,60,,223923,1,,,1,20,,223924,1,,,1,20,,223950,1,,,1,60,,223925,1,,,1,20,,223926,1,,,1,20,,223951,1,,,1,60,,223927,1,,,1,20,,223928,1,,,1,20,,223952,1,,,1,60,,223929,1,,,1,20,,223930,1,,,1,20,,223953,1,,,1,60,,223931,1,,,1,20,,223932,1,,,1,20,,223954,1,,,1,60,,223933,1,,,1,20,,223934,1,,,1,20,,223955,1,,,1,60,,223935,1,,,1,20,,223936,1,,,1,20,,223956,1,,,1,60,,223937,1,,,1,23,,223938,1,,,1,70,,223944,1,,,1,30,,223939,1,,,1,70,,223945,1,,,1,30,,223940,1,,,1,70,,223941,1,,,1,100,,223942,1,,,1,100,,223946,1,,,1
51501,'515-Sunday-1-26-09-0000001',545,,223958,1,,,1,100,,223959,1,,,1,100,,223960,1,,,1,100,,223961,1,,,1,99,,223962,1,,,1,65,,223988,1,,,1,20,,223963,1,,,1,20,,223964,1,,,1,60,,223989,1,,,1,20,,223965,1,,,1,20,,223966,1,,,1,60,,223990,1,,,1,20,,223967,1,,,1,20,,223968,1,,,1,60,,223991,1,,,1,20,,223969,1,,,1,20,,223970,1,,,1,60,,223992,1,,,1,20,,223971,1,,,1,20,,223972,1,,,1,60,,223993,1,,,1,20,,223974,1,,,1,20,,223975,1,,,1,60,,223994,1,,,1,20,,223976,1,,,1,22,,223973,1,,,1,60,,223995,1,,,1,20,,223977,1,,,1,20,,223978,1,,,1,60,,223996,1,,,1,20,,223979,1,,,1,20,,223997,1,,,1,60,,223980,1,,,1,20,,223981,1,,,1,70,,223986,1,,,1,30,,223982,1,,,1,70,,223987,1,,,1,100,,223983,1,,,1,100,,223984,1,,,1,100,,223985,1,,,1
