72701,'727-Weekday-1-26-02-0001000',1434,,13225,0,35 36,1
72701,'727-Weekday-1-26-02-1111100',545,,13226,,,1,70,,13227,,,1,30,,13228,,,1,70,,13229,,,1,30,,13230,,,1,70,,13231,,,1,703,,13232,,,1,31,,13233,,,1,70,,13234,,,1,30,,13235,,,1,70,,13236,,,1,30,,13237,,,1,69,,13238,,,1
72701,'727-Weekday-2-26-02-0001000',1434,,76590,0,35 36,1
72701,'727-Weekday-2-26-02-1111100',545,,76591,,,1,70,,76592,,,1,30,,76593,,,1,70,,76594,,,1,30,,76595,,,1,70,,76596,,,1,703,,76597,,,1,31,,76598,,,1,70,,76599,,,1,30,,76600,,,1,70,,76601,,,1,30,,76602,,,1,69,,76603,,,1
72701,'727-Weekday-4-26-02-1111100',545,,76604,,,1,70,,76605,,,1,30,,76606,,,1,70,,76607,,,1,30,,76608,,,1,70,,76609,,,1,703,,76610,,,1,31,,76611,,,1,70,,76612,,,1,30,,76613,,,1,70,,76614,,,1,30,,76615,,,1,69,,76616,,,1
72701,'727-Weekday-5-26-02-0001000',1434,,76617,0,35 36,1
72701,'727-Weekday-5-26-02-1111100',545,,76618,,,1,70,,76619,,,1,30,,76620,,,1,70,,76621,,,1,30,,76622,,,1,70,,76623,,,1,703,,76624,,,1,31,,76625,,,1,70,,76626,,,1,30,,76627,,,1,70,,76628,,,1,30,,76629,,,1,69,,76630,,,1
72701,'727-Weekday-6-26-02-1111100',545,,76631,,,1,70,,76632,,,1,30,,76633,,,1,70,,76634,,,1,30,,76635,,,1,70,,76636,,,1,703,,76637,,,1,31,,76638,,,1,70,,76639,,,1,30,,76640,,,1,70,,76641,,,1,30,,76642,,,1,69,,76643,,,1
72701,'727-Weekday-7-26-02-1111100',545,,76644,,,1,70,,76645,,,1,30,,76646,,,1,70,,76647,,,1,30,,76648,,,1,70,,76649,,,1,703,,76650,,,1,31,,76651,,,1,70,,76652,,,1,30,,76653,,,1,70,,76654,,,1,30,,76655,,,1,69,,76656,,,1
72701,'727-Weekday-8-26-02-1111100',545,,76657,,,1,70,,76658,,,1,30,,76659,,,1,70,,76660,,,1,30,,76661,,,1,70,,76662,,,1,703,,76663,,,1,31,,76664,,,1,70,,76665,,,1,30,,76666,,,1,70,,76667,,,1,30,,76668,,,1,69,,76669,,,1
72701,'727-Weekday-9-26-02-1111100',545,,76670,,,1,70,,76671,,,1,30,,76672,,,1,70,,76673,,,1,30,,76674,,,1,70,,76675,,,1,703,,76676,,,1,31,,76677,,,1,70,,76678,,,1,30,,76679,,,1,70,,76680,,,1,30,,76681,,,1,69,,76682,,,1
