11600,'116-Weekday-1-26-04-0001000',1203,,115407,2,,,1
11600,'116-Weekday-1-26-04-1110100',1512,,115408,2,,,1
11600,'116-Weekday-1-26-04-1111100',545,,115409,22,,,1,70,,115410,22,,,1,31,,115454,22,,,1,55,,115412,22,,,1,15,,115447,22,,,1,15,,115413,22,,,1,15,,115414,22,,,1,10,,115452,22,,,1,45,,115415,22,,,1,9,,115453,22,,,1,6,,115448,22,,,1,15,,115416,22,,,1,15,,115417,22,,,1,58,,115418,22,,,1,29,,115419,22,,,1,70,,115420,22,,,1,30,,115421,22,,,1,70,,115422,22,,,1,30,,115423,22,,,1,70,,115424,22,,,1,30,,115425,22,,,1,70,,115426,22,,,1,30,,115427,22,,,1,70,,115428,22,,,1,30,,115429,22,,,1,70,,115430,22,,,1,21,,115431,22,,,1,20,,115449,22,,,1,60,,115432,22,,,1,20,,115433,22,,,1,20,,115450,22,,,1,60,,115434,22,,,1,20,,115445,22,,,1,20,,115451,22,,,1,60,,115435,22,,,1,29,,115436,22,,,1,69,,115437,22,,,1,30,,115438,22,,,1,70,,115439,22,,,1,30,,115440,22,,,1,70,,115441,22,,,1,30,,115442,22,,,1,70,,115443,22,,,1,30,,115446,22,,,1,100,,115444,22,,,1,100,,115411,22,,,1
11600,'116-Weekday-2-26-04-1111100',545,,137448,22,,,1,70,,137449,22,,,1,31,,137491,22,,,1,55,,137451,22,,,1,15,,137486,22,,,1,15,,137452,22,,,1,15,,137453,22,,,1,55,,137454,22,,,1,15,,137487,22,,,1,15,,137455,22,,,1,15,,137456,22,,,1,58,,137457,22,,,1,29,,137458,22,,,1,70,,137459,22,,,1,30,,137460,22,,,1,70,,137461,22,,,1,30,,137462,22,,,1,70,,137463,22,,,1,30,,137464,22,,,1,70,,137465,22,,,1,30,,137466,22,,,1,70,,137467,22,,,1,30,,137468,22,,,1,70,,137469,22,,,1,21,,137470,22,,,1,20,,137488,22,,,1,60,,137471,22,,,1,20,,137472,22,,,1,20,,137489,22,,,1,60,,137473,22,,,1,20,,137484,22,,,1,20,,137490,22,,,1,60,,137474,22,,,1,29,,137475,22,,,1,69,,137476,22,,,1,30,,137477,22,,,1,70,,137478,22,,,1,30,,137479,22,,,1,70,,137480,22,,,1,30,,137481,22,,,1,70,,137482,22,,,1,30,,137485,22,,,1,100,,137483,22,,,1,100,,137450,22,,,1
11600,'116-Weekday-3-26-04-0001000',1203,,137492,2,,,1
11600,'116-Weekday-3-26-04-1110100',1512,,137493,2,,,1
11600,'116-Weekday-3-26-04-1111100',545,,137494,22,,,1,70,,137495,22,,,1,31,,137539,22,,,1,55,,137497,22,,,1,15,,137532,22,,,1,15,,137498,22,,,1,15,,137499,22,,,1,10,,137537,22,,,1,45,,137500,22,,,1,9,,137538,22,,,1,6,,137533,22,,,1,15,,137501,22,,,1,15,,137502,22,,,1,58,,137503,22,,,1,29,,137504,22,,,1,70,,137505,22,,,1,30,,137506,22,,,1,70,,137507,22,,,1,30,,137508,22,,,1,70,,137509,22,,,1,30,,137510,22,,,1,70,,137511,22,,,1,30,,137512,22,,,1,70,,137513,22,,,1,30,,137514,22,,,1,70,,137515,22,,,1,21,,137516,22,,,1,20,,137534,22,,,1,60,,137517,22,,,1,20,,137518,22,,,1,20,,137535,22,,,1,60,,137519,22,,,1,20,,137530,22,,,1,20,,137536,22,,,1,60,,137520,22,,,1,29,,137521,22,,,1,69,,137522,22,,,1,30,,137523,22,,,1,70,,137524,22,,,1,30,,137525,22,,,1,70,,137526,22,,,1,30,,137527,22,,,1,70,,137528,22,,,1,30,,137531,22,,,1,100,,137529,22,,,1,100,,137496,22,,,1
11600,'116-Saturday-1-26-04-0000010',615,,115483,22,,,1,100,,115482,22,,,1,100,,115455,22,,,1,30,,115484,22,,,1,71,,115456,22,,,1,30,,115457,22,,,1,70,,115458,22,,,1,30,,115459,22,,,1,70,,115460,22,,,1,30,,115461,22,,,1,70,,115462,22,,,1,30,,115463,22,,,1,70,,115464,22,,,1,30,,115465,22,,,1,70,,115466,22,,,1,30,,115467,22,,,1,70,,115468,22,,,1,30,,115469,22,,,1,70,,115470,22,,,1,30,,115471,22,,,1,69,,115472,22,,,1,30,,115473,22,,,1,71,,115474,22,,,1,30,,115475,22,,,1,70,,115476,22,,,1,85,,115477,22,,,1,100,,115478,22,,,1,100,,115479,22,,,1,100,,115480,22,,,1,100,,115481,22,,,1
11600,'116-Sunday-1-26-04-0000001',700,,115485,22,,,1,100,,115486,22,,,1,100,,115487,22,,,1,101,,115488,22,,,1,30,,115489,22,,,1,70,,115490,22,,,1,30,,115491,22,,,1,70,,115492,22,,,1,30,,115493,22,,,1,70,,115494,22,,,1,30,,115495,22,,,1,70,,115496,22,,,1,30,,115497,22,,,1,70,,115498,22,,,1,30,,115499,22,,,1,70,,115500,22,,,1,30,,115501,22,,,1,70,,115502,22,,,1,29,,115503,22,,,1,29,,115504,22,,,1,69,,115505,22,,,1,30,,115506,22,,,1,70,,115509,22,,,1,30,,115507,22,,,1,70,,115510,22,,,1,30,,115508,22,,,1
62700,'627-Weekday-1-26-04-1111100',1539,,120403,35,,,1
62700,'627-Weekday-2-26-04-1111100',1539,,142012,35,,,1
