12400,'124-Weekday-1-26-04-1111100',556,,116575,34,,,1,70,,116578,34,,,1,33,,116542,34,,,1,55,,116543,34,,,1,15,,116544,34,,,1,15,,116545,34,,,1,15,,116546,34,,,1,55,,116547,34,,,1,15,,116548,34,,,1,15,,116549,34,,,1,15,,116569,34,,,1,70,,116570,34,,,1,30,,116571,34,,,1,70,,116550,34,,,1,30,,116551,34,,,1,70,,116552,34,,,1,30,,116553,34,,,1,70,,116554,34,,,1,30,,116555,34,,,1,70,,116556,34,,,1,30,,116574,34,,,1,70,,116576,34,,,1,30,,116577,34,,,1,74,,116572,34,,,1,8,,116538,34,,,1,7,,116557,34,,,1,55,,116558,34,,,1,15,,116559,34,,,1,15,,116560,34,,,1,15,,116561,34,,,1,55,,116562,34,,,1,15,,116563,34,,,1,15,,116564,34,,,1,15,,116565,34,,,1,55,,116573,34,,,1,29,,116568,34,,,1,27,,116579,34,,,1,70,,116580,34,,,1,30,,116539,34,,,1,70,,116540,34,,,1,30,,116541,34,,,1,70,,116566,34,,,1,30,,116567,34,,,1
12400,'124-Weekday-2-26-04-1111100',556,,138483,34,,,1,70,,138486,34,,,1,33,,138450,34,,,1,55,,138451,34,,,1,15,,138452,34,,,1,15,,138453,34,,,1,15,,138454,34,,,1,55,,138455,34,,,1,15,,138456,34,,,1,15,,138457,34,,,1,15,,138477,34,,,1,70,,138478,34,,,1,30,,138479,34,,,1,70,,138458,34,,,1,30,,138459,34,,,1,70,,138460,34,,,1,30,,138461,34,,,1,70,,138462,34,,,1,30,,138463,34,,,1,70,,138464,34,,,1,30,,138482,34,,,1,70,,138484,34,,,1,30,,138485,34,,,1,74,,138480,34,,,1,8,,138446,34,,,1,7,,138465,34,,,1,55,,138466,34,,,1,15,,138467,34,,,1,15,,138468,34,,,1,15,,138469,34,,,1,55,,138470,34,,,1,15,,138471,34,,,1,15,,138472,34,,,1,15,,138473,34,,,1,55,,138481,34,,,1,29,,138476,34,,,1,27,,138487,34,,,1,70,,138488,34,,,1,30,,138447,34,,,1,70,,138448,34,,,1,30,,138449,34,,,1,70,,138474,34,,,1,30,,138475,34,,,1
12400,'124-Weekday-3-26-04-1111100',556,,138525,34,,,1,70,,138528,34,,,1,33,,138492,34,,,1,55,,138493,34,,,1,15,,138494,34,,,1,15,,138495,34,,,1,15,,138496,34,,,1,55,,138497,34,,,1,15,,138498,34,,,1,15,,138499,34,,,1,15,,138519,34,,,1,70,,138520,34,,,1,30,,138521,34,,,1,70,,138500,34,,,1,30,,138501,34,,,1,70,,138502,34,,,1,30,,138503,34,,,1,70,,138504,34,,,1,30,,138505,34,,,1,70,,138506,34,,,1,30,,138524,34,,,1,70,,138526,34,,,1,30,,138527,34,,,1,74,,138522,34,,,1,15,,138507,34,,,1,55,,138508,34,,,1,15,,138509,34,,,1,15,,138510,34,,,1,15,,138511,34,,,1,55,,138512,34,,,1,15,,138513,34,,,1,15,,138514,34,,,1,15,,138515,34,,,1,55,,138523,34,,,1,29,,138518,34,,,1,27,,138529,34,,,1,70,,138530,34,,,1,30,,138489,34,,,1,70,,138490,34,,,1,30,,138491,34,,,1,70,,138516,34,,,1,30,,138517,34,,,1
12400,'124-Saturday-1-26-04-0000010',807,,116581,34,,,1,30,,116582,34,,,1,71,,116583,34,,,1,30,,116584,34,,,1,70,,116585,34,,,1,30,,116586,34,,,1,70,,116587,34,,,1,30,,116588,34,,,1,70,,116589,34,,,1,30,,116590,34,,,1,70,,116591,34,,,1,30,,116592,34,,,1,70,,116593,34,,,1,30,,116594,34,,,1,70,,116595,34,,,1,30,,116596,34,,,1,70,,116597,34,,,1,30,,116598,34,,,1,69,,116599,34,,,1,30,,116600,34,,,1,70,,116601,34,,,1,30,,116602,34,,,1,70,,116603,34,,,1
12400,'124-Sunday-1-26-04-0000001',1026,,116604,34,,,1,27,,116605,34,,,1,70,,116606,34,,,1,30,,116607,34,,,1,70,,116608,34,,,1,30,,116609,34,,,1,70,,116610,34,,,1,30,,116611,34,,,1,70,,116612,34,,,1,30,,116613,34,,,1,70,,116614,34,,,1,30,,116615,34,,,1,70,,116616,34,,,1,31,,116617,34,,,1,70,,116618,34,,,1,30,,116619,34,,,1,70,,116620,34,,,1,33,,116621,34,,,1,70,,116622,34,,,1
62500,'625-Weekday-1-26-04-0001000',1245,,120389,34,,,1
62500,'625-Weekday-1-26-04-1110100',1546,,120390,34,,,1
62500,'625-Weekday-3-26-04-0001000',1245,,141998,34,,,1
62500,'625-Weekday-3-26-04-1110100',1546,,141999,34,,,1
24014000,'140X-Weekday-1-26-04-1111100',1529,,129192,29,,,1,20,,129193,29,,,1,60,,129194,29,,,1,20,,129195,29,,,1,20,,129196,29,,,1,60,,129197,29,,,1,20,,129198,29,,,1,20,,129199,29,,,1,60,,129200,29,,,1
24014000,'140X-Weekday-2-26-04-1111100',1529,,150440,29,,,1,20,,150441,29,,,1,60,,150442,29,,,1,20,,150443,29,,,1,20,,150444,29,,,1,60,,150445,29,,,1,20,,150446,29,,,1,20,,150447,29,,,1,60,,150448,29,,,1
24014000,'140X-Weekday-3-26-04-1111100',1529,,150449,29,,,1,20,,150450,29,,,1,60,,150451,29,,,1,20,,150452,29,,,1,20,,150453,29,,,1,60,,150454,29,,,1,20,,150455,29,,,1,20,,150456,29,,,1,60,,150457,29,,,1
