91601,'916-Weekday-1-26-04-0001000',1225,,126907,18,,,1
91601,'916-Weekday-1-26-04-1110100',1530,,126908,18,,,1,93,,126909,18,,,1
91601,'916-Weekday-1-26-04-1111100',554,,126910,18,,,1,70,,126945,18,,,1,20,,126946,18,,,1,59,,126947,18,,,1,20,,126948,18,,,1,20,,126949,18,,,1,60,,126950,18,,,1,24,,126911,18,,,1,25,,126944,18,,,1,71,,126912,18,,,1,32,,126913,18,,,1,70,,126914,18,,,1,30,,126915,18,,,1,70,,126916,18,,,1,30,,126917,18,,,1,70,,126918,18,,,1,30,,126919,18,,,1,70,,126920,18,,,1,30,,126921,18,,,1,70,,126922,18,,,1,30,,126923,18,,,1,60,,126924,18,,,1,12,,126925,18,,,1,12,,126926,18,,,1,12,,126951,18,,,1,52,,126927,18,,,1,12,,126928,18,,,1,12,,126929,18,,,1,12,,126930,18,,,1,12,,126952,18,,,1,52,,126931,18,,,1,12,,126932,18,,,1,12,,126933,18,,,1,12,,126934,18,,,1,16,,126943,18,,,1,70,,126935,18,,,1,28,,126936,18,,,1,70,,126937,18,,,1,30,,126938,18,,,1,70,,126939,18,,,1,30,,126940,18,,,1,70,,126941,18,,,1,30,,126942,18,,,1,69,,126953,18,,,1,26,,126954,18,,,1,100,,126955,18,,,1
91601,'916-Weekday-2-26-04-1110100',1623,,148152,18,,,1
91601,'916-Weekday-2-26-04-1111100',554,,148153,18,,,1,70,,148188,18,,,1,20,,148189,18,,,1,59,,148190,18,,,1,20,,148191,18,,,1,20,,148192,18,,,1,60,,148193,18,,,1,24,,148154,18,,,1,25,,148187,18,,,1,71,,148155,18,,,1,32,,148156,18,,,1,70,,148157,18,,,1,30,,148158,18,,,1,70,,148159,18,,,1,30,,148160,18,,,1,70,,148161,18,,,1,30,,148162,18,,,1,70,,148163,18,,,1,30,,148164,18,,,1,70,,148165,18,,,1,30,,148166,18,,,1,60,,148167,18,,,1,12,,148168,18,,,1,12,,148169,18,,,1,12,,148194,18,,,1,52,,148170,18,,,1,12,,148171,18,,,1,12,,148172,18,,,1,12,,148173,18,,,1,12,,148195,18,,,1,52,,148174,18,,,1,12,,148175,18,,,1,12,,148176,18,,,1,12,,148177,18,,,1,16,,148186,18,,,1,70,,148178,18,,,1,28,,148179,18,,,1,70,,148180,18,,,1,30,,148181,18,,,1,70,,148182,18,,,1,30,,148183,18,,,1,70,,148184,18,,,1,30,,148185,18,,,1,69,,148196,18,,,1,26,,148197,18,,,1,100,,148198,18,,,1
91601,'916-Weekday-3-26-04-0001000',1225,,148199,18,,,1
91601,'916-Weekday-3-26-04-1110100',1530,,148200,18,,,1
91601,'916-Weekday-3-26-04-1111100',554,,148201,18,,,1,70,,148236,18,,,1,20,,148237,18,,,1,59,,148238,18,,,1,20,,148239,18,,,1,20,,148240,18,,,1,60,,148241,18,,,1,24,,148202,18,,,1,25,,148235,18,,,1,71,,148203,18,,,1,32,,148204,18,,,1,70,,148205,18,,,1,30,,148206,18,,,1,70,,148207,18,,,1,30,,148208,18,,,1,70,,148209,18,,,1,30,,148210,18,,,1,70,,148211,18,,,1,30,,148212,18,,,1,70,,148213,18,,,1,30,,148214,18,,,1,60,,148215,18,,,1,12,,148216,18,,,1,12,,148217,18,,,1,12,,148242,18,,,1,52,,148218,18,,,1,12,,148219,18,,,1,12,,148220,18,,,1,12,,148221,18,,,1,12,,148243,18,,,1,52,,148222,18,,,1,12,,148223,18,,,1,12,,148224,18,,,1,12,,148225,18,,,1,16,,148234,18,,,1,70,,148226,18,,,1,28,,148227,18,,,1,70,,148228,18,,,1,30,,148229,18,,,1,70,,148230,18,,,1,30,,148231,18,,,1,70,,148232,18,,,1,30,,148233,18,,,1,69,,148244,18,,,1,26,,148245,18,,,1,100,,148246,18,,,1
91601,'916-Saturday-1-26-04-0000010',646,,126956,18,,,1,100,,126957,18,,,1,70,,126958,18,,,1,30,,126959,18,,,1,72,,126960,18,,,1,31,,126961,18,,,1,72,,126962,18,,,1,30,,126963,18,,,1,70,,126964,18,,,1,30,,126965,18,,,1,70,,126966,18,,,1,30,,126967,18,,,1,70,,126968,18,,,1,30,,126969,18,,,1,70,,126970,18,,,1,30,,126971,18,,,1,70,,126972,18,,,1,30,,126973,18,,,1,70,,126974,18,,,1,30,,126975,18,,,1,69,,126976,18,,,1,28,,126977,18,,,1,70,,126978,18,,,1,30,,126979,18,,,1,70,,126980,18,,,1,100,,126981,18,,,1,100,,126982,18,,,1,100,,126983,18,,,1,100,,126984,18,,,1,100,,126985,18,,,1
91601,'916-Sunday-1-26-04-0000001',646,,126986,18,,,1,100,,126987,18,,,1,100,,126988,18,,,1,104,,126989,18,,,1,101,,126990,18,,,1,70,,126991,18,,,1,30,,126992,18,,,1,70,,126993,18,,,1,30,,126994,18,,,1,70,,126995,18,,,1,30,,126996,18,,,1,70,,126997,18,,,1,30,,126998,18,,,1,70,,126999,18,,,1,30,,127000,18,,,1,70,,127001,18,,,1,30,,127002,18,,,1,69,,127003,18,,,1,29,,127004,18,,,1,70,,127005,18,,,1,30,,127006,18,,,1,70,,127007,18,,,1,30,,127008,18,,,1,100,,127009,18,,,1,100,,127010,18,,,1,100,,127011,18,,,1,100,,127012,18,,,1
