91601,'916-Weekday-1-26-09-0001000',1227,,240137,21,,,1
91601,'916-Weekday-1-26-09-1110100',1526,,240139,21,,,1,102,,240138,21,,,1
91601,'916-Weekday-1-26-09-1111100',547,,240140,21,,,1,70,,240178,21,,,1,16,,240168,21,,,1,17,,240183,21,,,1,55,,240169,21,,,1,15,,240170,21,,,1,15,,240171,21,,,1,15,,240184,21,,,1,55,,240172,21,,,1,15,,240177,21,,,1,30,,240176,21,,,1,71,,240141,21,,,1,30,,240142,21,,,1,70,,240143,21,,,1,30,,240144,21,,,1,70,,240145,21,,,1,30,,240146,21,,,1,70,,240147,21,,,1,30,,240148,21,,,1,70,,240149,21,,,1,30,,240150,21,,,1,70,,240151,21,,,1,30,,240152,21,,,1,72,,240153,21,,,1,12,,240154,21,,,1,12,,240173,21,,,1,12,,240155,21,,,1,52,,240156,21,,,1,12,,240185,21,,,1,12,,240157,21,,,1,12,,240174,21,,,1,12,,240158,21,,,1,52,,240159,21,,,1,12,,240186,21,,,1,12,,240160,21,,,1,12,,240179,21,,,1,70,,240180,21,,,1,28,,240161,21,,,1,70,,240162,21,,,1,30,,240163,21,,,1,70,,240164,21,,,1,30,,240165,21,,,1,70,,240166,21,,,1,30,,240167,21,,,1,68,,240181,21,,,1,100,,240175,21,,,1,100,,240182,21,,,1
91601,'916-Weekday-2-26-09-1110100',1628,,240187,21,,,1
91601,'916-Weekday-2-26-09-1111100',547,,240188,21,,,1,70,,240226,21,,,1,16,,240216,21,,,1,17,,240231,21,,,1,55,,240217,21,,,1,15,,240218,21,,,1,15,,240219,21,,,1,15,,240232,21,,,1,55,,240220,21,,,1,15,,240225,21,,,1,30,,240224,21,,,1,71,,240189,21,,,1,30,,240190,21,,,1,70,,240191,21,,,1,30,,240192,21,,,1,70,,240193,21,,,1,30,,240194,21,,,1,70,,240195,21,,,1,30,,240196,21,,,1,70,,240197,21,,,1,30,,240198,21,,,1,70,,240199,21,,,1,30,,240200,21,,,1,72,,240201,21,,,1,12,,240202,21,,,1,12,,240221,21,,,1,12,,240203,21,,,1,52,,240204,21,,,1,12,,240233,21,,,1,12,,240205,21,,,1,12,,240222,21,,,1,12,,240206,21,,,1,52,,240207,21,,,1,12,,240234,21,,,1,12,,240208,21,,,1,12,,240227,21,,,1,70,,240228,21,,,1,28,,240209,21,,,1,70,,240210,21,,,1,30,,240211,21,,,1,70,,240212,21,,,1,30,,240213,21,,,1,70,,240214,21,,,1,30,,240215,21,,,1,68,,240229,21,,,1,100,,240223,21,,,1,100,,240230,21,,,1
91601,'916-Weekday-4-26-09-1111100',547,,240235,21,,,1,70,,240273,21,,,1,16,,240263,21,,,1,17,,240278,21,,,1,55,,240264,21,,,1,15,,240265,21,,,1,15,,240266,21,,,1,15,,240279,21,,,1,55,,240267,21,,,1,15,,240272,21,,,1,30,,240271,21,,,1,71,,240236,21,,,1,30,,240237,21,,,1,70,,240238,21,,,1,30,,240239,21,,,1,70,,240240,21,,,1,30,,240241,21,,,1,70,,240242,21,,,1,30,,240243,21,,,1,70,,240244,21,,,1,30,,240245,21,,,1,70,,240246,21,,,1,30,,240247,21,,,1,72,,240248,21,,,1,12,,240249,21,,,1,12,,240268,21,,,1,12,,240250,21,,,1,52,,240251,21,,,1,12,,240280,21,,,1,12,,240252,21,,,1,12,,240269,21,,,1,12,,240253,21,,,1,52,,240254,21,,,1,12,,240281,21,,,1,12,,240255,21,,,1,12,,240274,21,,,1,70,,240275,21,,,1,28,,240256,21,,,1,70,,240257,21,,,1,30,,240258,21,,,1,70,,240259,21,,,1,30,,240260,21,,,1,70,,240261,21,,,1,30,,240262,21,,,1,68,,240276,21,,,1,100,,240270,21,,,1,100,,240277,21,,,1
91601,'916-Saturday-1-26-09-0000010',650,,240282,21,,,1,100,,240283,21,,,1,70,,240284,21,,,1,30,,240285,21,,,1,73,,240286,21,,,1,32,,240287,21,,,1,72,,240288,21,,,1,30,,240289,21,,,1,70,,240290,21,,,1,30,,240291,21,,,1,70,,240292,21,,,1,30,,240293,21,,,1,70,,240294,21,,,1,30,,240295,21,,,1,70,,240296,21,,,1,30,,240297,21,,,1,70,,240298,21,,,1,30,,240299,21,,,1,70,,240300,21,,,1,30,,240301,21,,,1,70,,240302,21,,,1,30,,240303,21,,,1,70,,240310,21,,,1,30,,240311,21,,,1,65,,240304,21,,,1,100,,240305,21,,,1,100,,240306,21,,,1,100,,240307,21,,,1,100,,240308,21,,,1,100,,240309,21,,,1
91601,'916-Sunday-1-26-09-0000001',650,,240312,21,,,1,100,,240313,21,,,1,100,,240314,21,,,1,101,,240336,21,,,1,101,,240315,21,,,1,70,,240316,21,,,1,30,,240317,21,,,1,70,,240318,21,,,1,30,,240319,21,,,1,70,,240320,21,,,1,30,,240321,21,,,1,70,,240322,21,,,1,30,,240323,21,,,1,70,,240324,21,,,1,30,,240325,21,,,1,70,,240326,21,,,1,30,,240327,21,,,1,70,,240337,21,,,1,26,,240338,21,,,1,68,,240328,21,,,1,30,,240329,21,,,1,70,,240330,21,,,1,37,,240331,21,,,1,100,,240332,21,,,1,100,,240333,21,,,1,100,,240334,21,,,1,100,,240335,21,,,1
92600,'926-Weekday-1-26-09-1111100',611,,242483,18,,,1,20,,242484,18,,,1,23,,242485,18,,,1,60,,242486,18,,,1,10,,242488,18,,,1,10,,242489,18,,,1,20,,242490,18,,,1,60,,242491,18,,,1,20,,242492,18,,,1,20,,242493,18,,,1,62,,242494,18,,,1,24,,242495,18,,,1,70,,242496,18,,,1,30,,242497,18,,,1,70,,242498,18,,,1,30,,242499,18,,,1,70,,242500,18,,,1,30,,242501,18,,,1,70,,242502,18,,,1,30,,242503,18,,,1,70,,242504,18,,,1,30,,242505,18,,,1,61,,242506,18,,,1,22,,242507,18,,,1,20,,242508,18,,,1,60,,242509,18,,,1,20,,242510,18,,,1,20,,242511,18,,,1,60,,242512,18,,,1,20,,242513,18,,,1,20,,242514,18,,,1,60,,242515,18,,,1,20,,242516,18,,,1,17,,242517,18,,,1,73,,242518,18,,,1,30,,242519,18,,,1,70,,242520,18,,,1,30,,242521,18,,,1,70,,242522,18,,,1,30,,242523,18,,,1,70,,242524,18,,,1
92600,'926-Weekday-2-26-09-1111100',611,,242525,18,,,1,20,,242526,18,,,1,23,,242527,18,,,1,60,,242528,18,,,1,10,,242530,18,,,1,10,,242531,18,,,1,20,,242532,18,,,1,60,,242533,18,,,1,20,,242534,18,,,1,20,,242535,18,,,1,62,,242536,18,,,1,24,,242537,18,,,1,70,,242538,18,,,1,30,,242539,18,,,1,70,,242540,18,,,1,30,,242541,18,,,1,70,,242542,18,,,1,30,,242543,18,,,1,70,,242544,18,,,1,30,,242545,18,,,1,70,,242546,18,,,1,30,,242547,18,,,1,61,,242548,18,,,1,22,,242549,18,,,1,20,,242550,18,,,1,60,,242551,18,,,1,20,,242552,18,,,1,20,,242553,18,,,1,60,,242554,18,,,1,20,,242555,18,,,1,20,,242556,18,,,1,60,,242557,18,,,1,20,,242558,18,,,1,17,,242559,18,,,1,73,,242560,18,,,1,30,,242561,18,,,1,70,,242562,18,,,1,30,,242563,18,,,1,70,,242564,18,,,1,30,,242565,18,,,1,70,,242566,18,,,1
92600,'926-Weekday-4-26-09-1111100',611,,242567,18,,,1,20,,242568,18,,,1,23,,242569,18,,,1,60,,242570,18,,,1,20,,242572,18,,,1,20,,242573,18,,,1,60,,242574,18,,,1,20,,242575,18,,,1,20,,242576,18,,,1,62,,242577,18,,,1,24,,242578,18,,,1,70,,242579,18,,,1,30,,242580,18,,,1,70,,242581,18,,,1,30,,242582,18,,,1,70,,242583,18,,,1,30,,242584,18,,,1,70,,242585,18,,,1,30,,242586,18,,,1,70,,242587,18,,,1,30,,242588,18,,,1,61,,242589,18,,,1,22,,242590,18,,,1,20,,242591,18,,,1,60,,242592,18,,,1,20,,242593,18,,,1,20,,242594,18,,,1,60,,242595,18,,,1,20,,242596,18,,,1,20,,242597,18,,,1,60,,242598,18,,,1,20,,242599,18,,,1,17,,242600,18,,,1,73,,242601,18,,,1,30,,242602,18,,,1,70,,242603,18,,,1,30,,242604,18,,,1,70,,242605,18,,,1,30,,242606,18,,,1,70,,242607,18,,,1
92600,'926-Saturday-1-26-09-0000010',807,,242608,18,,,1,30,,242609,18,,,1,71,,242610,18,,,1,30,,242611,18,,,1,70,,242612,18,,,1,30,,242613,18,,,1,70,,242614,18,,,1,30,,242615,18,,,1,70,,242616,18,,,1,30,,242617,18,,,1,70,,242618,18,,,1,30,,242619,18,,,1,70,,242620,18,,,1,30,,242621,18,,,1,70,,242622,18,,,1,30,,242623,18,,,1,70,,242624,18,,,1,30,,242625,18,,,1,69,,242626,18,,,1,30,,242627,18,,,1,70,,242628,18,,,1,30,,242629,18,,,1,70,,242630,18,,,1
92600,'926-Sunday-1-26-09-0000001',1010,,242631,18,,,1,30,,242632,18,,,1,70,,242633,18,,,1,30,,242634,18,,,1,70,,242635,18,,,1,30,,242636,18,,,1,70,,242637,18,,,1,30,,242638,18,,,1,70,,242639,18,,,1,31,,242640,18,,,1,69,,242641,18,,,1,30,,242642,18,,,1,70,,242643,18,,,1,30,,242644,18,,,1,69,,242645,18,,,1,30,,242646,18,,,1,70,,242647,18,,,1,30,,242648,18,,,1,70,,242649,18,,,1
