10900,'109-Weekday-1-26-04-1111100',527,,114512,47,,,1,30,,114513,47,,,1,71,,114514,47,,,1,72,,114555,47,,,1,15,,114515,47,,,1,15,,114551,47,,,1,15,,114516,47,,,1,55,,114517,47,,,1,15,,114518,47,,,1,15,,114552,47,,,1,15,,114519,47,,,1,55,,114520,47,,,1,29,,114521,47,,,1,30,,114522,47,,,1,70,,114523,47,,,1,30,,114524,47,,,1,70,,114525,47,,,1,30,,114526,47,,,1,70,,114527,47,,,1,30,,114528,47,,,1,70,,114529,47,,,1,30,,114530,47,,,1,70,,114531,47,,,1,30,,114532,47,,,1,74,,114533,47,,,1,15,,114534,47,,,1,55,,114553,47,,,1,15,,114535,47,,,1,15,,114536,47,,,1,15,,114537,47,,,1,55,,114554,47,,,1,15,,114538,47,,,1,15,,114539,47,,,1,70,,114540,47,,,1,30,,114541,47,,,1,25,,114542,47,,,1,70,,114543,47,,,1,30,,114544,47,,,1,70,,114545,47,,,1,30,,114546,47,,,1,70,,114547,47,,,1,30,,114548,47,,,1,70,,114556,47,,,1,100,,114549,47,,,1,100,,114550,47,,,1
10900,'109-Weekday-2-26-04-1111100',527,,136636,47,,,1,30,,136637,47,,,1,71,,136638,47,,,1,72,,136679,47,,,1,15,,136639,47,,,1,15,,136675,47,,,1,15,,136640,47,,,1,55,,136641,47,,,1,15,,136642,47,,,1,15,,136676,47,,,1,15,,136643,47,,,1,55,,136644,47,,,1,29,,136645,47,,,1,30,,136646,47,,,1,70,,136647,47,,,1,30,,136648,47,,,1,70,,136649,47,,,1,30,,136650,47,,,1,70,,136651,47,,,1,30,,136652,47,,,1,70,,136653,47,,,1,30,,136654,47,,,1,70,,136655,47,,,1,30,,136656,47,,,1,74,,136657,47,,,1,15,,136658,47,,,1,55,,136677,47,,,1,15,,136659,47,,,1,15,,136660,47,,,1,15,,136661,47,,,1,55,,136678,47,,,1,15,,136662,47,,,1,15,,136663,47,,,1,70,,136664,47,,,1,30,,136665,47,,,1,25,,136666,47,,,1,70,,136667,47,,,1,30,,136668,47,,,1,70,,136669,47,,,1,30,,136670,47,,,1,70,,136671,47,,,1,30,,136672,47,,,1,70,,136680,47,,,1,100,,136673,47,,,1,100,,136674,47,,,1
10900,'109-Weekday-3-26-04-1111100',527,,136681,47,,,1,30,,136682,47,,,1,71,,136683,47,,,1,72,,136724,47,,,1,15,,136684,47,,,1,15,,136720,47,,,1,15,,136685,47,,,1,55,,136686,47,,,1,15,,136687,47,,,1,15,,136721,47,,,1,15,,136688,47,,,1,55,,136689,47,,,1,29,,136690,47,,,1,30,,136691,47,,,1,70,,136692,47,,,1,30,,136693,47,,,1,70,,136694,47,,,1,30,,136695,47,,,1,70,,136696,47,,,1,30,,136697,47,,,1,70,,136698,47,,,1,30,,136699,47,,,1,70,,136700,47,,,1,30,,136701,47,,,1,74,,136702,47,,,1,15,,136703,47,,,1,55,,136722,47,,,1,15,,136704,47,,,1,15,,136705,47,,,1,15,,136706,47,,,1,55,,136723,47,,,1,15,,136707,47,,,1,15,,136708,47,,,1,70,,136709,47,,,1,30,,136710,47,,,1,25,,136711,47,,,1,70,,136712,47,,,1,30,,136713,47,,,1,70,,136714,47,,,1,30,,136715,47,,,1,70,,136716,47,,,1,30,,136717,47,,,1,70,,136725,47,,,1,100,,136718,47,,,1,100,,136719,47,,,1
10900,'109-Saturday-1-26-04-0000010',817,,114557,47,,,1,30,,114558,47,,,1,73,,114559,47,,,1,31,,114560,47,,,1,70,,114561,47,,,1,30,,114562,47,,,1,70,,114563,47,,,1,30,,114564,47,,,1,70,,114565,47,,,1,30,,114566,47,,,1,70,,114567,47,,,1,30,,114568,47,,,1,70,,114569,47,,,1,30,,114570,47,,,1,70,,114571,47,,,1,30,,114572,47,,,1,70,,114573,47,,,1,30,,114574,47,,,1,68,,114575,47,,,1,30,,114576,47,,,1,70,,114577,47,,,1,30,,114578,47,,,1,70,,114579,47,,,1,30,,114580,47,,,1,70,,114581,47,,,1,30,,114582,47,,,1,70,,114583,47,,,1,30,,114584,47,,,1,70,,114585,47,,,1
10900,'109-Sunday-1-26-04-0000001',1030,,114586,47,,,1,70,,114587,47,,,1,30,,114588,47,,,1,70,,114589,47,,,1,30,,114590,47,,,1,70,,114591,47,,,1,30,,114592,47,,,1,70,,114593,47,,,1,30,,114594,47,,,1,70,,114595,47,,,1,30,,114596,47,,,1,70,,114597,47,,,1,30,,114598,47,,,1,70,,114599,47,,,1,29,,114600,47,,,1,30,,114601,47,,,1,70,,114602,47,,,1,30,,114603,47,,,1
62500,'625-Weekday-1-26-04-0001000',1256,,120389,48,4,,1
62500,'625-Weekday-1-26-04-1110100',1558,,120390,48,4,,1
62500,'625-Weekday-3-26-04-0001000',1256,,141998,48,4,,1
62500,'625-Weekday-3-26-04-1110100',1558,,141999,48,4,,1
24014000,'140X-Weekday-1-26-04-1111100',1539,,129192,43,4,,1,20,,129193,43,4,,1,60,,129194,43,4,,1,20,,129195,43,4,,1,20,,129196,43,4,,1,60,,129197,43,4,,1,20,,129198,43,4,,1,20,,129199,43,4,,1,60,,129200,43,4,,1
24014000,'140X-Weekday-2-26-04-1111100',1539,,150440,43,4,,1,20,,150441,43,4,,1,60,,150442,43,4,,1,20,,150443,43,4,,1,20,,150444,43,4,,1,60,,150445,43,4,,1,20,,150446,43,4,,1,20,,150447,43,4,,1,60,,150448,43,4,,1
24014000,'140X-Weekday-3-26-04-1111100',1539,,150449,43,4,,1,20,,150450,43,4,,1,60,,150451,43,4,,1,20,,150452,43,4,,1,20,,150453,43,4,,1,60,,150454,43,4,,1,20,,150455,43,4,,1,20,,150456,43,4,,1,60,,150457,43,4,,1
