11100,'111-Weekday-1-26-09-1111100',1005,,217215,59,4,,1,100,,217216,59,4,,1,100,,217217,59,4,,1,100,,217218,59,4,,1,100,,217219,59,4,,1,100,,217220,59,4,,1,101,,217221,59,4,,1
11100,'111-Weekday-2-26-09-1111100',1005,,217222,59,4,,1,100,,217223,59,4,,1,100,,217224,59,4,,1,100,,217225,59,4,,1,100,,217226,59,4,,1,100,,217227,59,4,,1,101,,217228,59,4,,1
11100,'111-Weekday-4-26-09-1111100',1005,,217229,59,4,,1,100,,217230,59,4,,1,100,,217231,59,4,,1,100,,217232,59,4,,1,100,,217233,59,4,,1,100,,217234,59,4,,1,101,,217235,59,4,,1
11101,'111-Weekday-1-26-09-1111100',912,,217243,1,,,1,100,,217244,1,,,1,100,,217245,1,,,1,100,,217246,1,,,1,100,,217247,1,,,1,100,,217248,1,,,1,100,,217249,1,,,1
11101,'111-Weekday-2-26-09-1111100',912,,217250,1,,,1,100,,217251,1,,,1,100,,217252,1,,,1,100,,217253,1,,,1,100,,217254,1,,,1,100,,217255,1,,,1,100,,217256,1,,,1
11101,'111-Weekday-4-26-09-1111100',912,,217257,1,,,1,100,,217258,1,,,1,100,,217259,1,,,1,100,,217260,1,,,1,100,,217261,1,,,1,100,,217262,1,,,1,100,,217263,1,,,1
62200,'622-Weekday-1-26-09-1111100',732,,227470,7,4,,1,20,,227471,7,4,,1,60,,227472,7,4,,1,20,,227473,7,4,,1,20,,227474,7,4,,1,60,,227475,7,4,,1,20,,227476,7,4,,1,587,,227477,7,4,,1,20,,227478,7,4,,1,20,,227479,7,4,,1,60,,227480,7,4,,1,20,,227481,7,4,,1,19,,227482,7,4,,1
62200,'622-Weekday-2-26-09-1111100',732,,227483,7,4,,1,20,,227484,7,4,,1,60,,227485,7,4,,1,20,,227486,7,4,,1,20,,227487,7,4,,1,60,,227488,7,4,,1,20,,227489,7,4,,1,587,,227490,7,4,,1,20,,227491,7,4,,1,20,,227492,7,4,,1,60,,227493,7,4,,1,20,,227494,7,4,,1,19,,227495,7,4,,1
62200,'622-Weekday-4-26-09-1111100',732,,227496,7,4,,1,20,,227497,7,4,,1,60,,227498,7,4,,1,20,,227499,7,4,,1,20,,227500,7,4,,1,60,,227501,7,4,,1,20,,227502,7,4,,1,587,,227503,7,4,,1,20,,227504,7,4,,1,20,,227505,7,4,,1,60,,227506,7,4,,1,20,,227507,7,4,,1,19,,227508,7,4,,1
62201,'622-Weekday-1-26-09-1111100',732,,227513,1,,,1,20,,227514,1,,,1,60,,227509,1,,,1,20,,227510,1,,,1,20,,227511,1,,,1,60,,227512,1,,,1,547,,227515,1,,,1,60,,227516,1,,,1,20,,227517,1,,,1,20,,227518,1,,,1,60,,227519,1,,,1,20,,227520,1,,,1,19,,227521,1,,,1
62201,'622-Weekday-2-26-09-1111100',732,,227526,1,,,1,20,,227527,1,,,1,60,,227522,1,,,1,20,,227523,1,,,1,20,,227524,1,,,1,60,,227525,1,,,1,547,,227528,1,,,1,60,,227529,1,,,1,20,,227530,1,,,1,20,,227531,1,,,1,60,,227532,1,,,1,20,,227533,1,,,1,19,,227534,1,,,1
62201,'622-Weekday-4-26-09-1111100',732,,227539,1,,,1,20,,227540,1,,,1,60,,227535,1,,,1,20,,227536,1,,,1,20,,227537,1,,,1,60,,227538,1,,,1,547,,227541,1,,,1,60,,227542,1,,,1,20,,227543,1,,,1,20,,227544,1,,,1,60,,227545,1,,,1,20,,227546,1,,,1,19,,227547,1,,,1
