50200,'502-Weekday-1-26-02-1111100',627,,7407,,,1,30,,7400,,,1,70,,7401,,,1,30,,7402,,,1,70,,7403,,,1,30,,7404,,,1,70,,7405,,,1,527,,7406,,,1,70,,7408,,,1,30,,7409,,,1,70,,7410,,,1,30,,7411,,,1,70,,7412,,,1
50200,'502-Weekday-2-26-02-1111100',627,,49913,,,1,30,,49906,,,1,70,,49907,,,1,30,,49908,,,1,70,,49909,,,1,30,,49910,,,1,70,,49911,,,1,527,,49912,,,1,70,,49914,,,1,30,,49915,,,1,70,,49916,,,1,30,,49917,,,1,70,,49918,,,1
50200,'502-Weekday-4-26-02-1111100',627,,49926,,,1,30,,49919,,,1,70,,49920,,,1,30,,49921,,,1,70,,49922,,,1,30,,49923,,,1,70,,49924,,,1,527,,49925,,,1,70,,49927,,,1,30,,49928,,,1,70,,49929,,,1,30,,49930,,,1,70,,49931,,,1
50200,'502-Weekday-5-26-02-1111100',627,,49939,,,1,30,,49932,,,1,70,,49933,,,1,30,,49934,,,1,70,,49935,,,1,30,,49936,,,1,70,,49937,,,1,527,,49938,,,1,70,,49940,,,1,30,,49941,,,1,70,,49942,,,1,30,,49943,,,1,70,,49944,,,1
50200,'502-Weekday-6-26-02-1111100',627,,49952,,,1,30,,49945,,,1,70,,49946,,,1,30,,49947,,,1,70,,49948,,,1,30,,49949,,,1,70,,49950,,,1,527,,49951,,,1,70,,49953,,,1,30,,49954,,,1,70,,49955,,,1,30,,49956,,,1,70,,49957,,,1
50200,'502-Weekday-7-26-02-1111100',627,,49965,,,1,30,,49958,,,1,70,,49959,,,1,30,,49960,,,1,70,,49961,,,1,30,,49962,,,1,70,,49963,,,1,527,,49964,,,1,70,,49966,,,1,30,,49967,,,1,70,,49968,,,1,30,,49969,,,1,70,,49970,,,1
50200,'502-Weekday-8-26-02-1111100',627,,49978,,,1,30,,49971,,,1,70,,49972,,,1,30,,49973,,,1,70,,49974,,,1,30,,49975,,,1,70,,49976,,,1,527,,49977,,,1,70,,49979,,,1,30,,49980,,,1,70,,49981,,,1,30,,49982,,,1,70,,49983,,,1
50200,'502-Weekday-9-26-02-1111100',627,,49991,,,1,30,,49984,,,1,70,,49985,,,1,30,,49986,,,1,70,,49987,,,1,30,,49988,,,1,70,,49989,,,1,527,,49990,,,1,70,,49992,,,1,30,,49993,,,1,70,,49994,,,1,30,,49995,,,1,70,,49996,,,1
65500,'655-Weekday-1-26-02-1111100',816,,10132,,,1
65500,'655-Weekday-2-26-02-1111100',816,,62189,,,1
65500,'655-Weekday-4-26-02-1111100',816,,62190,,,1
65500,'655-Weekday-5-26-02-1111100',816,,62191,,,1
