11401,'114-Weekday-1-26-04-1111100',528,,115258,18,,,1,30,,115259,18,,,1,70,,115260,18,,,1,19,,115261,18,,,1,12,,115262,18,,,1,52,,115263,18,,,1,12,,115264,18,,,1,12,,115266,18,,,1,12,,115265,18,,,1,12,,115267,18,,,1,46,,115322,18,0,14,1,6,,115268,18,,,1,12,,115269,18,,,1,12,,115270,18,,,1,11,,115323,18,0,14,1,5,,115320,18,,,1,8,,115324,18,0,14,1,47,,115315,18,,,1,15,,115316,18,,,1,15,,115317,18,,,1,15,,115318,18,,,1,55,,115285,18,,,1,15,,115284,18,,,1,15,,115283,18,,,1,15,,115281,18,,,1,55,,115282,18,,,1,15,,115289,18,,,1,15,,115288,18,,,1,15,,115287,18,,,1,55,,115286,18,,,1,15,,115314,18,,,1,15,,115271,18,,,1,15,,115272,18,,,1,55,,115273,18,,,1,15,,115274,18,,,1,15,,115275,18,,,1,15,,115276,18,,,1,55,,115277,18,,,1,15,,115278,18,,,1,15,,115279,18,,,1,12,,115313,18,,,1,52,,115312,18,,,1,13,,115311,18,,,1,13,,115310,18,,,1,12,,115309,18,,,1,9,,115321,18,0,14,1,3,,115308,18,,,1,52,,115307,18,,,1,12,,115306,18,,,1,12,,115305,18,,,1,12,,115304,18,,,1,12,,115303,18,,,1,52,,115302,18,,,1,12,,115301,18,,,1,12,,115280,18,,,1,12,,115319,18,,,1,18,,115300,18,,,1,70,,115299,18,,,1,29,,115298,18,,,1,70,,115297,18,,,1,30,,115296,18,,,1,70,,115295,18,,,1,30,,115294,18,,,1,70,,115293,18,,,1,30,,115292,18,,,1,97,,115291,18,,,1,100,,115290,18,,,1
11401,'114-Weekday-2-26-04-1111100',528,,137314,18,,,1,30,,137315,18,,,1,70,,137316,18,,,1,19,,137317,18,,,1,12,,137318,18,,,1,52,,137319,18,,,1,12,,137320,18,,,1,12,,137322,18,,,1,12,,137321,18,,,1,12,,137323,18,,,1,46,,137378,18,0,14,1,6,,137324,18,,,1,12,,137325,18,,,1,12,,137326,18,,,1,11,,137379,18,0,14,1,5,,137376,18,,,1,8,,137380,18,0,14,1,47,,137371,18,,,1,15,,137372,18,,,1,15,,137373,18,,,1,15,,137374,18,,,1,55,,137341,18,,,1,15,,137340,18,,,1,15,,137339,18,,,1,15,,137337,18,,,1,55,,137338,18,,,1,15,,137345,18,,,1,15,,137344,18,,,1,15,,137343,18,,,1,55,,137342,18,,,1,15,,137370,18,,,1,15,,137327,18,,,1,15,,137328,18,,,1,55,,137329,18,,,1,15,,137330,18,,,1,15,,137331,18,,,1,15,,137332,18,,,1,55,,137333,18,,,1,15,,137334,18,,,1,15,,137335,18,,,1,12,,137369,18,,,1,52,,137368,18,,,1,13,,137367,18,,,1,13,,137366,18,,,1,12,,137365,18,,,1,9,,137377,18,0,14,1,3,,137364,18,,,1,52,,137363,18,,,1,12,,137362,18,,,1,12,,137361,18,,,1,12,,137360,18,,,1,12,,137359,18,,,1,52,,137358,18,,,1,12,,137357,18,,,1,12,,137336,18,,,1,12,,137375,18,,,1,18,,137356,18,,,1,70,,137355,18,,,1,29,,137354,18,,,1,70,,137353,18,,,1,30,,137352,18,,,1,70,,137351,18,,,1,30,,137350,18,,,1,70,,137349,18,,,1,30,,137348,18,,,1,97,,137347,18,,,1,100,,137346,18,,,1
11401,'114-Weekday-3-26-04-1111100',528,,137381,18,,,1,30,,137382,18,,,1,70,,137383,18,,,1,19,,137384,18,,,1,12,,137385,18,,,1,52,,137386,18,,,1,12,,137387,18,,,1,12,,137389,18,,,1,12,,137388,18,,,1,12,,137390,18,,,1,46,,137445,18,0,14,1,6,,137391,18,,,1,12,,137392,18,,,1,12,,137393,18,,,1,11,,137446,18,0,14,1,5,,137443,18,,,1,8,,137447,18,0,14,1,47,,137438,18,,,1,15,,137439,18,,,1,15,,137440,18,,,1,15,,137441,18,,,1,55,,137408,18,,,1,15,,137407,18,,,1,15,,137406,18,,,1,15,,137404,18,,,1,55,,137405,18,,,1,15,,137412,18,,,1,15,,137411,18,,,1,15,,137410,18,,,1,55,,137409,18,,,1,15,,137437,18,,,1,15,,137394,18,,,1,15,,137395,18,,,1,55,,137396,18,,,1,15,,137397,18,,,1,15,,137398,18,,,1,15,,137399,18,,,1,55,,137400,18,,,1,15,,137401,18,,,1,15,,137402,18,,,1,12,,137436,18,,,1,52,,137435,18,,,1,13,,137434,18,,,1,13,,137433,18,,,1,12,,137432,18,,,1,9,,137444,18,0,14,1,3,,137431,18,,,1,52,,137430,18,,,1,12,,137429,18,,,1,12,,137428,18,,,1,12,,137427,18,,,1,12,,137426,18,,,1,52,,137425,18,,,1,12,,137424,18,,,1,12,,137403,18,,,1,12,,137442,18,,,1,18,,137423,18,,,1,70,,137422,18,,,1,29,,137421,18,,,1,70,,137420,18,,,1,30,,137419,18,,,1,70,,137418,18,,,1,30,,137417,18,,,1,70,,137416,18,,,1,30,,137415,18,,,1,97,,137414,18,,,1,100,,137413,18,,,1
11401,'114-Saturday-1-26-04-0000010',625,,115325,18,,,1,100,,115326,18,,,1,95,,115327,18,,,1,20,,115328,18,,,1,60,,115329,18,,,1,21,,115330,18,,,1,20,,115331,18,,,1,60,,115332,18,,,1,20,,115333,18,,,1,20,,115334,18,,,1,60,,115335,18,,,1,20,,115336,18,,,1,20,,115337,18,,,1,60,,115338,18,,,1,20,,115339,18,,,1,20,,115340,18,,,1,60,,115341,18,,,1,20,,115342,18,,,1,20,,115343,18,,,1,60,,115344,18,,,1,20,,115345,18,,,1,20,,115346,18,,,1,60,,115347,18,,,1,20,,115348,18,,,1,20,,115349,18,,,1,60,,115350,18,,,1,20,,115351,18,,,1,20,,115352,18,,,1,60,,115353,18,,,1,19,,115354,18,,,1,20,,115355,18,,,1,60,,115356,18,,,1,20,,115357,18,,,1,20,,115358,18,,,1,60,,115359,18,,,1,27,,115360,18,,,1,30,,115361,18,,,1,70,,115362,18,,,1,30,,115363,18,,,1,70,,115364,18,,,1,30,,115365,18,,,1,100,,115366,18,,,1,100,,115367,18,,,1
11401,'114-Sunday-1-26-04-0000001',628,,115400,18,,,1,100,,115401,18,,,1,100,,115402,18,,,1,101,,115403,18,,,1,100,,115396,18,,,1,20,,115405,18,,,1,60,,115406,18,,,1,20,,115372,18,,,1,20,,115373,18,,,1,60,,115374,18,,,1,20,,115384,18,,,1,20,,115385,18,,,1,60,,115386,18,,,1,20,,115387,18,,,1,20,,115388,18,,,1,60,,115389,18,,,1,20,,115390,18,,,1,20,,115391,18,,,1,60,,115392,18,,,1,20,,115393,18,,,1,20,,115394,18,,,1,60,,115383,18,,,1,20,,115379,18,,,1,20,,115397,18,,,1,60,,115398,18,,,1,19,,115399,18,,,1,20,,115371,18,,,1,60,,115370,18,,,1,20,,115369,18,,,1,20,,115375,18,,,1,60,,115380,18,,,1,25,,115376,18,,,1,70,,115377,18,,,1,30,,115378,18,,,1,70,,115381,18,,,1,30,,115382,18,,,1,70,,115368,18,,,1,100,,115395,18,,,1,100,,115404,18,,,1
61000,'610-Weekday-1-26-04-0001000',1232,,120319,15,,,1,2,,120318,15,,,1,203,,120320,15,,,1,5,,120321,15,,,1
61000,'610-Weekday-1-26-04-1110100',1528,,120322,15,,,1,4,,120323,15,,,1,6,,120324,15,,,1,5,,120325,15,,,1
61000,'610-Weekday-2-26-04-1110100',1538,,141936,15,,,1,5,,141937,15,,,1
61000,'610-Weekday-3-26-04-0001000',1232,,141939,15,,,1,2,,141938,15,,,1
61000,'610-Weekday-3-26-04-1110100',1528,,141940,15,,,1,4,,141941,15,,,1
61100,'611-Weekday-1-26-04-0001000',1157,,120332,2,,,1,45,,120333,2,,,1
61100,'611-Weekday-1-26-04-1110100',1503,,120334,2,,,1,5,,120335,2,,,1
61100,'611-Weekday-3-26-04-0001000',1157,,141948,2,,,1,45,,141949,2,,,1
61100,'611-Weekday-3-26-04-1110100',1503,,141950,2,,,1,5,,141951,2,,,1
