11700,'117-Weekday-1-26-02-1111100',536,,6349,,,1,70,,6350,,,1,31,,6382,,,1,20,,6383,,,1,60,,6384,,,1,20,,6385,,,1,20,,6386,,,1,60,,6351,,,1,30,,6352,,,1,69,,6353,,,1,30,,6354,,,1,70,,6355,,,1,30,,6356,,,1,70,,6357,,,1,30,,6358,,,1,70,,6359,,,1,30,,6360,,,1,70,,6361,,,1,30,,6362,,,1,70,,6363,,,1,30,,6364,,,1,61,,6365,,,1,20,,6366,,,1,20,,6367,,,1,60,,6368,,,1,20,,6369,,,1,20,,6370,,,1,60,,6371,,,1,30,,6372,,,1,70,,6373,,,1,29,,6374,,,1,70,,6375,,,1,30,,6376,,,1,70,,6377,,,1,30,,6378,,,1,70,,6379,,,1,30,,6380,,,1,70,,6381,,,1
11700,'117-Weekday-2-26-02-1111100',536,,45166,,,1,70,,45167,,,1,31,,45199,,,1,20,,45200,,,1,60,,45201,,,1,20,,45202,,,1,20,,45203,,,1,60,,45168,,,1,30,,45169,,,1,69,,45170,,,1,30,,45171,,,1,70,,45172,,,1,30,,45173,,,1,70,,45174,,,1,30,,45175,,,1,70,,45176,,,1,30,,45177,,,1,70,,45178,,,1,30,,45179,,,1,70,,45180,,,1,30,,45181,,,1,61,,45182,,,1,20,,45183,,,1,20,,45184,,,1,60,,45185,,,1,20,,45186,,,1,20,,45187,,,1,60,,45188,,,1,30,,45189,,,1,70,,45190,,,1,29,,45191,,,1,70,,45192,,,1,30,,45193,,,1,70,,45194,,,1,30,,45195,,,1,70,,45196,,,1,30,,45197,,,1,70,,45198,,,1
11700,'117-Weekday-4-26-02-1111100',536,,45204,,,1,70,,45205,,,1,31,,45237,,,1,20,,45238,,,1,60,,45239,,,1,20,,45240,,,1,20,,45241,,,1,60,,45206,,,1,30,,45207,,,1,69,,45208,,,1,30,,45209,,,1,70,,45210,,,1,30,,45211,,,1,70,,45212,,,1,30,,45213,,,1,70,,45214,,,1,30,,45215,,,1,70,,45216,,,1,30,,45217,,,1,70,,45218,,,1,30,,45219,,,1,61,,45220,,,1,20,,45221,,,1,20,,45222,,,1,60,,45223,,,1,20,,45224,,,1,20,,45225,,,1,60,,45226,,,1,30,,45227,,,1,70,,45228,,,1,29,,45229,,,1,70,,45230,,,1,30,,45231,,,1,70,,45232,,,1,30,,45233,,,1,70,,45234,,,1,30,,45235,,,1,70,,45236,,,1
11700,'117-Weekday-5-26-02-1111100',536,,45242,,,1,70,,45243,,,1,31,,45275,,,1,20,,45276,,,1,60,,45277,,,1,20,,45278,,,1,20,,45279,,,1,60,,45244,,,1,30,,45245,,,1,69,,45246,,,1,30,,45247,,,1,70,,45248,,,1,30,,45249,,,1,70,,45250,,,1,30,,45251,,,1,70,,45252,,,1,30,,45253,,,1,70,,45254,,,1,30,,45255,,,1,70,,45256,,,1,30,,45257,,,1,61,,45258,,,1,20,,45259,,,1,20,,45260,,,1,60,,45261,,,1,20,,45262,,,1,20,,45263,,,1,60,,45264,,,1,30,,45265,,,1,70,,45266,,,1,29,,45267,,,1,70,,45268,,,1,30,,45269,,,1,70,,45270,,,1,30,,45271,,,1,70,,45272,,,1,30,,45273,,,1,70,,45274,,,1
11700,'117-Weekday-6-26-02-1111100',536,,45280,,,1,70,,45281,,,1,31,,45313,,,1,20,,45314,,,1,60,,45315,,,1,20,,45316,,,1,20,,45317,,,1,60,,45282,,,1,30,,45283,,,1,69,,45284,,,1,30,,45285,,,1,70,,45286,,,1,30,,45287,,,1,70,,45288,,,1,30,,45289,,,1,70,,45290,,,1,30,,45291,,,1,70,,45292,,,1,30,,45293,,,1,70,,45294,,,1,30,,45295,,,1,61,,45296,,,1,20,,45297,,,1,20,,45298,,,1,60,,45299,,,1,20,,45300,,,1,20,,45301,,,1,60,,45302,,,1,30,,45303,,,1,70,,45304,,,1,29,,45305,,,1,70,,45306,,,1,30,,45307,,,1,70,,45308,,,1,30,,45309,,,1,70,,45310,,,1,30,,45311,,,1,70,,45312,,,1
11700,'117-Weekday-7-26-02-1111100',536,,45318,,,1,70,,45319,,,1,31,,45351,,,1,20,,45352,,,1,60,,45353,,,1,20,,45354,,,1,20,,45355,,,1,60,,45320,,,1,30,,45321,,,1,69,,45322,,,1,30,,45323,,,1,70,,45324,,,1,30,,45325,,,1,70,,45326,,,1,30,,45327,,,1,70,,45328,,,1,30,,45329,,,1,70,,45330,,,1,30,,45331,,,1,70,,45332,,,1,30,,45333,,,1,61,,45334,,,1,20,,45335,,,1,20,,45336,,,1,60,,45337,,,1,20,,45338,,,1,20,,45339,,,1,60,,45340,,,1,30,,45341,,,1,70,,45342,,,1,29,,45343,,,1,70,,45344,,,1,30,,45345,,,1,70,,45346,,,1,30,,45347,,,1,70,,45348,,,1,30,,45349,,,1,70,,45350,,,1
11700,'117-Weekday-8-26-02-1111100',536,,45356,,,1,70,,45357,,,1,31,,45389,,,1,20,,45390,,,1,60,,45391,,,1,20,,45392,,,1,20,,45393,,,1,60,,45358,,,1,30,,45359,,,1,69,,45360,,,1,30,,45361,,,1,70,,45362,,,1,30,,45363,,,1,70,,45364,,,1,30,,45365,,,1,70,,45366,,,1,30,,45367,,,1,70,,45368,,,1,30,,45369,,,1,70,,45370,,,1,30,,45371,,,1,61,,45372,,,1,20,,45373,,,1,20,,45374,,,1,60,,45375,,,1,20,,45376,,,1,20,,45377,,,1,60,,45378,,,1,30,,45379,,,1,70,,45380,,,1,29,,45381,,,1,70,,45382,,,1,30,,45383,,,1,70,,45384,,,1,30,,45385,,,1,70,,45386,,,1,30,,45387,,,1,70,,45388,,,1
11700,'117-Weekday-9-26-02-1111100',536,,45394,,,1,70,,45395,,,1,31,,45427,,,1,20,,45428,,,1,60,,45429,,,1,20,,45430,,,1,20,,45431,,,1,60,,45396,,,1,30,,45397,,,1,69,,45398,,,1,30,,45399,,,1,70,,45400,,,1,30,,45401,,,1,70,,45402,,,1,30,,45403,,,1,70,,45404,,,1,30,,45405,,,1,70,,45406,,,1,30,,45407,,,1,70,,45408,,,1,30,,45409,,,1,61,,45410,,,1,20,,45411,,,1,20,,45412,,,1,60,,45413,,,1,20,,45414,,,1,20,,45415,,,1,60,,45416,,,1,30,,45417,,,1,70,,45418,,,1,29,,45419,,,1,70,,45420,,,1,30,,45421,,,1,70,,45422,,,1,30,,45423,,,1,70,,45424,,,1,30,,45425,,,1,70,,45426,,,1
11700,'117-Saturday-1-26-02-0000010',551,,6387,,,1,100,,6388,,,1,100,,6389,,,1,85,,6390,,,1,70,,6417,,,1,30,,6408,,,1,70,,6409,,,1,30,,6410,,,1,70,,6411,,,1,30,,6412,,,1,70,,6413,,,1,30,,6414,,,1,70,,6415,,,1,30,,6416,,,1,70,,6407,,,1,30,,6392,,,1,70,,6393,,,1,30,,6394,,,1,70,,6395,,,1,30,,6396,,,1,70,,6397,,,1,30,,6398,,,1,70,,6399,,,1,30,,6400,,,1,70,,6401,,,1,30,,6402,,,1,70,,6403,,,1,30,,6404,,,1,70,,6405,,,1,30,,6406,,,1,70,,6391,,,1
11700,'117-Sunday-1-26-02-0000001',613,,45432,,,1,100,,45433,,,1,100,,45434,,,1,100,,45435,,,1,100,,45436,,,1,30,,45437,,,1,70,,45438,,,1,30,,45439,,,1,70,,45440,,,1,30,,45441,,,1,70,,45442,,,1,30,,45443,,,1,70,,45444,,,1,30,,45445,,,1,70,,45446,,,1,30,,45447,,,1,70,,45448,,,1,30,,45449,,,1,70,,45450,,,1,30,,45451,,,1,70,,45452,,,1,30,,45453,,,1,100,,45454,,,1,100,,45455,,,1
11800,'118-Weekday-1-26-02-1111100',503,,6487,,,1,30,,6488,,,1,70,,6489,,,1,31,,6490,,,1,15,,6491,,,1,55,,6524,,,1,15,,6492,,,1,15,,6493,,,1,15,,6494,,,1,55,,6525,,,1,15,,6495,,,1,15,,6496,,,1,70,,6497,,,1,30,,6498,,,1,70,,6499,,,1,30,,6500,,,1,70,,6501,,,1,30,,6502,,,1,70,,6503,,,1,30,,6504,,,1,70,,6505,,,1,30,,6506,,,1,70,,6507,,,1,30,,6508,,,1,71,,6509,,,1,30,,6510,,,1,20,,6511,,,1,60,,6526,,,1,20,,6512,,,1,20,,6513,,,1,60,,6527,,,1,20,,6514,,,1,70,,6515,,,1,29,,6516,,,1,70,,6517,,,1,30,,6518,,,1,70,,6519,,,1,30,,6520,,,1,70,,6521,,,1,30,,6522,,,1,70,,6523,,,1
11800,'118-Weekday-2-26-02-1111100',503,,45754,,,1,30,,45755,,,1,70,,45756,,,1,31,,45757,,,1,15,,45758,,,1,55,,45791,,,1,15,,45759,,,1,15,,45760,,,1,15,,45761,,,1,55,,45792,,,1,15,,45762,,,1,15,,45763,,,1,70,,45764,,,1,30,,45765,,,1,70,,45766,,,1,30,,45767,,,1,70,,45768,,,1,30,,45769,,,1,70,,45770,,,1,30,,45771,,,1,70,,45772,,,1,30,,45773,,,1,70,,45774,,,1,30,,45775,,,1,71,,45776,,,1,30,,45777,,,1,20,,45778,,,1,60,,45793,,,1,20,,45779,,,1,20,,45780,,,1,60,,45794,,,1,20,,45781,,,1,70,,45782,,,1,29,,45783,,,1,70,,45784,,,1,30,,45785,,,1,70,,45786,,,1,30,,45787,,,1,70,,45788,,,1,30,,45789,,,1,70,,45790,,,1
11800,'118-Weekday-4-26-02-1111100',503,,45795,,,1,30,,45796,,,1,70,,45797,,,1,31,,45798,,,1,15,,45799,,,1,55,,45832,,,1,15,,45800,,,1,15,,45801,,,1,15,,45802,,,1,55,,45833,,,1,15,,45803,,,1,15,,45804,,,1,70,,45805,,,1,30,,45806,,,1,70,,45807,,,1,30,,45808,,,1,70,,45809,,,1,30,,45810,,,1,70,,45811,,,1,30,,45812,,,1,70,,45813,,,1,30,,45814,,,1,70,,45815,,,1,30,,45816,,,1,71,,45817,,,1,30,,45818,,,1,20,,45819,,,1,60,,45834,,,1,20,,45820,,,1,20,,45821,,,1,60,,45835,,,1,20,,45822,,,1,70,,45823,,,1,29,,45824,,,1,70,,45825,,,1,30,,45826,,,1,70,,45827,,,1,30,,45828,,,1,70,,45829,,,1,30,,45830,,,1,70,,45831,,,1
11800,'118-Weekday-5-26-02-1111100',503,,45836,,,1,30,,45837,,,1,70,,45838,,,1,31,,45839,,,1,15,,45840,,,1,55,,45873,,,1,15,,45841,,,1,15,,45842,,,1,15,,45843,,,1,55,,45874,,,1,15,,45844,,,1,15,,45845,,,1,70,,45846,,,1,30,,45847,,,1,70,,45848,,,1,30,,45849,,,1,70,,45850,,,1,30,,45851,,,1,70,,45852,,,1,30,,45853,,,1,70,,45854,,,1,30,,45855,,,1,70,,45856,,,1,30,,45857,,,1,71,,45858,,,1,30,,45859,,,1,20,,45860,,,1,60,,45875,,,1,20,,45861,,,1,20,,45862,,,1,60,,45876,,,1,20,,45863,,,1,70,,45864,,,1,29,,45865,,,1,70,,45866,,,1,30,,45867,,,1,70,,45868,,,1,30,,45869,,,1,70,,45870,,,1,30,,45871,,,1,70,,45872,,,1
11800,'118-Weekday-6-26-02-1111100',503,,45877,,,1,30,,45878,,,1,70,,45879,,,1,31,,45880,,,1,15,,45881,,,1,55,,45914,,,1,15,,45882,,,1,15,,45883,,,1,15,,45884,,,1,55,,45915,,,1,15,,45885,,,1,15,,45886,,,1,70,,45887,,,1,30,,45888,,,1,70,,45889,,,1,30,,45890,,,1,70,,45891,,,1,30,,45892,,,1,70,,45893,,,1,30,,45894,,,1,70,,45895,,,1,30,,45896,,,1,70,,45897,,,1,30,,45898,,,1,71,,45899,,,1,30,,45900,,,1,20,,45901,,,1,60,,45916,,,1,20,,45902,,,1,20,,45903,,,1,60,,45917,,,1,20,,45904,,,1,70,,45905,,,1,29,,45906,,,1,70,,45907,,,1,30,,45908,,,1,70,,45909,,,1,30,,45910,,,1,70,,45911,,,1,30,,45912,,,1,70,,45913,,,1
11800,'118-Weekday-7-26-02-1111100',503,,45918,,,1,30,,45919,,,1,70,,45920,,,1,31,,45921,,,1,15,,45922,,,1,55,,45955,,,1,15,,45923,,,1,15,,45924,,,1,15,,45925,,,1,55,,45956,,,1,15,,45926,,,1,15,,45927,,,1,70,,45928,,,1,30,,45929,,,1,70,,45930,,,1,30,,45931,,,1,70,,45932,,,1,30,,45933,,,1,70,,45934,,,1,30,,45935,,,1,70,,45936,,,1,30,,45937,,,1,70,,45938,,,1,30,,45939,,,1,71,,45940,,,1,30,,45941,,,1,20,,45942,,,1,60,,45957,,,1,20,,45943,,,1,20,,45944,,,1,60,,45958,,,1,20,,45945,,,1,70,,45946,,,1,29,,45947,,,1,70,,45948,,,1,30,,45949,,,1,70,,45950,,,1,30,,45951,,,1,70,,45952,,,1,30,,45953,,,1,70,,45954,,,1
11800,'118-Weekday-8-26-02-1111100',503,,45959,,,1,30,,45960,,,1,70,,45961,,,1,31,,45962,,,1,15,,45963,,,1,55,,45996,,,1,15,,45964,,,1,15,,45965,,,1,15,,45966,,,1,55,,45997,,,1,15,,45967,,,1,15,,45968,,,1,70,,45969,,,1,30,,45970,,,1,70,,45971,,,1,30,,45972,,,1,70,,45973,,,1,30,,45974,,,1,70,,45975,,,1,30,,45976,,,1,70,,45977,,,1,30,,45978,,,1,70,,45979,,,1,30,,45980,,,1,71,,45981,,,1,30,,45982,,,1,20,,45983,,,1,60,,45998,,,1,20,,45984,,,1,20,,45985,,,1,60,,45999,,,1,20,,45986,,,1,70,,45987,,,1,29,,45988,,,1,70,,45989,,,1,30,,45990,,,1,70,,45991,,,1,30,,45992,,,1,70,,45993,,,1,30,,45994,,,1,70,,45995,,,1
11800,'118-Weekday-9-26-02-1111100',503,,46000,,,1,30,,46001,,,1,70,,46002,,,1,31,,46003,,,1,15,,46004,,,1,55,,46037,,,1,15,,46005,,,1,15,,46006,,,1,15,,46007,,,1,55,,46038,,,1,15,,46008,,,1,15,,46009,,,1,70,,46010,,,1,30,,46011,,,1,70,,46012,,,1,30,,46013,,,1,70,,46014,,,1,30,,46015,,,1,70,,46016,,,1,30,,46017,,,1,70,,46018,,,1,30,,46019,,,1,70,,46020,,,1,30,,46021,,,1,71,,46022,,,1,30,,46023,,,1,20,,46024,,,1,60,,46039,,,1,20,,46025,,,1,20,,46026,,,1,60,,46040,,,1,20,,46027,,,1,70,,46028,,,1,29,,46029,,,1,70,,46030,,,1,30,,46031,,,1,70,,46032,,,1,30,,46033,,,1,70,,46034,,,1,30,,46035,,,1,70,,46036,,,1
11800,'118-Saturday-1-26-02-0000010',621,,6528,,,1,100,,6529,,,1,100,,6530,,,1,30,,6531,,,1,70,,6532,,,1,30,,6533,,,1,70,,6534,,,1,30,,6535,,,1,70,,6536,,,1,30,,6537,,,1,70,,6538,,,1,30,,6539,,,1,70,,6540,,,1,30,,6541,,,1,70,,6542,,,1,30,,6543,,,1,70,,6544,,,1,30,,6545,,,1,70,,6546,,,1,30,,6547,,,1,70,,6548,,,1,30,,6549,,,1,70,,6550,,,1,30,,6551,,,1,70,,6552,,,1
11800,'118-Sunday-1-26-02-0000001',643,,46061,,,1,100,,46041,,,1,100,,46042,,,1,101,,46043,,,1,100,,46044,,,1,85,,46045,,,1,30,,46046,,,1,70,,46047,,,1,30,,46048,,,1,70,,46049,,,1,30,,46050,,,1,70,,46051,,,1,30,,46052,,,1,70,,46053,,,1,30,,46054,,,1,70,,46055,,,1,30,,46056,,,1,69,,46057,,,1,30,,46058,,,1,70,,46059,,,1,30,,46060,,,1
61200,'612-Weekday-1-26-02-0001000',1232,,9956,,,1
61200,'612-Weekday-1-26-02-1110100',1530,,9957,,,1
61200,'612-Weekday-2-26-02-0001000',1232,,61621,,,1
61200,'612-Weekday-2-26-02-1110100',1530,,61622,,,1
61200,'612-Weekday-5-26-02-0000100',1232,,61623,,,1
61200,'612-Weekday-5-26-02-1111000',1530,,61624,,,1
61200,'612-Weekday-6-26-02-1110100',1530,,61625,,,1
61200,'612-Weekday-8-26-02-1110100',1530,,61626,,,1
