11201,'112-Weekday-1-26-09-1111100',557,,217425,17,,,1,71,,217426,17,,,1,31,,217455,17,,,1,60,,217462,17,,,1,20,,217445,17,,,1,20,,217446,17,,,1,45,,217461,17,,,1,15,,217442,17,,,1,20,,217459,17,,,1,69,,217458,17,,,1,19,,217427,17,,,1,30,,217428,17,,,1,70,,217447,17,,,1,30,,217448,17,,,1,70,,217449,17,,,1,30,,217450,17,,,1,70,,217451,17,,,1,30,,217452,17,,,1,70,,217453,17,,,1,30,,217454,17,,,1,70,,217444,17,,,1,31,,217443,17,,,1,70,,217429,17,,,1,20,,217430,17,,,1,60,,217456,17,,,1,20,,217431,17,,,1,20,,217432,17,,,1,60,,217457,17,,,1,12,,217441,17,,,1,20,,217460,17,,,1,60,,217433,17,,,1,29,,217434,17,,,1,29,,217435,17,,,1,69,,217436,17,,,1,30,,217437,17,,,1,70,,217438,17,,,1,30,,217439,17,,,1,70,,217440,17,,,1
11201,'112-Weekday-2-26-09-1111100',557,,217463,17,,,1,71,,217464,17,,,1,31,,217493,17,,,1,60,,217499,17,,,1,20,,217483,17,,,1,20,,217484,17,,,1,60,,217480,17,,,1,20,,217497,17,,,1,69,,217496,17,,,1,19,,217465,17,,,1,30,,217466,17,,,1,70,,217485,17,,,1,30,,217486,17,,,1,70,,217487,17,,,1,30,,217488,17,,,1,70,,217489,17,,,1,30,,217490,17,,,1,70,,217491,17,,,1,30,,217492,17,,,1,70,,217482,17,,,1,31,,217481,17,,,1,70,,217467,17,,,1,20,,217468,17,,,1,60,,217494,17,,,1,20,,217469,17,,,1,20,,217470,17,,,1,60,,217495,17,,,1,12,,217479,17,,,1,20,,217498,17,,,1,60,,217471,17,,,1,29,,217472,17,,,1,29,,217473,17,,,1,69,,217474,17,,,1,30,,217475,17,,,1,70,,217476,17,,,1,30,,217477,17,,,1,70,,217478,17,,,1
11201,'112-Weekday-4-26-09-1111100',557,,217500,17,,,1,71,,217501,17,,,1,31,,217530,17,,,1,60,,217536,17,,,1,20,,217520,17,,,1,20,,217521,17,,,1,60,,217517,17,,,1,20,,217534,17,,,1,69,,217533,17,,,1,19,,217502,17,,,1,30,,217503,17,,,1,70,,217522,17,,,1,30,,217523,17,,,1,70,,217524,17,,,1,30,,217525,17,,,1,70,,217526,17,,,1,30,,217527,17,,,1,70,,217528,17,,,1,30,,217529,17,,,1,70,,217519,17,,,1,31,,217518,17,,,1,70,,217504,17,,,1,20,,217505,17,,,1,60,,217531,17,,,1,20,,217506,17,,,1,20,,217507,17,,,1,60,,217532,17,,,1,12,,217516,17,,,1,20,,217535,17,,,1,60,,217508,17,,,1,29,,217509,17,,,1,29,,217510,17,,,1,69,,217511,17,,,1,30,,217512,17,,,1,70,,217513,17,,,1,30,,217514,17,,,1,70,,217515,17,,,1
11201,'112-Saturday-1-26-09-0000010',806,,217537,17,,,1,30,,217538,17,,,1,70,,217539,17,,,1,30,,217540,17,,,1,70,,217541,17,,,1,30,,217542,17,,,1,70,,217543,17,,,1,30,,217544,17,,,1,70,,217545,17,,,1,30,,217546,17,,,1,70,,217547,17,,,1,30,,217548,17,,,1,70,,217549,17,,,1,30,,217550,17,,,1,70,,217551,17,,,1,30,,217552,17,,,1,70,,217553,17,,,1,30,,217554,17,,,1,70,,217555,17,,,1,30,,217556,17,,,1,70,,217557,17,,,1,30,,217558,17,,,1,70,,217559,17,,,1
11201,'112-Sunday-1-26-09-0000001',1010,,217560,17,,,1,30,,217561,17,,,1,70,,217562,17,,,1,30,,217563,17,,,1,70,,217564,17,,,1,30,,217565,17,,,1,70,,217566,17,,,1,30,,217567,17,,,1,70,,217568,17,,,1,30,,217569,17,,,1,70,,217570,17,,,1,30,,217571,17,,,1,70,,217572,17,,,1,30,,217573,17,,,1,70,,217574,17,,,1,29,,217576,17,,,1,70,,217577,17,,,1,30,,217575,17,,,1
61301,'613-Weekday-1-26-09-0001000',1301,,227414,42,,,1,158,,227415,42,,,1
61301,'613-Weekday-1-26-09-1110100',1539,,227416,42,,,1,20,,227417,42,,,1
61301,'613-Weekday-3-26-09-1110100',1559,,227418,42,,,1
61800,'618-Weekday-1-26-09-0001000',1303,,227447,43,,,1
61800,'618-Weekday-1-26-09-1110100',1554,,227448,43,,,1
24015000,'150X-Weekday-1-26-09-1111100',1545,,245085,49,,,1,60,,245086,49,,,1,22,,245087,49,,,1,22,,245088,49,,,1,60,,245089,49,,,1,19,,245090,49,,,1,18,,245091,49,,,1,59,,245092,49,,,1,20,,245093,49,,,1
24015000,'150X-Weekday-2-26-09-1111100',1545,,245094,49,,,1,60,,245095,49,,,1,22,,245096,49,,,1,22,,245097,49,,,1,60,,245098,49,,,1,19,,245099,49,,,1,18,,245100,49,,,1,59,,245101,49,,,1,20,,245102,49,,,1
24015000,'150X-Weekday-4-26-09-1111100',1545,,245103,49,,,1,60,,245104,49,,,1,22,,245105,49,,,1,22,,245106,49,,,1,60,,245107,49,,,1,19,,245108,49,,,1,18,,245109,49,,,1,59,,245110,49,,,1,20,,245111,49,,,1
