91501,'915-Weekday-1-26-02-0001000',1235,,14973,,,1
91501,'915-Weekday-1-26-02-1111100',539,,14974,,,1,70,,14975,,,1,31,,14976,,,1,12,,14977,,,1,52,,14978,,,1,12,,15019,,,1,12,,14979,,,1,12,,14980,,,1,12,,14981,,,1,52,,14982,,,1,12,,15020,,,1,12,,14983,,,1,12,,14984,,,1,69,,14986,,,1,30,,14987,,,1,70,,14988,,,1,30,,14989,,,1,70,,14990,,,1,30,,14991,,,1,70,,14992,,,1,30,,14993,,,1,70,,14994,,,1,30,,14995,,,1,70,,14996,,,1,30,,14997,,,1,72,,14985,,,1,15,,14998,,,1,15,,14999,,,1,15,,15000,,,1,55,,15001,,,1,15,,15002,,,1,15,,15003,,,1,15,,15004,,,1,55,,15005,,,1,15,,15006,,,1,15,,15007,,,1,70,,15008,,,1,27,,15009,,,1,70,,15010,,,1,30,,15011,,,1,70,,15012,,,1,30,,15013,,,1,70,,15014,,,1,30,,15015,,,1,69,,15016,,,1,100,,15017,,,1,100,,15018,,,1
91501,'915-Weekday-2-26-02-0001000',1235,,84779,,,1
91501,'915-Weekday-2-26-02-1111100',539,,84780,,,1,70,,84781,,,1,31,,84782,,,1,12,,84783,,,1,52,,84784,,,1,12,,84825,,,1,12,,84785,,,1,12,,84786,,,1,12,,84787,,,1,52,,84788,,,1,12,,84826,,,1,12,,84789,,,1,12,,84790,,,1,69,,84792,,,1,30,,84793,,,1,70,,84794,,,1,30,,84795,,,1,70,,84796,,,1,30,,84797,,,1,70,,84798,,,1,30,,84799,,,1,70,,84800,,,1,30,,84801,,,1,70,,84802,,,1,30,,84803,,,1,72,,84791,,,1,15,,84804,,,1,15,,84805,,,1,15,,84806,,,1,55,,84807,,,1,15,,84808,,,1,15,,84809,,,1,15,,84810,,,1,55,,84811,,,1,15,,84812,,,1,15,,84813,,,1,70,,84814,,,1,27,,84815,,,1,70,,84816,,,1,30,,84817,,,1,70,,84818,,,1,30,,84819,,,1,70,,84820,,,1,30,,84821,,,1,69,,84822,,,1,100,,84823,,,1,100,,84824,,,1
91501,'915-Weekday-4-26-02-1111100',539,,84827,,,1,70,,84828,,,1,31,,84829,,,1,12,,84830,,,1,52,,84831,,,1,12,,84872,,,1,12,,84832,,,1,12,,84833,,,1,12,,84834,,,1,52,,84835,,,1,12,,84873,,,1,12,,84836,,,1,12,,84837,,,1,69,,84839,,,1,30,,84840,,,1,70,,84841,,,1,30,,84842,,,1,70,,84843,,,1,30,,84844,,,1,70,,84845,,,1,30,,84846,,,1,70,,84847,,,1,30,,84848,,,1,70,,84849,,,1,30,,84850,,,1,72,,84838,,,1,15,,84851,,,1,15,,84852,,,1,15,,84853,,,1,55,,84854,,,1,15,,84855,,,1,15,,84856,,,1,15,,84857,,,1,55,,84858,,,1,15,,84859,,,1,15,,84860,,,1,70,,84861,,,1,27,,84862,,,1,70,,84863,,,1,30,,84864,,,1,70,,84865,,,1,30,,84866,,,1,70,,84867,,,1,30,,84868,,,1,69,,84869,,,1,100,,84870,,,1,100,,84871,,,1
91501,'915-Weekday-5-26-02-0001000',1235,,84874,,,1
91501,'915-Weekday-5-26-02-1111100',539,,84875,,,1,70,,84876,,,1,31,,84877,,,1,12,,84878,,,1,52,,84879,,,1,12,,84920,,,1,12,,84880,,,1,12,,84881,,,1,12,,84882,,,1,52,,84883,,,1,12,,84921,,,1,12,,84884,,,1,12,,84885,,,1,69,,84887,,,1,30,,84888,,,1,70,,84889,,,1,30,,84890,,,1,70,,84891,,,1,30,,84892,,,1,70,,84893,,,1,30,,84894,,,1,70,,84895,,,1,30,,84896,,,1,70,,84897,,,1,30,,84898,,,1,72,,84886,,,1,15,,84899,,,1,15,,84900,,,1,15,,84901,,,1,55,,84902,,,1,15,,84903,,,1,15,,84904,,,1,15,,84905,,,1,55,,84906,,,1,15,,84907,,,1,15,,84908,,,1,70,,84909,,,1,27,,84910,,,1,70,,84911,,,1,30,,84912,,,1,70,,84913,,,1,30,,84914,,,1,70,,84915,,,1,30,,84916,,,1,69,,84917,,,1,100,,84918,,,1,100,,84919,,,1
91501,'915-Weekday-6-26-02-1111100',539,,84922,,,1,70,,84923,,,1,31,,84924,,,1,12,,84925,,,1,52,,84926,,,1,12,,84967,,,1,12,,84927,,,1,12,,84928,,,1,12,,84929,,,1,52,,84930,,,1,12,,84968,,,1,12,,84931,,,1,12,,84932,,,1,69,,84934,,,1,30,,84935,,,1,70,,84936,,,1,30,,84937,,,1,70,,84938,,,1,30,,84939,,,1,70,,84940,,,1,30,,84941,,,1,70,,84942,,,1,30,,84943,,,1,70,,84944,,,1,30,,84945,,,1,72,,84933,,,1,15,,84946,,,1,15,,84947,,,1,15,,84948,,,1,55,,84949,,,1,15,,84950,,,1,15,,84951,,,1,15,,84952,,,1,55,,84953,,,1,15,,84954,,,1,15,,84955,,,1,70,,84956,,,1,27,,84957,,,1,70,,84958,,,1,30,,84959,,,1,70,,84960,,,1,30,,84961,,,1,70,,84962,,,1,30,,84963,,,1,69,,84964,,,1,100,,84965,,,1,100,,84966,,,1
91501,'915-Weekday-7-26-02-1111100',539,,84969,,,1,70,,84970,,,1,31,,84971,,,1,12,,84972,,,1,52,,84973,,,1,12,,85014,,,1,12,,84974,,,1,12,,84975,,,1,12,,84976,,,1,52,,84977,,,1,12,,85015,,,1,12,,84978,,,1,12,,84979,,,1,69,,84981,,,1,30,,84982,,,1,70,,84983,,,1,30,,84984,,,1,70,,84985,,,1,30,,84986,,,1,70,,84987,,,1,30,,84988,,,1,70,,84989,,,1,30,,84990,,,1,70,,84991,,,1,30,,84992,,,1,72,,84980,,,1,15,,84993,,,1,15,,84994,,,1,15,,84995,,,1,55,,84996,,,1,15,,84997,,,1,15,,84998,,,1,15,,84999,,,1,55,,85000,,,1,15,,85001,,,1,15,,85002,,,1,70,,85003,,,1,27,,85004,,,1,70,,85005,,,1,30,,85006,,,1,70,,85007,,,1,30,,85008,,,1,70,,85009,,,1,30,,85010,,,1,69,,85011,,,1,100,,85012,,,1,100,,85013,,,1
91501,'915-Weekday-8-26-02-1111100',539,,85016,,,1,70,,85017,,,1,31,,85018,,,1,12,,85019,,,1,52,,85020,,,1,12,,85061,,,1,12,,85021,,,1,12,,85022,,,1,12,,85023,,,1,52,,85024,,,1,12,,85062,,,1,12,,85025,,,1,12,,85026,,,1,69,,85028,,,1,30,,85029,,,1,70,,85030,,,1,30,,85031,,,1,70,,85032,,,1,30,,85033,,,1,70,,85034,,,1,30,,85035,,,1,70,,85036,,,1,30,,85037,,,1,70,,85038,,,1,30,,85039,,,1,72,,85027,,,1,15,,85040,,,1,15,,85041,,,1,15,,85042,,,1,55,,85043,,,1,15,,85044,,,1,15,,85045,,,1,15,,85046,,,1,55,,85047,,,1,15,,85048,,,1,15,,85049,,,1,70,,85050,,,1,27,,85051,,,1,70,,85052,,,1,30,,85053,,,1,70,,85054,,,1,30,,85055,,,1,70,,85056,,,1,30,,85057,,,1,69,,85058,,,1,100,,85059,,,1,100,,85060,,,1
91501,'915-Weekday-9-26-02-1111100',539,,85063,,,1,70,,85064,,,1,31,,85065,,,1,12,,85066,,,1,52,,85067,,,1,12,,85108,,,1,12,,85068,,,1,12,,85069,,,1,12,,85070,,,1,52,,85071,,,1,12,,85109,,,1,12,,85072,,,1,12,,85073,,,1,69,,85075,,,1,30,,85076,,,1,70,,85077,,,1,30,,85078,,,1,70,,85079,,,1,30,,85080,,,1,70,,85081,,,1,30,,85082,,,1,70,,85083,,,1,30,,85084,,,1,70,,85085,,,1,30,,85086,,,1,72,,85074,,,1,15,,85087,,,1,15,,85088,,,1,15,,85089,,,1,55,,85090,,,1,15,,85091,,,1,15,,85092,,,1,15,,85093,,,1,55,,85094,,,1,15,,85095,,,1,15,,85096,,,1,70,,85097,,,1,27,,85098,,,1,70,,85099,,,1,30,,85100,,,1,70,,85101,,,1,30,,85102,,,1,70,,85103,,,1,30,,85104,,,1,69,,85105,,,1,100,,85106,,,1,100,,85107,,,1
91501,'915-Saturday-1-26-02-0000010',614,,15021,,,1,100,,15022,,,1,100,,15023,,,1,30,,15024,,,1,74,,15025,,,1,33,,15026,,,1,70,,15027,,,1,30,,15028,,,1,70,,15029,,,1,30,,15030,,,1,70,,15031,,,1,30,,15032,,,1,70,,15033,,,1,30,,15034,,,1,70,,15035,,,1,30,,15036,,,1,70,,15037,,,1,30,,15038,,,1,70,,15039,,,1,30,,15040,,,1,68,,15041,,,1,29,,15042,,,1,70,,15043,,,1,30,,15044,,,1,70,,15045,,,1,30,,15046,,,1,70,,15047,,,1,30,,15048,,,1,70,,15049,,,1,30,,15050,,,1,70,,15051,,,1,100,,15052,,,1,100,,15053,,,1
91501,'915-Sunday-1-26-02-0000001',605,,85110,,,1,100,,85111,,,1,100,,85112,,,1,97,,85138,,,1,101,,85113,,,1,53,,85115,,,1,70,,85116,,,1,30,,85117,,,1,70,,85118,,,1,30,,85119,,,1,70,,85120,,,1,30,,85121,,,1,70,,85122,,,1,30,,85123,,,1,70,,85124,,,1,30,,85125,,,1,70,,85126,,,1,30,,85127,,,1,69,,85128,,,1,30,,85129,,,1,70,,85130,,,1,30,,85131,,,1,70,,85132,,,1,30,,85133,,,1,70,,85134,,,1,30,,85135,,,1,70,,85136,,,1,81,,85137,,,1,100,,85114,,,1,100,,85139,,,1
92501,'925-Weekday-1-26-02-1111100',853,,16211,,,1,101,,16212,,,1,100,,16213,,,1,100,,16214,,,1,100,,16215,,,1,100,,16216,,,1,100,,16217,,,1,100,,16218,,,1
92501,'925-Weekday-2-26-02-1111100',853,,90597,,,1,101,,90598,,,1,100,,90599,,,1,100,,90600,,,1,100,,90601,,,1,100,,90602,,,1,100,,90603,,,1,100,,90604,,,1
92501,'925-Weekday-4-26-02-1111100',853,,90605,,,1,101,,90606,,,1,100,,90607,,,1,100,,90608,,,1,100,,90609,,,1,100,,90610,,,1,100,,90611,,,1,100,,90612,,,1
92501,'925-Weekday-5-26-02-1111100',853,,90613,,,1,101,,90614,,,1,100,,90615,,,1,100,,90616,,,1,100,,90617,,,1,100,,90618,,,1,100,,90619,,,1,100,,90620,,,1
92501,'925-Weekday-6-26-02-1111100',853,,90621,,,1,101,,90622,,,1,100,,90623,,,1,100,,90624,,,1,100,,90625,,,1,100,,90626,,,1,100,,90627,,,1,100,,90628,,,1
92501,'925-Weekday-7-26-02-1111100',853,,90629,,,1,101,,90630,,,1,100,,90631,,,1,100,,90632,,,1,100,,90633,,,1,100,,90634,,,1,100,,90635,,,1,100,,90636,,,1
92501,'925-Weekday-8-26-02-1111100',853,,90637,,,1,101,,90638,,,1,100,,90639,,,1,100,,90640,,,1,100,,90641,,,1,100,,90642,,,1,100,,90643,,,1,100,,90644,,,1
92501,'925-Weekday-9-26-02-1111100',853,,90645,,,1,101,,90646,,,1,100,,90647,,,1,100,,90648,,,1,100,,90649,,,1,100,,90650,,,1,100,,90651,,,1,100,,90652,,,1
