50800,'508-Weekday-1-26-09-1111100',544,,222691,19,,,1,70,,222692,19,,,1,34,,222696,19,,,1,70,,222718,19,,,1,25,,222693,19,,,1,60,,222715,19,,,1,20,,222694,19,,,1,20,,222695,19,,,1,57,,222726,19,,,1,30,,222697,19,,,1,70,,222698,19,,,1,30,,222699,19,,,1,70,,222700,19,,,1,30,,222701,19,,,1,70,,222702,19,,,1,30,,222703,19,,,1,70,,222704,19,,,1,30,,222705,19,,,1,70,,222706,19,,,1,30,,222707,19,,,1,70,,222708,19,,,1,30,,222709,19,,,1,20,,222716,19,,,1,60,,222710,19,,,1,20,,222711,19,,,1,20,,222712,19,,,1,60,,222713,19,,,1,20,,222714,19,,,1,20,,222728,19,,,1,70,,222727,19,,,1,24,,222719,19,,,1,70,,222720,19,,,1,30,,222721,19,,,1,70,,222722,19,,,1,31,,222723,19,,,1,70,,222724,19,,,1,30,,222725,19,,,1,69,,222717,19,,,1
50800,'508-Weekday-2-26-09-1111100',544,,222729,19,,,1,70,,222730,19,,,1,34,,222734,19,,,1,70,,222756,19,,,1,25,,222731,19,,,1,60,,222753,19,,,1,20,,222732,19,,,1,20,,222733,19,,,1,57,,222764,19,,,1,30,,222735,19,,,1,70,,222736,19,,,1,30,,222737,19,,,1,70,,222738,19,,,1,30,,222739,19,,,1,70,,222740,19,,,1,30,,222741,19,,,1,70,,222742,19,,,1,30,,222743,19,,,1,70,,222744,19,,,1,30,,222745,19,,,1,70,,222746,19,,,1,30,,222747,19,,,1,20,,222754,19,,,1,60,,222748,19,,,1,20,,222749,19,,,1,20,,222750,19,,,1,60,,222751,19,,,1,20,,222752,19,,,1,20,,222766,19,,,1,70,,222765,19,,,1,24,,222757,19,,,1,70,,222758,19,,,1,30,,222759,19,,,1,70,,222760,19,,,1,31,,222761,19,,,1,70,,222762,19,,,1,30,,222763,19,,,1,69,,222755,19,,,1
50800,'508-Weekday-4-26-09-1111100',544,,222767,19,,,1,70,,222768,19,,,1,34,,222772,19,,,1,70,,222794,19,,,1,25,,222769,19,,,1,60,,222791,19,,,1,20,,222770,19,,,1,20,,222771,19,,,1,57,,222802,19,,,1,30,,222773,19,,,1,70,,222774,19,,,1,30,,222775,19,,,1,70,,222776,19,,,1,30,,222777,19,,,1,70,,222778,19,,,1,30,,222779,19,,,1,70,,222780,19,,,1,30,,222781,19,,,1,70,,222782,19,,,1,30,,222783,19,,,1,70,,222784,19,,,1,30,,222785,19,,,1,20,,222792,19,,,1,60,,222786,19,,,1,20,,222787,19,,,1,20,,222788,19,,,1,60,,222789,19,,,1,20,,222790,19,,,1,20,,222804,19,,,1,70,,222803,19,,,1,24,,222795,19,,,1,70,,222796,19,,,1,30,,222797,19,,,1,70,,222798,19,,,1,31,,222799,19,,,1,70,,222800,19,,,1,30,,222801,19,,,1,69,,222793,19,,,1
50800,'508-Saturday-1-26-09-0000010',649,,222805,19,,,1,100,,222806,19,,,1,100,,222807,19,,,1,70,,222808,19,,,1,30,,222809,19,,,1,70,,222810,19,,,1,30,,222811,19,,,1,70,,222812,19,,,1,30,,222813,19,,,1,70,,222814,19,,,1,30,,222815,19,,,1,70,,222816,19,,,1,30,,222817,19,,,1,70,,222818,19,,,1,30,,222819,19,,,1,70,,222820,19,,,1,30,,222821,19,,,1,70,,222822,19,,,1,30,,222823,19,,,1,70,,222824,19,,,1,30,,222825,19,,,1,70,,222826,19,,,1,30,,222827,19,,,1,70,,222828,19,,,1
50800,'508-Sunday-1-26-09-0000001',1051,,222829,19,,,1,70,,222830,19,,,1,30,,222831,19,,,1,70,,222832,19,,,1,30,,222833,19,,,1,70,,222834,19,,,1,30,,222835,19,,,1,70,,222836,19,,,1,30,,222837,19,,,1,70,,222838,19,,,1,30,,222839,19,,,1,70,,222840,19,,,1,30,,222841,19,,,1,70,,222842,19,,,1,30,,222843,19,,,1,70,,222844,19,,,1,30,,222845,19,,,1
63000,'630-Weekday-1-26-09-1111100',735,,227570,17,,,1
63000,'630-Weekday-3-26-09-1111100',735,,227571,17,,,1
63500,'635-Weekday-1-26-09-0000100',933,,227599,17,,,1
63500,'635-Weekday-1-26-09-1111000',806,,227600,17,,,1
63500,'635-Weekday-3-26-09-1111000',806,,227601,17,,,1
