12700,'127-Weekday-1-26-09-1111100',902,,221048,44,4,,1,100,,221049,44,4,,1,100,,221050,44,4,,1,100,,221051,44,4,,1,100,,221052,44,4,,1,100,,221053,44,4,,1,100,,221054,44,4,,1,100,,221055,44,4,,1,100,,221056,44,4,,1
12700,'127-Weekday-2-26-09-1111100',902,,221057,44,4,,1,100,,221058,44,4,,1,100,,221059,44,4,,1,100,,221060,44,4,,1,100,,221061,44,4,,1,100,,221062,44,4,,1,100,,221063,44,4,,1,100,,221064,44,4,,1,100,,221065,44,4,,1
12700,'127-Weekday-4-26-09-1111100',902,,221066,44,4,,1,100,,221067,44,4,,1,100,,221068,44,4,,1,100,,221069,44,4,,1,100,,221070,44,4,,1,100,,221071,44,4,,1,100,,221072,44,4,,1,100,,221073,44,4,,1,100,,221074,44,4,,1
12700,'127-Saturday-1-26-09-0000010',900,,221075,44,4,,1,100,,221076,44,4,,1,100,,221077,44,4,,1,100,,221078,44,4,,1,100,,221079,44,4,,1,100,,221080,44,4,,1,100,,221081,44,4,,1,100,,221082,44,4,,1,100,,221083,44,4,,1
12701,'127-Weekday-1-26-09-1111100',807,,221101,1,,,1,100,,221094,1,,,1,100,,221095,1,,,1,100,,221096,1,,,1,100,,221097,1,,,1,100,,221098,1,,,1,100,,221099,1,,,1,100,,221100,1,,,1,100,,221102,1,,,1,100,,221103,1,,,1
12701,'127-Weekday-2-26-09-1111100',807,,221111,1,,,1,100,,221104,1,,,1,100,,221105,1,,,1,100,,221106,1,,,1,100,,221107,1,,,1,100,,221108,1,,,1,100,,221109,1,,,1,100,,221110,1,,,1,100,,221112,1,,,1,100,,221113,1,,,1
12701,'127-Weekday-4-26-09-1111100',807,,221121,1,,,1,100,,221114,1,,,1,100,,221115,1,,,1,100,,221116,1,,,1,100,,221117,1,,,1,100,,221118,1,,,1,100,,221119,1,,,1,100,,221120,1,,,1,100,,221122,1,,,1,100,,221123,1,,,1
12701,'127-Saturday-1-26-09-0000010',906,,221124,1,,,1,100,,221125,1,,,1,100,,221126,1,,,1,100,,221127,1,,,1,100,,221128,1,,,1,100,,221129,1,,,1,100,,221130,1,,,1,100,,221131,1,,,1,100,,221132,1,,,1
61500,'615-Weekday-1-26-09-1111100',815,,227426,28,4,,1
61501,'615-Weekday-1-26-09-0001000',1226,3,227427,1,,,1
61501,'615-Weekday-1-26-09-1110100',1530,3,227428,1,,,1
