61200,'612-Weekday-1-26-02-0001000',1256,,9956,,,1
61200,'612-Weekday-1-26-02-1110100',1554,,9957,,,1
61200,'612-Weekday-2-26-02-0001000',1256,,61621,,,1
61200,'612-Weekday-2-26-02-1110100',1554,,61622,,,1
61200,'612-Weekday-5-26-02-0000100',1256,,61623,,,1
61200,'612-Weekday-5-26-02-1111000',1554,,61624,,,1
61200,'612-Weekday-6-26-02-1110100',1554,,61625,,,1
61200,'612-Weekday-8-26-02-1110100',1554,,61626,,,1
62000,'620-Weekday-1-26-02-0001000',1221,,9991,,,1
62000,'620-Weekday-1-26-02-1110100',1529,,9992,,,1
62000,'620-Weekday-1-26-02-1111100',1552,,9993,,,1,5,,9994,,,1
62000,'620-Weekday-2-26-02-0001000',1221,,61724,,,1
62000,'620-Weekday-2-26-02-1110100',1529,,61725,,,1
62000,'620-Weekday-2-26-02-1111100',1552,,61726,,,1,5,,61727,,,1
62000,'620-Weekday-4-26-02-1111100',1552,,61728,,,1,5,,61729,,,1
62000,'620-Weekday-5-26-02-0000100',1221,,61730,,,1
62000,'620-Weekday-5-26-02-1111000',1529,,61731,,,1
62000,'620-Weekday-5-26-02-1111100',1552,,61732,,,1,5,,61733,,,1
62000,'620-Weekday-6-26-02-1110100',1529,,61734,,,1
62000,'620-Weekday-8-26-02-1110100',1529,,61735,,,1
