900,'009-Weekday-1-26-02-1111100',522,,2746,,,1,15,,2747,,,1,15,,2748,,,1,55,,2749,,,1,15,,2750,,,1,17,,2751,,,1,19,,2752,,,1,58,,2753,,,1,12,,2745,,,1,15,,2756,,,1,15,,2758,,,1,55,,2760,,,1,15,,2762,,,1,15,,2764,,,1,15,,2766,,,1,51,,2767,4,,1,11,,2768,,,1,11,,2769,,,1,4,,2770,,,1,9,,2771,,,1,6,,2772,,,1,50,,2773,,,1,9,,2774,,,1,6,,2775,,,1,9,,2776,,,1,6,,2777,,,1,7,,2778,,,1,8,,2779,,,1,7,,2780,,,1,7,,2781,,,1,48,,2782,,,1,7,,2783,,,1,8,,2784,,,1,7,,2785,,,1,8,,2786,,,1,7,,2787,,,1,8,,2788,,,1,7,,2789,,,1,48,,2790,,,1,7,,2791,,,1,8,,2792,,,1,7,,2793,,,1,8,,2794,,,1,7,,2795,,,1,8,,2796,,,1,7,,2797,,,1,48,,2798,,,1,7,,2799,,,1,8,,2800,,,1,8,,2801,,,1,7,,2802,,,1,7,,2803,,,1,8,,2804,,,1,7,,2805,,,1,48,,2806,,,1,7,,2807,,,1,8,,2808,,,1,8,,2809,,,1,7,,2810,,,1,7,,2811,,,1,8,,2812,,,1,48,,2813,,,1,9,,2814,,,1,12,,2815,,,1,6,,2816,,,1,10,,2817,,,1,6,,2818,,,1,1,,2865,,,1,4,,2869,,,1,4,,2819,,,1,53,,2820,,,1,5,,2821,,,1,8,,2822,,,1,7,,2823,,,1,8,,2824,,,1,8,,2825,,,1,7,,2826,,,1,7,,2827,,,1,48,,2828,,,1,8,,2829,,,1,7,,2830,,,1,7,,2831,,,1,8,,2832,,,1,8,,2867,,,1,7,,2833,,,1,8,,2868,,,1,47,,2834,,,1,15,,2835,,,1,14,,2836,,,1,12,,2837,,,1,13,,2838,,,1,52,,2839,,,1,15,,2840,,,1,15,,2841,,,1,15,,2842,,,1,55,,2843,,,1,15,,2844,,,1,15,,2845,,,1,15,,2846,,,1,55,,2847,,,1,15,,2848,,,1,15,,2849,,,1,15,,2850,,,1,54,,2851,,,1,14,,2852,,,1,12,,2853,,,1,20,,2854,,,1,60,,2855,,,1,20,,2856,,,1,20,,2857,,,1,60,,2858,,,1,18,,2866,,,1,18,,2859,,,1,70,,2860,0,10 18 19,1,30,,2861,0,10 18 19,1,70,,2862,0,10 18 19,1,30,,2863,0,10 18 19,1,70,,2864,0,10 18 19,1
900,'009-Saturday-1-26-02-0000010',556,,2936,,,1,60,,2870,,,1,20,,2871,,,1,20,,2872,,,1,60,,2873,,,1,20,,2874,,,1,17,,2937,,,1,58,,2938,,,1,15,,2939,,,1,15,,2940,,,1,15,,2941,,,1,56,,2942,,,1,16,,2943,,,1,16,,2944,,,1,60,,2945,,,1,19,,2946,,,1,16,,2947,,,1,15,,2875,,,1,55,,2876,,,1,15,,2877,,,1,15,,2878,,,1,15,,2879,,,1,55,,2880,,,1,15,,2881,,,1,15,,2882,,,1,15,,2883,,,1,55,,2884,,,1,15,,2885,,,1,15,,2886,,,1,15,,2888,,,1,55,,2889,,,1,15,,2890,,,1,15,,2887,,,1,15,,2891,,,1,55,,2892,,,1,15,,2893,,,1,15,,2894,,,1,15,,2895,,,1,55,,2896,,,1,15,,2897,,,1,15,,2898,,,1,15,,2899,,,1,54,,2900,,,1,15,,2901,,,1,15,,2902,,,1,14,,2903,,,1,55,,2904,,,1,15,,2905,,,1,14,,2906,,,1,15,,2907,,,1,55,,2908,,,1,15,,2909,,,1,15,,2910,,,1,15,,2911,,,1,55,,2912,,,1,15,,2913,,,1,15,,2914,,,1,15,,2915,,,1,55,,2916,,,1,15,,2917,,,1,15,,2918,,,1,15,,2919,,,1,55,,2920,,,1,15,,2921,,,1,15,,2923,,,1,15,,2924,,,1,55,,2925,,,1,15,,2922,,,1,17,,2926,,,1,18,,2927,,,1,58,,2928,,,1,17,,2929,,,1,18,,2930,,,1,70,,2931,0,10 18 19,1,30,,2932,0,10 18 19,1,70,,2933,0,10 18 19,1,30,,2934,0,10 18 19,1,70,,2935,0,10 18 19,1
5401,'054-Weekday-1-26-02-1111100',513,,3792,,,1,30,,3793,,,1,15,,3836,,,1,53,,3794,,,1,26,,3795,,,1,17,,3796,,,1,53,,3797,,,1,18,,3798,,,1,16,,3799,,,1,16,,3800,,,1,55,,3801,,,1,15,,3802,,,1,17,,3803,,,1,69,,3804,,,1,32,,3805,,,1,67,,3806,,,1,31,,3807,,,1,70,,3808,,,1,30,,3809,,,1,70,,3810,,,1,30,,3811,,,1,70,,3812,,,1,30,,3813,,,1,70,,3814,,,1,30,,3815,,,1,71,,3816,,,1,20,,3791,,,1,15,,3817,,,1,57,,3818,,,1,16,,3819,,,1,16,,3820,,,1,17,,3821,,,1,57,,3822,,,1,16,,3823,,,1,19,,3824,,,1,61,,3825,,,1,28,,3826,,,1,66,,3827,,,1,39,,3828,,,1,70,,3829,,,1,30,,3830,,,1,70,,3831,,,1,30,,3832,,,1,69,,3833,,,1,97,,3834,,,1,100,,3835,,,1
5401,'054-Saturday-1-26-02-0000010',615,,3837,,,1,30,,3838,,,1,70,,3839,,,1,30,,3840,,,1,70,,3841,,,1,23,,3842,,,1,20,,3843,,,1,64,,3844,,,1,20,,3845,,,1,60,,3846,,,1,20,,3847,,,1,20,,3848,,,1,60,,3849,,,1,20,,3850,,,1,20,,3851,,,1,60,,3852,,,1,20,,3853,,,1,20,,3854,,,1,60,,3855,,,1,20,,3856,,,1,20,,3857,,,1,60,,3858,,,1,20,,3859,,,1,20,,3860,,,1,60,,3861,,,1,20,,3862,,,1,20,,3863,,,1,60,,3864,,,1,20,,3865,,,1,20,,3866,,,1,64,,3867,,,1,21,,3868,,,1,20,,3869,,,1,60,,3870,,,1,20,,3871,,,1,20,,3872,,,1,60,,3873,,,1,20,,3874,,,1,20,,3875,,,1,60,,3876,,,1,20,,3877,,,1,20,,3878,,,1,60,,3879,,,1,20,,3880,,,1,20,,3881,,,1,70,,3882,,,1,100,,3883,,,1,100,,3884,,,1
12800,'128-Weekday-1-26-02-1111100',851,,7226,,,1,100,,7227,,,1,100,,7228,,,1,100,,7229,,,1,100,,7230,,,1,100,,7231,,,1,100,,7232,,,1,100,,7233,,,1
12800,'128-Saturday-1-26-02-0000010',850,,7234,,,1,100,,7235,,,1,100,,7236,,,1,100,,7237,,,1,100,,7238,,,1,100,,7239,,,1,100,,7240,,,1,100,,7241,,,1
12801,'128-Weekday-1-26-02-1111100',927,,7242,4,,1,100,,7243,4,,1,100,,7244,4,,1,100,,7245,4,,1,100,,7246,4,,1,100,,7247,4,,1,100,,7248,4,,1,100,,7249,4,,1
12801,'128-Saturday-1-26-02-0000010',925,,7250,4,,1,100,,7251,4,,1,100,,7252,4,,1,100,,7253,4,,1,100,,7254,4,,1,100,,7255,4,,1,100,,7256,4,,1,100,,7257,4,,1
68400,'684-Weekday-1-26-02-0001000',1304,,10280,0,18 19,1,3,,10281,,,1
68400,'684-Weekday-1-26-02-1110100',1613,,10282,0,18 19,1,4,,10283,0,18 19,1,3,,10284,,,1
68400,'684-Weekday-1-26-02-1111100',1543,,10285,0,18 19,1,4,,10286,0,18 19,1,5,,10287,,,1
24011000,'110X-Weekday-1-26-02-1111100',600,,16300,,,1,30,,16282,,,1,74,,16301,,,1,20,,16302,,,1,20,,16303,,,1,60,,16304,,,1,20,,16305,,,1,20,,16306,,,1,60,,16323,,,1,20,,16322,,,1,20,,16321,,,1,60,,16320,,,1,20,,16319,,,1,20,,16318,,,1,60,,16317,,,1,20,,16316,,,1,20,,16324,,,1,11,,16283,,,1,50,,16284,,,1,10,,16285,,,1,10,,16311,,,1,10,,16286,,,1,10,,16287,,,1,10,,16288,,,1,50,,16312,,,1,10,,16289,,,1,10,,16290,,,1,10,,16291,,,1,10,,16313,,,1,10,,16292,,,1,50,,16293,,,1,10,,16294,,,1,10,,16314,,,1,10,,16295,,,1,10,,16296,,,1,10,,16297,,,1,51,,16310,,,1,10,,16315,,,1,10,,16307,,,1,4,,16340,,,1,4,,16298,,,1,8,,16308,,,1,7,,16299,,,1,4,,16341,,,1,4,,16309,,,1,51,,16325,,,1,10,,16326,,,1,10,,16327,,,1,10,,16328,,,1,10,,16329,,,1,10,,16330,,,1,50,,16331,,,1,10,,16332,,,1,10,,16333,,,1,15,,16334,,,1,15,,16335,,,1,55,,16336,,,1,15,,16337,,,1,16,,16338,,,1,65,,16339,,,1,25,,16342,,,1,70,,16343,,,1,30,,16344,,,1,70,,16345,,,1,30,,16346,,,1,70,,16347,,,1
24011000,'110X-Saturday-1-26-02-0000010',856,,16348,,,1,63,,16349,,,1,24,,16350,,,1,63,,16351,,,1,20,,16352,,,1,20,,16353,,,1,60,,16354,,,1,20,,16355,,,1,20,,16356,,,1,60,,16357,,,1,20,,16358,,,1,20,,16359,,,1,60,,16360,,,1,20,,16361,,,1,20,,16362,,,1,60,,16363,,,1,20,,16364,,,1,20,,16365,,,1,60,,16366,,,1,20,,16367,,,1,20,,16368,,,1,60,,16369,,,1,20,,16370,,,1,20,,16371,,,1,59,,16372,,,1,19,,16373,,,1,19,,16374,,,1,58,,16375,,,1,20,,16376,,,1,20,,16377,,,1,60,,16378,,,1,20,,16379,,,1
24012000,'120X-Weekday-1-26-02-1111100',629,,16509,,,1,21,,16510,,,1,60,,16514,,,1,20,,16472,,,1,20,,16473,,,1,60,,16474,,,1,20,,16511,,,1,20,,16475,,,1,60,,16476,,,1,21,,16477,,,1,20,,16478,,,1,60,,16479,,,1,20,,16480,,,1,20,,16481,,,1,60,,16482,,,1,20,,16483,,,1,20,,16484,,,1,60,,16485,,,1,20,,16486,,,1,20,,16487,,,1,60,,16488,,,1,20,,16489,,,1,20,,16490,,,1,60,,16491,,,1,20,,16492,,,1,20,,16493,,,1,63,,16494,,,1,23,,16495,,,1,63,,16508,,,1,10,,16496,,,1,10,,16497,,,1,10,,16512,,,1,10,,16498,,,1,10,,16499,,,1,50,,16500,,,1,10,,16501,,,1,10,,16502,,,1,10,,16503,,,1,10,,16504,,,1,60,,16505,,,1,20,,16506,,,1,20,,16507,,,1,60,,16513,,,1
