10901,'109-Weekday-1-26-09-1111100',541,,217037,35,0,18 14,1,70,,217038,35,0,18 14,1,33,,217039,35,0,18 14,1,64,,217040,35,0,18 14,1,15,,217041,35,0,18 14,1,15,,217042,35,0,18 14,1,15,,217043,35,0,18 14,1,55,,217045,35,0,18 14,1,15,,217044,35,0,18 14,1,15,,217079,35,0,18 14,1,16,,217077,35,0,18 14,1,60,,217046,35,0,18 14,1,29,,217047,35,0,18 14,1,70,,217048,35,0,18 14,1,30,,217049,35,0,18 14,1,70,,217050,35,0,18 14,1,30,,217051,35,0,18 14,1,70,,217052,35,0,18 14,1,30,,217053,35,0,18 14,1,70,,217054,35,0,18 14,1,30,,217055,35,0,18 14,1,70,,217056,35,0,18 14,1,30,,217057,35,0,18 14,1,72,,217058,35,0,18 14,1,25,,217059,35,0,18 14,1,15,,217060,35,0,18 14,1,55,,217061,35,0,18 14,1,15,,217062,35,0,18 14,1,15,,217075,35,0,18 14,1,15,,217063,35,0,18 14,1,55,,217080,35,0,18 14,1,15,,217078,35,0,18 14,1,22,,217064,35,0,18 14,1,70,,217065,35,0,18 14,1,28,,217066,35,0,18 14,1,68,,217067,35,0,18 14,1,30,,217068,35,0,18 14,1,70,,217069,35,0,18 14,1,30,,217070,35,0,18 14,1,70,,217071,35,0,18 14,1,30,,217072,35,0,18 14,1,68,,217076,35,0,18 14,1,99,,217073,35,0,18 14,1,100,,217074,35,0,18 14,1
10901,'109-Weekday-2-26-09-1111100',541,,217081,35,0,18 14,1,70,,217082,35,0,18 14,1,33,,217083,35,0,18 14,1,64,,217084,35,0,18 14,1,15,,217085,35,0,18 14,1,15,,217086,35,0,18 14,1,15,,217087,35,0,18 14,1,55,,217089,35,0,18 14,1,15,,217088,35,0,18 14,1,15,,217123,35,0,18 14,1,16,,217121,35,0,18 14,1,60,,217090,35,0,18 14,1,29,,217091,35,0,18 14,1,70,,217092,35,0,18 14,1,30,,217093,35,0,18 14,1,70,,217094,35,0,18 14,1,30,,217095,35,0,18 14,1,70,,217096,35,0,18 14,1,30,,217097,35,0,18 14,1,70,,217098,35,0,18 14,1,30,,217099,35,0,18 14,1,70,,217100,35,0,18 14,1,30,,217101,35,0,18 14,1,72,,217102,35,0,18 14,1,25,,217103,35,0,18 14,1,15,,217104,35,0,18 14,1,55,,217105,35,0,18 14,1,15,,217106,35,0,18 14,1,15,,217119,35,0,18 14,1,15,,217107,35,0,18 14,1,55,,217124,35,0,18 14,1,15,,217122,35,0,18 14,1,22,,217108,35,0,18 14,1,70,,217109,35,0,18 14,1,28,,217110,35,0,18 14,1,68,,217111,35,0,18 14,1,30,,217112,35,0,18 14,1,70,,217113,35,0,18 14,1,30,,217114,35,0,18 14,1,70,,217115,35,0,18 14,1,30,,217116,35,0,18 14,1,68,,217120,35,0,18 14,1,99,,217117,35,0,18 14,1,100,,217118,35,0,18 14,1
10901,'109-Weekday-4-26-09-1111100',541,,217125,35,0,18 14,1,70,,217126,35,0,18 14,1,33,,217127,35,0,18 14,1,64,,217128,35,0,18 14,1,15,,217129,35,0,18 14,1,15,,217130,35,0,18 14,1,15,,217131,35,0,18 14,1,55,,217133,35,0,18 14,1,15,,217132,35,0,18 14,1,15,,217167,35,0,18 14,1,16,,217165,35,0,18 14,1,60,,217134,35,0,18 14,1,29,,217135,35,0,18 14,1,70,,217136,35,0,18 14,1,30,,217137,35,0,18 14,1,70,,217138,35,0,18 14,1,30,,217139,35,0,18 14,1,70,,217140,35,0,18 14,1,30,,217141,35,0,18 14,1,70,,217142,35,0,18 14,1,30,,217143,35,0,18 14,1,70,,217144,35,0,18 14,1,30,,217145,35,0,18 14,1,72,,217146,35,0,18 14,1,25,,217147,35,0,18 14,1,15,,217148,35,0,18 14,1,55,,217149,35,0,18 14,1,15,,217150,35,0,18 14,1,15,,217163,35,0,18 14,1,15,,217151,35,0,18 14,1,55,,217168,35,0,18 14,1,15,,217166,35,0,18 14,1,22,,217152,35,0,18 14,1,70,,217153,35,0,18 14,1,28,,217154,35,0,18 14,1,68,,217155,35,0,18 14,1,30,,217156,35,0,18 14,1,70,,217157,35,0,18 14,1,30,,217158,35,0,18 14,1,70,,217159,35,0,18 14,1,30,,217160,35,0,18 14,1,68,,217164,35,0,18 14,1,99,,217161,35,0,18 14,1,100,,217162,35,0,18 14,1
10901,'109-Saturday-1-26-09-0000010',834,,217169,35,0,18 14,1,70,,217170,35,0,18 14,1,30,,217171,35,0,18 14,1,70,,217172,35,0,18 14,1,30,,217173,35,0,18 14,1,70,,217174,35,0,18 14,1,30,,217175,35,0,18 14,1,70,,217176,35,0,18 14,1,30,,217177,35,0,18 14,1,70,,217178,35,0,18 14,1,30,,217179,35,0,18 14,1,70,,217180,35,0,18 14,1,30,,217181,35,0,18 14,1,70,,217182,35,0,18 14,1,30,,217183,35,0,18 14,1,70,,217184,35,0,18 14,1,30,,217185,35,0,18 14,1,70,,217186,35,0,18 14,1,30,,217187,35,0,18 14,1,70,,217188,35,0,18 14,1,30,,217189,35,0,18 14,1,70,,217190,35,0,18 14,1,30,,217191,35,0,18 14,1,70,,217192,35,0,18 14,1,30,,217193,35,0,18 14,1,70,,217194,35,0,18 14,1,30,,217195,35,0,18 14,1,70,,217196,35,0,18 14,1
10901,'109-Sunday-1-26-09-0000001',1044,,217197,35,0,18 14,1,70,,217198,35,0,18 14,1,30,,217199,35,0,18 14,1,70,,217200,35,0,18 14,1,30,,217201,35,0,18 14,1,70,,217202,35,0,18 14,1,30,,217203,35,0,18 14,1,70,,217204,35,0,18 14,1,30,,217205,35,0,18 14,1,70,,217206,35,0,18 14,1,30,,217207,35,0,18 14,1,70,,217208,35,0,18 14,1,30,,217209,35,0,18 14,1,70,,217210,35,0,18 14,1,30,,217211,35,0,18 14,1,70,,217212,35,0,18 14,1,30,,217213,35,0,18 14,1,70,,217214,35,0,18 14,1
61501,'615-Weekday-1-26-09-0001000',1244,,227427,18,,,1
61501,'615-Weekday-1-26-09-1110100',1548,,227428,18,,,1
61801,'618-Weekday-1-26-09-1111100',818,,227449,30,,,1
62501,'625-Weekday-1-26-09-1111100',732,,227552,20,,,1
68301,'683-Weekday-1-26-09-1111100',747,,227878,24,,,1,5,,227879,24,,,1,5,,227880,24,,,1,45,,227881,24,,,1
68301,'683-Weekday-3-26-09-1111100',747,,227882,24,,,1,5,,227883,24,,,1,5,,227884,24,,,1,45,,227885,24,,,1
24014001,'140X-Weekday-1-26-09-1111100',610,,245062,21,,,1,20,,245067,21,,,1,21,,245061,21,,,1,60,,245063,21,,,1,20,,245064,21,,,1,20,,245065,21,,,1,60,,245066,21,,,1,20,,245068,21,,,1
24014001,'140X-Weekday-2-26-09-1111100',610,,245070,21,,,1,20,,245075,21,,,1,21,,245069,21,,,1,60,,245071,21,,,1,20,,245072,21,,,1,20,,245073,21,,,1,60,,245074,21,,,1,20,,245076,21,,,1
24014001,'140X-Weekday-4-26-09-1111100',610,,245078,21,,,1,20,,245083,21,,,1,21,,245077,21,,,1,60,,245079,21,,,1,20,,245080,21,,,1,20,,245081,21,,,1,60,,245082,21,,,1,20,,245084,21,,,1
