68400,'684-Weekday-1-26-02-0001000',1312,,10280,4,,1,3,,10281,,,1
68400,'684-Weekday-1-26-02-1110100',1621,,10282,4,,1,4,,10283,4,,1,3,,10284,,,1
68400,'684-Weekday-1-26-02-1111100',1551,,10285,4,,1,4,,10286,4,,1,45,,10287,,,1
68400,'684-Weekday-2-26-02-0001000',1312,,62661,4,,1,3,,62662,,,1
68400,'684-Weekday-2-26-02-1110100',1621,,62663,4,,1,4,,62664,4,,1,3,,62665,,,1
68400,'684-Weekday-2-26-02-1111100',1551,,62666,4,,1,4,,62667,4,,1,45,,62668,,,1
68400,'684-Weekday-4-26-02-1111100',1551,,62669,4,,1,4,,62670,4,,1,45,,62671,,,1
68400,'684-Weekday-5-26-02-0000100',1312,,62672,4,,1,3,,62673,,,1
68400,'684-Weekday-5-26-02-1111000',1621,,62674,4,,1,4,,62675,4,,1,3,,62676,,,1
68400,'684-Weekday-5-26-02-1111100',1551,,62677,4,,1,4,,62678,4,,1,45,,62679,,,1
68400,'684-Weekday-6-26-02-1110100',1621,,62680,4,,1,4,,62681,4,,1,3,,62682,,,1
68400,'684-Weekday-8-26-02-1110100',1621,,62683,4,,1,4,,62684,4,,1,3,,62685,,,1
