11901,'119-Weekday-1-26-09-1111100',515,,219845,21,,,1,30,,219825,21,,,1,70,,219826,21,,,1,32,,219827,21,,,1,12,,219869,21,,,1,52,,219828,21,,,1,12,,219870,21,,,1,12,,219871,21,,,1,12,,219872,21,,,1,12,,219873,21,,,1,52,,219874,21,,,1,12,,219867,21,,,1,12,,219866,21,,,1,12,,219829,21,,,1,70,,219830,21,,,1,30,,219848,21,,,1,70,,219849,21,,,1,30,,219850,21,,,1,70,,219851,21,,,1,30,,219852,21,,,1,70,,219853,21,,,1,30,,219854,21,,,1,70,,219855,21,,,1,30,,219856,21,,,1,70,,219847,21,,,1,30,,219846,21,,,1,73,,219839,21,,,1,13,,219868,21,,,1,15,,219857,21,,,1,55,,219858,21,,,1,15,,219859,21,,,1,15,,219860,21,,,1,15,,219861,21,,,1,55,,219862,21,,,1,15,,219840,21,,,1,15,,219831,21,,,1,15,,219832,21,,,1,56,,219833,21,,,1,16,,219875,21,,,1,26,,219834,21,,,1,72,,219835,21,,,1,30,,219836,21,,,1,70,,219837,21,,,1,30,,219838,21,,,1,70,,219842,21,,,1,30,,219843,21,,,1,69,,219844,21,,,1,25,,219841,21,,,1,70,,219863,21,,,1,30,,219864,21,,,1,70,,219865,21,,,1
11901,'119-Weekday-2-26-09-1111100',515,,219896,21,,,1,30,,219876,21,,,1,70,,219877,21,,,1,32,,219878,21,,,1,12,,219920,21,,,1,52,,219879,21,,,1,12,,219921,21,,,1,12,,219922,21,,,1,12,,219923,21,,,1,12,,219924,21,,,1,52,,219925,21,,,1,12,,219918,21,,,1,12,,219917,21,,,1,12,,219880,21,,,1,70,,219881,21,,,1,30,,219899,21,,,1,70,,219900,21,,,1,30,,219901,21,,,1,70,,219902,21,,,1,30,,219903,21,,,1,70,,219904,21,,,1,30,,219905,21,,,1,70,,219906,21,,,1,30,,219907,21,,,1,70,,219898,21,,,1,30,,219897,21,,,1,73,,219890,21,,,1,13,,219919,21,,,1,15,,219908,21,,,1,55,,219909,21,,,1,15,,219910,21,,,1,15,,219911,21,,,1,15,,219912,21,,,1,55,,219913,21,,,1,15,,219891,21,,,1,15,,219882,21,,,1,15,,219883,21,,,1,56,,219884,21,,,1,16,,219926,21,,,1,26,,219885,21,,,1,72,,219886,21,,,1,30,,219887,21,,,1,70,,219888,21,,,1,30,,219889,21,,,1,70,,219893,21,,,1,30,,219894,21,,,1,69,,219895,21,,,1,25,,219892,21,,,1,70,,219914,21,,,1,30,,219915,21,,,1,70,,219916,21,,,1
11901,'119-Weekday-4-26-09-1111100',515,,219947,21,,,1,30,,219927,21,,,1,70,,219928,21,,,1,32,,219929,21,,,1,12,,219971,21,,,1,52,,219930,21,,,1,12,,219972,21,,,1,12,,219973,21,,,1,12,,219974,21,,,1,12,,219975,21,,,1,52,,219976,21,,,1,12,,219969,21,,,1,12,,219968,21,,,1,12,,219931,21,,,1,70,,219932,21,,,1,30,,219950,21,,,1,70,,219951,21,,,1,30,,219952,21,,,1,70,,219953,21,,,1,30,,219954,21,,,1,70,,219955,21,,,1,30,,219956,21,,,1,70,,219957,21,,,1,30,,219958,21,,,1,70,,219949,21,,,1,30,,219948,21,,,1,73,,219941,21,,,1,13,,219970,21,,,1,15,,219959,21,,,1,55,,219960,21,,,1,15,,219961,21,,,1,15,,219962,21,,,1,15,,219963,21,,,1,55,,219964,21,,,1,15,,219942,21,,,1,15,,219933,21,,,1,15,,219934,21,,,1,56,,219935,21,,,1,16,,219977,21,,,1,26,,219936,21,,,1,72,,219937,21,,,1,30,,219938,21,,,1,70,,219939,21,,,1,30,,219940,21,,,1,70,,219944,21,,,1,30,,219945,21,,,1,69,,219946,21,,,1,25,,219943,21,,,1,70,,219965,21,,,1,30,,219966,21,,,1,70,,219967,21,,,1
11901,'119-Saturday-1-26-09-0000010',629,,219978,21,,,1,30,,219979,21,,,1,70,,219980,21,,,1,30,,219981,21,,,1,70,,220012,21,,,1,71,,219982,21,,,1,32,,219983,21,,,1,70,,219984,21,,,1,30,,219985,21,,,1,70,,219986,21,,,1,30,,219987,21,,,1,70,,219988,21,,,1,30,,219989,21,,,1,70,,219990,21,,,1,30,,219991,21,,,1,70,,219992,21,,,1,30,,219993,21,,,1,70,,219994,21,,,1,30,,219995,21,,,1,70,,219996,21,,,1,30,,219997,21,,,1,70,,219998,21,,,1,29,,219999,21,,,1,70,,220000,21,,,1,30,,220001,21,,,1,70,,220002,21,,,1,30,,220003,21,,,1,70,,220004,21,,,1,30,,220005,21,,,1,70,,220006,21,,,1,30,,220007,21,,,1,70,,220008,21,,,1,30,,220009,21,,,1,100,,220010,21,,,1,100,,220011,21,,,1
11901,'119-Sunday-1-26-09-0000001',628,,220013,21,,,1,30,,220014,21,,,1,70,,220015,21,,,1,30,,220016,21,,,1,70,,220017,21,,,1,30,,220018,21,,,1,71,,220019,21,,,1,30,,220020,21,,,1,70,,220021,21,,,1,30,,220022,21,,,1,70,,220023,21,,,1,30,,220024,21,,,1,70,,220025,21,,,1,30,,220026,21,,,1,70,,220027,21,,,1,30,,220028,21,,,1,70,,220029,21,,,1,30,,220030,21,,,1,70,,220031,21,,,1,30,,220032,21,,,1,70,,220033,21,,,1,30,,220034,21,,,1,70,,220035,21,,,1,30,,220036,21,,,1,70,,220037,21,,,1,30,,220038,21,,,1,70,,220039,21,,,1,30,,220040,21,,,1,70,,220041,21,,,1,30,,220042,21,,,1,100,,220043,21,,,1,100,,220044,21,,,1,100,,220045,21,,,1
62100,'621-Weekday-1-26-09-0001000',1221,,227461,25,,,1
62100,'621-Weekday-1-26-09-1110100',1525,,227462,25,,,1,4,,227463,25,,,1
62100,'621-Weekday-1-26-09-1111100',1553,,227464,25,,,1
62100,'621-Weekday-3-26-09-1111100',1553,,227465,25,,,1
62300,'623-Weekday-1-26-09-0001000',1247,,227548,22,,,1
62300,'623-Weekday-1-26-09-1110100',1525,,227549,22,,,1
