51500,'515-Weekday-1-26-09-1110100',1541,,223522,22,,,1
51500,'515-Weekday-1-26-09-1111100',551,,223523,22,,,1,70,,223564,22,,,1,33,,223556,22,,,1,55,,223569,22,,,1,15,,223560,22,,,1,15,,223561,22,,,1,15,,223524,22,,,1,55,,223570,22,,,1,15,,223525,22,,,1,15,,223526,22,,,1,20,,223527,22,,,1,59,,223550,22,,,1,20,,223528,22,,,1,20,,223529,22,,,1,60,,223551,22,,,1,20,,223530,22,,,1,20,,223531,22,,,1,60,,223552,22,,,1,20,,223532,22,,,1,20,,223533,22,,,1,60,,223553,22,,,1,20,,223534,22,,,1,20,,223535,22,,,1,60,,223554,22,,,1,20,,223536,22,,,1,20,,223537,22,,,1,60,,223555,22,,,1,20,,223538,22,,,1,21,,223539,22,,,1,57,,223568,22,,,1,16,,223571,22,,,1,15,,223558,22,,,1,55,,223565,22,,,1,15,,223559,22,,,1,15,,223572,22,,,1,15,,223557,22,,,1,55,,223566,22,,,1,15,,223567,22,,,1,15,,223573,22,,,1,15,,223540,22,,,1,70,,223562,22,,,1,27,,223541,22,,,1,69,,223542,22,,,1,30,,223543,22,,,1,70,,223544,22,,,1,30,,223545,22,,,1,70,,223546,22,,,1,30,,223547,22,,,1,69,,223563,22,,,1,100,,223548,22,,,1,100,,223549,22,,,1
51500,'515-Weekday-2-26-09-1110100',1541,,223574,22,,,1
51500,'515-Weekday-2-26-09-1111100',551,,223575,22,,,1,70,,223616,22,,,1,33,,223608,22,,,1,55,,223621,22,,,1,15,,223612,22,,,1,15,,223613,22,,,1,15,,223576,22,,,1,55,,223622,22,,,1,15,,223577,22,,,1,15,,223578,22,,,1,20,,223579,22,,,1,59,,223602,22,,,1,20,,223580,22,,,1,20,,223581,22,,,1,60,,223603,22,,,1,20,,223582,22,,,1,20,,223583,22,,,1,60,,223604,22,,,1,20,,223584,22,,,1,20,,223585,22,,,1,60,,223605,22,,,1,20,,223586,22,,,1,20,,223587,22,,,1,60,,223606,22,,,1,20,,223588,22,,,1,20,,223589,22,,,1,60,,223607,22,,,1,20,,223590,22,,,1,21,,223591,22,,,1,57,,223620,22,,,1,16,,223623,22,,,1,15,,223610,22,,,1,55,,223617,22,,,1,15,,223611,22,,,1,15,,223624,22,,,1,15,,223609,22,,,1,55,,223618,22,,,1,15,,223619,22,,,1,15,,223625,22,,,1,15,,223592,22,,,1,70,,223614,22,,,1,27,,223593,22,,,1,69,,223594,22,,,1,30,,223595,22,,,1,70,,223596,22,,,1,30,,223597,22,,,1,70,,223598,22,,,1,30,,223599,22,,,1,69,,223615,22,,,1,100,,223600,22,,,1,100,,223601,22,,,1
51500,'515-Weekday-4-26-09-1111100',551,,223626,22,,,1,70,,223667,22,,,1,33,,223659,22,,,1,55,,223672,22,,,1,15,,223663,22,,,1,15,,223664,22,,,1,15,,223627,22,,,1,55,,223673,22,,,1,15,,223628,22,,,1,15,,223629,22,,,1,20,,223630,22,,,1,59,,223653,22,,,1,20,,223631,22,,,1,20,,223632,22,,,1,60,,223654,22,,,1,20,,223633,22,,,1,20,,223634,22,,,1,60,,223655,22,,,1,20,,223635,22,,,1,20,,223636,22,,,1,60,,223656,22,,,1,20,,223637,22,,,1,20,,223638,22,,,1,60,,223657,22,,,1,20,,223639,22,,,1,20,,223640,22,,,1,60,,223658,22,,,1,20,,223641,22,,,1,21,,223642,22,,,1,57,,223671,22,,,1,16,,223674,22,,,1,15,,223661,22,,,1,55,,223668,22,,,1,15,,223662,22,,,1,15,,223675,22,,,1,15,,223660,22,,,1,55,,223669,22,,,1,15,,223670,22,,,1,15,,223676,22,,,1,15,,223643,22,,,1,70,,223665,22,,,1,27,,223644,22,,,1,69,,223645,22,,,1,30,,223646,22,,,1,70,,223647,22,,,1,30,,223648,22,,,1,70,,223649,22,,,1,30,,223650,22,,,1,69,,223666,22,,,1,100,,223651,22,,,1,100,,223652,22,,,1
51500,'515-Saturday-1-26-09-0000010',631,,223677,22,,,1,99,,223678,22,,,1,84,,223679,22,,,1,20,,223709,22,,,1,21,,223680,22,,,1,62,,223681,22,,,1,20,,223682,22,,,1,20,,223710,22,,,1,60,,223683,22,,,1,20,,223684,22,,,1,20,,223711,22,,,1,60,,223685,22,,,1,20,,223686,22,,,1,20,,223712,22,,,1,60,,223687,22,,,1,20,,223688,22,,,1,20,,223713,22,,,1,60,,223689,22,,,1,20,,223690,22,,,1,20,,223714,22,,,1,60,,223691,22,,,1,20,,223692,22,,,1,20,,223715,22,,,1,60,,223693,22,,,1,20,,223694,22,,,1,20,,223716,22,,,1,60,,223695,22,,,1,20,,223696,22,,,1,20,,223717,22,,,1,60,,223697,22,,,1,20,,223698,22,,,1,20,,223718,22,,,1,60,,223699,22,,,1,20,,223700,22,,,1,20,,223719,22,,,1,60,,223701,22,,,1,30,,223702,22,,,1,70,,223707,22,,,1,30,,223704,22,,,1,70,,223708,22,,,1,30,,223705,22,,,1,100,,223703,22,,,1,100,,223706,22,,,1
51500,'515-Sunday-1-26-09-0000001',630,,223720,22,,,1,100,,223721,22,,,1,100,,223722,22,,,1,100,,223723,22,,,1,85,,223724,22,,,1,20,,223725,22,,,1,20,,223749,22,,,1,60,,223726,22,,,1,20,,223727,22,,,1,20,,223750,22,,,1,60,,223728,22,,,1,20,,223729,22,,,1,20,,223751,22,,,1,60,,223730,22,,,1,20,,223731,22,,,1,20,,223752,22,,,1,60,,223732,22,,,1,20,,223733,22,,,1,20,,223753,22,,,1,60,,223734,22,,,1,20,,223735,22,,,1,20,,223754,22,,,1,60,,223736,22,,,1,20,,223737,22,,,1,20,,223755,22,,,1,60,,223738,22,,,1,22,,223739,22,,,1,20,,223756,22,,,1,60,,223740,22,,,1,20,,223741,22,,,1,20,,223757,22,,,1,60,,223742,22,,,1,30,,223745,22,,,1,70,,223743,22,,,1,30,,223746,22,,,1,70,,223747,22,,,1,100,,223744,22,,,1,100,,223748,22,,,1,100,,223758,22,,,1
63001,'630-Weekday-1-26-09-1110100',1606,,227572,43,,,1
63001,'630-Weekday-3-26-09-1110100',1606,,227573,43,,,1
63501,'635-Weekday-1-26-09-1111100',1626,,227602,53,,,1
63501,'635-Weekday-3-26-09-1111100',1626,,227603,53,,,1
