12201,'122-Weekday-1-26-06-1111100',542,,161188,19,0,29 30,1,70,,161189,19,0,29 30,1,31,,161190,19,0,29 30,1,70,,161199,19,0,29 30,1,30,,161200,19,0,29 30,1,70,,161201,19,0,29 30,1,30,,161202,19,0,29 30,1,70,,161208,19,0,29 30,1,30,,161209,19,0,29 30,1,70,,161210,19,0,29 30,1,30,,161211,19,0,29 30,1,70,,161207,19,0,29 30,1,30,,161206,19,0,29 30,1,70,,161205,19,0,29 30,1,30,,161204,19,0,29 30,1,70,,161203,19,0,29 30,1,30,,161191,19,0,29 30,1,70,,161192,19,0,29 30,1,30,,161193,19,0,29 30,1,71,,161194,19,0,29 30,1,30,,161195,19,0,29 30,1,70,,161196,19,0,29 30,1,30,,161197,19,0,29 30,1,70,,161198,19,0,29 30,1,30,,161212,19,0,29 30,1,70,,161213,19,0,29 30,1,28,,161214,19,0,29 30,1,70,,161215,19,0,29 30,1,30,,161216,19,0,29 30,1,70,,161217,19,0,29 30,1,30,,161218,19,0,29 30,1,70,,161219,19,0,29 30,1,30,,161220,19,0,29 30,1
12201,'122-Saturday-1-26-06-0000010',818,,161221,19,0,29 30,1,30,,161222,19,0,29 30,1,70,,161223,19,0,29 30,1,30,,161224,19,0,29 30,1,70,,161225,19,0,29 30,1,30,,161226,19,0,29 30,1,70,,161227,19,0,29 30,1,30,,161228,19,0,29 30,1,70,,161229,19,0,29 30,1,30,,161230,19,0,29 30,1,70,,161231,19,0,29 30,1,30,,161232,19,0,29 30,1,70,,161233,19,0,29 30,1,30,,161234,19,0,29 30,1,70,,161235,19,0,29 30,1,30,,161236,19,0,29 30,1,70,,161237,19,0,29 30,1,30,,161238,19,0,29 30,1,70,,161239,19,0,29 30,1,30,,161240,19,0,29 30,1,70,,161241,19,0,29 30,1,30,,161242,19,0,29 30,1,70,,161243,19,0,29 30,1
12201,'122-Sunday-1-26-06-0000001',1012,,161244,19,0,29 30,1,30,,161254,19,0,29 30,1,70,,161245,19,0,29 30,1,30,,161255,19,0,29 30,1,70,,161246,19,0,29 30,1,30,,161256,19,0,29 30,1,70,,161247,19,0,29 30,1,30,,161257,19,0,29 30,1,70,,161248,19,0,29 30,1,30,,161258,19,0,29 30,1,70,,161249,19,0,29 30,1,30,,161259,19,0,29 30,1,70,,161250,19,0,29 30,1,30,,161260,19,0,29 30,1,70,,161251,19,0,29 30,1,30,,161261,19,0,29 30,1,70,,161252,19,0,29 30,1,30,,161262,19,0,29 30,1,70,,161253,19,0,29 30,1
61000,'610-Weekday-3-26-06-1110100',1546,,165149,33,,,1,55,,165150,33,,,1
61001,'610-Weekday-3-26-06-1111100',720,,165151,11,,,1,6,,165152,11,,,1,81,,165153,11,,,1,11,,165154,11,,,1
61100,'611-Weekday-3-26-06-1110100',1525,,165155,20,,,1
61101,'611-Weekday-3-26-06-1111100',736,,165156,11,,,1
61600,'616-Weekday-3-26-06-1110100',1534,,165165,22,,,1
61601,'616-Weekday-3-26-06-1111100',806,,165166,11,,,1
68401,'684-Weekday-3-26-06-1111100',737,,165285,11,,,1
