'DX-560-Weekday-1-24-12-1111100',56000,52800,0,'Edm',1,1500,0,'Edm',1,1500,0,'Edm',1,4300,0,'Edm',1,700,0,'Edm',1,800,0,'Edm',1,200,0,'Edm',1,1000,0,'Edm',1,300,0,'Edm',1,700,0,'Edm',1,300,0,'Edm',1,1000,0,'Edm',1,700,0,'Edm',1,4300,0,'Edm',1,1000,0,'Edm',1,2000,0,'Edm',1,1500,0,'Edm',1,5500,0,'Edm',1,10500,0,'Edm',1,10000,0,'Edm',1,10000,0,'Edm',1,10000,0,'Edm',1,10000,0,'Edm',1,10000,0,'Edm',1,10000,0,'Edm',1,2100,0,'Edm',1,2000,0,'Spruce Grv',1,6000,0,'Edm',1,2000,0,'Spruce Grv',1,2000,0,'Spruce Grv',1,6000,0,'Spruce Grv',1,2000,0,'Edm',1,2500,0,'Spruce Grv',1,7700,0,'Spruce Grv',1,10000,0,'Edm',1,20000,0,'Spruce Grv',1
'DX-560-Weekday-1-24-12-1111100',56001,161700,,'',1,4000,,'',1,6000,,'',1,2000,,'',1,8500,,'',1,3700,,'',1,30000,,'',1
'DX-560-Weekday-3-24-12-1111100',56000,52800,0,'Edm',1,1500,0,'Edm',1,1500,0,'Edm',1,4300,0,'Edm',1,1500,0,'Edm',1,200,0,'Edm',1,1300,0,'Edm',1,700,0,'Edm',1,1300,0,'Edm',1,700,0,'Edm',1,5300,0,'Edm',1,2000,0,'Edm',1,1500,0,'Edm',1,16000,0,'Edm',1,20000,0,'Edm',1,20000,0,'Edm',1,20000,0,'Edm',1,10100,0,'Edm',1,2000,0,'Spruce Grv',1,8000,0,'Spruce Grv',1,2000,0,'Edm',1,2500,0,'Spruce Grv',1,7700,0,'Spruce Grv',1,10000,0,'Edm',1,20000,0,'Spruce Grv',1
'DX-560-Weekday-3-24-12-1111100',56001,165700,,'',1,8000,,'',1,8500,,'',1,3700,,'',1,30000,,'',1
'DX-560-Weekday-4-24-12-1111100',56000,52800,0,'Edm',1,1500,0,'Edm',1,1500,0,'Edm',1,4300,0,'Edm',1,700,0,'Edm',1,800,0,'Edm',1,200,0,'Edm',1,1000,0,'Edm',1,300,0,'Edm',1,700,0,'Edm',1,300,0,'Edm',1,1000,0,'Edm',1,700,0,'Edm',1,4300,0,'Edm',1,1000,0,'Edm',1,2000,0,'Edm',1,1500,0,'Edm',1,5500,0,'Edm',1,10500,0,'Edm',1,10000,0,'Edm',1,10000,0,'Edm',1,10000,0,'Edm',1,10000,0,'Edm',1,10000,0,'Edm',1,10000,0,'Edm',1,2100,0,'Edm',1,2000,0,'Spruce Grv',1,6000,0,'Edm',1,2000,0,'Spruce Grv',1,2000,0,'Spruce Grv',1,6000,0,'Spruce Grv',1,2000,0,'Edm',1,2500,0,'Spruce Grv',1,7700,0,'Spruce Grv',1,10000,0,'Edm',1,20000,0,'Spruce Grv',1
'DX-560-Weekday-4-24-12-1111100',56001,161700,,'',1,4000,,'',1,6000,,'',1,2000,,'',1,8500,,'',1,3700,,'',1,30000,,'',1
'DX-560-Weekday-5-24-12-1111100',56000,52800,0,'Edm',1,1500,0,'Edm',1,1500,0,'Edm',1,4300,0,'Edm',1,700,0,'Edm',1,800,0,'Edm',1,200,0,'Edm',1,1000,0,'Edm',1,300,0,'Edm',1,700,0,'Edm',1,300,0,'Edm',1,1000,0,'Edm',1,700,0,'Edm',1,4300,0,'Edm',1,1000,0,'Edm',1,2000,0,'Edm',1,1500,0,'Edm',1,5500,0,'Edm',1,10500,0,'Edm',1,10000,0,'Edm',1,10000,0,'Edm',1,10000,0,'Edm',1,10000,0,'Edm',1,10000,0,'Edm',1,10000,0,'Edm',1,2100,0,'Edm',1,2000,0,'Spruce Grv',1,6000,0,'Edm',1,2000,0,'Spruce Grv',1,2000,0,'Spruce Grv',1,6000,0,'Spruce Grv',1,2000,0,'Edm',1,2500,0,'Spruce Grv',1,7700,0,'Spruce Grv',1,10000,0,'Edm',1,20000,0,'Spruce Grv',1
'DX-560-Weekday-5-24-12-1111100',56001,161700,,'',1,4000,,'',1,6000,,'',1,2000,,'',1,8500,,'',1,3700,,'',1,30000,,'',1
'DX-560-Weekday-6-24-12-1111100',56000,52800,0,'Edm',1,1500,0,'Edm',1,1500,0,'Edm',1,4300,0,'Edm',1,1500,0,'Edm',1,200,0,'Edm',1,1300,0,'Edm',1,700,0,'Edm',1,1300,0,'Edm',1,700,0,'Edm',1,5300,0,'Edm',1,2000,0,'Edm',1,1500,0,'Edm',1,16000,0,'Edm',1,20000,0,'Edm',1,20000,0,'Edm',1,20000,0,'Edm',1,10100,0,'Edm',1,2000,0,'Spruce Grv',1,8000,0,'Spruce Grv',1,2000,0,'Edm',1,2500,0,'Spruce Grv',1,7700,0,'Spruce Grv',1,10000,0,'Edm',1,20000,0,'Spruce Grv',1
'DX-560-Weekday-6-24-12-1111100',56001,165700,,'',1,8000,,'',1,8500,,'',1,3700,,'',1,30000,,'',1
