5201,'052-Weekday-1-26-06-1111100',546,,155350,15,,,1,70,,155309,15,,,1,32,,155310,15,,,1,60,,155311,15,,,1,21,,155312,15,,,1,20,,155313,15,,,1,60,,155314,15,,,1,25,,155315,15,,,1,25,,155316,15,,,1,70,,155317,15,,,1,30,,155318,15,,,1,70,,155319,15,,,1,30,,155320,15,,,1,70,,155321,15,,,1,30,,155322,15,,,1,70,,155323,15,,,1,30,,155324,15,,,1,70,,155325,15,,,1,30,,155326,15,,,1,70,,155327,15,,,1,20,,155328,15,,,1,54,,155329,15,,,1,17,,155330,15,,,1,15,,155331,15,,,1,14,,155332,15,,,1,55,,155333,15,,,1,15,,155334,15,,,1,15,,155335,15,,,1,15,,155336,15,,,1,55,,155337,15,,,1,25,,155338,15,,,1,29,,155339,15,,,1,68,,155340,15,,,1,31,,155341,15,,,1,70,,155342,15,,,1,30,,155343,15,,,1,70,,155344,15,,,1,30,,155345,15,,,1,70,,155346,15,,,1,30,,155347,15,,,1,99,,155348,15,,,1,100,,155349,15,,,1
5201,'052-Saturday-1-26-06-0000010',631,,155351,15,,,1,100,,155352,15,,,1,100,,155353,15,,,1,72,,155354,15,,,1,28,,155355,15,,,1,70,,155356,15,,,1,30,,155357,15,,,1,70,,155358,15,,,1,30,,155359,15,,,1,70,,155360,15,,,1,30,,155361,15,,,1,70,,155362,15,,,1,30,,155363,15,,,1,70,,155364,15,,,1,30,,155365,15,,,1,70,,155366,15,,,1,30,,155367,15,,,1,70,,155368,15,,,1,30,,155369,15,,,1,69,,155370,15,,,1,30,,155371,15,,,1,70,,155372,15,,,1,30,,155373,15,,,1,70,,155374,15,,,1,30,,155375,15,,,1,100,,155376,15,,,1,100,,155377,15,,,1,100,,155378,15,,,1,100,,155379,15,,,1
5201,'052-Sunday-1-26-06-0000001',729,,155403,15,,,1,100,,155380,15,,,1,101,,155381,15,,,1,100,,155382,15,,,1,70,,155383,15,,,1,30,,155384,15,,,1,70,,155385,15,,,1,30,,155386,15,,,1,70,,155387,15,,,1,30,,155388,15,,,1,70,,155389,15,,,1,30,,155390,15,,,1,70,,155391,15,,,1,30,,155392,15,,,1,70,,155393,15,,,1,34,,155394,15,,,1,73,,155395,15,,,1,30,,155396,15,,,1,70,,155397,15,,,1,30,,155398,15,,,1,70,,155402,15,,,1,30,,155399,15,,,1,100,,155400,15,,,1,100,,155401,15,,,1,100,,155404,15,,,1
5201,'052-Sunday-2-26-06-0000001',729,,155428,15,,,1,100,,155405,15,,,1,101,,155406,15,,,1,100,,155407,15,,,1,70,,155408,15,,,1,30,,155409,15,,,1,70,,155410,15,,,1,30,,155411,15,,,1,70,,155412,15,,,1,30,,155413,15,,,1,70,,155414,15,,,1,30,,155415,15,,,1,70,,155416,15,,,1,30,,155417,15,,,1,70,,155418,15,,,1,34,,155419,15,,,1,73,,155420,15,,,1,30,,155421,15,,,1,70,,155422,15,,,1,30,,155423,15,,,1,70,,155427,15,,,1,30,,155424,15,,,1,100,,155425,15,,,1,100,,155426,15,,,1,100,,155429,15,,,1,100,,155430,15,,,1,100,,155431,15,,,1
5401,'054-Weekday-1-26-06-1111100',521,,155777,27,,,1,30,,155778,27,,,1,55,,155821,27,,,1,13,,155779,27,,,1,24,,155780,27,,,1,61,,155781,27,,,1,13,,155782,27,,,1,19,,155783,27,,,1,16,,155784,27,,,1,56,,155785,27,,,1,15,,155786,27,,,1,14,,155787,27,,,1,17,,155788,27,,,1,69,,155789,27,,,1,32,,155790,27,,,1,67,,155791,27,,,1,31,,155792,27,,,1,70,,155793,27,,,1,30,,155794,27,,,1,70,,155795,27,,,1,30,,155796,27,,,1,70,,155797,27,,,1,30,,155798,27,,,1,70,,155799,27,,,1,30,,155800,27,,,1,72,,155801,27,,,1,20,,155776,27,,,1,56,,155802,27,,,1,17,,155803,27,,,1,16,,155804,27,,,1,16,,155805,27,,,1,57,,155806,27,,,1,17,,155807,27,,,1,15,,155808,27,,,1,19,,155809,27,,,1,61,,155810,27,,,1,26,,155811,27,,,1,66,,155812,27,,,1,39,,155813,27,,,1,70,,155814,27,,,1,30,,155815,27,,,1,70,,155816,27,,,1,30,,155817,27,,,1,69,,155818,27,,,1,97,,155819,27,,,1,100,,155820,27,,,1
5401,'054-Saturday-1-26-06-0000010',623,,155822,27,,,1,30,,155823,27,,,1,70,,155824,27,,,1,30,,155825,27,,,1,70,,155826,27,,,1,23,,155827,27,,,1,62,,155828,27,,,1,24,,155829,27,,,1,20,,155830,27,,,1,60,,155831,27,,,1,20,,155832,27,,,1,20,,155833,27,,,1,60,,155834,27,,,1,20,,155835,27,,,1,20,,155836,27,,,1,60,,155837,27,,,1,20,,155838,27,,,1,20,,155839,27,,,1,60,,155840,27,,,1,20,,155841,27,,,1,20,,155842,27,,,1,60,,155843,27,,,1,20,,155844,27,,,1,20,,155845,27,,,1,60,,155846,27,,,1,20,,155847,27,,,1,20,,155848,27,,,1,60,,155849,27,,,1,20,,155850,27,,,1,20,,155851,27,,,1,62,,155852,27,,,1,21,,155853,27,,,1,20,,155854,27,,,1,60,,155855,27,,,1,20,,155856,27,,,1,20,,155857,27,,,1,60,,155858,27,,,1,20,,155859,27,,,1,20,,155860,27,,,1,60,,155861,27,,,1,20,,155862,27,,,1,20,,155863,27,,,1,60,,155864,27,,,1,20,,155865,27,,,1,20,,155866,27,,,1,70,,155867,27,,,1,100,,155868,27,,,1,100,,155869,27,,,1
5401,'054-Sunday-1-26-06-0000001',725,,155870,27,,,1,30,,155871,27,,,1,70,,155872,27,,,1,30,,155873,27,,,1,72,,155874,27,,,1,30,,155875,27,,,1,70,,155876,27,,,1,25,,155877,27,,,1,60,,155878,27,,,1,20,,155879,27,,,1,20,,155880,27,,,1,60,,155881,27,,,1,20,,155882,27,,,1,20,,155883,27,,,1,60,,155884,27,,,1,20,,155885,27,,,1,20,,155886,27,,,1,60,,155887,27,,,1,20,,155888,27,,,1,20,,155889,27,,,1,60,,155890,27,,,1,20,,155891,27,,,1,20,,155892,27,,,1,60,,155893,27,,,1,20,,155894,27,,,1,20,,155895,27,,,1,60,,155896,27,,,1,21,,155897,27,,,1,20,,155898,27,,,1,60,,155899,27,,,1,20,,155900,27,,,1,20,,155901,27,,,1,60,,155902,27,,,1,20,,155903,27,,,1,25,,155904,27,,,1,70,,155905,27,,,1,30,,155906,27,,,1,70,,155907,27,,,1,30,,155908,27,,,1,70,,155909,27,,,1,100,,155910,27,,,1,100,,155911,27,,,1
68301,'683-Weekday-3-26-06-1111100',817,,165282,48,,,1
68401,'684-Weekday-3-26-06-1111100',811,,165285,42,,,1
90501,'905-Weekday-1-26-06-1111100',536,,171192,15,,,1,70,,171193,15,,,1,31,,171194,15,,,1,70,,171195,15,,,1,30,,171196,15,,,1,70,,171197,15,,,1,30,,171198,15,,,1,70,,171199,15,,,1,527,,171200,15,,,1,69,,171201,15,,,1,30,,171202,15,,,1,70,,171203,15,,,1,30,,171204,15,,,1,70,,171205,15,,,1,30,,171206,15,,,1,70,,171207,15,,,1
