11101,'111-Weekday-1-26-09-1111100',937,,217243,22,,,1,100,,217244,22,,,1,100,,217245,22,,,1,100,,217246,22,,,1,100,,217247,22,,,1,100,,217248,22,,,1,100,,217249,22,,,1
11101,'111-Weekday-2-26-09-1111100',937,,217250,22,,,1,100,,217251,22,,,1,100,,217252,22,,,1,100,,217253,22,,,1,100,,217254,22,,,1,100,,217255,22,,,1,100,,217256,22,,,1
11101,'111-Weekday-4-26-09-1111100',937,,217257,22,,,1,100,,217258,22,,,1,100,,217259,22,,,1,100,,217260,22,,,1,100,,217261,22,,,1,100,,217262,22,,,1,100,,217263,22,,,1
11101,'111-Saturday-1-26-09-0000010',920,,217264,15,,,1,100,,217266,15,,,1,100,,217267,15,,,1,100,,217268,15,,,1,100,,217269,15,,,1,100,,217270,15,,,1,100,,217265,15,,,1
1000100,'001-Weekday-1-26-09-1111100',503,,242650,5,,,1,40,,242651,5,,,1,80,,242652,5,,,1,81,,242653,5,,,1,20,,242654,5,,,1,20,,242655,5,,,1,60,,242656,5,,,1,20,,242657,5,,,1,25,,242658,5,,,1,70,,242659,5,,,1,30,,242660,5,,,1,70,,242661,5,,,1,30,,242662,5,,,1,70,,242663,5,,,1,30,,242664,5,,,1,70,,242665,5,,,1,30,,242666,5,,,1,70,,242667,5,,,1,30,,242668,5,,,1,70,,242669,5,,,1,30,,242670,5,,,1,68,,242671,5,,,1,20,,242672,5,,,1,20,,242673,5,,,1,60,,242674,5,,,1,20,,242675,5,,,1,20,,242676,5,,,1,65,,242677,5,,,1,30,,242678,5,,,1,70,,242679,5,,,1,30,,242680,5,,,1,70,,242681,5,,,1,30,,242682,5,,,1,70,,242683,5,,,1,30,,242684,5,,,1,70,,242685,5,,,1,27,,242686,5,,,1,79,,242687,5,,,1,80,,242688,5,,,1,40,,242689,5,,,1
1000100,'001-Weekday-2-26-09-1111100',503,,242691,5,,,1,40,,242692,5,,,1,80,,242693,5,,,1,81,,242694,5,,,1,20,,242695,5,,,1,20,,242696,5,,,1,60,,242697,5,,,1,20,,242698,5,,,1,25,,242699,5,,,1,70,,242700,5,,,1,30,,242701,5,,,1,70,,242702,5,,,1,30,,242703,5,,,1,70,,242704,5,,,1,30,,242705,5,,,1,70,,242706,5,,,1,30,,242707,5,,,1,70,,242708,5,,,1,30,,242709,5,,,1,70,,242710,5,,,1,30,,242711,5,,,1,68,,242712,5,,,1,20,,242713,5,,,1,20,,242714,5,,,1,60,,242715,5,,,1,20,,242716,5,,,1,20,,242717,5,,,1,65,,242718,5,,,1,30,,242719,5,,,1,70,,242720,5,,,1,30,,242721,5,,,1,70,,242722,5,,,1,30,,242723,5,,,1,70,,242724,5,,,1,30,,242725,5,,,1,70,,242726,5,,,1,27,,242727,5,,,1,79,,242728,5,,,1,80,,242729,5,,,1,40,,242730,5,,,1
1000100,'001-Weekday-4-26-09-1111100',503,,242732,5,,,1,40,,242733,5,,,1,80,,242734,5,,,1,81,,242735,5,,,1,20,,242736,5,,,1,20,,242737,5,,,1,60,,242738,5,,,1,20,,242739,5,,,1,25,,242740,5,,,1,70,,242741,5,,,1,30,,242742,5,,,1,70,,242743,5,,,1,30,,242744,5,,,1,70,,242745,5,,,1,30,,242746,5,,,1,70,,242747,5,,,1,30,,242748,5,,,1,70,,242749,5,,,1,30,,242750,5,,,1,70,,242751,5,,,1,30,,242752,5,,,1,68,,242753,5,,,1,20,,242754,5,,,1,20,,242755,5,,,1,60,,242756,5,,,1,20,,242757,5,,,1,20,,242758,5,,,1,65,,242759,5,,,1,30,,242760,5,,,1,70,,242761,5,,,1,30,,242762,5,,,1,70,,242763,5,,,1,30,,242764,5,,,1,70,,242765,5,,,1,30,,242766,5,,,1,70,,242767,5,,,1,27,,242768,5,,,1,79,,242769,5,,,1,80,,242770,5,,,1,40,,242771,5,,,1
1000100,'001-Saturday-1-26-09-0000010',624,,242772,5,,,1,80,,242773,5,,,1,40,,242774,5,,,1,75,,242775,5,,,1,30,,242776,5,,,1,70,,242777,5,,,1,30,,242778,5,,,1,70,,242779,5,,,1,30,,242780,5,,,1,70,,242781,5,,,1,30,,242782,5,,,1,70,,242783,5,,,1,30,,242784,5,,,1,70,,242785,5,,,1,30,,242786,5,,,1,70,,242787,5,,,1,30,,242788,5,,,1,70,,242789,5,,,1,30,,242790,5,,,1,70,,242791,5,,,1,30,,242792,5,,,1,70,,242793,5,,,1,30,,242794,5,,,1,70,,242795,5,,,1,28,,242796,5,,,1,72,,242797,5,,,1,30,,242798,5,,,1,69,,242799,5,,,1,31,,242800,5,,,1,70,,242801,5,,,1,30,,242802,5,,,1,70,,242803,5,,,1,30,,242804,5,,,1,75,,242805,5,,,1,80,,242806,5,,,1
1000100,'001-Sunday-1-26-09-0000001',600,,242807,5,,,1,40,,242808,5,,,1,80,,242809,5,,,1,80,,242810,5,,,1,40,,242811,5,,,1,80,,242812,5,,,1,80,,242813,5,,,1,35,,242814,5,,,1,70,,242815,5,,,1,30,,242816,5,,,1,70,,242817,5,,,1,30,,242818,5,,,1,70,,242819,5,,,1,30,,242820,5,,,1,70,,242821,5,,,1,30,,242822,5,,,1,70,,242823,5,,,1,30,,242824,5,,,1,70,,242825,5,,,1,30,,242826,5,,,1,70,,242827,5,,,1,30,,242828,5,,,1,70,,242829,5,,,1,30,,242830,5,,,1,68,,242831,5,,,1,40,,242832,5,,,1,80,,242833,5,,,1,80,,242834,5,,,1,40,,242835,5,,,1,80,,242836,5,,,1,80,,242837,5,,,1,40,,242838,5,,,1
2000100,'001-Weekday-1-26-09-1111100',523,,243456,5,,,1,80,,243457,5,,,1,41,,243458,5,,,1,70,,243459,5,,,1,20,,243460,5,,,1,20,,243461,5,,,1,60,,243462,5,,,1,20,,243463,5,,,1,70,,243464,5,,,1,30,,243465,5,,,1,70,,243466,5,,,1,30,,243467,5,,,1,70,,243468,5,,,1,30,,243469,5,,,1,70,,243470,5,,,1,30,,243471,5,,,1,70,,243472,5,,,1,30,,243473,5,,,1,70,,243474,5,,,1,30,,243475,5,,,1,70,,243476,5,,,1,23,,243477,5,,,1,20,,243478,5,,,1,60,,243479,5,,,1,20,,243480,5,,,1,20,,243481,5,,,1,60,,243482,5,,,1,30,,243483,5,,,1,70,,243484,5,,,1,30,,243485,5,,,1,70,,243486,5,,,1,30,,243487,5,,,1,70,,243488,5,,,1,30,,243489,5,,,1,70,,243490,5,,,1,30,,243491,5,,,1,71,,243492,5,,,1,40,,243493,5,,,1,80,,243494,5,,,1,80,,243495,5,,,1
2000100,'001-Weekday-2-26-09-1111100',523,,243496,5,,,1,80,,243497,5,,,1,41,,243498,5,,,1,70,,243499,5,,,1,20,,243500,5,,,1,20,,243501,5,,,1,60,,243502,5,,,1,20,,243503,5,,,1,70,,243504,5,,,1,30,,243505,5,,,1,70,,243506,5,,,1,30,,243507,5,,,1,70,,243508,5,,,1,30,,243509,5,,,1,70,,243510,5,,,1,30,,243511,5,,,1,70,,243512,5,,,1,30,,243513,5,,,1,70,,243514,5,,,1,30,,243515,5,,,1,70,,243516,5,,,1,23,,243517,5,,,1,20,,243518,5,,,1,60,,243519,5,,,1,20,,243520,5,,,1,20,,243521,5,,,1,60,,243522,5,,,1,30,,243523,5,,,1,70,,243524,5,,,1,30,,243525,5,,,1,70,,243526,5,,,1,30,,243527,5,,,1,70,,243528,5,,,1,30,,243529,5,,,1,70,,243530,5,,,1,30,,243531,5,,,1,71,,243532,5,,,1,40,,243533,5,,,1,80,,243534,5,,,1,80,,243535,5,,,1
2000100,'001-Weekday-4-26-09-1111100',523,,243536,5,,,1,80,,243537,5,,,1,41,,243538,5,,,1,70,,243539,5,,,1,20,,243540,5,,,1,20,,243541,5,,,1,60,,243542,5,,,1,20,,243543,5,,,1,70,,243544,5,,,1,30,,243545,5,,,1,70,,243546,5,,,1,30,,243547,5,,,1,70,,243548,5,,,1,30,,243549,5,,,1,70,,243550,5,,,1,30,,243551,5,,,1,70,,243552,5,,,1,30,,243553,5,,,1,70,,243554,5,,,1,30,,243555,5,,,1,70,,243556,5,,,1,23,,243557,5,,,1,20,,243558,5,,,1,60,,243559,5,,,1,20,,243560,5,,,1,20,,243561,5,,,1,60,,243562,5,,,1,30,,243563,5,,,1,70,,243564,5,,,1,30,,243565,5,,,1,70,,243566,5,,,1,30,,243567,5,,,1,70,,243568,5,,,1,30,,243569,5,,,1,70,,243570,5,,,1,30,,243571,5,,,1,71,,243572,5,,,1,40,,243573,5,,,1,80,,243574,5,,,1,80,,243575,5,,,1
2000100,'001-Saturday-1-26-09-0000010',604,,243576,5,,,1,40,,243577,5,,,1,80,,243578,5,,,1,80,,243579,5,,,1,30,,243580,5,,,1,70,,243581,5,,,1,30,,243582,5,,,1,70,,243583,5,,,1,30,,243584,5,,,1,70,,243585,5,,,1,30,,243586,5,,,1,70,,243587,5,,,1,30,,243588,5,,,1,70,,243589,5,,,1,30,,243590,5,,,1,70,,243591,5,,,1,30,,243592,5,,,1,70,,243593,5,,,1,30,,243594,5,,,1,70,,243595,5,,,1,30,,243596,5,,,1,70,,243597,5,,,1,30,,243598,5,,,1,69,,243599,5,,,1,31,,243600,5,,,1,70,,243601,5,,,1,29,,243602,5,,,1,70,,243603,5,,,1,31,,243604,5,,,1,70,,243605,5,,,1,30,,243606,5,,,1,70,,243607,5,,,1,30,,243608,5,,,1,70,,243609,5,,,1,40,,243610,5,,,1
2000100,'001-Sunday-1-26-09-0000001',540,,243611,5,,,1,80,,243612,5,,,1,80,,243613,5,,,1,40,,243614,5,,,1,80,,243615,5,,,1,80,,243616,5,,,1,40,,243617,5,,,1,80,,243618,5,,,1,30,,243619,5,,,1,70,,243620,5,,,1,30,,243621,5,,,1,70,,243622,5,,,1,30,,243623,5,,,1,70,,243624,5,,,1,30,,243625,5,,,1,70,,243626,5,,,1,30,,243627,5,,,1,70,,243628,5,,,1,30,,243629,5,,,1,70,,243630,5,,,1,30,,243631,5,,,1,70,,243632,5,,,1,30,,243633,5,,,1,70,,243634,5,,,1,30,,243635,5,,,1,73,,243636,5,,,1,80,,243637,5,,,1,40,,243638,5,,,1,80,,243639,5,,,1,80,,243640,5,,,1,40,,243641,5,,,1,80,,243642,5,,,1
