65001,'650-Weekday-1-26-09-1111100',1537,,227646,35,,,1
65001,'650-Weekday-3-26-09-1111100',1537,,227647,35,,,1
70301,'703-Weekday-1-26-09-1111100',545,,228886,27,,,1,70,,228887,27,,,1,33,,228930,27,,,1,64,,228888,27,,,1,24,,228928,27,,,1,64,,228889,27,,,1,24,,228919,27,,,1,24,,228890,27,,,1,62,,228927,27,,,1,20,,228929,27,,,1,20,,228891,27,,,1,60,,228892,27,,,1,20,,228893,27,,,1,20,,228894,27,,,1,60,,228895,27,,,1,20,,228896,27,,,1,20,,228897,27,,,1,60,,228898,27,,,1,20,,228899,27,,,1,20,,228900,27,,,1,60,,228901,27,,,1,20,,228902,27,,,1,20,,228903,27,,,1,60,,228904,27,,,1,20,,228905,27,,,1,20,,228926,27,,,1,63,,228906,27,,,1,11,,228932,23,,,1,7,,228907,27,,,1,15,,228908,27,,,1,55,,228909,27,,,1,15,,228910,27,,,1,15,,228911,27,,,1,15,,228912,27,,,1,55,,228913,27,,,1,15,,228914,27,,,1,15,,228915,27,,,1,15,,228931,27,,,1,70,,228916,27,,,1,27,,228917,27,,,1,68,,228918,27,,,1,25,,228925,27,,,1,65,,228920,27,,,1,30,,228921,27,,,1,70,,228922,27,,,1,30,,228923,27,,,1,70,,228924,27,,,1
70301,'703-Weekday-2-26-09-1111100',545,,228933,27,,,1,70,,228934,27,,,1,33,,228977,27,,,1,64,,228935,27,,,1,24,,228975,27,,,1,64,,228936,27,,,1,24,,228966,27,,,1,24,,228937,27,,,1,62,,228974,27,,,1,20,,228976,27,,,1,20,,228938,27,,,1,60,,228939,27,,,1,20,,228940,27,,,1,20,,228941,27,,,1,60,,228942,27,,,1,20,,228943,27,,,1,20,,228944,27,,,1,60,,228945,27,,,1,20,,228946,27,,,1,20,,228947,27,,,1,60,,228948,27,,,1,20,,228949,27,,,1,20,,228950,27,,,1,60,,228951,27,,,1,20,,228952,27,,,1,20,,228973,27,,,1,63,,228953,27,,,1,11,,228979,23,,,1,7,,228954,27,,,1,15,,228955,27,,,1,55,,228956,27,,,1,15,,228957,27,,,1,15,,228958,27,,,1,15,,228959,27,,,1,55,,228960,27,,,1,15,,228961,27,,,1,15,,228962,27,,,1,15,,228978,27,,,1,70,,228963,27,,,1,27,,228964,27,,,1,68,,228965,27,,,1,25,,228972,27,,,1,65,,228967,27,,,1,30,,228968,27,,,1,70,,228969,27,,,1,30,,228970,27,,,1,70,,228971,27,,,1
70301,'703-Weekday-4-26-09-1111100',545,,228980,27,,,1,70,,228981,27,,,1,33,,229024,27,,,1,64,,228982,27,,,1,24,,229022,27,,,1,64,,228983,27,,,1,24,,229013,27,,,1,24,,228984,27,,,1,62,,229021,27,,,1,20,,229023,27,,,1,20,,228985,27,,,1,60,,228986,27,,,1,20,,228987,27,,,1,20,,228988,27,,,1,60,,228989,27,,,1,20,,228990,27,,,1,20,,228991,27,,,1,60,,228992,27,,,1,20,,228993,27,,,1,20,,228994,27,,,1,60,,228995,27,,,1,20,,228996,27,,,1,20,,228997,27,,,1,60,,228998,27,,,1,20,,228999,27,,,1,20,,229020,27,,,1,63,,229000,27,,,1,18,,229001,27,,,1,15,,229002,27,,,1,55,,229003,27,,,1,15,,229004,27,,,1,15,,229005,27,,,1,15,,229006,27,,,1,55,,229007,27,,,1,15,,229008,27,,,1,15,,229009,27,,,1,15,,229025,27,,,1,70,,229010,27,,,1,27,,229011,27,,,1,68,,229012,27,,,1,25,,229019,27,,,1,65,,229014,27,,,1,30,,229015,27,,,1,70,,229016,27,,,1,30,,229017,27,,,1,70,,229018,27,,,1
70301,'703-Saturday-1-26-09-0000010',818,,229048,27,,,1,34,,229047,27,,,1,71,,229026,27,,,1,32,,229037,27,,,1,70,,229027,27,,,1,30,,229038,27,,,1,70,,229028,27,,,1,30,,229039,27,,,1,70,,229029,27,,,1,30,,229040,27,,,1,70,,229030,27,,,1,30,,229041,27,,,1,70,,229031,27,,,1,30,,229042,27,,,1,70,,229032,27,,,1,30,,229043,27,,,1,70,,229033,27,,,1,30,,229044,27,,,1,69,,229034,27,,,1,28,,229045,27,,,1,70,,229035,27,,,1,30,,229046,27,,,1,70,,229036,27,,,1
70301,'703-Sunday-1-26-09-0000001',1048,,229064,27,,,1,70,,229066,27,,,1,30,,229065,27,,,1,70,,229056,27,,,1,30,,229049,27,,,1,70,,229050,27,,,1,30,,229057,27,,,1,70,,229058,27,,,1,30,,229051,27,,,1,70,,229052,27,,,1,30,,229059,27,,,1,70,,229060,27,,,1,30,,229053,27,,,1,69,,229061,27,,,1,29,,229054,27,,,1,70,,229063,27,,,1,30,,229055,27,,,1,70,,229062,27,,,1
72401,'724-Weekday-1-26-09-1111100',641,,235192,45,,,1,74,,235193,45,,,1,34,,235194,45,,,1,70,,235195,45,,,1,30,,235196,45,,,1,67,,235197,45,,,1,628,,235198,45,,,1,70,,235199,45,,,1,30,,235200,45,,,1,70,,235201,45,,,1,30,,235202,45,,,1,70,,235203,45,,,1,30,,235204,45,,,1
72401,'724-Weekday-2-26-09-1111100',641,,235205,45,,,1,74,,235206,45,,,1,34,,235207,45,,,1,70,,235208,45,,,1,30,,235209,45,,,1,67,,235210,45,,,1,628,,235211,45,,,1,70,,235212,45,,,1,30,,235213,45,,,1,70,,235214,45,,,1,30,,235215,45,,,1,70,,235216,45,,,1,30,,235217,45,,,1
72401,'724-Weekday-4-26-09-1111100',641,,235218,45,,,1,74,,235219,45,,,1,34,,235220,45,,,1,70,,235221,45,,,1,30,,235222,45,,,1,67,,235223,45,,,1,628,,235224,45,,,1,70,,235225,45,,,1,30,,235226,45,,,1,70,,235227,45,,,1,30,,235228,45,,,1,70,,235229,45,,,1,30,,235230,45,,,1
