91601,'916-Weekday-1-26-04-0001000',1234,,126907,29,,,1
91601,'916-Weekday-1-26-04-1110100',1540,,126908,29,,,1,93,,126909,29,,,1
91601,'916-Weekday-1-26-04-1111100',602,,126910,29,,,1,31,,126945,29,,,1,20,,126946,29,,,1,59,,126947,29,,,1,20,,126948,29,,,1,20,,126949,29,,,1,60,,126950,29,,,1,24,,126911,29,,,1,65,,126944,29,,,1,31,,126912,29,,,1,72,,126913,29,,,1,30,,126914,29,,,1,70,,126915,29,,,1,30,,126916,29,,,1,70,,126917,29,,,1,30,,126918,29,,,1,70,,126919,29,,,1,30,,126920,29,,,1,70,,126921,29,,,1,30,,126922,29,,,1,71,,126923,29,,,1,20,,126924,29,,,1,12,,126925,29,,,1,12,,126926,29,,,1,52,,126951,29,,,1,12,,126927,29,,,1,12,,126928,29,,,1,12,,126929,29,,,1,12,,126930,29,,,1,52,,126952,29,,,1,12,,126931,29,,,1,12,,126932,29,,,1,12,,126933,29,,,1,12,,126934,29,,,1,56,,126943,29,,,1,29,,126935,29,,,1,68,,126936,29,,,1,30,,126937,29,,,1,70,,126938,29,,,1,30,,126939,29,,,1,70,,126940,29,,,1,30,,126941,29,,,1,70,,126942,29,,,1,28,,126953,29,,,1,26,,126954,29,,,1,100,,126955,29,,,1
91601,'916-Weekday-2-26-04-1110100',1633,,148152,29,,,1
91601,'916-Weekday-2-26-04-1111100',602,,148153,29,,,1,31,,148188,29,,,1,20,,148189,29,,,1,59,,148190,29,,,1,20,,148191,29,,,1,20,,148192,29,,,1,60,,148193,29,,,1,24,,148154,29,,,1,65,,148187,29,,,1,31,,148155,29,,,1,72,,148156,29,,,1,30,,148157,29,,,1,70,,148158,29,,,1,30,,148159,29,,,1,70,,148160,29,,,1,30,,148161,29,,,1,70,,148162,29,,,1,30,,148163,29,,,1,70,,148164,29,,,1,30,,148165,29,,,1,71,,148166,29,,,1,20,,148167,29,,,1,12,,148168,29,,,1,12,,148169,29,,,1,52,,148194,29,,,1,12,,148170,29,,,1,12,,148171,29,,,1,12,,148172,29,,,1,12,,148173,29,,,1,52,,148195,29,,,1,12,,148174,29,,,1,12,,148175,29,,,1,12,,148176,29,,,1,12,,148177,29,,,1,56,,148186,29,,,1,29,,148178,29,,,1,68,,148179,29,,,1,30,,148180,29,,,1,70,,148181,29,,,1,30,,148182,29,,,1,70,,148183,29,,,1,30,,148184,29,,,1,70,,148185,29,,,1,28,,148196,29,,,1,26,,148197,29,,,1,100,,148198,29,,,1
91601,'916-Weekday-3-26-04-0001000',1234,,148199,29,,,1
91601,'916-Weekday-3-26-04-1110100',1540,,148200,29,,,1
91601,'916-Weekday-3-26-04-1111100',602,,148201,29,,,1,31,,148236,29,,,1,20,,148237,29,,,1,59,,148238,29,,,1,20,,148239,29,,,1,20,,148240,29,,,1,60,,148241,29,,,1,24,,148202,29,,,1,65,,148235,29,,,1,31,,148203,29,,,1,72,,148204,29,,,1,30,,148205,29,,,1,70,,148206,29,,,1,30,,148207,29,,,1,70,,148208,29,,,1,30,,148209,29,,,1,70,,148210,29,,,1,30,,148211,29,,,1,70,,148212,29,,,1,30,,148213,29,,,1,71,,148214,29,,,1,20,,148215,29,,,1,12,,148216,29,,,1,12,,148217,29,,,1,52,,148242,29,,,1,12,,148218,29,,,1,12,,148219,29,,,1,12,,148220,29,,,1,12,,148221,29,,,1,52,,148243,29,,,1,12,,148222,29,,,1,12,,148223,29,,,1,12,,148224,29,,,1,12,,148225,29,,,1,56,,148234,29,,,1,29,,148226,29,,,1,68,,148227,29,,,1,30,,148228,29,,,1,70,,148229,29,,,1,30,,148230,29,,,1,70,,148231,29,,,1,30,,148232,29,,,1,70,,148233,29,,,1,28,,148244,29,,,1,26,,148245,29,,,1,100,,148246,29,,,1
91601,'916-Saturday-1-26-04-0000010',654,,126956,29,,,1,100,,126957,29,,,1,70,,126958,29,,,1,30,,126959,29,,,1,73,,126960,29,,,1,31,,126961,29,,,1,72,,126962,29,,,1,70,,126963,29,,,1,30,,126964,29,,,1,70,,126965,29,,,1,30,,126966,29,,,1,70,,126967,29,,,1,30,,126968,29,,,1,70,,126969,29,,,1,30,,126970,29,,,1,70,,126971,29,,,1,30,,126972,29,,,1,70,,126973,29,,,1,30,,126974,29,,,1,70,,126975,29,,,1,29,,126976,29,,,1,28,,126977,29,,,1,70,,126978,29,,,1,30,,126979,29,,,1,70,,126980,29,,,1,100,,126981,29,,,1,100,,126982,29,,,1,100,,126983,29,,,1,100,,126984,29,,,1,100,,126985,29,,,1
91601,'916-Sunday-1-26-04-0000001',654,,126986,29,,,1,100,,126987,29,,,1,100,,126988,29,,,1,105,,126989,29,,,1,141,,126990,29,,,1,30,,126991,29,,,1,70,,126992,29,,,1,30,,126993,29,,,1,70,,126994,29,,,1,30,,126995,29,,,1,70,,126996,29,,,1,30,,126997,29,,,1,70,,126998,29,,,1,30,,126999,29,,,1,70,,127000,29,,,1,30,,127001,29,,,1,70,,127002,29,,,1,29,,127003,29,,,1,29,,127004,29,,,1,70,,127005,29,,,1,30,,127006,29,,,1,70,,127007,29,,,1,30,,127008,29,,,1,100,,127009,29,,,1,100,,127010,29,,,1,100,,127011,29,,,1,100,,127012,29,,,1
