91601,'916-Weekday-1-26-09-0001000',1227,,240137,22,,,1
91601,'916-Weekday-1-26-09-1110100',1527,,240139,22,,,1,102,,240138,22,,,1
91601,'916-Weekday-1-26-09-1111100',547,,240140,22,,,1,70,,240178,22,,,1,16,,240168,22,,,1,17,,240183,22,,,1,55,,240169,22,,,1,15,,240170,22,,,1,15,,240171,22,,,1,15,,240184,22,,,1,55,,240172,22,,,1,15,,240177,22,,,1,30,,240176,22,,,1,71,,240141,22,,,1,30,,240142,22,,,1,70,,240143,22,,,1,30,,240144,22,,,1,70,,240145,22,,,1,30,,240146,22,,,1,70,,240147,22,,,1,30,,240148,22,,,1,70,,240149,22,,,1,30,,240150,22,,,1,70,,240151,22,,,1,30,,240152,22,,,1,73,,240153,22,,,1,12,,240154,22,,,1,12,,240173,22,,,1,52,,240155,22,,,1,12,,240156,22,,,1,12,,240185,22,,,1,12,,240157,22,,,1,12,,240174,22,,,1,52,,240158,22,,,1,12,,240159,22,,,1,12,,240186,22,,,1,12,,240160,22,,,1,12,,240179,22,,,1,70,,240180,22,,,1,27,,240161,22,,,1,70,,240162,22,,,1,30,,240163,22,,,1,70,,240164,22,,,1,30,,240165,22,,,1,70,,240166,22,,,1,30,,240167,22,,,1,68,,240181,22,,,1,100,,240175,22,,,1,100,,240182,22,,,1
91601,'916-Weekday-2-26-09-1110100',1629,,240187,22,,,1
91601,'916-Weekday-2-26-09-1111100',547,,240188,22,,,1,70,,240226,22,,,1,16,,240216,22,,,1,17,,240231,22,,,1,55,,240217,22,,,1,15,,240218,22,,,1,15,,240219,22,,,1,15,,240232,22,,,1,55,,240220,22,,,1,15,,240225,22,,,1,30,,240224,22,,,1,71,,240189,22,,,1,30,,240190,22,,,1,70,,240191,22,,,1,30,,240192,22,,,1,70,,240193,22,,,1,30,,240194,22,,,1,70,,240195,22,,,1,30,,240196,22,,,1,70,,240197,22,,,1,30,,240198,22,,,1,70,,240199,22,,,1,30,,240200,22,,,1,73,,240201,22,,,1,12,,240202,22,,,1,12,,240221,22,,,1,52,,240203,22,,,1,12,,240204,22,,,1,12,,240233,22,,,1,12,,240205,22,,,1,12,,240222,22,,,1,52,,240206,22,,,1,12,,240207,22,,,1,12,,240234,22,,,1,12,,240208,22,,,1,12,,240227,22,,,1,70,,240228,22,,,1,27,,240209,22,,,1,70,,240210,22,,,1,30,,240211,22,,,1,70,,240212,22,,,1,30,,240213,22,,,1,70,,240214,22,,,1,30,,240215,22,,,1,68,,240229,22,,,1,100,,240223,22,,,1,100,,240230,22,,,1
91601,'916-Weekday-4-26-09-1111100',547,,240235,22,,,1,70,,240273,22,,,1,16,,240263,22,,,1,17,,240278,22,,,1,55,,240264,22,,,1,15,,240265,22,,,1,15,,240266,22,,,1,15,,240279,22,,,1,55,,240267,22,,,1,15,,240272,22,,,1,30,,240271,22,,,1,71,,240236,22,,,1,30,,240237,22,,,1,70,,240238,22,,,1,30,,240239,22,,,1,70,,240240,22,,,1,30,,240241,22,,,1,70,,240242,22,,,1,30,,240243,22,,,1,70,,240244,22,,,1,30,,240245,22,,,1,70,,240246,22,,,1,30,,240247,22,,,1,73,,240248,22,,,1,12,,240249,22,,,1,12,,240268,22,,,1,52,,240250,22,,,1,12,,240251,22,,,1,12,,240280,22,,,1,12,,240252,22,,,1,12,,240269,22,,,1,52,,240253,22,,,1,12,,240254,22,,,1,12,,240281,22,,,1,12,,240255,22,,,1,12,,240274,22,,,1,70,,240275,22,,,1,27,,240256,22,,,1,70,,240257,22,,,1,30,,240258,22,,,1,70,,240259,22,,,1,30,,240260,22,,,1,70,,240261,22,,,1,30,,240262,22,,,1,68,,240276,22,,,1,100,,240270,22,,,1,100,,240277,22,,,1
91601,'916-Saturday-1-26-09-0000010',650,,240282,22,,,1,100,,240283,22,,,1,70,,240284,22,,,1,30,,240285,22,,,1,74,,240286,22,,,1,32,,240287,22,,,1,72,,240288,22,,,1,30,,240289,22,,,1,70,,240290,22,,,1,30,,240291,22,,,1,70,,240292,22,,,1,30,,240293,22,,,1,70,,240294,22,,,1,30,,240295,22,,,1,70,,240296,22,,,1,30,,240297,22,,,1,70,,240298,22,,,1,30,,240299,22,,,1,70,,240300,22,,,1,30,,240301,22,,,1,70,,240302,22,,,1,30,,240303,22,,,1,70,,240310,22,,,1,30,,240311,22,,,1,65,,240304,22,,,1,100,,240305,22,,,1,100,,240306,22,,,1,100,,240307,22,,,1,100,,240308,22,,,1,100,,240309,22,,,1
91601,'916-Sunday-1-26-09-0000001',650,,240312,22,,,1,100,,240313,22,,,1,100,,240314,22,,,1,102,,240336,22,,,1,101,,240315,22,,,1,70,,240316,22,,,1,30,,240317,22,,,1,70,,240318,22,,,1,30,,240319,22,,,1,70,,240320,22,,,1,30,,240321,22,,,1,70,,240322,22,,,1,30,,240323,22,,,1,70,,240324,22,,,1,30,,240325,22,,,1,70,,240326,22,,,1,30,,240327,22,,,1,70,,240337,22,,,1,26,,240338,22,,,1,68,,240328,22,,,1,30,,240329,22,,,1,70,,240330,22,,,1,37,,240331,22,,,1,100,,240332,22,,,1,100,,240333,22,,,1,100,,240334,22,,,1,100,,240335,22,,,1
92600,'926-Weekday-1-26-09-1111100',612,,242483,19,,,1,20,,242484,19,,,1,23,,242485,19,,,1,60,,242486,19,,,1,10,,242488,19,,,1,10,,242489,19,,,1,20,,242490,19,,,1,60,,242491,19,,,1,20,,242492,19,,,1,20,,242493,19,,,1,62,,242494,19,,,1,24,,242495,19,,,1,70,,242496,19,,,1,30,,242497,19,,,1,70,,242498,19,,,1,30,,242499,19,,,1,70,,242500,19,,,1,30,,242501,19,,,1,70,,242502,19,,,1,30,,242503,19,,,1,70,,242504,19,,,1,30,,242505,19,,,1,60,,242506,19,,,1,22,,242507,19,,,1,20,,242508,19,,,1,60,,242509,19,,,1,20,,242510,19,,,1,20,,242511,19,,,1,60,,242512,19,,,1,20,,242513,19,,,1,20,,242514,19,,,1,60,,242515,19,,,1,20,,242516,19,,,1,18,,242517,19,,,1,73,,242518,19,,,1,30,,242519,19,,,1,70,,242520,19,,,1,30,,242521,19,,,1,70,,242522,19,,,1,30,,242523,19,,,1,70,,242524,19,,,1
92600,'926-Weekday-2-26-09-1111100',612,,242525,19,,,1,20,,242526,19,,,1,23,,242527,19,,,1,60,,242528,19,,,1,10,,242530,19,,,1,10,,242531,19,,,1,20,,242532,19,,,1,60,,242533,19,,,1,20,,242534,19,,,1,20,,242535,19,,,1,62,,242536,19,,,1,24,,242537,19,,,1,70,,242538,19,,,1,30,,242539,19,,,1,70,,242540,19,,,1,30,,242541,19,,,1,70,,242542,19,,,1,30,,242543,19,,,1,70,,242544,19,,,1,30,,242545,19,,,1,70,,242546,19,,,1,30,,242547,19,,,1,60,,242548,19,,,1,22,,242549,19,,,1,20,,242550,19,,,1,60,,242551,19,,,1,20,,242552,19,,,1,20,,242553,19,,,1,60,,242554,19,,,1,20,,242555,19,,,1,20,,242556,19,,,1,60,,242557,19,,,1,20,,242558,19,,,1,18,,242559,19,,,1,73,,242560,19,,,1,30,,242561,19,,,1,70,,242562,19,,,1,30,,242563,19,,,1,70,,242564,19,,,1,30,,242565,19,,,1,70,,242566,19,,,1
92600,'926-Weekday-4-26-09-1111100',612,,242567,19,,,1,20,,242568,19,,,1,23,,242569,19,,,1,60,,242570,19,,,1,20,,242572,19,,,1,20,,242573,19,,,1,60,,242574,19,,,1,20,,242575,19,,,1,20,,242576,19,,,1,62,,242577,19,,,1,24,,242578,19,,,1,70,,242579,19,,,1,30,,242580,19,,,1,70,,242581,19,,,1,30,,242582,19,,,1,70,,242583,19,,,1,30,,242584,19,,,1,70,,242585,19,,,1,30,,242586,19,,,1,70,,242587,19,,,1,30,,242588,19,,,1,60,,242589,19,,,1,22,,242590,19,,,1,20,,242591,19,,,1,60,,242592,19,,,1,20,,242593,19,,,1,20,,242594,19,,,1,60,,242595,19,,,1,20,,242596,19,,,1,20,,242597,19,,,1,60,,242598,19,,,1,20,,242599,19,,,1,18,,242600,19,,,1,73,,242601,19,,,1,30,,242602,19,,,1,70,,242603,19,,,1,30,,242604,19,,,1,70,,242605,19,,,1,30,,242606,19,,,1,70,,242607,19,,,1
92600,'926-Saturday-1-26-09-0000010',808,,242608,19,,,1,30,,242609,19,,,1,71,,242610,19,,,1,30,,242611,19,,,1,70,,242612,19,,,1,30,,242613,19,,,1,70,,242614,19,,,1,30,,242615,19,,,1,70,,242616,19,,,1,30,,242617,19,,,1,70,,242618,19,,,1,30,,242619,19,,,1,70,,242620,19,,,1,30,,242621,19,,,1,70,,242622,19,,,1,30,,242623,19,,,1,70,,242624,19,,,1,30,,242625,19,,,1,69,,242626,19,,,1,30,,242627,19,,,1,70,,242628,19,,,1,30,,242629,19,,,1,70,,242630,19,,,1
92600,'926-Sunday-1-26-09-0000001',1011,,242631,19,,,1,30,,242632,19,,,1,70,,242633,19,,,1,30,,242634,19,,,1,70,,242635,19,,,1,30,,242636,19,,,1,70,,242637,19,,,1,30,,242638,19,,,1,70,,242639,19,,,1,31,,242640,19,,,1,69,,242641,19,,,1,30,,242642,19,,,1,70,,242643,19,,,1,30,,242644,19,,,1,69,,242645,19,,,1,30,,242646,19,,,1,70,,242647,19,,,1,30,,242648,19,,,1,70,,242649,19,,,1
