72100,'721-Weekday-1-26-02-0001000',1428,,12680,,,1
72100,'721-Weekday-1-26-02-1110100',1511,,12681,,,1,3,,12682,,,1
72100,'721-Weekday-1-26-02-1111100',501,,12737,,,1,20,,12738,,,1,20,,12739,,,1,60,,12740,,,1,18,,12683,,,1,11,,12741,,,1,10,,12684,,,1,9,,12750,,,1,8,,12742,,,1,47,,12685,,,1,8,,12743,,,1,7,,12686,,,1,8,,12744,,,1,7,,12687,,,1,8,,12745,,,1,7,,12688,,,1,8,,12746,,,1,47,,12689,,,1,8,,12747,,,1,7,,12690,,,1,8,,12748,,,1,7,,12691,,,1,8,,12749,,,1,7,,12692,,,1,55,,12693,,,1,14,,12694,,,1,20,,12695,,,1,20,,12696,,,1,60,,12697,,,1,20,,12698,,,1,20,,12699,,,1,60,,12700,,,1,20,,12701,,,1,20,,12702,,,1,60,,12703,,,1,20,,12704,,,1,20,,12705,,,1,60,,12706,,,1,20,,12707,,,1,20,,12708,,,1,60,,12709,,,1,20,,12710,,,1,20,,12711,,,1,63,,12712,,,1,22,,12728,,,1,60,,12729,,,1,20,,12730,,,1,20,,12731,,,1,60,,12732,,,1,20,,12733,,,1,20,,12734,,,1,60,,12735,,,1,20,,12736,,,1,20,,12751,,,1,57,,12713,,,1,20,,12714,,,1,20,,12715,,,1,60,,12716,,,1,20,,12717,,,1,20,,12718,,,1,60,,12719,,,1,20,,12720,,,1,20,,12721,,,1,60,,12722,,,1,30,,12723,,,1,70,,12724,,,1,30,,12725,,,1,70,,12726,,,1,30,,12727,,,1
72100,'721-Weekday-2-26-02-0001000',1428,,74013,,,1
72100,'721-Weekday-2-26-02-1110100',1511,,74014,,,1,3,,74015,,,1
72100,'721-Weekday-2-26-02-1111100',501,,74070,,,1,20,,74071,,,1,20,,74072,,,1,60,,74073,,,1,18,,74016,,,1,11,,74074,,,1,10,,74017,,,1,9,,74083,,,1,8,,74075,,,1,47,,74018,,,1,8,,74076,,,1,7,,74019,,,1,8,,74077,,,1,7,,74020,,,1,8,,74078,,,1,7,,74021,,,1,8,,74079,,,1,47,,74022,,,1,8,,74080,,,1,7,,74023,,,1,8,,74081,,,1,7,,74024,,,1,8,,74082,,,1,7,,74025,,,1,55,,74026,,,1,14,,74027,,,1,20,,74028,,,1,20,,74029,,,1,60,,74030,,,1,20,,74031,,,1,20,,74032,,,1,60,,74033,,,1,20,,74034,,,1,20,,74035,,,1,60,,74036,,,1,20,,74037,,,1,20,,74038,,,1,60,,74039,,,1,20,,74040,,,1,20,,74041,,,1,60,,74042,,,1,20,,74043,,,1,20,,74044,,,1,63,,74045,,,1,22,,74061,,,1,60,,74062,,,1,20,,74063,,,1,20,,74064,,,1,60,,74065,,,1,20,,74066,,,1,20,,74067,,,1,60,,74068,,,1,20,,74069,,,1,20,,74084,,,1,57,,74046,,,1,20,,74047,,,1,20,,74048,,,1,60,,74049,,,1,20,,74050,,,1,20,,74051,,,1,60,,74052,,,1,20,,74053,,,1,20,,74054,,,1,60,,74055,,,1,30,,74056,,,1,70,,74057,,,1,30,,74058,,,1,70,,74059,,,1,30,,74060,,,1
72100,'721-Weekday-4-26-02-1111100',501,,74139,,,1,20,,74140,,,1,20,,74141,,,1,60,,74142,,,1,18,,74085,,,1,11,,74143,,,1,10,,74086,,,1,9,,74152,,,1,8,,74144,,,1,47,,74087,,,1,8,,74145,,,1,7,,74088,,,1,8,,74146,,,1,7,,74089,,,1,8,,74147,,,1,7,,74090,,,1,8,,74148,,,1,47,,74091,,,1,8,,74149,,,1,7,,74092,,,1,8,,74150,,,1,7,,74093,,,1,8,,74151,,,1,7,,74094,,,1,55,,74095,,,1,14,,74096,,,1,20,,74097,,,1,20,,74098,,,1,60,,74099,,,1,20,,74100,,,1,20,,74101,,,1,60,,74102,,,1,20,,74103,,,1,20,,74104,,,1,60,,74105,,,1,20,,74106,,,1,20,,74107,,,1,60,,74108,,,1,20,,74109,,,1,20,,74110,,,1,60,,74111,,,1,20,,74112,,,1,20,,74113,,,1,63,,74114,,,1,22,,74130,,,1,60,,74131,,,1,20,,74132,,,1,20,,74133,,,1,60,,74134,,,1,20,,74135,,,1,20,,74136,,,1,60,,74137,,,1,20,,74138,,,1,20,,74153,,,1,57,,74115,,,1,20,,74116,,,1,20,,74117,,,1,60,,74118,,,1,20,,74119,,,1,20,,74120,,,1,60,,74121,,,1,20,,74122,,,1,20,,74123,,,1,60,,74124,,,1,30,,74125,,,1,70,,74126,,,1,30,,74127,,,1,70,,74128,,,1,30,,74129,,,1
72100,'721-Weekday-5-26-02-0001000',1428,,74154,,,1
72100,'721-Weekday-5-26-02-1110100',1511,,74155,,,1,3,,74156,,,1
72100,'721-Weekday-5-26-02-1111100',501,,74211,,,1,20,,74212,,,1,20,,74213,,,1,60,,74214,,,1,18,,74157,,,1,11,,74215,,,1,10,,74158,,,1,9,,74224,,,1,8,,74216,,,1,47,,74159,,,1,8,,74217,,,1,7,,74160,,,1,8,,74218,,,1,7,,74161,,,1,8,,74219,,,1,7,,74162,,,1,8,,74220,,,1,47,,74163,,,1,8,,74221,,,1,7,,74164,,,1,8,,74222,,,1,7,,74165,,,1,8,,74223,,,1,7,,74166,,,1,55,,74167,,,1,14,,74168,,,1,20,,74169,,,1,20,,74170,,,1,60,,74171,,,1,20,,74172,,,1,20,,74173,,,1,60,,74174,,,1,20,,74175,,,1,20,,74176,,,1,60,,74177,,,1,20,,74178,,,1,20,,74179,,,1,60,,74180,,,1,20,,74181,,,1,20,,74182,,,1,60,,74183,,,1,20,,74184,,,1,20,,74185,,,1,63,,74186,,,1,22,,74202,,,1,60,,74203,,,1,20,,74204,,,1,20,,74205,,,1,60,,74206,,,1,20,,74207,,,1,20,,74208,,,1,60,,74209,,,1,20,,74210,,,1,20,,74225,,,1,57,,74187,,,1,20,,74188,,,1,20,,74189,,,1,60,,74190,,,1,20,,74191,,,1,20,,74192,,,1,60,,74193,,,1,20,,74194,,,1,20,,74195,,,1,60,,74196,,,1,30,,74197,,,1,70,,74198,,,1,30,,74199,,,1,70,,74200,,,1,30,,74201,,,1
72100,'721-Weekday-6-26-02-1111100',501,,74280,,,1,20,,74281,,,1,20,,74282,,,1,60,,74283,,,1,18,,74226,,,1,11,,74284,,,1,10,,74227,,,1,9,,74293,,,1,8,,74285,,,1,47,,74228,,,1,8,,74286,,,1,7,,74229,,,1,8,,74287,,,1,7,,74230,,,1,8,,74288,,,1,7,,74231,,,1,8,,74289,,,1,47,,74232,,,1,8,,74290,,,1,7,,74233,,,1,8,,74291,,,1,7,,74234,,,1,8,,74292,,,1,7,,74235,,,1,55,,74236,,,1,14,,74237,,,1,20,,74238,,,1,20,,74239,,,1,60,,74240,,,1,20,,74241,,,1,20,,74242,,,1,60,,74243,,,1,20,,74244,,,1,20,,74245,,,1,60,,74246,,,1,20,,74247,,,1,20,,74248,,,1,60,,74249,,,1,20,,74250,,,1,20,,74251,,,1,60,,74252,,,1,20,,74253,,,1,20,,74254,,,1,63,,74255,,,1,22,,74271,,,1,60,,74272,,,1,20,,74273,,,1,20,,74274,,,1,60,,74275,,,1,20,,74276,,,1,20,,74277,,,1,60,,74278,,,1,20,,74279,,,1,20,,74294,,,1,57,,74256,,,1,20,,74257,,,1,20,,74258,,,1,60,,74259,,,1,20,,74260,,,1,20,,74261,,,1,60,,74262,,,1,20,,74263,,,1,20,,74264,,,1,60,,74265,,,1,30,,74266,,,1,70,,74267,,,1,30,,74268,,,1,70,,74269,,,1,30,,74270,,,1
72100,'721-Weekday-7-26-02-1111100',501,,74349,,,1,20,,74350,,,1,20,,74351,,,1,60,,74352,,,1,18,,74295,,,1,11,,74353,,,1,10,,74296,,,1,9,,74362,,,1,8,,74354,,,1,47,,74297,,,1,8,,74355,,,1,7,,74298,,,1,8,,74356,,,1,7,,74299,,,1,8,,74357,,,1,7,,74300,,,1,8,,74358,,,1,47,,74301,,,1,8,,74359,,,1,7,,74302,,,1,8,,74360,,,1,7,,74303,,,1,8,,74361,,,1,7,,74304,,,1,55,,74305,,,1,14,,74306,,,1,20,,74307,,,1,20,,74308,,,1,60,,74309,,,1,20,,74310,,,1,20,,74311,,,1,60,,74312,,,1,20,,74313,,,1,20,,74314,,,1,60,,74315,,,1,20,,74316,,,1,20,,74317,,,1,60,,74318,,,1,20,,74319,,,1,20,,74320,,,1,60,,74321,,,1,20,,74322,,,1,20,,74323,,,1,63,,74324,,,1,22,,74340,,,1,60,,74341,,,1,20,,74342,,,1,20,,74343,,,1,60,,74344,,,1,20,,74345,,,1,20,,74346,,,1,60,,74347,,,1,20,,74348,,,1,20,,74363,,,1,57,,74325,,,1,20,,74326,,,1,20,,74327,,,1,60,,74328,,,1,20,,74329,,,1,20,,74330,,,1,60,,74331,,,1,20,,74332,,,1,20,,74333,,,1,60,,74334,,,1,30,,74335,,,1,70,,74336,,,1,30,,74337,,,1,70,,74338,,,1,30,,74339,,,1
72100,'721-Weekday-8-26-02-1111100',501,,74418,,,1,20,,74419,,,1,20,,74420,,,1,60,,74421,,,1,18,,74364,,,1,11,,74422,,,1,10,,74365,,,1,9,,74431,,,1,8,,74423,,,1,47,,74366,,,1,8,,74424,,,1,7,,74367,,,1,8,,74425,,,1,7,,74368,,,1,8,,74426,,,1,7,,74369,,,1,8,,74427,,,1,47,,74370,,,1,8,,74428,,,1,7,,74371,,,1,8,,74429,,,1,7,,74372,,,1,8,,74430,,,1,7,,74373,,,1,55,,74374,,,1,14,,74375,,,1,20,,74376,,,1,20,,74377,,,1,60,,74378,,,1,20,,74379,,,1,20,,74380,,,1,60,,74381,,,1,20,,74382,,,1,20,,74383,,,1,60,,74384,,,1,20,,74385,,,1,20,,74386,,,1,60,,74387,,,1,20,,74388,,,1,20,,74389,,,1,60,,74390,,,1,20,,74391,,,1,20,,74392,,,1,63,,74393,,,1,22,,74409,,,1,60,,74410,,,1,20,,74411,,,1,20,,74412,,,1,60,,74413,,,1,20,,74414,,,1,20,,74415,,,1,60,,74416,,,1,20,,74417,,,1,20,,74432,,,1,57,,74394,,,1,20,,74395,,,1,20,,74396,,,1,60,,74397,,,1,20,,74398,,,1,20,,74399,,,1,60,,74400,,,1,20,,74401,,,1,20,,74402,,,1,60,,74403,,,1,30,,74404,,,1,70,,74405,,,1,30,,74406,,,1,70,,74407,,,1,30,,74408,,,1
72100,'721-Weekday-9-26-02-1110100',1511,,74433,,,1,3,,74434,,,1
72100,'721-Weekday-9-26-02-1111100',501,,74489,,,1,20,,74490,,,1,20,,74491,,,1,60,,74492,,,1,18,,74435,,,1,11,,74493,,,1,10,,74436,,,1,9,,74502,,,1,8,,74494,,,1,47,,74437,,,1,8,,74495,,,1,7,,74438,,,1,8,,74496,,,1,7,,74439,,,1,8,,74497,,,1,7,,74440,,,1,8,,74498,,,1,47,,74441,,,1,8,,74499,,,1,7,,74442,,,1,8,,74500,,,1,7,,74443,,,1,8,,74501,,,1,7,,74444,,,1,55,,74445,,,1,14,,74446,,,1,20,,74447,,,1,20,,74448,,,1,60,,74449,,,1,20,,74450,,,1,20,,74451,,,1,60,,74452,,,1,20,,74453,,,1,20,,74454,,,1,60,,74455,,,1,20,,74456,,,1,20,,74457,,,1,60,,74458,,,1,20,,74459,,,1,20,,74460,,,1,60,,74461,,,1,20,,74462,,,1,20,,74463,,,1,63,,74464,,,1,22,,74480,,,1,60,,74481,,,1,20,,74482,,,1,20,,74483,,,1,60,,74484,,,1,20,,74485,,,1,20,,74486,,,1,60,,74487,,,1,20,,74488,,,1,20,,74503,,,1,57,,74465,,,1,20,,74466,,,1,20,,74467,,,1,60,,74468,,,1,20,,74469,,,1,20,,74470,,,1,60,,74471,,,1,20,,74472,,,1,20,,74473,,,1,60,,74474,,,1,30,,74475,,,1,70,,74476,,,1,30,,74477,,,1,70,,74478,,,1,30,,74479,,,1
72100,'721-Saturday-1-26-02-0000010',546,,12799,,,1,70,,12752,,,1,30,,12753,,,1,70,,12754,,,1,30,,12755,,,1,70,,12756,,,1,25,,12757,,,1,60,,12758,,,1,22,,12759,,,1,20,,12760,,,1,60,,12761,,,1,20,,12762,,,1,20,,12763,,,1,60,,12764,,,1,20,,12765,,,1,20,,12766,,,1,60,,12767,,,1,20,,12768,,,1,20,,12769,,,1,60,,12770,,,1,20,,12771,,,1,20,,12772,,,1,60,,12773,,,1,20,,12774,,,1,20,,12775,,,1,60,,12776,,,1,20,,12777,,,1,20,,12778,,,1,60,,12779,,,1,20,,12780,,,1,20,,12781,,,1,60,,12782,,,1,20,,12783,,,1,20,,12784,,,1,60,,12785,,,1,20,,12786,,,1,20,,12787,,,1,60,,12788,,,1,30,,12789,,,1,70,,12790,,,1,30,,12791,,,1,70,,12792,,,1,30,,12793,,,1,70,,12794,,,1,30,,12795,,,1,70,,12796,,,1,30,,12797,,,1,70,,12800,,,1,30,,12798,4,,1
72100,'721-Sunday-1-26-02-0000001',607,,74541,,,1,30,,74504,,,1,70,,74505,,,1,30,,74506,,,1,70,,74507,,,1,30,,74508,,,1,69,,74509,,,1,30,,74510,,,1,70,,74511,,,1,30,,74512,,,1,70,,74513,,,1,30,,74515,,,1,70,,74516,,,1,30,,74517,,,1,67,,74514,,,1,30,,74518,,,1,70,,74519,,,1,30,,74520,,,1,70,,74521,,,1,30,,74522,,,1,70,,74523,,,1,30,,74524,,,1,70,,74525,,,1,31,,74526,,,1,70,,74527,,,1,30,,74528,,,1,70,,74529,,,1,30,,74530,,,1,70,,74531,,,1,30,,74532,,,1,70,,74533,,,1,30,,74534,,,1,70,,74535,,,1,30,,74536,,,1,70,,74537,,,1,30,,74538,,,1,70,,74539,,,1,30,,74540,,,1
72101,'721-Weekday-1-26-02-1111100',619,,12801,4,,1,21,,12802,4,,1,64,,12803,4,,1,15,,12804,4,,1,15,,12805,4,,1,15,,12806,4,,1,55,,12807,4,,1,15,,12808,4,,1,15,,12809,4,,1,15,,12810,4,,1,55,,12811,4,,1,14,,12812,4,,1,20,,12813,4,,1,20,,12814,4,,1,60,,12815,4,,1,20,,12816,4,,1,20,,12817,4,,1,60,,12818,4,,1,20,,12819,4,,1,20,,12820,4,,1,60,,12821,4,,1,20,,12822,4,,1,20,,12823,4,,1,60,,12824,4,,1,20,,12825,4,,1,20,,12826,4,,1,60,,12827,4,,1,20,,12828,4,,1,20,,12829,4,,1,63,,12830,4,,1,12,,12831,4,,1,10,,12832,4,,1,10,,12833,4,,1,50,,12834,4,,1,10,,12835,4,,1,10,,12836,4,,1,10,,12837,4,,1,10,,12838,4,,1,10,,12839,4,,1,50,,12840,4,,1,10,,12841,4,,1,10,,12842,4,,1,10,,12843,4,,1,10,,12844,4,,1,10,,12845,4,,1,50,,12846,4,,1,10,,12847,4,,1,10,,12848,4,,1,20,,12849,4,,1,57,,12850,4,,1,20,,12851,4,,1,20,,12852,4,,1,60,,12853,4,,1,20,,12854,4,,1,20,,12855,4,,1,60,,12856,4,,1,20,,12857,4,,1,20,,12858,4,,1,60,,12859,4,,1,30,,12860,4,,1,70,,12861,4,,1,30,,12862,4,,1,70,,12863,4,,1,30,,12864,4,,1,70,,12865,4,,1,30,,12866,4,,1
72101,'721-Weekday-2-26-02-1111100',619,,74542,4,,1,21,,74543,4,,1,64,,74544,4,,1,15,,74545,4,,1,15,,74546,4,,1,15,,74547,4,,1,55,,74548,4,,1,15,,74549,4,,1,15,,74550,4,,1,15,,74551,4,,1,55,,74552,4,,1,14,,74553,4,,1,20,,74554,4,,1,20,,74555,4,,1,60,,74556,4,,1,20,,74557,4,,1,20,,74558,4,,1,60,,74559,4,,1,20,,74560,4,,1,20,,74561,4,,1,60,,74562,4,,1,20,,74563,4,,1,20,,74564,4,,1,60,,74565,4,,1,20,,74566,4,,1,20,,74567,4,,1,60,,74568,4,,1,20,,74569,4,,1,20,,74570,4,,1,63,,74571,4,,1,12,,74572,4,,1,10,,74573,4,,1,10,,74574,4,,1,50,,74575,4,,1,10,,74576,4,,1,10,,74577,4,,1,10,,74578,4,,1,10,,74579,4,,1,10,,74580,4,,1,50,,74581,4,,1,10,,74582,4,,1,10,,74583,4,,1,10,,74584,4,,1,10,,74585,4,,1,10,,74586,4,,1,50,,74587,4,,1,10,,74588,4,,1,10,,74589,4,,1,20,,74590,4,,1,57,,74591,4,,1,20,,74592,4,,1,20,,74593,4,,1,60,,74594,4,,1,20,,74595,4,,1,20,,74596,4,,1,60,,74597,4,,1,20,,74598,4,,1,20,,74599,4,,1,60,,74600,4,,1,30,,74601,4,,1,70,,74602,4,,1,30,,74603,4,,1,70,,74604,4,,1,30,,74605,4,,1,70,,74606,4,,1,30,,74607,4,,1
72101,'721-Weekday-4-26-02-1111100',619,,74610,4,,1,21,,74611,4,,1,64,,74612,4,,1,15,,74613,4,,1,15,,74614,4,,1,15,,74615,4,,1,55,,74616,4,,1,15,,74617,4,,1,15,,74618,4,,1,15,,74619,4,,1,55,,74620,4,,1,14,,74621,4,,1,20,,74622,4,,1,20,,74623,4,,1,60,,74624,4,,1,20,,74625,4,,1,20,,74626,4,,1,60,,74627,4,,1,20,,74628,4,,1,20,,74629,4,,1,60,,74630,4,,1,20,,74631,4,,1,20,,74632,4,,1,60,,74633,4,,1,20,,74634,4,,1,20,,74635,4,,1,60,,74636,4,,1,20,,74637,4,,1,20,,74638,4,,1,63,,74639,4,,1,12,,74640,4,,1,10,,74641,4,,1,10,,74642,4,,1,50,,74643,4,,1,10,,74644,4,,1,10,,74645,4,,1,10,,74646,4,,1,10,,74647,4,,1,10,,74648,4,,1,50,,74649,4,,1,10,,74650,4,,1,10,,74651,4,,1,10,,74652,4,,1,10,,74653,4,,1,10,,74654,4,,1,50,,74655,4,,1,10,,74656,4,,1,10,,74657,4,,1,20,,74658,4,,1,57,,74659,4,,1,20,,74660,4,,1,20,,74661,4,,1,60,,74662,4,,1,20,,74663,4,,1,20,,74664,4,,1,60,,74665,4,,1,20,,74666,4,,1,20,,74667,4,,1,60,,74668,4,,1,30,,74669,4,,1,70,,74670,4,,1,30,,74671,4,,1,70,,74672,4,,1,30,,74673,4,,1,70,,74674,4,,1,30,,74675,4,,1
72101,'721-Weekday-5-26-02-1111100',619,,74676,4,,1,21,,74677,4,,1,64,,74678,4,,1,15,,74679,4,,1,15,,74680,4,,1,15,,74681,4,,1,55,,74682,4,,1,15,,74683,4,,1,15,,74684,4,,1,15,,74685,4,,1,55,,74686,4,,1,14,,74687,4,,1,20,,74688,4,,1,20,,74689,4,,1,60,,74690,4,,1,20,,74691,4,,1,20,,74692,4,,1,60,,74693,4,,1,20,,74694,4,,1,20,,74695,4,,1,60,,74696,4,,1,20,,74697,4,,1,20,,74698,4,,1,60,,74699,4,,1,20,,74700,4,,1,20,,74701,4,,1,60,,74702,4,,1,20,,74703,4,,1,20,,74704,4,,1,63,,74705,4,,1,12,,74706,4,,1,10,,74707,4,,1,10,,74708,4,,1,50,,74709,4,,1,10,,74710,4,,1,10,,74711,4,,1,10,,74712,4,,1,10,,74713,4,,1,10,,74714,4,,1,50,,74715,4,,1,10,,74716,4,,1,10,,74717,4,,1,10,,74718,4,,1,10,,74719,4,,1,10,,74720,4,,1,50,,74721,4,,1,10,,74722,4,,1,10,,74723,4,,1,20,,74724,4,,1,57,,74725,4,,1,20,,74726,4,,1,20,,74727,4,,1,60,,74728,4,,1,20,,74729,4,,1,20,,74730,4,,1,60,,74731,4,,1,20,,74732,4,,1,20,,74733,4,,1,60,,74734,4,,1,30,,74735,4,,1,70,,74736,4,,1,30,,74737,4,,1,70,,74738,4,,1,30,,74739,4,,1,70,,74740,4,,1,30,,74741,4,,1
72101,'721-Weekday-6-26-02-1111100',619,,74744,4,,1,21,,74745,4,,1,64,,74746,4,,1,15,,74747,4,,1,15,,74748,4,,1,15,,74749,4,,1,55,,74750,4,,1,15,,74751,4,,1,15,,74752,4,,1,15,,74753,4,,1,55,,74754,4,,1,14,,74755,4,,1,20,,74756,4,,1,20,,74757,4,,1,60,,74758,4,,1,20,,74759,4,,1,20,,74760,4,,1,60,,74761,4,,1,20,,74762,4,,1,20,,74763,4,,1,60,,74764,4,,1,20,,74765,4,,1,20,,74766,4,,1,60,,74767,4,,1,20,,74768,4,,1,20,,74769,4,,1,60,,74770,4,,1,20,,74771,4,,1,20,,74772,4,,1,63,,74773,4,,1,12,,74774,4,,1,10,,74775,4,,1,10,,74776,4,,1,50,,74777,4,,1,10,,74778,4,,1,10,,74779,4,,1,10,,74780,4,,1,10,,74781,4,,1,10,,74782,4,,1,50,,74783,4,,1,10,,74784,4,,1,10,,74785,4,,1,10,,74786,4,,1,10,,74787,4,,1,10,,74788,4,,1,50,,74789,4,,1,10,,74790,4,,1,10,,74791,4,,1,20,,74792,4,,1,57,,74793,4,,1,20,,74794,4,,1,20,,74795,4,,1,60,,74796,4,,1,20,,74797,4,,1,20,,74798,4,,1,60,,74799,4,,1,20,,74800,4,,1,20,,74801,4,,1,60,,74802,4,,1,30,,74803,4,,1,70,,74804,4,,1,30,,74805,4,,1,70,,74806,4,,1,30,,74807,4,,1,70,,74808,4,,1,30,,74809,4,,1
72101,'721-Weekday-7-26-02-1111100',619,,74810,4,,1,21,,74811,4,,1,64,,74812,4,,1,15,,74813,4,,1,15,,74814,4,,1,15,,74815,4,,1,55,,74816,4,,1,15,,74817,4,,1,15,,74818,4,,1,15,,74819,4,,1,55,,74820,4,,1,14,,74821,4,,1,20,,74822,4,,1,20,,74823,4,,1,60,,74824,4,,1,20,,74825,4,,1,20,,74826,4,,1,60,,74827,4,,1,20,,74828,4,,1,20,,74829,4,,1,60,,74830,4,,1,20,,74831,4,,1,20,,74832,4,,1,60,,74833,4,,1,20,,74834,4,,1,20,,74835,4,,1,60,,74836,4,,1,20,,74837,4,,1,20,,74838,4,,1,63,,74839,4,,1,12,,74840,4,,1,10,,74841,4,,1,10,,74842,4,,1,50,,74843,4,,1,10,,74844,4,,1,10,,74845,4,,1,10,,74846,4,,1,10,,74847,4,,1,10,,74848,4,,1,50,,74849,4,,1,10,,74850,4,,1,10,,74851,4,,1,10,,74852,4,,1,10,,74853,4,,1,10,,74854,4,,1,50,,74855,4,,1,10,,74856,4,,1,10,,74857,4,,1,20,,74858,4,,1,57,,74859,4,,1,20,,74860,4,,1,20,,74861,4,,1,60,,74862,4,,1,20,,74863,4,,1,20,,74864,4,,1,60,,74865,4,,1,20,,74866,4,,1,20,,74867,4,,1,60,,74868,4,,1,30,,74869,4,,1,70,,74870,4,,1,30,,74871,4,,1,70,,74872,4,,1,30,,74873,4,,1,70,,74874,4,,1,30,,74875,4,,1
72101,'721-Weekday-8-26-02-1111100',619,,74876,4,,1,21,,74877,4,,1,64,,74878,4,,1,15,,74879,4,,1,15,,74880,4,,1,15,,74881,4,,1,55,,74882,4,,1,15,,74883,4,,1,15,,74884,4,,1,15,,74885,4,,1,55,,74886,4,,1,14,,74887,4,,1,20,,74888,4,,1,20,,74889,4,,1,60,,74890,4,,1,20,,74891,4,,1,20,,74892,4,,1,60,,74893,4,,1,20,,74894,4,,1,20,,74895,4,,1,60,,74896,4,,1,20,,74897,4,,1,20,,74898,4,,1,60,,74899,4,,1,20,,74900,4,,1,20,,74901,4,,1,60,,74902,4,,1,20,,74903,4,,1,20,,74904,4,,1,63,,74905,4,,1,12,,74906,4,,1,10,,74907,4,,1,10,,74908,4,,1,50,,74909,4,,1,10,,74910,4,,1,10,,74911,4,,1,10,,74912,4,,1,10,,74913,4,,1,10,,74914,4,,1,50,,74915,4,,1,10,,74916,4,,1,10,,74917,4,,1,10,,74918,4,,1,10,,74919,4,,1,10,,74920,4,,1,50,,74921,4,,1,10,,74922,4,,1,10,,74923,4,,1,20,,74924,4,,1,57,,74925,4,,1,20,,74926,4,,1,20,,74927,4,,1,60,,74928,4,,1,20,,74929,4,,1,20,,74930,4,,1,60,,74931,4,,1,20,,74932,4,,1,20,,74933,4,,1,60,,74934,4,,1,30,,74935,4,,1,70,,74936,4,,1,30,,74937,4,,1,70,,74938,4,,1,30,,74939,4,,1,70,,74940,4,,1,30,,74941,4,,1
72101,'721-Weekday-9-26-02-1111100',619,,74942,4,,1,21,,74943,4,,1,64,,74944,4,,1,15,,74945,4,,1,15,,74946,4,,1,15,,74947,4,,1,55,,74948,4,,1,15,,74949,4,,1,15,,74950,4,,1,15,,74951,4,,1,55,,74952,4,,1,14,,74953,4,,1,20,,74954,4,,1,20,,74955,4,,1,60,,74956,4,,1,20,,74957,4,,1,20,,74958,4,,1,60,,74959,4,,1,20,,74960,4,,1,20,,74961,4,,1,60,,74962,4,,1,20,,74963,4,,1,20,,74964,4,,1,60,,74965,4,,1,20,,74966,4,,1,20,,74967,4,,1,60,,74968,4,,1,20,,74969,4,,1,20,,74970,4,,1,63,,74971,4,,1,12,,74972,4,,1,10,,74973,4,,1,10,,74974,4,,1,50,,74975,4,,1,10,,74976,4,,1,10,,74977,4,,1,10,,74978,4,,1,10,,74979,4,,1,10,,74980,4,,1,50,,74981,4,,1,10,,74982,4,,1,10,,74983,4,,1,10,,74984,4,,1,10,,74985,4,,1,10,,74986,4,,1,50,,74987,4,,1,10,,74988,4,,1,10,,74989,4,,1,20,,74990,4,,1,57,,74991,4,,1,20,,74992,4,,1,20,,74993,4,,1,60,,74994,4,,1,20,,74995,4,,1,20,,74996,4,,1,60,,74997,4,,1,20,,74998,4,,1,20,,74999,4,,1,60,,75000,4,,1,30,,75001,4,,1,70,,75002,4,,1,30,,75003,4,,1,70,,75004,4,,1,30,,75005,4,,1,70,,75006,4,,1,30,,75007,4,,1
