10300,'103-Weekday-1-26-09-1110100',1535,,214496,12,,,1
10300,'103-Weekday-1-26-09-1111100',553,,214530,55,,,1,70,,214532,55,,,1,32,,214527,55,,,1,73,,214529,55,,,1,30,,214528,55,,,1,70,,214531,55,,,1,30,,214533,55,,,1,69,,214497,58,,,1,19,,214498,58,,,1,60,,214541,58,,,1,20,,214499,58,,,1,20,,214500,58,,,1,60,,214542,58,,,1,20,,214501,58,,,1,20,,214502,58,,,1,60,,214543,58,,,1,20,,214503,58,,,1,20,,214504,58,,,1,60,,214544,58,,,1,20,,214505,58,,,1,20,,214506,58,,,1,60,,214545,58,,,1,20,,214507,58,,,1,20,,214508,58,,,1,61,,214546,58,,,1,23,,214509,58,,,1,76,,214521,58,,,1,30,,214517,58,,,1,70,,214518,58,,,1,30,,214519,58,,,1,70,,214520,58,,,1,28,,214540,58,,,1,66,,214516,58,,,1,26,,214515,58,,,1,30,,214535,58,,,1,70,,214536,58,,,1,30,,214537,58,,,1,70,,214538,58,,,1,30,,214539,58,,,1,68,,214534,58,,,1,28,,214522,58,,,1,70,,214523,58,,,1,30,,214524,58,,,1,70,,214525,58,,,1
10300,'103-Weekday-2-26-09-1111100',553,,214581,55,,,1,70,,214583,55,,,1,32,,214578,55,,,1,73,,214580,55,,,1,30,,214579,55,,,1,70,,214582,55,,,1,30,,214584,55,,,1,69,,214548,58,,,1,19,,214549,58,,,1,60,,214592,58,,,1,20,,214550,58,,,1,20,,214551,58,,,1,60,,214593,58,,,1,20,,214552,58,,,1,20,,214553,58,,,1,60,,214594,58,,,1,20,,214554,58,,,1,20,,214555,58,,,1,60,,214595,58,,,1,20,,214556,58,,,1,20,,214557,58,,,1,60,,214596,58,,,1,20,,214558,58,,,1,20,,214559,58,,,1,61,,214597,58,,,1,23,,214560,58,,,1,76,,214572,58,,,1,30,,214568,58,,,1,70,,214569,58,,,1,30,,214570,58,,,1,70,,214571,58,,,1,28,,214591,58,,,1,66,,214567,58,,,1,26,,214566,58,,,1,30,,214586,58,,,1,70,,214587,58,,,1,30,,214588,58,,,1,70,,214589,58,,,1,30,,214590,58,,,1,68,,214585,58,,,1,28,,214573,58,,,1,70,,214574,58,,,1,30,,214575,58,,,1,70,,214576,58,,,1
10300,'103-Weekday-4-26-09-1111100',553,,214631,55,,,1,70,,214633,55,,,1,32,,214628,55,,,1,73,,214630,55,,,1,30,,214629,55,,,1,70,,214632,55,,,1,30,,214634,55,,,1,69,,214598,58,,,1,19,,214599,58,,,1,60,,214642,58,,,1,20,,214600,58,,,1,20,,214601,58,,,1,60,,214643,58,,,1,20,,214602,58,,,1,20,,214603,58,,,1,60,,214644,58,,,1,20,,214604,58,,,1,20,,214605,58,,,1,60,,214645,58,,,1,20,,214606,58,,,1,20,,214607,58,,,1,60,,214646,58,,,1,20,,214608,58,,,1,20,,214609,58,,,1,61,,214647,58,,,1,23,,214610,58,,,1,76,,214622,58,,,1,30,,214618,58,,,1,70,,214619,58,,,1,30,,214620,58,,,1,70,,214621,58,,,1,28,,214641,58,,,1,66,,214617,58,,,1,26,,214616,58,,,1,30,,214636,58,,,1,70,,214637,58,,,1,30,,214638,58,,,1,70,,214639,58,,,1,30,,214640,58,,,1,68,,214635,58,,,1,28,,214623,58,,,1,70,,214624,58,,,1,30,,214625,58,,,1,70,,214626,58,,,1
10300,'103-Saturday-1-26-09-0000010',655,,214684,58,,,1,70,,214648,58,,,1,30,,214649,58,,,1,70,,214650,58,,,1,30,,214651,58,,,1,74,,214652,58,,,1,74,,214653,58,,,1,33,,214654,58,,,1,70,,214655,58,,,1,30,,214656,58,,,1,70,,214657,58,,,1,30,,214658,58,,,1,70,,214659,58,,,1,30,,214660,58,,,1,70,,214661,58,,,1,30,,214662,58,,,1,70,,214663,58,,,1,30,,214664,58,,,1,70,,214665,58,,,1,30,,214666,58,,,1,69,,214667,58,,,1,29,,214668,58,,,1,68,,214669,58,,,1,29,,214670,58,,,1,70,,214671,58,,,1,30,,214672,58,,,1,70,,214673,58,,,1,30,,214674,58,,,1,70,,214675,58,,,1,30,,214676,58,,,1,70,,214677,58,,,1,30,,214678,58,,,1,70,,214679,58,,,1,30,,214680,58,,,1,70,,214681,58,,,1,30,,214682,58,,,1,70,,214683,58,,,1
10300,'103-Sunday-1-26-09-0000001',650,,214685,58,,,1,70,,214686,58,,,1,30,,214687,58,,,1,70,,214688,58,,,1,30,,214689,58,,,1,74,,214690,58,,,1,32,,214721,58,,,1,74,,214691,58,,,1,70,,214692,58,,,1,30,,214693,58,,,1,70,,214694,58,,,1,30,,214695,58,,,1,70,,214696,58,,,1,30,,214697,58,,,1,70,,214698,58,,,1,30,,214699,58,,,1,70,,214700,58,,,1,30,,214701,58,,,1,70,,214702,58,,,1,30,,214703,58,,,1,29,,214704,58,,,1,69,,214705,58,,,1,26,,214706,58,,,1,67,,214707,58,,,1,30,,214708,58,,,1,70,,214709,58,,,1,30,,214710,58,,,1,70,,214711,58,,,1,30,,214712,58,,,1,70,,214713,58,,,1,30,,214714,58,,,1,70,,214715,58,,,1,30,,214716,58,,,1,70,,214717,58,,,1,30,,214718,58,,,1,70,,214719,58,,,1,30,,214720,58,,,1
61400,'614-Weekday-1-26-09-0001000',1459,,227419,26,4,,1
61400,'614-Weekday-1-26-09-1110100',1534,,227420,26,4,,1,25,,227421,26,4,,1
61400,'614-Weekday-3-26-09-1110100',1559,,227422,26,4,,1
61600,'616-Weekday-1-26-09-0001000',1420,,227429,8,,,1,4,,227430,8,,,1
61600,'616-Weekday-1-26-09-1110100',1518,,227431,8,,,1,4,,227432,8,,,1
61600,'616-Weekday-3-26-09-1110100',1518,,227433,8,,,1,4,,227434,8,,,1
24013001,'130X-Weekday-1-26-09-1111100',604,,245004,7,,,1,20,,245005,7,,,1,20,,245006,7,,,1,60,,245007,7,,,1,15,,245008,7,,,1,15,,245009,7,,,1,15,,245010,7,,,1,55,,245011,7,,,1,15,,245012,7,,,1,15,,245013,7,,,1,15,,245014,7,,,1
24013001,'130X-Weekday-2-26-09-1111100',604,,245015,7,,,1,20,,245016,7,,,1,20,,245017,7,,,1,60,,245018,7,,,1,15,,245019,7,,,1,15,,245020,7,,,1,15,,245021,7,,,1,55,,245022,7,,,1,15,,245023,7,,,1,15,,245024,7,,,1,15,,245025,7,,,1
24013001,'130X-Weekday-4-26-09-1111100',604,,245026,7,,,1,20,,245027,7,,,1,20,,245028,7,,,1,60,,245029,7,,,1,15,,245030,7,,,1,15,,245031,7,,,1,15,,245032,7,,,1,55,,245033,7,,,1,15,,245034,7,,,1,15,,245035,7,,,1,15,,245036,7,,,1
