51100,'511-Weekday-1-26-02-1111100',2510,,8144,0,10 9,1,30,,8145,0,10 9,1,70,,8146,0,10 9,1,30,,8147,0,10 9,1
51100,'511-Weekday-2-26-02-1111100',2510,,53452,0,10 9,1,30,,53453,0,10 9,1,70,,53454,0,10 9,1,30,,53455,0,10 9,1
51100,'511-Weekday-4-26-02-1111100',2510,,53456,0,10 9,1,30,,53457,0,10 9,1,70,,53458,0,10 9,1,30,,53459,0,10 9,1
51100,'511-Weekday-5-26-02-1111100',2510,,53460,0,10 9,1,30,,53461,0,10 9,1,70,,53462,0,10 9,1,30,,53463,0,10 9,1
51100,'511-Weekday-6-26-02-1111100',2510,,53464,0,10 9,1,30,,53465,0,10 9,1,70,,53466,0,10 9,1,30,,53467,0,10 9,1
51100,'511-Weekday-7-26-02-1111100',2510,,53468,0,10 9,1,30,,53469,0,10 9,1,70,,53470,0,10 9,1,30,,53471,0,10 9,1
51100,'511-Weekday-8-26-02-1111100',2510,,53472,0,10 9,1,30,,53473,0,10 9,1,70,,53474,0,10 9,1,30,,53475,0,10 9,1
51100,'511-Weekday-9-26-02-1111100',2510,,53476,0,10 9,1,30,,53477,0,10 9,1,70,,53478,0,10 9,1,30,,53479,0,10 9,1
51100,'511-Saturday-1-26-02-0000010',2509,,8148,0,10 9,1,30,,8149,0,10 9,1,70,,8150,0,10 9,1,30,,8151,0,10 9,1
51100,'511-Sunday-1-26-02-0000001',2508,,53480,0,10 9,1,30,,53481,0,10 9,1,70,,53482,0,10 9,1,30,,53483,0,10 9,1
