65900,'659-Weekday-1-26-09-0001000',1242,,227702,11,,,1
65900,'659-Weekday-1-26-09-1110100',1534,,227704,11,,,1,2,,227703,11,,,1
66700,'667-Weekday-1-26-09-0001000',1443,,227776,15,,,1,3,,227777,15,,,1
66700,'667-Weekday-1-26-09-1110100',1522,,227778,15,,,1,3,,227779,15,,,1
66700,'667-Weekday-3-26-09-1110100',1522,,227780,15,,,1,3,,227781,15,,,1
72100,'721-Weekday-1-26-09-0001000',1438,,233912,16,,,1
72100,'721-Weekday-1-26-09-1110100',1522,,233913,16,,,1,3,,233914,16,,,1
72100,'721-Weekday-1-26-09-1111100',511,,233956,22,,,1,20,,233957,22,,,1,20,,233958,22,,,1,60,,233959,22,,,1,19,,233915,16,,,1,12,,233960,22,,,1,10,,233916,16,,,1,52,,233968,22,,,1,12,,233917,16,,,1,8,,233970,22,,,1,7,,233974,16,,,1,8,,233961,22,,,1,8,,233918,16,,,1,8,,233975,22,,,1,48,,233919,16,,,1,7,,233976,22,,,1,8,,233969,16,,,1,7,,233977,22,,,1,8,,233920,16,,,1,7,,233978,22,,,1,7,,233921,16,,,1,53,,233971,16,,,1,14,,233923,16,,,1,16,,233922,16,,,1,18,,233924,16,,,1,60,,233925,16,,,1,20,,233926,16,,,1,20,,233927,16,,,1,60,,233928,16,,,1,20,,233929,16,,,1,20,,233930,16,,,1,60,,233931,16,,,1,20,,233932,16,,,1,20,,233933,16,,,1,60,,233934,16,,,1,20,,233935,16,,,1,20,,233936,16,,,1,60,,233937,16,,,1,20,,233938,16,,,1,20,,233939,16,,,1,61,,233940,16,,,1,26,,233941,16,,,1,22,,233972,16,,,1,60,,233965,16,,,1,20,,233966,16,,,1,20,,233967,16,,,1,60,,233964,16,,,1,20,,233973,16,,,1,17,,233979,16,,,1,60,,233980,16,,,1,19,,233963,16,,,1,20,,233962,16,,,1,57,,233942,16,,,1,20,,233943,16,,,1,20,,233944,16,,,1,60,,233945,16,,,1,20,,233946,16,,,1,20,,233947,16,,,1,60,,233948,16,,,1,20,,233949,16,,,1,20,,233950,16,,,1,58,,233951,16,,,1,30,,233952,16,,,1,70,,233953,16,,,1,30,,233954,16,,,1,70,,233955,16,,,1
72100,'721-Weekday-2-26-09-1110100',1522,,233981,16,,,1,3,,233982,16,,,1
72100,'721-Weekday-2-26-09-1111100',511,,234024,22,,,1,20,,234025,22,,,1,20,,234026,22,,,1,60,,234027,22,,,1,19,,233983,16,,,1,12,,234028,22,,,1,10,,233984,16,,,1,52,,234036,22,,,1,12,,233985,16,,,1,8,,234038,22,,,1,7,,234042,16,,,1,8,,234029,22,,,1,8,,233986,16,,,1,8,,234043,22,,,1,48,,233987,16,,,1,7,,234044,22,,,1,8,,234037,16,,,1,7,,234045,22,,,1,8,,233988,16,,,1,7,,234046,22,,,1,7,,233989,16,,,1,53,,234039,16,,,1,14,,233991,16,,,1,16,,233990,16,,,1,18,,233992,16,,,1,60,,233993,16,,,1,20,,233994,16,,,1,20,,233995,16,,,1,60,,233996,16,,,1,20,,233997,16,,,1,20,,233998,16,,,1,60,,233999,16,,,1,20,,234000,16,,,1,20,,234001,16,,,1,60,,234002,16,,,1,20,,234003,16,,,1,20,,234004,16,,,1,60,,234005,16,,,1,20,,234006,16,,,1,20,,234007,16,,,1,61,,234008,16,,,1,26,,234009,16,,,1,22,,234040,16,,,1,60,,234033,16,,,1,20,,234034,16,,,1,20,,234035,16,,,1,60,,234032,16,,,1,20,,234041,16,,,1,17,,234047,16,,,1,60,,234048,16,,,1,19,,234031,16,,,1,20,,234030,16,,,1,57,,234010,16,,,1,20,,234011,16,,,1,20,,234012,16,,,1,60,,234013,16,,,1,20,,234014,16,,,1,20,,234015,16,,,1,60,,234016,16,,,1,20,,234017,16,,,1,20,,234018,16,,,1,58,,234019,16,,,1,30,,234020,16,,,1,70,,234021,16,,,1,30,,234022,16,,,1,70,,234023,16,,,1
72100,'721-Weekday-4-26-09-1111100',511,,234090,22,,,1,20,,234091,22,,,1,20,,234092,22,,,1,60,,234093,22,,,1,19,,234049,16,,,1,12,,234094,22,,,1,10,,234050,16,,,1,52,,234102,22,,,1,12,,234051,16,,,1,8,,234104,22,,,1,7,,234108,16,,,1,8,,234095,22,,,1,8,,234052,16,,,1,8,,234109,22,,,1,48,,234053,16,,,1,7,,234110,22,,,1,8,,234103,16,,,1,7,,234111,22,,,1,8,,234054,16,,,1,7,,234112,22,,,1,7,,234055,16,,,1,53,,234105,16,,,1,14,,234057,16,,,1,16,,234056,16,,,1,18,,234058,16,,,1,60,,234059,16,,,1,20,,234060,16,,,1,20,,234061,16,,,1,60,,234062,16,,,1,20,,234063,16,,,1,20,,234064,16,,,1,60,,234065,16,,,1,20,,234066,16,,,1,20,,234067,16,,,1,60,,234068,16,,,1,20,,234069,16,,,1,20,,234070,16,,,1,60,,234071,16,,,1,20,,234072,16,,,1,20,,234073,16,,,1,61,,234074,16,,,1,26,,234075,16,,,1,22,,234106,16,,,1,60,,234099,16,,,1,20,,234100,16,,,1,20,,234101,16,,,1,60,,234098,16,,,1,20,,234107,16,,,1,17,,234113,16,,,1,60,,234114,16,,,1,19,,234097,16,,,1,20,,234096,16,,,1,57,,234076,16,,,1,20,,234077,16,,,1,20,,234078,16,,,1,60,,234079,16,,,1,20,,234080,16,,,1,20,,234081,16,,,1,60,,234082,16,,,1,20,,234083,16,,,1,20,,234084,16,,,1,58,,234085,16,,,1,30,,234086,16,,,1,70,,234087,16,,,1,30,,234088,16,,,1,70,,234089,16,,,1
72100,'721-Saturday-1-26-09-0000010',555,,234162,22,,,1,70,,234115,22,,,1,30,,234116,22,,,1,70,,234117,22,,,1,30,,234118,22,,,1,70,,234119,22,,,1,25,,234120,22,,,1,61,,234121,22,,,1,24,,234122,22,,,1,20,,234123,22,,,1,60,,234124,22,,,1,20,,234125,22,,,1,20,,234126,22,,,1,60,,234127,22,,,1,20,,234128,22,,,1,20,,234129,22,,,1,60,,234130,22,,,1,20,,234131,22,,,1,20,,234132,22,,,1,60,,234133,22,,,1,20,,234134,22,,,1,20,,234135,22,,,1,60,,234136,22,,,1,20,,234137,22,,,1,21,,234138,22,,,1,61,,234139,22,,,1,20,,234140,22,,,1,20,,234141,22,,,1,60,,234142,22,,,1,20,,234143,22,,,1,20,,234144,22,,,1,58,,234145,22,,,1,18,,234146,22,,,1,20,,234147,22,,,1,60,,234148,22,,,1,20,,234149,22,,,1,20,,234150,22,,,1,60,,234151,22,,,1,30,,234152,22,,,1,70,,234153,22,,,1,30,,234154,22,,,1,70,,234155,22,,,1,30,,234156,22,,,1,70,,234157,22,,,1,30,,234158,22,,,1,70,,234159,22,,,1,30,,234160,22,,,1
72100,'721-Sunday-1-26-09-0000001',617,,234198,22,,,1,30,,234187,22,,,1,70,,234182,22,,,1,30,,234181,22,,,1,70,,234183,22,,,1,30,,234180,22,,,1,68,,234186,22,,,1,31,,234184,22,,,1,70,,234172,22,,,1,30,,234192,22,,,1,70,,234167,22,,,1,30,,234165,22,,,1,70,,234171,22,,,1,30,,234170,22,,,1,67,,234164,22,,,1,30,,234168,22,,,1,70,,234169,22,,,1,30,,234195,22,,,1,70,,234177,22,,,1,30,,234197,22,,,1,70,,234194,22,,,1,30,,234191,22,,,1,70,,234188,22,,,1,31,,234189,22,,,1,70,,234185,22,,,1,30,,234196,22,,,1,70,,234190,22,,,1,30,,234193,22,,,1,70,,234173,22,,,1,30,,234176,22,,,1,70,,234175,22,,,1,30,,234174,22,,,1,85,,234179,22,,,1,100,,234178,22,,,1,100,,234166,22,,,1
