10900,'109-Weekday-1-26-09-1111100',525,,216855,43,,,1,30,,216856,43,,,1,70,,216857,43,,,1,32,,216895,43,,,1,55,,216858,43,,,1,15,,216890,43,,,1,15,,216860,43,,,1,15,,216859,43,,,1,55,,216891,43,,,1,15,,216861,43,,,1,15,,216899,43,,,1,15,,216898,43,,,1,69,,216862,43,,,1,30,,216863,43,,,1,70,,216864,43,,,1,30,,216865,43,,,1,70,,216866,43,,,1,30,,216867,43,,,1,70,,216868,43,,,1,30,,216869,43,,,1,70,,216870,43,,,1,30,,216871,43,,,1,70,,216872,43,,,1,30,,216873,43,,,1,74,,216874,43,,,1,15,,216875,43,,,1,55,,216892,43,,,1,15,,216877,43,,,1,15,,216876,43,,,1,15,,216893,43,,,1,55,,216878,43,,,1,15,,216897,43,,,1,15,,216896,43,,,1,70,,216879,43,,,1,30,,216880,43,,,1,25,,216881,43,,,1,70,,216882,43,,,1,30,,216883,43,,,1,70,,216884,43,,,1,30,,216885,43,,,1,70,,216886,43,,,1,30,,216887,43,,,1,70,,216894,43,,,1,100,,216888,43,,,1,100,,216889,43,,,1
10900,'109-Weekday-2-26-09-1111100',525,,216900,43,,,1,30,,216901,43,,,1,70,,216902,43,,,1,32,,216940,43,,,1,55,,216903,43,,,1,15,,216935,43,,,1,15,,216905,43,,,1,15,,216904,43,,,1,55,,216936,43,,,1,15,,216906,43,,,1,15,,216944,43,,,1,15,,216943,43,,,1,69,,216907,43,,,1,30,,216908,43,,,1,70,,216909,43,,,1,30,,216910,43,,,1,70,,216911,43,,,1,30,,216912,43,,,1,70,,216913,43,,,1,30,,216914,43,,,1,70,,216915,43,,,1,30,,216916,43,,,1,70,,216917,43,,,1,30,,216918,43,,,1,74,,216919,43,,,1,15,,216920,43,,,1,55,,216937,43,,,1,15,,216922,43,,,1,15,,216921,43,,,1,15,,216938,43,,,1,55,,216923,43,,,1,15,,216942,43,,,1,15,,216941,43,,,1,70,,216924,43,,,1,30,,216925,43,,,1,25,,216926,43,,,1,70,,216927,43,,,1,30,,216928,43,,,1,70,,216929,43,,,1,30,,216930,43,,,1,70,,216931,43,,,1,30,,216932,43,,,1,70,,216939,43,,,1,100,,216933,43,,,1,100,,216934,43,,,1
10900,'109-Weekday-4-26-09-1111100',525,,216945,43,,,1,30,,216946,43,,,1,70,,216947,43,,,1,32,,216985,43,,,1,55,,216948,43,,,1,15,,216980,43,,,1,15,,216950,43,,,1,15,,216949,43,,,1,55,,216981,43,,,1,15,,216951,43,,,1,15,,216989,43,,,1,15,,216988,43,,,1,69,,216952,43,,,1,30,,216953,43,,,1,70,,216954,43,,,1,30,,216955,43,,,1,70,,216956,43,,,1,30,,216957,43,,,1,70,,216958,43,,,1,30,,216959,43,,,1,70,,216960,43,,,1,30,,216961,43,,,1,70,,216962,43,,,1,30,,216963,43,,,1,74,,216964,43,,,1,15,,216965,43,,,1,55,,216982,43,,,1,15,,216967,43,,,1,15,,216966,43,,,1,15,,216983,43,,,1,55,,216968,43,,,1,15,,216987,43,,,1,15,,216986,43,,,1,70,,216969,43,,,1,30,,216970,43,,,1,25,,216971,43,,,1,70,,216972,43,,,1,30,,216973,43,,,1,70,,216974,43,,,1,30,,216975,43,,,1,70,,216976,43,,,1,30,,216977,43,,,1,70,,216984,43,,,1,100,,216978,43,,,1,100,,216979,43,,,1
10900,'109-Saturday-1-26-09-0000010',815,,216990,43,,,1,30,,216991,43,,,1,72,,216992,43,,,1,31,,216993,43,,,1,70,,216994,43,,,1,30,,216995,43,,,1,70,,216996,43,,,1,30,,216997,43,,,1,70,,216998,43,,,1,30,,216999,43,,,1,70,,217000,43,,,1,30,,217001,43,,,1,70,,217002,43,,,1,30,,217003,43,,,1,70,,217004,43,,,1,30,,217005,43,,,1,70,,217006,43,,,1,30,,217007,43,,,1,69,,217008,43,,,1,30,,217009,43,,,1,70,,217010,43,,,1,30,,217011,43,,,1,70,,217012,43,,,1,30,,217013,43,,,1,70,,217014,43,,,1,30,,217015,43,,,1,70,,217016,43,,,1,30,,217017,43,,,1,70,,217018,43,,,1
10900,'109-Sunday-1-26-09-0000001',1028,,217019,43,,,1,30,,217020,43,,,1,70,,217021,43,,,1,30,,217022,43,,,1,70,,217023,43,,,1,30,,217024,43,,,1,70,,217025,43,,,1,30,,217026,43,,,1,70,,217027,43,,,1,30,,217028,43,,,1,70,,217029,43,,,1,30,,217030,43,,,1,70,,217031,43,,,1,30,,217032,43,,,1,69,,217033,43,,,1,30,,217034,43,,,1,70,,217035,43,,,1,30,,217036,43,,,1
61800,'618-Weekday-1-26-09-0001000',1249,,227447,24,,,1
61800,'618-Weekday-1-26-09-1110100',1540,,227448,24,,,1
68300,'683-Weekday-1-26-09-0001000',1323,,227870,25,,,1,3,,227871,25,,,1
68300,'683-Weekday-1-26-09-1110100',1621,,227873,25,,,1,3,,227872,25,,,1
68300,'683-Weekday-1-26-09-1111100',1608,,227874,25,,,1,5,,227875,25,,,1
68300,'683-Weekday-3-26-09-1111100',1608,,227876,25,,,1,5,,227877,25,,,1
