50600,'506-Weekday-1-26-09-1111100',534,,221918,11,,,1,70,,221919,11,,,1,31,,221920,11,,,1,16,,221921,11,,,1,55,,221937,11,,,1,15,,221922,11,,,1,15,,221923,11,,,1,15,,221924,11,,,1,55,,221960,11,,,1,15,,221961,11,,,1,15,,221939,11,,,1,69,,221925,11,,,1,30,,221948,11,,,1,70,,221949,11,,,1,30,,221950,11,,,1,70,,221951,11,,,1,30,,221952,11,,,1,70,,221947,11,,,1,30,,221946,11,,,1,70,,221945,11,,,1,30,,221944,11,,,1,70,,221943,11,,,1,30,,221942,11,,,1,71,,221941,11,,,1,30,,221940,11,,,1,7,,221964,11,,,1,8,,221927,11,,,1,55,,221938,11,,,1,15,,221928,11,,,1,15,,221929,11,,,1,15,,221930,11,,,1,55,,221962,11,,,1,15,,221963,11,,,1,15,,221926,11,,,1,70,,221931,11,,,1,29,,221932,11,,,1,69,,221953,11,,,1,30,,221954,11,,,1,70,,221955,11,,,1,30,,221956,11,,,1,70,,221957,11,,,1,30,,221958,11,,,1,69,,221959,11,,,1,30,,221933,11,,,1,100,,221934,11,,,1,100,,221935,11,,,1
50600,'506-Weekday-2-26-09-1111100',534,,221966,11,,,1,70,,221967,11,,,1,31,,221968,11,,,1,16,,221969,11,,,1,55,,221985,11,,,1,15,,221970,11,,,1,15,,221971,11,,,1,15,,221972,11,,,1,55,,222008,11,,,1,15,,222009,11,,,1,15,,221987,11,,,1,69,,221973,11,,,1,30,,221996,11,,,1,70,,221997,11,,,1,30,,221998,11,,,1,70,,221999,11,,,1,30,,222000,11,,,1,70,,221995,11,,,1,30,,221994,11,,,1,70,,221993,11,,,1,30,,221992,11,,,1,70,,221991,11,,,1,30,,221990,11,,,1,71,,221989,11,,,1,30,,221988,11,,,1,7,,222012,11,,,1,8,,221975,11,,,1,55,,221986,11,,,1,15,,221976,11,,,1,15,,221977,11,,,1,15,,221978,11,,,1,55,,222010,11,,,1,15,,222011,11,,,1,15,,221974,11,,,1,70,,221979,11,,,1,29,,221980,11,,,1,69,,222001,11,,,1,30,,222002,11,,,1,70,,222003,11,,,1,30,,222004,11,,,1,70,,222005,11,,,1,30,,222006,11,,,1,69,,222007,11,,,1,30,,221981,11,,,1,100,,221982,11,,,1,100,,221983,11,,,1
50600,'506-Weekday-4-26-09-1111100',534,,222014,11,,,1,70,,222015,11,,,1,31,,222016,11,,,1,16,,222017,11,,,1,55,,222033,11,,,1,15,,222018,11,,,1,15,,222019,11,,,1,15,,222020,11,,,1,55,,222056,11,,,1,15,,222057,11,,,1,15,,222035,11,,,1,69,,222021,11,,,1,30,,222044,11,,,1,70,,222045,11,,,1,30,,222046,11,,,1,70,,222047,11,,,1,30,,222048,11,,,1,70,,222043,11,,,1,30,,222042,11,,,1,70,,222041,11,,,1,30,,222040,11,,,1,70,,222039,11,,,1,30,,222038,11,,,1,71,,222037,11,,,1,30,,222036,11,,,1,15,,222023,11,,,1,55,,222034,11,,,1,15,,222024,11,,,1,15,,222025,11,,,1,15,,222026,11,,,1,55,,222058,11,,,1,15,,222059,11,,,1,15,,222022,11,,,1,70,,222027,11,,,1,29,,222028,11,,,1,69,,222049,11,,,1,30,,222050,11,,,1,70,,222051,11,,,1,30,,222052,11,,,1,70,,222053,11,,,1,30,,222054,11,,,1,69,,222055,11,,,1,30,,222029,11,,,1,100,,222030,11,,,1,100,,222031,11,,,1
50600,'506-Saturday-1-26-09-0000010',623,,222060,11,,,1,100,,222061,11,,,1,98,,222062,11,,,1,28,,222063,11,,,1,72,,222064,11,,,1,30,,222065,11,,,1,70,,222066,11,,,1,30,,222067,11,,,1,70,,222068,11,,,1,30,,222069,11,,,1,70,,222070,11,,,1,30,,222071,11,,,1,70,,222072,11,,,1,30,,222073,11,,,1,70,,222074,11,,,1,30,,222075,11,,,1,70,,222076,11,,,1,30,,222077,11,,,1,70,,222078,11,,,1,32,,222079,11,,,1,69,,222080,11,,,1,30,,222081,11,,,1,70,,222082,11,,,1,30,,222083,11,,,1,70,,222084,11,,,1,85,,222085,11,,,1,100,,222086,11,,,1,100,,222087,11,,,1,100,,222088,11,,,1,100,,222089,11,,,1
50600,'506-Sunday-1-26-09-0000001',625,,222092,11,,,1,100,,222093,11,,,1,100,,222094,11,,,1,97,,222095,11,,,1,100,,222096,11,,,1,30,,222097,11,,,1,70,,222098,11,,,1,30,,222099,11,,,1,70,,222100,11,,,1,30,,222101,11,,,1,70,,222102,11,,,1,30,,222103,11,,,1,70,,222104,11,,,1,30,,222105,11,,,1,70,,222106,11,,,1,30,,222107,11,,,1,70,,222108,11,,,1,31,,222109,11,,,1,71,,222110,11,,,1,30,,222111,11,,,1,70,,222112,11,,,1,85,,222113,11,,,1,100,,222114,11,,,1,100,,222115,11,,,1,100,,222116,11,,,1,100,,222117,11,,,1
63101,'631-Weekday-1-26-09-0001000',1240,,227576,17,,,1
63101,'631-Weekday-1-26-09-1110100',1543,,227577,17,,,1
63101,'631-Weekday-3-26-09-1110100',1543,,227578,17,,,1
63401,'634-Weekday-1-26-09-1111100',1602,,227595,8,,,1,5,,227596,8,,,1
63401,'634-Weekday-3-26-09-1111100',1602,,227597,8,,,1,5,,227598,8,,,1
