50301,'503-Weekday-1-26-09-1111100',647,,221667,19,,,1,70,,221668,19,,,1,30,,221669,19,,,1,70,,221670,19,,,1,30,,221671,19,,,1,754,,221672,19,,,1,30,,221673,19,,,1,70,,221674,19,,,1,30,,221675,19,,,1,70,,221676,19,,,1,30,,221677,19,,,1
50301,'503-Weekday-2-26-09-1111100',647,,221678,19,,,1,70,,221679,19,,,1,30,,221680,19,,,1,70,,221681,19,,,1,30,,221682,19,,,1,754,,221683,19,,,1,30,,221684,19,,,1,70,,221685,19,,,1,30,,221686,19,,,1,70,,221687,19,,,1,30,,221688,19,,,1
50301,'503-Weekday-4-26-09-1111100',647,,221689,19,,,1,70,,221690,19,,,1,30,,221691,19,,,1,70,,221692,19,,,1,30,,221693,19,,,1,754,,221694,19,,,1,30,,221695,19,,,1,70,,221696,19,,,1,30,,221697,19,,,1,70,,221698,19,,,1,30,,221699,19,,,1
52601,'526-Saturday-1-26-09-0000010',908,,226821,21,,,1,100,,226822,21,,,1,100,,226823,21,,,1,100,,226824,21,,,1,100,,226825,21,,,1,100,,226826,21,,,1,100,,226827,21,,,1,100,,226820,21,,,1
52601,'526-Sunday-1-26-09-0000001',908,,226828,21,,,1,100,,226829,21,,,1,100,,226830,21,,,1,100,,226831,21,,,1,100,,226832,21,,,1,100,,226833,21,,,1,100,,226834,21,,,1,100,,226835,21,,,1
1050900,'509-Weekday-1-26-09-1111100',516,,243029,9,,,1,30,,243030,9,,,1,70,,243031,9,,,1,33,,243032,9,,,1,55,,243077,9,,,1,15,,243033,9,,,1,15,,243034,9,,,1,15,,243068,9,,,1,55,,243035,9,,,1,5,,243081,9,,,1,10,,243036,9,,,1,17,,243078,9,,,1,17,,243037,9,,,1,58,,243038,9,,,1,20,,243039,9,,,1,20,,243040,9,,,1,60,,243041,9,,,1,20,,243042,9,,,1,20,,243043,9,,,1,60,,243044,9,,,1,20,,243045,9,,,1,20,,243046,9,,,1,60,,243047,9,,,1,20,,243048,9,,,1,20,,243049,9,,,1,60,,243050,9,,,1,20,,243051,9,,,1,20,,243052,9,,,1,60,,243053,9,,,1,20,,243054,9,,,1,20,,243055,9,,,1,62,,243079,9,,,1,7,,243082,9,,,1,13,,243080,9,,,1,17,,243069,9,,,1,55,,243070,9,,,1,15,,243071,9,,,1,15,,243072,9,,,1,15,,243073,9,,,1,55,,243076,9,,,1,15,,243074,9,,,1,15,,243075,9,,,1,23,,243067,9,,,1,70,,243056,9,,,1,27,,243057,9,,,1,70,,243058,9,,,1,30,,243059,9,,,1,70,,243060,9,,,1,30,,243061,9,,,1,70,,243062,9,,,1,30,,243063,9,,,1,87,,243064,9,,,1,85,,243065,9,,,1,85,,243066,9,,,1
1050900,'509-Weekday-2-26-09-1111100',516,,243084,9,,,1,30,,243085,9,,,1,70,,243086,9,,,1,33,,243087,9,,,1,55,,243132,9,,,1,15,,243088,9,,,1,15,,243089,9,,,1,15,,243123,9,,,1,55,,243090,9,,,1,5,,243136,9,,,1,10,,243091,9,,,1,17,,243133,9,,,1,17,,243092,9,,,1,58,,243093,9,,,1,20,,243094,9,,,1,20,,243095,9,,,1,60,,243096,9,,,1,20,,243097,9,,,1,20,,243098,9,,,1,60,,243099,9,,,1,20,,243100,9,,,1,20,,243101,9,,,1,60,,243102,9,,,1,20,,243103,9,,,1,20,,243104,9,,,1,60,,243105,9,,,1,20,,243106,9,,,1,20,,243107,9,,,1,60,,243108,9,,,1,20,,243109,9,,,1,20,,243110,9,,,1,62,,243134,9,,,1,7,,243137,9,,,1,13,,243135,9,,,1,17,,243124,9,,,1,55,,243125,9,,,1,15,,243126,9,,,1,15,,243127,9,,,1,15,,243128,9,,,1,55,,243131,9,,,1,15,,243129,9,,,1,15,,243130,9,,,1,23,,243122,9,,,1,70,,243111,9,,,1,27,,243112,9,,,1,70,,243113,9,,,1,30,,243114,9,,,1,70,,243115,9,,,1,30,,243116,9,,,1,70,,243117,9,,,1,30,,243118,9,,,1,87,,243119,9,,,1,85,,243120,9,,,1,85,,243121,9,,,1
1050900,'509-Weekday-4-26-09-1111100',516,,243138,9,,,1,30,,243139,9,,,1,70,,243140,9,,,1,33,,243141,9,,,1,55,,243186,9,,,1,15,,243142,9,,,1,15,,243143,9,,,1,15,,243177,9,,,1,55,,243144,9,,,1,15,,243145,9,,,1,17,,243187,9,,,1,17,,243146,9,,,1,58,,243147,9,,,1,20,,243148,9,,,1,20,,243149,9,,,1,60,,243150,9,,,1,20,,243151,9,,,1,20,,243152,9,,,1,60,,243153,9,,,1,20,,243154,9,,,1,20,,243155,9,,,1,60,,243156,9,,,1,20,,243157,9,,,1,20,,243158,9,,,1,60,,243159,9,,,1,20,,243160,9,,,1,20,,243161,9,,,1,60,,243162,9,,,1,20,,243163,9,,,1,20,,243164,9,,,1,62,,243188,9,,,1,20,,243189,9,,,1,17,,243178,9,,,1,55,,243179,9,,,1,15,,243180,9,,,1,15,,243181,9,,,1,15,,243182,9,,,1,55,,243185,9,,,1,15,,243183,9,,,1,15,,243184,9,,,1,23,,243176,9,,,1,70,,243165,9,,,1,27,,243166,9,,,1,70,,243167,9,,,1,30,,243168,9,,,1,70,,243169,9,,,1,30,,243170,9,,,1,70,,243171,9,,,1,30,,243172,9,,,1,87,,243173,9,,,1,85,,243174,9,,,1,85,,243175,9,,,1
1050900,'509-Saturday-1-26-09-0000010',637,,243190,9,,,1,85,,243191,9,,,1,36,,243192,9,,,1,70,,243193,9,,,1,30,,243194,9,,,1,71,,243195,9,,,1,30,,243196,9,,,1,70,,243197,9,,,1,30,,243198,9,,,1,70,,243199,9,,,1,30,,243200,9,,,1,70,,243201,9,,,1,30,,243202,9,,,1,70,,243203,9,,,1,30,,243204,9,,,1,70,,243205,9,,,1,30,,243206,9,,,1,70,,243207,9,,,1,30,,243208,9,,,1,70,,243209,9,,,1,30,,243210,9,,,1,69,,243211,9,,,1,30,,243212,9,,,1,70,,243213,9,,,1,30,,243214,9,,,1,70,,243215,9,,,1,92,,243216,9,,,1,85,,243217,9,,,1,45,,243218,9,,,1,85,,243219,9,,,1,85,,243220,9,,,1,85,,243221,9,,,1,45,,243222,9,,,1
1050900,'509-Sunday-1-26-09-0000001',608,,243223,9,,,1,43,,243224,9,,,1,84,,243225,9,,,1,84,,243226,9,,,1,85,,243227,9,,,1,44,,243228,9,,,1,77,,243253,9,,,1,30,,243229,9,,,1,70,,243230,9,,,1,30,,243231,9,,,1,70,,243232,9,,,1,30,,243233,9,,,1,70,,243234,9,,,1,30,,243235,9,,,1,70,,243236,9,,,1,30,,243237,9,,,1,70,,243238,9,,,1,30,,243239,9,,,1,70,,243240,9,,,1,30,,243241,9,,,1,69,,243242,9,,,1,30,,243243,9,,,1,70,,243244,9,,,1,30,,243245,9,,,1,66,,243247,9,,,1,39,,243248,9,,,1,85,,243249,9,,,1,85,,243246,9,,,1,85,,243250,9,,,1,45,,243251,9,,,1,85,,243252,9,,,1
