50701,'507-Weekday-1-26-09-1111100',518,,222511,3,,,1,30,,222512,3,,,1,70,,222513,3,,,1,20,,222547,3,,,1,15,,222514,3,,,1,62,,222543,3,,,1,15,,222516,3,,,1,15,,222544,3,,,1,55,,222518,3,,,1,15,,222545,3,,,1,15,,222519,3,,,1,26,,222515,3,,,1,65,,222517,3,,,1,24,,222521,3,,,1,70,,222522,3,,,1,30,,222523,3,,,1,70,,222524,3,,,1,30,,222525,3,,,1,70,,222526,3,,,1,30,,222506,3,,,1,70,,222507,3,,,1,30,,222508,3,,,1,70,,222509,3,,,1,30,,222510,3,,,1,71,,222520,3,,,1,35,,222527,3,,,1,70,,222528,3,,,1,30,,222529,3,,,1,70,,222530,3,,,1,30,,222531,3,,,1,70,,222532,3,,,1,29,,222533,3,,,1,65,,222534,3,,,1,31,,222535,3,,,1,70,,222536,3,,,1,30,,222537,3,,,1,70,,222538,3,,,1,30,,222539,3,,,1,67,,222540,3,,,1,27,,222546,3,,,1,90,,222541,3,,,1,100,,222542,3,,,1
50701,'507-Weekday-2-26-09-1111100',518,,222553,3,,,1,30,,222554,3,,,1,70,,222555,3,,,1,20,,222589,3,,,1,15,,222556,3,,,1,62,,222585,3,,,1,15,,222558,3,,,1,15,,222586,3,,,1,55,,222560,3,,,1,15,,222587,3,,,1,15,,222561,3,,,1,26,,222557,3,,,1,65,,222559,3,,,1,24,,222563,3,,,1,70,,222564,3,,,1,30,,222565,3,,,1,70,,222566,3,,,1,30,,222567,3,,,1,70,,222568,3,,,1,30,,222548,3,,,1,70,,222549,3,,,1,30,,222550,3,,,1,70,,222551,3,,,1,30,,222552,3,,,1,71,,222562,3,,,1,35,,222569,3,,,1,70,,222570,3,,,1,30,,222571,3,,,1,70,,222572,3,,,1,30,,222573,3,,,1,70,,222574,3,,,1,29,,222575,3,,,1,65,,222576,3,,,1,31,,222577,3,,,1,70,,222578,3,,,1,30,,222579,3,,,1,70,,222580,3,,,1,30,,222581,3,,,1,67,,222582,3,,,1,27,,222588,3,,,1,90,,222583,3,,,1,100,,222584,3,,,1
50701,'507-Weekday-4-26-09-1111100',518,,222595,3,,,1,30,,222596,3,,,1,70,,222597,3,,,1,20,,222631,3,,,1,15,,222598,3,,,1,62,,222627,3,,,1,15,,222600,3,,,1,15,,222628,3,,,1,55,,222602,3,,,1,15,,222629,3,,,1,15,,222603,3,,,1,26,,222599,3,,,1,65,,222601,3,,,1,24,,222605,3,,,1,70,,222606,3,,,1,30,,222607,3,,,1,70,,222608,3,,,1,30,,222609,3,,,1,70,,222610,3,,,1,30,,222590,3,,,1,70,,222591,3,,,1,30,,222592,3,,,1,70,,222593,3,,,1,30,,222594,3,,,1,71,,222604,3,,,1,35,,222611,3,,,1,70,,222612,3,,,1,30,,222613,3,,,1,70,,222614,3,,,1,30,,222615,3,,,1,70,,222616,3,,,1,29,,222617,3,,,1,65,,222618,3,,,1,31,,222619,3,,,1,70,,222620,3,,,1,30,,222621,3,,,1,70,,222622,3,,,1,30,,222623,3,,,1,67,,222624,3,,,1,27,,222630,3,,,1,90,,222625,3,,,1,100,,222626,3,,,1
50701,'507-Saturday-1-26-09-0000010',525,,222633,3,,,1,100,,222635,3,,,1,100,,222636,3,,,1,30,,222634,3,,,1,70,,222637,3,,,1,30,,222638,3,,,1,73,,222639,3,,,1,72,,222640,3,,,1,30,,222641,3,,,1,70,,222642,3,,,1,30,,222643,3,,,1,70,,222644,3,,,1,30,,222645,3,,,1,70,,222646,3,,,1,30,,222647,3,,,1,70,,222648,3,,,1,30,,222649,3,,,1,70,,222650,3,,,1,30,,222651,3,,,1,70,,222652,3,,,1,30,,222653,3,,,1,29,,222654,3,,,1,68,,222655,3,,,1,29,,222656,3,,,1,70,,222657,3,,,1,30,,222658,3,,,1,100,,222659,3,,,1,100,,222660,3,,,1,100,,222661,3,,,1,100,,222662,3,,,1,100,,222632,3,0,48,1
50701,'507-Sunday-1-26-09-0000001',553,,222688,3,,,1,100,,222663,3,,,1,100,,222664,3,,,1,100,,222665,3,,,1,106,,222666,3,,,1,70,,222689,3,,,1,30,,222667,3,,,1,70,,222668,3,,,1,30,,222669,3,,,1,70,,222670,3,,,1,30,,222671,3,,,1,70,,222672,3,,,1,30,,222673,3,,,1,70,,222674,3,,,1,30,,222675,3,,,1,70,,222676,3,,,1,30,,222677,3,,,1,70,,222678,3,,,1,29,,222679,3,,,1,68,,222680,3,,,1,29,,222681,3,,,1,70,,222682,3,,,1,30,,222683,3,,,1,91,,222684,3,,,1,100,,222685,3,,,1,100,,222686,3,,,1,100,,222687,3,,,1,101,,222690,3,0,48,1
63400,'634-Weekday-1-26-09-0000100',924,,227590,9,,,1
63400,'634-Weekday-1-26-09-1111000',757,,227591,9,,,1,2,,227592,9,,,1
63400,'634-Weekday-3-26-09-1111000',757,,227593,9,,,1,2,,227594,9,,,1
63401,'634-Weekday-1-26-09-1111100',1619,,227595,29,,,1,5,,227596,29,,,1
63401,'634-Weekday-3-26-09-1111100',1619,,227597,29,,,1,5,,227598,29,,,1
