10700,'107-Weekday-1-26-04-1111100',542,,114024,38,,,1,70,,114025,38,,,1,32,,114026,38,,,1,57,,114027,38,,,1,15,,114028,38,,,1,15,,114029,38,,,1,15,,114030,38,,,1,55,,114031,38,,,1,15,,114032,38,,,1,15,,114033,38,,,1,15,,114034,38,,,1,59,,114035,38,,,1,20,,114036,38,,,1,20,,114037,38,,,1,60,,114038,38,,,1,20,,114039,38,,,1,20,,114040,38,,,1,60,,114041,38,,,1,20,,114042,38,,,1,20,,114043,38,,,1,60,,114044,38,,,1,20,,114045,38,,,1,20,,114046,38,,,1,60,,114047,38,,,1,20,,114048,38,,,1,20,,114049,38,,,1,60,,114050,38,,,1,20,,114051,38,,,1,20,,114052,38,,,1,61,,114079,38,,,1,13,,114072,38,,,1,10,,114053,38,,,1,10,,114054,38,,,1,10,,114073,38,,,1,2,,114078,38,,,1,8,,114055,38,,,1,50,,114056,38,,,1,10,,114074,38,,,1,10,,114057,38,,,1,10,,114058,38,,,1,10,,114075,38,,,1,10,,114059,38,,,1,50,,114060,38,,,1,10,,114071,38,,,1,10,,114061,38,,,1,10,,114080,38,,,1,20,,114076,38,,,1,60,,114077,38,,,1,18,,114063,38,,,1,67,,114064,38,,,1,30,,114065,38,,,1,70,,114066,38,,,1,30,,114067,38,,,1,70,,114068,38,,,1,30,,114069,38,,,1,70,,114070,38,,,1,30,,114062,38,,,1
10700,'107-Weekday-2-26-04-1111100',542,,136133,38,,,1,70,,136134,38,,,1,32,,136135,38,,,1,57,,136136,38,,,1,15,,136137,38,,,1,15,,136138,38,,,1,15,,136139,38,,,1,55,,136140,38,,,1,15,,136141,38,,,1,15,,136142,38,,,1,15,,136143,38,,,1,59,,136144,38,,,1,20,,136145,38,,,1,20,,136146,38,,,1,60,,136147,38,,,1,20,,136148,38,,,1,20,,136149,38,,,1,60,,136150,38,,,1,20,,136151,38,,,1,20,,136152,38,,,1,60,,136153,38,,,1,20,,136154,38,,,1,20,,136155,38,,,1,60,,136156,38,,,1,20,,136157,38,,,1,20,,136158,38,,,1,60,,136159,38,,,1,20,,136160,38,,,1,20,,136161,38,,,1,61,,136188,38,,,1,13,,136181,38,,,1,10,,136162,38,,,1,10,,136163,38,,,1,10,,136182,38,,,1,2,,136187,38,,,1,8,,136164,38,,,1,50,,136165,38,,,1,10,,136183,38,,,1,10,,136166,38,,,1,10,,136167,38,,,1,10,,136184,38,,,1,10,,136168,38,,,1,50,,136169,38,,,1,10,,136180,38,,,1,10,,136170,38,,,1,10,,136189,38,,,1,20,,136185,38,,,1,60,,136186,38,,,1,18,,136172,38,,,1,67,,136173,38,,,1,30,,136174,38,,,1,70,,136175,38,,,1,30,,136176,38,,,1,70,,136177,38,,,1,30,,136178,38,,,1,70,,136179,38,,,1,30,,136171,38,,,1
10700,'107-Weekday-3-26-04-1111100',542,,136190,38,,,1,70,,136191,38,,,1,32,,136192,38,,,1,57,,136193,38,,,1,15,,136194,38,,,1,15,,136195,38,,,1,15,,136196,38,,,1,55,,136197,38,,,1,15,,136198,38,,,1,15,,136199,38,,,1,15,,136200,38,,,1,59,,136201,38,,,1,20,,136202,38,,,1,20,,136203,38,,,1,60,,136204,38,,,1,20,,136205,38,,,1,20,,136206,38,,,1,60,,136207,38,,,1,20,,136208,38,,,1,20,,136209,38,,,1,60,,136210,38,,,1,20,,136211,38,,,1,20,,136212,38,,,1,60,,136213,38,,,1,20,,136214,38,,,1,20,,136215,38,,,1,60,,136216,38,,,1,20,,136217,38,,,1,20,,136218,38,,,1,61,,136244,38,,,1,13,,136238,38,,,1,10,,136219,38,,,1,10,,136220,38,,,1,10,,136239,38,,,1,10,,136221,38,,,1,50,,136222,38,,,1,10,,136240,38,,,1,10,,136223,38,,,1,10,,136224,38,,,1,10,,136241,38,,,1,10,,136225,38,,,1,50,,136226,38,,,1,10,,136237,38,,,1,10,,136227,38,,,1,10,,136245,38,,,1,20,,136242,38,,,1,60,,136243,38,,,1,18,,136229,38,,,1,67,,136230,38,,,1,30,,136231,38,,,1,70,,136232,38,,,1,30,,136233,38,,,1,70,,136234,38,,,1,30,,136235,38,,,1,70,,136236,38,,,1,30,,136228,38,,,1
10700,'107-Saturday-1-26-04-0000010',836,,114081,38,,,1,69,,114082,38,,,1,30,,114083,38,,,1,70,,114084,38,,,1,30,,114085,38,,,1,70,,114086,38,,,1,30,,114087,38,,,1,70,,114088,38,,,1,30,,114089,38,,,1,70,,114090,38,,,1,30,,114091,38,,,1,70,,114092,38,,,1,30,,114093,38,,,1,70,,114094,38,,,1,30,,114095,38,,,1,70,,114096,38,,,1,30,,114097,38,,,1,71,,114098,38,,,1,30,,114099,38,,,1,70,,114100,38,,,1,30,,114101,38,,,1,70,,114102,38,,,1,30,,114103,38,,,1
10700,'107-Sunday-1-26-04-0000001',1023,,114104,38,,,1,30,,114105,38,,,1,70,,114106,38,,,1,30,,114107,38,,,1,70,,114108,38,,,1,30,,114109,38,,,1,70,,114110,38,,,1,30,,114111,38,,,1,70,,114112,38,,,1,30,,114113,38,,,1,70,,114114,38,,,1,30,,114115,38,,,1,70,,114116,38,,,1,30,,114117,38,,,1,71,,114118,38,,,1,30,,114119,38,,,1,70,,114120,38,,,1,30,,114121,38,,,1,70,,114122,38,,,1
61201,'612-Weekday-1-26-04-1111100',716,,120340,2,,,1
61201,'612-Weekday-3-26-04-1111100',716,,141956,2,,,1
62001,'620-Weekday-1-26-04-1111100',736,,120377,2,,,1,76,,120378,2,,,1,5,,120379,2,,,1
62001,'620-Weekday-2-26-04-1111100',812,,141986,2,,,1,5,,141987,2,,,1
62001,'620-Weekday-3-26-04-1111100',736,,141988,2,,,1
