68200,'682-Weekday-1-26-09-1111100',818,,227864,35,4,,1,22,,227865,35,4,,1
68300,'683-Weekday-1-26-09-0001000',1239,3,227870,1,,,1,3,3,227871,1,,,1
68300,'683-Weekday-1-26-09-1110100',1537,3,227873,1,,,1,3,3,227872,1,,,1
68400,'684-Weekday-1-26-09-0001000',1239,3,227886,1,0,29 30,1,3,3,227887,1,,,1
68400,'684-Weekday-1-26-09-1110100',1537,3,227889,1,0,29 30,1,3,3,227888,1,,,1
90400,'904-Weekday-1-26-09-0001000',1242,3,237388,1,,,1
90400,'904-Weekday-1-26-09-1111100',553,,237389,43,,,1,70,,237390,43,,,1,77,,237391,43,,,1,20,,237392,43,,,1,20,,237424,43,,,1,64,,237393,43,,,1,23,,237428,43,,,1,1,,237394,43,,,1,4,,237429,43,,,1,7,,237430,43,,,1,9,,237423,43,,,1,55,,237427,43,,,1,23,,237395,43,,,1,30,,237396,43,,,1,70,,237397,43,,,1,30,,237398,43,,,1,70,,237399,43,,,1,30,,237400,43,,,1,70,,237401,43,,,1,30,,237402,43,,,1,70,,237403,43,,,1,30,,237404,43,,,1,70,,237405,43,,,1,30,,237406,43,,,1,61,,237407,43,,,1,22,,237422,43,,,1,20,,237408,43,,,1,60,,237409,43,,,1,20,,237425,43,,,1,20,,237410,43,,,1,60,,237411,43,,,1,20,,237426,43,,,1,70,,237412,43,,,1,28,,237413,43,,,1,67,,237414,43,,,1,30,,237415,43,,,1,70,,237416,43,,,1,30,,237417,43,,,1,70,,237418,43,,,1,30,,237419,43,,,1,70,,237421,43,,,1,98,,237420,43,,,1
90400,'904-Weekday-2-26-09-1111100',553,,237431,43,,,1,70,,237432,43,,,1,77,,237433,43,,,1,20,,237434,43,,,1,20,,237466,43,,,1,64,,237435,43,,,1,23,,237470,43,,,1,1,,237436,43,,,1,4,,237471,43,,,1,7,,237472,43,,,1,9,,237465,43,,,1,55,,237469,43,,,1,23,,237437,43,,,1,30,,237438,43,,,1,70,,237439,43,,,1,30,,237440,43,,,1,70,,237441,43,,,1,30,,237442,43,,,1,70,,237443,43,,,1,30,,237444,43,,,1,70,,237445,43,,,1,30,,237446,43,,,1,70,,237447,43,,,1,30,,237448,43,,,1,61,,237449,43,,,1,22,,237464,43,,,1,20,,237450,43,,,1,60,,237451,43,,,1,20,,237467,43,,,1,20,,237452,43,,,1,60,,237453,43,,,1,20,,237468,43,,,1,70,,237454,43,,,1,28,,237455,43,,,1,67,,237456,43,,,1,30,,237457,43,,,1,70,,237458,43,,,1,30,,237459,43,,,1,70,,237460,43,,,1,30,,237461,43,,,1,70,,237463,43,,,1,98,,237462,43,,,1
90400,'904-Weekday-4-26-09-1111100',553,,237473,43,,,1,70,,237474,43,,,1,77,,237475,43,,,1,20,,237476,43,,,1,20,,237508,43,,,1,64,,237477,43,,,1,23,,237512,43,,,1,1,,237478,43,,,1,4,,237513,43,,,1,7,,237514,43,,,1,9,,237507,43,,,1,55,,237511,43,,,1,23,,237479,43,,,1,30,,237480,43,,,1,70,,237481,43,,,1,30,,237482,43,,,1,70,,237483,43,,,1,30,,237484,43,,,1,70,,237485,43,,,1,30,,237486,43,,,1,70,,237487,43,,,1,30,,237488,43,,,1,70,,237489,43,,,1,30,,237490,43,,,1,61,,237491,43,,,1,22,,237506,43,,,1,20,,237492,43,,,1,60,,237493,43,,,1,20,,237509,43,,,1,20,,237494,43,,,1,60,,237495,43,,,1,20,,237510,43,,,1,70,,237496,43,,,1,28,,237497,43,,,1,67,,237498,43,,,1,30,,237499,43,,,1,70,,237500,43,,,1,30,,237501,43,,,1,70,,237502,43,,,1,30,,237503,43,,,1,70,,237505,43,,,1,98,,237504,43,,,1
90400,'904-Saturday-1-26-09-0000010',655,,237527,43,,,1,100,,237515,43,,,1,100,,237516,43,,,1,70,,237517,43,,,1,30,,237518,43,,,1,70,,237519,43,,,1,30,,237520,43,,,1,70,,237521,43,,,1,30,,237522,43,,,1,70,,237523,43,,,1,32,,237528,43,,,1,70,,237529,43,,,1,30,,237530,43,,,1,70,,237531,43,,,1,30,,237532,43,,,1,70,,237533,43,,,1,30,,237534,43,,,1,70,,237535,43,,,1,30,,237536,43,,,1,68,,237537,43,,,1,30,,237538,43,,,1,70,,237539,43,,,1,30,,237540,43,,,1,70,,237541,43,,,1,97,,237524,43,,,1,100,,237525,43,,,1,100,,237526,43,,,1
90400,'904-Sunday-1-26-09-0000001',720,,237542,43,,,1,100,,237543,43,,,1,104,,237544,43,,,1,101,,237562,43,,,1,30,,237545,43,,,1,70,,237546,43,,,1,30,,237547,43,,,1,70,,237548,43,,,1,30,,237550,43,,,1,70,,237551,43,,,1,30,,237552,43,,,1,70,,237549,43,,,1,30,,237553,43,,,1,70,,237554,43,,,1,30,,237555,43,,,1,70,,237556,43,,,1,30,,237557,43,,,1,68,,237558,43,,,1,30,,237559,43,,,1,70,,237560,43,,,1,30,,237561,43,,,1,70,,237563,43,,,1
