12201,'122-Weekday-1-26-09-1111100',543,,220556,20,0,29 30,1,70,,220557,20,0,29 30,1,30,,220558,20,0,29 30,1,70,,220567,20,0,29 30,1,30,,220568,20,0,29 30,1,70,,220569,20,0,29 30,1,30,,220570,20,0,29 30,1,71,,220588,20,0,29 30,1,30,,220576,20,0,29 30,1,70,,220577,20,0,29 30,1,30,,220578,20,0,29 30,1,70,,220575,20,0,29 30,1,30,,220574,20,0,29 30,1,70,,220573,20,0,29 30,1,30,,220572,20,0,29 30,1,70,,220571,20,0,29 30,1,30,,220559,20,0,29 30,1,70,,220560,20,0,29 30,1,30,,220561,20,0,29 30,1,70,,220562,20,0,29 30,1,30,,220590,20,0,29 30,1,60,,220563,20,0,29 30,1,20,,220564,20,0,29 30,1,20,,220565,20,0,29 30,1,60,,220589,20,0,29 30,1,20,,220566,20,0,29 30,1,30,,220579,20,0,29 30,1,70,,220580,20,0,29 30,1,28,,220581,20,0,29 30,1,70,,220582,20,0,29 30,1,30,,220583,20,0,29 30,1,70,,220584,20,0,29 30,1,30,,220585,20,0,29 30,1,70,,220586,20,0,29 30,1,30,,220587,20,0,29 30,1
12201,'122-Weekday-2-26-09-1111100',543,,220591,20,0,29 30,1,70,,220592,20,0,29 30,1,30,,220593,20,0,29 30,1,70,,220602,20,0,29 30,1,30,,220603,20,0,29 30,1,70,,220604,20,0,29 30,1,30,,220605,20,0,29 30,1,71,,220623,20,0,29 30,1,30,,220611,20,0,29 30,1,70,,220612,20,0,29 30,1,30,,220613,20,0,29 30,1,70,,220610,20,0,29 30,1,30,,220609,20,0,29 30,1,70,,220608,20,0,29 30,1,30,,220607,20,0,29 30,1,70,,220606,20,0,29 30,1,30,,220594,20,0,29 30,1,70,,220595,20,0,29 30,1,30,,220596,20,0,29 30,1,70,,220597,20,0,29 30,1,30,,220625,20,0,29 30,1,60,,220598,20,0,29 30,1,20,,220599,20,0,29 30,1,20,,220600,20,0,29 30,1,60,,220624,20,0,29 30,1,20,,220601,20,0,29 30,1,30,,220614,20,0,29 30,1,70,,220615,20,0,29 30,1,28,,220616,20,0,29 30,1,70,,220617,20,0,29 30,1,30,,220618,20,0,29 30,1,70,,220619,20,0,29 30,1,30,,220620,20,0,29 30,1,70,,220621,20,0,29 30,1,30,,220622,20,0,29 30,1
12201,'122-Weekday-4-26-09-1111100',543,,220626,20,0,29 30,1,70,,220627,20,0,29 30,1,30,,220628,20,0,29 30,1,70,,220637,20,0,29 30,1,30,,220638,20,0,29 30,1,70,,220639,20,0,29 30,1,30,,220640,20,0,29 30,1,71,,220658,20,0,29 30,1,30,,220646,20,0,29 30,1,70,,220647,20,0,29 30,1,30,,220648,20,0,29 30,1,70,,220645,20,0,29 30,1,30,,220644,20,0,29 30,1,70,,220643,20,0,29 30,1,30,,220642,20,0,29 30,1,70,,220641,20,0,29 30,1,30,,220629,20,0,29 30,1,70,,220630,20,0,29 30,1,30,,220631,20,0,29 30,1,70,,220632,20,0,29 30,1,30,,220660,20,0,29 30,1,60,,220633,20,0,29 30,1,20,,220634,20,0,29 30,1,20,,220635,20,0,29 30,1,60,,220659,20,0,29 30,1,20,,220636,20,0,29 30,1,30,,220649,20,0,29 30,1,70,,220650,20,0,29 30,1,28,,220651,20,0,29 30,1,70,,220652,20,0,29 30,1,30,,220653,20,0,29 30,1,70,,220654,20,0,29 30,1,30,,220655,20,0,29 30,1,70,,220656,20,0,29 30,1,30,,220657,20,0,29 30,1
12201,'122-Saturday-1-26-09-0000010',819,,220662,20,0,29 30,1,30,,220663,20,0,29 30,1,70,,220664,20,0,29 30,1,30,,220665,20,0,29 30,1,70,,220666,20,0,29 30,1,30,,220667,20,0,29 30,1,70,,220668,20,0,29 30,1,30,,220669,20,0,29 30,1,70,,220670,20,0,29 30,1,30,,220671,20,0,29 30,1,70,,220672,20,0,29 30,1,30,,220673,20,0,29 30,1,70,,220674,20,0,29 30,1,30,,220675,20,0,29 30,1,70,,220676,20,0,29 30,1,30,,220677,20,0,29 30,1,70,,220678,20,0,29 30,1,30,,220679,20,0,29 30,1,70,,220680,20,0,29 30,1,30,,220681,20,0,29 30,1,70,,220682,20,0,29 30,1,30,,220683,20,0,29 30,1,70,,220661,20,0,29 30,1
12201,'122-Sunday-1-26-09-0000001',1013,,220685,20,0,29 30,1,30,,220686,20,0,29 30,1,70,,220687,20,0,29 30,1,30,,220688,20,0,29 30,1,70,,220689,20,0,29 30,1,30,,220690,20,0,29 30,1,70,,220691,20,0,29 30,1,30,,220692,20,0,29 30,1,70,,220693,20,0,29 30,1,30,,220694,20,0,29 30,1,70,,220695,20,0,29 30,1,30,,220696,20,0,29 30,1,70,,220697,20,0,29 30,1,30,,220698,20,0,29 30,1,70,,220699,20,0,29 30,1,30,,220700,20,0,29 30,1,70,,220701,20,0,29 30,1,30,,220702,20,0,29 30,1,70,,220684,20,0,29 30,1
61000,'610-Weekday-1-26-09-0001000',1248,,227383,21,,,1,196,,227384,21,,,1,5,,227382,21,,,1
61000,'610-Weekday-1-26-09-1110100',1522,,227385,21,,,1,4,,227386,21,,,1,20,,227387,21,,,1,5,,227388,21,,,1
61000,'610-Weekday-3-26-09-1110100',1546,,227389,21,,,1,5,,227390,21,,,1
61001,'610-Weekday-1-26-09-1111100',723,,227391,12,,,1,7,,227392,12,,,1,80,,227393,12,,,1,5,,227394,12,,,1
61001,'610-Weekday-3-26-09-1111100',810,,227395,12,,,1,5,,227396,12,,,1
61100,'611-Weekday-1-26-09-0001000',1208,,227397,21,,,1,4,,227398,21,,,1,235,,227399,21,,,1
61100,'611-Weekday-1-26-09-1110100',1518,,227400,21,,,1,4,,227401,21,,,1,20,,227402,21,,,1
61100,'611-Weekday-3-26-09-1110100',1542,,227403,21,,,1
61101,'611-Weekday-1-26-09-1111100',734,,227404,12,,,1,5,,227405,12,,,1,65,,227406,12,,,1
61101,'611-Weekday-3-26-09-1111100',804,,227407,12,,,1
61600,'616-Weekday-1-26-09-0001000',1430,,227429,23,,,1,4,,227430,23,,,1
61600,'616-Weekday-1-26-09-1110100',1528,,227431,23,,,1,4,,227432,23,,,1
61600,'616-Weekday-3-26-09-1110100',1528,,227433,23,,,1,4,,227434,23,,,1
61601,'616-Weekday-1-26-09-1111100',804,,227435,12,,,1
61601,'616-Weekday-3-26-09-1111100',804,,227436,12,,,1
68400,'684-Weekday-1-26-09-0001000',1327,,227887,48,,,1
68400,'684-Weekday-1-26-09-1110100',1635,,227888,48,,,1
68400,'684-Weekday-1-26-09-1111100',1624,,227891,53,,,1
68400,'684-Weekday-3-26-09-1111100',1624,,227893,53,,,1
68401,'684-Weekday-1-26-09-1111100',736,,227894,12,,,1
68401,'684-Weekday-3-26-09-1111100',736,,227897,12,,,1
