10900,'109-Weekday-1-26-09-1111100',524,,216855,41,,,1,30,,216856,41,,,1,70,,216857,41,,,1,32,,216895,41,,,1,55,,216858,41,,,1,15,,216890,41,,,1,15,,216860,41,,,1,15,,216859,41,,,1,55,,216891,41,,,1,15,,216861,41,,,1,15,,216899,41,,,1,15,,216898,41,,,1,69,,216862,41,,,1,30,,216863,41,,,1,70,,216864,41,,,1,30,,216865,41,,,1,70,,216866,41,,,1,30,,216867,41,,,1,70,,216868,41,,,1,30,,216869,41,,,1,70,,216870,41,,,1,30,,216871,41,,,1,70,,216872,41,,,1,30,,216873,41,,,1,74,,216874,41,,,1,15,,216875,41,,,1,15,,216892,41,,,1,55,,216877,41,,,1,15,,216876,41,,,1,15,,216893,41,,,1,15,,216878,41,,,1,55,,216897,41,,,1,15,,216896,41,,,1,30,,216879,41,,,1,70,,216880,41,,,1,25,,216881,41,,,1,70,,216882,41,,,1,30,,216883,41,,,1,70,,216884,41,,,1,30,,216885,41,,,1,70,,216886,41,,,1,30,,216887,41,,,1,70,,216894,41,,,1,100,,216888,41,,,1,100,,216889,41,,,1
10900,'109-Weekday-2-26-09-1111100',524,,216900,41,,,1,30,,216901,41,,,1,70,,216902,41,,,1,32,,216940,41,,,1,55,,216903,41,,,1,15,,216935,41,,,1,15,,216905,41,,,1,15,,216904,41,,,1,55,,216936,41,,,1,15,,216906,41,,,1,15,,216944,41,,,1,15,,216943,41,,,1,69,,216907,41,,,1,30,,216908,41,,,1,70,,216909,41,,,1,30,,216910,41,,,1,70,,216911,41,,,1,30,,216912,41,,,1,70,,216913,41,,,1,30,,216914,41,,,1,70,,216915,41,,,1,30,,216916,41,,,1,70,,216917,41,,,1,30,,216918,41,,,1,74,,216919,41,,,1,15,,216920,41,,,1,15,,216937,41,,,1,55,,216922,41,,,1,15,,216921,41,,,1,15,,216938,41,,,1,15,,216923,41,,,1,55,,216942,41,,,1,15,,216941,41,,,1,30,,216924,41,,,1,70,,216925,41,,,1,25,,216926,41,,,1,70,,216927,41,,,1,30,,216928,41,,,1,70,,216929,41,,,1,30,,216930,41,,,1,70,,216931,41,,,1,30,,216932,41,,,1,70,,216939,41,,,1,100,,216933,41,,,1,100,,216934,41,,,1
10900,'109-Weekday-4-26-09-1111100',524,,216945,41,,,1,30,,216946,41,,,1,70,,216947,41,,,1,32,,216985,41,,,1,55,,216948,41,,,1,15,,216980,41,,,1,15,,216950,41,,,1,15,,216949,41,,,1,55,,216981,41,,,1,15,,216951,41,,,1,15,,216989,41,,,1,15,,216988,41,,,1,69,,216952,41,,,1,30,,216953,41,,,1,70,,216954,41,,,1,30,,216955,41,,,1,70,,216956,41,,,1,30,,216957,41,,,1,70,,216958,41,,,1,30,,216959,41,,,1,70,,216960,41,,,1,30,,216961,41,,,1,70,,216962,41,,,1,30,,216963,41,,,1,74,,216964,41,,,1,15,,216965,41,,,1,15,,216982,41,,,1,55,,216967,41,,,1,15,,216966,41,,,1,15,,216983,41,,,1,15,,216968,41,,,1,55,,216987,41,,,1,15,,216986,41,,,1,30,,216969,41,,,1,70,,216970,41,,,1,25,,216971,41,,,1,70,,216972,41,,,1,30,,216973,41,,,1,70,,216974,41,,,1,30,,216975,41,,,1,70,,216976,41,,,1,30,,216977,41,,,1,70,,216984,41,,,1,100,,216978,41,,,1,100,,216979,41,,,1
10900,'109-Saturday-1-26-09-0000010',814,,216990,41,,,1,30,,216991,41,,,1,72,,216992,41,,,1,31,,216993,41,,,1,70,,216994,41,,,1,30,,216995,41,,,1,70,,216996,41,,,1,30,,216997,41,,,1,70,,216998,41,,,1,30,,216999,41,,,1,70,,217000,41,,,1,30,,217001,41,,,1,70,,217002,41,,,1,30,,217003,41,,,1,70,,217004,41,,,1,30,,217005,41,,,1,70,,217006,41,,,1,30,,217007,41,,,1,69,,217008,41,,,1,30,,217009,41,,,1,70,,217010,41,,,1,30,,217011,41,,,1,70,,217012,41,,,1,30,,217013,41,,,1,70,,217014,41,,,1,30,,217015,41,,,1,70,,217016,41,,,1,30,,217017,41,,,1,70,,217018,41,,,1
10900,'109-Sunday-1-26-09-0000001',1027,,217019,41,,,1,30,,217020,41,,,1,70,,217021,41,,,1,30,,217022,41,,,1,70,,217023,41,,,1,30,,217024,41,,,1,70,,217025,41,,,1,30,,217026,41,,,1,70,,217027,41,,,1,30,,217028,41,,,1,70,,217029,41,,,1,30,,217030,41,,,1,70,,217031,41,,,1,30,,217032,41,,,1,69,,217033,41,,,1,30,,217034,41,,,1,70,,217035,41,,,1,30,,217036,41,,,1
61800,'618-Weekday-1-26-09-0001000',1247,,227447,22,,,1
61800,'618-Weekday-1-26-09-1110100',1538,,227448,22,,,1
62500,'625-Weekday-1-26-09-1110100',1538,,227551,43,,,1
68300,'683-Weekday-1-26-09-0001000',1321,,227870,23,,,1,3,,227871,23,,,1
68300,'683-Weekday-1-26-09-1110100',1619,,227873,23,,,1,3,,227872,23,,,1
68300,'683-Weekday-1-26-09-1111100',1606,,227874,23,,,1,5,,227875,23,,,1
68300,'683-Weekday-3-26-09-1111100',1606,,227876,23,,,1,5,,227877,23,,,1
24014000,'140X-Weekday-1-26-09-1111100',1543,,245037,42,,,1,61,,245038,42,,,1,21,,245039,42,,,1,22,,245040,42,,,1,60,,245041,42,,,1,18,,245042,42,,,1,16,,245043,42,,,1,15,,245044,42,,,1
24014000,'140X-Weekday-2-26-09-1111100',1543,,245045,42,,,1,61,,245046,42,,,1,21,,245047,42,,,1,22,,245048,42,,,1,60,,245049,42,,,1,18,,245050,42,,,1,16,,245051,42,,,1,15,,245052,42,,,1
24014000,'140X-Weekday-4-26-09-1111100',1543,,245053,42,,,1,61,,245054,42,,,1,21,,245055,42,,,1,22,,245056,42,,,1,60,,245057,42,,,1,18,,245058,42,,,1,16,,245059,42,,,1,15,,245060,42,,,1
