10901,'109-Weekday-1-26-09-1111100',532,,217037,20,0,18 14,1,70,,217038,20,0,18 14,1,32,,217039,20,0,18 14,1,24,,217040,20,0,18 14,1,55,,217041,20,0,18 14,1,15,,217042,20,0,18 14,1,15,,217043,20,0,18 14,1,15,,217045,20,0,18 14,1,55,,217044,20,0,18 14,1,15,,217079,20,0,18 14,1,16,,217077,20,0,18 14,1,61,,217046,20,0,18 14,1,29,,217047,20,0,18 14,1,70,,217048,20,0,18 14,1,30,,217049,20,0,18 14,1,70,,217050,20,0,18 14,1,30,,217051,20,0,18 14,1,70,,217052,20,0,18 14,1,30,,217053,20,0,18 14,1,70,,217054,20,0,18 14,1,30,,217055,20,0,18 14,1,70,,217056,20,0,18 14,1,30,,217057,20,0,18 14,1,71,,217058,20,0,18 14,1,25,,217059,20,0,18 14,1,15,,217060,20,0,18 14,1,55,,217061,20,0,18 14,1,15,,217062,20,0,18 14,1,15,,217075,20,0,18 14,1,15,,217063,20,0,18 14,1,55,,217080,20,0,18 14,1,15,,217078,20,0,18 14,1,22,,217064,20,0,18 14,1,70,,217065,20,0,18 14,1,29,,217066,20,0,18 14,1,68,,217067,20,0,18 14,1,30,,217068,20,0,18 14,1,70,,217069,20,0,18 14,1,30,,217070,20,0,18 14,1,70,,217071,20,0,18 14,1,30,,217072,20,0,18 14,1,69,,217076,20,0,18 14,1,99,,217073,20,0,18 14,1,100,,217074,20,0,18 14,1
10901,'109-Weekday-2-26-09-1111100',532,,217081,20,0,18 14,1,70,,217082,20,0,18 14,1,32,,217083,20,0,18 14,1,24,,217084,20,0,18 14,1,55,,217085,20,0,18 14,1,15,,217086,20,0,18 14,1,15,,217087,20,0,18 14,1,15,,217089,20,0,18 14,1,55,,217088,20,0,18 14,1,15,,217123,20,0,18 14,1,16,,217121,20,0,18 14,1,61,,217090,20,0,18 14,1,29,,217091,20,0,18 14,1,70,,217092,20,0,18 14,1,30,,217093,20,0,18 14,1,70,,217094,20,0,18 14,1,30,,217095,20,0,18 14,1,70,,217096,20,0,18 14,1,30,,217097,20,0,18 14,1,70,,217098,20,0,18 14,1,30,,217099,20,0,18 14,1,70,,217100,20,0,18 14,1,30,,217101,20,0,18 14,1,71,,217102,20,0,18 14,1,25,,217103,20,0,18 14,1,15,,217104,20,0,18 14,1,55,,217105,20,0,18 14,1,15,,217106,20,0,18 14,1,15,,217119,20,0,18 14,1,15,,217107,20,0,18 14,1,55,,217124,20,0,18 14,1,15,,217122,20,0,18 14,1,22,,217108,20,0,18 14,1,70,,217109,20,0,18 14,1,29,,217110,20,0,18 14,1,68,,217111,20,0,18 14,1,30,,217112,20,0,18 14,1,70,,217113,20,0,18 14,1,30,,217114,20,0,18 14,1,70,,217115,20,0,18 14,1,30,,217116,20,0,18 14,1,69,,217120,20,0,18 14,1,99,,217117,20,0,18 14,1,100,,217118,20,0,18 14,1
10901,'109-Weekday-4-26-09-1111100',532,,217125,20,0,18 14,1,70,,217126,20,0,18 14,1,32,,217127,20,0,18 14,1,24,,217128,20,0,18 14,1,55,,217129,20,0,18 14,1,15,,217130,20,0,18 14,1,15,,217131,20,0,18 14,1,15,,217133,20,0,18 14,1,55,,217132,20,0,18 14,1,15,,217167,20,0,18 14,1,16,,217165,20,0,18 14,1,61,,217134,20,0,18 14,1,29,,217135,20,0,18 14,1,70,,217136,20,0,18 14,1,30,,217137,20,0,18 14,1,70,,217138,20,0,18 14,1,30,,217139,20,0,18 14,1,70,,217140,20,0,18 14,1,30,,217141,20,0,18 14,1,70,,217142,20,0,18 14,1,30,,217143,20,0,18 14,1,70,,217144,20,0,18 14,1,30,,217145,20,0,18 14,1,71,,217146,20,0,18 14,1,25,,217147,20,0,18 14,1,15,,217148,20,0,18 14,1,55,,217149,20,0,18 14,1,15,,217150,20,0,18 14,1,15,,217163,20,0,18 14,1,15,,217151,20,0,18 14,1,55,,217168,20,0,18 14,1,15,,217166,20,0,18 14,1,22,,217152,20,0,18 14,1,70,,217153,20,0,18 14,1,29,,217154,20,0,18 14,1,68,,217155,20,0,18 14,1,30,,217156,20,0,18 14,1,70,,217157,20,0,18 14,1,30,,217158,20,0,18 14,1,70,,217159,20,0,18 14,1,30,,217160,20,0,18 14,1,69,,217164,20,0,18 14,1,99,,217161,20,0,18 14,1,100,,217162,20,0,18 14,1
10901,'109-Saturday-1-26-09-0000010',825,,217169,20,0,18 14,1,30,,217170,20,0,18 14,1,70,,217171,20,0,18 14,1,30,,217172,20,0,18 14,1,70,,217173,20,0,18 14,1,30,,217174,20,0,18 14,1,70,,217175,20,0,18 14,1,30,,217176,20,0,18 14,1,70,,217177,20,0,18 14,1,30,,217178,20,0,18 14,1,70,,217179,20,0,18 14,1,30,,217180,20,0,18 14,1,70,,217181,20,0,18 14,1,30,,217182,20,0,18 14,1,70,,217183,20,0,18 14,1,30,,217184,20,0,18 14,1,70,,217185,20,0,18 14,1,30,,217186,20,0,18 14,1,70,,217187,20,0,18 14,1,30,,217188,20,0,18 14,1,70,,217189,20,0,18 14,1,30,,217190,20,0,18 14,1,70,,217191,20,0,18 14,1,30,,217192,20,0,18 14,1,70,,217193,20,0,18 14,1,30,,217194,20,0,18 14,1,70,,217195,20,0,18 14,1,30,,217196,20,0,18 14,1
10901,'109-Sunday-1-26-09-0000001',1035,,217197,20,0,18 14,1,70,,217198,20,0,18 14,1,30,,217199,20,0,18 14,1,70,,217200,20,0,18 14,1,30,,217201,20,0,18 14,1,70,,217202,20,0,18 14,1,30,,217203,20,0,18 14,1,70,,217204,20,0,18 14,1,30,,217205,20,0,18 14,1,70,,217206,20,0,18 14,1,30,,217207,20,0,18 14,1,70,,217208,20,0,18 14,1,30,,217209,20,0,18 14,1,70,,217210,20,0,18 14,1,30,,217211,20,0,18 14,1,70,,217212,20,0,18 14,1,30,,217213,20,0,18 14,1,70,,217214,20,0,18 14,1
61300,'613-Weekday-1-26-09-1111100',729,,227411,15,,,1,90,,227412,15,,,1
61300,'613-Weekday-3-26-09-1111100',819,,227413,15,,,1
61801,'618-Weekday-1-26-09-1111100',807,,227449,15,,,1
68301,'683-Weekday-1-26-09-1111100',735,,227878,9,,,1,5,,227879,9,,,1,5,,227880,9,,,1,5,,227881,9,,,1
68301,'683-Weekday-3-26-09-1111100',735,,227882,9,,,1,5,,227883,9,,,1,5,,227884,9,,,1,5,,227885,9,,,1
24015001,'150X-Weekday-1-26-09-1111100',612,,245121,15,,,1,20,,245115,15,,,1,20,,245116,15,,,1,60,,245117,15,,,1,15,,245118,15,,,1,15,,245119,15,,,1,15,,245120,15,,,1,55,,245113,15,,,1,15,,245112,15,,,1,15,,245114,15,,,1
24015001,'150X-Weekday-2-26-09-1111100',612,,245131,15,,,1,20,,245125,15,,,1,20,,245126,15,,,1,60,,245127,15,,,1,15,,245128,15,,,1,15,,245129,15,,,1,15,,245130,15,,,1,55,,245123,15,,,1,15,,245122,15,,,1,15,,245124,15,,,1
24015001,'150X-Weekday-4-26-09-1111100',612,,245141,15,,,1,20,,245135,15,,,1,20,,245136,15,,,1,60,,245137,15,,,1,15,,245138,15,,,1,15,,245139,15,,,1,15,,245140,15,,,1,55,,245133,15,,,1,15,,245132,15,,,1,15,,245134,15,,,1
