5300,'053-Weekday-1-26-09-1111100',526,,211769,32,,,1,30,,211770,32,,,1,70,,211771,32,,,1,74,,211772,32,,,1,18,,211773,32,,,1,15,,211774,32,,,1,15,,211775,32,,,1,55,,211724,32,,,1,15,,211725,32,,,1,15,,211768,32,,,1,15,,211726,32,,,1,55,,211727,32,,,1,19,,211766,32,,,1,19,,211728,32,,,1,60,,211756,32,,,1,20,,211760,32,,,1,20,,211764,32,,,1,60,,211759,32,,,1,20,,211767,32,,,1,20,,211729,32,,,1,60,,211730,32,,,1,20,,211731,32,,,1,20,,211732,32,,,1,60,,211733,32,,,1,20,,211734,32,,,1,20,,211735,32,,,1,60,,211736,32,,,1,20,,211737,32,,,1,20,,211738,32,,,1,61,,211739,32,,,1,17,,211757,32,,,1,17,,211740,32,,,1,15,,211741,32,,,1,55,,211742,32,,,1,15,,211754,32,,,1,15,,211743,32,,,1,15,,211744,32,,,1,55,,211755,32,,,1,15,,211745,32,,,1,15,,211765,32,,,1,15,,211761,32,,,1,56,,211762,32,,,1,30,,211763,32,,,1,63,,211758,32,,,1,30,,211746,32,,,1,70,,211747,32,,,1,30,,211748,32,,,1,70,,211749,32,,,1,30,,211750,32,,,1,70,,211751,32,,,1,30,,211752,32,,,1,100,,211753,32,,,1,100,,211723,32,,,1
5300,'053-Weekday-2-26-09-1111100',526,,211822,32,,,1,30,,211823,32,,,1,70,,211824,32,,,1,74,,211825,32,,,1,18,,211826,32,,,1,15,,211827,32,,,1,15,,211828,32,,,1,55,,211777,32,,,1,15,,211778,32,,,1,15,,211821,32,,,1,15,,211779,32,,,1,55,,211780,32,,,1,19,,211819,32,,,1,19,,211781,32,,,1,60,,211809,32,,,1,20,,211813,32,,,1,20,,211817,32,,,1,60,,211812,32,,,1,20,,211820,32,,,1,20,,211782,32,,,1,60,,211783,32,,,1,20,,211784,32,,,1,20,,211785,32,,,1,60,,211786,32,,,1,20,,211787,32,,,1,20,,211788,32,,,1,60,,211789,32,,,1,20,,211790,32,,,1,20,,211791,32,,,1,61,,211792,32,,,1,17,,211810,32,,,1,17,,211793,32,,,1,15,,211794,32,,,1,55,,211795,32,,,1,15,,211807,32,,,1,15,,211796,32,,,1,15,,211797,32,,,1,55,,211808,32,,,1,15,,211798,32,,,1,15,,211818,32,,,1,15,,211814,32,,,1,56,,211815,32,,,1,30,,211816,32,,,1,63,,211811,32,,,1,30,,211799,32,,,1,70,,211800,32,,,1,30,,211801,32,,,1,70,,211802,32,,,1,30,,211803,32,,,1,70,,211804,32,,,1,30,,211805,32,,,1,100,,211806,32,,,1,100,,211776,32,,,1
5300,'053-Weekday-4-26-09-1111100',526,,211875,32,,,1,30,,211876,32,,,1,70,,211877,32,,,1,74,,211878,32,,,1,18,,211879,32,,,1,15,,211880,32,,,1,15,,211881,32,,,1,55,,211830,32,,,1,15,,211831,32,,,1,15,,211874,32,,,1,15,,211832,32,,,1,55,,211833,32,,,1,19,,211872,32,,,1,19,,211834,32,,,1,60,,211862,32,,,1,20,,211866,32,,,1,20,,211870,32,,,1,60,,211865,32,,,1,20,,211873,32,,,1,20,,211835,32,,,1,60,,211836,32,,,1,20,,211837,32,,,1,20,,211838,32,,,1,60,,211839,32,,,1,20,,211840,32,,,1,20,,211841,32,,,1,60,,211842,32,,,1,20,,211843,32,,,1,20,,211844,32,,,1,61,,211845,32,,,1,17,,211863,32,,,1,17,,211846,32,,,1,15,,211847,32,,,1,55,,211848,32,,,1,15,,211860,32,,,1,15,,211849,32,,,1,15,,211850,32,,,1,55,,211861,32,,,1,15,,211851,32,,,1,15,,211871,32,,,1,15,,211867,32,,,1,56,,211868,32,,,1,30,,211869,32,,,1,63,,211864,32,,,1,30,,211852,32,,,1,70,,211853,32,,,1,30,,211854,32,,,1,70,,211855,32,,,1,30,,211856,32,,,1,70,,211857,32,,,1,30,,211858,32,,,1,100,,211859,32,,,1,100,,211829,32,,,1
5300,'053-Saturday-1-26-09-0000010',626,,211882,32,,,1,100,,211883,32,,,1,100,,211884,32,,,1,25,,211912,32,,,1,67,,211885,32,,,1,30,,211886,32,,,1,70,,211887,32,,,1,30,,211888,32,,,1,70,,211889,32,,,1,30,,211890,32,,,1,70,,211891,32,,,1,30,,211892,32,,,1,70,,211893,32,,,1,30,,211894,32,,,1,70,,211895,32,,,1,30,,211896,32,,,1,70,,211897,32,,,1,30,,211898,32,,,1,70,,211899,32,,,1,30,,211900,32,,,1,70,,211901,32,,,1,30,,211902,32,,,1,70,,211903,32,,,1,30,,211904,32,,,1,70,,211905,32,,,1,30,,211906,32,,,1,79,,211907,32,,,1,100,,211908,32,,,1,100,,211909,32,,,1,100,,211910,32,,,1,100,,211911,32,,,1
5300,'053-Sunday-1-26-09-0000001',729,,211913,32,,,1,100,,211914,32,,,1,99,,211915,32,,,1,100,,211916,32,,,1,30,,211917,32,,,1,70,,211918,32,,,1,30,,211919,32,,,1,70,,211920,32,,,1,30,,211921,32,,,1,70,,211922,32,,,1,30,,211923,32,,,1,70,,211924,32,,,1,30,,211925,32,,,1,70,,211926,32,,,1,30,,211927,32,,,1,70,,211928,32,,,1,30,,211929,32,,,1,70,,211930,32,,,1,30,,211931,32,,,1,70,,211932,32,,,1,30,,211933,32,,,1,70,,211938,32,,,1,100,,211934,32,,,1,100,,211935,32,,,1,100,,211936,32,,,1,100,,211937,32,,,1
63300,'633-Weekday-1-26-09-0001000',1222,,227579,15,,,1,2,,227580,15,,,1,2,,227581,15,,,1
63300,'633-Weekday-1-26-09-1110100',1522,,227585,15,,,1,2,,227582,15,,,1,2,,227583,15,,,1,3,,227584,15,,,1
63500,'635-Weekday-1-26-09-0000100',1005,,227599,53,,,1
63500,'635-Weekday-1-26-09-1111000',841,,227600,53,,,1
63500,'635-Weekday-3-26-09-1111000',841,,227601,53,,,1
1000101,'001-Weekday-1-26-09-1111100',533,,242839,11,,,1,80,,242840,11,,,1,41,,242841,11,,,1,70,,242875,11,,,1,20,,242842,11,,,1,60,,242843,11,,,1,20,,242844,11,,,1,20,,242845,11,,,1,64,,242876,11,,,1,27,,242846,11,,,1,70,,242847,11,,,1,30,,242848,11,,,1,70,,242849,11,,,1,30,,242850,11,,,1,70,,242851,11,,,1,30,,242852,11,,,1,70,,242853,11,,,1,30,,242854,11,,,1,70,,242855,11,,,1,30,,242856,11,,,1,68,,242878,11,,,1,25,,242857,11,,,1,20,,242858,11,,,1,60,,242859,11,,,1,20,,242860,11,,,1,20,,242861,11,,,1,65,,242877,11,,,1,30,,242862,11,,,1,70,,242863,11,,,1,29,,242864,11,,,1,70,,242865,11,,,1,30,,242866,11,,,1,70,,242867,11,,,1,30,,242868,11,,,1,70,,242869,11,,,1,30,,242870,11,,,1,71,,242871,11,,,1,35,,242872,11,,,1,80,,242873,11,,,1,80,,242874,11,,,1
1000101,'001-Weekday-2-26-09-1111100',533,,242879,11,,,1,80,,242880,11,,,1,41,,242881,11,,,1,70,,242915,11,,,1,20,,242882,11,,,1,60,,242883,11,,,1,20,,242884,11,,,1,20,,242885,11,,,1,64,,242916,11,,,1,27,,242886,11,,,1,70,,242887,11,,,1,30,,242888,11,,,1,70,,242889,11,,,1,30,,242890,11,,,1,70,,242891,11,,,1,30,,242892,11,,,1,70,,242893,11,,,1,30,,242894,11,,,1,70,,242895,11,,,1,30,,242896,11,,,1,68,,242918,11,,,1,25,,242897,11,,,1,20,,242898,11,,,1,60,,242899,11,,,1,20,,242900,11,,,1,20,,242901,11,,,1,65,,242917,11,,,1,30,,242902,11,,,1,70,,242903,11,,,1,29,,242904,11,,,1,70,,242905,11,,,1,30,,242906,11,,,1,70,,242907,11,,,1,30,,242908,11,,,1,70,,242909,11,,,1,30,,242910,11,,,1,71,,242911,11,,,1,35,,242912,11,,,1,80,,242913,11,,,1,80,,242914,11,,,1
1000101,'001-Weekday-4-26-09-1111100',533,,242919,11,,,1,80,,242920,11,,,1,41,,242921,11,,,1,70,,242955,11,,,1,20,,242922,11,,,1,60,,242923,11,,,1,20,,242924,11,,,1,20,,242925,11,,,1,64,,242956,11,,,1,27,,242926,11,,,1,70,,242927,11,,,1,30,,242928,11,,,1,70,,242929,11,,,1,30,,242930,11,,,1,70,,242931,11,,,1,30,,242932,11,,,1,70,,242933,11,,,1,30,,242934,11,,,1,70,,242935,11,,,1,30,,242936,11,,,1,68,,242958,11,,,1,25,,242937,11,,,1,20,,242938,11,,,1,60,,242939,11,,,1,20,,242940,11,,,1,20,,242941,11,,,1,65,,242957,11,,,1,30,,242942,11,,,1,70,,242943,11,,,1,29,,242944,11,,,1,70,,242945,11,,,1,30,,242946,11,,,1,70,,242947,11,,,1,30,,242948,11,,,1,70,,242949,11,,,1,30,,242950,11,,,1,71,,242951,11,,,1,35,,242952,11,,,1,80,,242953,11,,,1,80,,242954,11,,,1
1000101,'001-Saturday-1-26-09-0000010',538,,242959,11,,,1,80,,242960,11,,,1,40,,242961,11,,,1,80,,242962,11,,,1,70,,242963,11,,,1,30,,242964,11,,,1,71,,242965,11,,,1,30,,242966,11,,,1,70,,242967,11,,,1,30,,242968,11,,,1,70,,242969,11,,,1,30,,242970,11,,,1,70,,242971,11,,,1,30,,242972,11,,,1,70,,242973,11,,,1,30,,242974,11,,,1,70,,242975,11,,,1,30,,242976,11,,,1,70,,242977,11,,,1,30,,242978,11,,,1,70,,242979,11,,,1,30,,242980,11,,,1,69,,242981,11,,,1,30,,242982,11,,,1,70,,242983,11,,,1,30,,242984,11,,,1,70,,242985,11,,,1,30,,242986,11,,,1,70,,242987,11,,,1,30,,242988,11,,,1,70,,242989,11,,,1,30,,242990,11,,,1,70,,242991,11,,,1,30,,242992,11,,,1,80,,242993,11,,,1,40,,242994,11,,,1
1000101,'001-Sunday-1-26-09-0000001',557,,242995,11,,,1,80,,242996,11,,,1,80,,242997,11,,,1,40,,242998,11,,,1,80,,242999,11,,,1,78,,243000,11,,,1,40,,243001,11,,,1,70,,243002,11,,,1,30,,243003,11,,,1,70,,243004,11,,,1,30,,243005,11,,,1,70,,243006,11,,,1,30,,243007,11,,,1,70,,243008,11,,,1,30,,243009,11,,,1,70,,243010,11,,,1,30,,243011,11,,,1,70,,243012,11,,,1,30,,243013,11,,,1,70,,243014,11,,,1,31,,243015,11,,,1,71,,243016,11,,,1,30,,243017,11,,,1,70,,243018,11,,,1,73,,243019,11,,,1,40,,243020,11,,,1,80,,243021,11,,,1,80,,243022,11,,,1,40,,243023,11,,,1,80,,243024,11,,,1,81,,243025,11,,,1,42,,243026,11,,,1
