12401,'124-Weekday-1-26-04-1111100',537,,116630,22,,,1,70,,116631,22,,,1,33,,116632,22,,,1,17,,116633,22,,,1,55,,116634,22,,,1,15,,116635,22,,,1,15,,116636,22,,,1,15,,116637,22,,,1,48,,116623,10,,,1,7,,116638,22,,,1,2,,116624,10,,,1,13,,116639,22,,,1,15,,116625,22,,,1,69,,116654,22,,,1,29,,116655,22,,,1,70,,116656,22,,,1,30,,116657,22,,,1,70,,116658,22,,,1,30,,116640,22,,,1,70,,116641,22,,,1,30,,116642,22,,,1,70,,116643,22,,,1,30,,116644,22,,,1,70,,116645,22,,,1,30,,116646,22,,,1,71,,116626,22,,,1,25,,116659,22,,,1,15,,116660,22,,,1,55,,116661,22,,,1,15,,116649,22,,,1,15,,116650,22,,,1,15,,116651,22,,,1,55,,116647,22,,,1,15,,116648,22,,,1,15,,116627,22,,,1,70,,116628,22,,,1,29,,116629,22,,,1,66,,116652,22,,,1,27,,116653,22,,,1,28,,116662,22,,,1,70,,116663,22,,,1,30,,116664,22,,,1,70,,116665,22,,,1,29,,116666,22,,,1
12401,'124-Weekday-2-26-04-1111100',537,,138538,22,,,1,70,,138539,22,,,1,33,,138540,22,,,1,17,,138541,22,,,1,55,,138542,22,,,1,15,,138543,22,,,1,15,,138544,22,,,1,15,,138545,22,,,1,48,,138531,10,,,1,7,,138546,22,,,1,2,,138532,10,,,1,13,,138547,22,,,1,15,,138533,22,,,1,69,,138562,22,,,1,29,,138563,22,,,1,70,,138564,22,,,1,30,,138565,22,,,1,70,,138566,22,,,1,30,,138548,22,,,1,70,,138549,22,,,1,30,,138550,22,,,1,70,,138551,22,,,1,30,,138552,22,,,1,70,,138553,22,,,1,30,,138554,22,,,1,71,,138534,22,,,1,25,,138567,22,,,1,15,,138568,22,,,1,55,,138569,22,,,1,15,,138557,22,,,1,15,,138558,22,,,1,15,,138559,22,,,1,55,,138555,22,,,1,15,,138556,22,,,1,15,,138535,22,,,1,70,,138536,22,,,1,29,,138537,22,,,1,66,,138560,22,,,1,27,,138561,22,,,1,28,,138570,22,,,1,70,,138571,22,,,1,30,,138572,22,,,1,70,,138573,22,,,1,29,,138574,22,,,1
12401,'124-Weekday-3-26-04-1111100',537,,138580,22,,,1,70,,138581,22,,,1,33,,138582,22,,,1,17,,138583,22,,,1,55,,138584,22,,,1,15,,138585,22,,,1,15,,138586,22,,,1,15,,138587,22,,,1,55,,138588,22,,,1,15,,138589,22,,,1,15,,138575,22,,,1,69,,138604,22,,,1,29,,138605,22,,,1,70,,138606,22,,,1,30,,138607,22,,,1,70,,138608,22,,,1,30,,138590,22,,,1,70,,138591,22,,,1,30,,138592,22,,,1,70,,138593,22,,,1,30,,138594,22,,,1,70,,138595,22,,,1,30,,138596,22,,,1,71,,138576,22,,,1,25,,138609,22,,,1,15,,138610,22,,,1,55,,138611,22,,,1,15,,138599,22,,,1,15,,138600,22,,,1,15,,138601,22,,,1,55,,138597,22,,,1,15,,138598,22,,,1,15,,138577,22,,,1,70,,138578,22,,,1,29,,138579,22,,,1,66,,138602,22,,,1,27,,138603,22,,,1,28,,138612,22,,,1,70,,138613,22,,,1,30,,138614,22,,,1,70,,138615,22,,,1,29,,138616,22,,,1
12401,'124-Saturday-1-26-04-0000010',813,,116667,22,,,1,30,,116668,22,,,1,71,,116669,22,,,1,30,,116670,22,,,1,70,,116671,22,,,1,30,,116672,22,,,1,70,,116673,22,,,1,30,,116674,22,,,1,70,,116675,22,,,1,30,,116676,22,,,1,70,,116677,22,,,1,30,,116678,22,,,1,70,,116679,22,,,1,30,,116680,22,,,1,70,,116681,22,,,1,30,,116682,22,,,1,70,,116683,22,,,1,30,,116684,22,,,1,69,,116685,22,,,1,30,,116686,22,,,1,70,,116687,22,,,1,30,,116688,22,,,1,70,,116689,22,,,1
12401,'124-Sunday-1-26-04-0000001',1002,,116690,22,,,1,30,,116691,22,,,1,70,,116692,22,,,1,29,,116693,22,,,1,70,,116694,22,,,1,30,,116695,22,,,1,70,,116696,22,,,1,30,,116697,22,,,1,70,,116698,22,,,1,30,,116699,22,,,1,70,,116700,22,,,1,30,,116701,22,,,1,70,,116703,22,,,1,30,,116704,22,,,1,70,,116705,22,,,1,31,,116702,22,,,1,70,,116706,22,,,1,30,,116707,22,,,1,71,,116708,22,,,1
62501,'625-Weekday-1-26-04-1111100',725,,120391,14,,,1,7,,120392,14,,,1
62501,'625-Weekday-3-26-04-1111100',725,,142000,14,,,1,7,,142001,14,,,1
24014001,'140X-Weekday-1-26-04-1111100',607,,129202,15,,,1,20,,129207,15,,,1,21,,129201,15,,,1,60,,129203,15,,,1,20,,129204,15,,,1,20,,129205,15,,,1,60,,129206,15,,,1,20,,129208,15,,,1
24014001,'140X-Weekday-2-26-04-1111100',607,,150459,15,,,1,20,,150464,15,,,1,21,,150458,15,,,1,60,,150460,15,,,1,20,,150461,15,,,1,20,,150462,15,,,1,60,,150463,15,,,1,20,,150465,15,,,1
24014001,'140X-Weekday-3-26-04-1111100',607,,150467,15,,,1,20,,150472,15,,,1,21,,150466,15,,,1,60,,150468,15,,,1,20,,150469,15,,,1,20,,150470,15,,,1,60,,150471,15,,,1,20,,150473,15,,,1
