10700,'107-Weekday-1-26-09-1111100',528,,215821,13,,,1,30,,215822,13,,,1,71,,215823,13,,,1,16,,215824,13,,,1,55,,215825,13,,,1,15,,215826,13,,,1,15,,215827,13,,,1,15,,215828,13,,,1,55,,215829,13,,,1,15,,215830,13,,,1,17,,215878,13,,,1,18,,215831,13,,,1,61,,215832,13,,,1,20,,215833,13,,,1,20,,215834,13,,,1,60,,215835,13,,,1,20,,215836,13,,,1,20,,215837,13,,,1,60,,215838,13,,,1,20,,215839,13,,,1,20,,215840,13,,,1,60,,215841,13,,,1,20,,215842,13,,,1,20,,215843,13,,,1,60,,215844,13,,,1,20,,215845,13,,,1,20,,215846,13,,,1,60,,215847,13,,,1,20,,215848,13,,,1,20,,215869,13,,,1,50,,215863,13,,,1,10,,215871,13,,,1,10,,215849,13,,,1,10,,215864,13,,,1,2,,215879,13,,,1,8,,215872,13,,,1,10,,215850,13,,,1,50,,215865,13,,,1,10,,215873,13,,,1,10,,215851,13,,,1,10,,215866,13,,,1,10,,215874,13,,,1,10,,215852,13,,,1,50,,215862,13,,,1,10,,215875,13,,,1,10,,215870,13,,,1,20,,215867,13,,,1,60,,215868,13,,,1,20,,215854,13,,,1,29,,215855,13,,,1,70,,215856,13,,,1,30,,215857,13,,,1,70,,215858,13,,,1,30,,215859,13,,,1,70,,215860,13,,,1,30,,215861,13,,,1,70,,215853,13,,,1,100,,215876,13,,,1,100,,215877,13,,,1
10700,'107-Weekday-2-26-09-1111100',528,,215880,13,,,1,30,,215881,13,,,1,71,,215882,13,,,1,16,,215883,13,,,1,55,,215884,13,,,1,15,,215885,13,,,1,15,,215886,13,,,1,15,,215887,13,,,1,55,,215888,13,,,1,15,,215889,13,,,1,17,,215937,13,,,1,18,,215890,13,,,1,61,,215891,13,,,1,20,,215892,13,,,1,20,,215893,13,,,1,60,,215894,13,,,1,20,,215895,13,,,1,20,,215896,13,,,1,60,,215897,13,,,1,20,,215898,13,,,1,20,,215899,13,,,1,60,,215900,13,,,1,20,,215901,13,,,1,20,,215902,13,,,1,60,,215903,13,,,1,20,,215904,13,,,1,20,,215905,13,,,1,60,,215906,13,,,1,20,,215907,13,,,1,20,,215928,13,,,1,50,,215922,13,,,1,10,,215930,13,,,1,10,,215908,13,,,1,10,,215923,13,,,1,2,,215938,13,,,1,8,,215931,13,,,1,10,,215909,13,,,1,50,,215924,13,,,1,10,,215932,13,,,1,10,,215910,13,,,1,10,,215925,13,,,1,10,,215933,13,,,1,10,,215911,13,,,1,50,,215921,13,,,1,10,,215934,13,,,1,10,,215929,13,,,1,20,,215926,13,,,1,60,,215927,13,,,1,20,,215913,13,,,1,29,,215914,13,,,1,70,,215915,13,,,1,30,,215916,13,,,1,70,,215917,13,,,1,30,,215918,13,,,1,70,,215919,13,,,1,30,,215920,13,,,1,70,,215912,13,,,1,100,,215935,13,,,1,100,,215936,13,,,1
10700,'107-Weekday-4-26-09-1111100',528,,215939,13,,,1,30,,215940,13,,,1,71,,215941,13,,,1,16,,215942,13,,,1,55,,215943,13,,,1,15,,215944,13,,,1,15,,215945,13,,,1,15,,215946,13,,,1,55,,215947,13,,,1,15,,215948,13,,,1,17,,215996,13,,,1,18,,215949,13,,,1,61,,215950,13,,,1,20,,215951,13,,,1,20,,215952,13,,,1,60,,215953,13,,,1,20,,215954,13,,,1,20,,215955,13,,,1,60,,215956,13,,,1,20,,215957,13,,,1,20,,215958,13,,,1,60,,215959,13,,,1,20,,215960,13,,,1,20,,215961,13,,,1,60,,215962,13,,,1,20,,215963,13,,,1,20,,215964,13,,,1,60,,215965,13,,,1,20,,215966,13,,,1,20,,215987,13,,,1,50,,215981,13,,,1,10,,215989,13,,,1,10,,215967,13,,,1,10,,215982,13,,,1,10,,215990,13,,,1,10,,215968,13,,,1,50,,215983,13,,,1,10,,215991,13,,,1,10,,215969,13,,,1,10,,215984,13,,,1,10,,215992,13,,,1,10,,215970,13,,,1,50,,215980,13,,,1,10,,215993,13,,,1,10,,215988,13,,,1,20,,215985,13,,,1,60,,215986,13,,,1,20,,215972,13,,,1,29,,215973,13,,,1,70,,215974,13,,,1,30,,215975,13,,,1,70,,215976,13,,,1,30,,215977,13,,,1,70,,215978,13,,,1,30,,215979,13,,,1,70,,215971,13,,,1,100,,215994,13,,,1,100,,215995,13,,,1
10700,'107-Saturday-1-26-09-0000010',622,,216015,13,,,1,100,,216014,13,,,1,100,,216024,13,,,1,28,,215997,13,,,1,70,,215998,13,,,1,30,,215999,13,,,1,70,,216000,13,,,1,30,,216001,13,,,1,70,,216002,13,,,1,30,,216003,13,,,1,70,,216004,13,,,1,30,,216005,13,,,1,70,,216006,13,,,1,30,,216007,13,,,1,70,,216008,13,,,1,30,,216009,13,,,1,70,,216010,13,,,1,30,,216016,13,,,1,71,,216017,13,,,1,31,,216018,13,,,1,70,,216019,13,,,1,30,,216011,13,,,1,70,,216012,13,,,1,30,,216013,13,,,1,70,,216026,13,,,1,100,,216020,13,,,1,100,,216021,13,,,1,100,,216022,13,,,1,100,,216023,13,,,1,100,,216025,13,,,1
10700,'107-Sunday-1-26-09-0000001',608,,216043,13,,,1,100,,216042,13,,,1,100,,216041,13,,,1,101,,216040,13,,,1,100,,216027,13,,,1,30,,216028,13,,,1,70,,216029,13,,,1,30,,216030,13,,,1,70,,216031,13,,,1,30,,216032,13,,,1,70,,216033,13,,,1,30,,216034,13,,,1,70,,216035,13,,,1,30,,216036,13,,,1,70,,216037,13,,,1,30,,216038,13,,,1,70,,216039,13,,,1,30,,216044,13,,,1,71,,216045,13,,,1,30,,216046,13,,,1,70,,216047,13,,,1,30,,216048,13,,,1,70,,216049,13,,,1,100,,216050,13,,,1,100,,216051,13,,,1,100,,216052,13,,,1,100,,216053,13,,,1,100,,216054,13,,,1
62100,'621-Weekday-1-26-09-0001000',1207,,227461,6,,,1
62100,'621-Weekday-1-26-09-1110100',1511,,227462,6,,,1,4,,227463,6,,,1
62100,'621-Weekday-1-26-09-1111100',1539,,227464,6,,,1
62100,'621-Weekday-3-26-09-1111100',1539,,227465,6,,,1
62600,'626-Weekday-1-26-09-0001000',1245,,227553,20,,,1,4,,227554,20,,,1
62600,'626-Weekday-1-26-09-1110100',1519,,227556,20,,,1,4,,227557,20,,,1,4,,227555,20,,,1
62800,'628-Weekday-1-26-09-1111100',1516,,227566,5,,,1
62800,'628-Weekday-3-26-09-1111100',1516,,227567,5,,,1
