61001,'610-Weekday-1-26-04-1111100',747,,120326,38,,,1,4,,120327,38,,,1,6,,120328,38,,,1,80,,120329,38,,,1,5,,120330,38,,,1,5,,120331,38,,,1
61001,'610-Weekday-2-26-04-1111100',837,,141942,38,,,1,5,,141943,38,,,1,5,,141944,38,,,1
61001,'610-Weekday-3-26-04-1111100',747,,141945,38,,,1,4,,141946,38,,,1,6,,141947,38,,,1
61201,'612-Weekday-1-26-04-1111100',758,,120340,56,,,1
61201,'612-Weekday-3-26-04-1111100',758,,141956,56,,,1
61401,'614-Weekday-1-26-04-1111100',756,,120357,25,,,1,82,,120358,25,,,1
61401,'614-Weekday-2-26-04-1111100',838,,141970,25,,,1
61401,'614-Weekday-3-26-04-1111100',756,,141971,25,,,1
62601,'626-Weekday-1-26-04-1111100',747,,120399,45,,,1,2,,120400,45,,,1,8,,120401,45,,,1,43,,120402,45,,,1
62601,'626-Weekday-3-26-04-1111100',747,,142008,45,,,1,2,,142009,45,,,1,8,,142010,45,,,1,43,,142011,45,,,1
