50801,'508-Weekday-1-26-04-1111100',536,,117626,5,,,1,70,,117627,5,,,1,31,,117628,5,,,1,70,,117629,5,,,1,20,,117630,5,,,1,20,,117648,5,,,1,60,,117631,5,,,1,20,,117633,5,,,1,25,,117649,5,,,1,68,,117647,5,,,1,30,,117650,5,,,1,70,,117651,5,,,1,30,,117652,5,,,1,70,,117653,5,,,1,30,,117654,5,,,1,70,,117655,5,,,1,30,,117656,5,,,1,70,,117657,5,,,1,30,,117658,5,,,1,70,,117659,5,,,1,30,,117660,5,,,1,60,,117635,5,,,1,20,,117636,5,,,1,20,,117661,5,,,1,60,,117638,5,,,1,20,,117639,5,,,1,20,,117640,5,,,1,60,,117642,5,,,1,25,,117663,5,,,1,70,,117644,5,,,1,30,,117645,5,,,1,70,,117646,5,,,1,30,,117643,5,,,1,70,,117641,5,,,1,30,,117637,5,,,1,70,,117634,5,,,1,30,,117632,5,,,1,70,,117662,5,,,1
50801,'508-Weekday-2-26-04-1111100',536,,139497,5,,,1,70,,139498,5,,,1,31,,139499,5,,,1,70,,139500,5,,,1,20,,139501,5,,,1,20,,139519,5,,,1,60,,139502,5,,,1,20,,139504,5,,,1,25,,139520,5,,,1,68,,139518,5,,,1,30,,139521,5,,,1,70,,139522,5,,,1,30,,139523,5,,,1,70,,139524,5,,,1,30,,139525,5,,,1,70,,139526,5,,,1,30,,139527,5,,,1,70,,139528,5,,,1,30,,139529,5,,,1,70,,139530,5,,,1,30,,139531,5,,,1,60,,139506,5,,,1,20,,139507,5,,,1,20,,139532,5,,,1,60,,139509,5,,,1,20,,139510,5,,,1,20,,139511,5,,,1,60,,139513,5,,,1,25,,139534,5,,,1,70,,139515,5,,,1,30,,139516,5,,,1,70,,139517,5,,,1,30,,139514,5,,,1,70,,139512,5,,,1,30,,139508,5,,,1,70,,139505,5,,,1,30,,139503,5,,,1,70,,139533,5,,,1
50801,'508-Weekday-3-26-04-1111100',536,,139535,5,,,1,70,,139536,5,,,1,31,,139537,5,,,1,70,,139538,5,,,1,20,,139539,5,,,1,20,,139557,5,,,1,60,,139540,5,,,1,20,,139542,5,,,1,25,,139558,5,,,1,68,,139556,5,,,1,30,,139559,5,,,1,70,,139560,5,,,1,30,,139561,5,,,1,70,,139562,5,,,1,30,,139563,5,,,1,70,,139564,5,,,1,30,,139565,5,,,1,70,,139566,5,,,1,30,,139567,5,,,1,70,,139568,5,,,1,30,,139569,5,,,1,60,,139544,5,,,1,20,,139545,5,,,1,20,,139570,5,,,1,60,,139547,5,,,1,20,,139548,5,,,1,20,,139549,5,,,1,60,,139551,5,,,1,25,,139572,5,,,1,70,,139553,5,,,1,30,,139554,5,,,1,70,,139555,5,,,1,30,,139552,5,,,1,70,,139550,5,,,1,30,,139546,5,,,1,70,,139543,5,,,1,30,,139541,5,,,1,70,,139571,5,,,1
50801,'508-Saturday-1-26-04-0000010',608,,117664,5,,,1,100,,117665,5,,,1,100,,117666,5,,,1,30,,117667,5,,,1,70,,117668,5,,,1,30,,117669,5,,,1,70,,117670,5,,,1,30,,117671,5,,,1,70,,117672,5,,,1,30,,117673,5,,,1,70,,117674,5,,,1,30,,117675,5,,,1,70,,117676,5,,,1,30,,117677,5,,,1,70,,117678,5,,,1,30,,117679,5,,,1,70,,117680,5,,,1,30,,117681,5,,,1,70,,117682,5,,,1,30,,117683,5,,,1,70,,117684,5,,,1,30,,117685,5,,,1,70,,117686,5,,,1,30,,117687,5,,,1,70,,117688,5,,,1
50801,'508-Sunday-1-26-04-0000001',1010,,117689,5,,,1,30,,117690,5,,,1,70,,117691,5,,,1,30,,117692,5,,,1,70,,117693,5,,,1,30,,117694,5,,,1,70,,117695,5,,,1,30,,117696,5,,,1,70,,117697,5,,,1,30,,117698,5,,,1,70,,117699,5,,,1,30,,117700,5,,,1,70,,117701,5,,,1,30,,117702,5,,,1,70,,117703,5,,,1,30,,117704,5,,,1,70,,117705,5,,,1,30,,117706,5,,,1
63001,'630-Weekday-1-26-04-0001000',1251,,120408,24,,,1,202,,120409,21,,,1
63001,'630-Weekday-1-26-04-1110100',1553,,120410,24,,,1
63001,'630-Weekday-2-26-04-1110100',1553,,142018,24,,,1
63001,'630-Weekday-3-26-04-0001000',1251,,142019,24,,,1
63001,'630-Weekday-3-26-04-1110100',1553,,142020,24,,,1
63501,'635-Weekday-1-26-04-1111100',1549,,120438,34,,,1
63501,'635-Weekday-2-26-04-1111100',1549,,142046,34,,,1
