201,'002-Weekday-1-26-02-1111100',2511,,553,0,10 21 22 23,1,30,,554,0,10 21 22 23,1,70,,555,0,10 21 22 23,1,30,,556,0,10 21 22 23,1
201,'002-Weekday-2-26-02-1111100',2511,,19126,0,10 21 22 23,1,30,,19127,0,10 21 22 23,1,70,,19128,0,10 21 22 23,1,30,,19129,0,10 21 22 23,1
201,'002-Weekday-4-26-02-1111100',2511,,19216,0,10 21 22 23,1,30,,19217,0,10 21 22 23,1,70,,19218,0,10 21 22 23,1,30,,19219,0,10 21 22 23,1
201,'002-Weekday-5-26-02-1111100',2511,,19305,0,10 21 22 23,1,30,,19306,0,10 21 22 23,1,70,,19307,0,10 21 22 23,1,30,,19308,0,10 21 22 23,1
201,'002-Weekday-6-26-02-1111100',2511,,19395,0,10 21 22 23,1,30,,19396,0,10 21 22 23,1,70,,19397,0,10 21 22 23,1,30,,19398,0,10 21 22 23,1
201,'002-Weekday-7-26-02-1111100',2511,,19485,0,10 21 22 23,1,30,,19486,0,10 21 22 23,1,70,,19487,0,10 21 22 23,1,30,,19488,0,10 21 22 23,1
201,'002-Weekday-8-26-02-1111100',2511,,19573,0,10 21 22 23,1,30,,19574,0,10 21 22 23,1,70,,19575,0,10 21 22 23,1,30,,19576,0,10 21 22 23,1
201,'002-Weekday-9-26-02-1111100',2511,,19663,0,10 21 22 23,1,30,,19664,0,10 21 22 23,1,70,,19665,0,10 21 22 23,1,30,,19666,0,10 21 22 23,1
201,'002-Saturday-1-26-02-0000010',2511,,634,0,10 21 22 23,1,30,,631,0,10 21 22 23,1,70,,635,0,10 21 22 23,1,30,,636,0,10 21 22 23,1
201,'002-Sunday-1-26-02-0000001',2410,,19739,0,10 21 22 23,1,30,,19740,0,10 21 22 23,1,70,,19741,0,10 21 22 23,1,30,,19742,0,10 21 22 23,1,70,,19743,0,10 21 22 23,1,30,,19744,0,10 21 22 23,1
63300,'633-Weekday-1-26-02-0001000',1245,,10060,,,1,2,,10061,,,1,2,,10062,,,1,2,,10063,,,1
63300,'633-Weekday-1-26-02-1110100',1545,,10064,,,1,2,,10065,,,1,2,,10066,,,1,2,,10067,,,1
63300,'633-Weekday-2-26-02-0001000',1245,,61973,,,1,2,,61974,,,1,2,,61975,,,1,2,,61976,,,1
63300,'633-Weekday-2-26-02-1110100',1545,,61977,,,1,2,,61978,,,1,2,,61979,,,1,2,,61980,,,1
63300,'633-Weekday-5-26-02-0000100',1245,,61981,,,1,2,,61982,,,1,2,,61983,,,1,2,,61984,,,1
63300,'633-Weekday-5-26-02-1111000',1545,,61985,,,1,2,,61986,,,1,2,,61987,,,1,2,,61988,,,1
63300,'633-Weekday-6-26-02-1110100',1545,,61989,,,1,2,,61990,,,1,2,,61991,,,1,2,,61992,,,1
63300,'633-Weekday-8-26-02-1110100',1545,,61993,,,1,2,,61994,,,1,2,,61995,,,1,2,,61996,,,1
