51501,'515-Weekday-1-26-09-1101100',756,,223759,14,,,1
51501,'515-Weekday-1-26-09-1111100',539,,223760,14,,,1,70,,223761,14,,,1,31,,223762,14,,,1,19,,223763,14,,,1,55,,223764,14,,,1,15,,223807,14,,,1,15,,223765,14,,,1,15,,223766,14,,,1,55,,223767,14,,,1,15,,223808,14,,,1,15,,223768,14,,,1,15,,223788,14,,,1,60,,223769,14,,,1,20,,223770,14,,,1,20,,223787,14,,,1,60,,223771,14,,,1,20,,223772,14,,,1,20,,223786,14,,,1,60,,223773,14,,,1,20,,223774,14,,,1,20,,223785,14,,,1,60,,223775,14,,,1,20,,223776,14,,,1,20,,223784,14,,,1,60,,223777,14,,,1,20,,223778,14,,,1,20,,223783,14,,,1,60,,223779,14,,,1,20,,223780,14,,,1,20,,223781,14,,,1,60,,223782,14,,,1,19,,223793,14,,,1,15,,223809,14,,,1,55,,223794,14,,,1,15,,223795,14,,,1,15,,223796,14,,,1,15,,223810,14,,,1,55,,223797,14,,,1,15,,223798,14,,,1,15,,223799,14,,,1,70,,223791,14,,,1,30,,223792,14,,,1,65,,223800,14,,,1,30,,223801,14,,,1,70,,223802,14,,,1,30,,223803,14,,,1,70,,223804,14,,,1,30,,223805,14,,,1,69,,223806,14,,,1,100,,223790,14,,,1,100,,223789,14,,,1
51501,'515-Weekday-2-26-09-1101100',756,,223811,14,,,1
51501,'515-Weekday-2-26-09-1111100',539,,223812,14,,,1,70,,223813,14,,,1,31,,223814,14,,,1,19,,223815,14,,,1,55,,223816,14,,,1,15,,223859,14,,,1,15,,223817,14,,,1,15,,223818,14,,,1,55,,223819,14,,,1,15,,223860,14,,,1,15,,223820,14,,,1,15,,223840,14,,,1,60,,223821,14,,,1,20,,223822,14,,,1,20,,223839,14,,,1,60,,223823,14,,,1,20,,223824,14,,,1,20,,223838,14,,,1,60,,223825,14,,,1,20,,223826,14,,,1,20,,223837,14,,,1,60,,223827,14,,,1,20,,223828,14,,,1,20,,223836,14,,,1,60,,223829,14,,,1,20,,223830,14,,,1,20,,223835,14,,,1,60,,223831,14,,,1,20,,223832,14,,,1,20,,223833,14,,,1,60,,223834,14,,,1,19,,223845,14,,,1,15,,223861,14,,,1,55,,223846,14,,,1,15,,223847,14,,,1,15,,223848,14,,,1,15,,223862,14,,,1,55,,223849,14,,,1,15,,223850,14,,,1,15,,223851,14,,,1,70,,223843,14,,,1,30,,223844,14,,,1,65,,223852,14,,,1,30,,223853,14,,,1,70,,223854,14,,,1,30,,223855,14,,,1,70,,223856,14,,,1,30,,223857,14,,,1,69,,223858,14,,,1,100,,223842,14,,,1,100,,223841,14,,,1
51501,'515-Weekday-4-26-09-1111100',539,,223863,14,,,1,70,,223864,14,,,1,31,,223865,14,,,1,19,,223866,14,,,1,55,,223867,14,,,1,15,,223910,14,,,1,15,,223868,14,,,1,15,,223869,14,,,1,55,,223870,14,,,1,15,,223911,14,,,1,15,,223871,14,,,1,15,,223891,14,,,1,60,,223872,14,,,1,20,,223873,14,,,1,20,,223890,14,,,1,60,,223874,14,,,1,20,,223875,14,,,1,20,,223889,14,,,1,60,,223876,14,,,1,20,,223877,14,,,1,20,,223888,14,,,1,60,,223878,14,,,1,20,,223879,14,,,1,20,,223887,14,,,1,60,,223880,14,,,1,20,,223881,14,,,1,20,,223886,14,,,1,60,,223882,14,,,1,20,,223883,14,,,1,20,,223884,14,,,1,60,,223885,14,,,1,19,,223896,14,,,1,15,,223912,14,,,1,55,,223897,14,,,1,15,,223898,14,,,1,15,,223899,14,,,1,15,,223913,14,,,1,55,,223900,14,,,1,15,,223901,14,,,1,15,,223902,14,,,1,70,,223894,14,,,1,30,,223895,14,,,1,65,,223903,14,,,1,30,,223904,14,,,1,70,,223905,14,,,1,30,,223906,14,,,1,70,,223907,14,,,1,30,,223908,14,,,1,69,,223909,14,,,1,100,,223893,14,,,1,100,,223892,14,,,1
51501,'515-Saturday-1-26-09-0000010',553,,223943,14,,,1,100,,223914,14,,,1,99,,223915,14,,,1,82,,223916,14,,,1,20,,223957,14,,,1,61,,223917,14,,,1,22,,223918,14,,,1,20,,223947,14,,,1,60,,223919,14,,,1,20,,223920,14,,,1,20,,223948,14,,,1,60,,223921,14,,,1,20,,223922,14,,,1,20,,223949,14,,,1,60,,223923,14,,,1,20,,223924,14,,,1,20,,223950,14,,,1,60,,223925,14,,,1,20,,223926,14,,,1,20,,223951,14,,,1,60,,223927,14,,,1,20,,223928,14,,,1,20,,223952,14,,,1,60,,223929,14,,,1,20,,223930,14,,,1,20,,223953,14,,,1,60,,223931,14,,,1,20,,223932,14,,,1,20,,223954,14,,,1,60,,223933,14,,,1,20,,223934,14,,,1,20,,223955,14,,,1,60,,223935,14,,,1,20,,223936,14,,,1,20,,223956,14,,,1,60,,223937,14,,,1,23,,223938,14,,,1,70,,223944,14,,,1,30,,223939,14,,,1,70,,223945,14,,,1,30,,223940,14,,,1,70,,223941,14,,,1,100,,223942,14,,,1,100,,223946,14,,,1
51501,'515-Sunday-1-26-09-0000001',553,,223958,14,,,1,100,,223959,14,,,1,100,,223960,14,,,1,100,,223961,14,,,1,100,,223962,14,,,1,65,,223988,14,,,1,20,,223963,14,,,1,20,,223964,14,,,1,60,,223989,14,,,1,20,,223965,14,,,1,20,,223966,14,,,1,60,,223990,14,,,1,20,,223967,14,,,1,20,,223968,14,,,1,60,,223991,14,,,1,20,,223969,14,,,1,20,,223970,14,,,1,60,,223992,14,,,1,20,,223971,14,,,1,20,,223972,14,,,1,60,,223993,14,,,1,20,,223974,14,,,1,20,,223975,14,,,1,60,,223994,14,,,1,20,,223976,14,,,1,62,,223973,14,,,1,20,,223995,14,,,1,20,,223977,14,,,1,60,,223978,14,,,1,20,,223996,14,,,1,20,,223979,14,,,1,60,,223997,14,,,1,20,,223980,14,,,1,20,,223981,14,,,1,70,,223986,14,,,1,30,,223982,14,,,1,70,,223987,14,,,1,100,,223983,14,,,1,100,,223984,14,,,1,100,,223985,14,,,1
63000,'630-Weekday-1-26-09-1111100',728,,227570,8,,,1
63000,'630-Weekday-3-26-09-1111100',728,,227571,8,,,1
63500,'635-Weekday-1-26-09-0000100',927,,227599,8,,,1
63500,'635-Weekday-1-26-09-1111000',759,,227600,8,,,1
63500,'635-Weekday-3-26-09-1111000',759,,227601,8,,,1
