10700,'107-Weekday-1-26-04-1111100',542,,114024,37,,,1,70,,114025,37,,,1,32,,114026,37,,,1,57,,114027,37,,,1,15,,114028,37,,,1,15,,114029,37,,,1,15,,114030,37,,,1,55,,114031,37,,,1,15,,114032,37,,,1,15,,114033,37,,,1,15,,114034,37,,,1,59,,114035,37,,,1,20,,114036,37,,,1,20,,114037,37,,,1,60,,114038,37,,,1,20,,114039,37,,,1,20,,114040,37,,,1,60,,114041,37,,,1,20,,114042,37,,,1,20,,114043,37,,,1,60,,114044,37,,,1,20,,114045,37,,,1,20,,114046,37,,,1,60,,114047,37,,,1,20,,114048,37,,,1,20,,114049,37,,,1,60,,114050,37,,,1,20,,114051,37,,,1,20,,114052,37,,,1,61,,114079,37,,,1,13,,114072,37,,,1,10,,114053,37,,,1,10,,114054,37,,,1,10,,114073,37,,,1,2,,114078,37,,,1,8,,114055,37,,,1,50,,114056,37,,,1,10,,114074,37,,,1,10,,114057,37,,,1,10,,114058,37,,,1,10,,114075,37,,,1,10,,114059,37,,,1,50,,114060,37,,,1,10,,114071,37,,,1,10,,114061,37,,,1,10,,114080,37,,,1,20,,114076,37,,,1,60,,114077,37,,,1,18,,114063,37,,,1,67,,114064,37,,,1,30,,114065,37,,,1,70,,114066,37,,,1,30,,114067,37,,,1,70,,114068,37,,,1,30,,114069,37,,,1,70,,114070,37,,,1,30,,114062,37,,,1
10700,'107-Weekday-2-26-04-1111100',542,,136133,37,,,1,70,,136134,37,,,1,32,,136135,37,,,1,57,,136136,37,,,1,15,,136137,37,,,1,15,,136138,37,,,1,15,,136139,37,,,1,55,,136140,37,,,1,15,,136141,37,,,1,15,,136142,37,,,1,15,,136143,37,,,1,59,,136144,37,,,1,20,,136145,37,,,1,20,,136146,37,,,1,60,,136147,37,,,1,20,,136148,37,,,1,20,,136149,37,,,1,60,,136150,37,,,1,20,,136151,37,,,1,20,,136152,37,,,1,60,,136153,37,,,1,20,,136154,37,,,1,20,,136155,37,,,1,60,,136156,37,,,1,20,,136157,37,,,1,20,,136158,37,,,1,60,,136159,37,,,1,20,,136160,37,,,1,20,,136161,37,,,1,61,,136188,37,,,1,13,,136181,37,,,1,10,,136162,37,,,1,10,,136163,37,,,1,10,,136182,37,,,1,2,,136187,37,,,1,8,,136164,37,,,1,50,,136165,37,,,1,10,,136183,37,,,1,10,,136166,37,,,1,10,,136167,37,,,1,10,,136184,37,,,1,10,,136168,37,,,1,50,,136169,37,,,1,10,,136180,37,,,1,10,,136170,37,,,1,10,,136189,37,,,1,20,,136185,37,,,1,60,,136186,37,,,1,18,,136172,37,,,1,67,,136173,37,,,1,30,,136174,37,,,1,70,,136175,37,,,1,30,,136176,37,,,1,70,,136177,37,,,1,30,,136178,37,,,1,70,,136179,37,,,1,30,,136171,37,,,1
10700,'107-Weekday-3-26-04-1111100',542,,136190,37,,,1,70,,136191,37,,,1,32,,136192,37,,,1,57,,136193,37,,,1,15,,136194,37,,,1,15,,136195,37,,,1,15,,136196,37,,,1,55,,136197,37,,,1,15,,136198,37,,,1,15,,136199,37,,,1,15,,136200,37,,,1,59,,136201,37,,,1,20,,136202,37,,,1,20,,136203,37,,,1,60,,136204,37,,,1,20,,136205,37,,,1,20,,136206,37,,,1,60,,136207,37,,,1,20,,136208,37,,,1,20,,136209,37,,,1,60,,136210,37,,,1,20,,136211,37,,,1,20,,136212,37,,,1,60,,136213,37,,,1,20,,136214,37,,,1,20,,136215,37,,,1,60,,136216,37,,,1,20,,136217,37,,,1,20,,136218,37,,,1,61,,136244,37,,,1,13,,136238,37,,,1,10,,136219,37,,,1,10,,136220,37,,,1,10,,136239,37,,,1,10,,136221,37,,,1,50,,136222,37,,,1,10,,136240,37,,,1,10,,136223,37,,,1,10,,136224,37,,,1,10,,136241,37,,,1,10,,136225,37,,,1,50,,136226,37,,,1,10,,136237,37,,,1,10,,136227,37,,,1,10,,136245,37,,,1,20,,136242,37,,,1,60,,136243,37,,,1,18,,136229,37,,,1,67,,136230,37,,,1,30,,136231,37,,,1,70,,136232,37,,,1,30,,136233,37,,,1,70,,136234,37,,,1,30,,136235,37,,,1,70,,136236,37,,,1,30,,136228,37,,,1
10700,'107-Saturday-1-26-04-0000010',836,,114081,37,,,1,69,,114082,37,,,1,30,,114083,37,,,1,70,,114084,37,,,1,30,,114085,37,,,1,70,,114086,37,,,1,30,,114087,37,,,1,70,,114088,37,,,1,30,,114089,37,,,1,70,,114090,37,,,1,30,,114091,37,,,1,70,,114092,37,,,1,30,,114093,37,,,1,70,,114094,37,,,1,30,,114095,37,,,1,70,,114096,37,,,1,30,,114097,37,,,1,71,,114098,37,,,1,30,,114099,37,,,1,70,,114100,37,,,1,30,,114101,37,,,1,70,,114102,37,,,1,30,,114103,37,,,1
10700,'107-Sunday-1-26-04-0000001',1023,,114104,37,,,1,30,,114105,37,,,1,70,,114106,37,,,1,30,,114107,37,,,1,70,,114108,37,,,1,30,,114109,37,,,1,70,,114110,37,,,1,30,,114111,37,,,1,70,,114112,37,,,1,30,,114113,37,,,1,70,,114114,37,,,1,30,,114115,37,,,1,70,,114116,37,,,1,30,,114117,37,,,1,71,,114118,37,,,1,30,,114119,37,,,1,70,,114120,37,,,1,30,,114121,37,,,1,70,,114122,37,,,1
61201,'612-Weekday-1-26-04-1111100',716,,120340,1,,,1
61201,'612-Weekday-3-26-04-1111100',716,,141956,1,,,1
62001,'620-Weekday-1-26-04-1111100',736,,120377,1,,,1,76,,120378,1,,,1,5,,120379,1,,,1
62001,'620-Weekday-2-26-04-1111100',812,,141986,1,,,1,5,,141987,1,,,1
62001,'620-Weekday-3-26-04-1111100',736,,141988,1,,,1
