5200,'052-Weekday-1-26-04-1111100',614,,111665,41,,,1,35,,111666,41,,,1,74,,111667,41,,,1,22,,111668,41,,,1,55,,111669,41,,,1,15,,111670,41,,,1,15,,111671,41,,,1,15,,111672,41,,,1,55,,111673,41,,,1,13,,111674,41,,,1,15,,111675,41,,,1,30,,111676,41,,,1,70,,111677,41,,,1,30,,111678,41,,,1,70,,111679,41,,,1,30,,111680,41,,,1,70,,111681,41,,,1,30,,111682,41,,,1,70,,111683,41,,,1,30,,111684,41,,,1,70,,111685,41,,,1,30,,111686,41,,,1,67,,111710,14,,,1,4,,111687,41,,,1,16,,111688,41,,,1,56,,111689,41,,,1,16,,111690,41,,,1,17,,111691,41,,,1,16,,111692,41,,,1,56,,111693,41,,,1,15,,111694,41,,,1,14,,111695,41,,,1,12,,111696,41,,,1,53,,111697,41,,,1,28,,111698,41,,,1,23,,111699,41,,,1,68,,111700,41,,,1,30,,111701,41,,,1,70,,111702,41,,,1,30,,111703,41,,,1,70,,111704,41,,,1,30,,111705,41,,,1,69,,111706,41,,,1,29,,111707,41,,,1,100,,111708,41,,,1,100,,111709,41,,,1
5200,'052-Weekday-2-26-04-1111100',614,,133708,41,,,1,35,,133709,41,,,1,74,,133710,41,,,1,22,,133711,41,,,1,55,,133712,41,,,1,15,,133713,41,,,1,15,,133714,41,,,1,15,,133715,41,,,1,55,,133716,41,,,1,13,,133717,41,,,1,15,,133718,41,,,1,30,,133719,41,,,1,70,,133720,41,,,1,30,,133721,41,,,1,70,,133722,41,,,1,30,,133723,41,,,1,70,,133724,41,,,1,30,,133725,41,,,1,70,,133726,41,,,1,30,,133727,41,,,1,70,,133728,41,,,1,30,,133729,41,,,1,67,,133753,14,,,1,4,,133730,41,,,1,16,,133731,41,,,1,56,,133732,41,,,1,16,,133733,41,,,1,17,,133734,41,,,1,16,,133735,41,,,1,56,,133736,41,,,1,15,,133737,41,,,1,14,,133738,41,,,1,12,,133739,41,,,1,53,,133740,41,,,1,28,,133741,41,,,1,23,,133742,41,,,1,68,,133743,41,,,1,30,,133744,41,,,1,70,,133745,41,,,1,30,,133746,41,,,1,70,,133747,41,,,1,30,,133748,41,,,1,69,,133749,41,,,1,29,,133750,41,,,1,100,,133751,41,,,1,100,,133752,41,,,1
5200,'052-Weekday-3-26-04-1111100',614,,133754,41,,,1,35,,133755,41,,,1,74,,133756,41,,,1,22,,133757,41,,,1,55,,133758,41,,,1,15,,133759,41,,,1,15,,133760,41,,,1,15,,133761,41,,,1,55,,133762,41,,,1,13,,133763,41,,,1,15,,133764,41,,,1,30,,133765,41,,,1,70,,133766,41,,,1,30,,133767,41,,,1,70,,133768,41,,,1,30,,133769,41,,,1,70,,133770,41,,,1,30,,133771,41,,,1,70,,133772,41,,,1,30,,133773,41,,,1,70,,133774,41,,,1,30,,133775,41,,,1,71,,133776,41,,,1,16,,133777,41,,,1,56,,133778,41,,,1,16,,133779,41,,,1,17,,133780,41,,,1,16,,133781,41,,,1,56,,133782,41,,,1,15,,133783,41,,,1,14,,133784,41,,,1,12,,133785,41,,,1,53,,133786,41,,,1,28,,133787,41,,,1,23,,133788,41,,,1,68,,133789,41,,,1,30,,133790,41,,,1,70,,133791,41,,,1,30,,133792,41,,,1,70,,133793,41,,,1,30,,133794,41,,,1,69,,133795,41,,,1,29,,133796,41,,,1,100,,133797,41,,,1,100,,133798,41,,,1
5200,'052-Saturday-1-26-04-0000010',655,,111711,41,,,1,100,,111712,41,,,1,82,,111713,41,,,1,22,,111714,41,,,1,71,,111715,41,,,1,72,,111716,41,,,1,30,,111717,41,,,1,70,,111718,41,,,1,30,,111719,41,,,1,70,,111720,41,,,1,30,,111721,41,,,1,70,,111722,41,,,1,30,,111723,41,,,1,70,,111724,41,,,1,30,,111725,41,,,1,70,,111726,41,,,1,30,,111728,41,,,1,70,,111729,41,,,1,30,,111730,41,,,1,70,,111727,41,,,1,33,,111731,41,,,1,69,,111732,41,,,1,30,,111733,41,,,1,70,,111734,41,,,1,30,,111735,41,,,1,70,,111736,41,,,1,55,,111737,41,,,1,100,,111738,41,,,1,100,,111739,41,,,1,100,,111740,41,,,1
5200,'052-Sunday-1-26-04-0000001',757,,111741,41,,,1,100,,111742,41,,,1,144,,111743,41,,,1,100,,111744,41,,,1,30,,111745,41,,,1,70,,111747,41,,,1,30,,111748,41,,,1,70,,111749,41,,,1,30,,111746,41,,,1,70,,111750,41,,,1,30,,111752,41,,,1,70,,111753,41,,,1,30,,111754,41,,,1,70,,111751,41,,,1,30,,111755,41,,,1,70,,111756,41,,,1,31,,111757,41,,,1,70,,111758,41,,,1,30,,111759,41,,,1,70,,111760,41,,,1,30,,111764,41,,,1,70,,111761,41,,,1,100,,111762,41,,,1,100,,111763,41,,,1,100,,111765,41,,,1
68400,'684-Weekday-1-26-04-0001000',1251,,120637,14,0,29 30,1,3,,120638,14,,,1
68400,'684-Weekday-1-26-04-1110100',1554,,120639,14,0,29 30,1,4,,120640,14,0,29 30,1,43,,120641,14,,,1
68400,'684-Weekday-1-26-04-1111100',1525,,120642,18,0,29 30,1,4,,120643,18,0,29 30,1,5,,120644,18,,,1
68400,'684-Weekday-2-26-04-1111100',1525,,142227,18,0,29 30,1,4,,142228,18,0,29 30,1,5,,142229,18,,,1
68400,'684-Weekday-3-26-04-0001000',1251,,142230,14,0,29 30,1,3,,142231,14,,,1
68400,'684-Weekday-3-26-04-1110100',1554,,142232,14,0,29 30,1,4,,142233,14,0,29 30,1,43,,142234,14,,,1
