71701,'717-Weekday-1-26-02-1111100',531,,12272,,,1,70,,12273,,,1,30,,12271,,,1,76,,12274,,,1,14,,12312,,,1,16,,12275,,,1,6,,12311,,,1,64,,12276,,,1,25,,12313,,,1,5,,12277,,,1,70,,12278,,,1,26,,12293,,,1,70,,12294,,,1,30,,12295,,,1,70,,12296,,,1,30,,12297,,,1,70,,12298,,,1,30,,12299,,,1,70,,12300,,,1,30,,12301,,,1,70,,12302,,,1,30,,12303,,,1,70,,12304,,,1,33,,12286,,,1,15,,12290,,,1,55,,12305,,,1,15,,12291,,,1,15,,12292,,,1,15,,12289,,,1,55,,12306,,,1,15,,12288,,,1,15,,12287,,,1,15,,12307,,,1,61,,12309,,,1,22,,12308,,,1,66,,12285,,,1,30,,12284,,,1,70,,12283,,,1,30,,12282,,,1,70,,12281,,,1,30,,12280,,,1,70,,12279,,,1,28,,12310,,,1
71701,'717-Weekday-2-26-02-1111100',531,,72079,,,1,70,,72080,,,1,30,,72078,,,1,76,,72081,,,1,14,,72119,,,1,16,,72082,,,1,6,,72118,,,1,64,,72083,,,1,25,,72120,,,1,5,,72084,,,1,70,,72085,,,1,26,,72100,,,1,70,,72101,,,1,30,,72102,,,1,70,,72103,,,1,30,,72104,,,1,70,,72105,,,1,30,,72106,,,1,70,,72107,,,1,30,,72108,,,1,70,,72109,,,1,30,,72110,,,1,70,,72111,,,1,33,,72093,,,1,15,,72097,,,1,55,,72112,,,1,15,,72098,,,1,15,,72099,,,1,15,,72096,,,1,55,,72113,,,1,15,,72095,,,1,15,,72094,,,1,15,,72114,,,1,61,,72116,,,1,22,,72115,,,1,66,,72092,,,1,30,,72091,,,1,70,,72090,,,1,30,,72089,,,1,70,,72088,,,1,30,,72087,,,1,70,,72086,,,1,28,,72117,,,1
71701,'717-Weekday-4-26-02-1111100',531,,72122,,,1,70,,72123,,,1,30,,72121,,,1,76,,72124,,,1,30,,72125,,,1,70,,72126,,,1,30,,72127,,,1,70,,72128,,,1,26,,72143,,,1,70,,72144,,,1,30,,72145,,,1,70,,72146,,,1,30,,72147,,,1,70,,72148,,,1,30,,72149,,,1,70,,72150,,,1,30,,72151,,,1,70,,72152,,,1,30,,72153,,,1,70,,72154,,,1,33,,72136,,,1,15,,72140,,,1,55,,72155,,,1,15,,72141,,,1,15,,72142,,,1,15,,72139,,,1,55,,72156,,,1,15,,72138,,,1,15,,72137,,,1,15,,72157,,,1,61,,72159,,,1,22,,72158,,,1,66,,72135,,,1,30,,72134,,,1,70,,72133,,,1,30,,72132,,,1,70,,72131,,,1,30,,72130,,,1,70,,72129,,,1,28,,72160,,,1
71701,'717-Weekday-5-26-02-1111100',531,,72162,,,1,70,,72163,,,1,30,,72161,,,1,76,,72164,,,1,14,,72202,,,1,16,,72165,,,1,6,,72201,,,1,64,,72166,,,1,25,,72203,,,1,5,,72167,,,1,70,,72168,,,1,26,,72183,,,1,70,,72184,,,1,30,,72185,,,1,70,,72186,,,1,30,,72187,,,1,70,,72188,,,1,30,,72189,,,1,70,,72190,,,1,30,,72191,,,1,70,,72192,,,1,30,,72193,,,1,70,,72194,,,1,33,,72176,,,1,15,,72180,,,1,55,,72195,,,1,15,,72181,,,1,15,,72182,,,1,15,,72179,,,1,55,,72196,,,1,15,,72178,,,1,15,,72177,,,1,15,,72197,,,1,61,,72199,,,1,22,,72198,,,1,66,,72175,,,1,30,,72174,,,1,70,,72173,,,1,30,,72172,,,1,70,,72171,,,1,30,,72170,,,1,70,,72169,,,1,28,,72200,,,1
71701,'717-Weekday-6-26-02-1111100',531,,72205,,,1,70,,72206,,,1,30,,72204,,,1,76,,72207,,,1,14,,72244,,,1,16,,72208,,,1,70,,72209,,,1,30,,72210,,,1,70,,72211,,,1,26,,72226,,,1,70,,72227,,,1,30,,72228,,,1,70,,72229,,,1,30,,72230,,,1,70,,72231,,,1,30,,72232,,,1,70,,72233,,,1,30,,72234,,,1,70,,72235,,,1,30,,72236,,,1,70,,72237,,,1,33,,72219,,,1,15,,72223,,,1,55,,72238,,,1,15,,72224,,,1,15,,72225,,,1,15,,72222,,,1,55,,72239,,,1,15,,72221,,,1,15,,72220,,,1,15,,72240,,,1,61,,72242,,,1,22,,72241,,,1,66,,72218,,,1,30,,72217,,,1,70,,72216,,,1,30,,72215,,,1,70,,72214,,,1,30,,72213,,,1,70,,72212,,,1,28,,72243,,,1
71701,'717-Weekday-7-26-02-1111100',531,,72246,,,1,70,,72247,,,1,30,,72245,,,1,76,,72248,,,1,30,,72249,,,1,70,,72250,,,1,30,,72251,,,1,70,,72252,,,1,26,,72267,,,1,70,,72268,,,1,30,,72269,,,1,70,,72270,,,1,30,,72271,,,1,70,,72272,,,1,30,,72273,,,1,70,,72274,,,1,30,,72275,,,1,70,,72276,,,1,30,,72277,,,1,70,,72278,,,1,33,,72260,,,1,15,,72264,,,1,55,,72279,,,1,15,,72265,,,1,15,,72266,,,1,15,,72263,,,1,55,,72280,,,1,15,,72262,,,1,15,,72261,,,1,15,,72281,,,1,61,,72283,,,1,22,,72282,,,1,66,,72259,,,1,30,,72258,,,1,70,,72257,,,1,30,,72256,,,1,70,,72255,,,1,30,,72254,,,1,70,,72253,,,1,28,,72284,,,1
71701,'717-Weekday-8-26-02-1111100',531,,72286,,,1,70,,72287,,,1,30,,72285,,,1,76,,72288,,,1,14,,72325,,,1,16,,72289,,,1,70,,72290,,,1,30,,72291,,,1,70,,72292,,,1,26,,72307,,,1,70,,72308,,,1,30,,72309,,,1,70,,72310,,,1,30,,72311,,,1,70,,72312,,,1,30,,72313,,,1,70,,72314,,,1,30,,72315,,,1,70,,72316,,,1,30,,72317,,,1,70,,72318,,,1,33,,72300,,,1,15,,72304,,,1,55,,72319,,,1,15,,72305,,,1,15,,72306,,,1,15,,72303,,,1,55,,72320,,,1,15,,72302,,,1,15,,72301,,,1,15,,72321,,,1,61,,72323,,,1,22,,72322,,,1,66,,72299,,,1,30,,72298,,,1,70,,72297,,,1,30,,72296,,,1,70,,72295,,,1,30,,72294,,,1,70,,72293,,,1,28,,72324,,,1
71701,'717-Weekday-9-26-02-1111100',531,,72327,,,1,70,,72328,,,1,30,,72326,,,1,76,,72329,,,1,14,,72367,,,1,16,,72330,,,1,6,,72366,,,1,64,,72331,,,1,25,,72368,,,1,5,,72332,,,1,70,,72333,,,1,26,,72348,,,1,70,,72349,,,1,30,,72350,,,1,70,,72351,,,1,30,,72352,,,1,70,,72353,,,1,30,,72354,,,1,70,,72355,,,1,30,,72356,,,1,70,,72357,,,1,30,,72358,,,1,70,,72359,,,1,33,,72341,,,1,15,,72345,,,1,55,,72360,,,1,15,,72346,,,1,15,,72347,,,1,15,,72344,,,1,55,,72361,,,1,15,,72343,,,1,15,,72342,,,1,15,,72362,,,1,61,,72364,,,1,22,,72363,,,1,66,,72340,,,1,30,,72339,,,1,70,,72338,,,1,30,,72337,,,1,70,,72336,,,1,30,,72335,,,1,70,,72334,,,1,28,,72365,,,1
71701,'717-Saturday-1-26-02-0000010',826,,12314,,,1,30,,12315,,,1,76,,12316,,,1,70,,12317,,,1,30,,12318,,,1,70,,12319,,,1,30,,12320,,,1,70,,12321,,,1,30,,12322,,,1,70,,12323,,,1,30,,12324,,,1,70,,12325,,,1,30,,12326,,,1,70,,12327,,,1,30,,12328,,,1,70,,12329,,,1,30,,12330,,,1,70,,12331,,,1,29,,12332,,,1,70,,12333,,,1,30,,12334,,,1,70,,12335,,,1
71701,'717-Sunday-1-26-02-0000001',1026,,72369,,,1,30,,72370,,,1,70,,72371,,,1,30,,72372,,,1,70,,72373,,,1,30,,72374,,,1,70,,72375,,,1,30,,72376,,,1,70,,72377,,,1,30,,72378,,,1,70,,72379,,,1,30,,72380,,,1,70,,72381,,,1,30,,72382,,,1,71,,72383,,,1,30,,72384,,,1,70,,72385,,,1,30,,72386,,,1
71801,'718-Weekday-1-26-02-1111100',553,,12402,,,1,71,,12403,,,1,34,,12401,,,1,60,,12404,,,1,17,,12440,,,1,3,,12405,,,1,62,,12406,,,1,20,,12407,,,1,20,,12408,,,1,18,,12409,,,1,60,,12410,,,1,26,,12411,,,1,69,,12412,,,1,30,,12413,,,1,70,,12414,,,1,30,,12415,,,1,70,,12416,,,1,30,,12417,,,1,70,,12418,,,1,30,,12419,,,1,70,,12420,,,1,30,,12421,,,1,73,,12422,,,1,30,,12423,,,1,12,,12424,,,1,58,,12425,,,1,21,,12426,,,1,20,,12427,,,1,60,,12428,,,1,20,,12429,,,1,18,,12430,,,1,60,,12431,,,1,23,,12432,,,1,65,,12433,,,1,32,,12434,,,1,71,,12435,,,1,30,,12436,,,1,70,,12437,,,1,30,,12438,,,1,70,,12439,,,1
71801,'718-Weekday-2-26-02-1111100',553,,72681,,,1,71,,72682,,,1,34,,72680,,,1,60,,72683,,,1,17,,72719,,,1,3,,72684,,,1,62,,72685,,,1,20,,72686,,,1,20,,72687,,,1,18,,72688,,,1,60,,72689,,,1,26,,72690,,,1,69,,72691,,,1,30,,72692,,,1,70,,72693,,,1,30,,72694,,,1,70,,72695,,,1,30,,72696,,,1,70,,72697,,,1,30,,72698,,,1,70,,72699,,,1,30,,72700,,,1,73,,72701,,,1,30,,72702,,,1,12,,72703,,,1,58,,72704,,,1,21,,72705,,,1,20,,72706,,,1,60,,72707,,,1,20,,72708,,,1,18,,72709,,,1,60,,72710,,,1,23,,72711,,,1,65,,72712,,,1,32,,72713,,,1,71,,72714,,,1,30,,72715,,,1,70,,72716,,,1,30,,72717,,,1,70,,72718,,,1
71801,'718-Weekday-4-26-02-1111100',553,,72721,,,1,71,,72722,,,1,34,,72720,,,1,60,,72723,,,1,20,,72724,,,1,62,,72725,,,1,20,,72726,,,1,20,,72727,,,1,18,,72728,,,1,60,,72729,,,1,26,,72730,,,1,69,,72731,,,1,30,,72732,,,1,70,,72733,,,1,30,,72734,,,1,70,,72735,,,1,30,,72736,,,1,70,,72737,,,1,30,,72738,,,1,70,,72739,,,1,30,,72740,,,1,73,,72741,,,1,30,,72742,,,1,12,,72743,,,1,58,,72744,,,1,21,,72745,,,1,20,,72746,,,1,60,,72747,,,1,20,,72748,,,1,18,,72749,,,1,60,,72750,,,1,23,,72751,,,1,65,,72752,,,1,32,,72753,,,1,71,,72754,,,1,30,,72755,,,1,70,,72756,,,1,30,,72757,,,1,70,,72758,,,1
71801,'718-Weekday-5-26-02-1111100',553,,72760,,,1,71,,72761,,,1,34,,72759,,,1,60,,72762,,,1,17,,72798,,,1,3,,72763,,,1,62,,72764,,,1,20,,72765,,,1,20,,72766,,,1,18,,72767,,,1,60,,72768,,,1,26,,72769,,,1,69,,72770,,,1,30,,72771,,,1,70,,72772,,,1,30,,72773,,,1,70,,72774,,,1,30,,72775,,,1,70,,72776,,,1,30,,72777,,,1,70,,72778,,,1,30,,72779,,,1,73,,72780,,,1,30,,72781,,,1,12,,72782,,,1,58,,72783,,,1,21,,72784,,,1,20,,72785,,,1,60,,72786,,,1,20,,72787,,,1,18,,72788,,,1,60,,72789,,,1,23,,72790,,,1,65,,72791,,,1,32,,72792,,,1,71,,72793,,,1,30,,72794,,,1,70,,72795,,,1,30,,72796,,,1,70,,72797,,,1
71801,'718-Weekday-6-26-02-1111100',553,,72800,,,1,71,,72801,,,1,34,,72799,,,1,60,,72802,,,1,20,,72803,,,1,62,,72804,,,1,20,,72805,,,1,20,,72806,,,1,18,,72807,,,1,60,,72808,,,1,26,,72809,,,1,69,,72810,,,1,30,,72811,,,1,70,,72812,,,1,30,,72813,,,1,70,,72814,,,1,30,,72815,,,1,70,,72816,,,1,30,,72817,,,1,70,,72818,,,1,30,,72819,,,1,73,,72820,,,1,30,,72821,,,1,12,,72822,,,1,58,,72823,,,1,21,,72824,,,1,20,,72825,,,1,60,,72826,,,1,20,,72827,,,1,18,,72828,,,1,60,,72829,,,1,23,,72830,,,1,65,,72831,,,1,32,,72832,,,1,71,,72833,,,1,30,,72834,,,1,70,,72835,,,1,30,,72836,,,1,70,,72837,,,1
71801,'718-Weekday-7-26-02-1111100',553,,72839,,,1,71,,72840,,,1,34,,72838,,,1,60,,72841,,,1,20,,72842,,,1,62,,72843,,,1,20,,72844,,,1,20,,72845,,,1,18,,72846,,,1,60,,72847,,,1,26,,72848,,,1,69,,72849,,,1,30,,72850,,,1,70,,72851,,,1,30,,72852,,,1,70,,72853,,,1,30,,72854,,,1,70,,72855,,,1,30,,72856,,,1,70,,72857,,,1,30,,72858,,,1,73,,72859,,,1,30,,72860,,,1,12,,72861,,,1,58,,72862,,,1,21,,72863,,,1,20,,72864,,,1,60,,72865,,,1,20,,72866,,,1,18,,72867,,,1,60,,72868,,,1,23,,72869,,,1,65,,72870,,,1,32,,72871,,,1,71,,72872,,,1,30,,72873,,,1,70,,72874,,,1,30,,72875,,,1,70,,72876,,,1
71801,'718-Weekday-8-26-02-1111100',553,,72878,,,1,71,,72879,,,1,34,,72877,,,1,60,,72880,,,1,20,,72881,,,1,62,,72882,,,1,20,,72883,,,1,20,,72884,,,1,18,,72885,,,1,60,,72886,,,1,26,,72887,,,1,69,,72888,,,1,30,,72889,,,1,70,,72890,,,1,30,,72891,,,1,70,,72892,,,1,30,,72893,,,1,70,,72894,,,1,30,,72895,,,1,70,,72896,,,1,30,,72897,,,1,73,,72898,,,1,30,,72899,,,1,12,,72900,,,1,58,,72901,,,1,21,,72902,,,1,20,,72903,,,1,60,,72904,,,1,20,,72905,,,1,18,,72906,,,1,60,,72907,,,1,23,,72908,,,1,65,,72909,,,1,32,,72910,,,1,71,,72911,,,1,30,,72912,,,1,70,,72913,,,1,30,,72914,,,1,70,,72915,,,1
71801,'718-Weekday-9-26-02-1111100',553,,72917,,,1,71,,72918,,,1,34,,72916,,,1,60,,72919,,,1,17,,72955,,,1,3,,72920,,,1,62,,72921,,,1,20,,72922,,,1,20,,72923,,,1,18,,72924,,,1,60,,72925,,,1,26,,72926,,,1,69,,72927,,,1,30,,72928,,,1,70,,72929,,,1,30,,72930,,,1,70,,72931,,,1,30,,72932,,,1,70,,72933,,,1,30,,72934,,,1,70,,72935,,,1,30,,72936,,,1,73,,72937,,,1,30,,72938,,,1,12,,72939,,,1,58,,72940,,,1,21,,72941,,,1,20,,72942,,,1,60,,72943,,,1,20,,72944,,,1,18,,72945,,,1,60,,72946,,,1,23,,72947,,,1,65,,72948,,,1,32,,72949,,,1,71,,72950,,,1,30,,72951,,,1,70,,72952,,,1,30,,72953,,,1,70,,72954,,,1
71801,'718-Saturday-1-26-02-0000010',809,,12465,,,1,30,,12441,,,1,72,,12442,,,1,35,,12443,,,1,72,,12444,,,1,30,,12445,,,1,70,,12446,,,1,30,,12447,,,1,70,,12448,,,1,30,,12449,,,1,70,,12450,,,1,30,,12451,,,1,70,,12452,,,1,30,,12453,,,1,70,,12454,,,1,30,,12455,,,1,70,,12456,,,1,30,,12457,,,1,69,,12458,,,1,29,,12459,,,1,70,,12460,,,1,30,,12461,,,1,70,,12462,,,1,100,,12463,,,1,100,,12464,,,1
71801,'718-Sunday-1-26-02-0000001',851,,72956,,,1,73,,72957,,,1,35,,72958,,,1,70,,72959,,,1,30,,72960,,,1,70,,72961,,,1,30,,72962,,,1,70,,72963,,,1,30,,72964,,,1,70,,72965,,,1,30,,72966,,,1,70,,72967,,,1,30,,72968,,,1,70,,72969,,,1,30,,72970,,,1,70,,72971,,,1,30,,72972,,,1,69,,72973,,,1,30,,72974,,,1,70,,72975,,,1,30,,72976,,,1,70,,72977,,,1,100,,72978,,,1,100,,72979,,,1
