61001,'610-Weekday-1-26-02-1111100',742,,9944,,,1,4,,9945,,,1,6,,9946,,,1,80,,9947,,,1,6,,9948,,,1,5,,9949,,,1
61001,'610-Weekday-2-26-02-1111100',742,,61580,,,1,4,,61581,,,1,6,,61582,,,1,80,,61583,,,1,6,,61584,,,1,5,,61585,,,1
61001,'610-Weekday-4-26-02-1111100',832,,61586,,,1,6,,61587,,,1,5,,61588,,,1
61001,'610-Weekday-5-26-02-1111100',742,,61589,,,1,4,,61590,,,1,6,,61591,,,1,80,,61592,,,1,6,,61593,,,1,5,,61594,,,1
61001,'610-Weekday-6-26-02-1111100',742,,61595,,,1,4,,61596,,,1,6,,61597,,,1
61001,'610-Weekday-8-26-02-1111100',742,,61598,,,1,4,,61599,,,1,6,,61600,,,1
61201,'612-Weekday-1-26-02-1111100',753,,9958,,,1
61201,'612-Weekday-2-26-02-1111100',753,,61627,,,1
61201,'612-Weekday-5-26-02-1111100',753,,61628,,,1
61201,'612-Weekday-6-26-02-1111100',753,,61629,,,1
61201,'612-Weekday-8-26-02-1111100',753,,61630,,,1
