10701,'107-Weekday-1-26-04-1111100',544,,114123,24,,,1,70,,114124,24,,,1,32,,114125,24,,,1,10,,114148,24,,,1,50,,114126,24,,,1,10,,114127,24,,,1,10,,114149,24,,,1,10,,114128,24,,,1,10,,114129,24,,,1,10,,114150,24,,,1,48,,114178,24,,,1,2,,114130,24,,,1,10,,114131,24,,,1,10,,114132,24,,,1,8,,114179,24,,,1,2,,114133,24,,,1,10,,114134,24,,,1,59,,114151,24,,,1,19,,114135,24,,,1,20,,114136,24,,,1,60,,114152,24,,,1,20,,114153,24,,,1,20,,114154,24,,,1,60,,114155,24,,,1,20,,114156,24,,,1,20,,114157,24,,,1,60,,114158,24,,,1,20,,114159,24,,,1,20,,114160,24,,,1,60,,114161,24,,,1,20,,114162,24,,,1,20,,114163,24,,,1,60,,114164,24,,,1,20,,114165,24,,,1,20,,114166,24,,,1,61,,114175,24,,,1,16,,114147,24,,,1,15,,114167,24,,,1,15,,114168,24,,,1,55,,114169,24,,,1,15,,114137,24,,,1,15,,114138,24,,,1,15,,114139,24,,,1,55,,114140,24,,,1,15,,114141,24,,,1,15,,114142,24,,,1,22,,114176,24,,,1,60,,114177,24,,,1,19,,114143,24,,,1,69,,114171,24,,,1,30,,114172,24,,,1,70,,114173,24,,,1,30,,114174,24,,,1,70,,114144,24,,,1,30,,114146,24,,,1,70,,114145,24,,,1,30,,114170,24,,,1
10701,'107-Weekday-2-26-04-1111100',544,,136246,24,,,1,70,,136247,24,,,1,32,,136248,24,,,1,10,,136271,24,,,1,50,,136249,24,,,1,10,,136250,24,,,1,10,,136272,24,,,1,10,,136251,24,,,1,10,,136252,24,,,1,10,,136273,24,,,1,48,,136301,24,,,1,2,,136253,24,,,1,10,,136254,24,,,1,10,,136255,24,,,1,8,,136302,24,,,1,2,,136256,24,,,1,10,,136257,24,,,1,59,,136274,24,,,1,19,,136258,24,,,1,20,,136259,24,,,1,60,,136275,24,,,1,20,,136276,24,,,1,20,,136277,24,,,1,60,,136278,24,,,1,20,,136279,24,,,1,20,,136280,24,,,1,60,,136281,24,,,1,20,,136282,24,,,1,20,,136283,24,,,1,60,,136284,24,,,1,20,,136285,24,,,1,20,,136286,24,,,1,60,,136287,24,,,1,20,,136288,24,,,1,20,,136289,24,,,1,61,,136298,24,,,1,16,,136270,24,,,1,15,,136290,24,,,1,15,,136291,24,,,1,55,,136292,24,,,1,15,,136260,24,,,1,15,,136261,24,,,1,15,,136262,24,,,1,55,,136263,24,,,1,15,,136264,24,,,1,15,,136265,24,,,1,22,,136299,24,,,1,60,,136300,24,,,1,19,,136266,24,,,1,69,,136294,24,,,1,30,,136295,24,,,1,70,,136296,24,,,1,30,,136297,24,,,1,70,,136267,24,,,1,30,,136269,24,,,1,70,,136268,24,,,1,30,,136293,24,,,1
10701,'107-Weekday-3-26-04-1111100',544,,136303,24,,,1,70,,136304,24,,,1,32,,136305,24,,,1,10,,136328,24,,,1,50,,136306,24,,,1,10,,136307,24,,,1,10,,136329,24,,,1,10,,136308,24,,,1,10,,136309,24,,,1,10,,136330,24,,,1,48,,136358,24,,,1,2,,136310,24,,,1,10,,136311,24,,,1,10,,136312,24,,,1,10,,136313,24,,,1,10,,136314,24,,,1,59,,136331,24,,,1,19,,136315,24,,,1,20,,136316,24,,,1,60,,136332,24,,,1,20,,136333,24,,,1,20,,136334,24,,,1,60,,136335,24,,,1,20,,136336,24,,,1,20,,136337,24,,,1,60,,136338,24,,,1,20,,136339,24,,,1,20,,136340,24,,,1,60,,136341,24,,,1,20,,136342,24,,,1,20,,136343,24,,,1,60,,136344,24,,,1,20,,136345,24,,,1,20,,136346,24,,,1,61,,136355,24,,,1,16,,136327,24,,,1,15,,136347,24,,,1,15,,136348,24,,,1,55,,136349,24,,,1,15,,136317,24,,,1,15,,136318,24,,,1,15,,136319,24,,,1,55,,136320,24,,,1,15,,136321,24,,,1,15,,136322,24,,,1,22,,136356,24,,,1,60,,136357,24,,,1,19,,136323,24,,,1,69,,136351,24,,,1,30,,136352,24,,,1,70,,136353,24,,,1,30,,136354,24,,,1,70,,136324,24,,,1,30,,136326,24,,,1,70,,136325,24,,,1,30,,136350,24,,,1
10701,'107-Saturday-1-26-04-0000010',807,,114180,24,,,1,30,,114181,24,,,1,70,,114182,24,,,1,31,,114183,24,,,1,70,,114184,24,,,1,30,,114185,24,,,1,70,,114186,24,,,1,30,,114187,24,,,1,70,,114188,24,,,1,30,,114189,24,,,1,70,,114190,24,,,1,30,,114191,24,,,1,70,,114192,24,,,1,30,,114193,24,,,1,70,,114194,24,,,1,30,,114195,24,,,1,70,,114196,24,,,1,30,,114197,24,,,1,70,,114198,24,,,1,29,,114199,24,,,1,70,,114200,24,,,1,30,,114201,24,,,1,70,,114202,24,,,1
10701,'107-Sunday-1-26-04-0000001',956,,114203,24,,,1,70,,114204,24,,,1,30,,114205,24,,,1,70,,114206,24,,,1,30,,114207,24,,,1,70,,114208,24,,,1,30,,114209,24,,,1,70,,114210,24,,,1,30,,114211,24,,,1,70,,114212,24,,,1,30,,114213,24,,,1,70,,114214,24,,,1,30,,114215,24,,,1,70,,114216,24,,,1,30,,114217,24,,,1,69,,114218,24,,,1,30,,114219,24,,,1,70,,114220,24,,,1,30,,114221,24,,,1,70,,114222,24,,,1
62600,'626-Weekday-1-26-04-0001000',1245,,120393,35,,,1,4,,120394,35,,,1,4,,120395,35,,,1
62600,'626-Weekday-1-26-04-1110100',1543,,120396,35,,,1,4,,120397,35,,,1,4,,120398,35,,,1
62600,'626-Weekday-3-26-04-0001000',1245,,142002,35,,,1,4,,142003,35,,,1,4,,142004,35,,,1
62600,'626-Weekday-3-26-04-1110100',1543,,142005,35,,,1,4,,142006,35,,,1,4,,142007,35,,,1
62801,'628-Weekday-1-26-04-1111100',806,,120406,11,,,1
62801,'628-Weekday-2-26-04-1111100',806,,142015,11,,,1
