67301,'673-Weekday-1-26-09-0001000',1426,,227824,4,,,1,1,,227825,4,,,1
67301,'673-Weekday-1-26-09-1110100',1520,,227826,4,,,1,1,,227827,4,,,1
67301,'673-Weekday-3-26-09-1110100',1520,,227828,4,,,1,1,,227829,4,,,1
67401,'674-Weekday-1-26-09-0001000',1153,,227831,2,,,1,5,,227832,2,0,44 7 42,1
67401,'674-Weekday-1-26-09-1110100',1522,,227833,2,0,44 7 42,1,1,,227834,2,,,1
90401,'904-Weekday-1-26-09-1111100',557,,237564,41,,,1,71,,237576,41,,,1,76,,237580,41,,,1,20,,237577,41,,,1,20,,237579,41,,,1,60,,237578,41,,,1,20,,237585,41,,,1,20,,237584,41,,,1,63,,237583,41,,,1,29,,237582,41,,,1,70,,237570,41,,,1,30,,237566,41,,,1,70,,237575,41,,,1,30,,237574,41,,,1,70,,237573,41,,,1,30,,237565,41,,,1,70,,237571,41,,,1,30,,237572,41,,,1,70,,237567,41,,,1,30,,237568,41,,,1,67,,237569,41,,,1,25,,237586,41,,,1,22,,237587,41,,,1,9,,237581,41,,,1,51,,237588,41,,,1,20,,237589,41,,,1,20,,237590,41,,,1,60,,237591,41,,,1,20,,237592,41,,,1,13,,237593,41,,,1,70,,237594,41,,,1,28,,237595,41,,,1,64,,237596,41,,,1,31,,237597,41,,,1,70,,237598,41,,,1,30,,237599,41,,,1,70,,237600,41,,,1,30,,237601,41,,,1,69,,237602,41,,,1,98,,237603,41,,,1
90401,'904-Weekday-2-26-09-1111100',557,,237604,41,,,1,71,,237616,41,,,1,76,,237620,41,,,1,20,,237617,41,,,1,20,,237619,41,,,1,60,,237618,41,,,1,20,,237625,41,,,1,20,,237624,41,,,1,63,,237623,41,,,1,29,,237622,41,,,1,70,,237610,41,,,1,30,,237606,41,,,1,70,,237615,41,,,1,30,,237614,41,,,1,70,,237613,41,,,1,30,,237605,41,,,1,70,,237611,41,,,1,30,,237612,41,,,1,70,,237607,41,,,1,30,,237608,41,,,1,67,,237609,41,,,1,25,,237626,41,,,1,22,,237627,41,,,1,9,,237621,41,,,1,51,,237628,41,,,1,20,,237629,41,,,1,20,,237630,41,,,1,60,,237631,41,,,1,20,,237632,41,,,1,13,,237633,41,,,1,70,,237634,41,,,1,28,,237635,41,,,1,64,,237636,41,,,1,31,,237637,41,,,1,70,,237638,41,,,1,30,,237639,41,,,1,70,,237640,41,,,1,30,,237641,41,,,1,69,,237642,41,,,1,98,,237643,41,,,1
90401,'904-Weekday-4-26-09-1111100',557,,237644,41,,,1,71,,237656,41,,,1,76,,237660,41,,,1,20,,237657,41,,,1,20,,237659,41,,,1,60,,237658,41,,,1,20,,237664,41,,,1,20,,237663,41,,,1,63,,237662,41,,,1,29,,237661,41,,,1,70,,237650,41,,,1,30,,237646,41,,,1,70,,237655,41,,,1,30,,237654,41,,,1,70,,237653,41,,,1,30,,237645,41,,,1,70,,237651,41,,,1,30,,237652,41,,,1,70,,237647,41,,,1,30,,237648,41,,,1,67,,237649,41,,,1,25,,237665,41,,,1,22,,237666,41,,,1,60,,237667,41,,,1,20,,237668,41,,,1,20,,237669,41,,,1,60,,237670,41,,,1,20,,237671,41,,,1,13,,237672,41,,,1,70,,237673,41,,,1,28,,237674,41,,,1,64,,237675,41,,,1,31,,237676,41,,,1,70,,237677,41,,,1,30,,237678,41,,,1,70,,237679,41,,,1,30,,237680,41,,,1,69,,237681,41,,,1,98,,237682,41,,,1
90401,'904-Saturday-1-26-09-0000010',722,,237683,41,,,1,100,,237684,41,,,1,27,,237685,41,,,1,70,,237686,41,,,1,29,,237687,41,,,1,70,,237688,41,,,1,30,,237689,41,,,1,70,,237690,41,,,1,30,,237691,41,,,1,70,,237692,41,,,1,30,,237693,41,,,1,70,,237694,41,,,1,30,,237695,41,,,1,70,,237696,41,,,1,30,,237697,41,,,1,70,,237698,41,,,1,30,,237699,41,,,1,70,,237700,41,,,1,30,,237701,41,,,1,68,,237702,41,,,1,30,,237703,41,,,1,70,,237704,41,,,1,30,,237705,41,,,1,70,,237706,41,,,1,30,,237707,41,,,1,100,,237708,41,,,1,100,,237709,41,,,1
90401,'904-Sunday-1-26-09-0000001',749,,237710,41,,,1,100,,237711,41,,,1,99,,237712,41,,,1,70,,237713,41,,,1,30,,237714,41,,,1,70,,237715,41,,,1,30,,237716,41,,,1,70,,237717,41,,,1,30,,237718,41,,,1,70,,237719,41,,,1,30,,237720,41,,,1,70,,237721,41,,,1,30,,237722,41,,,1,70,,237723,41,,,1,30,,237724,41,,,1,70,,237725,41,,,1,30,,237726,41,,,1,69,,237727,41,,,1,29,,237728,41,,,1,70,,237729,41,,,1,30,,237730,41,,,1,70,,237731,41,,,1
