91601,'916-Weekday-1-26-04-0001000',1239,,126907,37,,,1
91601,'916-Weekday-1-26-04-1110100',1545,,126908,37,,,1,93,,126909,37,,,1
91601,'916-Weekday-1-26-04-1111100',606,,126910,37,,,1,31,,126945,37,,,1,21,,126946,37,,,1,59,,126947,37,,,1,20,,126948,37,,,1,20,,126949,37,,,1,60,,126950,37,,,1,24,,126911,37,,,1,65,,126944,37,,,1,31,,126912,37,,,1,72,,126913,37,,,1,30,,126914,37,,,1,70,,126915,37,,,1,30,,126916,37,,,1,70,,126917,37,,,1,30,,126918,37,,,1,70,,126919,37,,,1,30,,126920,37,,,1,70,,126921,37,,,1,30,,126922,37,,,1,71,,126923,37,,,1,20,,126924,37,,,1,12,,126925,37,,,1,12,,126926,37,,,1,52,,126951,37,,,1,12,,126927,37,,,1,12,,126928,37,,,1,12,,126929,37,,,1,12,,126930,37,,,1,52,,126952,37,,,1,12,,126931,37,,,1,12,,126932,37,,,1,12,,126933,37,,,1,12,,126934,37,,,1,56,,126943,37,,,1,29,,126935,37,,,1,68,,126936,37,,,1,30,,126937,37,,,1,70,,126938,37,,,1,30,,126939,37,,,1,70,,126940,37,,,1,30,,126941,37,,,1,69,,126942,37,,,1,28,,126953,37,,,1,66,,126954,37,,,1,100,,126955,37,,,1
91601,'916-Weekday-2-26-04-1110100',1638,,148152,37,,,1
91601,'916-Weekday-2-26-04-1111100',606,,148153,37,,,1,31,,148188,37,,,1,21,,148189,37,,,1,59,,148190,37,,,1,20,,148191,37,,,1,20,,148192,37,,,1,60,,148193,37,,,1,24,,148154,37,,,1,65,,148187,37,,,1,31,,148155,37,,,1,72,,148156,37,,,1,30,,148157,37,,,1,70,,148158,37,,,1,30,,148159,37,,,1,70,,148160,37,,,1,30,,148161,37,,,1,70,,148162,37,,,1,30,,148163,37,,,1,70,,148164,37,,,1,30,,148165,37,,,1,71,,148166,37,,,1,20,,148167,37,,,1,12,,148168,37,,,1,12,,148169,37,,,1,52,,148194,37,,,1,12,,148170,37,,,1,12,,148171,37,,,1,12,,148172,37,,,1,12,,148173,37,,,1,52,,148195,37,,,1,12,,148174,37,,,1,12,,148175,37,,,1,12,,148176,37,,,1,12,,148177,37,,,1,56,,148186,37,,,1,29,,148178,37,,,1,68,,148179,37,,,1,30,,148180,37,,,1,70,,148181,37,,,1,30,,148182,37,,,1,70,,148183,37,,,1,30,,148184,37,,,1,69,,148185,37,,,1,28,,148196,37,,,1,66,,148197,37,,,1,100,,148198,37,,,1
91601,'916-Weekday-3-26-04-0001000',1239,,148199,37,,,1
91601,'916-Weekday-3-26-04-1110100',1545,,148200,37,,,1
91601,'916-Weekday-3-26-04-1111100',606,,148201,37,,,1,31,,148236,37,,,1,21,,148237,37,,,1,59,,148238,37,,,1,20,,148239,37,,,1,20,,148240,37,,,1,60,,148241,37,,,1,24,,148202,37,,,1,65,,148235,37,,,1,31,,148203,37,,,1,72,,148204,37,,,1,30,,148205,37,,,1,70,,148206,37,,,1,30,,148207,37,,,1,70,,148208,37,,,1,30,,148209,37,,,1,70,,148210,37,,,1,30,,148211,37,,,1,70,,148212,37,,,1,30,,148213,37,,,1,71,,148214,37,,,1,20,,148215,37,,,1,12,,148216,37,,,1,12,,148217,37,,,1,52,,148242,37,,,1,12,,148218,37,,,1,12,,148219,37,,,1,12,,148220,37,,,1,12,,148221,37,,,1,52,,148243,37,,,1,12,,148222,37,,,1,12,,148223,37,,,1,12,,148224,37,,,1,12,,148225,37,,,1,56,,148234,37,,,1,29,,148226,37,,,1,68,,148227,37,,,1,30,,148228,37,,,1,70,,148229,37,,,1,30,,148230,37,,,1,70,,148231,37,,,1,30,,148232,37,,,1,69,,148233,37,,,1,28,,148244,37,,,1,66,,148245,37,,,1,100,,148246,37,,,1
91601,'916-Saturday-1-26-04-0000010',658,,126956,37,,,1,100,,126957,37,,,1,70,,126958,37,,,1,30,,126959,37,,,1,73,,126960,37,,,1,71,,126961,37,,,1,32,,126962,37,,,1,70,,126963,37,,,1,30,,126964,37,,,1,70,,126965,37,,,1,30,,126966,37,,,1,70,,126967,37,,,1,30,,126968,37,,,1,70,,126969,37,,,1,30,,126970,37,,,1,70,,126971,37,,,1,30,,126972,37,,,1,70,,126973,37,,,1,30,,126974,37,,,1,70,,126975,37,,,1,29,,126976,37,,,1,68,,126977,37,,,1,30,,126978,37,,,1,70,,126979,37,,,1,30,,126980,37,,,1,100,,126981,37,,,1,100,,126982,37,,,1,100,,126983,37,,,1,100,,126984,37,,,1,100,,126985,37,,,1
91601,'916-Sunday-1-26-04-0000001',658,,126986,37,,,1,100,,126987,37,,,1,100,,126988,37,,,1,145,,126989,37,,,1,101,,126990,37,,,1,30,,126991,37,,,1,70,,126992,37,,,1,30,,126993,37,,,1,70,,126994,37,,,1,30,,126995,37,,,1,70,,126996,37,,,1,30,,126997,37,,,1,70,,126998,37,,,1,30,,126999,37,,,1,70,,127000,37,,,1,30,,127001,37,,,1,70,,127002,37,,,1,29,,127003,37,,,1,69,,127004,37,,,1,30,,127005,37,,,1,70,,127006,37,,,1,30,,127007,37,,,1,70,,127008,37,,,1,100,,127009,37,,,1,100,,127010,37,,,1,100,,127011,37,,,1,100,,127012,37,,,1
