91600,'916-Weekday-1-26-02-0001000',1521,,15054,,,1
91600,'916-Weekday-1-26-02-1111100',604,,15055,,,1,30,,15056,,,1,24,,15057,,,1,50,,15058,,,1,10,,15099,,,1,10,,15059,,,1,10,,15060,,,1,10,,15100,,,1,10,,15061,,,1,47,,15107,,,1,3,,15062,,,1,10,,15101,,,1,10,,15063,,,1,10,,15064,,,1,10,,15066,,,1,10,,15065,,,1,72,,15067,,,1,70,,15068,,,1,30,,15069,,,1,70,,15070,,,1,30,,15071,,,1,70,,15072,,,1,30,,15073,,,1,70,,15074,,,1,30,,15075,,,1,70,,15076,,,1,30,,15077,,,1,70,,15078,,,1,32,,15079,,,1,12,,15102,,,1,12,,15080,,,1,52,,15081,,,1,12,,15103,,,1,12,,15082,,,1,12,,15104,,,1,12,,15083,,,1,52,,15084,,,1,12,,15105,,,1,12,,15085,,,1,12,,15106,,,1,12,,15086,,,1,52,,15087,,,1,23,,15088,,,1,27,,15089,,,1,70,,15090,,,1,30,,15091,,,1,70,,15092,,,1,30,,15093,,,1,70,,15094,,,1,30,,15095,,,1,67,,15096,,,1,100,,15097,,,1,100,,15098,,,1
91600,'916-Weekday-2-26-02-0001000',1521,,85140,,,1
91600,'916-Weekday-2-26-02-1111100',604,,85141,,,1,30,,85142,,,1,24,,85143,,,1,50,,85144,,,1,10,,85185,,,1,10,,85145,,,1,10,,85146,,,1,10,,85186,,,1,10,,85147,,,1,47,,85193,,,1,3,,85148,,,1,10,,85187,,,1,10,,85149,,,1,10,,85150,,,1,10,,85152,,,1,10,,85151,,,1,72,,85153,,,1,70,,85154,,,1,30,,85155,,,1,70,,85156,,,1,30,,85157,,,1,70,,85158,,,1,30,,85159,,,1,70,,85160,,,1,30,,85161,,,1,70,,85162,,,1,30,,85163,,,1,70,,85164,,,1,32,,85165,,,1,12,,85188,,,1,12,,85166,,,1,52,,85167,,,1,12,,85189,,,1,12,,85168,,,1,12,,85190,,,1,12,,85169,,,1,52,,85170,,,1,12,,85191,,,1,12,,85171,,,1,12,,85192,,,1,12,,85172,,,1,52,,85173,,,1,23,,85174,,,1,27,,85175,,,1,70,,85176,,,1,30,,85177,,,1,70,,85178,,,1,30,,85179,,,1,70,,85180,,,1,30,,85181,,,1,67,,85182,,,1,100,,85183,,,1,100,,85184,,,1
91600,'916-Weekday-4-26-02-1111100',604,,85194,,,1,30,,85195,,,1,24,,85196,,,1,50,,85197,,,1,10,,85238,,,1,10,,85198,,,1,10,,85199,,,1,10,,85239,,,1,10,,85200,,,1,50,,85201,,,1,10,,85240,,,1,10,,85202,,,1,10,,85203,,,1,10,,85205,,,1,10,,85204,,,1,72,,85206,,,1,70,,85207,,,1,30,,85208,,,1,70,,85209,,,1,30,,85210,,,1,70,,85211,,,1,30,,85212,,,1,70,,85213,,,1,30,,85214,,,1,70,,85215,,,1,30,,85216,,,1,70,,85217,,,1,32,,85218,,,1,12,,85241,,,1,12,,85219,,,1,52,,85220,,,1,12,,85242,,,1,12,,85221,,,1,12,,85243,,,1,12,,85222,,,1,52,,85223,,,1,12,,85244,,,1,12,,85224,,,1,12,,85245,,,1,12,,85225,,,1,52,,85226,,,1,23,,85227,,,1,27,,85228,,,1,70,,85229,,,1,30,,85230,,,1,70,,85231,,,1,30,,85232,,,1,70,,85233,,,1,30,,85234,,,1,67,,85235,,,1,100,,85236,,,1,100,,85237,,,1
91600,'916-Weekday-5-26-02-0001000',1521,,85246,,,1
91600,'916-Weekday-5-26-02-1111100',604,,85247,,,1,30,,85248,,,1,24,,85249,,,1,50,,85250,,,1,10,,85291,,,1,10,,85251,,,1,10,,85252,,,1,10,,85292,,,1,10,,85253,,,1,47,,85299,,,1,3,,85254,,,1,10,,85293,,,1,10,,85255,,,1,10,,85256,,,1,10,,85258,,,1,10,,85257,,,1,72,,85259,,,1,70,,85260,,,1,30,,85261,,,1,70,,85262,,,1,30,,85263,,,1,70,,85264,,,1,30,,85265,,,1,70,,85266,,,1,30,,85267,,,1,70,,85268,,,1,30,,85269,,,1,70,,85270,,,1,32,,85271,,,1,12,,85294,,,1,12,,85272,,,1,52,,85273,,,1,12,,85295,,,1,12,,85274,,,1,12,,85296,,,1,12,,85275,,,1,52,,85276,,,1,12,,85297,,,1,12,,85277,,,1,12,,85298,,,1,12,,85278,,,1,52,,85279,,,1,23,,85280,,,1,27,,85281,,,1,70,,85282,,,1,30,,85283,,,1,70,,85284,,,1,30,,85285,,,1,70,,85286,,,1,30,,85287,,,1,67,,85288,,,1,100,,85289,,,1,100,,85290,,,1
91600,'916-Weekday-6-26-02-1111100',604,,85300,,,1,30,,85301,,,1,24,,85302,,,1,50,,85303,,,1,10,,85344,,,1,10,,85304,,,1,10,,85305,,,1,10,,85345,,,1,10,,85306,,,1,47,,85352,,,1,3,,85307,,,1,10,,85346,,,1,10,,85308,,,1,10,,85309,,,1,10,,85311,,,1,10,,85310,,,1,72,,85312,,,1,70,,85313,,,1,30,,85314,,,1,70,,85315,,,1,30,,85316,,,1,70,,85317,,,1,30,,85318,,,1,70,,85319,,,1,30,,85320,,,1,70,,85321,,,1,30,,85322,,,1,70,,85323,,,1,32,,85324,,,1,12,,85347,,,1,12,,85325,,,1,52,,85326,,,1,12,,85348,,,1,12,,85327,,,1,12,,85349,,,1,12,,85328,,,1,52,,85329,,,1,12,,85350,,,1,12,,85330,,,1,12,,85351,,,1,12,,85331,,,1,52,,85332,,,1,23,,85333,,,1,27,,85334,,,1,70,,85335,,,1,30,,85336,,,1,70,,85337,,,1,30,,85338,,,1,70,,85339,,,1,30,,85340,,,1,67,,85341,,,1,100,,85342,,,1,100,,85343,,,1
91600,'916-Weekday-7-26-02-1111100',604,,85353,,,1,30,,85354,,,1,24,,85355,,,1,50,,85356,,,1,10,,85397,,,1,10,,85357,,,1,10,,85358,,,1,10,,85398,,,1,10,,85359,,,1,50,,85360,,,1,10,,85399,,,1,10,,85361,,,1,10,,85362,,,1,10,,85364,,,1,10,,85363,,,1,72,,85365,,,1,70,,85366,,,1,30,,85367,,,1,70,,85368,,,1,30,,85369,,,1,70,,85370,,,1,30,,85371,,,1,70,,85372,,,1,30,,85373,,,1,70,,85374,,,1,30,,85375,,,1,70,,85376,,,1,32,,85377,,,1,12,,85400,,,1,12,,85378,,,1,52,,85379,,,1,12,,85401,,,1,12,,85380,,,1,12,,85402,,,1,12,,85381,,,1,52,,85382,,,1,12,,85403,,,1,12,,85383,,,1,12,,85404,,,1,12,,85384,,,1,52,,85385,,,1,23,,85386,,,1,27,,85387,,,1,70,,85388,,,1,30,,85389,,,1,70,,85390,,,1,30,,85391,,,1,70,,85392,,,1,30,,85393,,,1,67,,85394,,,1,100,,85395,,,1,100,,85396,,,1
91600,'916-Weekday-8-26-02-1111100',604,,85405,,,1,30,,85406,,,1,24,,85407,,,1,50,,85408,,,1,10,,85449,,,1,10,,85409,,,1,10,,85410,,,1,10,,85450,,,1,10,,85411,,,1,47,,85457,,,1,3,,85412,,,1,10,,85451,,,1,10,,85413,,,1,10,,85414,,,1,10,,85416,,,1,10,,85415,,,1,72,,85417,,,1,70,,85418,,,1,30,,85419,,,1,70,,85420,,,1,30,,85421,,,1,70,,85422,,,1,30,,85423,,,1,70,,85424,,,1,30,,85425,,,1,70,,85426,,,1,30,,85427,,,1,70,,85428,,,1,32,,85429,,,1,12,,85452,,,1,12,,85430,,,1,52,,85431,,,1,12,,85453,,,1,12,,85432,,,1,12,,85454,,,1,12,,85433,,,1,52,,85434,,,1,12,,85455,,,1,12,,85435,,,1,12,,85456,,,1,12,,85436,,,1,52,,85437,,,1,23,,85438,,,1,27,,85439,,,1,70,,85440,,,1,30,,85441,,,1,70,,85442,,,1,30,,85443,,,1,70,,85444,,,1,30,,85445,,,1,67,,85446,,,1,100,,85447,,,1,100,,85448,,,1
91600,'916-Weekday-9-26-02-1111100',604,,85458,,,1,30,,85459,,,1,24,,85460,,,1,50,,85461,,,1,10,,85502,,,1,10,,85462,,,1,10,,85463,,,1,10,,85503,,,1,10,,85464,,,1,47,,85510,,,1,3,,85465,,,1,10,,85504,,,1,10,,85466,,,1,10,,85467,,,1,10,,85469,,,1,10,,85468,,,1,72,,85470,,,1,70,,85471,,,1,30,,85472,,,1,70,,85473,,,1,30,,85474,,,1,70,,85475,,,1,30,,85476,,,1,70,,85477,,,1,30,,85478,,,1,70,,85479,,,1,30,,85480,,,1,70,,85481,,,1,32,,85482,,,1,12,,85505,,,1,12,,85483,,,1,52,,85484,,,1,12,,85506,,,1,12,,85485,,,1,12,,85507,,,1,12,,85486,,,1,52,,85487,,,1,12,,85508,,,1,12,,85488,,,1,12,,85509,,,1,12,,85489,,,1,52,,85490,,,1,23,,85491,,,1,27,,85492,,,1,70,,85493,,,1,30,,85494,,,1,70,,85495,,,1,30,,85496,,,1,70,,85497,,,1,30,,85498,,,1,67,,85499,,,1,100,,85500,,,1,100,,85501,,,1
91600,'916-Saturday-1-26-02-0000010',623,,15108,,,1,100,,15109,,,1,100,,15110,,,1,31,,15111,,,1,70,,15112,,,1,32,,15113,,,1,70,,15114,,,1,30,,15115,,,1,70,,15116,,,1,30,,15117,,,1,70,,15118,,,1,30,,15119,,,1,70,,15120,,,1,30,,15121,,,1,70,,15122,,,1,30,,15123,,,1,70,,15124,,,1,30,,15125,,,1,70,,15126,,,1,30,,15127,,,1,68,,15128,,,1,30,,15129,,,1,70,,15130,,,1,30,,15131,,,1,70,,15132,,,1,30,,15133,,,1,70,,15134,,,1,100,,15135,,,1,100,,15136,,,1,100,,15137,,,1
91600,'916-Sunday-1-26-02-0000001',625,,85511,,,1,100,,85512,,,1,100,,85513,,,1,101,,85514,,,1,31,,85515,,,1,70,,85516,,,1,30,,85517,,,1,70,,85518,,,1,30,,85519,,,1,70,,85520,,,1,30,,85521,,,1,70,,85522,,,1,30,,85523,,,1,70,,85524,,,1,30,,85525,,,1,70,,85526,,,1,30,,85527,,,1,70,,85528,,,1,29,,85529,,,1,69,,85530,,,1,30,,85531,,,1,70,,85532,,,1,30,,85533,,,1,70,,85534,,,1,100,,85535,,,1,100,,85536,,,1,100,,85537,,,1,100,,85538,,,1
