63400,'634-Weekday-1-26-09-0000100',1004,,227590,40,,,1
63400,'634-Weekday-1-26-09-1111000',837,,227591,40,,,1,2,,227592,40,,,1
63400,'634-Weekday-3-26-09-1111000',837,,227593,40,,,1,2,,227594,40,,,1
63600,'636-Weekday-1-26-09-0000100',1003,,227604,15,,,1
63600,'636-Weekday-1-26-09-1111000',840,,227605,15,,,1
63600,'636-Weekday-3-26-09-1111000',840,,227606,15,,,1
2000101,'001-Weekday-1-26-09-1111100',513,,243643,9,,,1,40,,243644,9,,,1,81,,243645,9,,,1,80,,243646,9,,,1,20,,243647,9,,,1,20,,243648,9,,,1,60,,243649,9,,,1,20,,243650,9,,,1,22,,243682,9,,,1,62,,243651,9,,,1,30,,243652,9,,,1,70,,243653,9,,,1,30,,243654,9,,,1,70,,243655,9,,,1,30,,243656,9,,,1,70,,243657,9,,,1,30,,243658,9,,,1,70,,243659,9,,,1,30,,243660,9,,,1,70,,243661,9,,,1,30,,243662,9,,,1,66,,243663,9,,,1,25,,243664,9,,,1,20,,243665,9,,,1,60,,243666,9,,,1,20,,243667,9,,,1,63,,243681,9,,,1,27,,243668,9,,,1,30,,243669,9,,,1,70,,243670,9,,,1,29,,243671,9,,,1,70,,243672,9,,,1,30,,243673,9,,,1,70,,243674,9,,,1,30,,243675,9,,,1,70,,243676,9,,,1,30,,243677,9,,,1,71,,243678,9,,,1,80,,243679,9,,,1,40,,243680,9,,,1
2000101,'001-Weekday-2-26-09-1111100',513,,243684,9,,,1,40,,243685,9,,,1,81,,243686,9,,,1,80,,243687,9,,,1,20,,243688,9,,,1,20,,243689,9,,,1,60,,243690,9,,,1,20,,243691,9,,,1,22,,243723,9,,,1,62,,243692,9,,,1,30,,243693,9,,,1,70,,243694,9,,,1,30,,243695,9,,,1,70,,243696,9,,,1,30,,243697,9,,,1,70,,243698,9,,,1,30,,243699,9,,,1,70,,243700,9,,,1,30,,243701,9,,,1,70,,243702,9,,,1,30,,243703,9,,,1,66,,243704,9,,,1,25,,243705,9,,,1,20,,243706,9,,,1,60,,243707,9,,,1,20,,243708,9,,,1,63,,243722,9,,,1,27,,243709,9,,,1,30,,243710,9,,,1,70,,243711,9,,,1,29,,243712,9,,,1,70,,243713,9,,,1,30,,243714,9,,,1,70,,243715,9,,,1,30,,243716,9,,,1,70,,243717,9,,,1,30,,243718,9,,,1,71,,243719,9,,,1,80,,243720,9,,,1,40,,243721,9,,,1
2000101,'001-Weekday-4-26-09-1111100',513,,243725,9,,,1,40,,243726,9,,,1,81,,243727,9,,,1,80,,243728,9,,,1,20,,243729,9,,,1,20,,243730,9,,,1,60,,243731,9,,,1,20,,243732,9,,,1,22,,243764,9,,,1,62,,243733,9,,,1,30,,243734,9,,,1,70,,243735,9,,,1,30,,243736,9,,,1,70,,243737,9,,,1,30,,243738,9,,,1,70,,243739,9,,,1,30,,243740,9,,,1,70,,243741,9,,,1,30,,243742,9,,,1,70,,243743,9,,,1,30,,243744,9,,,1,66,,243745,9,,,1,25,,243746,9,,,1,20,,243747,9,,,1,60,,243748,9,,,1,20,,243749,9,,,1,63,,243763,9,,,1,27,,243750,9,,,1,30,,243751,9,,,1,70,,243752,9,,,1,29,,243753,9,,,1,70,,243754,9,,,1,30,,243755,9,,,1,70,,243756,9,,,1,30,,243757,9,,,1,70,,243758,9,,,1,30,,243759,9,,,1,71,,243760,9,,,1,80,,243761,9,,,1,40,,243762,9,,,1
2000101,'001-Saturday-1-26-09-0000010',559,,243765,9,,,1,80,,243766,9,,,1,80,,243767,9,,,1,35,,243768,9,,,1,70,,243769,9,,,1,29,,243770,9,,,1,68,,243771,9,,,1,30,,243772,9,,,1,70,,243773,9,,,1,30,,243774,9,,,1,70,,243775,9,,,1,30,,243776,9,,,1,70,,243777,9,,,1,30,,243778,9,,,1,70,,243779,9,,,1,30,,243780,9,,,1,70,,243781,9,,,1,30,,243782,9,,,1,70,,243783,9,,,1,30,,243784,9,,,1,70,,243785,9,,,1,31,,243786,9,,,1,72,,243787,9,,,1,30,,243788,9,,,1,70,,243789,9,,,1,30,,243790,9,,,1,70,,243791,9,,,1,30,,243792,9,,,1,70,,243793,9,,,1,30,,243794,9,,,1,70,,243795,9,,,1,30,,243796,9,,,1,70,,243797,9,,,1,35,,243798,9,,,1,80,,243799,9,,,1
2000101,'001-Sunday-1-26-09-0000001',538,,243800,9,,,1,80,,243801,9,,,1,40,,243802,9,,,1,80,,243803,9,,,1,80,,243804,9,,,1,38,,243805,9,,,1,79,,243806,9,,,1,75,,243807,9,,,1,30,,243808,9,,,1,70,,243809,9,,,1,30,,243810,9,,,1,70,,243811,9,,,1,30,,243812,9,,,1,70,,243813,9,,,1,30,,243814,9,,,1,70,,243815,9,,,1,30,,243816,9,,,1,70,,243817,9,,,1,30,,243818,9,,,1,70,,243819,9,,,1,30,,243820,9,,,1,73,,243821,9,,,1,30,,243822,9,,,1,70,,243823,9,,,1,28,,243824,9,,,1,80,,243825,9,,,1,80,,243826,9,,,1,40,,243827,9,,,1,80,,243828,9,,,1,80,,243829,9,,,1,40,,243830,9,,,1,80,,243831,9,,,1
