400,'004-Weekday-1-26-02-1111100',523,,930,,,1,16,,931,,,1,15,,932,,,1,55,,933,,,1,15,,934,,,1,18,,967,,,1,62,,968,,,1,22,,969,,,1,19,,1006,,,1,12,,1007,,,1,50,,976,,,1,10,,1005,,,1,10,,1004,,,1,10,,1003,,,1,10,,1002,,,1,10,,1024,,,1,49,,1023,,,1,10,,1025,,,1,12,,992,,,1,9,,1028,,,1,7,,1029,,,1,10,,977,,,1,51,,1027,,,1,12,,978,,,1,12,,966,,,1,12,,935,,,1,12,,936,,,1,52,,937,,,1,12,,938,,,1,12,,939,,,1,12,,940,,,1,12,,941,,,1,52,,942,,,1,12,,943,,,1,12,,944,,,1,12,,945,,,1,12,,946,,,1,52,,970,,,1,12,,971,,,1,12,,972,,,1,12,,973,,,1,12,,974,,,1,52,,975,,,1,12,,995,,,1,12,,996,,,1,12,,997,,,1,12,,998,,,1,54,,999,,,1,14,,1000,,,1,13,,1001,,,1,10,,1008,,,1,11,,1009,,,1,50,,1010,,,1,10,,1011,,,1,10,,1012,,,1,10,,1013,,,1,10,,1014,,,1,10,,1015,,,1,50,,1016,,,1,10,,1017,,,1,10,,1018,,,1,10,,1019,,,1,10,,1020,,,1,10,,1021,,,1,50,,1022,,,1,10,,979,,,1,10,,980,,,1,8,,993,,,1,9,,994,,,1,10,,981,,,1,52,,965,,,1,12,,982,,,1,13,,983,,,1,11,,984,,,1,15,,985,,,1,55,,986,,,1,15,,987,,,1,15,,988,,,1,15,,989,,,1,55,,947,,,1,15,,991,,,1,15,,948,,,1,15,,949,,,1,55,,950,,,1,12,,951,,,1,13,,952,,,1,11,,953,,,1,54,,954,,,1,19,,955,,,1,20,,956,,,1,20,,957,,,1,58,,958,,,1,18,,1026,,,1,19,,959,,,1,67,,960,,,1,30,,961,,,1,70,,962,,,1,30,,963,,,1,70,,964,,,1,30,,990,,,1
400,'004-Saturday-1-26-02-0000010',619,,1166,,,1,20,,1055,,,1,20,,1056,,,1,60,,1057,,,1,20,,1058,,,1,20,,1059,,,1,60,,1060,,,1,20,,1061,,,1,15,,1062,,,1,56,,1063,,,1,21,,1064,,,1,16,,1065,,,1,57,,1066,,,1,19,,1067,,,1,15,,1068,,,1,15,,1069,,,1,55,,1070,,,1,15,,1071,,,1,15,,1072,,,1,15,,1073,,,1,55,,1074,,,1,15,,1075,,,1,15,,1076,,,1,15,,1077,,,1,55,,1078,,,1,15,,1079,,,1,15,,1080,,,1,15,,1081,,,1,55,,1083,,,1,15,,1085,,,1,15,,1087,,,1,15,,1089,,,1,55,,1091,,,1,15,,1093,,,1,15,,1095,,,1,15,,1097,,,1,55,,1099,,,1,15,,1101,,,1,15,,1103,,,1,15,,1105,,,1,55,,1107,,,1,14,,1109,,,1,15,,1111,,,1,15,,1113,,,1,54,,1115,,,1,14,,1118,,,1,15,,1054,,,1,15,,1117,,,1,55,,1122,,,1,15,,1124,,,1,15,,1126,,,1,15,,1128,,,1,55,,1130,,,1,15,,1132,,,1,15,,1134,,,1,15,,1136,,,1,55,,1138,,,1,15,,1140,,,1,15,,1142,,,1,15,,1144,,,1,55,,1146,,,1,15,,1148,,,1,15,,1150,,,1,15,,1153,,,1,55,,1154,,,1,15,,1155,,,1,20,,1152,,,1,60,,1156,,,1,16,,1157,,,1,15,,1158,,,1,19,,1159,,,1,68,,1160,,,1,30,,1161,,,1,70,,1162,,,1,30,,1163,,,1,70,,1164,,,1,30,,1165,,,1
5300,'053-Weekday-1-26-02-1111100',544,,3545,,,1,70,,3546,,,1,36,,3547,,,1,56,,3575,,,1,15,,3548,,,1,15,,3576,,,1,15,,3549,,,1,55,,3550,,,1,15,,3581,,,1,15,,3582,,,1,15,,3551,,,1,72,,3587,,,1,28,,3552,,,1,70,,3553,,,1,30,,3554,,,1,70,,3555,,,1,30,,3556,,,1,70,,3557,,,1,30,,3558,,,1,70,,3559,,,1,30,,3560,,,1,70,,3561,,,1,29,,3562,,,1,60,,3579,,,1,20,,3563,,,1,19,,3580,,,1,55,,3564,,,1,15,,3577,,,1,15,,3578,,,1,15,,3565,,,1,55,,3583,,,1,15,,3584,,,1,15,,3566,,,1,15,,3588,,,1,55,,3589,,,1,28,,3567,,,1,23,,3568,,,1,67,,3569,,,1,27,,3570,,,1,70,,3571,,,1,30,,3572,,,1,70,,3573,,,1,30,,3574,,,1,69,,3590,,,1,92,,3585,,,1,100,,3586,,,1
5300,'053-Saturday-1-26-02-0000010',618,,3591,,,1,100,,3592,,,1,100,,3593,,,1,92,,3594,,,1,30,,3595,,,1,70,,3596,,,1,30,,3597,,,1,70,,3598,,,1,30,,3599,,,1,70,,3600,,,1,30,,3601,,,1,70,,3602,,,1,30,,3603,,,1,70,,3604,,,1,30,,3605,,,1,70,,3606,,,1,30,,3607,,,1,70,,3608,,,1,30,,3609,,,1,70,,3610,,,1,30,,3611,,,1,70,,3612,,,1,30,,3613,,,1,70,,3614,,,1,30,,3615,,,1,79,,3616,,,1,100,,3617,,,1,100,,3618,,,1,100,,3619,,,1
50100,'501-Weekday-1-26-02-1111100',554,,7258,,,1,70,,7259,,,1,35,,7260,,,1,70,,7261,,,1,15,,7262,,,1,15,,7295,,,1,55,,7263,,,1,15,,7265,,,1,15,,7264,,,1,15,,7267,,,1,73,,7268,,,1,74,,7269,,,1,34,,7270,,,1,74,,7271,,,1,34,,7272,,,1,74,,7273,,,1,34,,7274,,,1,74,,7275,,,1,74,,7276,,,1,34,,7294,,,1,76,,7299,,,1,17,,7296,,,1,15,,7277,,,1,55,,7278,,,1,15,,7279,,,1,15,,7297,,,1,15,,7281,,,1,55,,7280,,,1,15,,7282,,,1,15,,7298,,,1,15,,7285,,,1,55,,7284,,,1,30,,7286,,,1,26,,7287,,,1,71,,7288,,,1,31,,7289,,,1,71,,7290,,,1,71,,7291,,,1,31,,7292,,,1,70,,7293,,,1,57,,7283,,,1,100,,7266,,,1
50100,'501-Saturday-1-26-02-0000010',624,,7323,,,1,30,,7324,,,1,70,,7325,,,1,30,,7300,,,1,70,,7301,,,1,30,,7302,,,1,72,,7303,,,1,32,,7304,,,1,72,,7305,,,1,72,,7306,,,1,32,,7307,,,1,72,,7308,,,1,32,,7309,,,1,72,,7310,,,1,32,,7311,,,1,72,,7312,,,1,32,,7313,,,1,72,,7314,,,1,32,,7315,,,1,72,,7316,,,1,32,,7317,,,1,72,,7318,,,1,32,,7319,,,1,72,,7320,,,1,72,,7321,,,1,32,,7322,,,1
63300,'633-Weekday-1-26-02-0001000',1216,,10060,,,1,2,,10061,,,1,2,,10062,,,1,2,,10063,,,1
63300,'633-Weekday-1-26-02-1110100',1516,,10064,,,1,2,,10065,,,1,2,,10066,,,1,2,,10067,,,1
63500,'635-Weekday-1-26-02-0000100',954,,10080,,,1
63500,'635-Weekday-1-26-02-1111000',824,,10081,,,1
