50101,'501-Weekday-1-26-09-0001000',1423,,221377,11,,,1
50101,'501-Weekday-1-26-09-1110100',1513,,221378,11,,,1
50101,'501-Weekday-1-26-09-1111100',606,,221379,11,,,1,31,,221380,11,,,1,76,,221381,11,,,1,15,,221382,11,,,1,15,,221407,11,,,1,15,,221383,11,,,1,55,,221384,11,,,1,15,,221385,11,,,1,15,,221421,11,,,1,15,,221422,11,,,1,55,,221387,11,,,1,32,,221388,11,,,1,74,,221389,11,,,1,34,,221390,11,,,1,74,,221391,11,,,1,74,,221392,11,,,1,34,,221409,11,,,1,74,,221393,11,,,1,34,,221394,11,,,1,74,,221395,11,,,1,34,,221396,11,,,1,63,,221408,11,,,1,15,,221386,11,,,1,15,,221411,11,,,1,57,,221412,11,,,1,15,,221413,11,,,1,15,,221414,11,,,1,15,,221415,11,,,1,55,,221416,11,,,1,15,,221417,11,,,1,15,,221397,11,,,1,15,,221398,11,,,1,55,,221418,11,,,1,15,,221419,11,,,1,26,,221420,11,,,1,66,,221399,11,,,1,31,,221400,11,,,1,71,,221401,11,,,1,31,,221402,11,,,1,71,,221403,11,,,1,31,,221404,11,,,1,69,,221410,11,,,1,100,,221406,11,,,1,100,,221405,11,,,1
50101,'501-Weekday-2-26-09-1110100',1513,,221423,11,,,1
50101,'501-Weekday-2-26-09-1111100',606,,221424,11,,,1,31,,221425,11,,,1,76,,221426,11,,,1,15,,221427,11,,,1,15,,221452,11,,,1,15,,221428,11,,,1,55,,221429,11,,,1,15,,221430,11,,,1,15,,221466,11,,,1,15,,221467,11,,,1,55,,221432,11,,,1,32,,221433,11,,,1,74,,221434,11,,,1,34,,221435,11,,,1,74,,221436,11,,,1,74,,221437,11,,,1,34,,221454,11,,,1,74,,221438,11,,,1,34,,221439,11,,,1,74,,221440,11,,,1,34,,221441,11,,,1,63,,221453,11,,,1,15,,221431,11,,,1,15,,221456,11,,,1,57,,221457,11,,,1,15,,221458,11,,,1,15,,221459,11,,,1,15,,221460,11,,,1,55,,221461,11,,,1,15,,221462,11,,,1,15,,221442,11,,,1,15,,221443,11,,,1,55,,221463,11,,,1,15,,221464,11,,,1,26,,221465,11,,,1,66,,221444,11,,,1,31,,221445,11,,,1,71,,221446,11,,,1,31,,221447,11,,,1,71,,221448,11,,,1,31,,221449,11,,,1,69,,221455,11,,,1,100,,221451,11,,,1,100,,221450,11,,,1
50101,'501-Weekday-4-26-09-1111100',606,,221468,11,,,1,31,,221469,11,,,1,76,,221470,11,,,1,15,,221471,11,,,1,15,,221496,11,,,1,15,,221472,11,,,1,55,,221473,11,,,1,15,,221474,11,,,1,15,,221510,11,,,1,15,,221511,11,,,1,55,,221476,11,,,1,32,,221477,11,,,1,74,,221478,11,,,1,34,,221479,11,,,1,74,,221480,11,,,1,74,,221481,11,,,1,34,,221498,11,,,1,74,,221482,11,,,1,34,,221483,11,,,1,74,,221484,11,,,1,34,,221485,11,,,1,63,,221497,11,,,1,15,,221475,11,,,1,15,,221500,11,,,1,57,,221501,11,,,1,15,,221502,11,,,1,15,,221503,11,,,1,15,,221504,11,,,1,55,,221505,11,,,1,15,,221506,11,,,1,15,,221486,11,,,1,15,,221487,11,,,1,55,,221507,11,,,1,15,,221508,11,,,1,26,,221509,11,,,1,66,,221488,11,,,1,31,,221489,11,,,1,71,,221490,11,,,1,31,,221491,11,,,1,71,,221492,11,,,1,31,,221493,11,,,1,69,,221499,11,,,1,100,,221495,11,,,1,100,,221494,11,,,1
50101,'501-Saturday-1-26-09-0000010',634,,221534,11,,,1,100,,221535,11,,,1,70,,221512,11,,,1,30,,221513,11,,,1,71,,221514,11,,,1,32,,221515,11,,,1,72,,221516,11,,,1,32,,221517,11,,,1,72,,221518,11,,,1,32,,221519,11,,,1,72,,221520,11,,,1,32,,221521,11,,,1,72,,221522,11,,,1,32,,221523,11,,,1,72,,221524,11,,,1,32,,221525,11,,,1,72,,221526,11,,,1,72,,221527,11,,,1,32,,221528,11,,,1,72,,221529,11,,,1,32,,221530,11,,,1,72,,221532,11,,,1,32,,221531,11,,,1,72,,221533,11,,,1
50101,'501-Sunday-1-26-09-0000001',643,,221557,11,,,1,100,,221558,11,,,1,100,,221536,11,,,1,101,,221537,11,,,1,70,,221538,11,,,1,30,,221539,11,,,1,70,,221540,11,,,1,30,,221541,11,,,1,70,,221542,11,,,1,30,,221543,11,,,1,70,,221544,11,,,1,30,,221545,11,,,1,70,,221546,11,,,1,30,,221547,11,,,1,70,,221548,11,,,1,30,,221549,11,,,1,70,,221550,11,,,1,30,,221551,11,,,1,70,,221552,11,,,1,30,,221553,11,,,1,70,,221554,11,,,1,30,,221555,11,,,1,70,,221556,11,,,1
63601,'636-Weekday-1-26-09-1111100',1545,,227607,5,,,1,2,,227608,5,,,1
63601,'636-Weekday-3-26-09-1111100',1545,,227609,5,,,1,2,,227610,5,,,1
