63000,'630-Weekday-1-26-09-1111100',810,,227570,49,4,,1
63000,'630-Weekday-3-26-09-1111100',810,,227571,49,4,,1
63001,'630-Weekday-1-26-09-1110100',1521,3,227572,1,,,1
63001,'630-Weekday-3-26-09-1110100',1521,3,227573,1,,,1
63100,'631-Weekday-1-26-09-1111100',810,,227574,43,4,,1
63100,'631-Weekday-3-26-09-1111100',810,,227575,43,4,,1
63101,'631-Weekday-1-26-09-0001000',1219,3,227576,1,,,1
63101,'631-Weekday-1-26-09-1110100',1522,3,227577,1,,,1
63101,'631-Weekday-3-26-09-1110100',1522,3,227578,1,,,1
63300,'633-Weekday-1-26-09-0001000',1214,3,227579,1,,,1,2,3,227580,1,,,1,2,3,227581,1,,,1
63300,'633-Weekday-1-26-09-1110100',1514,3,227585,1,,,1,2,3,227582,1,,,1,2,3,227583,1,,,1,3,3,227584,1,,,1
63301,'633-Weekday-1-26-09-1111100',756,,227586,28,4,,1,46,,227587,28,4,,1,4,,227588,28,4,,1,4,,227589,28,4,,1
