68400,'684-Weekday-1-26-09-0001000',1244,,227886,5,0,29 30,1,3,,227887,5,,,1
68400,'684-Weekday-1-26-09-1110100',1544,,227889,5,0,29 30,1,3,,227888,5,,,1
68400,'684-Weekday-1-26-09-1111100',1530,,227890,9,0,29 30,1,5,,227891,9,,,1
68400,'684-Weekday-3-26-09-1111100',1530,,227892,9,0,29 30,1,5,,227893,9,,,1
90300,'903-Weekday-1-26-09-1111100',522,,236928,19,,,1,30,,236929,19,,,1,70,,236930,19,,,1,23,,236931,19,,,1,63,,236932,19,,,1,22,,236933,19,,,1,20,,236934,19,,,1,60,,236935,19,,,1,20,,236936,19,,,1,20,,236937,19,,,1,60,,236938,19,,,1,20,,236939,19,,,1,19,,236940,19,,,1,60,,236941,19,,,1,20,,236942,19,,,1,20,,236943,19,,,1,60,,236944,19,,,1,20,,236945,19,,,1,20,,236946,19,,,1,60,,236947,19,,,1,20,,236948,19,,,1,20,,236949,19,,,1,60,,236950,19,,,1,20,,236951,19,,,1,20,,236952,19,,,1,60,,236953,19,,,1,20,,236954,19,,,1,20,,236955,19,,,1,61,,236956,19,,,1,16,,236957,19,,,1,17,,236958,19,,,1,15,,236959,19,,,1,55,,236960,19,,,1,15,,236961,19,,,1,15,,236962,19,,,1,15,,236963,19,,,1,55,,236964,19,,,1,15,,236968,19,,,1,15,,236969,19,,,1,63,,236965,19,,,1,23,,236966,19,,,1,21,,236967,19,,,1,65,,236976,19,,,1,30,,236977,19,,,1,70,,236972,19,,,1,30,,236973,19,,,1,70,,236974,19,,,1,99,,236975,19,,,1,100,,236971,19,,,1,100,,236970,19,,,1,100,,236978,19,,,1
90300,'903-Weekday-2-26-09-1111100',522,,236979,19,,,1,30,,236980,19,,,1,70,,236981,19,,,1,23,,236982,19,,,1,63,,236983,19,,,1,22,,236984,19,,,1,20,,236985,19,,,1,60,,236986,19,,,1,20,,236987,19,,,1,20,,236988,19,,,1,60,,236989,19,,,1,20,,236990,19,,,1,19,,236991,19,,,1,60,,236992,19,,,1,20,,236993,19,,,1,20,,236994,19,,,1,60,,236995,19,,,1,20,,236996,19,,,1,20,,236997,19,,,1,60,,236998,19,,,1,20,,236999,19,,,1,20,,237000,19,,,1,60,,237001,19,,,1,20,,237002,19,,,1,20,,237003,19,,,1,60,,237004,19,,,1,20,,237005,19,,,1,20,,237006,19,,,1,61,,237007,19,,,1,16,,237008,19,,,1,17,,237009,19,,,1,15,,237010,19,,,1,55,,237011,19,,,1,15,,237012,19,,,1,15,,237013,19,,,1,15,,237014,19,,,1,55,,237015,19,,,1,15,,237019,19,,,1,15,,237020,19,,,1,63,,237016,19,,,1,23,,237017,19,,,1,21,,237018,19,,,1,65,,237027,19,,,1,30,,237028,19,,,1,70,,237023,19,,,1,30,,237024,19,,,1,70,,237025,19,,,1,99,,237026,19,,,1,100,,237022,19,,,1,100,,237021,19,,,1,100,,237029,19,,,1
90300,'903-Weekday-4-26-09-1111100',522,,237030,19,,,1,30,,237031,19,,,1,70,,237032,19,,,1,23,,237033,19,,,1,63,,237034,19,,,1,22,,237035,19,,,1,20,,237036,19,,,1,60,,237037,19,,,1,20,,237038,19,,,1,20,,237039,19,,,1,60,,237040,19,,,1,20,,237041,19,,,1,19,,237042,19,,,1,60,,237043,19,,,1,20,,237044,19,,,1,20,,237045,19,,,1,60,,237046,19,,,1,20,,237047,19,,,1,20,,237048,19,,,1,60,,237049,19,,,1,20,,237050,19,,,1,20,,237051,19,,,1,60,,237052,19,,,1,20,,237053,19,,,1,20,,237054,19,,,1,60,,237055,19,,,1,20,,237056,19,,,1,20,,237057,19,,,1,61,,237058,19,,,1,16,,237059,19,,,1,17,,237060,19,,,1,15,,237061,19,,,1,55,,237062,19,,,1,15,,237063,19,,,1,15,,237064,19,,,1,15,,237065,19,,,1,55,,237066,19,,,1,15,,237070,19,,,1,15,,237071,19,,,1,63,,237067,19,,,1,23,,237068,19,,,1,21,,237069,19,,,1,65,,237078,19,,,1,30,,237079,19,,,1,70,,237074,19,,,1,30,,237075,19,,,1,70,,237076,19,,,1,99,,237077,19,,,1,100,,237073,19,,,1,100,,237072,19,,,1,100,,237080,19,,,1
90300,'903-Saturday-1-26-09-0000010',555,,237090,19,,,1,100,,237091,19,,,1,89,,237089,19,,,1,70,,237092,19,,,1,20,,237093,19,,,1,20,,237086,19,,,1,60,,237094,19,,,1,20,,237095,19,,,1,20,,237096,19,,,1,60,,237097,19,,,1,20,,237098,19,,,1,20,,237099,19,,,1,60,,237100,19,,,1,20,,237101,19,,,1,20,,237102,19,,,1,60,,237103,19,,,1,20,,237104,19,,,1,20,,237105,19,,,1,60,,237106,19,,,1,20,,237107,19,,,1,20,,237108,19,,,1,60,,237109,19,,,1,20,,237110,19,,,1,20,,237111,19,,,1,60,,237112,19,,,1,20,,237113,19,,,1,20,,237114,19,,,1,60,,237115,19,,,1,20,,237116,19,,,1,20,,237117,19,,,1,60,,237118,19,,,1,20,,237119,19,,,1,20,,237084,19,,,1,60,,237081,19,,,1,20,,237085,19,,,1,20,,237087,19,,,1,60,,237088,19,,,1,30,,237120,19,,,1,70,,237121,19,,,1,30,,237122,19,,,1,70,,237082,19,,,1,30,,237083,19,,,1,100,,237123,19,,,1,100,,237124,19,,,1
90300,'903-Sunday-1-26-09-0000001',612,,237127,19,,,1,96,,237128,19,,,1,100,,237129,19,,,1,98,,237130,19,,,1,31,,237131,19,,,1,70,,237132,19,,,1,30,,237133,19,,,1,70,,237134,19,,,1,30,,237135,19,,,1,70,,237136,19,,,1,30,,237137,19,,,1,70,,237138,19,,,1,30,,237139,19,,,1,70,,237140,19,,,1,30,,237141,19,,,1,70,,237142,19,,,1,30,,237143,19,,,1,70,,237144,19,,,1,30,,237145,19,,,1,70,,237146,19,,,1,29,,237147,19,,,1,70,,237148,19,,,1,30,,237149,19,,,1,70,,237150,19,,,1,30,,237151,19,,,1,70,,237152,19,,,1,30,,237153,19,,,1,70,,237154,19,,,1,30,,237155,19,,,1,72,,237156,19,,,1,102,,237125,19,,,1,100,,237126,19,,,1
90700,'907-Weekday-1-26-09-1111100',553,,237900,42,,,1,70,,237901,42,,,1,35,,237902,42,,,1,55,,237903,42,,,1,15,,237904,42,,,1,15,,237905,42,,,1,15,,237906,42,,,1,55,,237907,42,,,1,15,,237908,42,,,1,15,,237909,42,,,1,15,,237910,42,,,1,67,,237911,42,,,1,30,,237912,42,,,1,70,,237913,42,,,1,30,,237914,42,,,1,70,,237915,42,,,1,30,,237916,42,,,1,70,,237917,42,,,1,30,,237918,42,,,1,70,,237919,42,,,1,30,,237920,42,,,1,70,,237921,42,,,1,30,,237922,42,,,1,75,,237923,42,,,1,70,,237924,42,,,1,15,,237925,42,,,1,15,,237926,42,,,1,15,,237927,42,,,1,55,,237928,42,,,1,15,,237929,42,,,1,15,,237930,42,,,1,15,,237931,42,,,1,55,,237932,42,,,1,29,,237933,42,,,1,24,,237934,42,,,1,70,,237935,42,,,1,30,,237936,42,,,1,70,,237937,42,,,1,30,,237938,42,,,1,70,,237939,42,,,1,30,,237940,42,,,1,70,,237941,42,,,1,100,,237942,42,,,1,100,,237943,42,,,1
90700,'907-Weekday-2-26-09-1111100',553,,237944,42,,,1,70,,237945,42,,,1,35,,237946,42,,,1,55,,237947,42,,,1,15,,237948,42,,,1,15,,237949,42,,,1,15,,237950,42,,,1,55,,237951,42,,,1,15,,237952,42,,,1,15,,237953,42,,,1,15,,237954,42,,,1,67,,237955,42,,,1,30,,237956,42,,,1,70,,237957,42,,,1,30,,237958,42,,,1,70,,237959,42,,,1,30,,237960,42,,,1,70,,237961,42,,,1,30,,237962,42,,,1,70,,237963,42,,,1,30,,237964,42,,,1,70,,237965,42,,,1,30,,237966,42,,,1,75,,237967,42,,,1,70,,237968,42,,,1,15,,237969,42,,,1,15,,237970,42,,,1,15,,237971,42,,,1,55,,237972,42,,,1,15,,237973,42,,,1,15,,237974,42,,,1,15,,237975,42,,,1,55,,237976,42,,,1,29,,237977,42,,,1,24,,237978,42,,,1,70,,237979,42,,,1,30,,237980,42,,,1,70,,237981,42,,,1,30,,237982,42,,,1,70,,237983,42,,,1,30,,237984,42,,,1,70,,237985,42,,,1,100,,237986,42,,,1,100,,237987,42,,,1
90700,'907-Weekday-4-26-09-1111100',553,,237988,42,,,1,70,,237989,42,,,1,35,,237990,42,,,1,55,,237991,42,,,1,15,,237992,42,,,1,15,,237993,42,,,1,15,,237994,42,,,1,55,,237995,42,,,1,15,,237996,42,,,1,15,,237997,42,,,1,15,,237998,42,,,1,67,,237999,42,,,1,30,,238000,42,,,1,70,,238001,42,,,1,30,,238002,42,,,1,70,,238003,42,,,1,30,,238004,42,,,1,70,,238005,42,,,1,30,,238006,42,,,1,70,,238007,42,,,1,30,,238008,42,,,1,70,,238009,42,,,1,30,,238010,42,,,1,75,,238011,42,,,1,70,,238012,42,,,1,15,,238013,42,,,1,15,,238014,42,,,1,15,,238015,42,,,1,55,,238016,42,,,1,15,,238017,42,,,1,15,,238018,42,,,1,15,,238019,42,,,1,55,,238020,42,,,1,29,,238021,42,,,1,24,,238022,42,,,1,70,,238023,42,,,1,30,,238024,42,,,1,70,,238025,42,,,1,30,,238026,42,,,1,70,,238027,42,,,1,30,,238028,42,,,1,70,,238029,42,,,1,100,,238030,42,,,1,100,,238031,42,,,1
90700,'907-Saturday-1-26-09-0000010',722,,238032,42,,,1,100,,238033,42,,,1,30,,238038,42,,,1,75,,238039,42,,,1,30,,238040,42,,,1,70,,238041,42,,,1,30,,238042,42,,,1,70,,238043,42,,,1,30,,238044,42,,,1,72,,238045,42,,,1,30,,238046,42,,,1,70,,238047,42,,,1,30,,238048,42,,,1,70,,238049,42,,,1,30,,238050,42,,,1,70,,238051,42,,,1,30,,238052,42,,,1,70,,238053,42,,,1,30,,238054,42,,,1,69,,238055,42,,,1,30,,238056,42,,,1,70,,238057,42,,,1,30,,238058,42,,,1,68,,238034,42,,,1,100,,238035,42,,,1,100,,238036,42,,,1,100,,238037,42,,,1
90700,'907-Sunday-1-26-09-0000001',1030,,238059,42,,,1,70,,238060,42,,,1,30,,238061,42,,,1,70,,238062,42,,,1,30,,238063,42,,,1,70,,238064,42,,,1,30,,238065,42,,,1,70,,238066,42,,,1,30,,238067,42,,,1,70,,238068,42,,,1,30,,238069,42,,,1,70,,238070,42,,,1,30,,238071,42,,,1,70,,238072,42,,,1,28,,238073,42,,,1,30,,238074,42,,,1,70,,238075,42,,,1,30,,238076,42,,,1,70,,238077,42,,,1
