61000,'610-Weekday-1-26-02-0001000',1223,,9936,,,1,2,,9937,,,1,206,,9938,,,1,5,,9939,,,1
61000,'610-Weekday-1-26-02-1110100',1519,,9940,,,1,4,,9941,,,1,8,,9942,,,1,5,,9943,,,1
61000,'610-Weekday-2-26-02-0001000',1223,,61558,,,1,2,,61559,,,1,206,,61560,,,1,5,,61561,,,1
61000,'610-Weekday-2-26-02-1110100',1519,,61562,,,1,4,,61563,,,1,8,,61564,,,1,5,,61565,,,1
61000,'610-Weekday-4-26-02-1110100',1531,,61566,,,1,5,,61567,,,1
61000,'610-Weekday-5-26-02-0000100',1223,,61568,,,1,2,,61569,,,1
61000,'610-Weekday-5-26-02-0001000',1431,,61570,,,1,5,,61571,,,1
61000,'610-Weekday-5-26-02-1110100',1531,,61572,,,1,5,,61573,,,1
61000,'610-Weekday-5-26-02-1111000',1519,,61574,,,1,4,,61575,,,1
61000,'610-Weekday-6-26-02-1110100',1519,,61576,,,1,4,,61577,,,1
61000,'610-Weekday-8-26-02-1110100',1519,,61578,,,1,4,,61579,,,1
61200,'612-Weekday-1-26-02-0001000',1219,,9956,,,1
61200,'612-Weekday-1-26-02-1110100',1517,,9957,,,1
61200,'612-Weekday-2-26-02-0001000',1219,,61621,,,1
61200,'612-Weekday-2-26-02-1110100',1517,,61622,,,1
61200,'612-Weekday-5-26-02-0000100',1219,,61623,,,1
61200,'612-Weekday-5-26-02-1111000',1517,,61624,,,1
61200,'612-Weekday-6-26-02-1110100',1517,,61625,,,1
61200,'612-Weekday-8-26-02-1110100',1517,,61626,,,1
