52701,'527-Weekday-1-26-02-1111100',528,,9833,0,37 38,1,30,,9795,,,1,70,,9796,,,1,74,,9797,,,1,30,,9798,,,1,20,,9799,,,1,60,,9800,,,1,20,,9801,,,1,20,,9802,,,1,59,,9803,,,1,18,,9804,,,1,30,,9805,,,1,70,,9806,,,1,30,,9807,,,1,70,,9808,,,1,30,,9809,,,1,70,,9810,,,1,30,,9811,,,1,70,,9812,,,1,30,,9813,,,1,70,,9814,,,1,30,,9815,,,1,75,,9816,,,1,20,,9817,,,1,60,,9818,,,1,20,,9819,,,1,20,,9820,,,1,60,,9821,,,1,20,,9822,,,1,20,,9823,,,1,60,,9824,,,1,19,,9825,,,1,25,,9826,,,1,70,,9827,,,1,30,,9828,,,1,70,,9829,,,1,30,,9830,,,1,70,,9831,,,1,30,,9832,,,1
52701,'527-Weekday-2-26-02-1111100',528,,60845,0,37 38,1,30,,60807,,,1,70,,60808,,,1,74,,60809,,,1,30,,60810,,,1,20,,60811,,,1,60,,60812,,,1,20,,60813,,,1,20,,60814,,,1,59,,60815,,,1,18,,60816,,,1,30,,60817,,,1,70,,60818,,,1,30,,60819,,,1,70,,60820,,,1,30,,60821,,,1,70,,60822,,,1,30,,60823,,,1,70,,60824,,,1,30,,60825,,,1,70,,60826,,,1,30,,60827,,,1,75,,60828,,,1,20,,60829,,,1,60,,60830,,,1,20,,60831,,,1,20,,60832,,,1,60,,60833,,,1,20,,60834,,,1,20,,60835,,,1,60,,60836,,,1,19,,60837,,,1,25,,60838,,,1,70,,60839,,,1,30,,60840,,,1,70,,60841,,,1,30,,60842,,,1,70,,60843,,,1,30,,60844,,,1
52701,'527-Weekday-4-26-02-1111100',528,,60884,0,37 38,1,30,,60846,,,1,70,,60847,,,1,74,,60848,,,1,30,,60849,,,1,20,,60850,,,1,60,,60851,,,1,20,,60852,,,1,20,,60853,,,1,59,,60854,,,1,18,,60855,,,1,30,,60856,,,1,70,,60857,,,1,30,,60858,,,1,70,,60859,,,1,30,,60860,,,1,70,,60861,,,1,30,,60862,,,1,70,,60863,,,1,30,,60864,,,1,70,,60865,,,1,30,,60866,,,1,75,,60867,,,1,20,,60868,,,1,60,,60869,,,1,20,,60870,,,1,20,,60871,,,1,60,,60872,,,1,20,,60873,,,1,20,,60874,,,1,60,,60875,,,1,19,,60876,,,1,25,,60877,,,1,70,,60878,,,1,30,,60879,,,1,70,,60880,,,1,30,,60881,,,1,70,,60882,,,1,30,,60883,,,1
52701,'527-Weekday-5-26-02-1111100',528,,60923,0,37 38,1,30,,60885,,,1,70,,60886,,,1,74,,60887,,,1,30,,60888,,,1,20,,60889,,,1,60,,60890,,,1,20,,60891,,,1,20,,60892,,,1,59,,60893,,,1,18,,60894,,,1,30,,60895,,,1,70,,60896,,,1,30,,60897,,,1,70,,60898,,,1,30,,60899,,,1,70,,60900,,,1,30,,60901,,,1,70,,60902,,,1,30,,60903,,,1,70,,60904,,,1,30,,60905,,,1,75,,60906,,,1,20,,60907,,,1,60,,60908,,,1,20,,60909,,,1,20,,60910,,,1,60,,60911,,,1,20,,60912,,,1,20,,60913,,,1,60,,60914,,,1,19,,60915,,,1,25,,60916,,,1,70,,60917,,,1,30,,60918,,,1,70,,60919,,,1,30,,60920,,,1,70,,60921,,,1,30,,60922,,,1
52701,'527-Weekday-6-26-02-1111100',528,,60962,0,37 38,1,30,,60924,,,1,70,,60925,,,1,74,,60926,,,1,30,,60927,,,1,20,,60928,,,1,60,,60929,,,1,20,,60930,,,1,20,,60931,,,1,59,,60932,,,1,18,,60933,,,1,30,,60934,,,1,70,,60935,,,1,30,,60936,,,1,70,,60937,,,1,30,,60938,,,1,70,,60939,,,1,30,,60940,,,1,70,,60941,,,1,30,,60942,,,1,70,,60943,,,1,30,,60944,,,1,75,,60945,,,1,20,,60946,,,1,60,,60947,,,1,20,,60948,,,1,20,,60949,,,1,60,,60950,,,1,20,,60951,,,1,20,,60952,,,1,60,,60953,,,1,19,,60954,,,1,25,,60955,,,1,70,,60956,,,1,30,,60957,,,1,70,,60958,,,1,30,,60959,,,1,70,,60960,,,1,30,,60961,,,1
52701,'527-Weekday-7-26-02-1111100',528,,61001,0,37 38,1,30,,60963,,,1,70,,60964,,,1,74,,60965,,,1,30,,60966,,,1,20,,60967,,,1,60,,60968,,,1,20,,60969,,,1,20,,60970,,,1,59,,60971,,,1,18,,60972,,,1,30,,60973,,,1,70,,60974,,,1,30,,60975,,,1,70,,60976,,,1,30,,60977,,,1,70,,60978,,,1,30,,60979,,,1,70,,60980,,,1,30,,60981,,,1,70,,60982,,,1,30,,60983,,,1,75,,60984,,,1,20,,60985,,,1,60,,60986,,,1,20,,60987,,,1,20,,60988,,,1,60,,60989,,,1,20,,60990,,,1,20,,60991,,,1,60,,60992,,,1,19,,60993,,,1,25,,60994,,,1,70,,60995,,,1,30,,60996,,,1,70,,60997,,,1,30,,60998,,,1,70,,60999,,,1,30,,61000,,,1
52701,'527-Weekday-8-26-02-1111100',528,,61040,0,37 38,1,30,,61002,,,1,70,,61003,,,1,74,,61004,,,1,30,,61005,,,1,20,,61006,,,1,60,,61007,,,1,20,,61008,,,1,20,,61009,,,1,59,,61010,,,1,18,,61011,,,1,30,,61012,,,1,70,,61013,,,1,30,,61014,,,1,70,,61015,,,1,30,,61016,,,1,70,,61017,,,1,30,,61018,,,1,70,,61019,,,1,30,,61020,,,1,70,,61021,,,1,30,,61022,,,1,75,,61023,,,1,20,,61024,,,1,60,,61025,,,1,20,,61026,,,1,20,,61027,,,1,60,,61028,,,1,20,,61029,,,1,20,,61030,,,1,60,,61031,,,1,19,,61032,,,1,25,,61033,,,1,70,,61034,,,1,30,,61035,,,1,70,,61036,,,1,30,,61037,,,1,70,,61038,,,1,30,,61039,,,1
52701,'527-Weekday-9-26-02-1111100',528,,61079,0,37 38,1,30,,61041,,,1,70,,61042,,,1,74,,61043,,,1,30,,61044,,,1,20,,61045,,,1,60,,61046,,,1,20,,61047,,,1,20,,61048,,,1,59,,61049,,,1,18,,61050,,,1,30,,61051,,,1,70,,61052,,,1,30,,61053,,,1,70,,61054,,,1,30,,61055,,,1,70,,61056,,,1,30,,61057,,,1,70,,61058,,,1,30,,61059,,,1,70,,61060,,,1,30,,61061,,,1,75,,61062,,,1,20,,61063,,,1,60,,61064,,,1,20,,61065,,,1,20,,61066,,,1,60,,61067,,,1,20,,61068,,,1,20,,61069,,,1,60,,61070,,,1,19,,61071,,,1,25,,61072,,,1,70,,61073,,,1,30,,61074,,,1,70,,61075,,,1,30,,61076,,,1,70,,61077,,,1,30,,61078,,,1
52701,'527-Saturday-1-26-02-0000010',633,,9834,,,1,100,,9835,,,1,100,,9836,,,1,71,,9837,,,1,31,,9838,,,1,70,,9839,,,1,30,,9840,,,1,70,,9841,,,1,30,,9842,,,1,70,,9843,,,1,30,,9844,,,1,70,,9845,,,1,30,,9846,,,1,70,,9847,,,1,30,,9848,,,1,70,,9849,,,1,30,,9850,,,1,70,,9851,,,1,30,,9852,,,1,70,,9853,,,1,29,,9854,,,1,70,,9855,,,1,30,,9856,,,1,70,,9857,,,1
52701,'527-Sunday-1-26-02-0000001',1039,,61080,,,1,70,,61081,,,1,30,,61082,,,1,70,,61083,,,1,30,,61084,,,1,70,,61085,,,1,30,,61086,,,1,70,,61087,,,1,30,,61088,,,1,70,,61089,,,1,30,,61090,,,1,70,,61091,,,1,30,,61092,,,1,70,,61093,,,1,30,,61094,,,1,70,,61095,,,1,30,,61096,,,1,70,,61097,,,1
