50601,'506-Weekday-1-26-09-1111100',536,,222159,19,,,1,69,,222120,19,,,1,30,,222121,19,,,1,73,,222122,19,,,1,16,,222123,19,,,1,15,,222160,19,,,1,15,,222124,19,,,1,55,,222125,19,,,1,15,,222126,19,,,1,15,,222162,19,,,1,15,,222163,19,,,1,55,,222127,19,,,1,29,,222128,19,,,1,70,,222129,19,,,1,30,,222130,19,,,1,70,,222131,19,,,1,30,,222132,19,,,1,70,,222133,19,,,1,30,,222134,19,,,1,70,,222135,19,,,1,30,,222136,19,,,1,70,,222137,19,,,1,30,,222138,19,,,1,72,,222139,19,,,1,35,,222140,19,,,1,70,,222141,19,,,1,15,,222142,19,,,1,15,,222161,19,,,1,55,,222143,19,,,1,15,,222144,19,,,1,15,,222145,19,,,1,15,,222164,19,,,1,55,,222165,19,,,1,15,,222146,19,,,1,28,,222147,19,,,1,65,,222148,19,,,1,29,,222149,19,,,1,70,,222150,19,,,1,30,,222151,19,,,1,70,,222152,19,,,1,30,,222153,19,,,1,69,,222154,19,,,1,28,,222155,19,,,1,69,,222156,19,,,1,100,,222157,19,,,1
50601,'506-Weekday-2-26-09-1111100',536,,222207,19,,,1,69,,222168,19,,,1,30,,222169,19,,,1,73,,222170,19,,,1,16,,222171,19,,,1,15,,222208,19,,,1,15,,222172,19,,,1,55,,222173,19,,,1,15,,222174,19,,,1,15,,222210,19,,,1,15,,222211,19,,,1,55,,222175,19,,,1,29,,222176,19,,,1,70,,222177,19,,,1,30,,222178,19,,,1,70,,222179,19,,,1,30,,222180,19,,,1,70,,222181,19,,,1,30,,222182,19,,,1,70,,222183,19,,,1,30,,222184,19,,,1,70,,222185,19,,,1,30,,222186,19,,,1,72,,222187,19,,,1,35,,222188,19,,,1,70,,222189,19,,,1,15,,222190,19,,,1,15,,222209,19,,,1,55,,222191,19,,,1,15,,222192,19,,,1,15,,222193,19,,,1,15,,222212,19,,,1,55,,222213,19,,,1,15,,222194,19,,,1,28,,222195,19,,,1,65,,222196,19,,,1,29,,222197,19,,,1,70,,222198,19,,,1,30,,222199,19,,,1,70,,222200,19,,,1,30,,222201,19,,,1,69,,222202,19,,,1,28,,222203,19,,,1,69,,222204,19,,,1,100,,222205,19,,,1
50601,'506-Weekday-4-26-09-1111100',536,,222255,19,,,1,69,,222216,19,,,1,30,,222217,19,,,1,73,,222218,19,,,1,16,,222219,19,,,1,15,,222256,19,,,1,15,,222220,19,,,1,55,,222221,19,,,1,15,,222222,19,,,1,15,,222258,19,,,1,15,,222259,19,,,1,55,,222223,19,,,1,29,,222224,19,,,1,70,,222225,19,,,1,30,,222226,19,,,1,70,,222227,19,,,1,30,,222228,19,,,1,70,,222229,19,,,1,30,,222230,19,,,1,70,,222231,19,,,1,30,,222232,19,,,1,70,,222233,19,,,1,30,,222234,19,,,1,72,,222235,19,,,1,35,,222236,19,,,1,70,,222237,19,,,1,15,,222238,19,,,1,15,,222257,19,,,1,55,,222239,19,,,1,15,,222240,19,,,1,15,,222241,19,,,1,15,,222260,19,,,1,55,,222261,19,,,1,15,,222242,19,,,1,28,,222243,19,,,1,65,,222244,19,,,1,29,,222245,19,,,1,70,,222246,19,,,1,30,,222247,19,,,1,70,,222248,19,,,1,30,,222249,19,,,1,69,,222250,19,,,1,28,,222251,19,,,1,69,,222252,19,,,1,100,,222253,19,,,1
50601,'506-Saturday-1-26-09-0000010',552,,222262,19,,,1,100,,222263,19,,,1,100,,222264,19,,,1,70,,222265,19,,,1,28,,222266,19,,,1,70,,222267,19,,,1,33,,222268,19,,,1,70,,222269,19,,,1,30,,222270,19,,,1,70,,222271,19,,,1,30,,222272,19,,,1,70,,222273,19,,,1,30,,222274,19,,,1,70,,222275,19,,,1,30,,222276,19,,,1,70,,222277,19,,,1,30,,222278,19,,,1,70,,222279,19,,,1,30,,222280,19,,,1,70,,222281,19,,,1,30,,222282,19,,,1,70,,222283,19,,,1,29,,222284,19,,,1,70,,222285,19,,,1,30,,222286,19,,,1,70,,222287,19,,,1,30,,222288,19,,,1,85,,222289,19,,,1,100,,222290,19,,,1,100,,222291,19,,,1,100,,222292,19,,,1
50601,'506-Sunday-1-26-09-0000001',555,,222294,19,,,1,98,,222295,19,,,1,100,,222296,19,,,1,100,,222297,19,,,1,100,,222298,19,,,1,70,,222299,19,,,1,30,,222300,19,,,1,70,,222301,19,,,1,30,,222302,19,,,1,70,,222303,19,,,1,30,,222304,19,,,1,70,,222305,19,,,1,30,,222306,19,,,1,70,,222307,19,,,1,30,,222308,19,,,1,70,,222309,19,,,1,30,,222310,19,,,1,70,,222311,19,,,1,30,,222312,19,,,1,70,,222313,19,,,1,31,,222314,19,,,1,70,,222315,19,,,1,30,,222316,19,,,1,85,,222317,19,,,1,100,,222318,19,,,1,100,,222319,19,,,1,100,,222320,19,,,1,100,,222321,19,,,1
63100,'631-Weekday-1-26-09-1111100',746,,227574,20,,,1
63100,'631-Weekday-3-26-09-1111100',746,,227575,20,,,1
63400,'634-Weekday-1-26-09-0000100',933,,227590,19,,,1
63400,'634-Weekday-1-26-09-1111000',806,,227591,19,,,1,2,,227592,19,,,1
63400,'634-Weekday-3-26-09-1111000',806,,227593,19,,,1,2,,227594,19,,,1
