63000,'630-Weekday-1-26-04-1111100',806,,120407,44,,,1
63000,'630-Weekday-2-26-04-1111100',806,,142016,44,,,1
63000,'630-Weekday-3-26-04-1111100',806,,142017,44,,,1
63100,'631-Weekday-1-26-04-1111100',807,,120411,38,,,1
63100,'631-Weekday-2-26-04-1111100',807,,142021,38,,,1
63100,'631-Weekday-3-26-04-1111100',807,,142022,38,,,1
63200,'632-Weekday-1-26-04-1111100',804,,120415,6,,,1
63200,'632-Weekday-2-26-04-1111100',804,,142026,6,,,1
63200,'632-Weekday-3-26-04-1111100',804,,142027,6,,,1
63700,'637-Weekday-1-26-04-1111100',845,,120443,30,4,,1
63700,'637-Weekday-2-26-04-1111100',845,,142050,30,4,,1
