61001,'610-Weekday-1-26-04-1111100',725,,120326,22,,,1,4,,120327,22,,,1,6,,120328,22,,,1,81,,120329,22,,,1,6,,120330,22,,,1,5,,120331,22,,,1
61001,'610-Weekday-2-26-04-1111100',816,,141942,22,,,1,6,,141943,22,,,1,5,,141944,22,,,1
61001,'610-Weekday-3-26-04-1111100',725,,141945,22,,,1,4,,141946,22,,,1,6,,141947,22,,,1
61101,'611-Weekday-1-26-04-1111100',734,,120336,22,,,1,11,,120337,22,,,1
61101,'611-Weekday-3-26-04-1111100',734,,141952,22,,,1,11,,141953,22,,,1
61601,'616-Weekday-1-26-04-1111100',803,,120363,22,,,1,10,,120364,22,,,1
61601,'616-Weekday-2-26-04-1111100',803,,141974,22,,,1,10,,141975,22,,,1
68401,'684-Weekday-1-26-04-1111100',747,,120645,22,,,1
68401,'684-Weekday-2-26-04-1111100',747,,142235,22,,,1
68401,'684-Weekday-3-26-04-1111100',747,,142238,22,,,1
