52101,'521-Weekday-1-26-04-1111100',603,,119510,42,,,1,33,,119511,42,,,1,17,,119512,42,,,1,60,,119513,42,,,1,15,,119549,42,,,1,15,,119514,42,,,1,15,,119515,42,,,1,55,,119516,42,,,1,15,,119548,42,,,1,15,,119517,42,,,1,15,,119518,42,,,1,53,,119553,42,,,1,20,,119519,42,,,1,28,,119520,42,,,1,70,,119521,42,,,1,30,,119522,42,,,1,70,,119523,42,,,1,30,,119524,42,,,1,70,,119525,42,,,1,30,,119526,42,,,1,70,,119527,42,,,1,30,,119528,42,,,1,70,,119529,42,,,1,71,,119530,42,,,1,41,,119552,42,,,1,74,,119551,42,,,1,6,,119554,42,,,1,9,,119531,42,,,1,15,,119532,42,,,1,55,,119533,42,,,1,15,,119534,42,,,1,15,,119535,42,,,1,15,,119536,42,,,1,55,,119537,42,,,1,15,,119538,42,,,1,13,,119539,42,,,1,12,,119540,42,,,1,63,,119550,42,,,1,28,,119541,42,,,1,70,,119542,42,,,1,30,,119543,42,,,1,70,,119544,42,,,1,30,,119545,42,,,1,70,,119546,42,,,1,27,,119547,42,,,1
52101,'521-Saturday-1-26-04-0000010',828,,119555,42,,,1,31,,119556,42,,,1,73,,119557,42,,,1,71,,119558,42,,,1,30,,119559,42,,,1,70,,119560,42,,,1,30,,119561,42,,,1,70,,119562,42,,,1,30,,119563,42,,,1,70,,119564,42,,,1,30,,119565,42,,,1,70,,119566,42,,,1,30,,119567,42,,,1,70,,119568,42,,,1,30,,119569,42,,,1,70,,119570,42,,,1,30,,119571,42,,,1,70,,119572,42,,,1,29,,119573,42,,,1,70,,119574,42,,,1,30,,119575,42,,,1,70,,119576,42,,,1,30,,119577,42,,,1
52101,'521-Sunday-1-26-04-0000001',1033,,119578,42,,,1,70,,119579,42,,,1,30,,119580,42,,,1,70,,119581,42,,,1,30,,119582,42,,,1,70,,119583,42,,,1,30,,119584,42,,,1,70,,119585,42,,,1,30,,119586,42,,,1,70,,119587,42,,,1,30,,119588,42,,,1,70,,119589,42,,,1,30,,119590,42,,,1,70,,119591,42,,,1,30,,119592,42,,,1,70,,119593,42,,,1,30,,119594,42,,,1,70,,119595,42,,,1,30,,119596,42,,,1
66700,'667-Weekday-1-26-04-0001000',1448,,120553,24,,,1,3,,120554,24,,,1
66700,'667-Weekday-1-26-04-1110100',1527,,120555,24,,,1,3,,120556,24,,,1
71900,'719-Weekday-1-26-04-1111100',503,,123547,33,,,1,30,,123550,33,,,1,70,,123500,33,,,1,7,,123551,33,,,1,8,,123560,33,,,1,7,,123565,33,,,1,11,,123501,33,,,1,8,,123549,33,,,1,11,,123502,33,,,1,47,,123566,33,,,1,7,,123576,33,,,1,6,,123557,33,,,1,8,,123567,33,,,1,7,,123503,33,,,1,8,,123568,33,,,1,7,,123504,33,,,1,8,,123569,33,,,1,47,,123558,33,,,1,8,,123570,33,,,1,7,,123505,33,,,1,8,,123571,33,,,1,7,,123559,33,,,1,8,,123572,33,,,1,7,,123506,33,,,1,8,,123573,33,,,1,6,,123548,33,,,1,60,,123507,33,,,1,18,,123508,33,,,1,20,,123509,33,,,1,60,,123510,33,,,1,20,,123511,33,,,1,20,,123512,33,,,1,60,,123513,33,,,1,20,,123514,33,,,1,20,,123515,33,,,1,60,,123516,33,,,1,20,,123517,33,,,1,20,,123518,33,,,1,60,,123519,33,,,1,20,,123520,33,,,1,20,,123521,33,,,1,60,,123522,33,,,1,20,,123523,33,,,1,20,,123524,33,,,1,61,,123525,33,,,1,25,,123526,33,,,1,61,,123527,33,,,1,20,,123528,33,,,1,20,,123561,33,,,1,60,,123529,33,,,1,20,,123530,33,,,1,20,,123531,33,,,1,60,,123532,33,,,1,20,,123533,33,,,1,20,,123534,33,,,1,56,,123535,33,,,1,18,,123536,33,,,1,20,,123537,33,,,1,20,,123538,33,,,1,60,,123539,33,,,1,20,,123540,33,,,1,20,,123541,33,,,1,60,,123542,33,,,1,20,,123543,33,,,1,20,,123552,33,,,1,67,,123544,33,,,1,99,,123545,33,,,1,100,,123546,33,,,1
71900,'719-Saturday-1-26-04-0000010',611,,123577,33,,,1,30,,123578,33,,,1,70,,123579,33,,,1,30,,123580,33,,,1,70,,123581,33,,,1,30,,123582,33,,,1,71,,123583,33,,,1,33,,123584,33,,,1,70,,123585,33,,,1,30,,123586,33,,,1,70,,123587,33,,,1,30,,123588,33,,,1,70,,123589,33,,,1,30,,123590,33,,,1,70,,123591,33,,,1,30,,123592,33,,,1,70,,123593,33,,,1,30,,123594,33,,,1,70,,123595,33,,,1,30,,123596,33,,,1,70,,123597,33,,,1,30,,123598,33,,,1,69,,123599,33,,,1,30,,123600,33,,,1,70,,123601,33,,,1,30,,123602,33,,,1,70,,123603,33,,,1,30,,123604,33,,,1,70,,123605,33,,,1,30,,123606,33,,,1,70,,123607,33,,,1,30,,123608,33,,,1,70,,123609,33,,,1,30,,123610,33,,,1,70,,123611,33,,,1,30,,123612,33,,,1,70,,123613,33,,,1
71900,'719-Sunday-1-26-04-0000001',612,,123614,33,,,1,100,,123615,33,,,1,100,,123616,33,,,1,101,,123617,33,,,1,100,,123618,33,,,1,100,,123619,33,,,1,30,,123620,33,,,1,70,,123621,33,,,1,30,,123622,33,,,1,70,,123623,33,,,1,30,,123624,33,,,1,70,,123625,33,,,1,30,,123626,33,,,1,70,,123627,33,,,1,30,,123628,33,,,1,70,,123629,33,,,1,30,,123630,33,,,1,69,,123631,33,,,1,31,,123632,33,,,1,70,,123633,33,,,1,30,,123634,33,,,1,70,,123635,33,,,1,30,,123636,33,,,1,100,,123637,33,,,1,100,,123638,33,,,1,100,,123639,33,,,1,100,,123640,33,,,1
72100,'721-Weekday-1-26-04-0001000',1443,,123767,22,,,1
72100,'721-Weekday-1-26-04-1110100',1527,,123768,22,,,1,3,,123769,22,,,1
72100,'721-Weekday-1-26-04-1111100',514,,123823,28,,,1,20,,123824,28,,,1,20,,123825,28,,,1,60,,123826,28,,,1,21,,123770,22,,,1,13,,123827,28,,,1,10,,123771,22,,,1,49,,123836,28,,,1,8,,123828,28,,,1,7,,123772,22,,,1,8,,123829,28,,,1,7,,123773,22,,,1,8,,123830,28,,,1,7,,123774,22,,,1,48,,123831,28,,,1,7,,123775,22,,,1,8,,123832,28,,,1,7,,123776,22,,,1,8,,123833,28,,,1,7,,123777,22,,,1,8,,123834,28,,,1,7,,123778,22,,,1,7,,123835,28,,,1,46,,123779,22,,,1,14,,123780,22,,,1,14,,123781,22,,,1,20,,123782,22,,,1,60,,123783,22,,,1,20,,123784,22,,,1,20,,123785,22,,,1,60,,123786,22,,,1,20,,123787,22,,,1,20,,123788,22,,,1,60,,123789,22,,,1,20,,123790,22,,,1,20,,123791,22,,,1,60,,123792,22,,,1,20,,123793,22,,,1,20,,123794,22,,,1,60,,123795,22,,,1,20,,123796,22,,,1,20,,123797,22,,,1,61,,123798,22,,,1,23,,123799,22,,,1,22,,123814,22,,,1,60,,123815,22,,,1,20,,123816,22,,,1,20,,123817,22,,,1,60,,123818,22,,,1,20,,123819,22,,,1,20,,123820,22,,,1,60,,123821,22,,,1,18,,123822,22,,,1,20,,123837,22,,,1,57,,123800,22,,,1,20,,123801,22,,,1,20,,123802,22,,,1,60,,123803,22,,,1,20,,123804,22,,,1,20,,123805,22,,,1,60,,123806,22,,,1,20,,123807,22,,,1,20,,123808,22,,,1,58,,123809,22,,,1,30,,123810,22,,,1,70,,123811,22,,,1,30,,123812,22,,,1,70,,123813,22,,,1
72100,'721-Saturday-1-26-04-0000010',559,,123885,28,,,1,70,,123838,28,,,1,30,,123839,28,,,1,70,,123840,28,,,1,30,,123841,28,,,1,70,,123842,28,,,1,25,,123843,28,,,1,61,,123844,28,,,1,22,,123845,28,,,1,20,,123846,28,,,1,60,,123847,28,,,1,20,,123848,28,,,1,20,,123849,28,,,1,60,,123850,28,,,1,20,,123851,28,,,1,20,,123852,28,,,1,60,,123853,28,,,1,20,,123854,28,,,1,20,,123855,28,,,1,60,,123856,28,,,1,20,,123857,28,,,1,20,,123858,28,,,1,60,,123859,28,,,1,20,,123860,28,,,1,20,,123861,28,,,1,60,,123862,28,,,1,20,,123863,28,,,1,20,,123864,28,,,1,60,,123865,28,,,1,20,,123866,28,,,1,20,,123867,28,,,1,59,,123868,28,,,1,20,,123869,28,,,1,20,,123870,28,,,1,60,,123871,28,,,1,20,,123872,28,,,1,20,,123873,28,,,1,60,,123874,28,,,1,30,,123875,28,,,1,70,,123876,28,,,1,30,,123877,28,,,1,70,,123878,28,,,1,30,,123879,28,,,1,70,,123880,28,,,1,30,,123881,28,,,1,70,,123882,28,,,1,30,,123883,28,,,1,70,,123886,28,,,1
72100,'721-Sunday-1-26-04-0000001',620,,123921,28,,,1,30,,123910,28,,,1,70,,123905,28,,,1,30,,123904,28,,,1,70,,123906,28,,,1,30,,123903,28,,,1,69,,123909,28,,,1,31,,123907,28,,,1,70,,123895,28,,,1,30,,123915,28,,,1,70,,123890,28,,,1,30,,123888,28,,,1,70,,123894,28,,,1,30,,123893,28,,,1,67,,123887,28,,,1,30,,123891,28,,,1,70,,123892,28,,,1,30,,123918,28,,,1,70,,123900,28,,,1,30,,123920,28,,,1,70,,123917,28,,,1,30,,123914,28,,,1,69,,123911,28,,,1,31,,123912,28,,,1,70,,123908,28,,,1,30,,123919,28,,,1,70,,123913,28,,,1,30,,123916,28,,,1,70,,123896,28,,,1,30,,123899,28,,,1,70,,123898,28,,,1,30,,123897,28,,,1,100,,123902,28,,,1,100,,123901,28,,,1,100,,123889,28,,,1
72200,'722-Weekday-1-26-04-1111100',539,,124137,27,,,1,20,,124138,27,,,1,60,,124072,27,,,1,24,,124073,27,,,1,60,,124127,27,,,1,7,,124074,27,,,1,8,,124128,27,,,1,7,,124075,27,,,1,8,,124129,27,,,1,7,,124076,27,,,1,8,,124130,27,,,1,7,,124077,27,,,1,48,,124131,27,,,1,7,,124078,27,,,1,8,,124132,27,,,1,7,,124079,27,,,1,8,,124133,27,,,1,7,,124080,27,,,1,8,,124134,27,,,1,6,,124081,27,,,1,48,,124135,27,,,1,5,,124082,27,,,1,7,,124136,27,,,1,5,,124083,27,,,1,22,,124084,27,,,1,60,,124085,27,,,1,20,,124086,27,,,1,20,,124087,27,,,1,60,,124088,27,,,1,20,,124089,27,,,1,20,,124090,27,,,1,60,,124091,27,,,1,20,,124092,27,,,1,20,,124093,27,,,1,60,,124094,27,,,1,20,,124095,27,,,1,20,,124096,27,,,1,60,,124097,27,,,1,20,,124098,27,,,1,20,,124099,27,,,1,61,,124100,27,,,1,21,,124101,27,,,1,26,,124102,27,,,1,60,,124103,27,,,1,20,,124105,27,,,1,20,,124104,27,,,1,60,,124106,27,,,1,20,,124109,27,,,1,20,,124107,27,,,1,60,,124108,27,,,1,19,,124110,27,,,1,14,,124111,27,,,1,17,,124112,27,,,1,60,,124113,27,,,1,20,,124114,27,,,1,20,,124115,27,,,1,60,,124116,27,,,1,20,,124117,27,,,1,20,,124118,27,,,1,60,,124119,27,,,1,20,,124120,27,,,1,20,,124121,27,,,1,60,,124122,27,,,1,30,,124123,27,,,1,70,,124124,27,,,1,30,,124125,27,,,1,70,,124126,27,,,1
72200,'722-Saturday-1-26-04-0000010',541,,124186,15,,,1,70,,124187,15,,,1,30,,124139,27,,,1,70,,124140,27,,,1,30,,124141,27,,,1,70,,124142,27,,,1,30,,124143,27,,,1,61,,124144,27,,,1,20,,124145,27,,,1,19,,124146,27,,,1,60,,124147,27,,,1,20,,124148,27,,,1,20,,124149,27,,,1,60,,124150,27,,,1,20,,124151,27,,,1,20,,124152,27,,,1,60,,124153,27,,,1,20,,124154,27,,,1,20,,124155,27,,,1,60,,124156,27,,,1,20,,124157,27,,,1,20,,124158,27,,,1,60,,124159,27,,,1,20,,124160,27,,,1,20,,124161,27,,,1,60,,124162,27,,,1,20,,124163,27,,,1,20,,124164,27,,,1,60,,124165,27,,,1,20,,124166,27,,,1,20,,124167,27,,,1,59,,124168,27,,,1,20,,124169,27,,,1,21,,124170,27,,,1,60,,124171,27,,,1,20,,124172,27,,,1,20,,124173,27,,,1,60,,124174,27,,,1,20,,124175,27,,,1,20,,124176,27,,,1,70,,124177,27,,,1,30,,124178,27,,,1,70,,124179,27,,,1,30,,124180,27,,,1,70,,124181,27,,,1,30,,124182,27,,,1,70,,124183,27,,,1,30,,124184,27,,,1,70,,124185,27,,,1
72200,'722-Sunday-1-26-04-0000001',632,,124188,27,,,1,70,,124189,27,,,1,30,,124190,27,,,1,70,,124191,27,,,1,30,,124192,27,,,1,71,,124193,27,,,1,31,,124194,27,,,1,70,,124195,27,,,1,30,,124196,27,,,1,70,,124197,27,,,1,30,,124198,27,,,1,70,,124199,27,,,1,30,,124200,27,,,1,70,,124201,27,,,1,30,,124202,27,,,1,70,,124203,27,,,1,30,,124204,27,,,1,70,,124205,27,,,1,30,,124206,27,,,1,70,,124207,27,,,1,30,,124208,27,,,1,69,,124209,27,,,1,30,,124210,27,,,1,70,,124211,27,,,1,30,,124212,27,,,1,70,,124213,27,,,1,30,,124214,27,,,1,70,,124215,27,,,1,30,,124216,27,,,1,70,,124217,27,,,1,30,,124218,27,,,1,100,,124219,27,,,1,100,,124220,27,,,1
