10201,'102-Weekday-1-26-02-1111100',559,,4585,,,1,70,,4556,,,1,28,,4557,,,1,55,,4558,,,1,15,,4586,,,1,15,,4559,,,1,15,,4560,,,1,55,,4561,,,1,15,,4584,,,1,15,,4562,,,1,15,,4563,,,1,55,,4583,,,1,28,,4576,,,1,70,,4564,,,1,30,,4565,,,1,70,,4566,,,1,30,,4567,,,1,70,,4568,,,1,30,,4569,,,1,70,,4570,,,1,30,,4571,,,1,70,,4572,,,1,30,,4573,,,1,71,,4574,,,1,31,,4575,,,1,74,,4582,,,1,30,,4581,,,1,70,,4580,,,1,30,,4579,,,1,70,,4578,,,1,27,,4577,,,1,69,,4587,,,1,28,,4588,,,1,70,,4589,,,1,30,,4590,,,1,70,,4591,,,1,30,,4592,,,1,70,,4593,,,1
10201,'102-Weekday-2-26-02-1111100',559,,36891,,,1,70,,36862,,,1,28,,36863,,,1,55,,36864,,,1,15,,36892,,,1,15,,36865,,,1,15,,36866,,,1,55,,36867,,,1,15,,36890,,,1,15,,36868,,,1,15,,36869,,,1,55,,36889,,,1,28,,36882,,,1,70,,36870,,,1,30,,36871,,,1,70,,36872,,,1,30,,36873,,,1,70,,36874,,,1,30,,36875,,,1,70,,36876,,,1,30,,36877,,,1,70,,36878,,,1,30,,36879,,,1,71,,36880,,,1,31,,36881,,,1,74,,36888,,,1,30,,36887,,,1,70,,36886,,,1,30,,36885,,,1,70,,36884,,,1,27,,36883,,,1,69,,36893,,,1,28,,36894,,,1,70,,36895,,,1,30,,36896,,,1,70,,36897,,,1,30,,36898,,,1,70,,36899,,,1
10201,'102-Weekday-4-26-02-1111100',559,,36929,,,1,70,,36900,,,1,28,,36901,,,1,55,,36902,,,1,15,,36930,,,1,15,,36903,,,1,15,,36904,,,1,55,,36905,,,1,15,,36928,,,1,15,,36906,,,1,15,,36907,,,1,55,,36927,,,1,28,,36920,,,1,70,,36908,,,1,30,,36909,,,1,70,,36910,,,1,30,,36911,,,1,70,,36912,,,1,30,,36913,,,1,70,,36914,,,1,30,,36915,,,1,70,,36916,,,1,30,,36917,,,1,71,,36918,,,1,31,,36919,,,1,74,,36926,,,1,30,,36925,,,1,70,,36924,,,1,30,,36923,,,1,70,,36922,,,1,27,,36921,,,1,69,,36931,,,1,28,,36932,,,1,70,,36933,,,1,30,,36934,,,1,70,,36935,,,1,30,,36936,,,1,70,,36937,,,1
10201,'102-Weekday-5-26-02-1111100',559,,36967,,,1,70,,36938,,,1,28,,36939,,,1,55,,36940,,,1,15,,36968,,,1,15,,36941,,,1,15,,36942,,,1,55,,36943,,,1,15,,36966,,,1,15,,36944,,,1,15,,36945,,,1,55,,36965,,,1,28,,36958,,,1,70,,36946,,,1,30,,36947,,,1,70,,36948,,,1,30,,36949,,,1,70,,36950,,,1,30,,36951,,,1,70,,36952,,,1,30,,36953,,,1,70,,36954,,,1,30,,36955,,,1,71,,36956,,,1,31,,36957,,,1,74,,36964,,,1,30,,36963,,,1,70,,36962,,,1,30,,36961,,,1,70,,36960,,,1,27,,36959,,,1,69,,36969,,,1,28,,36970,,,1,70,,36971,,,1,30,,36972,,,1,70,,36973,,,1,30,,36974,,,1,70,,36975,,,1
10201,'102-Weekday-6-26-02-1111100',559,,37005,,,1,70,,36976,,,1,28,,36977,,,1,55,,36978,,,1,15,,37006,,,1,15,,36979,,,1,15,,36980,,,1,55,,36981,,,1,15,,37004,,,1,15,,36982,,,1,15,,36983,,,1,55,,37003,,,1,28,,36996,,,1,70,,36984,,,1,30,,36985,,,1,70,,36986,,,1,30,,36987,,,1,70,,36988,,,1,30,,36989,,,1,70,,36990,,,1,30,,36991,,,1,70,,36992,,,1,30,,36993,,,1,71,,36994,,,1,31,,36995,,,1,74,,37002,,,1,30,,37001,,,1,70,,37000,,,1,30,,36999,,,1,70,,36998,,,1,27,,36997,,,1,69,,37007,,,1,28,,37008,,,1,70,,37009,,,1,30,,37010,,,1,70,,37011,,,1,30,,37012,,,1,70,,37013,,,1
10201,'102-Weekday-7-26-02-1111100',559,,37043,,,1,70,,37014,,,1,28,,37015,,,1,55,,37016,,,1,15,,37044,,,1,15,,37017,,,1,15,,37018,,,1,55,,37019,,,1,15,,37042,,,1,15,,37020,,,1,15,,37021,,,1,55,,37041,,,1,28,,37034,,,1,70,,37022,,,1,30,,37023,,,1,70,,37024,,,1,30,,37025,,,1,70,,37026,,,1,30,,37027,,,1,70,,37028,,,1,30,,37029,,,1,70,,37030,,,1,30,,37031,,,1,71,,37032,,,1,31,,37033,,,1,74,,37040,,,1,30,,37039,,,1,70,,37038,,,1,30,,37037,,,1,70,,37036,,,1,27,,37035,,,1,69,,37045,,,1,28,,37046,,,1,70,,37047,,,1,30,,37048,,,1,70,,37049,,,1,30,,37050,,,1,70,,37051,,,1
10201,'102-Weekday-8-26-02-1111100',559,,37081,,,1,70,,37052,,,1,28,,37053,,,1,55,,37054,,,1,15,,37082,,,1,15,,37055,,,1,15,,37056,,,1,55,,37057,,,1,15,,37080,,,1,15,,37058,,,1,15,,37059,,,1,55,,37079,,,1,28,,37072,,,1,70,,37060,,,1,30,,37061,,,1,70,,37062,,,1,30,,37063,,,1,70,,37064,,,1,30,,37065,,,1,70,,37066,,,1,30,,37067,,,1,70,,37068,,,1,30,,37069,,,1,71,,37070,,,1,31,,37071,,,1,74,,37078,,,1,30,,37077,,,1,70,,37076,,,1,30,,37075,,,1,70,,37074,,,1,27,,37073,,,1,69,,37083,,,1,28,,37084,,,1,70,,37085,,,1,30,,37086,,,1,70,,37087,,,1,30,,37088,,,1,70,,37089,,,1
10201,'102-Weekday-9-26-02-1111100',559,,37119,,,1,70,,37090,,,1,28,,37091,,,1,55,,37092,,,1,15,,37120,,,1,15,,37093,,,1,15,,37094,,,1,55,,37095,,,1,15,,37118,,,1,15,,37096,,,1,15,,37097,,,1,55,,37117,,,1,28,,37110,,,1,70,,37098,,,1,30,,37099,,,1,70,,37100,,,1,30,,37101,,,1,70,,37102,,,1,30,,37103,,,1,70,,37104,,,1,30,,37105,,,1,70,,37106,,,1,30,,37107,,,1,71,,37108,,,1,31,,37109,,,1,74,,37116,,,1,30,,37115,,,1,70,,37114,,,1,30,,37113,,,1,70,,37112,,,1,27,,37111,,,1,69,,37121,,,1,28,,37122,,,1,70,,37123,,,1,30,,37124,,,1,70,,37125,,,1,30,,37126,,,1,70,,37127,,,1
10201,'102-Saturday-1-26-02-0000010',626,,4594,,,1,100,,4595,,,1,100,,4596,,,1,76,,4597,,,1,32,,4598,,,1,73,,4599,,,1,32,,4600,,,1,70,,4601,,,1,30,,4602,,,1,70,,4603,,,1,30,,4604,,,1,70,,4605,,,1,30,,4606,,,1,70,,4607,,,1,30,,4608,,,1,70,,4609,,,1,30,,4610,,,1,70,,4611,,,1,30,,4612,,,1,70,,4613,,,1,29,,4614,,,1,68,,4615,,,1,29,,4616,,,1,70,,4617,,,1,30,,4618,,,1
10201,'102-Sunday-1-26-02-0000001',1037,,37128,,,1,70,,37129,,,1,30,,37130,,,1,70,,37131,,,1,30,,37132,,,1,70,,37133,,,1,30,,37134,,,1,70,,37135,,,1,30,,37136,,,1,70,,37137,,,1,30,,37138,,,1,70,,37139,,,1,30,,37140,,,1,70,,37141,,,1,29,,37142,,,1,70,,37143,,,1,30,,37144,,,1,70,,37145,,,1
