91600,'916-Weekday-1-26-04-0001000',1457,,126802,8,,,1
91600,'916-Weekday-1-26-04-1111100',543,,126803,8,,,1,70,,126804,8,,,1,22,,126805,8,,,1,10,,126806,8,,,1,10,,126842,8,,,1,50,,126807,8,,,1,10,,126808,8,,,1,10,,126843,8,,,1,10,,126809,8,,,1,8,,126848,8,,,1,2,,126810,8,,,1,10,,126844,8,,,1,50,,126811,8,,,1,30,,126812,8,,,1,72,,126813,8,,,1,30,,126814,8,,,1,70,,126815,8,,,1,30,,126816,8,,,1,70,,126817,8,,,1,30,,126818,8,,,1,70,,126819,8,,,1,30,,126820,8,,,1,70,,126821,8,,,1,30,,126822,8,,,1,70,,126823,8,,,1,30,,126824,8,,,1,71,,126825,8,,,1,20,,126845,8,,,1,20,,126826,8,,,1,60,,126827,8,,,1,20,,126846,8,,,1,20,,126828,8,,,1,60,,126847,8,,,1,20,,126829,8,,,1,20,,126830,8,,,1,65,,126831,8,,,1,24,,126832,8,,,1,70,,126833,8,,,1,30,,126834,8,,,1,70,,126835,8,,,1,30,,126836,8,,,1,70,,126837,8,,,1,30,,126838,8,,,1,70,,126839,8,,,1,100,,126840,8,,,1,100,,126841,8,,,1
91600,'916-Saturday-1-26-04-0000010',603,,126849,8,,,1,100,,126850,8,,,1,100,,126851,8,,,1,30,,126852,8,,,1,68,,126853,8,,,1,31,,126854,8,,,1,70,,126855,8,,,1,30,,126856,8,,,1,70,,126857,8,,,1,30,,126858,8,,,1,70,,126859,8,,,1,30,,126860,8,,,1,70,,126861,8,,,1,30,,126862,8,,,1,70,,126863,8,,,1,30,,126864,8,,,1,70,,126865,8,,,1,30,,126866,8,,,1,70,,126867,8,,,1,30,,126868,8,,,1,72,,126869,8,,,1,30,,126870,8,,,1,70,,126871,8,,,1,30,,126872,8,,,1,70,,126873,8,,,1,30,,126874,8,,,1,70,,126875,8,,,1,100,,126876,8,,,1,100,,126877,8,,,1,100,,126878,8,,,1
91600,'916-Sunday-1-26-04-0000001',605,,126879,8,,,1,100,,126880,8,,,1,100,,126881,8,,,1,54,,126882,8,,,1,71,,126883,8,,,1,70,,126884,8,,,1,30,,126885,8,,,1,70,,126886,8,,,1,30,,126887,8,,,1,70,,126888,8,,,1,30,,126889,8,,,1,70,,126890,8,,,1,30,,126891,8,,,1,70,,126892,8,,,1,30,,126893,8,,,1,70,,126894,8,,,1,30,,126895,8,,,1,70,,126896,8,,,1,30,,126897,8,,,1,29,,126898,8,,,1,69,,126899,8,,,1,30,,126900,8,,,1,70,,126901,8,,,1,77,,126902,8,,,1,100,,126903,8,,,1,100,,126904,8,,,1,100,,126905,8,,,1,100,,126906,8,,,1
91700,'917-Weekday-1-26-04-1111100',504,,127013,8,,,1,30,,127014,8,,,1,70,,127054,8,,,1,15,,127055,8,,,1,16,,127015,8,,,1,15,,127016,8,,,1,55,,127046,8,,,1,15,,127017,8,,,1,15,,127018,8,,,1,15,,127019,8,,,1,55,,127047,8,,,1,15,,127020,8,,,1,15,,127021,8,,,1,15,,127022,8,,,1,57,,127023,8,,,1,30,,127024,8,,,1,70,,127025,8,,,1,30,,127026,8,,,1,70,,127027,8,,,1,30,,127028,8,,,1,70,,127029,8,,,1,30,,127030,8,,,1,70,,127031,8,,,1,30,,127032,8,,,1,70,,127043,8,,,1,30,,127048,8,,,1,67,,127053,8,,,1,30,,127049,8,,,1,70,,127050,8,,,1,30,,127033,8,,,1,70,,127051,8,,,1,30,,127052,8,,,1,70,,127045,8,,,1,25,,127034,8,,,1,26,,127035,8,,,1,70,,127036,8,,,1,30,,127037,8,,,1,70,,127038,8,,,1,30,,127039,8,,,1,70,,127040,8,,,1,30,,127041,8,,,1,100,,127044,8,,,1,100,,127042,8,,,1
91700,'917-Saturday-1-26-04-0000010',551,,127056,8,,,1,100,,127057,8,,,1,100,,127081,8,,,1,70,,127082,8,,,1,27,,127083,8,,,1,67,,127059,8,,,1,30,,127060,8,,,1,70,,127061,8,,,1,30,,127062,8,,,1,70,,127063,8,,,1,30,,127064,8,,,1,70,,127065,8,,,1,30,,127066,8,,,1,70,,127067,8,,,1,30,,127068,8,,,1,70,,127069,8,,,1,30,,127070,8,,,1,70,,127071,8,,,1,30,,127072,8,,,1,70,,127073,8,,,1,31,,127077,8,,,1,72,,127078,8,,,1,30,,127079,8,,,1,70,,127058,8,,,1,30,,127074,8,,,1,70,,127080,8,,,1,100,,127076,8,,,1,100,,127075,8,,,1
91700,'917-Sunday-1-26-04-0000001',551,,127084,8,,,1,100,,127085,8,,,1,100,,127086,8,,,1,97,,127087,8,,,1,99,,127088,8,,,1,70,,127089,8,,,1,30,,127090,8,,,1,70,,127091,8,,,1,30,,127092,8,,,1,70,,127093,8,,,1,30,,127094,8,,,1,70,,127095,8,,,1,30,,127096,8,,,1,70,,127097,8,,,1,30,,127098,8,,,1,70,,127099,8,,,1,30,,127100,8,,,1,70,,127101,8,,,1,32,,127102,8,,,1,70,,127103,8,,,1,30,,127104,8,,,1,70,,127105,8,,,1,30,,127106,8,,,1,100,,127107,8,,,1,100,,127108,8,,,1
92600,'926-Weekday-1-26-04-1111100',605,,128308,8,,,1,20,,128309,8,,,1,22,,128310,8,,,1,60,,128311,8,,,1,20,,128312,8,,,1,20,,128313,8,,,1,60,,128314,8,,,1,20,,128315,8,,,1,20,,128316,8,,,1,56,,128317,8,,,1,30,,128318,8,,,1,70,,128319,8,,,1,30,,128320,8,,,1,70,,128321,8,,,1,30,,128322,8,,,1,70,,128323,8,,,1,30,,128324,8,,,1,70,,128325,8,,,1,30,,128326,8,,,1,70,,128327,8,,,1,30,,128328,8,,,1,71,,128329,8,,,1,13,,128330,8,,,1,20,,128331,8,,,1,20,,128332,8,,,1,60,,128333,8,,,1,20,,128334,8,,,1,20,,128335,8,,,1,60,,128336,8,,,1,20,,128337,8,,,1,20,,128338,8,,,1,60,,128339,8,,,1,19,,128340,8,,,1,70,,128341,8,,,1,30,,128342,8,,,1,70,,128343,8,,,1,30,,128344,8,,,1,70,,128345,8,,,1,30,,128346,8,,,1,70,,128347,8,,,1
92600,'926-Saturday-1-26-04-0000010',801,,128348,8,,,1,30,,128349,8,,,1,70,,128350,8,,,1,30,,128351,8,,,1,70,,128352,8,,,1,30,,128353,8,,,1,70,,128354,8,,,1,30,,128355,8,,,1,70,,128356,8,,,1,30,,128357,8,,,1,70,,128358,8,,,1,30,,128359,8,,,1,70,,128360,8,,,1,30,,128361,8,,,1,70,,128362,8,,,1,30,,128363,8,,,1,70,,128364,8,,,1,30,,128365,8,,,1,70,,128366,8,,,1,30,,128367,8,,,1,70,,128368,8,,,1,30,,128369,8,,,1,70,,128370,8,,,1
92600,'926-Sunday-1-26-04-0000001',1003,,128371,8,,,1,30,,128372,8,,,1,70,,128373,8,,,1,30,,128374,8,,,1,70,,128375,8,,,1,30,,128376,8,,,1,70,,128377,8,,,1,30,,128378,8,,,1,70,,128379,8,,,1,30,,128380,8,,,1,70,,128381,8,,,1,30,,128382,8,,,1,70,,128383,8,,,1,30,,128384,8,,,1,70,,128385,8,,,1,30,,128386,8,,,1,70,,128387,8,,,1,30,,128388,8,,,1,70,,128389,8,,,1
