52101,'521-Weekday-1-26-09-1111100',610,,225883,47,,,1,35,,225884,47,,,1,55,,225885,47,,,1,15,,225886,47,,,1,14,,225927,47,,,1,12,,225922,47,,,1,12,,225887,47,,,1,52,,225888,47,,,1,12,,225889,47,,,1,12,,225928,47,,,1,12,,225921,47,,,1,12,,225890,47,,,1,51,,225891,47,,,1,9,,225926,47,,,1,25,,225892,47,,,1,69,,225893,47,,,1,30,,225894,47,,,1,70,,225895,47,,,1,30,,225896,47,,,1,70,,225897,47,,,1,30,,225898,47,,,1,70,,225899,47,,,1,30,,225900,47,,,1,70,,225901,47,,,1,30,,225902,47,,,1,74,,225903,47,,,1,42,,225925,47,,,1,75,,225924,47,,,1,15,,225904,47,,,1,1,,225931,47,,,1,14,,225905,47,,,1,55,,225906,47,,,1,15,,225907,47,,,1,15,,225908,47,,,1,15,,225909,47,,,1,55,,225910,47,,,1,15,,225911,47,,,1,10,,225912,47,,,1,11,,225913,47,,,1,62,,225923,47,,,1,28,,225914,47,,,1,70,,225915,47,,,1,30,,225916,47,,,1,70,,225917,47,,,1,30,,225918,47,,,1,69,,225919,47,,,1,28,,225920,47,,,1,100,,225929,47,,,1,100,,225930,47,,,1
52101,'521-Weekday-2-26-09-1111100',610,,225932,47,,,1,35,,225933,47,,,1,55,,225934,47,,,1,15,,225935,47,,,1,14,,225976,47,,,1,12,,225971,47,,,1,12,,225936,47,,,1,52,,225937,47,,,1,12,,225938,47,,,1,12,,225977,47,,,1,12,,225970,47,,,1,12,,225939,47,,,1,51,,225940,47,,,1,9,,225975,47,,,1,25,,225941,47,,,1,69,,225942,47,,,1,30,,225943,47,,,1,70,,225944,47,,,1,30,,225945,47,,,1,70,,225946,47,,,1,30,,225947,47,,,1,70,,225948,47,,,1,30,,225949,47,,,1,70,,225950,47,,,1,30,,225951,47,,,1,74,,225952,47,,,1,42,,225974,47,,,1,75,,225973,47,,,1,15,,225953,47,,,1,1,,225980,47,,,1,14,,225954,47,,,1,55,,225955,47,,,1,15,,225956,47,,,1,15,,225957,47,,,1,15,,225958,47,,,1,55,,225959,47,,,1,15,,225960,47,,,1,10,,225961,47,,,1,11,,225962,47,,,1,62,,225972,47,,,1,28,,225963,47,,,1,70,,225964,47,,,1,30,,225965,47,,,1,70,,225966,47,,,1,30,,225967,47,,,1,69,,225968,47,,,1,28,,225969,47,,,1,100,,225978,47,,,1,100,,225979,47,,,1
52101,'521-Weekday-4-26-09-1111100',610,,225981,47,,,1,35,,225982,47,,,1,55,,225983,47,,,1,15,,225984,47,,,1,14,,226025,47,,,1,12,,226020,47,,,1,12,,225985,47,,,1,52,,225986,47,,,1,12,,225987,47,,,1,12,,226026,47,,,1,12,,226019,47,,,1,12,,225988,47,,,1,51,,225989,47,,,1,9,,226024,47,,,1,25,,225990,47,,,1,69,,225991,47,,,1,30,,225992,47,,,1,70,,225993,47,,,1,30,,225994,47,,,1,70,,225995,47,,,1,30,,225996,47,,,1,70,,225997,47,,,1,30,,225998,47,,,1,70,,225999,47,,,1,30,,226000,47,,,1,74,,226001,47,,,1,42,,226023,47,,,1,75,,226022,47,,,1,15,,226002,47,,,1,15,,226003,47,,,1,55,,226004,47,,,1,15,,226005,47,,,1,15,,226006,47,,,1,15,,226007,47,,,1,55,,226008,47,,,1,15,,226009,47,,,1,10,,226010,47,,,1,11,,226011,47,,,1,62,,226021,47,,,1,28,,226012,47,,,1,70,,226013,47,,,1,30,,226014,47,,,1,70,,226015,47,,,1,30,,226016,47,,,1,69,,226017,47,,,1,28,,226018,47,,,1,100,,226027,47,,,1,100,,226028,47,,,1
52101,'521-Saturday-1-26-09-0000010',836,,226029,47,,,1,71,,226030,47,,,1,32,,226031,47,,,1,72,,226032,47,,,1,30,,226033,47,,,1,70,,226034,47,,,1,30,,226035,47,,,1,70,,226036,47,,,1,30,,226037,47,,,1,70,,226038,47,,,1,30,,226039,47,,,1,70,,226040,47,,,1,30,,226041,47,,,1,70,,226042,47,,,1,30,,226043,47,,,1,70,,226044,47,,,1,30,,226045,47,,,1,69,,226046,47,,,1,30,,226047,47,,,1,70,,226048,47,,,1,30,,226049,47,,,1,70,,226050,47,,,1,30,,226051,47,,,1
52101,'521-Sunday-1-26-09-0000001',1041,,226052,47,,,1,70,,226053,47,,,1,30,,226054,47,,,1,70,,226055,47,,,1,30,,226056,47,,,1,70,,226057,47,,,1,30,,226058,47,,,1,70,,226059,47,,,1,30,,226060,47,,,1,70,,226061,47,,,1,30,,226062,47,,,1,70,,226063,47,,,1,30,,226064,47,,,1,69,,226065,47,,,1,29,,226066,47,,,1,70,,226067,47,,,1,30,,226068,47,,,1,70,,226069,47,,,1,30,,226070,47,,,1
66700,'667-Weekday-1-26-09-0001000',1456,,227776,28,,,1,3,,227777,28,,,1
66700,'667-Weekday-1-26-09-1110100',1535,,227778,28,,,1,3,,227779,28,,,1
66700,'667-Weekday-3-26-09-1110100',1535,,227780,28,,,1,3,,227781,28,,,1
71300,'713-Weekday-1-26-09-1111100',545,,231634,18,,,1,70,,231635,18,,,1,35,,231636,18,,,1,55,,231637,18,,,1,15,,231638,18,,,1,15,,231639,18,,,1,15,,231675,18,,,1,55,,231641,18,,,1,15,,231640,18,,,1,15,,231642,18,,,1,15,,231674,18,,,1,54,,231643,18,,,1,12,,231644,18,,,1,30,,231645,18,,,1,70,,231646,18,,,1,30,,231647,18,,,1,70,,231648,18,,,1,30,,231649,18,,,1,70,,231650,18,,,1,30,,231651,18,,,1,70,,231652,18,,,1,30,,231653,18,,,1,70,,231654,18,,,1,30,,231655,18,,,1,78,,231656,18,,,1,20,,231657,18,,,1,60,,231658,18,,,1,20,,231659,18,,,1,20,,231660,18,,,1,60,,231661,18,,,1,20,,231662,18,,,1,20,,231663,18,,,1,57,,231664,18,,,1,20,,231665,18,,,1,25,,231666,18,,,1,70,,231667,18,,,1,30,,231668,18,,,1,70,,231669,18,,,1,30,,231670,18,,,1,70,,231671,18,,,1,30,,231672,18,,,1,68,,231673,18,,,1
71300,'713-Weekday-2-26-09-1111100',545,,231676,18,,,1,70,,231677,18,,,1,35,,231678,18,,,1,55,,231679,18,,,1,15,,231680,18,,,1,15,,231681,18,,,1,15,,231717,18,,,1,55,,231683,18,,,1,15,,231682,18,,,1,15,,231684,18,,,1,15,,231716,18,,,1,54,,231685,18,,,1,12,,231686,18,,,1,30,,231687,18,,,1,70,,231688,18,,,1,30,,231689,18,,,1,70,,231690,18,,,1,30,,231691,18,,,1,70,,231692,18,,,1,30,,231693,18,,,1,70,,231694,18,,,1,30,,231695,18,,,1,70,,231696,18,,,1,30,,231697,18,,,1,78,,231698,18,,,1,20,,231699,18,,,1,60,,231700,18,,,1,20,,231701,18,,,1,20,,231702,18,,,1,60,,231703,18,,,1,20,,231704,18,,,1,20,,231705,18,,,1,57,,231706,18,,,1,20,,231707,18,,,1,25,,231708,18,,,1,70,,231709,18,,,1,30,,231710,18,,,1,70,,231711,18,,,1,30,,231712,18,,,1,70,,231713,18,,,1,30,,231714,18,,,1,68,,231715,18,,,1
71300,'713-Weekday-4-26-09-1111100',545,,231718,18,,,1,70,,231719,18,,,1,35,,231720,18,,,1,55,,231721,18,,,1,15,,231722,18,,,1,15,,231723,18,,,1,15,,231759,18,,,1,55,,231725,18,,,1,15,,231724,18,,,1,15,,231726,18,,,1,15,,231758,18,,,1,54,,231727,18,,,1,12,,231728,18,,,1,30,,231729,18,,,1,70,,231730,18,,,1,30,,231731,18,,,1,70,,231732,18,,,1,30,,231733,18,,,1,70,,231734,18,,,1,30,,231735,18,,,1,70,,231736,18,,,1,30,,231737,18,,,1,70,,231738,18,,,1,30,,231739,18,,,1,78,,231740,18,,,1,20,,231741,18,,,1,60,,231742,18,,,1,20,,231743,18,,,1,20,,231744,18,,,1,60,,231745,18,,,1,20,,231746,18,,,1,20,,231747,18,,,1,57,,231748,18,,,1,20,,231749,18,,,1,25,,231750,18,,,1,70,,231751,18,,,1,30,,231752,18,,,1,70,,231753,18,,,1,30,,231754,18,,,1,70,,231755,18,,,1,30,,231756,18,,,1,68,,231757,18,,,1
71300,'713-Saturday-1-26-09-0000010',816,,231760,18,,,1,30,,231761,18,,,1,72,,231762,18,,,1,30,,231763,18,,,1,70,,231764,18,,,1,30,,231765,18,,,1,70,,231766,18,,,1,30,,231767,18,,,1,70,,231768,18,,,1,30,,231769,18,,,1,70,,231770,18,,,1,30,,231771,18,,,1,70,,231772,18,,,1,30,,231773,18,,,1,70,,231774,18,,,1,30,,231775,18,,,1,70,,231776,18,,,1,30,,231777,18,,,1,69,,231778,18,,,1,30,,231779,18,,,1,70,,231780,18,,,1,30,,231781,18,,,1,70,,231782,18,,,1,100,,231783,18,,,1,100,,231784,18,,,1,100,,231785,18,,,1
71300,'713-Sunday-1-26-09-0000001',813,,231786,18,,,1,102,,231787,18,,,1,100,,231788,18,,,1,88,,231789,18,,,1,30,,231790,18,,,1,70,,231791,18,,,1,30,,231792,18,,,1,70,,231793,18,,,1,30,,231794,18,,,1,70,,231795,18,,,1,30,,231796,18,,,1,70,,231797,18,,,1,30,,231798,18,,,1,70,,231799,18,,,1,30,,231800,18,,,1,70,,231801,18,,,1,31,,231802,18,,,1,70,,231803,18,,,1,30,,231804,18,,,1,70,,231805,18,,,1
71800,'718-Weekday-1-26-09-1111100',606,,233030,24,,,1,35,,233031,24,,,1,64,,233032,24,,,1,22,,233033,24,,,1,21,,233034,24,,,1,59,,233035,24,,,1,19,,233036,24,,,1,19,,233037,24,,,1,64,,233038,24,,,1,30,,233039,24,,,1,70,,233040,24,,,1,30,,233041,24,,,1,70,,233042,24,,,1,30,,233043,24,,,1,70,,233044,24,,,1,30,,233045,24,,,1,70,,233046,24,,,1,30,,233047,24,,,1,70,,233048,24,,,1,30,,233049,24,,,1,70,,233050,24,,,1,27,,233051,24,,,1,22,,233052,24,,,1,60,,233053,24,,,1,20,,233054,24,,,1,20,,233055,24,,,1,59,,233056,24,,,1,20,,233057,24,,,1,20,,233058,24,,,1,60,,233059,24,,,1,24,,233060,24,,,1,63,,233061,24,,,1,31,,233062,24,,,1,70,,233063,24,,,1,30,,233064,24,,,1,70,,233065,24,,,1,30,,233066,24,,,1,70,,233067,24,,,1
71800,'718-Weekday-2-26-09-1111100',606,,233069,24,,,1,35,,233070,24,,,1,64,,233071,24,,,1,22,,233072,24,,,1,21,,233073,24,,,1,59,,233074,24,,,1,19,,233075,24,,,1,19,,233076,24,,,1,64,,233077,24,,,1,30,,233078,24,,,1,70,,233079,24,,,1,30,,233080,24,,,1,70,,233081,24,,,1,30,,233082,24,,,1,70,,233083,24,,,1,30,,233084,24,,,1,70,,233085,24,,,1,30,,233086,24,,,1,70,,233087,24,,,1,30,,233088,24,,,1,70,,233089,24,,,1,27,,233090,24,,,1,22,,233091,24,,,1,60,,233092,24,,,1,20,,233093,24,,,1,20,,233094,24,,,1,59,,233095,24,,,1,20,,233096,24,,,1,20,,233097,24,,,1,60,,233098,24,,,1,24,,233099,24,,,1,63,,233100,24,,,1,31,,233101,24,,,1,70,,233102,24,,,1,30,,233103,24,,,1,70,,233104,24,,,1,30,,233105,24,,,1,70,,233106,24,,,1
71800,'718-Weekday-4-26-09-1111100',606,,233108,24,,,1,35,,233109,24,,,1,64,,233110,24,,,1,22,,233111,24,,,1,21,,233112,24,,,1,59,,233113,24,,,1,19,,233114,24,,,1,19,,233115,24,,,1,64,,233116,24,,,1,30,,233117,24,,,1,70,,233118,24,,,1,30,,233119,24,,,1,70,,233120,24,,,1,30,,233121,24,,,1,70,,233122,24,,,1,30,,233123,24,,,1,70,,233124,24,,,1,30,,233125,24,,,1,70,,233126,24,,,1,30,,233127,24,,,1,70,,233128,24,,,1,27,,233129,24,,,1,22,,233130,24,,,1,60,,233131,24,,,1,20,,233132,24,,,1,20,,233133,24,,,1,59,,233134,24,,,1,20,,233135,24,,,1,20,,233136,24,,,1,60,,233137,24,,,1,24,,233138,24,,,1,63,,233139,24,,,1,31,,233140,24,,,1,70,,233141,24,,,1,30,,233142,24,,,1,70,,233143,24,,,1,30,,233144,24,,,1,70,,233145,24,,,1
71800,'718-Saturday-1-26-09-0000010',813,,233171,24,,,1,30,,233169,24,,,1,71,,233170,24,,,1,33,,233167,24,,,1,70,,233146,24,,,1,30,,233147,24,,,1,72,,233148,24,,,1,30,,233149,24,,,1,70,,233150,24,,,1,30,,233151,24,,,1,68,,233152,24,,,1,30,,233153,24,,,1,70,,233154,24,,,1,30,,233155,24,,,1,70,,233156,24,,,1,30,,233157,24,,,1,70,,233158,24,,,1,30,,233159,24,,,1,70,,233160,24,,,1,30,,233161,24,,,1,70,,233162,24,,,1,30,,233163,24,,,1,70,,233164,24,,,1,30,,233165,24,,,1,70,,233168,24,,,1,100,,233166,24,,,1
71800,'718-Sunday-1-26-09-0000001',854,,233186,24,,,1,72,,233187,24,,,1,31,,233188,24,,,1,70,,233189,24,,,1,30,,233190,24,,,1,70,,233191,24,,,1,30,,233192,24,,,1,70,,233193,24,,,1,30,,233194,24,,,1,70,,233195,24,,,1,30,,233180,24,,,1,70,,233181,24,,,1,30,,233182,24,,,1,70,,233183,24,,,1,30,,233172,24,,,1,70,,233173,24,,,1,30,,233174,24,,,1,70,,233175,24,,,1,30,,233176,24,,,1,70,,233177,24,,,1,30,,233178,24,,,1,70,,233179,24,,,1,100,,233185,24,,,1,100,,233184,24,,,1
71900,'719-Weekday-1-26-09-1111100',507,,233411,37,,,1,30,,233413,37,,,1,70,,233366,37,,,1,8,,233414,37,,,1,7,,233422,37,,,1,9,,233437,37,,,1,10,,233434,37,,,1,11,,233412,37,,,1,50,,233367,37,,,1,10,,233438,37,,,1,16,,233420,37,,,1,8,,233426,37,,,1,7,,233368,37,,,1,8,,233427,37,,,1,7,,233435,37,,,1,48,,233432,37,,,1,7,,233369,37,,,1,8,,233428,37,,,1,7,,233371,37,,,1,6,,233429,37,,,1,5,,233370,37,,,1,6,,233430,37,,,1,6,,233436,37,,,1,8,,233439,37,,,1,47,,233421,37,,,1,18,,233372,37,,,1,18,,233373,37,,,1,60,,233374,37,,,1,20,,233375,37,,,1,20,,233376,37,,,1,60,,233377,37,,,1,20,,233378,37,,,1,20,,233379,37,,,1,60,,233380,37,,,1,20,,233381,37,,,1,20,,233382,37,,,1,60,,233383,37,,,1,20,,233384,37,,,1,20,,233385,37,,,1,60,,233386,37,,,1,20,,233387,37,,,1,20,,233388,37,,,1,60,,233389,37,,,1,21,,233390,37,,,1,25,,233391,37,,,1,61,,233392,37,,,1,20,,233393,37,,,1,20,,233433,37,,,1,60,,233423,37,,,1,20,,233394,37,,,1,20,,233396,37,,,1,60,,233395,37,,,1,20,,233397,37,,,1,19,,233398,37,,,1,56,,233399,37,,,1,18,,233400,37,,,1,20,,233401,37,,,1,60,,233402,37,,,1,20,,233403,37,,,1,20,,233404,37,,,1,60,,233405,37,,,1,20,,233406,37,,,1,20,,233407,37,,,1,60,,233415,37,,,1,27,,233408,37,,,1,99,,233409,37,,,1,100,,233410,37,,,1
71900,'719-Weekday-2-26-09-1111100',507,,233487,37,,,1,30,,233489,37,,,1,70,,233442,37,,,1,8,,233490,37,,,1,7,,233498,37,,,1,9,,233513,37,,,1,10,,233510,37,,,1,11,,233488,37,,,1,50,,233443,37,,,1,10,,233514,37,,,1,16,,233496,37,,,1,8,,233502,37,,,1,7,,233444,37,,,1,8,,233503,37,,,1,7,,233511,37,,,1,48,,233508,37,,,1,7,,233445,37,,,1,8,,233504,37,,,1,7,,233447,37,,,1,6,,233505,37,,,1,5,,233446,37,,,1,6,,233506,37,,,1,6,,233512,37,,,1,8,,233515,37,,,1,47,,233497,37,,,1,18,,233448,37,,,1,18,,233449,37,,,1,60,,233450,37,,,1,20,,233451,37,,,1,20,,233452,37,,,1,60,,233453,37,,,1,20,,233454,37,,,1,20,,233455,37,,,1,60,,233456,37,,,1,20,,233457,37,,,1,20,,233458,37,,,1,60,,233459,37,,,1,20,,233460,37,,,1,20,,233461,37,,,1,60,,233462,37,,,1,20,,233463,37,,,1,20,,233464,37,,,1,60,,233465,37,,,1,21,,233466,37,,,1,25,,233467,37,,,1,61,,233468,37,,,1,20,,233469,37,,,1,20,,233509,37,,,1,60,,233499,37,,,1,20,,233470,37,,,1,20,,233472,37,,,1,60,,233471,37,,,1,20,,233473,37,,,1,19,,233474,37,,,1,56,,233475,37,,,1,18,,233476,37,,,1,20,,233477,37,,,1,60,,233478,37,,,1,20,,233479,37,,,1,20,,233480,37,,,1,60,,233481,37,,,1,20,,233482,37,,,1,20,,233483,37,,,1,60,,233491,37,,,1,27,,233484,37,,,1,99,,233485,37,,,1,100,,233486,37,,,1
71900,'719-Weekday-4-26-09-1111100',507,,233563,37,,,1,30,,233565,37,,,1,70,,233518,37,,,1,8,,233566,37,,,1,7,,233574,37,,,1,9,,233589,37,,,1,10,,233586,37,,,1,11,,233564,37,,,1,50,,233519,37,,,1,10,,233590,37,,,1,16,,233572,37,,,1,8,,233578,37,,,1,7,,233520,37,,,1,8,,233579,37,,,1,7,,233587,37,,,1,48,,233584,37,,,1,7,,233521,37,,,1,8,,233580,37,,,1,7,,233523,37,,,1,6,,233581,37,,,1,5,,233522,37,,,1,6,,233582,37,,,1,6,,233588,37,,,1,8,,233591,37,,,1,47,,233573,37,,,1,18,,233524,37,,,1,18,,233525,37,,,1,60,,233526,37,,,1,20,,233527,37,,,1,20,,233528,37,,,1,60,,233529,37,,,1,20,,233530,37,,,1,20,,233531,37,,,1,60,,233532,37,,,1,20,,233533,37,,,1,20,,233534,37,,,1,60,,233535,37,,,1,20,,233536,37,,,1,20,,233537,37,,,1,60,,233538,37,,,1,20,,233539,37,,,1,20,,233540,37,,,1,60,,233541,37,,,1,21,,233542,37,,,1,25,,233543,37,,,1,61,,233544,37,,,1,20,,233545,37,,,1,20,,233585,37,,,1,60,,233575,37,,,1,20,,233546,37,,,1,20,,233548,37,,,1,60,,233547,37,,,1,20,,233549,37,,,1,19,,233550,37,,,1,56,,233551,37,,,1,18,,233552,37,,,1,20,,233553,37,,,1,60,,233554,37,,,1,20,,233555,37,,,1,20,,233556,37,,,1,60,,233557,37,,,1,20,,233558,37,,,1,20,,233559,37,,,1,60,,233567,37,,,1,27,,233560,37,,,1,99,,233561,37,,,1,100,,233562,37,,,1
71900,'719-Saturday-1-26-09-0000010',615,,233594,37,,,1,30,,233595,37,,,1,70,,233596,37,,,1,30,,233597,37,,,1,70,,233598,37,,,1,30,,233599,37,,,1,74,,233600,37,,,1,34,,233601,37,,,1,70,,233602,37,,,1,30,,233603,37,,,1,70,,233604,37,,,1,30,,233605,37,,,1,70,,233606,37,,,1,30,,233607,37,,,1,70,,233608,37,,,1,30,,233609,37,,,1,70,,233610,37,,,1,30,,233611,37,,,1,70,,233612,37,,,1,30,,233613,37,,,1,70,,233614,37,,,1,30,,233615,37,,,1,66,,233616,37,,,1,29,,233617,37,,,1,70,,233618,37,,,1,30,,233619,37,,,1,70,,233620,37,,,1,30,,233621,37,,,1,70,,233622,37,,,1,30,,233623,37,,,1,70,,233624,37,,,1,30,,233625,37,,,1,70,,233626,37,,,1,30,,233627,37,,,1,70,,233628,37,,,1,30,,233629,37,,,1,70,,233630,37,,,1
71900,'719-Sunday-1-26-09-0000001',616,,233631,37,,,1,100,,233632,37,,,1,100,,233633,37,,,1,103,,233634,37,,,1,102,,233635,37,,,1,100,,233636,37,,,1,30,,233637,37,,,1,70,,233638,37,,,1,30,,233639,37,,,1,70,,233640,37,,,1,30,,233641,37,,,1,70,,233642,37,,,1,30,,233643,37,,,1,70,,233644,37,,,1,30,,233645,37,,,1,70,,233646,37,,,1,30,,233647,37,,,1,67,,233648,37,,,1,29,,233649,37,,,1,70,,233650,37,,,1,30,,233651,37,,,1,70,,233652,37,,,1,30,,233653,37,,,1,85,,233654,37,,,1,100,,233655,37,,,1,100,,233656,37,,,1,100,,233657,37,,,1,100,,233658,37,,,1
72100,'721-Weekday-1-26-09-0001000',1449,,233912,26,,,1
72100,'721-Weekday-1-26-09-1110100',1534,,233913,26,,,1,3,,233914,26,,,1
72100,'721-Weekday-1-26-09-1111100',519,,233956,32,,,1,20,,233957,32,,,1,20,,233958,32,,,1,60,,233959,32,,,1,22,,233915,26,,,1,14,,233960,32,,,1,50,,233916,26,,,1,12,,233968,32,,,1,12,,233917,26,,,1,8,,233970,32,,,1,7,,233974,26,,,1,8,,233961,32,,,1,48,,233918,26,,,1,8,,233975,32,,,1,8,,233919,26,,,1,7,,233976,32,,,1,8,,233969,26,,,1,7,,233977,32,,,1,8,,233920,26,,,1,7,,233978,32,,,1,6,,233921,26,,,1,52,,233971,26,,,1,14,,233923,26,,,1,16,,233922,26,,,1,18,,233924,26,,,1,60,,233925,26,,,1,20,,233926,26,,,1,20,,233927,26,,,1,60,,233928,26,,,1,20,,233929,26,,,1,20,,233930,26,,,1,60,,233931,26,,,1,20,,233932,26,,,1,20,,233933,26,,,1,60,,233934,26,,,1,20,,233935,26,,,1,20,,233936,26,,,1,60,,233937,26,,,1,20,,233938,26,,,1,20,,233939,26,,,1,62,,233940,26,,,1,26,,233941,26,,,1,62,,233972,26,,,1,20,,233965,26,,,1,20,,233966,26,,,1,60,,233967,26,,,1,20,,233964,26,,,1,20,,233973,26,,,1,57,,233979,26,,,1,20,,233980,26,,,1,16,,233963,26,,,1,60,,233962,26,,,1,17,,233942,26,,,1,20,,233943,26,,,1,20,,233944,26,,,1,60,,233945,26,,,1,20,,233946,26,,,1,20,,233947,26,,,1,60,,233948,26,,,1,20,,233949,26,,,1,20,,233950,26,,,1,57,,233951,26,,,1,30,,233952,26,,,1,70,,233953,26,,,1,30,,233954,26,,,1,70,,233955,26,,,1
72100,'721-Weekday-2-26-09-1110100',1534,,233981,26,,,1,3,,233982,26,,,1
72100,'721-Weekday-2-26-09-1111100',519,,234024,32,,,1,20,,234025,32,,,1,20,,234026,32,,,1,60,,234027,32,,,1,22,,233983,26,,,1,14,,234028,32,,,1,50,,233984,26,,,1,12,,234036,32,,,1,12,,233985,26,,,1,8,,234038,32,,,1,7,,234042,26,,,1,8,,234029,32,,,1,48,,233986,26,,,1,8,,234043,32,,,1,8,,233987,26,,,1,7,,234044,32,,,1,8,,234037,26,,,1,7,,234045,32,,,1,8,,233988,26,,,1,7,,234046,32,,,1,6,,233989,26,,,1,52,,234039,26,,,1,14,,233991,26,,,1,16,,233990,26,,,1,18,,233992,26,,,1,60,,233993,26,,,1,20,,233994,26,,,1,20,,233995,26,,,1,60,,233996,26,,,1,20,,233997,26,,,1,20,,233998,26,,,1,60,,233999,26,,,1,20,,234000,26,,,1,20,,234001,26,,,1,60,,234002,26,,,1,20,,234003,26,,,1,20,,234004,26,,,1,60,,234005,26,,,1,20,,234006,26,,,1,20,,234007,26,,,1,62,,234008,26,,,1,26,,234009,26,,,1,62,,234040,26,,,1,20,,234033,26,,,1,20,,234034,26,,,1,60,,234035,26,,,1,20,,234032,26,,,1,20,,234041,26,,,1,57,,234047,26,,,1,20,,234048,26,,,1,16,,234031,26,,,1,60,,234030,26,,,1,17,,234010,26,,,1,20,,234011,26,,,1,20,,234012,26,,,1,60,,234013,26,,,1,20,,234014,26,,,1,20,,234015,26,,,1,60,,234016,26,,,1,20,,234017,26,,,1,20,,234018,26,,,1,57,,234019,26,,,1,30,,234020,26,,,1,70,,234021,26,,,1,30,,234022,26,,,1,70,,234023,26,,,1
72100,'721-Weekday-4-26-09-1111100',519,,234090,32,,,1,20,,234091,32,,,1,20,,234092,32,,,1,60,,234093,32,,,1,22,,234049,26,,,1,14,,234094,32,,,1,50,,234050,26,,,1,12,,234102,32,,,1,12,,234051,26,,,1,8,,234104,32,,,1,7,,234108,26,,,1,8,,234095,32,,,1,48,,234052,26,,,1,8,,234109,32,,,1,8,,234053,26,,,1,7,,234110,32,,,1,8,,234103,26,,,1,7,,234111,32,,,1,8,,234054,26,,,1,7,,234112,32,,,1,6,,234055,26,,,1,52,,234105,26,,,1,14,,234057,26,,,1,16,,234056,26,,,1,18,,234058,26,,,1,60,,234059,26,,,1,20,,234060,26,,,1,20,,234061,26,,,1,60,,234062,26,,,1,20,,234063,26,,,1,20,,234064,26,,,1,60,,234065,26,,,1,20,,234066,26,,,1,20,,234067,26,,,1,60,,234068,26,,,1,20,,234069,26,,,1,20,,234070,26,,,1,60,,234071,26,,,1,20,,234072,26,,,1,20,,234073,26,,,1,62,,234074,26,,,1,26,,234075,26,,,1,62,,234106,26,,,1,20,,234099,26,,,1,20,,234100,26,,,1,60,,234101,26,,,1,20,,234098,26,,,1,20,,234107,26,,,1,57,,234113,26,,,1,20,,234114,26,,,1,16,,234097,26,,,1,60,,234096,26,,,1,17,,234076,26,,,1,20,,234077,26,,,1,20,,234078,26,,,1,60,,234079,26,,,1,20,,234080,26,,,1,20,,234081,26,,,1,60,,234082,26,,,1,20,,234083,26,,,1,20,,234084,26,,,1,57,,234085,26,,,1,30,,234086,26,,,1,70,,234087,26,,,1,30,,234088,26,,,1,70,,234089,26,,,1
72100,'721-Saturday-1-26-09-0000010',604,,234162,32,,,1,30,,234115,32,,,1,70,,234116,32,,,1,30,,234117,32,,,1,70,,234118,32,,,1,30,,234119,32,,,1,25,,234120,32,,,1,62,,234121,32,,,1,24,,234122,32,,,1,60,,234123,32,,,1,20,,234124,32,,,1,20,,234125,32,,,1,60,,234126,32,,,1,20,,234127,32,,,1,20,,234128,32,,,1,60,,234129,32,,,1,20,,234130,32,,,1,20,,234131,32,,,1,60,,234132,32,,,1,20,,234133,32,,,1,20,,234134,32,,,1,60,,234135,32,,,1,20,,234136,32,,,1,20,,234137,32,,,1,61,,234138,32,,,1,21,,234139,32,,,1,20,,234140,32,,,1,60,,234141,32,,,1,20,,234142,32,,,1,20,,234143,32,,,1,59,,234144,32,,,1,18,,234145,32,,,1,18,,234146,32,,,1,60,,234147,32,,,1,20,,234148,32,,,1,20,,234149,32,,,1,60,,234150,32,,,1,20,,234151,32,,,1,30,,234152,32,,,1,70,,234153,32,,,1,30,,234154,32,,,1,70,,234155,32,,,1,30,,234156,32,,,1,70,,234157,32,,,1,30,,234158,32,,,1,70,,234159,32,,,1,30,,234160,32,,,1
72100,'721-Sunday-1-26-09-0000001',626,,234198,32,,,1,30,,234187,32,,,1,70,,234182,32,,,1,30,,234181,32,,,1,70,,234183,32,,,1,30,,234180,32,,,1,69,,234186,32,,,1,31,,234184,32,,,1,70,,234172,32,,,1,30,,234192,32,,,1,70,,234167,32,,,1,30,,234165,32,,,1,70,,234171,32,,,1,30,,234170,32,,,1,67,,234164,32,,,1,30,,234168,32,,,1,70,,234169,32,,,1,30,,234195,32,,,1,70,,234177,32,,,1,30,,234197,32,,,1,70,,234194,32,,,1,30,,234191,32,,,1,69,,234188,32,,,1,31,,234189,32,,,1,70,,234185,32,,,1,30,,234196,32,,,1,70,,234190,32,,,1,30,,234193,32,,,1,70,,234173,32,,,1,30,,234176,32,,,1,70,,234175,32,,,1,30,,234174,32,,,1,85,,234179,32,,,1,100,,234178,32,,,1,100,,234166,32,,,1
72200,'722-Weekday-1-26-09-1111100',544,,234534,31,,,1,60,,234535,31,,,1,20,,234481,31,,,1,26,,234482,31,,,1,60,,234529,31,,,1,7,,234483,31,,,1,8,,234544,31,,,1,10,,234539,31,,,1,12,,234530,31,,,1,9,,234484,31,,,1,48,,234531,31,,,1,7,,234485,31,,,1,8,,234545,31,,,1,7,,234540,31,,,1,5,,234532,31,,,1,5,,234486,31,,,1,5,,234533,31,,,1,6,,234487,31,,,1,8,,234538,31,,,1,46,,234541,31,,,1,12,,234491,31,,,1,17,,234488,31,,,1,17,,234489,31,,,1,60,,234490,31,,,1,20,,234492,31,,,1,20,,234493,31,,,1,60,,234494,31,,,1,20,,234495,31,,,1,20,,234496,31,,,1,60,,234497,31,,,1,20,,234498,31,,,1,20,,234499,31,,,1,60,,234500,31,,,1,20,,234501,31,,,1,20,,234502,31,,,1,60,,234503,31,,,1,20,,234504,31,,,1,20,,234505,31,,,1,61,,234506,31,,,1,22,,234507,31,,,1,28,,234508,31,,,1,62,,234509,31,,,1,20,,234536,31,,,1,60,,234542,31,,,1,20,,234510,31,,,1,20,,234512,31,,,1,19,,234511,31,,,1,59,,234537,31,,,1,17,,234543,31,,,1,12,,234513,31,,,1,57,,234514,31,,,1,20,,234515,31,,,1,20,,234516,31,,,1,60,,234517,31,,,1,20,,234518,31,,,1,20,,234519,31,,,1,60,,234520,31,,,1,20,,234521,31,,,1,20,,234522,31,,,1,60,,234523,31,,,1,20,,234524,31,,,1,30,,234525,31,,,1,70,,234526,31,,,1,30,,234527,31,,,1,70,,234528,31,,,1
72200,'722-Weekday-2-26-09-1111100',544,,234599,31,,,1,60,,234600,31,,,1,20,,234546,31,,,1,26,,234547,31,,,1,60,,234594,31,,,1,7,,234548,31,,,1,8,,234609,31,,,1,10,,234604,31,,,1,12,,234595,31,,,1,9,,234549,31,,,1,48,,234596,31,,,1,7,,234550,31,,,1,8,,234610,31,,,1,7,,234605,31,,,1,5,,234597,31,,,1,5,,234551,31,,,1,5,,234598,31,,,1,6,,234552,31,,,1,8,,234603,31,,,1,46,,234606,31,,,1,12,,234556,31,,,1,17,,234553,31,,,1,17,,234554,31,,,1,60,,234555,31,,,1,20,,234557,31,,,1,20,,234558,31,,,1,60,,234559,31,,,1,20,,234560,31,,,1,20,,234561,31,,,1,60,,234562,31,,,1,20,,234563,31,,,1,20,,234564,31,,,1,60,,234565,31,,,1,20,,234566,31,,,1,20,,234567,31,,,1,60,,234568,31,,,1,20,,234569,31,,,1,20,,234570,31,,,1,61,,234571,31,,,1,22,,234572,31,,,1,28,,234573,31,,,1,62,,234574,31,,,1,20,,234601,31,,,1,60,,234607,31,,,1,20,,234575,31,,,1,20,,234577,31,,,1,19,,234576,31,,,1,59,,234602,31,,,1,17,,234608,31,,,1,12,,234578,31,,,1,57,,234579,31,,,1,20,,234580,31,,,1,20,,234581,31,,,1,60,,234582,31,,,1,20,,234583,31,,,1,20,,234584,31,,,1,60,,234585,31,,,1,20,,234586,31,,,1,20,,234587,31,,,1,60,,234588,31,,,1,20,,234589,31,,,1,30,,234590,31,,,1,70,,234591,31,,,1,30,,234592,31,,,1,70,,234593,31,,,1
72200,'722-Weekday-4-26-09-1111100',544,,234664,31,,,1,60,,234665,31,,,1,20,,234611,31,,,1,26,,234612,31,,,1,60,,234659,31,,,1,7,,234613,31,,,1,8,,234674,31,,,1,10,,234669,31,,,1,12,,234660,31,,,1,9,,234614,31,,,1,48,,234661,31,,,1,7,,234615,31,,,1,8,,234675,31,,,1,7,,234670,31,,,1,5,,234662,31,,,1,5,,234616,31,,,1,5,,234663,31,,,1,6,,234617,31,,,1,8,,234668,31,,,1,46,,234671,31,,,1,12,,234621,31,,,1,17,,234618,31,,,1,17,,234619,31,,,1,60,,234620,31,,,1,20,,234622,31,,,1,20,,234623,31,,,1,60,,234624,31,,,1,20,,234625,31,,,1,20,,234626,31,,,1,60,,234627,31,,,1,20,,234628,31,,,1,20,,234629,31,,,1,60,,234630,31,,,1,20,,234631,31,,,1,20,,234632,31,,,1,60,,234633,31,,,1,20,,234634,31,,,1,20,,234635,31,,,1,61,,234636,31,,,1,22,,234637,31,,,1,28,,234638,31,,,1,62,,234639,31,,,1,20,,234666,31,,,1,60,,234672,31,,,1,20,,234640,31,,,1,20,,234642,31,,,1,19,,234641,31,,,1,59,,234667,31,,,1,17,,234673,31,,,1,12,,234643,31,,,1,57,,234644,31,,,1,20,,234645,31,,,1,20,,234646,31,,,1,60,,234647,31,,,1,20,,234648,31,,,1,20,,234649,31,,,1,60,,234650,31,,,1,20,,234651,31,,,1,20,,234652,31,,,1,60,,234653,31,,,1,20,,234654,31,,,1,30,,234655,31,,,1,70,,234656,31,,,1,30,,234657,31,,,1,70,,234658,31,,,1
72200,'722-Saturday-1-26-09-0000010',546,,234723,19,,,1,70,,234724,19,,,1,30,,234676,31,,,1,70,,234677,31,,,1,30,,234678,31,,,1,70,,234679,31,,,1,30,,234680,31,,,1,62,,234681,31,,,1,21,,234682,31,,,1,19,,234683,31,,,1,60,,234684,31,,,1,20,,234685,31,,,1,20,,234686,31,,,1,60,,234687,31,,,1,20,,234688,31,,,1,20,,234689,31,,,1,60,,234690,31,,,1,20,,234691,31,,,1,20,,234692,31,,,1,60,,234693,31,,,1,20,,234694,31,,,1,20,,234695,31,,,1,60,,234696,31,,,1,20,,234697,31,,,1,20,,234698,31,,,1,60,,234699,31,,,1,20,,234700,31,,,1,20,,234701,31,,,1,60,,234702,31,,,1,20,,234703,31,,,1,20,,234704,31,,,1,58,,234705,31,,,1,19,,234706,31,,,1,21,,234707,31,,,1,60,,234708,31,,,1,20,,234709,31,,,1,20,,234710,31,,,1,60,,234711,31,,,1,20,,234712,31,,,1,20,,234713,31,,,1,70,,234714,31,,,1,30,,234715,31,,,1,70,,234716,31,,,1,30,,234717,31,,,1,70,,234718,31,,,1,30,,234719,31,,,1,70,,234720,31,,,1,30,,234721,31,,,1,70,,234722,31,,,1
72200,'722-Sunday-1-26-09-0000001',637,,234725,31,,,1,70,,234726,31,,,1,30,,234727,31,,,1,70,,234728,31,,,1,30,,234729,31,,,1,72,,234730,31,,,1,31,,234731,31,,,1,70,,234732,31,,,1,30,,234733,31,,,1,70,,234734,31,,,1,30,,234735,31,,,1,70,,234736,31,,,1,30,,234737,31,,,1,70,,234738,31,,,1,30,,234739,31,,,1,70,,234740,31,,,1,30,,234741,31,,,1,70,,234742,31,,,1,30,,234743,31,,,1,70,,234744,31,,,1,30,,234745,31,,,1,70,,234746,31,,,1,31,,234747,31,,,1,70,,234748,31,,,1,30,,234749,31,,,1,70,,234750,31,,,1,30,,234751,31,,,1,70,,234752,31,,,1,30,,234753,31,,,1,70,,234754,31,,,1,30,,234755,31,,,1,100,,234756,31,,,1,100,,234757,31,,,1
72900,'729-Weekday-1-26-09-1111100',622,,235344,23,,,1,78,,235343,23,,,1,22,,235336,23,,,1,20,,235337,23,,,1,15,,235345,23,,,1,45,,235338,23,,,1,20,,235339,23,,,1,20,,235340,23,,,1,59,,235341,23,,,1,16,,235342,23,,,1,18,,235308,23,,,1,67,,235309,23,,,1,30,,235310,23,,,1,70,,235311,23,,,1,30,,235312,23,,,1,70,,235313,23,,,1,30,,235314,23,,,1,70,,235315,23,,,1,30,,235307,23,,,1,70,,235316,23,,,1,30,,235317,23,,,1,70,,235318,23,,,1,34,,235319,23,,,1,66,,235320,23,,,1,20,,235321,23,,,1,20,,235322,23,,,1,60,,235323,23,,,1,20,,235324,23,,,1,20,,235325,23,,,1,60,,235326,23,,,1,25,,235327,23,,,1,24,,235328,23,,,1,65,,235329,23,,,1,34,,235330,23,,,1,70,,235331,23,,,1,30,,235332,23,,,1,70,,235333,23,,,1,30,,235334,23,,,1,70,,235335,23,,,1
72900,'729-Weekday-2-26-09-1111100',622,,235383,23,,,1,78,,235382,23,,,1,22,,235375,23,,,1,20,,235376,23,,,1,15,,235384,23,,,1,45,,235377,23,,,1,20,,235378,23,,,1,20,,235379,23,,,1,59,,235380,23,,,1,16,,235381,23,,,1,18,,235347,23,,,1,67,,235348,23,,,1,30,,235349,23,,,1,70,,235350,23,,,1,30,,235351,23,,,1,70,,235352,23,,,1,30,,235353,23,,,1,70,,235354,23,,,1,30,,235346,23,,,1,70,,235355,23,,,1,30,,235356,23,,,1,70,,235357,23,,,1,34,,235358,23,,,1,66,,235359,23,,,1,20,,235360,23,,,1,20,,235361,23,,,1,60,,235362,23,,,1,20,,235363,23,,,1,20,,235364,23,,,1,60,,235365,23,,,1,25,,235366,23,,,1,24,,235367,23,,,1,65,,235368,23,,,1,34,,235369,23,,,1,70,,235370,23,,,1,30,,235371,23,,,1,70,,235372,23,,,1,30,,235373,23,,,1,70,,235374,23,,,1
72900,'729-Weekday-4-26-09-1111100',622,,235422,23,,,1,78,,235421,23,,,1,22,,235414,23,,,1,20,,235415,23,,,1,60,,235416,23,,,1,20,,235417,23,,,1,20,,235418,23,,,1,59,,235419,23,,,1,16,,235420,23,,,1,18,,235386,23,,,1,67,,235387,23,,,1,30,,235388,23,,,1,70,,235389,23,,,1,30,,235390,23,,,1,70,,235391,23,,,1,30,,235392,23,,,1,70,,235393,23,,,1,30,,235385,23,,,1,70,,235394,23,,,1,30,,235395,23,,,1,70,,235396,23,,,1,34,,235397,23,,,1,66,,235398,23,,,1,20,,235399,23,,,1,20,,235400,23,,,1,60,,235401,23,,,1,20,,235402,23,,,1,20,,235403,23,,,1,60,,235404,23,,,1,25,,235405,23,,,1,24,,235406,23,,,1,65,,235407,23,,,1,34,,235408,23,,,1,70,,235409,23,,,1,30,,235410,23,,,1,70,,235411,23,,,1,30,,235412,23,,,1,70,,235413,23,,,1
