61400,'614-Weekday-1-26-02-0001000',1232,,9971,,,1,213,,9972,,,1
61400,'614-Weekday-1-26-02-1110100',1530,,9973,,,1,15,,9974,,,1
61400,'614-Weekday-2-26-02-0001000',1232,,61667,,,1,213,,61668,,,1
61400,'614-Weekday-2-26-02-1110100',1530,,61669,,,1,15,,61670,,,1
61400,'614-Weekday-4-26-02-1110100',1545,,61671,,,1
61400,'614-Weekday-5-26-02-0000100',1232,,61672,,,1
61400,'614-Weekday-5-26-02-0001000',1445,,61673,,,1
61400,'614-Weekday-5-26-02-1110100',1545,,61674,,,1
61400,'614-Weekday-5-26-02-1111000',1530,,61675,,,1
61400,'614-Weekday-6-26-02-1110100',1530,,61676,,,1
61400,'614-Weekday-8-26-02-1110100',1530,,61677,,,1
61700,'617-Weekday-1-26-02-0001000',1424,,9983,,,1,4,,9984,,,1
61700,'617-Weekday-1-26-02-1110100',1522,,9985,,,1,4,,9986,,,1
61700,'617-Weekday-2-26-02-0001000',1424,,61701,,,1,4,,61702,,,1
61700,'617-Weekday-2-26-02-1110100',1522,,61703,,,1,4,,61704,,,1
61700,'617-Weekday-4-26-02-1110100',1522,,61705,,,1,4,,61706,,,1
61700,'617-Weekday-5-26-02-0001000',1424,,61707,,,1,4,,61708,,,1
61700,'617-Weekday-5-26-02-1110100',1522,,61709,,,1,4,,61710,,,1
