50700,'507-Weekday-1-26-02-1111100',518,,7688,,,1,30,,7689,,,1,70,,7690,,,1,34,,7691,,,1,70,,7692,,,1,30,,7693,,,1,66,,7728,,,1,26,,7727,,,1,65,,7694,,,1,30,,7695,,,1,70,,7696,,,1,30,,7697,,,1,70,,7698,,,1,30,,7699,,,1,70,,7700,,,1,30,,7701,,,1,70,,7702,,,1,30,,7703,,,1,70,,7704,,,1,30,,7705,,,1,73,,7706,,,1,26,,7730,,,1,4,,7707,,,1,15,,7708,,,1,55,,7709,,,1,15,,7710,,,1,15,,7711,,,1,15,,7712,,,1,55,,7713,,,1,15,,7714,,,1,15,,7715,,,1,15,,7716,,,1,55,,7717,,,1,27,,7718,,,1,71,,7719,,,1,30,,7720,,,1,70,,7721,,,1,30,,7722,,,1,70,,7723,,,1,30,,7724,,,1,69,,7729,,,1,50,,7725,,,1,100,,7726,,,1
50700,'507-Weekday-2-26-02-1111100',518,,51358,,,1,30,,51359,,,1,70,,51360,,,1,34,,51361,,,1,70,,51362,,,1,30,,51363,,,1,66,,51398,,,1,26,,51397,,,1,65,,51364,,,1,30,,51365,,,1,70,,51366,,,1,30,,51367,,,1,70,,51368,,,1,30,,51369,,,1,70,,51370,,,1,30,,51371,,,1,70,,51372,,,1,30,,51373,,,1,70,,51374,,,1,30,,51375,,,1,73,,51376,,,1,26,,51400,,,1,4,,51377,,,1,15,,51378,,,1,55,,51379,,,1,15,,51380,,,1,15,,51381,,,1,15,,51382,,,1,55,,51383,,,1,15,,51384,,,1,15,,51385,,,1,15,,51386,,,1,55,,51387,,,1,27,,51388,,,1,71,,51389,,,1,30,,51390,,,1,70,,51391,,,1,30,,51392,,,1,70,,51393,,,1,30,,51394,,,1,69,,51399,,,1,50,,51395,,,1,100,,51396,,,1
50700,'507-Weekday-4-26-02-1111100',518,,51401,,,1,30,,51402,,,1,70,,51403,,,1,34,,51404,,,1,70,,51405,,,1,30,,51406,,,1,66,,51441,,,1,26,,51440,,,1,65,,51407,,,1,30,,51408,,,1,70,,51409,,,1,30,,51410,,,1,70,,51411,,,1,30,,51412,,,1,70,,51413,,,1,30,,51414,,,1,70,,51415,,,1,30,,51416,,,1,70,,51417,,,1,30,,51418,,,1,73,,51419,,,1,30,,51420,,,1,15,,51421,,,1,55,,51422,,,1,15,,51423,,,1,15,,51424,,,1,15,,51425,,,1,55,,51426,,,1,15,,51427,,,1,15,,51428,,,1,15,,51429,,,1,55,,51430,,,1,27,,51431,,,1,71,,51432,,,1,30,,51433,,,1,70,,51434,,,1,30,,51435,,,1,70,,51436,,,1,30,,51437,,,1,69,,51442,,,1,50,,51438,,,1,100,,51439,,,1
50700,'507-Weekday-5-26-02-1111100',518,,51444,,,1,30,,51445,,,1,70,,51446,,,1,34,,51447,,,1,70,,51448,,,1,30,,51449,,,1,66,,51484,,,1,26,,51483,,,1,65,,51450,,,1,30,,51451,,,1,70,,51452,,,1,30,,51453,,,1,70,,51454,,,1,30,,51455,,,1,70,,51456,,,1,30,,51457,,,1,70,,51458,,,1,30,,51459,,,1,70,,51460,,,1,30,,51461,,,1,73,,51462,,,1,26,,51486,,,1,4,,51463,,,1,15,,51464,,,1,55,,51465,,,1,15,,51466,,,1,15,,51467,,,1,15,,51468,,,1,55,,51469,,,1,15,,51470,,,1,15,,51471,,,1,15,,51472,,,1,55,,51473,,,1,27,,51474,,,1,71,,51475,,,1,30,,51476,,,1,70,,51477,,,1,30,,51478,,,1,70,,51479,,,1,30,,51480,,,1,69,,51485,,,1,50,,51481,,,1,100,,51482,,,1
50700,'507-Weekday-6-26-02-1111100',518,,51487,,,1,30,,51488,,,1,70,,51489,,,1,34,,51490,,,1,70,,51491,,,1,30,,51492,,,1,66,,51527,,,1,26,,51526,,,1,65,,51493,,,1,30,,51494,,,1,70,,51495,,,1,30,,51496,,,1,70,,51497,,,1,30,,51498,,,1,70,,51499,,,1,30,,51500,,,1,70,,51501,,,1,30,,51502,,,1,70,,51503,,,1,30,,51504,,,1,73,,51505,,,1,26,,51529,,,1,4,,51506,,,1,15,,51507,,,1,55,,51508,,,1,15,,51509,,,1,15,,51510,,,1,15,,51511,,,1,55,,51512,,,1,15,,51513,,,1,15,,51514,,,1,15,,51515,,,1,55,,51516,,,1,27,,51517,,,1,71,,51518,,,1,30,,51519,,,1,70,,51520,,,1,30,,51521,,,1,70,,51522,,,1,30,,51523,,,1,69,,51528,,,1,50,,51524,,,1,100,,51525,,,1
50700,'507-Weekday-7-26-02-1111100',518,,51530,,,1,30,,51531,,,1,70,,51532,,,1,34,,51533,,,1,70,,51534,,,1,30,,51535,,,1,66,,51570,,,1,26,,51569,,,1,65,,51536,,,1,30,,51537,,,1,70,,51538,,,1,30,,51539,,,1,70,,51540,,,1,30,,51541,,,1,70,,51542,,,1,30,,51543,,,1,70,,51544,,,1,30,,51545,,,1,70,,51546,,,1,30,,51547,,,1,73,,51548,,,1,30,,51549,,,1,15,,51550,,,1,55,,51551,,,1,15,,51552,,,1,15,,51553,,,1,15,,51554,,,1,55,,51555,,,1,15,,51556,,,1,15,,51557,,,1,15,,51558,,,1,55,,51559,,,1,27,,51560,,,1,71,,51561,,,1,30,,51562,,,1,70,,51563,,,1,30,,51564,,,1,70,,51565,,,1,30,,51566,,,1,69,,51571,,,1,50,,51567,,,1,100,,51568,,,1
50700,'507-Weekday-8-26-02-1111100',518,,51572,,,1,30,,51573,,,1,70,,51574,,,1,34,,51575,,,1,70,,51576,,,1,30,,51577,,,1,66,,51612,,,1,26,,51611,,,1,65,,51578,,,1,30,,51579,,,1,70,,51580,,,1,30,,51581,,,1,70,,51582,,,1,30,,51583,,,1,70,,51584,,,1,30,,51585,,,1,70,,51586,,,1,30,,51587,,,1,70,,51588,,,1,30,,51589,,,1,73,,51590,,,1,26,,51614,,,1,4,,51591,,,1,15,,51592,,,1,55,,51593,,,1,15,,51594,,,1,15,,51595,,,1,15,,51596,,,1,55,,51597,,,1,15,,51598,,,1,15,,51599,,,1,15,,51600,,,1,55,,51601,,,1,27,,51602,,,1,71,,51603,,,1,30,,51604,,,1,70,,51605,,,1,30,,51606,,,1,70,,51607,,,1,30,,51608,,,1,69,,51613,,,1,50,,51609,,,1,100,,51610,,,1
50700,'507-Weekday-9-26-02-1111100',518,,51615,,,1,30,,51616,,,1,70,,51617,,,1,34,,51618,,,1,70,,51619,,,1,30,,51620,,,1,66,,51655,,,1,26,,51654,,,1,65,,51621,,,1,30,,51622,,,1,70,,51623,,,1,30,,51624,,,1,70,,51625,,,1,30,,51626,,,1,70,,51627,,,1,30,,51628,,,1,70,,51629,,,1,30,,51630,,,1,70,,51631,,,1,30,,51632,,,1,73,,51633,,,1,26,,51657,,,1,4,,51634,,,1,15,,51635,,,1,55,,51636,,,1,15,,51637,,,1,15,,51638,,,1,15,,51639,,,1,55,,51640,,,1,15,,51641,,,1,15,,51642,,,1,15,,51643,,,1,55,,51644,,,1,27,,51645,,,1,71,,51646,,,1,30,,51647,,,1,70,,51648,,,1,30,,51649,,,1,70,,51650,,,1,30,,51651,,,1,69,,51656,,,1,50,,51652,,,1,100,,51653,,,1
50700,'507-Saturday-1-26-02-0000010',554,,7731,,,1,100,,7732,,,1,100,,7733,,,1,70,,7734,,,1,30,,7735,,,1,71,,7736,,,1,30,,7737,,,1,70,,7738,,,1,30,,7739,,,1,70,,7740,,,1,30,,7741,,,1,70,,7742,,,1,30,,7743,,,1,70,,7744,,,1,30,,7745,,,1,70,,7746,,,1,30,,7747,,,1,70,,7748,,,1,30,,7749,,,1,70,,7750,,,1,30,,7751,,,1,69,,7752,,,1,30,,7753,,,1,70,,7754,,,1,100,,7755,,,1,100,,7756,,,1,100,,7757,,,1,100,,7758,,,1,100,,7759,,,1
50700,'507-Sunday-1-26-02-0000001',623,,51658,,,1,100,,51659,,,1,100,,51660,,,1,101,,51661,,,1,100,,51662,,,1,30,,51663,,,1,70,,51664,,,1,30,,51665,,,1,70,,51666,,,1,30,,51667,,,1,70,,51668,,,1,30,,51669,,,1,70,,51670,,,1,30,,51671,,,1,70,,51672,,,1,30,,51673,,,1,70,,51674,,,1,30,,51675,,,1,70,,51676,,,1,30,,51677,,,1,70,,51678,,,1,91,,51679,,,1,100,,51680,,,1,100,,51681,,,1,100,,51682,,,1,100,,51683,,,1
