11801,'118-Weekday-1-26-04-1111100',545,,115883,36,,,1,70,,115884,36,,,1,36,,115915,36,,,1,60,,115911,36,,,1,20,,115885,36,,,1,20,,115912,36,,,1,60,,115886,36,,,1,20,,115887,36,,,1,20,,115913,36,,,1,70,,115889,36,,,1,30,,115888,36,,,1,70,,115890,36,,,1,30,,115891,36,,,1,70,,115892,36,,,1,30,,115893,36,,,1,70,,115894,36,,,1,30,,115895,36,,,1,70,,115896,36,,,1,30,,115897,36,,,1,70,,115898,36,,,1,30,,115899,36,,,1,73,,115900,36,,,1,31,,115906,36,,,1,55,,115901,36,,,1,15,,115902,36,,,1,15,,115903,36,,,1,15,,115914,36,,,1,55,,115904,36,,,1,15,,115905,36,,,1,15,,115910,36,,,1,15,,115909,36,,,1,70,,115907,36,,,1,27,,115908,36,,,1,69,,115916,36,,,1,30,,115917,36,,,1,70,,115918,36,,,1,30,,115919,36,,,1,70,,115920,36,,,1,30,,115921,36,,,1,69,,115922,36,,,1
11801,'118-Weekday-2-26-04-1111100',545,,137858,36,,,1,70,,137859,36,,,1,36,,137890,36,,,1,60,,137886,36,,,1,20,,137860,36,,,1,20,,137887,36,,,1,60,,137861,36,,,1,20,,137862,36,,,1,20,,137888,36,,,1,70,,137864,36,,,1,30,,137863,36,,,1,70,,137865,36,,,1,30,,137866,36,,,1,70,,137867,36,,,1,30,,137868,36,,,1,70,,137869,36,,,1,30,,137870,36,,,1,70,,137871,36,,,1,30,,137872,36,,,1,70,,137873,36,,,1,30,,137874,36,,,1,73,,137875,36,,,1,31,,137881,36,,,1,55,,137876,36,,,1,15,,137877,36,,,1,15,,137878,36,,,1,15,,137889,36,,,1,55,,137879,36,,,1,15,,137880,36,,,1,15,,137885,36,,,1,15,,137884,36,,,1,70,,137882,36,,,1,27,,137883,36,,,1,69,,137891,36,,,1,30,,137892,36,,,1,70,,137893,36,,,1,30,,137894,36,,,1,70,,137895,36,,,1,30,,137896,36,,,1,69,,137897,36,,,1
11801,'118-Weekday-3-26-04-1111100',545,,137898,36,,,1,70,,137899,36,,,1,36,,137930,36,,,1,60,,137926,36,,,1,20,,137900,36,,,1,20,,137927,36,,,1,60,,137901,36,,,1,20,,137902,36,,,1,20,,137928,36,,,1,70,,137904,36,,,1,30,,137903,36,,,1,70,,137905,36,,,1,30,,137906,36,,,1,70,,137907,36,,,1,30,,137908,36,,,1,70,,137909,36,,,1,30,,137910,36,,,1,70,,137911,36,,,1,30,,137912,36,,,1,70,,137913,36,,,1,30,,137914,36,,,1,73,,137915,36,,,1,31,,137921,36,,,1,55,,137916,36,,,1,15,,137917,36,,,1,15,,137918,36,,,1,15,,137929,36,,,1,55,,137919,36,,,1,15,,137920,36,,,1,15,,137925,36,,,1,15,,137924,36,,,1,70,,137922,36,,,1,27,,137923,36,,,1,69,,137931,36,,,1,30,,137932,36,,,1,70,,137933,36,,,1,30,,137934,36,,,1,70,,137935,36,,,1,30,,137936,36,,,1,69,,137937,36,,,1
11801,'118-Saturday-1-26-04-0000010',706,,115923,36,,,1,100,,115924,36,,,1,45,,115925,36,,,1,78,,115926,36,,,1,29,,115927,36,,,1,70,,115928,36,,,1,30,,115929,36,,,1,70,,115930,36,,,1,30,,115931,36,,,1,70,,115932,36,,,1,30,,115933,36,,,1,70,,115934,36,,,1,30,,115935,36,,,1,70,,115936,36,,,1,30,,115937,36,,,1,70,,115938,36,,,1,30,,115939,36,,,1,70,,115940,36,,,1,30,,115941,36,,,1,69,,115942,36,,,1,30,,115943,36,,,1,70,,115944,36,,,1,30,,115945,36,,,1,70,,115946,36,,,1,30,,115947,36,,,1
11801,'118-Sunday-1-26-04-0000001',622,,115969,36,,,1,100,,115948,36,,,1,100,,115949,36,,,1,98,,115950,36,,,1,85,,115951,36,,,1,30,,115952,36,,,1,70,,115953,36,,,1,30,,115954,36,,,1,70,,115955,36,,,1,30,,115956,36,,,1,70,,115957,36,,,1,30,,115958,36,,,1,70,,115959,36,,,1,30,,115960,36,,,1,70,,115961,36,,,1,30,,115962,36,,,1,70,,115963,36,,,1,30,,115964,36,,,1,69,,115965,36,,,1,29,,115966,36,,,1,70,,115967,36,,,1,30,,115968,36,,,1
61201,'612-Weekday-1-26-04-1111100',739,,120340,35,,,1
61201,'612-Weekday-3-26-04-1111100',739,,141956,35,,,1
62101,'621-Weekday-1-26-04-1111100',744,,120385,15,,,1,5,,120383,15,,,1,80,,120384,15,,,1
62101,'621-Weekday-2-26-04-1111100',829,,141992,15,,,1
62101,'621-Weekday-3-26-04-1111100',744,,141994,15,,,1,5,,141993,15,,,1
