69100,'691-Weekday-1-26-09-1111100',1526,,227902,7,,,1
69100,'691-Weekday-3-26-09-1111100',1526,,227903,7,,,1
90300,'903-Weekday-1-26-09-1111100',531,,236928,31,,,1,70,,236929,31,,,1,30,,236930,31,,,1,24,,236931,31,,,1,63,,236932,31,,,1,22,,236933,31,,,1,60,,236934,31,,,1,20,,236935,31,,,1,20,,236936,31,,,1,60,,236937,31,,,1,20,,236938,31,,,1,20,,236939,31,,,1,19,,236940,31,,,1,60,,236941,31,,,1,20,,236942,31,,,1,20,,236943,31,,,1,60,,236944,31,,,1,20,,236945,31,,,1,20,,236946,31,,,1,60,,236947,31,,,1,20,,236948,31,,,1,20,,236949,31,,,1,60,,236950,31,,,1,20,,236951,31,,,1,20,,236952,31,,,1,60,,236953,31,,,1,20,,236954,31,,,1,20,,236955,31,,,1,63,,236956,31,,,1,16,,236957,31,,,1,17,,236958,31,,,1,55,,236959,31,,,1,15,,236960,31,,,1,15,,236961,31,,,1,15,,236962,31,,,1,55,,236963,31,,,1,15,,236964,31,,,1,15,,236968,31,,,1,15,,236969,31,,,1,63,,236965,31,,,1,22,,236966,31,,,1,60,,236967,31,,,1,25,,236976,31,,,1,30,,236977,31,,,1,70,,236972,31,,,1,30,,236973,31,,,1,70,,236974,31,,,1,98,,236975,31,,,1,100,,236971,31,,,1,100,,236970,31,,,1,100,,236978,31,,,1
90300,'903-Weekday-2-26-09-1111100',531,,236979,31,,,1,70,,236980,31,,,1,30,,236981,31,,,1,24,,236982,31,,,1,63,,236983,31,,,1,22,,236984,31,,,1,60,,236985,31,,,1,20,,236986,31,,,1,20,,236987,31,,,1,60,,236988,31,,,1,20,,236989,31,,,1,20,,236990,31,,,1,19,,236991,31,,,1,60,,236992,31,,,1,20,,236993,31,,,1,20,,236994,31,,,1,60,,236995,31,,,1,20,,236996,31,,,1,20,,236997,31,,,1,60,,236998,31,,,1,20,,236999,31,,,1,20,,237000,31,,,1,60,,237001,31,,,1,20,,237002,31,,,1,20,,237003,31,,,1,60,,237004,31,,,1,20,,237005,31,,,1,20,,237006,31,,,1,63,,237007,31,,,1,16,,237008,31,,,1,17,,237009,31,,,1,55,,237010,31,,,1,15,,237011,31,,,1,15,,237012,31,,,1,15,,237013,31,,,1,55,,237014,31,,,1,15,,237015,31,,,1,15,,237019,31,,,1,15,,237020,31,,,1,63,,237016,31,,,1,22,,237017,31,,,1,60,,237018,31,,,1,25,,237027,31,,,1,30,,237028,31,,,1,70,,237023,31,,,1,30,,237024,31,,,1,70,,237025,31,,,1,98,,237026,31,,,1,100,,237022,31,,,1,100,,237021,31,,,1,100,,237029,31,,,1
90300,'903-Weekday-4-26-09-1111100',531,,237030,31,,,1,70,,237031,31,,,1,30,,237032,31,,,1,24,,237033,31,,,1,63,,237034,31,,,1,22,,237035,31,,,1,60,,237036,31,,,1,20,,237037,31,,,1,20,,237038,31,,,1,60,,237039,31,,,1,20,,237040,31,,,1,20,,237041,31,,,1,19,,237042,31,,,1,60,,237043,31,,,1,20,,237044,31,,,1,20,,237045,31,,,1,60,,237046,31,,,1,20,,237047,31,,,1,20,,237048,31,,,1,60,,237049,31,,,1,20,,237050,31,,,1,20,,237051,31,,,1,60,,237052,31,,,1,20,,237053,31,,,1,20,,237054,31,,,1,60,,237055,31,,,1,20,,237056,31,,,1,20,,237057,31,,,1,63,,237058,31,,,1,16,,237059,31,,,1,17,,237060,31,,,1,55,,237061,31,,,1,15,,237062,31,,,1,15,,237063,31,,,1,15,,237064,31,,,1,55,,237065,31,,,1,15,,237066,31,,,1,15,,237070,31,,,1,15,,237071,31,,,1,63,,237067,31,,,1,22,,237068,31,,,1,60,,237069,31,,,1,25,,237078,31,,,1,30,,237079,31,,,1,70,,237074,31,,,1,30,,237075,31,,,1,70,,237076,31,,,1,98,,237077,31,,,1,100,,237073,31,,,1,100,,237072,31,,,1,100,,237080,31,,,1
90300,'903-Saturday-1-26-09-0000010',604,,237090,31,,,1,100,,237091,31,,,1,49,,237089,31,,,1,70,,237092,31,,,1,20,,237093,31,,,1,61,,237086,31,,,1,20,,237094,31,,,1,20,,237095,31,,,1,60,,237096,31,,,1,20,,237097,31,,,1,20,,237098,31,,,1,60,,237099,31,,,1,20,,237100,31,,,1,20,,237101,31,,,1,60,,237102,31,,,1,20,,237103,31,,,1,20,,237104,31,,,1,60,,237105,31,,,1,20,,237106,31,,,1,20,,237107,31,,,1,60,,237108,31,,,1,20,,237109,31,,,1,20,,237110,31,,,1,60,,237111,31,,,1,20,,237112,31,,,1,20,,237113,31,,,1,60,,237114,31,,,1,20,,237115,31,,,1,20,,237116,31,,,1,59,,237117,31,,,1,20,,237118,31,,,1,20,,237119,31,,,1,60,,237084,31,,,1,20,,237081,31,,,1,20,,237085,31,,,1,60,,237087,31,,,1,20,,237088,31,,,1,30,,237120,31,,,1,70,,237121,31,,,1,30,,237122,31,,,1,70,,237082,31,,,1,30,,237083,31,,,1,100,,237123,31,,,1,100,,237124,31,,,1
90300,'903-Sunday-1-26-09-0000001',620,,237127,31,,,1,96,,237128,31,,,1,100,,237129,31,,,1,100,,237130,31,,,1,31,,237131,31,,,1,70,,237132,31,,,1,30,,237133,31,,,1,70,,237134,31,,,1,30,,237135,31,,,1,70,,237136,31,,,1,30,,237137,31,,,1,70,,237138,31,,,1,30,,237139,31,,,1,70,,237140,31,,,1,30,,237141,31,,,1,70,,237142,31,,,1,30,,237143,31,,,1,70,,237144,31,,,1,30,,237145,31,,,1,69,,237146,31,,,1,29,,237147,31,,,1,70,,237148,31,,,1,30,,237149,31,,,1,70,,237150,31,,,1,30,,237151,31,,,1,70,,237152,31,,,1,30,,237153,31,,,1,70,,237154,31,,,1,30,,237155,31,,,1,72,,237156,31,,,1,102,,237125,31,,,1,100,,237126,31,,,1
24014001,'140X-Weekday-1-26-09-1111100',633,,245062,47,,,1,22,,245067,47,,,1,61,,245061,47,,,1,20,,245063,47,,,1,20,,245064,47,,,1,60,,245065,47,,,1,20,,245066,47,,,1,20,,245068,47,,,1
24014001,'140X-Weekday-2-26-09-1111100',633,,245070,47,,,1,22,,245075,47,,,1,61,,245069,47,,,1,20,,245071,47,,,1,20,,245072,47,,,1,60,,245073,47,,,1,20,,245074,47,,,1,20,,245076,47,,,1
24014001,'140X-Weekday-4-26-09-1111100',633,,245078,47,,,1,22,,245083,47,,,1,61,,245077,47,,,1,20,,245079,47,,,1,20,,245080,47,,,1,60,,245081,47,,,1,20,,245082,47,,,1,20,,245084,47,,,1
