401,'004-Weekday-1-26-04-1111100',510,,108412,18,,,1,15,,108413,18,,,1,15,,108414,18,,,1,16,,108415,18,,,1,55,,108416,18,,,1,15,,108453,18,,,1,19,,108452,18,,,1,10,,108451,18,,,1,50,,108503,18,,,1,10,,108504,18,,,1,10,,108496,18,,,1,10,,108497,18,,,1,10,,108498,18,,,1,10,,108499,18,,,1,50,,108500,18,,,1,10,,108501,18,,,1,10,,108505,18,,,1,10,,108506,18,,,1,11,,108502,18,,,1,12,,108450,18,,,1,51,,108486,18,,,1,12,,108449,18,,,1,12,,108448,18,,,1,12,,108482,18,,,1,12,,108483,18,,,1,52,,108417,18,,,1,12,,108418,18,,,1,12,,108419,18,,,1,12,,108420,18,,,1,12,,108421,18,,,1,52,,108422,18,,,1,12,,108423,18,,,1,12,,108424,18,,,1,12,,108425,18,,,1,12,,108426,18,,,1,52,,108427,18,,,1,12,,108428,18,,,1,12,,108454,18,,,1,12,,108455,18,,,1,12,,108456,18,,,1,52,,108457,18,,,1,12,,108458,18,,,1,12,,108490,18,,,1,12,,108491,18,,,1,12,,108492,18,,,1,52,,108493,18,,,1,12,,108494,18,,,1,12,,108495,18,,,1,12,,108489,18,,,1,12,,108459,18,,,1,54,,108507,18,,,1,9,,108460,18,,,1,8,,108461,18,,,1,10,,108462,18,,,1,10,,108463,18,,,1,10,,108464,18,,,1,50,,108465,18,,,1,10,,108466,18,,,1,10,,108467,18,,,1,10,,108468,18,,,1,10,,108469,18,,,1,10,,108470,18,,,1,50,,108471,18,,,1,10,,108472,18,,,1,10,,108473,18,,,1,10,,108487,18,,,1,15,,108488,18,,,1,55,,108474,18,,,1,15,,108475,18,,,1,13,,108476,18,,,1,12,,108477,18,,,1,55,,108478,18,,,1,15,,108479,18,,,1,15,,108480,18,,,1,15,,108481,18,,,1,55,,108484,18,,,1,15,,108485,18,,,1,15,,108429,18,,,1,15,,108430,18,,,1,55,,108432,18,,,1,15,,108433,18,,,1,15,,108434,18,,,1,15,,108431,18,,,1,55,,108435,18,,,1,14,,108436,18,,,1,20,,108437,18,,,1,20,,108438,18,,,1,60,,108439,18,,,1,20,,108440,18,,,1,20,,108441,18,,,1,59,,108442,18,,,1,29,,108443,18,,,1,70,,108444,18,,,1,30,,108445,18,,,1,70,,108446,18,,,1,30,,108447,18,,,1
401,'004-Saturday-1-26-04-0000010',530,,108509,18,,,1,20,,108510,18,,,1,60,,108511,18,,,1,20,,108512,18,,,1,20,,108513,18,,,1,60,,108514,18,,,1,20,,108515,18,,,1,20,,108516,18,,,1,60,,108517,18,,,1,15,,108518,18,,,1,15,,108519,18,,,1,15,,108520,18,,,1,60,,108521,18,,,1,15,,108522,18,,,1,15,,108523,18,,,1,55,,108524,18,,,1,15,,108525,18,,,1,15,,108526,18,,,1,15,,108528,18,,,1,55,,108527,18,,,1,15,,108530,18,,,1,15,,108531,18,,,1,15,,108533,18,,,1,55,,108534,18,,,1,15,,108536,18,,,1,15,,108538,18,,,1,15,,108540,18,,,1,55,,108542,18,,,1,15,,108544,18,,,1,15,,108546,18,,,1,15,,108548,18,,,1,55,,108550,18,,,1,15,,108552,18,,,1,15,,108554,18,,,1,15,,108556,18,,,1,55,,108559,18,,,1,15,,108561,18,,,1,15,,108562,18,,,1,15,,108565,18,,,1,55,,108567,18,,,1,15,,108568,18,,,1,15,,108570,18,,,1,15,,108572,18,,,1,55,,108574,18,,,1,15,,108576,18,,,1,16,,108578,18,,,1,15,,108580,18,,,1,55,,108508,18,,,1,15,,108582,18,,,1,16,,108584,18,,,1,15,,108586,18,,,1,55,,108588,18,,,1,15,,108590,18,,,1,15,,108592,18,,,1,15,,108594,18,,,1,55,,108596,18,,,1,16,,108597,18,,,1,15,,108598,18,,,1,15,,108599,18,,,1,55,,108600,18,,,1,15,,108601,18,,,1,15,,108602,18,,,1,15,,108603,18,,,1,55,,108604,18,,,1,15,,108605,18,,,1,18,,108606,18,,,1,20,,108607,18,,,1,60,,108608,18,,,1,20,,108609,18,,,1,20,,108610,18,,,1,59,,108611,18,,,1,20,,108612,18,,,1,70,,108613,18,,,1,30,,108618,18,,,1,70,,108614,18,,,1,30,,108615,18,,,1,70,,108616,18,,,1
401,'004-Sunday-1-26-04-0000001',541,,108619,18,,,1,60,,108620,18,,,1,20,,108621,18,,,1,20,,108622,18,,,1,60,,108623,18,,,1,20,,108624,18,,,1,20,,108625,18,,,1,60,,108626,18,,,1,20,,108627,18,,,1,20,,108628,18,,,1,60,,108629,18,,,1,21,,108630,18,,,1,20,,108631,18,,,1,15,,108632,18,,,1,55,,108692,18,,,1,15,,108633,18,,,1,15,,108634,18,,,1,15,,108635,18,,,1,55,,108636,18,,,1,15,,108637,18,,,1,15,,108638,18,,,1,15,,108639,18,,,1,55,,108640,18,,,1,15,,108641,18,,,1,15,,108642,18,,,1,15,,108643,18,,,1,55,,108644,18,,,1,15,,108645,18,,,1,15,,108646,18,,,1,15,,108647,18,,,1,55,,108648,18,,,1,15,,108649,18,,,1,15,,108650,18,,,1,15,,108651,18,,,1,55,,108652,18,,,1,15,,108653,18,,,1,15,,108654,18,,,1,15,,108655,18,,,1,55,,108656,18,,,1,15,,108657,18,,,1,11,,108658,18,,,1,15,,108659,18,,,1,54,,108660,18,,,1,15,,108661,18,,,1,15,,108662,18,,,1,15,,108663,18,,,1,55,,108664,18,,,1,15,,108665,18,,,1,15,,108666,18,,,1,15,,108667,18,,,1,55,,108668,18,,,1,15,,108669,18,,,1,15,,108670,18,,,1,15,,108671,18,,,1,55,,108672,18,,,1,15,,108673,18,,,1,15,,108674,18,,,1,15,,108675,18,,,1,55,,108676,18,,,1,15,,108677,18,,,1,15,,108678,18,,,1,15,,108679,18,,,1,55,,108691,18,,,1,16,,108681,18,,,1,20,,108682,18,,,1,63,,108683,18,,,1,20,,108680,18,,,1,20,,108684,18,,,1,60,,108685,18,,,1,24,,108686,18,,,1,71,,108687,18,,,1,29,,108688,18,,,1,70,,108689,18,,,1,30,,108690,18,,,1,70,,108693,18,,,1
52400,'524-Weekday-1-26-04-1111100',901,,119966,2,,,1,30,,119967,2,,,1,70,,119968,2,,,1,30,,119969,2,,,1,70,,119970,2,,,1,30,,119971,2,,,1,70,,119972,2,,,1,30,,119973,2,,,1,70,,119974,2,,,1,30,,119975,2,,,1,70,,119976,2,,,1,30,,119977,2,,,1,69,,119978,2,,,1,100,,119979,2,,,1,100,,119980,2,,,1
52400,'524-Saturday-1-26-04-0000010',1030,,119981,2,,,1,100,,119982,2,,,1,100,,119983,2,,,1,100,,119984,2,,,1,100,,119985,2,,,1,100,,119986,2,,,1,100,,119987,2,,,1
52400,'524-Sunday-1-26-04-0000001',1030,,119988,2,,,1,100,,119989,2,,,1,100,,119990,2,,,1,100,,119991,2,,,1,100,,119992,2,,,1,100,,119993,2,,,1
52501,'525-Weekday-1-26-04-1111100',931,,120049,2,,,1,70,,120050,2,,,1,30,,120051,2,,,1,70,,120052,2,,,1,30,,120053,2,,,1,70,,120054,2,,,1,30,,120055,2,,,1,70,,120056,2,,,1,30,,120057,2,,,1,70,,120058,2,,,1,30,,120059,2,,,1,101,,120060,2,,,1,100,,120061,2,,,1,100,,120062,2,,,1
52501,'525-Saturday-1-26-04-0000010',1101,,120063,2,,,1,100,,120064,2,,,1,100,,120065,2,,,1,100,,120066,2,,,1,100,,120067,2,,,1,100,,120068,2,,,1,100,,120069,2,,,1
52501,'525-Sunday-1-26-04-0000001',1101,,120070,2,,,1,100,,120071,2,,,1,100,,120072,2,,,1,100,,120073,2,,,1,100,,120074,2,,,1,100,,120075,2,,,1
63701,'637-Weekday-1-26-04-1111100',1546,,120444,11,,,1
