5100,'051-Weekday-1-26-06-1111100',551,,155029,30,,,1,70,,155002,30,,,1,36,,155003,29,,,1,66,,155032,30,,,1,30,,155017,30,,,1,70,,155004,29,,,1,30,,155026,30,,,1,69,,155025,29,,,1,30,,155024,29,,,1,70,,155023,29,,,1,30,,155022,29,,,1,70,,155033,29,,,1,30,,155021,29,,,1,70,,155034,29,,,1,30,,155035,29,,,1,70,,155036,29,,,1,30,,155037,29,,,1,70,,155038,29,,,1,30,,155018,29,,,1,66,,155005,30,,,1,22,,155031,30,,,1,60,,155006,29,,,1,20,,155019,30,,,1,20,,155007,29,,,1,60,,155020,29,,,1,20,,155027,30,,,1,20,,155030,29,,,1,60,,155008,29,,,1,28,,155009,29,,,1,22,,155010,29,,,1,69,,155011,29,,,1,30,,155028,29,,,1,70,,155012,29,,,1,30,,155013,29,,,1,70,,155014,29,,,1,30,,155015,29,,,1,69,,155039,29,,,1,100,,155016,29,,,1
5100,'051-Saturday-1-26-06-0000010',702,,155063,29,,,1,99,,155040,29,,,1,100,,155041,30,,,1,32,,155042,29,,,1,72,,155043,29,,,1,30,,155044,29,,,1,70,,155045,29,,,1,30,,155047,30,,,1,70,,155048,30,,,1,30,,155049,29,,,1,70,,155046,29,,,1,30,,155050,29,,,1,70,,155051,29,,,1,30,,155052,29,,,1,70,,155054,29,,,1,30,,155055,29,,,1,70,,155056,29,,,1,30,,155053,29,,,1,70,,155057,29,,,1,29,,155058,29,,,1,70,,155059,29,,,1,30,,155060,29,,,1,70,,155061,29,,,1,30,,155062,29,,,1,100,,155064,30,,,1,100,,155065,29,,,1,100,,155066,29,,,1
5100,'051-Sunday-1-26-06-0000001',742,,155086,29,,,1,100,,155087,29,,,1,102,,155088,29,,,1,66,,155091,29,,,1,26,,155067,29,,,1,70,,155068,29,,,1,30,,155069,29,,,1,70,,155070,29,,,1,30,,155071,30,,,1,70,,155073,29,,,1,30,,155074,30,,,1,70,,155076,29,,,1,30,,155072,29,,,1,70,,155077,29,,,1,30,,155078,29,,,1,70,,155075,29,,,1,30,,155079,29,,,1,70,,155080,29,,,1,29,,155081,29,,,1,68,,155082,29,,,1,30,,155083,29,,,1,70,,155084,29,,,1,30,,155085,29,,,1,100,,155089,30,,,1,100,,155090,29,,,1,100,,155092,29,,,1
10300,'103-Weekday-1-26-06-1111100',906,,158002,26,,,1,29,,158003,26,,,1,70,,158004,26,,,1,30,,158005,26,,,1,70,,158006,26,,,1,30,,158007,26,,,1,70,,158008,26,,,1,30,,158009,26,,,1,70,,158010,26,,,1,30,,158011,26,,,1,70,,158012,26,,,1,30,,158013,26,,,1,72,,158014,26,,,1,21,,158031,26,0,15 16,1,15,,158026,26,,,1,15,,158019,26,0,15 16,1,55,,158022,26,,,1,15,,158018,26,0,15 16,1,15,,158023,26,,,1,15,,158017,26,0,15 16,1,55,,158024,26,,,1,15,,158016,26,0,15 16,1,15,,158025,26,,,1,15,,158015,26,0,15 16,1,55,,158040,26,,,1,27,,158021,26,,,1,66,,158020,26,,,1,30,,158041,26,,,1,70,,158042,26,,,1,30,,158043,26,,,1,70,,158044,26,,,1,30,,158045,26,,,1,69,,158039,26,,,1,28,,158027,26,,,1,70,,158028,26,,,1,30,,158029,26,,,1,70,,158030,26,,,1
10300,'103-Saturday-1-26-06-0000010',636,,158046,26,,,1,70,,158047,26,,,1,30,,158048,26,,,1,70,,158049,26,,,1,30,,158050,26,,,1,71,,158051,26,,,1,34,,158052,26,,,1,73,,158053,26,,,1,30,,158054,26,,,1,70,,158055,26,,,1,30,,158056,26,,,1,70,,158057,26,,,1,30,,158058,26,,,1,70,,158059,26,,,1,30,,158060,26,,,1,70,,158061,26,,,1,30,,158062,26,,,1,70,,158063,26,,,1,30,,158064,26,,,1,70,,158065,26,,,1,30,,158066,26,,,1,69,,158067,26,,,1,28,,158068,26,,,1,69,,158069,26,,,1,30,,158070,26,,,1,70,,158071,26,,,1,30,,158072,26,,,1,70,,158073,26,,,1,30,,158074,26,,,1,70,,158075,26,,,1,30,,158076,26,,,1,70,,158077,26,,,1,30,,158078,26,,,1,70,,158079,26,,,1,30,,158080,26,,,1,70,,158081,26,,,1,30,,158082,26,,,1
10300,'103-Sunday-1-26-06-0000001',631,,158083,26,,,1,70,,158084,26,,,1,30,,158085,26,,,1,70,,158086,26,,,1,30,,158087,26,,,1,71,,158088,26,,,1,32,,158089,26,,,1,74,,158090,26,,,1,30,,158091,26,,,1,70,,158092,26,,,1,30,,158093,26,,,1,70,,158094,26,,,1,30,,158095,26,,,1,70,,158096,26,,,1,30,,158097,26,,,1,70,,158098,26,,,1,30,,158099,26,,,1,70,,158100,26,,,1,30,,158101,26,,,1,70,,158102,26,,,1,30,,158103,26,,,1,70,,158104,26,,,1,26,,158105,26,,,1,67,,158106,26,,,1,30,,158107,26,,,1,70,,158108,26,,,1,30,,158109,26,,,1,70,,158110,26,,,1,30,,158111,26,,,1,70,,158112,26,,,1,30,,158113,26,,,1,70,,158114,26,,,1,30,,158115,26,,,1,70,,158116,26,,,1,30,,158117,26,,,1,70,,158118,26,,,1,30,,158119,26,,,1
12400,'124-Weekday-1-26-06-1111100',547,,161294,18,,,1,70,,161297,18,,,1,32,,161266,18,,,1,60,,161267,18,,,1,20,,161268,18,,,1,20,,161269,18,,,1,60,,161270,18,,,1,20,,161271,18,,,1,20,,161289,18,,,1,70,,161290,18,,,1,30,,161291,18,,,1,70,,161272,18,,,1,30,,161273,18,,,1,70,,161274,18,,,1,30,,161275,18,,,1,70,,161276,18,,,1,30,,161277,18,,,1,70,,161278,18,,,1,30,,161293,18,,,1,70,,161295,18,,,1,30,,161296,18,,,1,62,,161300,18,,,1,21,,161279,18,,,1,20,,161280,18,,,1,60,,161281,18,,,1,20,,161282,18,,,1,20,,161283,18,,,1,60,,161284,18,,,1,20,,161285,18,,,1,20,,161292,18,,,1,70,,161288,18,,,1,27,,161298,18,,,1,70,,161299,18,,,1,30,,161263,18,,,1,70,,161264,18,,,1,30,,161265,18,,,1,70,,161286,18,,,1,30,,161287,18,,,1
12400,'124-Saturday-1-26-06-0000010',758,,161301,18,,,1,70,,161302,18,,,1,30,,161303,18,,,1,70,,161304,18,,,1,30,,161305,18,,,1,70,,161306,18,,,1,30,,161307,18,,,1,70,,161308,18,,,1,30,,161309,18,,,1,70,,161310,18,,,1,30,,161311,18,,,1,70,,161312,18,,,1,30,,161313,18,,,1,70,,161314,18,,,1,30,,161315,18,,,1,70,,161316,18,,,1,30,,161317,18,,,1,70,,161318,18,,,1,30,,161319,18,,,1,70,,161320,18,,,1,30,,161321,18,,,1,70,,161322,18,,,1,30,,161323,18,,,1
12400,'124-Sunday-1-26-06-0000001',1016,,161324,18,,,1,27,,161325,18,,,1,70,,161326,18,,,1,30,,161327,18,,,1,70,,161328,18,,,1,30,,161329,18,,,1,70,,161330,18,,,1,30,,161331,18,,,1,70,,161332,18,,,1,30,,161333,18,,,1,70,,161334,18,,,1,30,,161335,18,,,1,70,,161336,18,,,1,31,,161337,18,,,1,70,,161338,18,,,1,30,,161339,18,,,1,70,,161340,18,,,1,33,,161341,18,,,1,70,,161342,18,,,1
24014000,'140X-Weekday-1-26-06-1111100',1518,,174642,11,,,1,20,,174643,11,,,1,20,,174644,11,,,1,60,,174645,11,,,1,20,,174646,11,,,1,20,,174647,11,,,1,60,,174648,11,,,1,18,,174649,11,,,1
