51200,'512-Weekday-1-26-04-1111100',605,,117968,5,,,1,30,,117972,5,,,1,20,,117973,5,,,1,60,,117969,5,,,1,20,,117970,5,,,1,20,,117971,5,,,1,70,,117974,5,,,1,30,,117975,5,,,1,70,,117976,5,,,1,30,,117977,5,,,1,70,,117978,5,,,1,30,,117979,5,,,1,70,,117980,5,,,1,30,,117981,5,,,1,70,,117982,5,,,1,30,,117983,5,,,1,70,,117984,5,,,1,30,,117985,5,,,1,70,,117986,5,,,1,30,,117987,5,,,1,60,,117988,5,,,1,20,,117989,5,,,1,20,,117990,5,,,1,60,,117991,5,,,1,20,,117992,5,,,1,20,,117993,5,,,1,70,,117994,5,,,1,30,,117995,5,,,1,70,,117996,5,,,1,30,,117997,5,,,1,70,,117998,5,,,1,30,,117999,5,,,1,70,,118000,5,,,1,30,,118001,5,,,1,70,,118002,5,,,1,30,,118003,5,,,1,99,,118004,5,,,1,100,,118005,5,,,1
51200,'512-Weekday-2-26-04-1111100',605,,139801,5,,,1,30,,139805,5,,,1,20,,139806,5,,,1,60,,139802,5,,,1,20,,139803,5,,,1,20,,139804,5,,,1,70,,139807,5,,,1,30,,139808,5,,,1,70,,139809,5,,,1,30,,139810,5,,,1,70,,139811,5,,,1,30,,139812,5,,,1,70,,139813,5,,,1,30,,139814,5,,,1,70,,139815,5,,,1,30,,139816,5,,,1,70,,139817,5,,,1,30,,139818,5,,,1,70,,139819,5,,,1,30,,139820,5,,,1,60,,139821,5,,,1,20,,139822,5,,,1,20,,139823,5,,,1,60,,139824,5,,,1,20,,139825,5,,,1,20,,139826,5,,,1,70,,139827,5,,,1,30,,139828,5,,,1,70,,139829,5,,,1,30,,139830,5,,,1,70,,139831,5,,,1,30,,139832,5,,,1,70,,139833,5,,,1,30,,139834,5,,,1,70,,139835,5,,,1,30,,139836,5,,,1,99,,139837,5,,,1,100,,139838,5,,,1
51200,'512-Weekday-3-26-04-1111100',605,,139839,5,,,1,30,,139843,5,,,1,20,,139844,5,,,1,60,,139840,5,,,1,20,,139841,5,,,1,20,,139842,5,,,1,70,,139845,5,,,1,30,,139846,5,,,1,70,,139847,5,,,1,30,,139848,5,,,1,70,,139849,5,,,1,30,,139850,5,,,1,70,,139851,5,,,1,30,,139852,5,,,1,70,,139853,5,,,1,30,,139854,5,,,1,70,,139855,5,,,1,30,,139856,5,,,1,70,,139857,5,,,1,30,,139858,5,,,1,60,,139859,5,,,1,20,,139860,5,,,1,20,,139861,5,,,1,60,,139862,5,,,1,20,,139863,5,,,1,20,,139864,5,,,1,70,,139865,5,,,1,30,,139866,5,,,1,70,,139867,5,,,1,30,,139868,5,,,1,70,,139869,5,,,1,30,,139870,5,,,1,70,,139871,5,,,1,30,,139872,5,,,1,70,,139873,5,,,1,30,,139874,5,,,1,99,,139875,5,,,1,100,,139876,5,,,1
51200,'512-Saturday-1-26-04-0000010',605,,118006,5,,,1,100,,118007,5,,,1,100,,118008,5,,,1,30,,118009,5,,,1,71,,118010,5,,,1,30,,118011,5,,,1,70,,118012,5,,,1,30,,118013,5,,,1,70,,118014,5,,,1,30,,118015,5,,,1,70,,118016,5,,,1,30,,118017,5,,,1,70,,118018,5,,,1,30,,118019,5,,,1,70,,118020,5,,,1,30,,118021,5,,,1,70,,118022,5,,,1,30,,118023,5,,,1,70,,118024,5,,,1,30,,118025,5,,,1,69,,118026,5,,,1,30,,118027,5,,,1,70,,118028,5,,,1,30,,118029,5,,,1,70,,118030,5,,,1,100,,118031,5,,,1,100,,118032,5,,,1,100,,118033,5,,,1,100,,118034,5,,,1,100,,118035,5,,,1
51200,'512-Sunday-1-26-04-0000001',606,,118036,5,,,1,45,,118059,5,,,1,85,,118037,5,,,1,85,,118038,5,,,1,86,,118039,5,,,1,40,,118040,5,,,1,65,,118065,5,,,1,30,,118041,5,,,1,70,,118042,5,,,1,30,,118043,5,,,1,70,,118044,5,,,1,30,,118045,5,,,1,70,,118046,5,,,1,30,,118047,5,,,1,70,,118048,5,,,1,30,,118049,5,,,1,70,,118050,5,,,1,30,,118051,5,,,1,70,,118052,5,,,1,30,,118053,5,,,1,69,,118054,5,,,1,30,,118055,5,,,1,70,,118056,5,,,1,30,,118057,5,,,1,70,,118058,5,,,1,100,,118060,5,,,1,100,,118061,5,,,1,100,,118062,5,,,1,100,,118063,5,,,1,100,,118064,5,,,1
63801,'638-Weekday-1-26-04-0001000',1227,,120448,2,,,1
63801,'638-Weekday-1-26-04-1110100',1515,,120449,2,,,1
63801,'638-Weekday-1-26-04-1111100',1528,,120450,2,,,1
63801,'638-Weekday-2-26-04-1111100',1528,,142054,2,,,1
63801,'638-Weekday-3-26-04-0001000',1227,,142055,2,,,1
63801,'638-Weekday-3-26-04-1110100',1515,,142056,2,,,1
