67801,'678-Weekday-1-26-09-0001000',1243,,227850,10,,,1,198,,227847,8,,,1,1,,227848,8,,,1,1,,227849,8,,,1
67801,'678-Weekday-1-26-09-1110100',1539,,227854,10,,,1,1,,227855,10,,,1,64,,227851,8,,,1,1,,227852,8,,,1,10,,227853,8,,,1
67801,'678-Weekday-3-26-09-1110100',1604,,227856,8,,,1,1,,227857,8,,,1,10,,227858,8,,,1
91601,'916-Weekday-1-26-09-0001000',1244,,240137,46,,,1
91601,'916-Weekday-1-26-09-1110100',1545,,240139,46,,,1,102,,240138,46,,,1
91601,'916-Weekday-1-26-09-1111100',603,,240140,46,,,1,31,,240178,46,,,1,17,,240168,46,,,1,57,,240183,46,,,1,15,,240169,46,,,1,15,,240170,46,,,1,15,,240171,46,,,1,55,,240184,46,,,1,15,,240172,46,,,1,15,,240177,46,,,1,69,,240176,46,,,1,31,,240141,46,,,1,70,,240142,46,,,1,30,,240143,46,,,1,70,,240144,46,,,1,30,,240145,46,,,1,70,,240146,46,,,1,30,,240147,46,,,1,70,,240148,46,,,1,30,,240149,46,,,1,70,,240150,46,,,1,30,,240151,46,,,1,71,,240152,46,,,1,33,,240153,46,,,1,12,,240154,46,,,1,52,,240173,46,,,1,12,,240155,46,,,1,12,,240156,46,,,1,12,,240185,46,,,1,12,,240157,46,,,1,52,,240174,46,,,1,12,,240158,46,,,1,12,,240159,46,,,1,12,,240186,46,,,1,12,,240160,46,,,1,52,,240179,46,,,1,29,,240180,46,,,1,67,,240161,46,,,1,30,,240162,46,,,1,70,,240163,46,,,1,30,,240164,46,,,1,70,,240165,46,,,1,30,,240166,46,,,1,70,,240167,46,,,1,27,,240181,46,,,1,100,,240175,46,,,1,100,,240182,46,,,1
91601,'916-Weekday-2-26-09-1110100',1647,,240187,46,,,1
91601,'916-Weekday-2-26-09-1111100',603,,240188,46,,,1,31,,240226,46,,,1,17,,240216,46,,,1,57,,240231,46,,,1,15,,240217,46,,,1,15,,240218,46,,,1,15,,240219,46,,,1,55,,240232,46,,,1,15,,240220,46,,,1,15,,240225,46,,,1,69,,240224,46,,,1,31,,240189,46,,,1,70,,240190,46,,,1,30,,240191,46,,,1,70,,240192,46,,,1,30,,240193,46,,,1,70,,240194,46,,,1,30,,240195,46,,,1,70,,240196,46,,,1,30,,240197,46,,,1,70,,240198,46,,,1,30,,240199,46,,,1,71,,240200,46,,,1,33,,240201,46,,,1,12,,240202,46,,,1,52,,240221,46,,,1,12,,240203,46,,,1,12,,240204,46,,,1,12,,240233,46,,,1,12,,240205,46,,,1,52,,240222,46,,,1,12,,240206,46,,,1,12,,240207,46,,,1,12,,240234,46,,,1,12,,240208,46,,,1,52,,240227,46,,,1,29,,240228,46,,,1,67,,240209,46,,,1,30,,240210,46,,,1,70,,240211,46,,,1,30,,240212,46,,,1,70,,240213,46,,,1,30,,240214,46,,,1,70,,240215,46,,,1,27,,240229,46,,,1,100,,240223,46,,,1,100,,240230,46,,,1
91601,'916-Weekday-4-26-09-1111100',603,,240235,46,,,1,31,,240273,46,,,1,17,,240263,46,,,1,57,,240278,46,,,1,15,,240264,46,,,1,15,,240265,46,,,1,15,,240266,46,,,1,55,,240279,46,,,1,15,,240267,46,,,1,15,,240272,46,,,1,69,,240271,46,,,1,31,,240236,46,,,1,70,,240237,46,,,1,30,,240238,46,,,1,70,,240239,46,,,1,30,,240240,46,,,1,70,,240241,46,,,1,30,,240242,46,,,1,70,,240243,46,,,1,30,,240244,46,,,1,70,,240245,46,,,1,30,,240246,46,,,1,71,,240247,46,,,1,33,,240248,46,,,1,12,,240249,46,,,1,52,,240268,46,,,1,12,,240250,46,,,1,12,,240251,46,,,1,12,,240280,46,,,1,12,,240252,46,,,1,52,,240269,46,,,1,12,,240253,46,,,1,12,,240254,46,,,1,12,,240281,46,,,1,12,,240255,46,,,1,52,,240274,46,,,1,29,,240275,46,,,1,67,,240256,46,,,1,30,,240257,46,,,1,70,,240258,46,,,1,30,,240259,46,,,1,70,,240260,46,,,1,30,,240261,46,,,1,70,,240262,46,,,1,27,,240276,46,,,1,100,,240270,46,,,1,100,,240277,46,,,1
91601,'916-Saturday-1-26-09-0000010',706,,240282,46,,,1,100,,240283,46,,,1,30,,240284,46,,,1,70,,240285,46,,,1,34,,240286,46,,,1,72,,240287,46,,,1,32,,240288,46,,,1,70,,240289,46,,,1,30,,240290,46,,,1,70,,240291,46,,,1,30,,240292,46,,,1,70,,240293,46,,,1,30,,240294,46,,,1,70,,240295,46,,,1,30,,240296,46,,,1,70,,240297,46,,,1,30,,240298,46,,,1,70,,240299,46,,,1,30,,240300,46,,,1,70,,240301,46,,,1,30,,240302,46,,,1,70,,240303,46,,,1,30,,240310,46,,,1,70,,240311,46,,,1,25,,240304,46,,,1,100,,240305,46,,,1,100,,240306,46,,,1,100,,240307,46,,,1,100,,240308,46,,,1,100,,240309,46,,,1
91601,'916-Sunday-1-26-09-0000001',705,,240312,46,,,1,100,,240313,46,,,1,101,,240314,46,,,1,102,,240336,46,,,1,101,,240315,46,,,1,30,,240316,46,,,1,70,,240317,46,,,1,30,,240318,46,,,1,70,,240319,46,,,1,30,,240320,46,,,1,70,,240321,46,,,1,30,,240322,46,,,1,70,,240323,46,,,1,30,,240324,46,,,1,70,,240325,46,,,1,30,,240326,46,,,1,70,,240327,46,,,1,30,,240337,46,,,1,66,,240338,46,,,1,28,,240328,46,,,1,70,,240329,46,,,1,30,,240330,46,,,1,77,,240331,46,,,1,100,,240332,46,,,1,100,,240333,46,,,1,100,,240334,46,,,1,100,,240335,46,,,1
91701,'917-Weekday-1-26-09-0001000',1522,,240521,42,,,1
91701,'917-Weekday-1-26-09-1111100',522,,240522,42,,,1,30,,240523,42,,,1,70,,240556,42,,,1,32,,240558,42,,,1,70,,240557,42,,,1,30,,240524,42,,,1,70,,240552,42,,,1,30,,240525,42,,,1,70,,240560,42,,,1,30,,240526,42,,,1,70,,240527,42,,,1,30,,240528,42,,,1,70,,240529,42,,,1,30,,240530,42,,,1,70,,240531,42,,,1,30,,240532,42,,,1,70,,240533,42,,,1,30,,240534,42,,,1,70,,240535,42,,,1,30,,240536,42,,,1,77,,240537,42,,,1,15,,240564,42,,,1,55,,240555,42,,,1,15,,240538,42,,,1,15,,240563,42,,,1,15,,240539,42,,,1,55,,240553,42,,,1,15,,240540,42,,,1,15,,240562,42,,,1,15,,240541,42,,,1,55,,240554,42,,,1,15,,240561,42,,,1,15,,240549,42,,,1,24,,240542,42,,,1,69,,240543,42,,,1,30,,240544,42,,,1,70,,240545,42,,,1,30,,240546,42,,,1,70,,240547,42,,,1,30,,240548,42,,,1,68,,240559,42,,,1,100,,240550,42,,,1,100,,240551,42,,,1
91701,'917-Weekday-2-26-09-1111100',522,,240565,42,,,1,30,,240566,42,,,1,70,,240599,42,,,1,32,,240601,42,,,1,70,,240600,42,,,1,30,,240567,42,,,1,70,,240595,42,,,1,30,,240568,42,,,1,70,,240603,42,,,1,30,,240569,42,,,1,70,,240570,42,,,1,30,,240571,42,,,1,70,,240572,42,,,1,30,,240573,42,,,1,70,,240574,42,,,1,30,,240575,42,,,1,70,,240576,42,,,1,30,,240577,42,,,1,70,,240578,42,,,1,30,,240579,42,,,1,77,,240580,42,,,1,15,,240607,42,,,1,55,,240598,42,,,1,15,,240581,42,,,1,15,,240606,42,,,1,15,,240582,42,,,1,55,,240596,42,,,1,15,,240583,42,,,1,15,,240605,42,,,1,15,,240584,42,,,1,55,,240597,42,,,1,15,,240604,42,,,1,15,,240592,42,,,1,24,,240585,42,,,1,69,,240586,42,,,1,30,,240587,42,,,1,70,,240588,42,,,1,30,,240589,42,,,1,70,,240590,42,,,1,30,,240591,42,,,1,68,,240602,42,,,1,100,,240593,42,,,1,100,,240594,42,,,1
91701,'917-Weekday-4-26-09-1111100',522,,240608,42,,,1,30,,240609,42,,,1,70,,240642,42,,,1,32,,240644,42,,,1,70,,240643,42,,,1,30,,240610,42,,,1,70,,240638,42,,,1,30,,240611,42,,,1,70,,240646,42,,,1,30,,240612,42,,,1,70,,240613,42,,,1,30,,240614,42,,,1,70,,240615,42,,,1,30,,240616,42,,,1,70,,240617,42,,,1,30,,240618,42,,,1,70,,240619,42,,,1,30,,240620,42,,,1,70,,240621,42,,,1,30,,240622,42,,,1,77,,240623,42,,,1,15,,240650,42,,,1,55,,240641,42,,,1,15,,240624,42,,,1,15,,240649,42,,,1,15,,240625,42,,,1,55,,240639,42,,,1,15,,240626,42,,,1,15,,240648,42,,,1,15,,240627,42,,,1,55,,240640,42,,,1,15,,240647,42,,,1,15,,240635,42,,,1,24,,240628,42,,,1,69,,240629,42,,,1,30,,240630,42,,,1,70,,240631,42,,,1,30,,240632,42,,,1,70,,240633,42,,,1,30,,240634,42,,,1,68,,240645,42,,,1,100,,240636,42,,,1,100,,240637,42,,,1
91701,'917-Saturday-1-26-09-0000010',646,,240651,42,,,1,100,,240652,42,,,1,70,,240663,42,,,1,30,,240664,42,,,1,72,,240653,42,,,1,31,,240654,42,,,1,70,,240655,42,,,1,30,,240656,42,,,1,70,,240657,42,,,1,30,,240658,42,,,1,70,,240659,42,,,1,32,,240665,42,,,1,70,,240666,42,,,1,30,,240667,42,,,1,70,,240668,42,,,1,30,,240669,42,,,1,70,,240670,42,,,1,30,,240671,42,,,1,70,,240672,42,,,1,30,,240673,42,,,1,70,,240674,42,,,1,30,,240675,42,,,1,70,,240676,42,,,1,30,,240677,42,,,1,70,,240678,42,,,1,100,,240660,42,,,1,100,,240661,42,,,1,100,,240662,42,,,1
91701,'917-Sunday-1-26-09-0000001',643,,240679,42,,,1,100,,240680,42,,,1,100,,240681,42,,,1,103,,240682,42,,,1,103,,240683,42,,,1,70,,240684,42,,,1,30,,240685,42,,,1,70,,240686,42,,,1,30,,240687,42,,,1,70,,240688,42,,,1,30,,240689,42,,,1,70,,240690,42,,,1,30,,240691,42,,,1,70,,240692,42,,,1,30,,240693,42,,,1,70,,240694,42,,,1,30,,240695,42,,,1,69,,240696,42,,,1,31,,240702,42,,,1,70,,240701,42,,,1,30,,240697,42,,,1,70,,240698,42,,,1,30,,240699,42,,,1,100,,240700,42,,,1
92600,'926-Weekday-1-26-09-1111100',610,,242487,34,0,5 6,1,31,,242483,64,0,5 6,1,63,,242484,64,0,5 6,1,23,,242485,64,0,5 6,1,20,,242486,64,0,5 6,1,10,,242488,64,0,5 6,1,50,,242489,64,0,5 6,1,20,,242490,64,0,5 6,1,20,,242491,64,0,5 6,1,59,,242492,64,0,5 6,1,18,,242493,64,0,5 6,1,22,,242494,64,0,5 6,1,64,,242495,64,0,5 6,1,30,,242496,64,0,5 6,1,70,,242497,64,0,5 6,1,30,,242498,64,0,5 6,1,70,,242499,64,0,5 6,1,30,,242500,64,0,5 6,1,70,,242501,64,0,5 6,1,30,,242502,64,0,5 6,1,70,,242503,64,0,5 6,1,30,,242504,64,0,5 6,1,71,,242505,64,0,5 6,1,23,,242506,64,0,5 6,1,22,,242507,64,0,5 6,1,60,,242508,64,0,5 6,1,20,,242509,64,0,5 6,1,20,,242510,64,0,5 6,1,60,,242511,64,0,5 6,1,20,,242512,64,0,5 6,1,20,,242513,64,0,5 6,1,60,,242514,64,0,5 6,1,19,,242515,64,0,5 6,1,18,,242516,64,0,5 6,1,57,,242517,64,0,5 6,1,33,,242518,64,0,5 6,1,70,,242519,64,0,5 6,1,30,,242520,64,0,5 6,1,70,,242521,64,0,5 6,1,30,,242522,64,0,5 6,1,69,,242523,64,0,5 6,1,29,,242524,64,0,5 6,1
92600,'926-Weekday-2-26-09-1111100',610,,242529,34,0,5 6,1,31,,242525,64,0,5 6,1,63,,242526,64,0,5 6,1,23,,242527,64,0,5 6,1,20,,242528,64,0,5 6,1,10,,242530,64,0,5 6,1,50,,242531,64,0,5 6,1,20,,242532,64,0,5 6,1,20,,242533,64,0,5 6,1,59,,242534,64,0,5 6,1,18,,242535,64,0,5 6,1,22,,242536,64,0,5 6,1,64,,242537,64,0,5 6,1,30,,242538,64,0,5 6,1,70,,242539,64,0,5 6,1,30,,242540,64,0,5 6,1,70,,242541,64,0,5 6,1,30,,242542,64,0,5 6,1,70,,242543,64,0,5 6,1,30,,242544,64,0,5 6,1,70,,242545,64,0,5 6,1,30,,242546,64,0,5 6,1,71,,242547,64,0,5 6,1,23,,242548,64,0,5 6,1,22,,242549,64,0,5 6,1,60,,242550,64,0,5 6,1,20,,242551,64,0,5 6,1,20,,242552,64,0,5 6,1,60,,242553,64,0,5 6,1,20,,242554,64,0,5 6,1,20,,242555,64,0,5 6,1,60,,242556,64,0,5 6,1,19,,242557,64,0,5 6,1,18,,242558,64,0,5 6,1,57,,242559,64,0,5 6,1,33,,242560,64,0,5 6,1,70,,242561,64,0,5 6,1,30,,242562,64,0,5 6,1,70,,242563,64,0,5 6,1,30,,242564,64,0,5 6,1,69,,242565,64,0,5 6,1,29,,242566,64,0,5 6,1
92600,'926-Weekday-4-26-09-1111100',610,,242571,34,0,5 6,1,31,,242567,64,0,5 6,1,63,,242568,64,0,5 6,1,23,,242569,64,0,5 6,1,20,,242570,64,0,5 6,1,60,,242572,64,0,5 6,1,20,,242573,64,0,5 6,1,20,,242574,64,0,5 6,1,59,,242575,64,0,5 6,1,18,,242576,64,0,5 6,1,22,,242577,64,0,5 6,1,64,,242578,64,0,5 6,1,30,,242579,64,0,5 6,1,70,,242580,64,0,5 6,1,30,,242581,64,0,5 6,1,70,,242582,64,0,5 6,1,30,,242583,64,0,5 6,1,70,,242584,64,0,5 6,1,30,,242585,64,0,5 6,1,70,,242586,64,0,5 6,1,30,,242587,64,0,5 6,1,71,,242588,64,0,5 6,1,23,,242589,64,0,5 6,1,22,,242590,64,0,5 6,1,60,,242591,64,0,5 6,1,20,,242592,64,0,5 6,1,20,,242593,64,0,5 6,1,60,,242594,64,0,5 6,1,20,,242595,64,0,5 6,1,20,,242596,64,0,5 6,1,60,,242597,64,0,5 6,1,19,,242598,64,0,5 6,1,18,,242599,64,0,5 6,1,57,,242600,64,0,5 6,1,33,,242601,64,0,5 6,1,70,,242602,64,0,5 6,1,30,,242603,64,0,5 6,1,70,,242604,64,0,5 6,1,30,,242605,64,0,5 6,1,69,,242606,64,0,5 6,1,29,,242607,64,0,5 6,1
92600,'926-Saturday-1-26-09-0000010',836,,242608,64,0,5 6,1,71,,242609,64,0,5 6,1,32,,242610,64,0,5 6,1,70,,242611,64,0,5 6,1,30,,242612,64,0,5 6,1,70,,242613,64,0,5 6,1,30,,242614,64,0,5 6,1,70,,242615,64,0,5 6,1,30,,242616,64,0,5 6,1,70,,242617,64,0,5 6,1,30,,242618,64,0,5 6,1,70,,242619,64,0,5 6,1,30,,242620,64,0,5 6,1,70,,242621,64,0,5 6,1,30,,242622,64,0,5 6,1,70,,242623,64,0,5 6,1,30,,242624,64,0,5 6,1,69,,242625,64,0,5 6,1,28,,242626,64,0,5 6,1,70,,242627,64,0,5 6,1,30,,242628,64,0,5 6,1,70,,242629,64,0,5 6,1,30,,242630,64,0,5 6,1
92600,'926-Sunday-1-26-09-0000001',1041,,242631,64,0,5 6,1,70,,242632,64,0,5 6,1,30,,242633,64,0,5 6,1,70,,242634,64,0,5 6,1,30,,242635,64,0,5 6,1,70,,242636,64,0,5 6,1,30,,242637,64,0,5 6,1,70,,242638,64,0,5 6,1,30,,242639,64,0,5 6,1,71,,242640,64,0,5 6,1,29,,242641,64,0,5 6,1,70,,242642,64,0,5 6,1,30,,242643,64,0,5 6,1,69,,242644,64,0,5 6,1,28,,242645,64,0,5 6,1,70,,242646,64,0,5 6,1,30,,242647,64,0,5 6,1,70,,242648,64,0,5 6,1,30,,242649,64,0,5 6,1
