5300,'053-Weekday-1-26-09-1111100',508,,211769,9,,,1,30,,211770,9,,,1,70,,211771,9,,,1,30,,211772,9,,,1,17,,211773,9,,,1,55,,211774,9,,,1,15,,211775,9,,,1,15,,211724,9,,,1,15,,211725,9,,,1,55,,211768,9,,,1,15,,211726,9,,,1,15,,211727,9,,,1,60,,211766,9,,,1,20,,211728,9,,,1,20,,211756,9,,,1,60,,211760,9,,,1,20,,211764,9,,,1,20,,211759,9,,,1,60,,211767,9,,,1,20,,211729,9,,,1,20,,211730,9,,,1,60,,211731,9,,,1,20,,211732,9,,,1,20,,211733,9,,,1,60,,211734,9,,,1,20,,211735,9,,,1,20,,211736,9,,,1,60,,211737,9,,,1,20,,211738,9,,,1,20,,211739,9,,,1,15,,211757,9,,,1,56,,211740,9,,,1,15,,211741,9,,,1,15,,211742,9,,,1,15,,211754,9,,,1,55,,211743,9,,,1,15,,211744,9,,,1,15,,211755,9,,,1,15,,211745,9,,,1,55,,211765,9,,,1,15,,211761,9,,,1,16,,211762,9,,,1,71,,211763,9,,,1,28,,211758,9,,,1,70,,211746,9,,,1,30,,211747,9,,,1,70,,211748,9,,,1,30,,211749,9,,,1,70,,211750,9,,,1,30,,211751,9,,,1,71,,211752,9,,,1,100,,211753,9,,,1,100,,211723,9,,,1
5300,'053-Weekday-2-26-09-1111100',508,,211822,9,,,1,30,,211823,9,,,1,70,,211824,9,,,1,30,,211825,9,,,1,17,,211826,9,,,1,55,,211827,9,,,1,15,,211828,9,,,1,15,,211777,9,,,1,15,,211778,9,,,1,55,,211821,9,,,1,15,,211779,9,,,1,15,,211780,9,,,1,60,,211819,9,,,1,20,,211781,9,,,1,20,,211809,9,,,1,60,,211813,9,,,1,20,,211817,9,,,1,20,,211812,9,,,1,60,,211820,9,,,1,20,,211782,9,,,1,20,,211783,9,,,1,60,,211784,9,,,1,20,,211785,9,,,1,20,,211786,9,,,1,60,,211787,9,,,1,20,,211788,9,,,1,20,,211789,9,,,1,60,,211790,9,,,1,20,,211791,9,,,1,20,,211792,9,,,1,15,,211810,9,,,1,56,,211793,9,,,1,15,,211794,9,,,1,15,,211795,9,,,1,15,,211807,9,,,1,55,,211796,9,,,1,15,,211797,9,,,1,15,,211808,9,,,1,15,,211798,9,,,1,55,,211818,9,,,1,15,,211814,9,,,1,16,,211815,9,,,1,71,,211816,9,,,1,28,,211811,9,,,1,70,,211799,9,,,1,30,,211800,9,,,1,70,,211801,9,,,1,30,,211802,9,,,1,70,,211803,9,,,1,30,,211804,9,,,1,71,,211805,9,,,1,100,,211806,9,,,1,100,,211776,9,,,1
5300,'053-Weekday-4-26-09-1111100',508,,211875,9,,,1,30,,211876,9,,,1,70,,211877,9,,,1,30,,211878,9,,,1,17,,211879,9,,,1,55,,211880,9,,,1,15,,211881,9,,,1,15,,211830,9,,,1,15,,211831,9,,,1,55,,211874,9,,,1,15,,211832,9,,,1,15,,211833,9,,,1,60,,211872,9,,,1,20,,211834,9,,,1,20,,211862,9,,,1,60,,211866,9,,,1,20,,211870,9,,,1,20,,211865,9,,,1,60,,211873,9,,,1,20,,211835,9,,,1,20,,211836,9,,,1,60,,211837,9,,,1,20,,211838,9,,,1,20,,211839,9,,,1,60,,211840,9,,,1,20,,211841,9,,,1,20,,211842,9,,,1,60,,211843,9,,,1,20,,211844,9,,,1,20,,211845,9,,,1,15,,211863,9,,,1,56,,211846,9,,,1,15,,211847,9,,,1,15,,211848,9,,,1,15,,211860,9,,,1,55,,211849,9,,,1,15,,211850,9,,,1,15,,211861,9,,,1,15,,211851,9,,,1,55,,211871,9,,,1,15,,211867,9,,,1,16,,211868,9,,,1,71,,211869,9,,,1,28,,211864,9,,,1,70,,211852,9,,,1,30,,211853,9,,,1,70,,211854,9,,,1,30,,211855,9,,,1,70,,211856,9,,,1,30,,211857,9,,,1,71,,211858,9,,,1,100,,211859,9,,,1,100,,211829,9,,,1
5300,'053-Saturday-1-26-09-0000010',608,,211882,9,,,1,100,,211883,9,,,1,100,,211884,9,,,1,25,,211912,9,,,1,26,,211885,9,,,1,70,,211886,9,,,1,30,,211887,9,,,1,70,,211888,9,,,1,30,,211889,9,,,1,70,,211890,9,,,1,30,,211891,9,,,1,70,,211892,9,,,1,30,,211893,9,,,1,70,,211894,9,,,1,30,,211895,9,,,1,70,,211896,9,,,1,30,,211897,9,,,1,70,,211898,9,,,1,30,,211899,9,,,1,70,,211900,9,,,1,30,,211901,9,,,1,70,,211902,9,,,1,30,,211903,9,,,1,70,,211904,9,,,1,30,,211905,9,,,1,70,,211906,9,,,1,79,,211907,9,,,1,100,,211908,9,,,1,100,,211909,9,,,1,100,,211910,9,,,1,100,,211911,9,,,1
5300,'053-Sunday-1-26-09-0000001',711,,211913,9,,,1,100,,211914,9,,,1,98,,211915,9,,,1,100,,211916,9,,,1,30,,211917,9,,,1,70,,211918,9,,,1,30,,211919,9,,,1,70,,211920,9,,,1,30,,211921,9,,,1,70,,211922,9,,,1,30,,211923,9,,,1,70,,211924,9,,,1,30,,211925,9,,,1,70,,211926,9,,,1,30,,211927,9,,,1,70,,211928,9,,,1,30,,211929,9,,,1,70,,211930,9,,,1,30,,211931,9,,,1,70,,211932,9,,,1,30,,211933,9,,,1,70,,211938,9,,,1,100,,211934,9,,,1,100,,211935,9,,,1,100,,211936,9,,,1,100,,211937,9,,,1
63000,'630-Weekday-1-26-09-1111100',750,,227570,38,,,1
63000,'630-Weekday-3-26-09-1111100',750,,227571,38,,,1
63500,'635-Weekday-1-26-09-0000100',946,,227599,38,,,1
63500,'635-Weekday-1-26-09-1111000',820,,227600,38,,,1
63500,'635-Weekday-3-26-09-1111000',820,,227601,38,,,1
