11400,'114-Weekday-1-26-04-1111100',523,,115111,21,,,1,30,,115112,21,,,1,70,,115113,21,,,1,18,,115114,21,,,1,14,,115115,21,,,1,52,,115116,21,,,1,12,,115117,21,,,1,12,,115119,21,,,1,12,,115118,21,,,1,12,,115120,21,,,1,52,,115121,21,,,1,12,,115122,21,,,1,12,,115123,21,,,1,11,,115133,21,,,1,11,,115173,21,,,1,50,,115134,21,,,1,14,,115135,21,,,1,15,,115136,21,,,1,15,,115137,21,,,1,55,,115138,21,,,1,15,,115139,21,,,1,15,,115140,21,,,1,15,,115141,21,,,1,55,,115142,21,,,1,15,,115143,21,,,1,15,,115144,21,,,1,15,,115145,21,,,1,55,,115146,21,,,1,15,,115147,21,,,1,15,,115124,21,,,1,15,,115125,21,,,1,55,,115126,21,,,1,15,,115127,21,,,1,15,,115128,21,,,1,15,,115129,21,,,1,55,,115130,21,,,1,15,,115109,21,,,1,15,,115110,21,,,1,14,,115148,21,,,1,13,,115149,21,,,1,54,,115150,21,,,1,8,,115174,3,,,1,6,,115151,21,,,1,9,,115175,3,,,1,3,,115152,21,,,1,12,,115153,21,,,1,52,,115154,21,,,1,12,,115155,21,,,1,12,,115156,21,,,1,12,,115157,21,,,1,12,,115158,21,,,1,52,,115159,21,,,1,12,,115160,21,,,1,12,,115131,21,,,1,12,,115132,21,,,1,12,,115161,21,,,1,63,,115162,21,,,1,27,,115163,21,,,1,68,,115164,21,,,1,30,,115165,21,,,1,70,,115166,21,,,1,30,,115167,21,,,1,70,,115168,21,,,1,30,,115169,21,,,1,69,,115170,21,,,1,98,,115171,21,,,1,100,,115172,21,,,1
11400,'114-Weekday-2-26-04-1111100',523,,137182,21,,,1,30,,137183,21,,,1,70,,137184,21,,,1,18,,137185,21,,,1,14,,137186,21,,,1,52,,137187,21,,,1,12,,137188,21,,,1,12,,137190,21,,,1,12,,137189,21,,,1,12,,137191,21,,,1,52,,137192,21,,,1,12,,137193,21,,,1,12,,137194,21,,,1,11,,137204,21,,,1,11,,137244,21,,,1,50,,137205,21,,,1,14,,137206,21,,,1,15,,137207,21,,,1,15,,137208,21,,,1,55,,137209,21,,,1,15,,137210,21,,,1,15,,137211,21,,,1,15,,137212,21,,,1,55,,137213,21,,,1,15,,137214,21,,,1,15,,137215,21,,,1,15,,137216,21,,,1,55,,137217,21,,,1,15,,137218,21,,,1,15,,137195,21,,,1,15,,137196,21,,,1,55,,137197,21,,,1,15,,137198,21,,,1,15,,137199,21,,,1,15,,137200,21,,,1,55,,137201,21,,,1,15,,137180,21,,,1,15,,137181,21,,,1,14,,137219,21,,,1,13,,137220,21,,,1,54,,137221,21,,,1,8,,137245,3,,,1,6,,137222,21,,,1,9,,137246,3,,,1,3,,137223,21,,,1,12,,137224,21,,,1,52,,137225,21,,,1,12,,137226,21,,,1,12,,137227,21,,,1,12,,137228,21,,,1,12,,137229,21,,,1,52,,137230,21,,,1,12,,137231,21,,,1,12,,137202,21,,,1,12,,137203,21,,,1,12,,137232,21,,,1,63,,137233,21,,,1,27,,137234,21,,,1,68,,137235,21,,,1,30,,137236,21,,,1,70,,137237,21,,,1,30,,137238,21,,,1,70,,137239,21,,,1,30,,137240,21,,,1,69,,137241,21,,,1,98,,137242,21,,,1,100,,137243,21,,,1
11400,'114-Weekday-3-26-04-1111100',523,,137249,21,,,1,30,,137250,21,,,1,70,,137251,21,,,1,18,,137252,21,,,1,14,,137253,21,,,1,52,,137254,21,,,1,12,,137255,21,,,1,12,,137257,21,,,1,12,,137256,21,,,1,12,,137258,21,,,1,52,,137259,21,,,1,12,,137260,21,,,1,12,,137261,21,,,1,11,,137271,21,,,1,11,,137311,21,,,1,50,,137272,21,,,1,14,,137273,21,,,1,15,,137274,21,,,1,15,,137275,21,,,1,55,,137276,21,,,1,15,,137277,21,,,1,15,,137278,21,,,1,15,,137279,21,,,1,55,,137280,21,,,1,15,,137281,21,,,1,15,,137282,21,,,1,15,,137283,21,,,1,55,,137284,21,,,1,15,,137285,21,,,1,15,,137262,21,,,1,15,,137263,21,,,1,55,,137264,21,,,1,15,,137265,21,,,1,15,,137266,21,,,1,15,,137267,21,,,1,55,,137268,21,,,1,15,,137247,21,,,1,15,,137248,21,,,1,14,,137286,21,,,1,13,,137287,21,,,1,54,,137288,21,,,1,8,,137312,3,,,1,6,,137289,21,,,1,9,,137313,3,,,1,3,,137290,21,,,1,12,,137291,21,,,1,52,,137292,21,,,1,12,,137293,21,,,1,12,,137294,21,,,1,12,,137295,21,,,1,12,,137296,21,,,1,52,,137297,21,,,1,12,,137298,21,,,1,12,,137269,21,,,1,12,,137270,21,,,1,12,,137299,21,,,1,63,,137300,21,,,1,27,,137301,21,,,1,68,,137302,21,,,1,30,,137303,21,,,1,70,,137304,21,,,1,30,,137305,21,,,1,70,,137306,21,,,1,30,,137307,21,,,1,69,,137308,21,,,1,98,,137309,21,,,1,100,,137310,21,,,1
11400,'114-Saturday-1-26-04-0000010',630,,115176,21,,,1,100,,115177,21,,,1,90,,115178,21,,,1,20,,115179,21,,,1,60,,115180,21,,,1,23,,115182,21,,,1,20,,115183,21,,,1,60,,115184,21,,,1,20,,115186,21,,,1,20,,115187,21,,,1,60,,115188,21,,,1,20,,115190,21,,,1,20,,115191,21,,,1,60,,115192,21,,,1,20,,115194,21,,,1,20,,115195,21,,,1,60,,115196,21,,,1,20,,115198,21,,,1,20,,115199,21,,,1,60,,115200,21,,,1,20,,115202,21,,,1,20,,115203,21,,,1,60,,115204,21,,,1,20,,115206,21,,,1,20,,115207,21,,,1,60,,115208,21,,,1,20,,115210,21,,,1,20,,115193,21,,,1,60,,115209,21,,,1,18,,115205,21,,,1,20,,115201,21,,,1,60,,115197,21,,,1,20,,115189,21,,,1,20,,115185,21,,,1,60,,115181,21,,,1,34,,115211,21,,,1,70,,115212,21,,,1,30,,115213,21,,,1,70,,115214,21,,,1,30,,115215,21,,,1,70,,115216,21,,,1,100,,115217,21,,,1,100,,115218,21,,,1
11400,'114-Sunday-1-26-04-0000001',639,,115222,21,,,1,100,,115221,21,,,1,100,,115220,21,,,1,103,,115219,21,,,1,89,,115223,21,,,1,20,,115224,21,,,1,60,,115225,21,,,1,20,,115226,21,,,1,20,,115227,21,,,1,60,,115228,21,,,1,20,,115229,21,,,1,20,,115230,21,,,1,60,,115231,21,,,1,20,,115232,21,,,1,20,,115233,21,,,1,60,,115234,21,,,1,20,,115235,21,,,1,20,,115236,21,,,1,60,,115237,21,,,1,20,,115238,21,,,1,20,,115239,21,,,1,60,,115240,21,,,1,20,,115241,21,,,1,20,,115242,21,,,1,59,,115243,21,,,1,20,,115244,21,,,1,20,,115245,21,,,1,60,,115246,21,,,1,20,,115247,21,,,1,20,,115248,21,,,1,60,,115249,21,,,1,31,,115250,21,,,1,70,,115251,21,,,1,30,,115252,21,,,1,70,,115253,21,,,1,30,,115254,21,,,1,70,,115255,21,,,1,100,,115256,21,,,1,100,,115257,21,,,1
61001,'610-Weekday-1-26-04-1111100',737,,120326,28,,,1,4,,120327,28,,,1,6,,120328,28,,,1,81,,120329,28,,,1,5,,120330,28,,,1,5,,120331,28,,,1
61001,'610-Weekday-2-26-04-1111100',828,,141942,28,,,1,5,,141943,28,,,1,5,,141944,28,,,1
61001,'610-Weekday-3-26-04-1111100',737,,141945,28,,,1,4,,141946,28,,,1,6,,141947,28,,,1
61101,'611-Weekday-1-26-04-1111100',746,,120336,28,,,1,11,,120337,28,,,1
61101,'611-Weekday-3-26-04-1111100',746,,141952,28,,,1,11,,141953,28,,,1
