50601,'506-Weekday-1-26-09-1111100',534,,222159,15,,,1,69,,222120,15,,,1,31,,222121,15,,,1,73,,222122,15,,,1,16,,222123,15,,,1,15,,222160,15,,,1,15,,222124,15,,,1,55,,222125,15,,,1,15,,222126,15,,,1,15,,222162,15,,,1,15,,222163,15,,,1,55,,222127,15,,,1,29,,222128,15,,,1,70,,222129,15,,,1,30,,222130,15,,,1,70,,222131,15,,,1,30,,222132,15,,,1,70,,222133,15,,,1,30,,222134,15,,,1,70,,222135,15,,,1,30,,222136,15,,,1,70,,222137,15,,,1,30,,222138,15,,,1,71,,222139,15,,,1,35,,222140,15,,,1,70,,222141,15,,,1,15,,222142,15,,,1,15,,222161,15,,,1,15,,222143,15,,,1,55,,222144,15,,,1,15,,222145,15,,,1,15,,222164,15,,,1,15,,222165,15,,,1,55,,222146,15,,,1,28,,222147,15,,,1,65,,222148,15,,,1,29,,222149,15,,,1,70,,222150,15,,,1,30,,222151,15,,,1,70,,222152,15,,,1,30,,222153,15,,,1,70,,222154,15,,,1,28,,222155,15,,,1,69,,222156,15,,,1,100,,222157,15,,,1
50601,'506-Weekday-2-26-09-1111100',534,,222207,15,,,1,69,,222168,15,,,1,31,,222169,15,,,1,73,,222170,15,,,1,16,,222171,15,,,1,15,,222208,15,,,1,15,,222172,15,,,1,55,,222173,15,,,1,15,,222174,15,,,1,15,,222210,15,,,1,15,,222211,15,,,1,55,,222175,15,,,1,29,,222176,15,,,1,70,,222177,15,,,1,30,,222178,15,,,1,70,,222179,15,,,1,30,,222180,15,,,1,70,,222181,15,,,1,30,,222182,15,,,1,70,,222183,15,,,1,30,,222184,15,,,1,70,,222185,15,,,1,30,,222186,15,,,1,71,,222187,15,,,1,35,,222188,15,,,1,70,,222189,15,,,1,15,,222190,15,,,1,15,,222209,15,,,1,15,,222191,15,,,1,55,,222192,15,,,1,15,,222193,15,,,1,15,,222212,15,,,1,15,,222213,15,,,1,55,,222194,15,,,1,28,,222195,15,,,1,65,,222196,15,,,1,29,,222197,15,,,1,70,,222198,15,,,1,30,,222199,15,,,1,70,,222200,15,,,1,30,,222201,15,,,1,70,,222202,15,,,1,28,,222203,15,,,1,69,,222204,15,,,1,100,,222205,15,,,1
50601,'506-Weekday-4-26-09-1111100',534,,222255,15,,,1,69,,222216,15,,,1,31,,222217,15,,,1,73,,222218,15,,,1,16,,222219,15,,,1,15,,222256,15,,,1,15,,222220,15,,,1,55,,222221,15,,,1,15,,222222,15,,,1,15,,222258,15,,,1,15,,222259,15,,,1,55,,222223,15,,,1,29,,222224,15,,,1,70,,222225,15,,,1,30,,222226,15,,,1,70,,222227,15,,,1,30,,222228,15,,,1,70,,222229,15,,,1,30,,222230,15,,,1,70,,222231,15,,,1,30,,222232,15,,,1,70,,222233,15,,,1,30,,222234,15,,,1,71,,222235,15,,,1,35,,222236,15,,,1,70,,222237,15,,,1,15,,222238,15,,,1,15,,222257,15,,,1,15,,222239,15,,,1,55,,222240,15,,,1,15,,222241,15,,,1,15,,222260,15,,,1,15,,222261,15,,,1,55,,222242,15,,,1,28,,222243,15,,,1,65,,222244,15,,,1,29,,222245,15,,,1,70,,222246,15,,,1,30,,222247,15,,,1,70,,222248,15,,,1,30,,222249,15,,,1,70,,222250,15,,,1,28,,222251,15,,,1,69,,222252,15,,,1,100,,222253,15,,,1
50601,'506-Saturday-1-26-09-0000010',550,,222262,15,,,1,100,,222263,15,,,1,100,,222264,15,,,1,70,,222265,15,,,1,28,,222266,15,,,1,70,,222267,15,,,1,33,,222268,15,,,1,70,,222269,15,,,1,30,,222270,15,,,1,70,,222271,15,,,1,30,,222272,15,,,1,70,,222273,15,,,1,30,,222274,15,,,1,70,,222275,15,,,1,30,,222276,15,,,1,70,,222277,15,,,1,30,,222278,15,,,1,70,,222279,15,,,1,30,,222280,15,,,1,70,,222281,15,,,1,30,,222282,15,,,1,70,,222283,15,,,1,29,,222284,15,,,1,70,,222285,15,,,1,30,,222286,15,,,1,70,,222287,15,,,1,30,,222288,15,,,1,85,,222289,15,,,1,100,,222290,15,,,1,100,,222291,15,,,1,100,,222292,15,,,1
50601,'506-Sunday-1-26-09-0000001',554,,222294,15,,,1,98,,222295,15,,,1,100,,222296,15,,,1,100,,222297,15,,,1,99,,222298,15,,,1,70,,222299,15,,,1,30,,222300,15,,,1,70,,222301,15,,,1,30,,222302,15,,,1,70,,222303,15,,,1,30,,222304,15,,,1,70,,222305,15,,,1,30,,222306,15,,,1,70,,222307,15,,,1,30,,222308,15,,,1,70,,222309,15,,,1,30,,222310,15,,,1,70,,222311,15,,,1,30,,222312,15,,,1,70,,222313,15,,,1,31,,222314,15,,,1,70,,222315,15,,,1,30,,222316,15,,,1,85,,222317,15,,,1,100,,222318,15,,,1,100,,222319,15,,,1,100,,222320,15,,,1,100,,222321,15,,,1
63100,'631-Weekday-1-26-09-1111100',743,,227574,16,,,1
63100,'631-Weekday-3-26-09-1111100',743,,227575,16,,,1
63400,'634-Weekday-1-26-09-0000100',931,,227590,15,,,1
63400,'634-Weekday-1-26-09-1111000',804,,227591,15,,,1,2,,227592,15,,,1
63400,'634-Weekday-3-26-09-1111000',804,,227593,15,,,1,2,,227594,15,,,1
