10101,'101-Weekday-1-26-02-1111100',458,,4422,,,1,70,,4423,,,1,30,,4424,,,1,70,,4425,,,1,20,,4426,,,1,60,,4427,,,1,20,,4428,,,1,20,,4429,,,1,60,,4430,,,1,20,,4431,,,1,30,,4432,,,1,70,,4433,,,1,30,,4434,,,1,70,,4435,,,1,30,,4436,,,1,70,,4437,,,1,30,,4438,,,1,70,,4439,,,1,30,,4440,,,1,70,,4441,,,1,30,,4442,,,1,72,,4443,,,1,70,,4444,,,1,30,,4445,,,1,70,,4446,,,1,30,,4447,,,1,70,,4448,,,1,30,,4449,,,1,70,,4450,,,1,30,,4454,,,1,28,,4455,,,1,70,,4456,,,1,30,,4457,,,1,70,,4458,,,1,30,,4459,,,1,70,,4451,,,1,30,,4460,,,1,100,,4452,,,1,100,,4453,,,1
10101,'101-Weekday-2-26-02-1111100',458,,36264,,,1,70,,36265,,,1,30,,36266,,,1,70,,36267,,,1,20,,36268,,,1,60,,36269,,,1,20,,36270,,,1,20,,36271,,,1,60,,36272,,,1,20,,36273,,,1,30,,36274,,,1,70,,36275,,,1,30,,36276,,,1,70,,36277,,,1,30,,36278,,,1,70,,36279,,,1,30,,36280,,,1,70,,36281,,,1,30,,36282,,,1,70,,36283,,,1,30,,36284,,,1,72,,36285,,,1,70,,36286,,,1,30,,36287,,,1,70,,36288,,,1,30,,36289,,,1,70,,36290,,,1,30,,36291,,,1,70,,36292,,,1,30,,36296,,,1,28,,36297,,,1,70,,36298,,,1,30,,36299,,,1,70,,36300,,,1,30,,36301,,,1,70,,36293,,,1,30,,36302,,,1,100,,36294,,,1,100,,36295,,,1
10101,'101-Weekday-4-26-02-1111100',458,,36303,,,1,70,,36304,,,1,30,,36305,,,1,70,,36306,,,1,20,,36307,,,1,60,,36308,,,1,20,,36309,,,1,20,,36310,,,1,60,,36311,,,1,20,,36312,,,1,30,,36313,,,1,70,,36314,,,1,30,,36315,,,1,70,,36316,,,1,30,,36317,,,1,70,,36318,,,1,30,,36319,,,1,70,,36320,,,1,30,,36321,,,1,70,,36322,,,1,30,,36323,,,1,72,,36324,,,1,70,,36325,,,1,30,,36326,,,1,70,,36327,,,1,30,,36328,,,1,70,,36329,,,1,30,,36330,,,1,70,,36331,,,1,30,,36335,,,1,28,,36336,,,1,70,,36337,,,1,30,,36338,,,1,70,,36339,,,1,30,,36340,,,1,70,,36332,,,1,30,,36341,,,1,100,,36333,,,1,100,,36334,,,1
10101,'101-Weekday-5-26-02-1111100',458,,36342,,,1,70,,36343,,,1,30,,36344,,,1,70,,36345,,,1,20,,36346,,,1,60,,36347,,,1,20,,36348,,,1,20,,36349,,,1,60,,36350,,,1,20,,36351,,,1,30,,36352,,,1,70,,36353,,,1,30,,36354,,,1,70,,36355,,,1,30,,36356,,,1,70,,36357,,,1,30,,36358,,,1,70,,36359,,,1,30,,36360,,,1,70,,36361,,,1,30,,36362,,,1,72,,36363,,,1,70,,36364,,,1,30,,36365,,,1,70,,36366,,,1,30,,36367,,,1,70,,36368,,,1,30,,36369,,,1,70,,36370,,,1,30,,36374,,,1,28,,36375,,,1,70,,36376,,,1,30,,36377,,,1,70,,36378,,,1,30,,36379,,,1,70,,36371,,,1,30,,36380,,,1,100,,36372,,,1,100,,36373,,,1
10101,'101-Weekday-6-26-02-1111100',458,,36381,,,1,70,,36382,,,1,30,,36383,,,1,70,,36384,,,1,20,,36385,,,1,60,,36386,,,1,20,,36387,,,1,20,,36388,,,1,60,,36389,,,1,20,,36390,,,1,30,,36391,,,1,70,,36392,,,1,30,,36393,,,1,70,,36394,,,1,30,,36395,,,1,70,,36396,,,1,30,,36397,,,1,70,,36398,,,1,30,,36399,,,1,70,,36400,,,1,30,,36401,,,1,72,,36402,,,1,70,,36403,,,1,30,,36404,,,1,70,,36405,,,1,30,,36406,,,1,70,,36407,,,1,30,,36408,,,1,70,,36409,,,1,30,,36413,,,1,28,,36414,,,1,70,,36415,,,1,30,,36416,,,1,70,,36417,,,1,30,,36418,,,1,70,,36410,,,1,30,,36419,,,1,100,,36411,,,1,100,,36412,,,1
10101,'101-Weekday-7-26-02-1111100',458,,36420,,,1,70,,36421,,,1,30,,36422,,,1,70,,36423,,,1,20,,36424,,,1,60,,36425,,,1,20,,36426,,,1,20,,36427,,,1,60,,36428,,,1,20,,36429,,,1,30,,36430,,,1,70,,36431,,,1,30,,36432,,,1,70,,36433,,,1,30,,36434,,,1,70,,36435,,,1,30,,36436,,,1,70,,36437,,,1,30,,36438,,,1,70,,36439,,,1,30,,36440,,,1,72,,36441,,,1,70,,36442,,,1,30,,36443,,,1,70,,36444,,,1,30,,36445,,,1,70,,36446,,,1,30,,36447,,,1,70,,36448,,,1,30,,36452,,,1,28,,36453,,,1,70,,36454,,,1,30,,36455,,,1,70,,36456,,,1,30,,36457,,,1,70,,36449,,,1,30,,36458,,,1,100,,36450,,,1,100,,36451,,,1
10101,'101-Weekday-8-26-02-1111100',458,,36459,,,1,70,,36460,,,1,30,,36461,,,1,70,,36462,,,1,20,,36463,,,1,60,,36464,,,1,20,,36465,,,1,20,,36466,,,1,60,,36467,,,1,20,,36468,,,1,30,,36469,,,1,70,,36470,,,1,30,,36471,,,1,70,,36472,,,1,30,,36473,,,1,70,,36474,,,1,30,,36475,,,1,70,,36476,,,1,30,,36477,,,1,70,,36478,,,1,30,,36479,,,1,72,,36480,,,1,70,,36481,,,1,30,,36482,,,1,70,,36483,,,1,30,,36484,,,1,70,,36485,,,1,30,,36486,,,1,70,,36487,,,1,30,,36491,,,1,28,,36492,,,1,70,,36493,,,1,30,,36494,,,1,70,,36495,,,1,30,,36496,,,1,70,,36488,,,1,30,,36497,,,1,100,,36489,,,1,100,,36490,,,1
10101,'101-Weekday-9-26-02-1111100',458,,36498,,,1,70,,36499,,,1,30,,36500,,,1,70,,36501,,,1,20,,36502,,,1,60,,36503,,,1,20,,36504,,,1,20,,36505,,,1,60,,36506,,,1,20,,36507,,,1,30,,36508,,,1,70,,36509,,,1,30,,36510,,,1,70,,36511,,,1,30,,36512,,,1,70,,36513,,,1,30,,36514,,,1,70,,36515,,,1,30,,36516,,,1,70,,36517,,,1,30,,36518,,,1,72,,36519,,,1,70,,36520,,,1,30,,36521,,,1,70,,36522,,,1,30,,36523,,,1,70,,36524,,,1,30,,36525,,,1,70,,36526,,,1,30,,36530,,,1,28,,36531,,,1,70,,36532,,,1,30,,36533,,,1,70,,36534,,,1,30,,36535,,,1,70,,36527,,,1,30,,36536,,,1,100,,36528,,,1,100,,36529,,,1
10101,'101-Saturday-1-26-02-0000010',619,,4461,,,1,100,,4462,,,1,90,,4463,,,1,29,,4464,,,1,69,,4465,,,1,30,,4466,,,1,70,,4467,,,1,30,,4468,,,1,70,,4469,,,1,30,,4470,,,1,70,,4471,,,1,30,,4472,,,1,70,,4473,,,1,30,,4474,,,1,70,,4475,,,1,30,,4476,,,1,70,,4477,,,1,30,,4478,,,1,70,,4479,,,1,30,,4480,,,1,70,,4481,,,1,30,,4482,,,1,70,,4483,,,1,30,,4484,,,1,70,,4485,,,1,100,,4486,,,1,100,,4487,,,1,100,,4488,,,1,100,,4489,,,1,100,,4490,,,1
10101,'101-Sunday-1-26-02-0000001',618,,36540,,,1,100,,36541,,,1,100,,36542,,,1,100,,36543,,,1,85,,36544,,,1,29,,36545,,,1,70,,36546,,,1,30,,36547,,,1,70,,36548,,,1,30,,36549,,,1,70,,36550,,,1,30,,36551,,,1,70,,36552,,,1,30,,36553,,,1,70,,36554,,,1,30,,36555,,,1,70,,36556,,,1,30,,36557,,,1,72,,36558,,,1,30,,36559,,,1,69,,36560,,,1,30,,36561,,,1,70,,36562,,,1,100,,36563,,,1,100,,36539,,,1,100,,36538,,,1,100,,36537,,,1
