51200,'512-Weekday-1-26-04-1111100',629,,117968,36,0,19 20,1,71,,117972,36,0,19 20,1,20,,117973,36,0,19 20,1,20,,117969,36,0,19 20,1,60,,117970,36,0,19 20,1,20,,117971,36,0,19 20,1,30,,117974,36,0,19 20,1,70,,117975,36,0,19 20,1,29,,117976,36,0,19 20,1,70,,117977,36,0,19 20,1,30,,117978,36,0,19 20,1,70,,117979,36,0,19 20,1,30,,117980,36,0,19 20,1,70,,117981,36,0,19 20,1,30,,117982,36,0,19 20,1,70,,117983,36,0,19 20,1,30,,117984,36,0,19 20,1,70,,117985,36,0,19 20,1,30,,117986,36,0,19 20,1,73,,117987,36,0,19 20,1,22,,117988,36,0,19 20,1,60,,117989,36,0,19 20,1,20,,117990,36,0,19 20,1,20,,117991,36,0,19 20,1,60,,117992,36,0,19 20,1,20,,117993,36,0,19 20,1,30,,117994,36,0,19 20,1,70,,117995,36,0,19 20,1,26,,117996,36,0,19 20,1,69,,117997,36,0,19 20,1,30,,117998,36,0,19 20,1,70,,117999,36,0,19 20,1,30,,118000,36,0,19 20,1,70,,118001,36,0,19 20,1,30,,118002,36,0,19 20,1,68,,118003,36,0,19 20,1,99,,118004,36,0,19 20,1,100,,118005,36,0,19 20,1
51200,'512-Weekday-2-26-04-1111100',629,,139801,36,0,19 20,1,71,,139805,36,0,19 20,1,20,,139806,36,0,19 20,1,20,,139802,36,0,19 20,1,60,,139803,36,0,19 20,1,20,,139804,36,0,19 20,1,30,,139807,36,0,19 20,1,70,,139808,36,0,19 20,1,29,,139809,36,0,19 20,1,70,,139810,36,0,19 20,1,30,,139811,36,0,19 20,1,70,,139812,36,0,19 20,1,30,,139813,36,0,19 20,1,70,,139814,36,0,19 20,1,30,,139815,36,0,19 20,1,70,,139816,36,0,19 20,1,30,,139817,36,0,19 20,1,70,,139818,36,0,19 20,1,30,,139819,36,0,19 20,1,73,,139820,36,0,19 20,1,22,,139821,36,0,19 20,1,60,,139822,36,0,19 20,1,20,,139823,36,0,19 20,1,20,,139824,36,0,19 20,1,60,,139825,36,0,19 20,1,20,,139826,36,0,19 20,1,30,,139827,36,0,19 20,1,70,,139828,36,0,19 20,1,26,,139829,36,0,19 20,1,69,,139830,36,0,19 20,1,30,,139831,36,0,19 20,1,70,,139832,36,0,19 20,1,30,,139833,36,0,19 20,1,70,,139834,36,0,19 20,1,30,,139835,36,0,19 20,1,68,,139836,36,0,19 20,1,99,,139837,36,0,19 20,1,100,,139838,36,0,19 20,1
51200,'512-Weekday-3-26-04-1111100',629,,139839,36,0,19 20,1,71,,139843,36,0,19 20,1,20,,139844,36,0,19 20,1,20,,139840,36,0,19 20,1,60,,139841,36,0,19 20,1,20,,139842,36,0,19 20,1,30,,139845,36,0,19 20,1,70,,139846,36,0,19 20,1,29,,139847,36,0,19 20,1,70,,139848,36,0,19 20,1,30,,139849,36,0,19 20,1,70,,139850,36,0,19 20,1,30,,139851,36,0,19 20,1,70,,139852,36,0,19 20,1,30,,139853,36,0,19 20,1,70,,139854,36,0,19 20,1,30,,139855,36,0,19 20,1,70,,139856,36,0,19 20,1,30,,139857,36,0,19 20,1,73,,139858,36,0,19 20,1,22,,139859,36,0,19 20,1,60,,139860,36,0,19 20,1,20,,139861,36,0,19 20,1,20,,139862,36,0,19 20,1,60,,139863,36,0,19 20,1,20,,139864,36,0,19 20,1,30,,139865,36,0,19 20,1,70,,139866,36,0,19 20,1,26,,139867,36,0,19 20,1,69,,139868,36,0,19 20,1,30,,139869,36,0,19 20,1,70,,139870,36,0,19 20,1,30,,139871,36,0,19 20,1,70,,139872,36,0,19 20,1,30,,139873,36,0,19 20,1,68,,139874,36,0,19 20,1,99,,139875,36,0,19 20,1,100,,139876,36,0,19 20,1
51200,'512-Saturday-1-26-04-0000010',629,,118006,36,0,19 20,1,100,,118007,36,0,19 20,1,100,,118008,36,0,19 20,1,71,,118009,36,0,19 20,1,33,,118010,36,0,19 20,1,70,,118011,36,0,19 20,1,30,,118012,36,0,19 20,1,70,,118013,36,0,19 20,1,30,,118014,36,0,19 20,1,70,,118015,36,0,19 20,1,30,,118016,36,0,19 20,1,70,,118017,36,0,19 20,1,30,,118018,36,0,19 20,1,70,,118019,36,0,19 20,1,30,,118020,36,0,19 20,1,70,,118021,36,0,19 20,1,30,,118022,36,0,19 20,1,70,,118023,36,0,19 20,1,30,,118024,36,0,19 20,1,69,,118025,36,0,19 20,1,27,,118026,36,0,19 20,1,30,,118027,36,0,19 20,1,70,,118028,36,0,19 20,1,30,,118029,36,0,19 20,1,70,,118030,36,0,19 20,1,100,,118031,36,0,19 20,1,100,,118032,36,0,19 20,1,100,,118033,36,0,19 20,1,100,,118034,36,0,19 20,1,100,,118035,36,0,19 20,1
51200,'512-Sunday-1-26-04-0000001',630,,118036,36,0,19 20,1,85,,118059,36,0,19 20,1,85,,118037,36,0,19 20,1,45,,118038,36,0,19 20,1,89,,118039,36,0,19 20,1,80,,118040,36,0,19 20,1,25,,118065,36,0,19 20,1,70,,118041,36,0,19 20,1,30,,118042,36,0,19 20,1,70,,118043,36,0,19 20,1,30,,118044,36,0,19 20,1,70,,118045,36,0,19 20,1,30,,118046,36,0,19 20,1,70,,118047,36,0,19 20,1,30,,118048,36,0,19 20,1,70,,118049,36,0,19 20,1,30,,118050,36,0,19 20,1,70,,118051,36,0,19 20,1,30,,118052,36,0,19 20,1,67,,118053,36,0,19 20,1,29,,118054,36,0,19 20,1,70,,118055,36,0,19 20,1,30,,118056,36,0,19 20,1,70,,118057,36,0,19 20,1,30,,118058,36,0,19 20,1,100,,118060,36,0,19 20,1,100,,118061,36,0,19 20,1,100,,118062,36,0,19 20,1,100,,118063,36,0,19 20,1,100,,118064,36,0,19 20,1
63800,'638-Weekday-1-26-04-0000100',957,,120445,32,,,1
63800,'638-Weekday-1-26-04-1111000',845,,120446,32,,,1
63800,'638-Weekday-1-26-04-1111100',803,,120447,32,,,1
63800,'638-Weekday-2-26-04-0000100',957,,142052,32,,,1
63800,'638-Weekday-3-26-04-1111100',803,,142053,32,,,1
