71801,'718-Weekday-1-26-02-1111100',600,,12402,,,1,31,,12403,,,1,75,,12401,,,1,20,,12404,,,1,17,,12440,,,1,3,,12405,,,1,62,,12406,,,1,20,,12407,,,1,20,,12408,,,1,58,,12409,,,1,19,,12410,,,1,26,,12411,,,1,69,,12412,,,1,30,,12413,,,1,70,,12414,,,1,30,,12415,,,1,70,,12416,,,1,30,,12417,,,1,70,,12418,,,1,30,,12419,,,1,70,,12420,,,1,30,,12421,,,1,74,,12422,,,1,30,,12423,,,1,52,,12424,,,1,18,,12425,,,1,21,,12426,,,1,60,,12427,,,1,20,,12428,,,1,20,,12429,,,1,58,,12430,,,1,20,,12431,,,1,22,,12432,,,1,65,,12433,,,1,32,,12434,,,1,71,,12435,,,1,30,,12436,,,1,70,,12437,,,1,30,,12438,,,1,70,,12439,,,1
71801,'718-Weekday-2-26-02-1111100',600,,72681,,,1,31,,72682,,,1,75,,72680,,,1,20,,72683,,,1,17,,72719,,,1,3,,72684,,,1,62,,72685,,,1,20,,72686,,,1,20,,72687,,,1,58,,72688,,,1,19,,72689,,,1,26,,72690,,,1,69,,72691,,,1,30,,72692,,,1,70,,72693,,,1,30,,72694,,,1,70,,72695,,,1,30,,72696,,,1,70,,72697,,,1,30,,72698,,,1,70,,72699,,,1,30,,72700,,,1,74,,72701,,,1,30,,72702,,,1,52,,72703,,,1,18,,72704,,,1,21,,72705,,,1,60,,72706,,,1,20,,72707,,,1,20,,72708,,,1,58,,72709,,,1,20,,72710,,,1,22,,72711,,,1,65,,72712,,,1,32,,72713,,,1,71,,72714,,,1,30,,72715,,,1,70,,72716,,,1,30,,72717,,,1,70,,72718,,,1
71801,'718-Weekday-4-26-02-1111100',600,,72721,,,1,31,,72722,,,1,75,,72720,,,1,20,,72723,,,1,20,,72724,,,1,62,,72725,,,1,20,,72726,,,1,20,,72727,,,1,58,,72728,,,1,19,,72729,,,1,26,,72730,,,1,69,,72731,,,1,30,,72732,,,1,70,,72733,,,1,30,,72734,,,1,70,,72735,,,1,30,,72736,,,1,70,,72737,,,1,30,,72738,,,1,70,,72739,,,1,30,,72740,,,1,74,,72741,,,1,30,,72742,,,1,52,,72743,,,1,18,,72744,,,1,21,,72745,,,1,60,,72746,,,1,20,,72747,,,1,20,,72748,,,1,58,,72749,,,1,20,,72750,,,1,22,,72751,,,1,65,,72752,,,1,32,,72753,,,1,71,,72754,,,1,30,,72755,,,1,70,,72756,,,1,30,,72757,,,1,70,,72758,,,1
71801,'718-Weekday-5-26-02-1111100',600,,72760,,,1,31,,72761,,,1,75,,72759,,,1,20,,72762,,,1,17,,72798,,,1,3,,72763,,,1,62,,72764,,,1,20,,72765,,,1,20,,72766,,,1,58,,72767,,,1,19,,72768,,,1,26,,72769,,,1,69,,72770,,,1,30,,72771,,,1,70,,72772,,,1,30,,72773,,,1,70,,72774,,,1,30,,72775,,,1,70,,72776,,,1,30,,72777,,,1,70,,72778,,,1,30,,72779,,,1,74,,72780,,,1,30,,72781,,,1,52,,72782,,,1,18,,72783,,,1,21,,72784,,,1,60,,72785,,,1,20,,72786,,,1,20,,72787,,,1,58,,72788,,,1,20,,72789,,,1,22,,72790,,,1,65,,72791,,,1,32,,72792,,,1,71,,72793,,,1,30,,72794,,,1,70,,72795,,,1,30,,72796,,,1,70,,72797,,,1
71801,'718-Weekday-6-26-02-1111100',600,,72800,,,1,31,,72801,,,1,75,,72799,,,1,20,,72802,,,1,20,,72803,,,1,62,,72804,,,1,20,,72805,,,1,20,,72806,,,1,58,,72807,,,1,19,,72808,,,1,26,,72809,,,1,69,,72810,,,1,30,,72811,,,1,70,,72812,,,1,30,,72813,,,1,70,,72814,,,1,30,,72815,,,1,70,,72816,,,1,30,,72817,,,1,70,,72818,,,1,30,,72819,,,1,74,,72820,,,1,30,,72821,,,1,52,,72822,,,1,18,,72823,,,1,21,,72824,,,1,60,,72825,,,1,20,,72826,,,1,20,,72827,,,1,58,,72828,,,1,20,,72829,,,1,22,,72830,,,1,65,,72831,,,1,32,,72832,,,1,71,,72833,,,1,30,,72834,,,1,70,,72835,,,1,30,,72836,,,1,70,,72837,,,1
71801,'718-Weekday-7-26-02-1111100',600,,72839,,,1,31,,72840,,,1,75,,72838,,,1,20,,72841,,,1,20,,72842,,,1,62,,72843,,,1,20,,72844,,,1,20,,72845,,,1,58,,72846,,,1,19,,72847,,,1,26,,72848,,,1,69,,72849,,,1,30,,72850,,,1,70,,72851,,,1,30,,72852,,,1,70,,72853,,,1,30,,72854,,,1,70,,72855,,,1,30,,72856,,,1,70,,72857,,,1,30,,72858,,,1,74,,72859,,,1,30,,72860,,,1,52,,72861,,,1,18,,72862,,,1,21,,72863,,,1,60,,72864,,,1,20,,72865,,,1,20,,72866,,,1,58,,72867,,,1,20,,72868,,,1,22,,72869,,,1,65,,72870,,,1,32,,72871,,,1,71,,72872,,,1,30,,72873,,,1,70,,72874,,,1,30,,72875,,,1,70,,72876,,,1
71801,'718-Weekday-8-26-02-1111100',600,,72878,,,1,31,,72879,,,1,75,,72877,,,1,20,,72880,,,1,20,,72881,,,1,62,,72882,,,1,20,,72883,,,1,20,,72884,,,1,58,,72885,,,1,19,,72886,,,1,26,,72887,,,1,69,,72888,,,1,30,,72889,,,1,70,,72890,,,1,30,,72891,,,1,70,,72892,,,1,30,,72893,,,1,70,,72894,,,1,30,,72895,,,1,70,,72896,,,1,30,,72897,,,1,74,,72898,,,1,30,,72899,,,1,52,,72900,,,1,18,,72901,,,1,21,,72902,,,1,60,,72903,,,1,20,,72904,,,1,20,,72905,,,1,58,,72906,,,1,20,,72907,,,1,22,,72908,,,1,65,,72909,,,1,32,,72910,,,1,71,,72911,,,1,30,,72912,,,1,70,,72913,,,1,30,,72914,,,1,70,,72915,,,1
71801,'718-Weekday-9-26-02-1111100',600,,72917,,,1,31,,72918,,,1,75,,72916,,,1,20,,72919,,,1,17,,72955,,,1,3,,72920,,,1,62,,72921,,,1,20,,72922,,,1,20,,72923,,,1,58,,72924,,,1,19,,72925,,,1,26,,72926,,,1,69,,72927,,,1,30,,72928,,,1,70,,72929,,,1,30,,72930,,,1,70,,72931,,,1,30,,72932,,,1,70,,72933,,,1,30,,72934,,,1,70,,72935,,,1,30,,72936,,,1,74,,72937,,,1,30,,72938,,,1,52,,72939,,,1,18,,72940,,,1,21,,72941,,,1,60,,72942,,,1,20,,72943,,,1,20,,72944,,,1,58,,72945,,,1,20,,72946,,,1,22,,72947,,,1,65,,72948,,,1,32,,72949,,,1,71,,72950,,,1,30,,72951,,,1,70,,72952,,,1,30,,72953,,,1,70,,72954,,,1
71801,'718-Saturday-1-26-02-0000010',815,,12465,,,1,30,,12441,,,1,73,,12442,,,1,35,,12443,,,1,72,,12444,,,1,30,,12445,,,1,70,,12446,,,1,30,,12447,,,1,70,,12448,,,1,30,,12449,,,1,70,,12450,,,1,30,,12451,,,1,70,,12452,,,1,30,,12453,,,1,70,,12454,,,1,30,,12455,,,1,70,,12456,,,1,30,,12457,,,1,69,,12458,,,1,29,,12459,,,1,70,,12460,,,1,30,,12461,,,1,70,,12462,,,1,100,,12463,,,1,100,,12464,,,1
71801,'718-Sunday-1-26-02-0000001',858,,72956,,,1,73,,72957,,,1,75,,72958,,,1,30,,72959,,,1,70,,72960,,,1,30,,72961,,,1,70,,72962,,,1,30,,72963,,,1,70,,72964,,,1,30,,72965,,,1,70,,72966,,,1,30,,72967,,,1,70,,72968,,,1,30,,72969,,,1,70,,72970,,,1,30,,72971,,,1,70,,72972,,,1,29,,72973,,,1,70,,72974,,,1,30,,72975,,,1,70,,72976,,,1,30,,72977,,,1,100,,72978,,,1,100,,72979,,,1
72901,'729-Weekday-1-26-02-1111100',605,,13292,,,1,33,,13293,,,1,64,,13294,,,1,22,,13295,,,1,20,,13296,,,1,60,,13297,,,1,20,,13298,,,1,20,,13299,,,1,59,,13290,,,1,17,,13291,,,1,22,,13278,,,1,70,,13279,,,1,30,,13280,,,1,70,,13281,,,1,30,,13282,,,1,70,,13283,,,1,30,,13277,,,1,70,,13284,,,1,30,,13285,,,1,70,,13286,,,1,30,,13287,,,1,73,,13288,,,1,31,,13289,,,1,59,,13300,,,1,20,,13301,,,1,20,,13302,,,1,60,,13303,,,1,20,,13304,,,1,20,,13305,,,1,60,,13306,,,1,20,,13307,,,1,16,,13308,,,1,63,,13309,,,1,29,,13310,,,1,70,,13311,,,1,30,,13312,,,1,70,,13313,,,1,30,,13314,,,1,70,,13315,,,1,27,,13316,,,1
72901,'729-Weekday-2-26-02-1111100',605,,76964,,,1,33,,76965,,,1,64,,76966,,,1,22,,76967,,,1,20,,76968,,,1,60,,76969,,,1,20,,76970,,,1,20,,76971,,,1,59,,76962,,,1,17,,76963,,,1,22,,76950,,,1,70,,76951,,,1,30,,76952,,,1,70,,76953,,,1,30,,76954,,,1,70,,76955,,,1,30,,76949,,,1,70,,76956,,,1,30,,76957,,,1,70,,76958,,,1,30,,76959,,,1,73,,76960,,,1,31,,76961,,,1,59,,76972,,,1,20,,76973,,,1,20,,76974,,,1,60,,76975,,,1,20,,76976,,,1,20,,76977,,,1,60,,76978,,,1,20,,76979,,,1,16,,76980,,,1,63,,76981,,,1,29,,76982,,,1,70,,76983,,,1,30,,76984,,,1,70,,76985,,,1,30,,76986,,,1,70,,76987,,,1,27,,76988,,,1
72901,'729-Weekday-4-26-02-1111100',605,,77004,,,1,33,,77005,,,1,64,,77006,,,1,22,,77007,,,1,20,,77008,,,1,60,,77009,,,1,20,,77010,,,1,20,,77011,,,1,59,,77002,,,1,17,,77003,,,1,22,,76990,,,1,70,,76991,,,1,30,,76992,,,1,70,,76993,,,1,30,,76994,,,1,70,,76995,,,1,30,,76989,,,1,70,,76996,,,1,30,,76997,,,1,70,,76998,,,1,30,,76999,,,1,73,,77000,,,1,31,,77001,,,1,59,,77012,,,1,20,,77013,,,1,20,,77014,,,1,60,,77015,,,1,20,,77016,,,1,20,,77017,,,1,60,,77018,,,1,20,,77019,,,1,16,,77020,,,1,63,,77021,,,1,29,,77022,,,1,70,,77023,,,1,30,,77024,,,1,70,,77025,,,1,30,,77026,,,1,70,,77027,,,1,27,,77028,,,1
72901,'729-Weekday-5-26-02-1111100',605,,77044,,,1,33,,77045,,,1,64,,77046,,,1,22,,77047,,,1,20,,77048,,,1,60,,77049,,,1,20,,77050,,,1,20,,77051,,,1,59,,77042,,,1,17,,77043,,,1,22,,77030,,,1,70,,77031,,,1,30,,77032,,,1,70,,77033,,,1,30,,77034,,,1,70,,77035,,,1,30,,77029,,,1,70,,77036,,,1,30,,77037,,,1,70,,77038,,,1,30,,77039,,,1,73,,77040,,,1,31,,77041,,,1,59,,77052,,,1,20,,77053,,,1,20,,77054,,,1,60,,77055,,,1,20,,77056,,,1,20,,77057,,,1,60,,77058,,,1,20,,77059,,,1,16,,77060,,,1,63,,77061,,,1,29,,77062,,,1,70,,77063,,,1,30,,77064,,,1,70,,77065,,,1,30,,77066,,,1,70,,77067,,,1,27,,77068,,,1
72901,'729-Weekday-6-26-02-1111100',605,,77084,,,1,33,,77085,,,1,64,,77086,,,1,22,,77087,,,1,20,,77088,,,1,60,,77089,,,1,20,,77090,,,1,20,,77091,,,1,59,,77082,,,1,17,,77083,,,1,22,,77070,,,1,70,,77071,,,1,30,,77072,,,1,70,,77073,,,1,30,,77074,,,1,70,,77075,,,1,30,,77069,,,1,70,,77076,,,1,30,,77077,,,1,70,,77078,,,1,30,,77079,,,1,73,,77080,,,1,31,,77081,,,1,59,,77092,,,1,20,,77093,,,1,20,,77094,,,1,60,,77095,,,1,20,,77096,,,1,20,,77097,,,1,60,,77098,,,1,20,,77099,,,1,16,,77100,,,1,63,,77101,,,1,29,,77102,,,1,70,,77103,,,1,30,,77104,,,1,70,,77105,,,1,30,,77106,,,1,70,,77107,,,1,27,,77108,,,1
72901,'729-Weekday-7-26-02-1111100',605,,77124,,,1,33,,77125,,,1,64,,77126,,,1,22,,77127,,,1,20,,77128,,,1,60,,77129,,,1,20,,77130,,,1,20,,77131,,,1,59,,77122,,,1,17,,77123,,,1,22,,77110,,,1,70,,77111,,,1,30,,77112,,,1,70,,77113,,,1,30,,77114,,,1,70,,77115,,,1,30,,77109,,,1,70,,77116,,,1,30,,77117,,,1,70,,77118,,,1,30,,77119,,,1,73,,77120,,,1,31,,77121,,,1,59,,77132,,,1,20,,77133,,,1,20,,77134,,,1,60,,77135,,,1,20,,77136,,,1,20,,77137,,,1,60,,77138,,,1,20,,77139,,,1,16,,77140,,,1,63,,77141,,,1,29,,77142,,,1,70,,77143,,,1,30,,77144,,,1,70,,77145,,,1,30,,77146,,,1,70,,77147,,,1,27,,77148,,,1
72901,'729-Weekday-8-26-02-1111100',605,,77164,,,1,33,,77165,,,1,64,,77166,,,1,22,,77167,,,1,20,,77168,,,1,60,,77169,,,1,20,,77170,,,1,20,,77171,,,1,59,,77162,,,1,17,,77163,,,1,22,,77150,,,1,70,,77151,,,1,30,,77152,,,1,70,,77153,,,1,30,,77154,,,1,70,,77155,,,1,30,,77149,,,1,70,,77156,,,1,30,,77157,,,1,70,,77158,,,1,30,,77159,,,1,73,,77160,,,1,31,,77161,,,1,59,,77172,,,1,20,,77173,,,1,20,,77174,,,1,60,,77175,,,1,20,,77176,,,1,20,,77177,,,1,60,,77178,,,1,20,,77179,,,1,16,,77180,,,1,63,,77181,,,1,29,,77182,,,1,70,,77183,,,1,30,,77184,,,1,70,,77185,,,1,30,,77186,,,1,70,,77187,,,1,27,,77188,,,1
72901,'729-Weekday-9-26-02-1111100',605,,77204,,,1,33,,77205,,,1,64,,77206,,,1,22,,77207,,,1,20,,77208,,,1,60,,77209,,,1,20,,77210,,,1,20,,77211,,,1,59,,77202,,,1,17,,77203,,,1,22,,77190,,,1,70,,77191,,,1,30,,77192,,,1,70,,77193,,,1,30,,77194,,,1,70,,77195,,,1,30,,77189,,,1,70,,77196,,,1,30,,77197,,,1,70,,77198,,,1,30,,77199,,,1,73,,77200,,,1,31,,77201,,,1,59,,77212,,,1,20,,77213,,,1,20,,77214,,,1,60,,77215,,,1,20,,77216,,,1,20,,77217,,,1,60,,77218,,,1,20,,77219,,,1,16,,77220,,,1,63,,77221,,,1,29,,77222,,,1,70,,77223,,,1,30,,77224,,,1,70,,77225,,,1,30,,77226,,,1,70,,77227,,,1,27,,77228,,,1
