10601,'106-Weekday-1-26-09-0001000',1224,,215570,3,0,14,1
10601,'106-Weekday-1-26-09-1110100',1500,,215571,3,0,14,1,4,,215572,3,0,14,1
10601,'106-Weekday-1-26-09-1111100',539,,215573,13,,,1,70,,215574,13,,,1,34,,215575,13,,,1,70,,215576,13,,,1,10,,215577,13,,,1,10,,215623,13,,,1,10,,215578,13,,,1,10,,215579,13,,,1,5,,215632,12,0,14,1,45,,215622,13,,,1,5,,215633,12,0,14,1,5,,215580,13,,,1,10,,215581,13,,,1,10,,215620,13,,,1,16,,215629,13,,,1,57,,215630,13,,,1,17,,215582,13,,,1,20,,215583,13,,,1,60,,215584,13,,,1,20,,215585,13,,,1,20,,215586,13,,,1,60,,215587,13,,,1,20,,215588,13,,,1,20,,215589,13,,,1,60,,215590,13,,,1,20,,215591,13,,,1,20,,215592,13,,,1,60,,215593,13,,,1,20,,215594,13,,,1,20,,215595,13,,,1,60,,215596,13,,,1,20,,215597,13,,,1,20,,215598,13,,,1,10,,215599,13,,,1,50,,215624,13,,,1,10,,215600,13,,,1,10,,215601,13,,,1,10,,215625,13,,,1,10,,215602,13,,,1,10,,215603,13,,,1,50,,215626,13,,,1,10,,215604,13,,,1,10,,215605,13,,,1,10,,215627,13,,,1,10,,215606,13,,,1,10,,215607,13,,,1,50,,215628,13,,,1,10,,215621,13,,,1,15,,215631,13,,,1,15,,215608,13,,,1,70,,215609,13,,,1,28,,215610,13,,,1,70,,215611,13,,,1,30,,215612,13,,,1,70,,215613,13,,,1,30,,215614,13,,,1,70,,215615,13,,,1,30,,215616,13,,,1,69,,215617,13,,,1,100,,215618,13,,,1,100,,215619,13,0,14,1
10601,'106-Weekday-2-26-09-1111100',539,,215634,13,,,1,70,,215635,13,,,1,34,,215636,13,,,1,70,,215637,13,,,1,10,,215638,13,,,1,10,,215684,13,,,1,10,,215639,13,,,1,10,,215640,13,,,1,50,,215683,13,,,1,10,,215641,13,,,1,10,,215642,13,,,1,10,,215681,13,,,1,16,,215690,13,,,1,57,,215691,13,,,1,17,,215643,13,,,1,20,,215644,13,,,1,60,,215645,13,,,1,20,,215646,13,,,1,20,,215647,13,,,1,60,,215648,13,,,1,20,,215649,13,,,1,20,,215650,13,,,1,60,,215651,13,,,1,20,,215652,13,,,1,20,,215653,13,,,1,60,,215654,13,,,1,20,,215655,13,,,1,20,,215656,13,,,1,60,,215657,13,,,1,20,,215658,13,,,1,20,,215659,13,,,1,10,,215660,13,,,1,50,,215685,13,,,1,10,,215661,13,,,1,10,,215662,13,,,1,10,,215686,13,,,1,10,,215663,13,,,1,10,,215664,13,,,1,50,,215687,13,,,1,10,,215665,13,,,1,10,,215666,13,,,1,10,,215688,13,,,1,10,,215667,13,,,1,10,,215668,13,,,1,50,,215689,13,,,1,10,,215682,13,,,1,15,,215692,13,,,1,15,,215669,13,,,1,70,,215670,13,,,1,28,,215671,13,,,1,70,,215672,13,,,1,30,,215673,13,,,1,70,,215674,13,,,1,30,,215675,13,,,1,70,,215676,13,,,1,30,,215677,13,,,1,69,,215678,13,,,1,100,,215679,13,,,1,100,,215680,13,0,14,1
10601,'106-Weekday-4-26-09-1111100',539,,215693,13,,,1,70,,215694,13,,,1,34,,215695,13,,,1,70,,215696,13,,,1,10,,215697,13,,,1,10,,215743,13,,,1,10,,215698,13,,,1,10,,215699,13,,,1,50,,215742,13,,,1,10,,215700,13,,,1,10,,215701,13,,,1,10,,215740,13,,,1,16,,215749,13,,,1,57,,215750,13,,,1,17,,215702,13,,,1,20,,215703,13,,,1,60,,215704,13,,,1,20,,215705,13,,,1,20,,215706,13,,,1,60,,215707,13,,,1,20,,215708,13,,,1,20,,215709,13,,,1,60,,215710,13,,,1,20,,215711,13,,,1,20,,215712,13,,,1,60,,215713,13,,,1,20,,215714,13,,,1,20,,215715,13,,,1,60,,215716,13,,,1,20,,215717,13,,,1,20,,215718,13,,,1,10,,215719,13,,,1,50,,215744,13,,,1,10,,215720,13,,,1,10,,215721,13,,,1,10,,215745,13,,,1,10,,215722,13,,,1,10,,215723,13,,,1,50,,215746,13,,,1,10,,215724,13,,,1,10,,215725,13,,,1,10,,215747,13,,,1,10,,215726,13,,,1,10,,215727,13,,,1,50,,215748,13,,,1,10,,215741,13,,,1,15,,215751,13,,,1,15,,215728,13,,,1,70,,215729,13,,,1,28,,215730,13,,,1,70,,215731,13,,,1,30,,215732,13,,,1,70,,215733,13,,,1,30,,215734,13,,,1,70,,215735,13,,,1,30,,215736,13,,,1,69,,215737,13,,,1,100,,215738,13,,,1,100,,215739,13,0,14,1
10601,'106-Saturday-1-26-09-0000010',541,,215752,13,,,1,70,,215753,13,,,1,30,,215754,13,,,1,70,,215755,13,,,1,30,,215756,13,,,1,70,,215757,13,,,1,30,,215786,13,,,1,71,,215758,13,,,1,30,,215759,13,,,1,70,,215760,13,,,1,30,,215761,13,,,1,70,,215762,13,,,1,30,,215763,13,,,1,70,,215764,13,,,1,30,,215765,13,,,1,70,,215766,13,,,1,30,,215767,13,,,1,70,,215768,13,,,1,30,,215769,13,,,1,70,,215770,13,,,1,30,,215771,13,,,1,70,,215772,13,,,1,30,,215773,13,,,1,70,,215785,13,,,1,30,,215784,13,,,1,70,,215783,13,,,1,30,,215782,13,,,1,70,,215774,13,,,1,30,,215775,13,,,1,70,,215776,13,,,1,30,,215777,13,,,1,70,,215778,13,,,1,30,,215779,13,,,1,70,,215787,13,,,1,100,,215780,13,,,1,100,,215781,13,,,1
10601,'106-Sunday-1-26-09-0000001',626,,215788,13,,,1,30,,215789,13,,,1,70,,215790,13,,,1,30,,215791,13,,,1,70,,215792,13,,,1,29,,215793,13,,,1,73,,215794,13,,,1,30,,215795,13,,,1,70,,215796,13,,,1,30,,215797,13,,,1,70,,215798,13,,,1,30,,215799,13,,,1,70,,215800,13,,,1,30,,215801,13,,,1,70,,215802,13,,,1,30,,215803,13,,,1,70,,215804,13,,,1,30,,215805,13,,,1,70,,215806,13,,,1,30,,215807,13,,,1,70,,215808,13,,,1,30,,215809,13,,,1,68,,215810,13,,,1,30,,215811,13,,,1,70,,215812,13,,,1,30,,215813,13,,,1,70,,215814,13,,,1,30,,215815,13,,,1,70,,215816,13,,,1,30,,215817,13,,,1,100,,215818,13,,,1,100,,215819,13,,,1,100,,215820,13,0,14,1
12801,'128-Weekday-1-26-09-1111100',921,,221175,9,,,1,100,,221176,9,,,1,100,,221177,9,,,1,100,,221178,9,,,1,100,,221179,9,,,1,100,,221180,9,,,1,100,,221181,9,,,1,100,,221182,9,,,1
12801,'128-Weekday-2-26-09-1111100',921,,221183,9,,,1,100,,221184,9,,,1,100,,221185,9,,,1,100,,221186,9,,,1,100,,221187,9,,,1,100,,221188,9,,,1,100,,221189,9,,,1,100,,221190,9,,,1
12801,'128-Weekday-4-26-09-1111100',921,,221191,9,,,1,100,,221192,9,,,1,100,,221193,9,,,1,100,,221194,9,,,1,100,,221195,9,,,1,100,,221196,9,,,1,100,,221197,9,,,1,100,,221198,9,,,1
12801,'128-Saturday-1-26-09-0000010',920,,221199,9,,,1,100,,221200,9,,,1,100,,221201,9,,,1,100,,221202,9,,,1,100,,221203,9,,,1,100,,221204,9,,,1,100,,221205,9,,,1,100,,221206,9,,,1
61201,'612-Weekday-1-26-09-1111100',757,,227410,44,,,1
62301,'623-Weekday-1-26-09-1111100',756,,227550,28,,,1
62601,'626-Weekday-1-26-09-1111100',742,,227558,38,,,1,5,,227559,38,,,1,5,,227560,38,,,1,5,,227561,38,,,1
