5200,'052-Weekday-1-26-06-1111100',621,,155184,52,,,1,36,,155185,52,,,1,74,,155186,52,,,1,22,,155187,52,,,1,60,,155188,52,,,1,20,,155189,52,,,1,20,,155190,52,,,1,62,,155191,52,,,1,21,,155192,52,,,1,70,,155193,52,,,1,30,,155194,52,,,1,70,,155195,52,,,1,30,,155196,52,,,1,70,,155197,52,,,1,30,,155198,52,,,1,70,,155199,52,,,1,30,,155200,52,,,1,70,,155201,52,,,1,31,,155202,52,,,1,81,,155203,52,,,1,29,,155204,52,,,1,57,,155205,52,,,1,16,,155206,52,,,1,13,,155207,52,,,1,11,,155208,52,,,1,12,,155209,52,,,1,53,,155210,52,,,1,13,,155211,52,,,1,15,,155212,52,,,1,15,,155213,52,,,1,55,,155214,52,,,1,29,,155215,52,,,1,23,,155216,52,,,1,68,,155217,52,,,1,30,,155218,52,,,1,70,,155219,52,,,1,30,,155220,52,,,1,70,,155221,52,,,1,29,,155222,52,,,1,68,,155223,52,,,1,29,,155224,52,,,1,100,,155225,52,,,1,100,,155226,52,,,1
5200,'052-Saturday-1-26-06-0000010',703,,155227,52,,,1,100,,155228,52,,,1,42,,155229,52,,,1,63,,155230,52,,,1,31,,155231,52,,,1,72,,155232,52,,,1,30,,155233,52,,,1,70,,155234,52,,,1,30,,155235,52,,,1,70,,155236,52,,,1,30,,155237,52,,,1,70,,155238,52,,,1,30,,155239,52,,,1,70,,155240,52,,,1,30,,155241,52,,,1,70,,155242,52,,,1,30,,155244,52,,,1,70,,155245,52,,,1,30,,155246,52,,,1,70,,155243,52,,,1,33,,155247,52,,,1,69,,155248,52,,,1,30,,155249,52,,,1,70,,155250,52,,,1,30,,155251,52,,,1,70,,155252,52,,,1,95,,155253,52,,,1,100,,155254,52,,,1,100,,155255,52,,,1,100,,155256,52,,,1
5200,'052-Sunday-1-26-06-0000001',805,,155257,52,,,1,100,,155258,52,,,1,104,,155259,52,,,1,100,,155260,52,,,1,30,,155261,52,,,1,70,,155263,52,,,1,30,,155264,52,,,1,70,,155265,52,,,1,30,,155262,52,,,1,70,,155266,52,,,1,30,,155268,52,,,1,70,,155269,52,,,1,30,,155270,52,,,1,70,,155267,52,,,1,30,,155271,52,,,1,70,,155272,52,,,1,31,,155273,52,,,1,70,,155274,52,,,1,30,,155275,52,,,1,70,,155276,52,,,1,30,,155280,52,,,1,70,,155277,52,,,1,100,,155278,52,,,1,100,,155279,52,,,1,100,,155281,52,,,1
5200,'052-Sunday-2-26-06-0000001',805,,155282,52,,,1,100,,155283,52,,,1,104,,155284,52,,,1,100,,155285,52,,,1,30,,155286,52,,,1,70,,155288,52,,,1,30,,155289,52,,,1,70,,155290,52,,,1,30,,155287,52,,,1,70,,155291,52,,,1,30,,155293,52,,,1,70,,155294,52,,,1,30,,155295,52,,,1,70,,155292,52,,,1,30,,155296,52,,,1,70,,155297,52,,,1,31,,155298,52,,,1,70,,155299,52,,,1,30,,155300,52,,,1,70,,155301,52,,,1,30,,155305,52,,,1,70,,155302,52,,,1,100,,155303,52,,,1,100,,155304,52,,,1,100,,155306,52,,,1,100,,155307,52,,,1,100,,155308,52,,,1
5400,'054-Weekday-1-26-06-1111100',524,,155674,43,,,1,30,,155638,43,,,1,56,,155685,43,,,1,14,,155639,43,,,1,17,,155684,43,,,1,16,,155640,43,,,1,56,,155669,43,,,1,15,,155670,43,,,1,15,,155671,43,,,1,16,,155672,43,,,1,55,,155673,43,,,1,15,,155641,43,,,1,71,,155675,43,,,1,27,,155642,43,,,1,31,,155643,43,,,1,70,,155644,43,,,1,30,,155645,43,,,1,70,,155646,43,,,1,30,,155647,43,,,1,70,,155648,43,,,1,30,,155649,43,,,1,70,,155650,43,,,1,30,,155651,43,,,1,70,,155652,43,,,1,30,,155653,43,,,1,70,,155654,43,,,1,15,,155676,43,,,1,16,,155655,43,,,1,57,,155656,43,,,1,16,,155657,43,,,1,15,,155658,43,,,1,7,,155683,43,,,1,48,,155659,43,,,1,15,,155678,43,,,1,14,,155679,43,,,1,15,,155660,43,,,1,57,,155677,43,,,1,26,,155661,43,,,1,28,,155662,43,,,1,70,,155663,43,,,1,30,,155664,43,,,1,70,,155665,43,,,1,30,,155666,43,,,1,70,,155667,43,,,1,30,,155668,43,,,1,69,,155680,43,,,1,100,,155681,43,,,1,100,,155682,43,,,1
5400,'054-Saturday-1-26-06-0000010',621,,155686,43,,,1,30,,155687,43,,,1,70,,155688,43,,,1,30,,155689,43,,,1,70,,155690,43,,,1,30,,155691,43,,,1,62,,155692,43,,,1,21,,155693,43,,,1,20,,155694,43,,,1,60,,155695,43,,,1,20,,155696,43,,,1,20,,155697,43,,,1,60,,155698,43,,,1,20,,155699,43,,,1,20,,155700,43,,,1,60,,155701,43,,,1,20,,155702,43,,,1,20,,155703,43,,,1,60,,155704,43,,,1,20,,155705,43,,,1,20,,155706,43,,,1,60,,155707,43,,,1,20,,155708,43,,,1,20,,155709,43,,,1,60,,155710,43,,,1,20,,155711,43,,,1,20,,155712,43,,,1,60,,155713,43,,,1,20,,155714,43,,,1,20,,155715,43,,,1,60,,155716,43,,,1,22,,155717,43,,,1,20,,155718,43,,,1,60,,155719,43,,,1,20,,155720,43,,,1,20,,155721,43,,,1,60,,155722,43,,,1,20,,155723,43,,,1,20,,155724,43,,,1,60,,155725,43,,,1,20,,155726,43,,,1,20,,155727,43,,,1,60,,155728,43,,,1,20,,155729,43,,,1,20,,155730,43,,,1,70,,155731,43,,,1,100,,155732,43,,,1,100,,155733,43,,,1
5400,'054-Sunday-1-26-06-0000001',722,,155734,43,,,1,30,,155735,43,,,1,70,,155736,43,,,1,30,,155737,43,,,1,71,,155738,43,,,1,30,,155739,43,,,1,65,,155740,43,,,1,20,,155741,43,,,1,20,,155742,43,,,1,60,,155743,43,,,1,20,,155744,43,,,1,20,,155745,43,,,1,60,,155746,43,,,1,20,,155747,43,,,1,20,,155748,43,,,1,60,,155749,43,,,1,20,,155750,43,,,1,20,,155751,43,,,1,60,,155752,43,,,1,20,,155753,43,,,1,20,,155754,43,,,1,60,,155755,43,,,1,20,,155756,43,,,1,20,,155757,43,,,1,60,,155758,43,,,1,20,,155759,43,,,1,20,,155760,43,,,1,63,,155761,43,,,1,21,,155762,43,,,1,60,,155763,43,,,1,20,,155764,43,,,1,20,,155765,43,,,1,60,,155766,43,,,1,25,,155767,43,,,1,30,,155768,43,,,1,70,,155769,43,,,1,30,,155770,43,,,1,70,,155771,43,,,1,30,,155772,43,,,1,70,,155773,43,,,1,100,,155774,43,,,1,100,,155775,43,,,1
68400,'684-Weekday-3-26-06-1110100',1605,,165283,23,,,1
68400,'684-Weekday-3-26-06-1111100',1535,,165284,27,,,1
90500,'905-Weekday-1-26-06-1111100',603,,171178,37,,,1,31,,171179,37,,,1,72,,171180,37,,,1,31,,171181,37,,,1,70,,171182,37,,,1,30,,171183,37,,,1,70,,171184,37,,,1,596,,171185,37,,,1,31,,171186,37,,,1,72,,171187,37,,,1,30,,171188,37,,,1,70,,171189,37,,,1,30,,171190,37,,,1,70,,171191,37,,,1
