66501,'665-Weekday-1-26-09-1111100',839,,227772,43,,,1,2,,227773,43,,,1
66501,'665-Weekday-3-26-09-1111100',839,,227774,43,,,1,2,,227775,43,,,1
72200,'722-Weekday-1-26-09-1111100',524,,234534,2,,,1,20,,234535,2,,,1,60,,234481,2,,,1,20,,234482,2,,,1,18,,234529,2,,,1,7,,234483,2,,,1,8,,234544,2,,,1,47,,234539,2,,,1,8,,234530,2,,,1,7,,234484,2,,,1,8,,234531,2,,,1,7,,234485,2,,,1,8,,234545,2,,,1,7,,234540,2,,,1,8,,234532,2,,,1,47,,234486,2,,,1,8,,234533,2,,,1,7,,234487,2,,,1,8,,234538,2,,,1,7,,234541,2,,,1,15,,234491,2,,,1,57,,234488,2,,,1,17,,234489,2,,,1,20,,234490,2,,,1,60,,234492,2,,,1,20,,234493,2,,,1,20,,234494,2,,,1,60,,234495,2,,,1,20,,234496,2,,,1,20,,234497,2,,,1,60,,234498,2,,,1,20,,234499,2,,,1,20,,234500,2,,,1,60,,234501,2,,,1,20,,234502,2,,,1,20,,234503,2,,,1,60,,234504,2,,,1,20,,234505,2,,,1,20,,234506,2,,,1,61,,234507,2,,,1,28,,234508,2,,,1,22,,234509,2,,,1,60,,234536,2,,,1,20,,234542,2,,,1,20,,234510,2,,,1,60,,234512,2,,,1,19,,234511,2,,,1,19,,234537,2,,,1,60,,234543,2,,,1,14,,234513,2,,,1,18,,234514,2,,,1,60,,234515,2,,,1,20,,234516,2,,,1,20,,234517,2,,,1,60,,234518,2,,,1,20,,234519,2,,,1,20,,234520,2,,,1,60,,234521,2,,,1,20,,234522,2,,,1,20,,234523,2,,,1,60,,234524,2,,,1,30,,234525,2,,,1,70,,234526,2,,,1,30,,234527,2,,,1,70,,234528,2,,,1
72200,'722-Weekday-2-26-09-1111100',524,,234599,2,,,1,20,,234600,2,,,1,60,,234546,2,,,1,20,,234547,2,,,1,18,,234594,2,,,1,7,,234548,2,,,1,8,,234609,2,,,1,47,,234604,2,,,1,8,,234595,2,,,1,7,,234549,2,,,1,8,,234596,2,,,1,7,,234550,2,,,1,8,,234610,2,,,1,7,,234605,2,,,1,8,,234597,2,,,1,47,,234551,2,,,1,8,,234598,2,,,1,7,,234552,2,,,1,8,,234603,2,,,1,7,,234606,2,,,1,15,,234556,2,,,1,57,,234553,2,,,1,17,,234554,2,,,1,20,,234555,2,,,1,60,,234557,2,,,1,20,,234558,2,,,1,20,,234559,2,,,1,60,,234560,2,,,1,20,,234561,2,,,1,20,,234562,2,,,1,60,,234563,2,,,1,20,,234564,2,,,1,20,,234565,2,,,1,60,,234566,2,,,1,20,,234567,2,,,1,20,,234568,2,,,1,60,,234569,2,,,1,20,,234570,2,,,1,20,,234571,2,,,1,61,,234572,2,,,1,28,,234573,2,,,1,22,,234574,2,,,1,60,,234601,2,,,1,20,,234607,2,,,1,20,,234575,2,,,1,60,,234577,2,,,1,19,,234576,2,,,1,19,,234602,2,,,1,60,,234608,2,,,1,14,,234578,2,,,1,18,,234579,2,,,1,60,,234580,2,,,1,20,,234581,2,,,1,20,,234582,2,,,1,60,,234583,2,,,1,20,,234584,2,,,1,20,,234585,2,,,1,60,,234586,2,,,1,20,,234587,2,,,1,20,,234588,2,,,1,60,,234589,2,,,1,30,,234590,2,,,1,70,,234591,2,,,1,30,,234592,2,,,1,70,,234593,2,,,1
72200,'722-Weekday-4-26-09-1111100',524,,234664,2,,,1,20,,234665,2,,,1,60,,234611,2,,,1,20,,234612,2,,,1,18,,234659,2,,,1,7,,234613,2,,,1,8,,234674,2,,,1,47,,234669,2,,,1,8,,234660,2,,,1,7,,234614,2,,,1,8,,234661,2,,,1,7,,234615,2,,,1,8,,234675,2,,,1,7,,234670,2,,,1,8,,234662,2,,,1,47,,234616,2,,,1,8,,234663,2,,,1,7,,234617,2,,,1,8,,234668,2,,,1,7,,234671,2,,,1,15,,234621,2,,,1,57,,234618,2,,,1,17,,234619,2,,,1,20,,234620,2,,,1,60,,234622,2,,,1,20,,234623,2,,,1,20,,234624,2,,,1,60,,234625,2,,,1,20,,234626,2,,,1,20,,234627,2,,,1,60,,234628,2,,,1,20,,234629,2,,,1,20,,234630,2,,,1,60,,234631,2,,,1,20,,234632,2,,,1,20,,234633,2,,,1,60,,234634,2,,,1,20,,234635,2,,,1,20,,234636,2,,,1,61,,234637,2,,,1,28,,234638,2,,,1,22,,234639,2,,,1,60,,234666,2,,,1,20,,234672,2,,,1,20,,234640,2,,,1,60,,234642,2,,,1,19,,234641,2,,,1,19,,234667,2,,,1,60,,234673,2,,,1,14,,234643,2,,,1,18,,234644,2,,,1,60,,234645,2,,,1,20,,234646,2,,,1,20,,234647,2,,,1,60,,234648,2,,,1,20,,234649,2,,,1,20,,234650,2,,,1,60,,234651,2,,,1,20,,234652,2,,,1,20,,234653,2,,,1,60,,234654,2,,,1,30,,234655,2,,,1,70,,234656,2,,,1,30,,234657,2,,,1,70,,234658,2,,,1
72200,'722-Saturday-1-26-09-0000010',626,,234676,2,,,1,30,,234677,2,,,1,70,,234678,2,,,1,30,,234679,2,,,1,70,,234680,2,,,1,20,,234681,2,,,1,60,,234682,2,,,1,19,,234683,2,,,1,20,,234684,2,,,1,60,,234685,2,,,1,20,,234686,2,,,1,20,,234687,2,,,1,60,,234688,2,,,1,20,,234689,2,,,1,20,,234690,2,,,1,60,,234691,2,,,1,20,,234692,2,,,1,20,,234693,2,,,1,60,,234694,2,,,1,20,,234695,2,,,1,20,,234696,2,,,1,60,,234697,2,,,1,20,,234698,2,,,1,20,,234699,2,,,1,60,,234700,2,,,1,20,,234701,2,,,1,20,,234702,2,,,1,60,,234703,2,,,1,20,,234704,2,,,1,20,,234705,2,,,1,60,,234706,2,,,1,21,,234707,2,,,1,20,,234708,2,,,1,60,,234709,2,,,1,20,,234710,2,,,1,20,,234711,2,,,1,60,,234712,2,,,1,20,,234713,2,,,1,30,,234714,2,,,1,70,,234715,2,,,1,30,,234716,2,,,1,70,,234717,2,,,1,30,,234718,2,,,1,70,,234719,2,,,1,30,,234720,2,,,1,70,,234721,2,,,1,30,,234722,2,,,1
72200,'722-Sunday-1-26-09-0000001',618,,234725,2,,,1,30,,234726,2,,,1,70,,234727,2,,,1,30,,234728,2,,,1,70,,234729,2,,,1,30,,234730,2,,,1,70,,234731,2,,,1,30,,234732,2,,,1,70,,234733,2,,,1,30,,234734,2,,,1,70,,234735,2,,,1,30,,234736,2,,,1,70,,234737,2,,,1,30,,234738,2,,,1,70,,234739,2,,,1,30,,234740,2,,,1,70,,234741,2,,,1,30,,234742,2,,,1,70,,234743,2,,,1,30,,234744,2,,,1,70,,234745,2,,,1,30,,234746,2,,,1,71,,234747,2,,,1,30,,234748,2,,,1,70,,234749,2,,,1,30,,234750,2,,,1,70,,234751,2,,,1,30,,234752,2,,,1,70,,234753,2,,,1,30,,234754,2,,,1,70,,234755,2,,,1,100,,234756,2,,,1,100,,234757,2,,,1
72201,'722-Weekday-1-26-09-1111100',1521,,234801,19,,,1,22,,234802,19,,,1,60,,234803,19,,,1,20,,234822,19,,,1,20,,234804,19,,,1,60,,234805,19,,,1,20,,234806,19,,,1,18,,234807,19,,,1,60,,234816,19,,,1,633,,234808,19,,,1
72201,'722-Weekday-2-26-09-1111100',1521,,234866,19,,,1,22,,234867,19,,,1,60,,234868,19,,,1,20,,234887,19,,,1,20,,234869,19,,,1,60,,234870,19,,,1,20,,234871,19,,,1,18,,234872,19,,,1,60,,234881,19,,,1,633,,234873,19,,,1
72201,'722-Weekday-4-26-09-1111100',1521,,234931,19,,,1,22,,234932,19,,,1,60,,234933,19,,,1,20,,234952,19,,,1,20,,234934,19,,,1,60,,234935,19,,,1,20,,234936,19,,,1,18,,234937,19,,,1,60,,234946,19,,,1,633,,234938,19,,,1
72201,'722-Saturday-1-26-09-0000010',2426,,235000,19,,,1,30,,235001,19,,,1
72201,'722-Sunday-1-26-09-0000001',2418,,235032,19,,,1
