5301,'053-Weekday-1-26-09-1111100',525,,211981,24,,,1,30,,211939,24,,,1,70,,211940,24,,,1,30,,211970,24,,,1,56,,211941,24,,,1,16,,211942,24,,,1,16,,211968,24,,,1,15,,211943,24,,,1,58,,211977,24,,,1,15,,211978,24,,,1,15,,211973,24,,,1,55,,211985,24,,,1,19,,211986,24,,,1,21,,211969,24,,,1,60,,211944,24,,,1,19,,211987,24,,,1,20,,211945,24,,,1,60,,211946,24,,,1,20,,211988,24,,,1,20,,211947,24,,,1,60,,211948,24,,,1,20,,211989,24,,,1,20,,211949,24,,,1,60,,211950,24,,,1,20,,211990,24,,,1,20,,211951,24,,,1,60,,211952,24,,,1,20,,211982,24,,,1,20,,211953,24,,,1,60,,211954,24,,,1,20,,211983,24,,,1,16,,211955,24,,,1,15,,211956,24,,,1,55,,211957,24,,,1,15,,211971,24,,,1,16,,211958,24,,,1,15,,211959,24,,,1,55,,211972,24,,,1,15,,211960,24,,,1,15,,211974,24,,,1,19,,211979,24,,,1,71,,211980,24,,,1,29,,211975,24,,,1,70,,211961,24,,,1,30,,211962,24,,,1,70,,211963,24,,,1,30,,211964,24,,,1,70,,211965,24,,,1,30,,211966,24,,,1,68,,211984,24,,,1,100,,211967,24,,,1,100,,211976,24,,,1
5301,'053-Weekday-2-26-09-1111100',525,,212033,24,,,1,30,,211991,24,,,1,70,,211992,24,,,1,30,,212022,24,,,1,56,,211993,24,,,1,16,,211994,24,,,1,16,,212020,24,,,1,15,,211995,24,,,1,58,,212029,24,,,1,15,,212030,24,,,1,15,,212025,24,,,1,55,,212037,24,,,1,19,,212038,24,,,1,21,,212021,24,,,1,60,,211996,24,,,1,19,,212039,24,,,1,20,,211997,24,,,1,60,,211998,24,,,1,20,,212040,24,,,1,20,,211999,24,,,1,60,,212000,24,,,1,20,,212041,24,,,1,20,,212001,24,,,1,60,,212002,24,,,1,20,,212042,24,,,1,20,,212003,24,,,1,60,,212004,24,,,1,20,,212034,24,,,1,20,,212005,24,,,1,60,,212006,24,,,1,20,,212035,24,,,1,16,,212007,24,,,1,15,,212008,24,,,1,55,,212009,24,,,1,15,,212023,24,,,1,16,,212010,24,,,1,15,,212011,24,,,1,55,,212024,24,,,1,15,,212012,24,,,1,15,,212026,24,,,1,19,,212031,24,,,1,71,,212032,24,,,1,29,,212027,24,,,1,70,,212013,24,,,1,30,,212014,24,,,1,70,,212015,24,,,1,30,,212016,24,,,1,70,,212017,24,,,1,30,,212018,24,,,1,68,,212036,24,,,1,100,,212019,24,,,1,100,,212028,24,,,1
5301,'053-Weekday-4-26-09-1111100',525,,212085,24,,,1,30,,212043,24,,,1,70,,212044,24,,,1,30,,212074,24,,,1,56,,212045,24,,,1,16,,212046,24,,,1,16,,212072,24,,,1,15,,212047,24,,,1,58,,212081,24,,,1,15,,212082,24,,,1,15,,212077,24,,,1,55,,212089,24,,,1,19,,212090,24,,,1,21,,212073,24,,,1,60,,212048,24,,,1,19,,212091,24,,,1,20,,212049,24,,,1,60,,212050,24,,,1,20,,212092,24,,,1,20,,212051,24,,,1,60,,212052,24,,,1,20,,212093,24,,,1,20,,212053,24,,,1,60,,212054,24,,,1,20,,212094,24,,,1,20,,212055,24,,,1,60,,212056,24,,,1,20,,212086,24,,,1,20,,212057,24,,,1,60,,212058,24,,,1,20,,212087,24,,,1,16,,212059,24,,,1,15,,212060,24,,,1,55,,212061,24,,,1,15,,212075,24,,,1,16,,212062,24,,,1,15,,212063,24,,,1,55,,212076,24,,,1,15,,212064,24,,,1,15,,212078,24,,,1,19,,212083,24,,,1,71,,212084,24,,,1,29,,212079,24,,,1,70,,212065,24,,,1,30,,212066,24,,,1,70,,212067,24,,,1,30,,212068,24,,,1,70,,212069,24,,,1,30,,212070,24,,,1,68,,212088,24,,,1,100,,212071,24,,,1,100,,212080,24,,,1
5301,'053-Saturday-1-26-09-0000010',630,,212095,24,,,1,100,,212096,24,,,1,100,,212097,24,,,1,24,,212125,24,,,1,64,,212098,24,,,1,30,,212099,24,,,1,70,,212100,24,,,1,30,,212101,24,,,1,70,,212102,24,,,1,30,,212103,24,,,1,70,,212104,24,,,1,30,,212105,24,,,1,70,,212106,24,,,1,30,,212107,24,,,1,70,,212108,24,,,1,30,,212109,24,,,1,70,,212110,24,,,1,30,,212111,24,,,1,70,,212112,24,,,1,30,,212113,24,,,1,70,,212114,24,,,1,30,,212115,24,,,1,70,,212116,24,,,1,30,,212117,24,,,1,70,,212118,24,,,1,30,,212123,24,,,1,82,,212119,24,,,1,100,,212120,24,,,1,100,,212121,24,,,1,100,,212122,24,,,1,100,,212124,24,,,1
5301,'053-Sunday-1-26-09-0000001',723,,212126,24,,,1,100,,212127,24,,,1,100,,212147,24,,,1,100,,212128,24,,,1,30,,212149,24,,,1,70,,212129,24,,,1,30,,212150,24,,,1,70,,212148,24,,,1,30,,212151,24,,,1,70,,212141,24,,,1,30,,212152,24,,,1,70,,212140,24,,,1,30,,212146,24,,,1,70,,212139,24,,,1,30,,212145,24,,,1,70,,212138,24,,,1,30,,212144,24,,,1,70,,212137,24,,,1,30,,212143,24,,,1,70,,212136,24,,,1,30,,212142,24,,,1,70,,212135,24,,,1,100,,212130,24,,,1,100,,212131,24,,,1,100,,212132,24,,,1,100,,212133,24,,,1,100,,212134,24,,,1
63301,'633-Weekday-1-26-09-1111100',753,,227586,25,,,1,6,,227587,25,,,1,44,,227588,25,,,1,4,,227589,25,,,1
63501,'635-Weekday-1-26-09-1111100',1546,,227602,10,,,1
63501,'635-Weekday-3-26-09-1111100',1546,,227603,10,,,1
1000100,'001-Weekday-1-26-09-1111100',515,,242650,26,,,1,40,,242651,26,,,1,81,,242652,26,,,1,83,,242653,26,,,1,20,,242654,26,,,1,20,,242655,26,,,1,60,,242656,26,,,1,20,,242657,26,,,1,64,,242658,26,,,1,31,,242659,26,,,1,70,,242660,26,,,1,30,,242661,26,,,1,70,,242662,26,,,1,30,,242663,26,,,1,70,,242664,26,,,1,30,,242665,26,,,1,70,,242666,26,,,1,30,,242667,26,,,1,70,,242668,26,,,1,30,,242669,26,,,1,71,,242670,26,,,1,29,,242671,26,,,1,16,,242690,15,,,1,4,,242672,26,,,1,60,,242673,26,,,1,20,,242674,26,,,1,20,,242675,26,,,1,60,,242676,26,,,1,25,,242677,26,,,1,70,,242678,26,,,1,28,,242679,26,,,1,68,,242680,26,,,1,30,,242681,26,,,1,70,,242682,26,,,1,30,,242683,26,,,1,70,,242684,26,,,1,30,,242685,26,,,1,67,,242686,26,,,1,37,,242687,26,,,1,80,,242688,26,,,1,40,,242689,26,,,1
1000100,'001-Weekday-2-26-09-1111100',515,,242691,26,,,1,40,,242692,26,,,1,81,,242693,26,,,1,83,,242694,26,,,1,20,,242695,26,,,1,20,,242696,26,,,1,60,,242697,26,,,1,20,,242698,26,,,1,64,,242699,26,,,1,31,,242700,26,,,1,70,,242701,26,,,1,30,,242702,26,,,1,70,,242703,26,,,1,30,,242704,26,,,1,70,,242705,26,,,1,30,,242706,26,,,1,70,,242707,26,,,1,30,,242708,26,,,1,70,,242709,26,,,1,30,,242710,26,,,1,71,,242711,26,,,1,29,,242712,26,,,1,16,,242731,15,,,1,4,,242713,26,,,1,60,,242714,26,,,1,20,,242715,26,,,1,20,,242716,26,,,1,60,,242717,26,,,1,25,,242718,26,,,1,70,,242719,26,,,1,28,,242720,26,,,1,68,,242721,26,,,1,30,,242722,26,,,1,70,,242723,26,,,1,30,,242724,26,,,1,70,,242725,26,,,1,30,,242726,26,,,1,67,,242727,26,,,1,37,,242728,26,,,1,80,,242729,26,,,1,40,,242730,26,,,1
1000100,'001-Weekday-4-26-09-1111100',515,,242732,26,,,1,40,,242733,26,,,1,81,,242734,26,,,1,83,,242735,26,,,1,20,,242736,26,,,1,20,,242737,26,,,1,60,,242738,26,,,1,20,,242739,26,,,1,64,,242740,26,,,1,31,,242741,26,,,1,70,,242742,26,,,1,30,,242743,26,,,1,70,,242744,26,,,1,30,,242745,26,,,1,70,,242746,26,,,1,30,,242747,26,,,1,70,,242748,26,,,1,30,,242749,26,,,1,70,,242750,26,,,1,30,,242751,26,,,1,71,,242752,26,,,1,29,,242753,26,,,1,20,,242754,26,,,1,60,,242755,26,,,1,20,,242756,26,,,1,20,,242757,26,,,1,60,,242758,26,,,1,25,,242759,26,,,1,70,,242760,26,,,1,28,,242761,26,,,1,68,,242762,26,,,1,30,,242763,26,,,1,70,,242764,26,,,1,30,,242765,26,,,1,70,,242766,26,,,1,30,,242767,26,,,1,67,,242768,26,,,1,37,,242769,26,,,1,80,,242770,26,,,1,40,,242771,26,,,1
1000100,'001-Saturday-1-26-09-0000010',636,,242772,26,,,1,80,,242773,26,,,1,40,,242774,26,,,1,75,,242775,26,,,1,70,,242776,26,,,1,33,,242777,26,,,1,70,,242778,26,,,1,30,,242779,26,,,1,70,,242780,26,,,1,30,,242781,26,,,1,70,,242782,26,,,1,30,,242783,26,,,1,70,,242784,26,,,1,30,,242785,26,,,1,70,,242786,26,,,1,30,,242787,26,,,1,70,,242788,26,,,1,30,,242789,26,,,1,70,,242790,26,,,1,30,,242791,26,,,1,69,,242792,26,,,1,29,,242793,26,,,1,70,,242794,26,,,1,30,,242795,26,,,1,68,,242796,26,,,1,32,,242797,26,,,1,70,,242798,26,,,1,29,,242799,26,,,1,71,,242800,26,,,1,30,,242801,26,,,1,70,,242802,26,,,1,30,,242803,26,,,1,70,,242804,26,,,1,35,,242805,26,,,1,80,,242806,26,,,1
1000100,'001-Sunday-1-26-09-0000001',612,,242807,26,,,1,40,,242808,26,,,1,80,,242809,26,,,1,80,,242810,26,,,1,40,,242811,26,,,1,82,,242812,26,,,1,80,,242813,26,,,1,35,,242814,26,,,1,70,,242815,26,,,1,30,,242816,26,,,1,70,,242817,26,,,1,30,,242818,26,,,1,70,,242819,26,,,1,30,,242820,26,,,1,70,,242821,26,,,1,30,,242822,26,,,1,70,,242823,26,,,1,30,,242824,26,,,1,70,,242825,26,,,1,30,,242826,26,,,1,69,,242827,26,,,1,30,,242828,26,,,1,70,,242829,26,,,1,30,,242830,26,,,1,68,,242831,26,,,1,40,,242832,26,,,1,80,,242833,26,,,1,80,,242834,26,,,1,40,,242835,26,,,1,80,,242836,26,,,1,80,,242837,26,,,1,40,,242838,26,,,1
