50600,'506-Weekday-1-26-06-1111100',527,,161834,1,,,1,30,,161835,1,,,1,70,,161836,1,,,1,20,,161837,1,,,1,60,,161853,1,,,1,20,,161838,1,,,1,20,,161839,1,,,1,60,,161840,1,,,1,20,,161855,1,,,1,30,,161841,1,,,1,70,,161864,1,,,1,30,,161865,1,,,1,70,,161866,1,,,1,30,,161867,1,,,1,70,,161868,1,,,1,30,,161863,1,,,1,70,,161862,1,,,1,30,,161861,1,,,1,70,,161860,1,,,1,30,,161859,1,,,1,70,,161858,1,,,1,30,,161857,1,,,1,70,,161856,1,,,1,20,,161843,1,,,1,60,,161854,1,,,1,20,,161844,1,,,1,20,,161845,1,,,1,60,,161846,1,,,1,20,,161842,1,,,1,30,,161847,1,,,1,70,,161848,1,,,1,30,,161869,1,,,1,70,,161870,1,,,1,30,,161871,1,,,1,70,,161872,1,,,1,30,,161873,1,,,1,70,,161874,1,,,1,30,,161875,1,,,1,70,,161849,1,,,1,100,,161850,1,,,1,100,,161851,1,,,1
50600,'506-Saturday-1-26-06-0000010',617,,161876,1,,,1,100,,161877,1,,,1,98,,161878,1,,,1,28,,161879,1,,,1,71,,161880,1,,,1,30,,161881,1,,,1,70,,161882,1,,,1,30,,161883,1,,,1,70,,161884,1,,,1,30,,161885,1,,,1,70,,161886,1,,,1,30,,161887,1,,,1,70,,161888,1,,,1,30,,161889,1,,,1,70,,161890,1,,,1,30,,161891,1,,,1,70,,161892,1,,,1,30,,161893,1,,,1,70,,161894,1,,,1,32,,161895,1,,,1,70,,161896,1,,,1,30,,161897,1,,,1,70,,161898,1,,,1,30,,161899,1,,,1,70,,161900,1,,,1,85,,161901,1,,,1,100,,161902,1,,,1,100,,161903,1,,,1,100,,161904,1,,,1,100,,161905,1,,,1
50600,'506-Sunday-1-26-06-0000001',619,,161908,1,,,1,100,,161909,1,,,1,100,,161910,1,,,1,96,,161911,1,,,1,100,,161912,1,,,1,30,,161913,1,,,1,70,,161914,1,,,1,30,,161915,1,,,1,70,,161916,1,,,1,30,,161917,1,,,1,70,,161918,1,,,1,30,,161919,1,,,1,70,,161920,1,,,1,30,,161921,1,,,1,70,,161922,1,,,1,30,,161923,1,,,1,70,,161924,1,,,1,31,,161925,1,,,1,71,,161926,1,,,1,30,,161927,1,,,1,70,,161928,1,,,1,85,,161929,1,,,1,100,,161930,1,,,1,100,,161931,1,,,1,100,,161932,1,,,1,100,,161933,1,,,1
50600,'506-Sunday-2-26-06-0000001',619,,161936,1,,,1,100,,161937,1,,,1,100,,161938,1,,,1,96,,161939,1,,,1,100,,161940,1,,,1,30,,161941,1,,,1,70,,161942,1,,,1,30,,161943,1,,,1,70,,161944,1,,,1,30,,161945,1,,,1,70,,161946,1,,,1,30,,161947,1,,,1,70,,161948,1,,,1,30,,161949,1,,,1,70,,161950,1,,,1,30,,161951,1,,,1,70,,161952,1,,,1,31,,161953,1,,,1,71,,161954,1,,,1,30,,161955,1,,,1,70,,161956,1,,,1,85,,161957,1,,,1,100,,161958,1,,,1,100,,161959,1,,,1,100,,161960,1,,,1,100,,161961,1,,,1,100,,161964,1,,,1,100,,161965,1,,,1
50601,'506-Weekday-1-26-06-1111100',551,,162005,42,4,,1,69,,161966,42,4,,1,33,,161967,42,4,,1,73,,161968,42,4,,1,21,,161969,42,4,,1,60,,162006,42,4,,1,20,,161970,42,4,,1,20,,161971,42,4,,1,59,,161972,42,4,,1,20,,161973,42,4,,1,29,,161974,42,4,,1,70,,161975,42,4,,1,30,,161976,42,4,,1,70,,161977,42,4,,1,30,,161978,42,4,,1,70,,161979,42,4,,1,30,,161980,42,4,,1,70,,161981,42,4,,1,30,,161982,42,4,,1,70,,161983,42,4,,1,30,,161984,42,4,,1,73,,161985,42,4,,1,75,,161986,42,4,,1,30,,161987,42,4,,1,20,,161988,42,4,,1,60,,162007,42,4,,1,20,,161989,42,4,,1,20,,161990,42,4,,1,60,,161991,42,4,,1,19,,161992,42,4,,1,26,,161993,42,4,,1,65,,161994,42,4,,1,29,,161995,42,4,,1,70,,161996,42,4,,1,30,,161997,42,4,,1,70,,161998,42,4,,1,30,,161999,42,4,,1,68,,162000,42,4,,1,28,,162001,42,4,,1,69,,162002,42,4,,1,100,,162003,42,4,,1
50601,'506-Saturday-1-26-06-0000010',607,,162008,42,4,,1,100,,162009,42,4,,1,100,,162010,42,4,,1,30,,162011,42,4,,1,68,,162012,42,4,,1,30,,162013,42,4,,1,73,,162014,42,4,,1,30,,162015,42,4,,1,70,,162016,42,4,,1,30,,162017,42,4,,1,70,,162018,42,4,,1,30,,162019,42,4,,1,70,,162020,42,4,,1,30,,162021,42,4,,1,70,,162022,42,4,,1,30,,162023,42,4,,1,70,,162024,42,4,,1,30,,162025,42,4,,1,70,,162026,42,4,,1,30,,162027,42,4,,1,70,,162028,42,4,,1,30,,162029,42,4,,1,69,,162030,42,4,,1,30,,162031,42,4,,1,70,,162032,42,4,,1,30,,162033,42,4,,1,70,,162034,42,4,,1,45,,162035,42,4,,1,100,,162036,42,4,,1,100,,162037,42,4,,1,100,,162038,42,4,,1
50601,'506-Sunday-1-26-06-0000001',609,,162040,42,4,,1,98,,162041,42,4,,1,100,,162042,42,4,,1,101,,162043,42,4,,1,100,,162044,42,4,,1,30,,162045,42,4,,1,70,,162046,42,4,,1,30,,162047,42,4,,1,70,,162048,42,4,,1,30,,162049,42,4,,1,70,,162050,42,4,,1,30,,162051,42,4,,1,70,,162052,42,4,,1,30,,162053,42,4,,1,70,,162054,42,4,,1,30,,162055,42,4,,1,70,,162056,42,4,,1,30,,162057,42,4,,1,69,,162058,42,4,,1,30,,162059,42,4,,1,71,,162060,42,4,,1,30,,162061,42,4,,1,70,,162062,42,4,,1,45,,162063,42,4,,1,100,,162064,42,4,,1,100,,162065,42,4,,1,100,,162066,42,4,,1,100,,162067,42,4,,1
50601,'506-Sunday-2-26-06-0000001',609,,162068,42,4,,1,98,,162069,42,4,,1,100,,162070,42,4,,1,101,,162071,42,4,,1,100,,162072,42,4,,1,30,,162073,42,4,,1,70,,162074,42,4,,1,30,,162075,42,4,,1,70,,162076,42,4,,1,30,,162077,42,4,,1,70,,162078,42,4,,1,30,,162079,42,4,,1,70,,162080,42,4,,1,30,,162081,42,4,,1,70,,162082,42,4,,1,30,,162083,42,4,,1,70,,162084,42,4,,1,30,,162085,42,4,,1,69,,162086,42,4,,1,30,,162087,42,4,,1,71,,162088,42,4,,1,30,,162089,42,4,,1,70,,162090,42,4,,1,45,,162091,42,4,,1,100,,162092,42,4,,1,100,,162093,42,4,,1,100,,162094,42,4,,1,100,,162095,42,4,,1,100,,162096,42,4,,1
65300,'653-Weekday-3-26-06-1111100',812,,165222,1,,,1
65301,'653-Weekday-3-26-06-1111100',1546,,165223,2,4,,1
65600,'656-Weekday-3-26-06-1111100',1601,,165228,25,4,,1
