64401,'644-Weekday-1-26-02-0000100',1020,,10107,4,,1
64401,'644-Weekday-1-26-02-1111000',847,,10108,4,,1
64401,'644-Weekday-2-26-02-0000100',1020,,62116,4,,1
64401,'644-Weekday-2-26-02-1111000',847,,62117,4,,1
64401,'644-Weekday-4-26-02-1111000',847,,62118,4,,1
64401,'644-Weekday-5-26-02-0000100',1020,,62119,4,,1
64401,'644-Weekday-5-26-02-1111000',847,,62120,4,,1
64501,'645-Weekday-1-26-02-0000100',1016,,10110,4,,1
64501,'645-Weekday-1-26-02-1111000',843,,10111,4,,1
64501,'645-Weekday-2-26-02-0000100',1016,,62124,4,,1
64501,'645-Weekday-2-26-02-1111000',843,,62125,4,,1
64501,'645-Weekday-4-26-02-1111000',843,,62126,4,,1
64501,'645-Weekday-5-26-02-0000100',1016,,62127,4,,1
64501,'645-Weekday-5-26-02-1111000',843,,62128,4,,1
64601,'646-Weekday-1-26-02-1111100',1525,3,10113,,,1,1,3,10114,,,1
64601,'646-Weekday-2-26-02-1111100',1525,3,62132,,,1,1,3,62133,,,1
64601,'646-Weekday-4-26-02-1111100',1525,3,62134,,,1,1,3,62135,,,1
64601,'646-Weekday-5-26-02-1111100',1525,3,62136,,,1,1,3,62137,,,1
64701,'647-Weekday-1-26-02-1111100',1525,3,10116,,,1
64701,'647-Weekday-2-26-02-1111100',1525,3,62141,,,1
64701,'647-Weekday-4-26-02-1111100',1525,3,62142,,,1
64701,'647-Weekday-5-26-02-1111100',1525,3,62143,,,1
