91701,'917-Weekday-1-26-04-0001000',1516,,127109,32,,,1
91701,'917-Weekday-1-26-04-1110100',1646,,127110,32,,,1
91701,'917-Weekday-1-26-04-1111100',516,,127111,32,,,1,30,,127112,32,,,1,70,,127150,32,,,1,32,,127152,32,,,1,70,,127151,32,,,1,30,,127113,32,,,1,70,,127146,32,,,1,30,,127114,32,,,1,71,,127115,32,,,1,30,,127116,32,,,1,70,,127117,32,,,1,30,,127118,32,,,1,70,,127119,32,,,1,30,,127120,32,,,1,70,,127121,32,,,1,30,,127122,32,,,1,70,,127123,32,,,1,30,,127124,32,,,1,70,,127125,32,,,1,30,,127126,32,,,1,73,,127127,32,,,1,31,,127149,32,,,1,55,,127128,32,,,1,15,,127129,32,,,1,15,,127130,32,,,1,15,,127147,32,,,1,55,,127131,32,,,1,15,,127132,32,,,1,15,,127133,32,,,1,15,,127148,32,,,1,55,,127134,32,,,1,15,,127135,32,,,1,26,,127136,32,,,1,69,,127137,32,,,1,30,,127138,32,,,1,70,,127139,32,,,1,30,,127140,32,,,1,70,,127141,32,,,1,30,,127142,32,,,1,69,,127143,32,,,1,100,,127144,32,,,1,100,,127145,32,,,1
91701,'917-Weekday-2-26-04-1110100',1646,,148333,32,,,1
91701,'917-Weekday-2-26-04-1111100',516,,148334,32,,,1,30,,148335,32,,,1,70,,148373,32,,,1,32,,148375,32,,,1,70,,148374,32,,,1,30,,148336,32,,,1,70,,148369,32,,,1,30,,148337,32,,,1,71,,148338,32,,,1,30,,148339,32,,,1,70,,148340,32,,,1,30,,148341,32,,,1,70,,148342,32,,,1,30,,148343,32,,,1,70,,148344,32,,,1,30,,148345,32,,,1,70,,148346,32,,,1,30,,148347,32,,,1,70,,148348,32,,,1,30,,148349,32,,,1,73,,148350,32,,,1,31,,148372,32,,,1,55,,148351,32,,,1,15,,148352,32,,,1,15,,148353,32,,,1,15,,148370,32,,,1,55,,148354,32,,,1,15,,148355,32,,,1,15,,148356,32,,,1,15,,148371,32,,,1,55,,148357,32,,,1,15,,148358,32,,,1,26,,148359,32,,,1,69,,148360,32,,,1,30,,148361,32,,,1,70,,148362,32,,,1,30,,148363,32,,,1,70,,148364,32,,,1,30,,148365,32,,,1,69,,148366,32,,,1,100,,148367,32,,,1,100,,148368,32,,,1
91701,'917-Weekday-3-26-04-1111100',516,,148376,32,,,1,30,,148377,32,,,1,70,,148415,32,,,1,32,,148417,32,,,1,70,,148416,32,,,1,30,,148378,32,,,1,70,,148411,32,,,1,30,,148379,32,,,1,71,,148380,32,,,1,30,,148381,32,,,1,70,,148382,32,,,1,30,,148383,32,,,1,70,,148384,32,,,1,30,,148385,32,,,1,70,,148386,32,,,1,30,,148387,32,,,1,70,,148388,32,,,1,30,,148389,32,,,1,70,,148390,32,,,1,30,,148391,32,,,1,73,,148392,32,,,1,31,,148414,32,,,1,55,,148393,32,,,1,15,,148394,32,,,1,15,,148395,32,,,1,15,,148412,32,,,1,55,,148396,32,,,1,15,,148397,32,,,1,15,,148398,32,,,1,15,,148413,32,,,1,55,,148399,32,,,1,15,,148400,32,,,1,26,,148401,32,,,1,69,,148402,32,,,1,30,,148403,32,,,1,70,,148404,32,,,1,30,,148405,32,,,1,70,,148406,32,,,1,30,,148407,32,,,1,69,,148408,32,,,1,100,,148409,32,,,1,100,,148410,32,,,1
91701,'917-Saturday-1-26-04-0000010',641,,127153,32,,,1,100,,127154,32,,,1,70,,127179,32,,,1,30,,127180,32,,,1,71,,127155,32,,,1,31,,127156,32,,,1,70,,127157,32,,,1,30,,127158,32,,,1,70,,127159,32,,,1,30,,127160,32,,,1,70,,127161,32,,,1,30,,127162,32,,,1,70,,127163,32,,,1,30,,127164,32,,,1,70,,127165,32,,,1,30,,127166,32,,,1,70,,127167,32,,,1,30,,127168,32,,,1,70,,127169,32,,,1,30,,127170,32,,,1,70,,127171,32,,,1,30,,127172,32,,,1,70,,127173,32,,,1,30,,127174,32,,,1,70,,127175,32,,,1,100,,127176,32,,,1,100,,127177,32,,,1,100,,127178,32,,,1
91701,'917-Sunday-1-26-04-0000001',638,,127181,32,,,1,100,,127182,32,,,1,100,,127183,32,,,1,102,,127184,32,,,1,103,,127185,32,,,1,70,,127186,32,,,1,30,,127187,32,,,1,70,,127188,32,,,1,30,,127189,32,,,1,70,,127190,32,,,1,30,,127191,32,,,1,70,,127192,32,,,1,30,,127193,32,,,1,70,,127194,32,,,1,30,,127195,32,,,1,70,,127196,32,,,1,30,,127197,32,,,1,70,,127198,32,,,1,31,,127199,32,,,1,70,,127200,32,,,1,30,,127201,32,,,1,70,,127202,32,,,1,30,,127203,32,,,1,100,,127204,32,,,1
24093000,'930X-Weekday-1-26-04-1111100',611,,129689,22,,,1,30,,129690,22,,,1,15,,129691,22,,,1,55,,129694,22,,,1,15,,129692,22,,,1,15,,129693,22,,,1,15,,129688,22,,,1,55,,129695,22,,,1,15,,129686,22,,,1,15,,129687,22,,,1,15,,129696,22,,,1,55,,129697,22,,,1
24093000,'930X-Weekday-2-26-04-1111100',611,,151373,22,,,1,30,,151374,22,,,1,15,,151375,22,,,1,55,,151378,22,,,1,15,,151376,22,,,1,15,,151377,22,,,1,15,,151372,22,,,1,55,,151379,22,,,1,15,,151370,22,,,1,15,,151371,22,,,1,15,,151380,22,,,1,55,,151381,22,,,1
24093000,'930X-Weekday-3-26-04-1111100',611,,151385,22,,,1,30,,151386,22,,,1,15,,151387,22,,,1,55,,151390,22,,,1,15,,151388,22,,,1,15,,151389,22,,,1,15,,151384,22,,,1,55,,151391,22,,,1,15,,151382,22,,,1,15,,151383,22,,,1,15,,151392,22,,,1,55,,151393,22,,,1
