900,'009-Weekday-1-26-06-1111100',2443,,154509,5,0,28 29 30,1,70,,154510,5,0,28 29 30,1,30,,154511,5,0,28 29 30,1,70,,154512,5,0,28 29 30,1,30,,154513,5,0,28 29 30,1
900,'009-Saturday-1-26-06-0000010',2443,,154578,5,0,28 29 30,1,70,,154579,5,0,28 29 30,1,30,,154580,5,0,28 29 30,1,70,,154581,5,0,28 29 30,1,30,,154582,5,0,28 29 30,1
900,'009-Sunday-1-26-06-0000001',2444,,154652,5,0,28 29 30,1,70,,154653,5,0,28 29 30,1,30,,154654,5,0,28 29 30,1,70,,154655,5,0,28 29 30,1,30,,154656,5,0,28 29 30,1
70700,'707-Weekday-1-26-06-1111100',543,,166547,18,,,1,70,,166548,18,,,1,34,,166549,18,,,1,70,,166590,18,,,1,15,,166550,18,,,1,15,,166551,18,,,1,55,,166587,18,,,1,15,,166552,18,,,1,20,,166588,18,,,1,20,,166589,18,,,1,58,,166553,18,,,1,20,,166554,18,,,1,20,,166555,18,,,1,60,,166556,18,,,1,20,,166557,18,,,1,20,,166558,18,,,1,60,,166559,18,,,1,20,,166560,18,,,1,20,,166561,18,,,1,60,,166562,18,,,1,20,,166563,18,,,1,20,,166564,18,,,1,60,,166565,18,,,1,20,,166566,18,,,1,20,,166567,18,,,1,60,,166568,18,,,1,20,,166569,18,,,1,20,,166570,18,,,1,61,,166571,18,,,1,30,,166572,18,,,1,70,,166573,18,,,1,30,,166574,18,,,1,70,,166575,18,,,1,30,,166576,18,,,1,73,,166577,18,,,1,32,,166578,18,,,1,70,,166579,18,,,1,30,,166580,18,,,1,70,,166581,18,,,1,30,,166582,18,,,1,70,,166583,18,,,1,30,,166584,18,,,1,68,,166591,18,,,1,100,,166585,18,,,1,100,,166586,18,,,1
70700,'707-Weekday-3-26-06-1111100',543,,166592,18,,,1,70,,166593,18,,,1,34,,166594,18,,,1,70,,166635,18,,,1,15,,166595,18,,,1,15,,166596,18,,,1,55,,166632,18,,,1,15,,166597,18,,,1,20,,166633,18,,,1,20,,166634,18,,,1,58,,166598,18,,,1,20,,166599,18,,,1,20,,166600,18,,,1,60,,166601,18,,,1,20,,166602,18,,,1,20,,166603,18,,,1,60,,166604,18,,,1,20,,166605,18,,,1,20,,166606,18,,,1,60,,166607,18,,,1,20,,166608,18,,,1,20,,166609,18,,,1,60,,166610,18,,,1,20,,166611,18,,,1,20,,166612,18,,,1,60,,166613,18,,,1,20,,166614,18,,,1,20,,166615,18,,,1,61,,166616,18,,,1,30,,166617,18,,,1,70,,166618,18,,,1,30,,166619,18,,,1,70,,166620,18,,,1,30,,166621,18,,,1,73,,166622,18,,,1,32,,166623,18,,,1,70,,166624,18,,,1,30,,166625,18,,,1,70,,166626,18,,,1,30,,166627,18,,,1,70,,166628,18,,,1,30,,166629,18,,,1,68,,166636,18,,,1,100,,166630,18,,,1,100,,166631,18,,,1
70700,'707-Saturday-1-26-06-0000010',601,,166637,18,,,1,100,,166638,18,,,1,100,,166639,18,,,1,43,,166640,18,,,1,71,,166641,18,,,1,30,,166642,18,,,1,70,,166643,18,,,1,30,,166644,18,,,1,70,,166645,18,,,1,30,,166646,18,,,1,70,,166647,18,,,1,30,,166648,18,,,1,70,,166649,18,,,1,30,,166650,18,,,1,70,,166651,18,,,1,30,,166652,18,,,1,70,,166653,18,,,1,30,,166654,18,,,1,70,,166655,18,,,1,30,,166656,18,,,1,70,,166657,18,,,1,30,,166658,18,,,1,70,,166659,18,,,1,30,,166660,18,,,1,70,,166661,18,,,1,87,,166662,18,,,1,100,,166663,18,,,1,100,,166664,18,,,1,100,,166665,18,,,1
70700,'707-Sunday-1-26-06-0000001',607,,166666,18,,,1,106,,166679,18,,,1,100,,166667,18,,,1,101,,166680,18,,,1,99,,166668,18,,,1,30,,166681,18,,,1,70,,166669,18,,,1,30,,166682,18,,,1,70,,166670,18,,,1,30,,166683,18,,,1,70,,166671,18,,,1,30,,166685,18,,,1,70,,166672,18,,,1,30,,166686,18,,,1,70,,166673,18,,,1,30,,166687,18,,,1,70,,166674,18,,,1,30,,166684,18,,,1,69,,166675,18,,,1,29,,166688,18,,,1,70,,166676,18,,,1,30,,166689,18,,,1,70,,166677,18,,,1,100,,166678,18,,,1,100,,166690,18,,,1
70800,'708-Weekday-1-26-06-1111100',535,,166839,18,,,1,70,,166840,18,,,1,32,,166841,18,,,1,17,,166842,18,,,1,55,,166871,18,,,1,15,,166843,18,,,1,15,,166873,18,,,1,15,,166875,18,,,1,55,,166874,18,,,1,15,,166876,18,,,1,15,,166878,18,,,1,15,,166877,18,,,1,70,,166870,18,,,1,30,,166844,18,,,1,70,,166869,18,,,1,30,,166845,18,,,1,70,,166868,18,,,1,30,,166847,18,,,1,70,,166867,18,,,1,30,,166848,18,,,1,70,,166866,18,,,1,30,,166846,18,,,1,70,,166865,18,,,1,25,,166879,18,,,1,67,,166849,18,,,1,30,,166850,18,,,1,70,,166851,18,,,1,30,,166852,18,,,1,70,,166872,18,,,1,34,,166863,18,,,1,74,,166853,18,,,1,28,,166854,18,,,1,70,,166855,18,,,1,30,,166856,18,,,1,70,,166857,18,,,1,30,,166858,18,,,1,70,,166859,18,,,1,30,,166860,18,,,1,67,,166864,18,,,1,102,,166861,18,,,1,100,,166862,18,,,1
70800,'708-Saturday-1-26-06-0000010',554,,166880,18,,,1,100,,166881,18,,,1,100,,166882,18,,,1,70,,166883,18,,,1,30,,166884,18,,,1,72,,166885,18,,,1,30,,166886,18,,,1,70,,166887,18,,,1,30,,166888,18,,,1,70,,166889,18,,,1,30,,166890,18,,,1,70,,166891,18,,,1,30,,166892,18,,,1,70,,166893,18,,,1,30,,166894,18,,,1,70,,166895,18,,,1,30,,166896,18,,,1,70,,166897,18,,,1,30,,166898,18,,,1,70,,166899,18,,,1,30,,166900,18,,,1,69,,166901,18,,,1,30,,166902,18,,,1,70,,166903,18,,,1,30,,166904,18,,,1,100,,166905,18,,,1,100,,166906,18,,,1,100,,166907,18,,,1,100,,166908,18,,,1,100,,166909,18,,,1
70800,'708-Sunday-1-26-06-0000001',655,,166910,18,,,1,100,,166911,18,,,1,100,,166912,18,,,1,101,,166913,18,,,1,70,,166914,18,,,1,30,,166915,18,,,1,70,,166916,18,,,1,30,,166917,18,,,1,70,,166918,18,,,1,30,,166919,18,,,1,70,,166920,18,,,1,30,,166921,18,,,1,70,,166922,18,,,1,30,,166923,18,,,1,70,,166924,18,,,1,30,,166925,18,,,1,70,,166926,18,,,1,30,,166927,18,,,1,69,,166928,18,,,1,30,,166929,18,,,1,70,,166930,18,,,1,30,,166931,18,,,1,100,,166932,18,,,1,100,,166933,18,,,1,100,,166934,18,,,1,100,,166935,18,,,1
70800,'708-Sunday-2-26-06-0000001',655,,166936,18,,,1,100,,166937,18,,,1,100,,166938,18,,,1,101,,166939,18,,,1,70,,166940,18,,,1,30,,166941,18,,,1,70,,166942,18,,,1,30,,166943,18,,,1,70,,166944,18,,,1,30,,166945,18,,,1,70,,166946,18,,,1,30,,166947,18,,,1,70,,166948,18,,,1,30,,166949,18,,,1,70,,166950,18,,,1,30,,166951,18,,,1,70,,166952,18,,,1,30,,166953,18,,,1,69,,166954,18,,,1,30,,166955,18,,,1,70,,166956,18,,,1,30,,166957,18,,,1,100,,166958,18,,,1,100,,166959,18,,,1,100,,166960,18,,,1,100,,166961,18,,,1,100,,166962,18,,,1,100,,166963,18,,,1
70900,'709-Weekday-1-26-06-1111100',514,,167090,21,,,1,20,,167091,21,,,1,20,,167092,21,,,1,60,,167094,21,,,1,12,,167095,21,,,1,15,,167096,21,,,1,12,,167093,21,,,1,52,,167097,21,,,1,12,,167099,21,,,1,12,,167098,21,,,1,12,,167100,21,,,1,12,,167101,21,,,1,52,,167151,21,,,1,12,,167150,21,,,1,12,,167149,21,,,1,12,,167148,21,,,1,12,,167147,21,,,1,52,,167146,21,,,1,18,,167127,21,,,1,20,,167128,21,,,1,60,,167129,21,,,1,20,,167130,21,,,1,20,,167131,21,,,1,60,,167132,21,,,1,20,,167133,21,,,1,20,,167134,21,,,1,60,,167135,21,,,1,20,,167136,21,,,1,20,,167137,21,,,1,60,,167138,21,,,1,20,,167139,21,,,1,20,,167140,21,,,1,60,,167141,21,,,1,20,,167142,21,,,1,20,,167143,21,,,1,60,,167144,21,,,1,20,,167102,21,,,1,20,,167103,21,,,1,60,,167104,21,,,1,20,,167105,21,,,1,20,,167106,21,,,1,60,,167107,21,,,1,20,,167108,21,,,1,20,,167109,21,,,1,60,,167110,21,,,1,20,,167111,21,,,1,18,,167112,21,,,1,60,,167113,21,,,1,20,,167114,21,,,1,20,,167119,21,,,1,60,,167120,21,,,1,20,,167122,21,,,1,20,,167118,21,,,1,60,,167126,21,,,1,20,,167125,21,,,1,20,,167124,21,,,1,59,,167145,21,,,1,23,,167123,21,,,1,30,,167115,21,,,1,70,,167116,21,,,1,30,,167117,21,,,1,70,,167121,21,,,1
70900,'709-Weekday-3-26-06-1111100',514,,167152,21,,,1,20,,167153,21,,,1,20,,167154,21,,,1,60,,167156,21,,,1,12,,167157,21,,,1,15,,167158,21,,,1,12,,167155,21,,,1,52,,167159,21,,,1,12,,167161,21,,,1,12,,167160,21,,,1,12,,167162,21,,,1,12,,167163,21,,,1,52,,167213,21,,,1,9,,167214,21,,,1,3,,167212,21,,,1,12,,167211,21,,,1,12,,167210,21,,,1,12,,167209,21,,,1,52,,167208,21,,,1,18,,167189,21,,,1,20,,167190,21,,,1,60,,167191,21,,,1,20,,167192,21,,,1,20,,167193,21,,,1,60,,167194,21,,,1,20,,167195,21,,,1,20,,167196,21,,,1,60,,167197,21,,,1,20,,167198,21,,,1,20,,167199,21,,,1,60,,167200,21,,,1,20,,167201,21,,,1,20,,167202,21,,,1,60,,167203,21,,,1,20,,167204,21,,,1,20,,167205,21,,,1,60,,167206,21,,,1,20,,167164,21,,,1,20,,167165,21,,,1,60,,167166,21,,,1,20,,167167,21,,,1,20,,167168,21,,,1,60,,167169,21,,,1,20,,167170,21,,,1,20,,167171,21,,,1,60,,167172,21,,,1,20,,167173,21,,,1,18,,167174,21,,,1,60,,167175,21,,,1,20,,167176,21,,,1,20,,167181,21,,,1,60,,167182,21,,,1,20,,167184,21,,,1,20,,167180,21,,,1,60,,167188,21,,,1,20,,167187,21,,,1,20,,167186,21,,,1,59,,167207,21,,,1,23,,167185,21,,,1,30,,167177,21,,,1,70,,167178,21,,,1,30,,167179,21,,,1,70,,167183,21,,,1
70900,'709-Saturday-1-26-06-0000010',550,,167263,21,,,1,70,,167215,21,,,1,30,,167216,21,,,1,70,,167217,21,,,1,30,,167218,21,,,1,65,,167219,21,,,1,20,,167220,21,,,1,20,,167221,21,,,1,62,,167222,21,,,1,20,,167223,21,,,1,20,,167224,21,,,1,60,,167225,21,,,1,20,,167226,21,,,1,20,,167227,21,,,1,60,,167228,21,,,1,20,,167229,21,,,1,20,,167230,21,,,1,60,,167231,21,,,1,20,,167232,21,,,1,20,,167233,21,,,1,60,,167234,21,,,1,20,,167235,21,,,1,20,,167236,21,,,1,60,,167237,21,,,1,20,,167238,21,,,1,20,,167239,21,,,1,60,,167240,21,,,1,20,,167241,21,,,1,20,,167242,21,,,1,60,,167243,21,,,1,20,,167244,21,,,1,20,,167245,21,,,1,58,,167246,21,,,1,20,,167247,21,,,1,20,,167248,21,,,1,60,,167249,21,,,1,20,,167250,21,,,1,20,,167251,21,,,1,65,,167252,21,,,1,29,,167253,21,,,1,70,,167254,21,,,1,30,,167255,21,,,1,70,,167256,21,,,1,30,,167257,21,,,1,70,,167258,21,,,1,30,,167259,21,,,1,70,,167260,21,,,1,30,,167261,21,,,1,70,,167262,21,,,1,30,,167264,21,,,1
70900,'709-Sunday-1-26-06-0000001',603,,167265,21,,,1,30,,167266,21,,,1,70,,167267,21,,,1,30,,167268,21,,,1,70,,167269,21,,,1,30,,167270,21,,,1,70,,167271,21,,,1,31,,167272,21,,,1,70,,167273,21,,,1,30,,167274,21,,,1,70,,167275,21,,,1,30,,167276,21,,,1,70,,167277,21,,,1,30,,167278,21,,,1,70,,167279,21,,,1,30,,167280,21,,,1,70,,167281,21,,,1,30,,167282,21,,,1,70,,167283,21,,,1,30,,167284,21,,,1,70,,167285,21,,,1,30,,167286,21,,,1,69,,167287,21,,,1,30,,167288,21,,,1,70,,167290,21,,,1,30,,167291,21,,,1,70,,167292,21,,,1,30,,167293,21,,,1,70,,167294,21,,,1,30,,167289,21,,,1,70,,167295,21,,,1,30,,167296,21,,,1,70,,167297,21,,,1,30,,167298,21,,,1,70,,167299,21,,,1,30,,167300,21,,,1,70,,167301,21,,,1
70900,'709-Sunday-2-26-06-0000001',603,,167302,21,,,1,30,,167303,21,,,1,70,,167304,21,,,1,30,,167305,21,,,1,70,,167306,21,,,1,30,,167307,21,,,1,70,,167308,21,,,1,31,,167309,21,,,1,70,,167310,21,,,1,30,,167311,21,,,1,70,,167312,21,,,1,30,,167313,21,,,1,70,,167314,21,,,1,30,,167315,21,,,1,70,,167316,21,,,1,30,,167317,21,,,1,70,,167318,21,,,1,30,,167319,21,,,1,70,,167320,21,,,1,30,,167321,21,,,1,70,,167322,21,,,1,30,,167323,21,,,1,69,,167324,21,,,1,30,,167325,21,,,1,70,,167327,21,,,1,30,,167328,21,,,1,70,,167329,21,,,1,30,,167330,21,,,1,70,,167331,21,,,1,30,,167326,21,,,1,70,,167332,21,,,1,30,,167333,21,,,1,70,,167334,21,,,1,30,,167335,21,,,1,70,,167336,21,,,1,30,,167337,21,,,1,70,,167338,21,,,1,30,,167339,21,,,1,70,,167340,21,,,1
