52101,'521-Weekday-1-26-09-1111100',549,,225883,22,,,1,70,,225884,22,,,1,13,,225885,22,,,1,14,,225886,22,,,1,54,,225927,22,,,1,12,,225922,22,,,1,12,,225887,22,,,1,12,,225888,22,,,1,12,,225889,22,,,1,52,,225928,22,,,1,12,,225921,22,,,1,12,,225890,22,,,1,12,,225891,22,,,1,12,,225926,22,,,1,67,,225892,22,,,1,29,,225893,22,,,1,70,,225894,22,,,1,30,,225895,22,,,1,70,,225896,22,,,1,30,,225897,22,,,1,70,,225898,22,,,1,30,,225899,22,,,1,70,,225900,22,,,1,30,,225901,22,,,1,70,,225902,22,,,1,30,,225903,22,,,1,76,,225925,22,,,1,35,,225924,22,,,1,55,,225904,22,,,1,1,,225931,22,,,1,14,,225905,22,,,1,15,,225906,22,,,1,15,,225907,22,,,1,55,,225908,22,,,1,15,,225909,22,,,1,15,,225910,22,,,1,15,,225911,22,,,1,55,,225912,22,,,1,15,,225913,22,,,1,23,,225923,22,,,1,68,,225914,22,,,1,30,,225915,22,,,1,70,,225916,22,,,1,30,,225917,22,,,1,70,,225918,22,,,1,30,,225919,22,,,1,68,,225920,22,,,1,100,,225929,22,,,1,100,,225930,22,,,1
52101,'521-Weekday-2-26-09-1111100',549,,225932,22,,,1,70,,225933,22,,,1,13,,225934,22,,,1,14,,225935,22,,,1,54,,225976,22,,,1,12,,225971,22,,,1,12,,225936,22,,,1,12,,225937,22,,,1,12,,225938,22,,,1,52,,225977,22,,,1,12,,225970,22,,,1,12,,225939,22,,,1,12,,225940,22,,,1,12,,225975,22,,,1,67,,225941,22,,,1,29,,225942,22,,,1,70,,225943,22,,,1,30,,225944,22,,,1,70,,225945,22,,,1,30,,225946,22,,,1,70,,225947,22,,,1,30,,225948,22,,,1,70,,225949,22,,,1,30,,225950,22,,,1,70,,225951,22,,,1,30,,225952,22,,,1,76,,225974,22,,,1,35,,225973,22,,,1,55,,225953,22,,,1,1,,225980,22,,,1,14,,225954,22,,,1,15,,225955,22,,,1,15,,225956,22,,,1,55,,225957,22,,,1,15,,225958,22,,,1,15,,225959,22,,,1,15,,225960,22,,,1,55,,225961,22,,,1,15,,225962,22,,,1,23,,225972,22,,,1,68,,225963,22,,,1,30,,225964,22,,,1,70,,225965,22,,,1,30,,225966,22,,,1,70,,225967,22,,,1,30,,225968,22,,,1,68,,225969,22,,,1,100,,225978,22,,,1,100,,225979,22,,,1
52101,'521-Weekday-4-26-09-1111100',549,,225981,22,,,1,70,,225982,22,,,1,13,,225983,22,,,1,14,,225984,22,,,1,54,,226025,22,,,1,12,,226020,22,,,1,12,,225985,22,,,1,12,,225986,22,,,1,12,,225987,22,,,1,52,,226026,22,,,1,12,,226019,22,,,1,12,,225988,22,,,1,12,,225989,22,,,1,12,,226024,22,,,1,67,,225990,22,,,1,29,,225991,22,,,1,70,,225992,22,,,1,30,,225993,22,,,1,70,,225994,22,,,1,30,,225995,22,,,1,70,,225996,22,,,1,30,,225997,22,,,1,70,,225998,22,,,1,30,,225999,22,,,1,70,,226000,22,,,1,30,,226001,22,,,1,76,,226023,22,,,1,35,,226022,22,,,1,55,,226002,22,,,1,15,,226003,22,,,1,15,,226004,22,,,1,15,,226005,22,,,1,55,,226006,22,,,1,15,,226007,22,,,1,15,,226008,22,,,1,15,,226009,22,,,1,55,,226010,22,,,1,15,,226011,22,,,1,23,,226021,22,,,1,68,,226012,22,,,1,30,,226013,22,,,1,70,,226014,22,,,1,30,,226015,22,,,1,70,,226016,22,,,1,30,,226017,22,,,1,68,,226018,22,,,1,100,,226027,22,,,1,100,,226028,22,,,1
52101,'521-Saturday-1-26-09-0000010',812,,226029,22,,,1,30,,226030,22,,,1,71,,226031,22,,,1,32,,226032,22,,,1,70,,226033,22,,,1,30,,226034,22,,,1,70,,226035,22,,,1,30,,226036,22,,,1,70,,226037,22,,,1,30,,226038,22,,,1,70,,226039,22,,,1,30,,226040,22,,,1,70,,226041,22,,,1,30,,226042,22,,,1,70,,226043,22,,,1,30,,226044,22,,,1,70,,226045,22,,,1,30,,226046,22,,,1,70,,226047,22,,,1,30,,226048,22,,,1,70,,226049,22,,,1,30,,226050,22,,,1,70,,226051,22,,,1
52101,'521-Sunday-1-26-09-0000001',1015,,226052,22,,,1,30,,226053,22,,,1,70,,226054,22,,,1,30,,226055,22,,,1,70,,226056,22,,,1,30,,226057,22,,,1,70,,226058,22,,,1,30,,226059,22,,,1,70,,226060,22,,,1,30,,226061,22,,,1,70,,226062,22,,,1,30,,226063,22,,,1,70,,226064,22,,,1,30,,226065,22,,,1,69,,226066,22,,,1,30,,226067,22,,,1,70,,226068,22,,,1,30,,226069,22,,,1,70,,226070,22,,,1
63800,'638-Weekday-1-26-09-0000100',928,,227612,5,,,1,3,,227611,5,,,1
63800,'638-Weekday-1-26-09-1111000',801,,227614,5,,,1,2,,227613,5,,,1
63800,'638-Weekday-1-26-09-1111100',728,,227615,5,,,1,3,,227616,5,,,1
63800,'638-Weekday-3-26-09-1111000',801,,227618,5,,,1,2,,227617,5,,,1
66401,'664-Weekday-1-26-09-1111100',808,,227762,11,0,21 22,1,3,,227763,11,0,21 22,1
66401,'664-Weekday-3-26-09-1111100',808,,227764,11,0,21 22,1,3,,227765,11,0,21 22,1
