66700,'667-Weekday-1-26-09-0001000',1432,,227776,4,,,1,3,,227777,4,,,1
66700,'667-Weekday-1-26-09-1110100',1511,,227778,4,,,1,3,,227779,4,,,1
66700,'667-Weekday-3-26-09-1110100',1511,,227780,4,,,1,3,,227781,4,,,1
72100,'721-Weekday-1-26-09-0001000',1430,,233912,5,,,1
72100,'721-Weekday-1-26-09-1110100',1513,,233913,5,,,1,3,,233914,5,,,1
72100,'721-Weekday-1-26-09-1111100',503,,233956,11,,,1,20,,233957,11,,,1,20,,233958,11,,,1,60,,233959,11,,,1,18,,233915,5,,,1,11,,233960,11,,,1,10,,233916,5,,,1,12,,233968,11,,,1,52,,233917,5,,,1,8,,233970,11,,,1,7,,233974,5,,,1,8,,233961,11,,,1,8,,233918,5,,,1,8,,233975,11,,,1,8,,233919,5,,,1,47,,233976,11,,,1,8,,233969,5,,,1,7,,233977,11,,,1,8,,233920,5,,,1,7,,233978,11,,,1,7,,233921,5,,,1,14,,233971,5,,,1,55,,233923,5,,,1,16,,233922,5,,,1,18,,233924,5,,,1,60,,233925,5,,,1,20,,233926,5,,,1,20,,233927,5,,,1,60,,233928,5,,,1,20,,233929,5,,,1,20,,233930,5,,,1,60,,233931,5,,,1,20,,233932,5,,,1,20,,233933,5,,,1,60,,233934,5,,,1,20,,233935,5,,,1,20,,233936,5,,,1,60,,233937,5,,,1,20,,233938,5,,,1,20,,233939,5,,,1,60,,233940,5,,,1,26,,233941,5,,,1,22,,233972,5,,,1,60,,233965,5,,,1,20,,233966,5,,,1,20,,233967,5,,,1,60,,233964,5,,,1,20,,233973,5,,,1,17,,233979,5,,,1,60,,233980,5,,,1,20,,233963,5,,,1,20,,233962,5,,,1,57,,233942,5,,,1,20,,233943,5,,,1,20,,233944,5,,,1,60,,233945,5,,,1,20,,233946,5,,,1,20,,233947,5,,,1,60,,233948,5,,,1,20,,233949,5,,,1,20,,233950,5,,,1,60,,233951,5,,,1,30,,233952,5,,,1,70,,233953,5,,,1,30,,233954,5,,,1,70,,233955,5,,,1
72100,'721-Weekday-2-26-09-1110100',1513,,233981,5,,,1,3,,233982,5,,,1
72100,'721-Weekday-2-26-09-1111100',503,,234024,11,,,1,20,,234025,11,,,1,20,,234026,11,,,1,60,,234027,11,,,1,18,,233983,5,,,1,11,,234028,11,,,1,10,,233984,5,,,1,12,,234036,11,,,1,52,,233985,5,,,1,8,,234038,11,,,1,7,,234042,5,,,1,8,,234029,11,,,1,8,,233986,5,,,1,8,,234043,11,,,1,8,,233987,5,,,1,47,,234044,11,,,1,8,,234037,5,,,1,7,,234045,11,,,1,8,,233988,5,,,1,7,,234046,11,,,1,7,,233989,5,,,1,14,,234039,5,,,1,55,,233991,5,,,1,16,,233990,5,,,1,18,,233992,5,,,1,60,,233993,5,,,1,20,,233994,5,,,1,20,,233995,5,,,1,60,,233996,5,,,1,20,,233997,5,,,1,20,,233998,5,,,1,60,,233999,5,,,1,20,,234000,5,,,1,20,,234001,5,,,1,60,,234002,5,,,1,20,,234003,5,,,1,20,,234004,5,,,1,60,,234005,5,,,1,20,,234006,5,,,1,20,,234007,5,,,1,60,,234008,5,,,1,26,,234009,5,,,1,22,,234040,5,,,1,60,,234033,5,,,1,20,,234034,5,,,1,20,,234035,5,,,1,60,,234032,5,,,1,20,,234041,5,,,1,17,,234047,5,,,1,60,,234048,5,,,1,20,,234031,5,,,1,20,,234030,5,,,1,57,,234010,5,,,1,20,,234011,5,,,1,20,,234012,5,,,1,60,,234013,5,,,1,20,,234014,5,,,1,20,,234015,5,,,1,60,,234016,5,,,1,20,,234017,5,,,1,20,,234018,5,,,1,60,,234019,5,,,1,30,,234020,5,,,1,70,,234021,5,,,1,30,,234022,5,,,1,70,,234023,5,,,1
72100,'721-Weekday-4-26-09-1111100',503,,234090,11,,,1,20,,234091,11,,,1,20,,234092,11,,,1,60,,234093,11,,,1,18,,234049,5,,,1,11,,234094,11,,,1,10,,234050,5,,,1,12,,234102,11,,,1,52,,234051,5,,,1,8,,234104,11,,,1,7,,234108,5,,,1,8,,234095,11,,,1,8,,234052,5,,,1,8,,234109,11,,,1,8,,234053,5,,,1,47,,234110,11,,,1,8,,234103,5,,,1,7,,234111,11,,,1,8,,234054,5,,,1,7,,234112,11,,,1,7,,234055,5,,,1,14,,234105,5,,,1,55,,234057,5,,,1,16,,234056,5,,,1,18,,234058,5,,,1,60,,234059,5,,,1,20,,234060,5,,,1,20,,234061,5,,,1,60,,234062,5,,,1,20,,234063,5,,,1,20,,234064,5,,,1,60,,234065,5,,,1,20,,234066,5,,,1,20,,234067,5,,,1,60,,234068,5,,,1,20,,234069,5,,,1,20,,234070,5,,,1,60,,234071,5,,,1,20,,234072,5,,,1,20,,234073,5,,,1,60,,234074,5,,,1,26,,234075,5,,,1,22,,234106,5,,,1,60,,234099,5,,,1,20,,234100,5,,,1,20,,234101,5,,,1,60,,234098,5,,,1,20,,234107,5,,,1,17,,234113,5,,,1,60,,234114,5,,,1,20,,234097,5,,,1,20,,234096,5,,,1,57,,234076,5,,,1,20,,234077,5,,,1,20,,234078,5,,,1,60,,234079,5,,,1,20,,234080,5,,,1,20,,234081,5,,,1,60,,234082,5,,,1,20,,234083,5,,,1,20,,234084,5,,,1,60,,234085,5,,,1,30,,234086,5,,,1,70,,234087,5,,,1,30,,234088,5,,,1,70,,234089,5,,,1
72100,'721-Saturday-1-26-09-0000010',548,,234162,11,,,1,70,,234115,11,,,1,30,,234116,11,,,1,70,,234117,11,,,1,30,,234118,11,,,1,70,,234119,11,,,1,25,,234120,11,,,1,60,,234121,11,,,1,24,,234122,11,,,1,20,,234123,11,,,1,60,,234124,11,,,1,20,,234125,11,,,1,20,,234126,11,,,1,60,,234127,11,,,1,20,,234128,11,,,1,20,,234129,11,,,1,60,,234130,11,,,1,20,,234131,11,,,1,20,,234132,11,,,1,60,,234133,11,,,1,20,,234134,11,,,1,20,,234135,11,,,1,60,,234136,11,,,1,20,,234137,11,,,1,21,,234138,11,,,1,61,,234139,11,,,1,20,,234140,11,,,1,20,,234141,11,,,1,60,,234142,11,,,1,20,,234143,11,,,1,20,,234144,11,,,1,59,,234145,11,,,1,18,,234146,11,,,1,20,,234147,11,,,1,60,,234148,11,,,1,20,,234149,11,,,1,20,,234150,11,,,1,60,,234151,11,,,1,30,,234152,11,,,1,70,,234153,11,,,1,30,,234154,11,,,1,70,,234155,11,,,1,30,,234156,11,,,1,70,,234157,11,,,1,30,,234158,11,,,1,70,,234159,11,,,1,30,,234160,11,,,1
72100,'721-Sunday-1-26-09-0000001',609,,234198,11,,,1,30,,234187,11,,,1,70,,234182,11,,,1,30,,234181,11,,,1,70,,234183,11,,,1,30,,234180,11,,,1,68,,234186,11,,,1,31,,234184,11,,,1,70,,234172,11,,,1,30,,234192,11,,,1,70,,234167,11,,,1,30,,234165,11,,,1,70,,234171,11,,,1,30,,234170,11,,,1,67,,234164,11,,,1,30,,234168,11,,,1,70,,234169,11,,,1,30,,234195,11,,,1,70,,234177,11,,,1,30,,234197,11,,,1,70,,234194,11,,,1,30,,234191,11,,,1,70,,234188,11,,,1,31,,234189,11,,,1,70,,234185,11,,,1,30,,234196,11,,,1,70,,234190,11,,,1,30,,234193,11,,,1,70,,234173,11,,,1,30,,234176,11,,,1,70,,234175,11,,,1,30,,234174,11,,,1,85,,234179,11,,,1,100,,234178,11,,,1,100,,234166,11,,,1
