10700,'107-Weekday-1-26-04-1111100',529,,114024,14,,,1,30,,114025,14,,,1,70,,114026,14,,,1,17,,114027,14,,,1,55,,114028,14,,,1,15,,114029,14,,,1,15,,114030,14,,,1,15,,114031,14,,,1,55,,114032,14,,,1,15,,114033,14,,,1,15,,114034,14,,,1,20,,114035,14,,,1,60,,114036,14,,,1,20,,114037,14,,,1,20,,114038,14,,,1,60,,114039,14,,,1,20,,114040,14,,,1,20,,114041,14,,,1,60,,114042,14,,,1,20,,114043,14,,,1,20,,114044,14,,,1,60,,114045,14,,,1,20,,114046,14,,,1,20,,114047,14,,,1,60,,114048,14,,,1,20,,114049,14,,,1,20,,114050,14,,,1,60,,114051,14,,,1,20,,114052,14,,,1,20,,114079,14,,,1,51,,114072,14,,,1,10,,114053,14,,,1,10,,114054,14,,,1,10,,114073,14,,,1,2,,114078,14,,,1,8,,114055,14,,,1,10,,114056,14,,,1,50,,114074,14,,,1,10,,114057,14,,,1,10,,114058,14,,,1,10,,114075,14,,,1,10,,114059,14,,,1,10,,114060,14,,,1,50,,114071,14,,,1,10,,114061,14,,,1,10,,114080,14,,,1,20,,114076,14,,,1,60,,114077,14,,,1,20,,114063,14,,,1,28,,114064,14,,,1,70,,114065,14,,,1,30,,114066,14,,,1,70,,114067,14,,,1,30,,114068,14,,,1,70,,114069,14,,,1,30,,114070,14,,,1,70,,114062,14,,,1
10700,'107-Weekday-2-26-04-1111100',529,,136133,14,,,1,30,,136134,14,,,1,70,,136135,14,,,1,17,,136136,14,,,1,55,,136137,14,,,1,15,,136138,14,,,1,15,,136139,14,,,1,15,,136140,14,,,1,55,,136141,14,,,1,15,,136142,14,,,1,15,,136143,14,,,1,20,,136144,14,,,1,60,,136145,14,,,1,20,,136146,14,,,1,20,,136147,14,,,1,60,,136148,14,,,1,20,,136149,14,,,1,20,,136150,14,,,1,60,,136151,14,,,1,20,,136152,14,,,1,20,,136153,14,,,1,60,,136154,14,,,1,20,,136155,14,,,1,20,,136156,14,,,1,60,,136157,14,,,1,20,,136158,14,,,1,20,,136159,14,,,1,60,,136160,14,,,1,20,,136161,14,,,1,20,,136188,14,,,1,51,,136181,14,,,1,10,,136162,14,,,1,10,,136163,14,,,1,10,,136182,14,,,1,2,,136187,14,,,1,8,,136164,14,,,1,10,,136165,14,,,1,50,,136183,14,,,1,10,,136166,14,,,1,10,,136167,14,,,1,10,,136184,14,,,1,10,,136168,14,,,1,10,,136169,14,,,1,50,,136180,14,,,1,10,,136170,14,,,1,10,,136189,14,,,1,20,,136185,14,,,1,60,,136186,14,,,1,20,,136172,14,,,1,28,,136173,14,,,1,70,,136174,14,,,1,30,,136175,14,,,1,70,,136176,14,,,1,30,,136177,14,,,1,70,,136178,14,,,1,30,,136179,14,,,1,70,,136171,14,,,1
10700,'107-Weekday-3-26-04-1111100',529,,136190,14,,,1,30,,136191,14,,,1,70,,136192,14,,,1,17,,136193,14,,,1,55,,136194,14,,,1,15,,136195,14,,,1,15,,136196,14,,,1,15,,136197,14,,,1,55,,136198,14,,,1,15,,136199,14,,,1,15,,136200,14,,,1,20,,136201,14,,,1,60,,136202,14,,,1,20,,136203,14,,,1,20,,136204,14,,,1,60,,136205,14,,,1,20,,136206,14,,,1,20,,136207,14,,,1,60,,136208,14,,,1,20,,136209,14,,,1,20,,136210,14,,,1,60,,136211,14,,,1,20,,136212,14,,,1,20,,136213,14,,,1,60,,136214,14,,,1,20,,136215,14,,,1,20,,136216,14,,,1,60,,136217,14,,,1,20,,136218,14,,,1,20,,136244,14,,,1,51,,136238,14,,,1,10,,136219,14,,,1,10,,136220,14,,,1,10,,136239,14,,,1,10,,136221,14,,,1,10,,136222,14,,,1,50,,136240,14,,,1,10,,136223,14,,,1,10,,136224,14,,,1,10,,136241,14,,,1,10,,136225,14,,,1,10,,136226,14,,,1,50,,136237,14,,,1,10,,136227,14,,,1,10,,136245,14,,,1,20,,136242,14,,,1,60,,136243,14,,,1,20,,136229,14,,,1,28,,136230,14,,,1,70,,136231,14,,,1,30,,136232,14,,,1,70,,136233,14,,,1,30,,136234,14,,,1,70,,136235,14,,,1,30,,136236,14,,,1,70,,136228,14,,,1
10700,'107-Saturday-1-26-04-0000010',822,,114081,14,,,1,28,,114082,14,,,1,70,,114083,14,,,1,30,,114084,14,,,1,70,,114085,14,,,1,30,,114086,14,,,1,70,,114087,14,,,1,30,,114088,14,,,1,70,,114089,14,,,1,30,,114090,14,,,1,70,,114091,14,,,1,30,,114092,14,,,1,70,,114093,14,,,1,30,,114094,14,,,1,70,,114095,14,,,1,30,,114096,14,,,1,70,,114097,14,,,1,32,,114098,14,,,1,70,,114099,14,,,1,30,,114100,14,,,1,70,,114101,14,,,1,30,,114102,14,,,1,70,,114103,14,,,1
10700,'107-Sunday-1-26-04-0000001',1009,,114104,14,,,1,30,,114105,14,,,1,70,,114106,14,,,1,30,,114107,14,,,1,70,,114108,14,,,1,30,,114109,14,,,1,70,,114110,14,,,1,30,,114111,14,,,1,70,,114112,14,,,1,30,,114113,14,,,1,70,,114114,14,,,1,30,,114115,14,,,1,70,,114116,14,,,1,30,,114117,14,,,1,71,,114118,14,,,1,30,,114119,14,,,1,70,,114120,14,,,1,30,,114121,14,,,1,70,,114122,14,,,1
62600,'626-Weekday-1-26-04-0001000',1232,,120393,22,,,1,4,,120394,22,,,1,4,,120395,22,,,1
62600,'626-Weekday-1-26-04-1110100',1530,,120396,22,,,1,4,,120397,22,,,1,4,,120398,22,,,1
62600,'626-Weekday-3-26-04-0001000',1232,,142002,22,,,1,4,,142003,22,,,1,4,,142004,22,,,1
62600,'626-Weekday-3-26-04-1110100',1530,,142005,22,,,1,4,,142006,22,,,1,4,,142007,22,,,1
62800,'628-Weekday-1-26-04-1111100',1517,,120405,6,,,1
62800,'628-Weekday-2-26-04-1111100',1517,,142014,6,,,1
