5200,'052-Weekday-1-26-06-1111100',618,,155184,49,,,1,36,,155185,49,,,1,74,,155186,49,,,1,22,,155187,49,,,1,60,,155188,49,,,1,20,,155189,49,,,1,20,,155190,49,,,1,62,,155191,49,,,1,21,,155192,49,,,1,70,,155193,49,,,1,30,,155194,49,,,1,70,,155195,49,,,1,30,,155196,49,,,1,70,,155197,49,,,1,30,,155198,49,,,1,70,,155199,49,,,1,30,,155200,49,,,1,70,,155201,49,,,1,31,,155202,49,,,1,81,,155203,49,,,1,29,,155204,49,,,1,57,,155205,49,,,1,15,,155206,49,,,1,14,,155207,49,,,1,11,,155208,49,,,1,12,,155209,49,,,1,53,,155210,49,,,1,13,,155211,49,,,1,15,,155212,49,,,1,15,,155213,49,,,1,55,,155214,49,,,1,29,,155215,49,,,1,23,,155216,49,,,1,68,,155217,49,,,1,30,,155218,49,,,1,70,,155219,49,,,1,30,,155220,49,,,1,70,,155221,49,,,1,29,,155222,49,,,1,69,,155223,49,,,1,29,,155224,49,,,1,100,,155225,49,,,1,100,,155226,49,,,1
5200,'052-Saturday-1-26-06-0000010',700,,155227,49,,,1,100,,155228,49,,,1,42,,155229,49,,,1,63,,155230,49,,,1,31,,155231,49,,,1,72,,155232,49,,,1,30,,155233,49,,,1,70,,155234,49,,,1,30,,155235,49,,,1,70,,155236,49,,,1,30,,155237,49,,,1,70,,155238,49,,,1,30,,155239,49,,,1,70,,155240,49,,,1,30,,155241,49,,,1,70,,155242,49,,,1,30,,155244,49,,,1,70,,155245,49,,,1,30,,155246,49,,,1,70,,155243,49,,,1,33,,155247,49,,,1,69,,155248,49,,,1,30,,155249,49,,,1,70,,155250,49,,,1,30,,155251,49,,,1,70,,155252,49,,,1,95,,155253,49,,,1,100,,155254,49,,,1,100,,155255,49,,,1,100,,155256,49,,,1
5200,'052-Sunday-1-26-06-0000001',802,,155257,49,,,1,100,,155258,49,,,1,104,,155259,49,,,1,100,,155260,49,,,1,30,,155261,49,,,1,70,,155263,49,,,1,30,,155264,49,,,1,70,,155265,49,,,1,30,,155262,49,,,1,70,,155266,49,,,1,30,,155268,49,,,1,70,,155269,49,,,1,30,,155270,49,,,1,70,,155267,49,,,1,30,,155271,49,,,1,70,,155272,49,,,1,31,,155273,49,,,1,70,,155274,49,,,1,30,,155275,49,,,1,70,,155276,49,,,1,30,,155280,49,,,1,70,,155277,49,,,1,100,,155278,49,,,1,100,,155279,49,,,1,100,,155281,49,,,1
5200,'052-Sunday-2-26-06-0000001',802,,155282,49,,,1,100,,155283,49,,,1,104,,155284,49,,,1,100,,155285,49,,,1,30,,155286,49,,,1,70,,155288,49,,,1,30,,155289,49,,,1,70,,155290,49,,,1,30,,155287,49,,,1,70,,155291,49,,,1,30,,155293,49,,,1,70,,155294,49,,,1,30,,155295,49,,,1,70,,155292,49,,,1,30,,155296,49,,,1,70,,155297,49,,,1,31,,155298,49,,,1,70,,155299,49,,,1,30,,155300,49,,,1,70,,155301,49,,,1,30,,155305,49,,,1,70,,155302,49,,,1,100,,155303,49,,,1,100,,155304,49,,,1,100,,155306,49,,,1,100,,155307,49,,,1,100,,155308,49,,,1
5400,'054-Weekday-1-26-06-1111100',522,,155674,40,,,1,30,,155638,40,,,1,56,,155685,40,,,1,14,,155639,40,,,1,16,,155684,40,,,1,16,,155640,40,,,1,56,,155669,40,,,1,15,,155670,40,,,1,15,,155671,40,,,1,16,,155672,40,,,1,55,,155673,40,,,1,15,,155641,40,,,1,31,,155675,40,,,1,67,,155642,40,,,1,31,,155643,40,,,1,70,,155644,40,,,1,30,,155645,40,,,1,70,,155646,40,,,1,30,,155647,40,,,1,70,,155648,40,,,1,30,,155649,40,,,1,70,,155650,40,,,1,30,,155651,40,,,1,70,,155652,40,,,1,30,,155653,40,,,1,69,,155654,40,,,1,15,,155676,40,,,1,16,,155655,40,,,1,57,,155656,40,,,1,16,,155657,40,,,1,15,,155658,40,,,1,7,,155683,40,,,1,8,,155659,40,,,1,55,,155678,40,,,1,15,,155679,40,,,1,14,,155660,40,,,1,17,,155677,40,,,1,67,,155661,40,,,1,28,,155662,40,,,1,70,,155663,40,,,1,30,,155664,40,,,1,70,,155665,40,,,1,30,,155666,40,,,1,70,,155667,40,,,1,30,,155668,40,,,1,69,,155680,40,,,1,100,,155681,40,,,1,100,,155682,40,,,1
5400,'054-Saturday-1-26-06-0000010',619,,155686,40,,,1,30,,155687,40,,,1,70,,155688,40,,,1,30,,155689,40,,,1,70,,155690,40,,,1,30,,155691,40,,,1,61,,155692,40,,,1,21,,155693,40,,,1,20,,155694,40,,,1,60,,155695,40,,,1,20,,155696,40,,,1,20,,155697,40,,,1,60,,155698,40,,,1,20,,155699,40,,,1,20,,155700,40,,,1,60,,155701,40,,,1,20,,155702,40,,,1,20,,155703,40,,,1,60,,155704,40,,,1,20,,155705,40,,,1,20,,155706,40,,,1,60,,155707,40,,,1,20,,155708,40,,,1,20,,155709,40,,,1,60,,155710,40,,,1,20,,155711,40,,,1,20,,155712,40,,,1,60,,155713,40,,,1,20,,155714,40,,,1,20,,155715,40,,,1,60,,155716,40,,,1,22,,155717,40,,,1,20,,155718,40,,,1,60,,155719,40,,,1,20,,155720,40,,,1,20,,155721,40,,,1,60,,155722,40,,,1,20,,155723,40,,,1,20,,155724,40,,,1,60,,155725,40,,,1,20,,155726,40,,,1,20,,155727,40,,,1,60,,155728,40,,,1,20,,155729,40,,,1,20,,155730,40,,,1,70,,155731,40,,,1,100,,155732,40,,,1,100,,155733,40,,,1
5400,'054-Sunday-1-26-06-0000001',719,,155734,40,,,1,30,,155735,40,,,1,70,,155736,40,,,1,30,,155737,40,,,1,71,,155738,40,,,1,30,,155739,40,,,1,65,,155740,40,,,1,20,,155741,40,,,1,20,,155742,40,,,1,60,,155743,40,,,1,20,,155744,40,,,1,20,,155745,40,,,1,60,,155746,40,,,1,20,,155747,40,,,1,20,,155748,40,,,1,60,,155749,40,,,1,20,,155750,40,,,1,20,,155751,40,,,1,60,,155752,40,,,1,20,,155753,40,,,1,20,,155754,40,,,1,60,,155755,40,,,1,20,,155756,40,,,1,20,,155757,40,,,1,60,,155758,40,,,1,20,,155759,40,,,1,20,,155760,40,,,1,63,,155761,40,,,1,21,,155762,40,,,1,20,,155763,40,,,1,60,,155764,40,,,1,20,,155765,40,,,1,20,,155766,40,,,1,65,,155767,40,,,1,30,,155768,40,,,1,70,,155769,40,,,1,30,,155770,40,,,1,70,,155771,40,,,1,30,,155772,40,,,1,70,,155773,40,,,1,100,,155774,40,,,1,100,,155775,40,,,1
68400,'684-Weekday-3-26-06-1110100',1601,,165283,20,,,1
68400,'684-Weekday-3-26-06-1111100',1531,,165284,24,,,1
90500,'905-Weekday-1-26-06-1111100',601,,171178,34,,,1,30,,171179,34,,,1,72,,171180,34,,,1,31,,171181,34,,,1,70,,171182,34,,,1,30,,171183,34,,,1,70,,171184,34,,,1,597,,171185,34,,,1,31,,171186,34,,,1,72,,171187,34,,,1,30,,171188,34,,,1,70,,171189,34,,,1,30,,171190,34,,,1,70,,171191,34,,,1
