91601,'916-Weekday-1-26-09-0001000',1228,,240137,24,,,1
91601,'916-Weekday-1-26-09-1110100',1528,,240139,24,,,1,102,,240138,24,,,1
91601,'916-Weekday-1-26-09-1111100',548,,240140,24,,,1,70,,240178,24,,,1,16,,240168,24,,,1,17,,240183,24,,,1,55,,240169,24,,,1,15,,240170,24,,,1,15,,240171,24,,,1,15,,240184,24,,,1,55,,240172,24,,,1,15,,240177,24,,,1,30,,240176,24,,,1,71,,240141,24,,,1,30,,240142,24,,,1,70,,240143,24,,,1,30,,240144,24,,,1,70,,240145,24,,,1,30,,240146,24,,,1,70,,240147,24,,,1,30,,240148,24,,,1,70,,240149,24,,,1,30,,240150,24,,,1,70,,240151,24,,,1,30,,240152,24,,,1,73,,240153,24,,,1,12,,240154,24,,,1,12,,240173,24,,,1,52,,240155,24,,,1,12,,240156,24,,,1,12,,240185,24,,,1,12,,240157,24,,,1,12,,240174,24,,,1,52,,240158,24,,,1,12,,240159,24,,,1,12,,240186,24,,,1,12,,240160,24,,,1,12,,240179,24,,,1,70,,240180,24,,,1,27,,240161,24,,,1,70,,240162,24,,,1,30,,240163,24,,,1,70,,240164,24,,,1,30,,240165,24,,,1,70,,240166,24,,,1,30,,240167,24,,,1,68,,240181,24,,,1,100,,240175,24,,,1,100,,240182,24,,,1
91601,'916-Weekday-2-26-09-1110100',1630,,240187,24,,,1
91601,'916-Weekday-2-26-09-1111100',548,,240188,24,,,1,70,,240226,24,,,1,16,,240216,24,,,1,17,,240231,24,,,1,55,,240217,24,,,1,15,,240218,24,,,1,15,,240219,24,,,1,15,,240232,24,,,1,55,,240220,24,,,1,15,,240225,24,,,1,30,,240224,24,,,1,71,,240189,24,,,1,30,,240190,24,,,1,70,,240191,24,,,1,30,,240192,24,,,1,70,,240193,24,,,1,30,,240194,24,,,1,70,,240195,24,,,1,30,,240196,24,,,1,70,,240197,24,,,1,30,,240198,24,,,1,70,,240199,24,,,1,30,,240200,24,,,1,73,,240201,24,,,1,12,,240202,24,,,1,12,,240221,24,,,1,52,,240203,24,,,1,12,,240204,24,,,1,12,,240233,24,,,1,12,,240205,24,,,1,12,,240222,24,,,1,52,,240206,24,,,1,12,,240207,24,,,1,12,,240234,24,,,1,12,,240208,24,,,1,12,,240227,24,,,1,70,,240228,24,,,1,27,,240209,24,,,1,70,,240210,24,,,1,30,,240211,24,,,1,70,,240212,24,,,1,30,,240213,24,,,1,70,,240214,24,,,1,30,,240215,24,,,1,68,,240229,24,,,1,100,,240223,24,,,1,100,,240230,24,,,1
91601,'916-Weekday-4-26-09-1111100',548,,240235,24,,,1,70,,240273,24,,,1,16,,240263,24,,,1,17,,240278,24,,,1,55,,240264,24,,,1,15,,240265,24,,,1,15,,240266,24,,,1,15,,240279,24,,,1,55,,240267,24,,,1,15,,240272,24,,,1,30,,240271,24,,,1,71,,240236,24,,,1,30,,240237,24,,,1,70,,240238,24,,,1,30,,240239,24,,,1,70,,240240,24,,,1,30,,240241,24,,,1,70,,240242,24,,,1,30,,240243,24,,,1,70,,240244,24,,,1,30,,240245,24,,,1,70,,240246,24,,,1,30,,240247,24,,,1,73,,240248,24,,,1,12,,240249,24,,,1,12,,240268,24,,,1,52,,240250,24,,,1,12,,240251,24,,,1,12,,240280,24,,,1,12,,240252,24,,,1,12,,240269,24,,,1,52,,240253,24,,,1,12,,240254,24,,,1,12,,240281,24,,,1,12,,240255,24,,,1,12,,240274,24,,,1,70,,240275,24,,,1,27,,240256,24,,,1,70,,240257,24,,,1,30,,240258,24,,,1,70,,240259,24,,,1,30,,240260,24,,,1,70,,240261,24,,,1,30,,240262,24,,,1,68,,240276,24,,,1,100,,240270,24,,,1,100,,240277,24,,,1
91601,'916-Saturday-1-26-09-0000010',651,,240282,24,,,1,100,,240283,24,,,1,70,,240284,24,,,1,30,,240285,24,,,1,74,,240286,24,,,1,32,,240287,24,,,1,72,,240288,24,,,1,30,,240289,24,,,1,70,,240290,24,,,1,30,,240291,24,,,1,70,,240292,24,,,1,30,,240293,24,,,1,70,,240294,24,,,1,30,,240295,24,,,1,70,,240296,24,,,1,30,,240297,24,,,1,70,,240298,24,,,1,30,,240299,24,,,1,70,,240300,24,,,1,30,,240301,24,,,1,70,,240302,24,,,1,30,,240303,24,,,1,70,,240310,24,,,1,30,,240311,24,,,1,65,,240304,24,,,1,100,,240305,24,,,1,100,,240306,24,,,1,100,,240307,24,,,1,100,,240308,24,,,1,100,,240309,24,,,1
91601,'916-Sunday-1-26-09-0000001',651,,240312,24,,,1,100,,240313,24,,,1,100,,240314,24,,,1,102,,240336,24,,,1,101,,240315,24,,,1,70,,240316,24,,,1,30,,240317,24,,,1,70,,240318,24,,,1,30,,240319,24,,,1,70,,240320,24,,,1,30,,240321,24,,,1,70,,240322,24,,,1,30,,240323,24,,,1,70,,240324,24,,,1,30,,240325,24,,,1,70,,240326,24,,,1,30,,240327,24,,,1,70,,240337,24,,,1,26,,240338,24,,,1,68,,240328,24,,,1,30,,240329,24,,,1,70,,240330,24,,,1,37,,240331,24,,,1,100,,240332,24,,,1,100,,240333,24,,,1,100,,240334,24,,,1,100,,240335,24,,,1
92600,'926-Weekday-1-26-09-1111100',612,,242483,21,,,1,21,,242484,21,,,1,23,,242485,21,,,1,60,,242486,21,,,1,10,,242488,21,,,1,10,,242489,21,,,1,20,,242490,21,,,1,60,,242491,21,,,1,20,,242492,21,,,1,20,,242493,21,,,1,62,,242494,21,,,1,24,,242495,21,,,1,70,,242496,21,,,1,30,,242497,21,,,1,70,,242498,21,,,1,30,,242499,21,,,1,70,,242500,21,,,1,30,,242501,21,,,1,70,,242502,21,,,1,30,,242503,21,,,1,70,,242504,21,,,1,30,,242505,21,,,1,60,,242506,21,,,1,22,,242507,21,,,1,20,,242508,21,,,1,60,,242509,21,,,1,20,,242510,21,,,1,20,,242511,21,,,1,60,,242512,21,,,1,20,,242513,21,,,1,20,,242514,21,,,1,60,,242515,21,,,1,20,,242516,21,,,1,18,,242517,21,,,1,73,,242518,21,,,1,30,,242519,21,,,1,70,,242520,21,,,1,30,,242521,21,,,1,70,,242522,21,,,1,30,,242523,21,,,1,70,,242524,21,,,1
92600,'926-Weekday-2-26-09-1111100',612,,242525,21,,,1,21,,242526,21,,,1,23,,242527,21,,,1,60,,242528,21,,,1,10,,242530,21,,,1,10,,242531,21,,,1,20,,242532,21,,,1,60,,242533,21,,,1,20,,242534,21,,,1,20,,242535,21,,,1,62,,242536,21,,,1,24,,242537,21,,,1,70,,242538,21,,,1,30,,242539,21,,,1,70,,242540,21,,,1,30,,242541,21,,,1,70,,242542,21,,,1,30,,242543,21,,,1,70,,242544,21,,,1,30,,242545,21,,,1,70,,242546,21,,,1,30,,242547,21,,,1,60,,242548,21,,,1,22,,242549,21,,,1,20,,242550,21,,,1,60,,242551,21,,,1,20,,242552,21,,,1,20,,242553,21,,,1,60,,242554,21,,,1,20,,242555,21,,,1,20,,242556,21,,,1,60,,242557,21,,,1,20,,242558,21,,,1,18,,242559,21,,,1,73,,242560,21,,,1,30,,242561,21,,,1,70,,242562,21,,,1,30,,242563,21,,,1,70,,242564,21,,,1,30,,242565,21,,,1,70,,242566,21,,,1
92600,'926-Weekday-4-26-09-1111100',612,,242567,21,,,1,21,,242568,21,,,1,23,,242569,21,,,1,60,,242570,21,,,1,20,,242572,21,,,1,20,,242573,21,,,1,60,,242574,21,,,1,20,,242575,21,,,1,20,,242576,21,,,1,62,,242577,21,,,1,24,,242578,21,,,1,70,,242579,21,,,1,30,,242580,21,,,1,70,,242581,21,,,1,30,,242582,21,,,1,70,,242583,21,,,1,30,,242584,21,,,1,70,,242585,21,,,1,30,,242586,21,,,1,70,,242587,21,,,1,30,,242588,21,,,1,60,,242589,21,,,1,22,,242590,21,,,1,20,,242591,21,,,1,60,,242592,21,,,1,20,,242593,21,,,1,20,,242594,21,,,1,60,,242595,21,,,1,20,,242596,21,,,1,20,,242597,21,,,1,60,,242598,21,,,1,20,,242599,21,,,1,18,,242600,21,,,1,73,,242601,21,,,1,30,,242602,21,,,1,70,,242603,21,,,1,30,,242604,21,,,1,70,,242605,21,,,1,30,,242606,21,,,1,70,,242607,21,,,1
92600,'926-Saturday-1-26-09-0000010',809,,242608,21,,,1,30,,242609,21,,,1,71,,242610,21,,,1,30,,242611,21,,,1,70,,242612,21,,,1,30,,242613,21,,,1,70,,242614,21,,,1,30,,242615,21,,,1,70,,242616,21,,,1,30,,242617,21,,,1,70,,242618,21,,,1,30,,242619,21,,,1,70,,242620,21,,,1,30,,242621,21,,,1,70,,242622,21,,,1,30,,242623,21,,,1,70,,242624,21,,,1,30,,242625,21,,,1,69,,242626,21,,,1,30,,242627,21,,,1,70,,242628,21,,,1,30,,242629,21,,,1,70,,242630,21,,,1
92600,'926-Sunday-1-26-09-0000001',1012,,242631,21,,,1,30,,242632,21,,,1,70,,242633,21,,,1,30,,242634,21,,,1,70,,242635,21,,,1,30,,242636,21,,,1,70,,242637,21,,,1,30,,242638,21,,,1,70,,242639,21,,,1,31,,242640,21,,,1,69,,242641,21,,,1,30,,242642,21,,,1,70,,242643,21,,,1,30,,242644,21,,,1,69,,242645,21,,,1,30,,242646,21,,,1,70,,242647,21,,,1,30,,242648,21,,,1,70,,242649,21,,,1
