66300,'663-Weekday-1-26-09-1111100',751,,227742,15,,,1,3,,227743,15,,,1,5,,227744,15,,,1
66301,'663-Weekday-1-26-09-0001000',1239,,227745,17,,,1,2,,227746,17,,,1,2,,227747,17,,,1
66301,'663-Weekday-1-26-09-1110100',1533,,227748,17,,,1,2,,227749,17,,,1,2,,227750,17,,,1
66801,'668-Weekday-1-26-09-0001000',1443,,227792,6,,,1,2,,227793,6,,,1
66801,'668-Weekday-1-26-09-1110100',1519,,227794,6,,,1,3,,227795,6,,,1,3,,227796,6,,,1
66801,'668-Weekday-3-26-09-1110100',1519,,227797,6,,,1,3,,227798,6,,,1,3,,227799,6,,,1
71900,'719-Weekday-1-26-09-1111100',452,,233411,15,,,1,70,,233413,15,,,1,30,,233366,15,,,1,48,,233414,15,,,1,7,,233422,15,,,1,8,,233437,15,,,1,7,,233434,15,,,1,9,,233412,15,,,1,8,,233367,15,,,1,8,,233438,15,,,1,12,,233420,15,,,1,48,,233426,15,,,1,7,,233368,15,,,1,8,,233427,15,,,1,7,,233435,15,,,1,8,,233432,15,,,1,7,,233369,15,,,1,8,,233428,15,,,1,7,,233371,15,,,1,48,,233429,15,,,1,7,,233370,15,,,1,8,,233430,15,,,1,7,,233436,15,,,1,8,,233439,15,,,1,9,,233421,15,,,1,60,,233372,15,,,1,18,,233373,15,,,1,20,,233374,15,,,1,60,,233375,15,,,1,20,,233376,15,,,1,20,,233377,15,,,1,60,,233378,15,,,1,20,,233379,15,,,1,20,,233380,15,,,1,60,,233381,15,,,1,20,,233382,15,,,1,20,,233383,15,,,1,60,,233384,15,,,1,20,,233385,15,,,1,20,,233386,15,,,1,60,,233387,15,,,1,20,,233388,15,,,1,20,,233389,15,,,1,60,,233390,15,,,1,25,,233391,15,,,1,13,,233431,15,0,24,1,8,,233392,15,,,1,52,,233424,15,0,24,1,8,,233393,15,,,1,12,,233425,15,0,24,1,8,,233433,15,,,1,12,,233440,15,0,24,1,8,,233423,15,,,1,52,,233419,15,0,24,1,8,,233394,15,,,1,12,,233416,15,0,24,1,8,,233396,15,,,1,12,,233417,15,0,24,1,8,,233395,15,,,1,52,,233418,15,0,24,1,8,,233397,15,,,1,12,,233441,15,0,24,1,10,,233398,15,,,1,17,,233399,15,,,1,58,,233400,15,,,1,20,,233401,15,,,1,20,,233402,15,,,1,60,,233403,15,,,1,20,,233404,15,,,1,20,,233405,15,,,1,60,,233406,15,,,1,20,,233407,15,,,1,20,,233415,15,,,1,68,,233408,15,,,1,99,,233409,15,,,1,100,,233410,15,,,1
71900,'719-Weekday-2-26-09-1111100',452,,233487,15,,,1,70,,233489,15,,,1,30,,233442,15,,,1,48,,233490,15,,,1,7,,233498,15,,,1,8,,233513,15,,,1,7,,233510,15,,,1,9,,233488,15,,,1,8,,233443,15,,,1,8,,233514,15,,,1,12,,233496,15,,,1,48,,233502,15,,,1,7,,233444,15,,,1,8,,233503,15,,,1,7,,233511,15,,,1,8,,233508,15,,,1,7,,233445,15,,,1,8,,233504,15,,,1,7,,233447,15,,,1,48,,233505,15,,,1,7,,233446,15,,,1,8,,233506,15,,,1,7,,233512,15,,,1,8,,233515,15,,,1,9,,233497,15,,,1,60,,233448,15,,,1,18,,233449,15,,,1,20,,233450,15,,,1,60,,233451,15,,,1,20,,233452,15,,,1,20,,233453,15,,,1,60,,233454,15,,,1,20,,233455,15,,,1,20,,233456,15,,,1,60,,233457,15,,,1,20,,233458,15,,,1,20,,233459,15,,,1,60,,233460,15,,,1,20,,233461,15,,,1,20,,233462,15,,,1,60,,233463,15,,,1,20,,233464,15,,,1,20,,233465,15,,,1,60,,233466,15,,,1,25,,233467,15,,,1,13,,233507,15,0,24,1,8,,233468,15,,,1,52,,233500,15,0,24,1,8,,233469,15,,,1,12,,233501,15,0,24,1,8,,233509,15,,,1,12,,233516,15,0,24,1,8,,233499,15,,,1,52,,233495,15,0,24,1,8,,233470,15,,,1,12,,233492,15,0,24,1,8,,233472,15,,,1,12,,233493,15,0,24,1,8,,233471,15,,,1,52,,233494,15,0,24,1,8,,233473,15,,,1,12,,233517,15,0,24,1,10,,233474,15,,,1,17,,233475,15,,,1,58,,233476,15,,,1,20,,233477,15,,,1,20,,233478,15,,,1,60,,233479,15,,,1,20,,233480,15,,,1,20,,233481,15,,,1,60,,233482,15,,,1,20,,233483,15,,,1,20,,233491,15,,,1,68,,233484,15,,,1,99,,233485,15,,,1,100,,233486,15,,,1
71900,'719-Weekday-4-26-09-1111100',452,,233563,15,,,1,70,,233565,15,,,1,30,,233518,15,,,1,48,,233566,15,,,1,7,,233574,15,,,1,8,,233589,15,,,1,7,,233586,15,,,1,9,,233564,15,,,1,8,,233519,15,,,1,8,,233590,15,,,1,12,,233572,15,,,1,48,,233578,15,,,1,7,,233520,15,,,1,8,,233579,15,,,1,7,,233587,15,,,1,8,,233584,15,,,1,7,,233521,15,,,1,8,,233580,15,,,1,7,,233523,15,,,1,48,,233581,15,,,1,7,,233522,15,,,1,8,,233582,15,,,1,7,,233588,15,,,1,8,,233591,15,,,1,9,,233573,15,,,1,60,,233524,15,,,1,18,,233525,15,,,1,20,,233526,15,,,1,60,,233527,15,,,1,20,,233528,15,,,1,20,,233529,15,,,1,60,,233530,15,,,1,20,,233531,15,,,1,20,,233532,15,,,1,60,,233533,15,,,1,20,,233534,15,,,1,20,,233535,15,,,1,60,,233536,15,,,1,20,,233537,15,,,1,20,,233538,15,,,1,60,,233539,15,,,1,20,,233540,15,,,1,20,,233541,15,,,1,60,,233542,15,,,1,25,,233543,15,,,1,13,,233583,15,0,24,1,8,,233544,15,,,1,52,,233576,15,0,24,1,8,,233545,15,,,1,12,,233577,15,0,24,1,8,,233585,15,,,1,12,,233592,15,0,24,1,8,,233575,15,,,1,52,,233571,15,0,24,1,8,,233546,15,,,1,12,,233568,15,0,24,1,8,,233548,15,,,1,12,,233569,15,0,24,1,8,,233547,15,,,1,52,,233570,15,0,24,1,8,,233549,15,,,1,12,,233593,15,0,24,1,10,,233550,15,,,1,17,,233551,15,,,1,58,,233552,15,,,1,20,,233553,15,,,1,20,,233554,15,,,1,60,,233555,15,,,1,20,,233556,15,,,1,20,,233557,15,,,1,60,,233558,15,,,1,20,,233559,15,,,1,20,,233567,15,,,1,68,,233560,15,,,1,99,,233561,15,,,1,100,,233562,15,,,1
71900,'719-Saturday-1-26-09-0000010',600,,233594,15,,,1,30,,233595,15,,,1,70,,233596,15,,,1,30,,233597,15,,,1,70,,233598,15,,,1,30,,233599,15,,,1,70,,233600,15,,,1,34,,233601,15,,,1,70,,233602,15,,,1,30,,233603,15,,,1,70,,233604,15,,,1,30,,233605,15,,,1,70,,233606,15,,,1,30,,233607,15,,,1,70,,233608,15,,,1,30,,233609,15,,,1,70,,233610,15,,,1,30,,233611,15,,,1,70,,233612,15,,,1,30,,233613,15,,,1,70,,233614,15,,,1,30,,233615,15,,,1,70,,233616,15,,,1,29,,233617,15,,,1,70,,233618,15,,,1,30,,233619,15,,,1,70,,233620,15,,,1,30,,233621,15,,,1,70,,233622,15,,,1,30,,233623,15,,,1,70,,233624,15,,,1,30,,233625,15,,,1,70,,233626,15,,,1,30,,233627,15,,,1,70,,233628,15,,,1,30,,233629,15,,,1,70,,233630,15,,,1
71900,'719-Sunday-1-26-09-0000001',601,,233631,15,,,1,100,,233632,15,,,1,100,,233633,15,,,1,100,,233634,15,,,1,102,,233635,15,,,1,100,,233636,15,,,1,30,,233637,15,,,1,70,,233638,15,,,1,30,,233639,15,,,1,70,,233640,15,,,1,30,,233641,15,,,1,70,,233642,15,,,1,30,,233643,15,,,1,70,,233644,15,,,1,30,,233645,15,,,1,70,,233646,15,,,1,30,,233647,15,,,1,70,,233648,15,,,1,29,,233649,15,,,1,70,,233650,15,,,1,30,,233651,15,,,1,70,,233652,15,,,1,30,,233653,15,,,1,85,,233654,15,,,1,100,,233655,15,,,1,100,,233656,15,,,1,100,,233657,15,,,1,100,,233658,15,,,1
