52100,'521-Weekday-1-26-09-1111100',542,,225695,10,,,1,70,,225725,10,,,1,12,,225735,10,,,1,15,,225734,10,,,1,14,,225696,10,,,1,52,,225731,10,,,1,12,,225699,10,,,1,4,,225743,10,,,1,8,,225697,10,,,1,12,,225698,10,,,1,12,,225700,10,,,1,52,,225733,10,,,1,12,,225701,10,,,1,12,,225702,10,,,1,12,,225703,10,,,1,18,,225726,10,,,1,68,,225727,10,,,1,30,,225714,10,,,1,70,,225704,10,,,1,30,,225705,10,,,1,70,,225706,10,,,1,30,,225707,10,,,1,70,,225708,10,,,1,30,,225709,10,,,1,70,,225710,10,,,1,30,,225711,10,,,1,70,,225712,10,,,1,31,,225713,10,,,1,81,,225728,10,,,1,15,,225715,10,,,1,55,,225716,10,,,1,15,,225717,10,,,1,15,,225718,10,,,1,15,,225719,10,,,1,55,,225720,10,,,1,15,,225721,10,,,1,15,,225722,10,,,1,15,,225723,10,,,1,55,,225724,10,,,1,23,,225730,10,,,1,27,,225729,10,,,1,72,,225736,10,,,1,28,,225737,10,,,1,70,,225738,10,,,1,30,,225739,10,,,1,70,,225740,10,,,1,30,,225741,10,,,1,96,,225742,10,,,1,100,,225732,10,,,1
52100,'521-Weekday-2-26-09-1111100',542,,225744,10,,,1,70,,225774,10,,,1,12,,225784,10,,,1,15,,225783,10,,,1,14,,225745,10,,,1,52,,225780,10,,,1,12,,225748,10,,,1,4,,225792,10,,,1,8,,225746,10,,,1,12,,225747,10,,,1,12,,225749,10,,,1,52,,225782,10,,,1,12,,225750,10,,,1,12,,225751,10,,,1,12,,225752,10,,,1,18,,225775,10,,,1,68,,225776,10,,,1,30,,225763,10,,,1,70,,225753,10,,,1,30,,225754,10,,,1,70,,225755,10,,,1,30,,225756,10,,,1,70,,225757,10,,,1,30,,225758,10,,,1,70,,225759,10,,,1,30,,225760,10,,,1,70,,225761,10,,,1,31,,225762,10,,,1,81,,225777,10,,,1,15,,225764,10,,,1,55,,225765,10,,,1,15,,225766,10,,,1,15,,225767,10,,,1,15,,225768,10,,,1,55,,225769,10,,,1,15,,225770,10,,,1,15,,225771,10,,,1,15,,225772,10,,,1,55,,225773,10,,,1,23,,225779,10,,,1,27,,225778,10,,,1,72,,225785,10,,,1,28,,225786,10,,,1,70,,225787,10,,,1,30,,225788,10,,,1,70,,225789,10,,,1,30,,225790,10,,,1,96,,225791,10,,,1,100,,225781,10,,,1
52100,'521-Weekday-4-26-09-1111100',542,,225793,10,,,1,70,,225823,10,,,1,12,,225833,10,,,1,15,,225832,10,,,1,14,,225794,10,,,1,52,,225829,10,,,1,12,,225797,10,,,1,12,,225795,10,,,1,12,,225796,10,,,1,12,,225798,10,,,1,52,,225831,10,,,1,12,,225799,10,,,1,12,,225800,10,,,1,12,,225801,10,,,1,18,,225824,10,,,1,68,,225825,10,,,1,30,,225812,10,,,1,70,,225802,10,,,1,30,,225803,10,,,1,70,,225804,10,,,1,30,,225805,10,,,1,70,,225806,10,,,1,30,,225807,10,,,1,70,,225808,10,,,1,30,,225809,10,,,1,70,,225810,10,,,1,31,,225811,10,,,1,81,,225826,10,,,1,15,,225813,10,,,1,55,,225814,10,,,1,15,,225815,10,,,1,15,,225816,10,,,1,15,,225817,10,,,1,55,,225818,10,,,1,15,,225819,10,,,1,15,,225820,10,,,1,15,,225821,10,,,1,55,,225822,10,,,1,23,,225828,10,,,1,27,,225827,10,,,1,72,,225834,10,,,1,28,,225835,10,,,1,70,,225836,10,,,1,30,,225837,10,,,1,70,,225838,10,,,1,30,,225839,10,,,1,96,,225840,10,,,1,100,,225830,10,,,1
52100,'521-Saturday-1-26-09-0000010',809,,225860,10,,,1,28,,225861,10,,,1,68,,225862,10,,,1,30,,225863,10,,,1,70,,225841,10,,,1,30,,225842,10,,,1,70,,225843,10,,,1,30,,225844,10,,,1,70,,225845,10,,,1,30,,225846,10,,,1,70,,225847,10,,,1,30,,225848,10,,,1,70,,225849,10,,,1,30,,225850,10,,,1,70,,225851,10,,,1,30,,225852,10,,,1,70,,225854,10,,,1,31,,225855,10,,,1,69,,225856,10,,,1,30,,225853,10,,,1,70,,225857,10,,,1,30,,225858,10,,,1,70,,225859,10,,,1
52100,'521-Sunday-1-26-09-0000001',1005,,225864,10,,,1,30,,225865,10,,,1,70,,225866,10,,,1,30,,225867,10,,,1,70,,225868,10,,,1,30,,225869,10,,,1,70,,225870,10,,,1,30,,225871,10,,,1,70,,225872,10,,,1,30,,225873,10,,,1,70,,225874,10,,,1,30,,225875,10,,,1,70,,225876,10,,,1,30,,225877,10,,,1,69,,225878,10,,,1,30,,225879,10,,,1,70,,225880,10,,,1,30,,225881,10,,,1,70,,225882,10,,,1
66400,'664-Weekday-1-26-09-0001000',1448,,227752,17,,,1,4,,227753,17,,,1
66400,'664-Weekday-1-26-09-1110100',1529,,227756,17,,,1,3,,227757,17,,,1
66400,'664-Weekday-3-26-09-1110100',1529,,227758,17,,,1,3,,227759,17,,,1
66500,'665-Weekday-1-26-09-0001000',1449,,227766,20,,,1,3,,227767,20,,,1
66500,'665-Weekday-1-26-09-1110100',1528,,227768,20,,,1,3,,227769,20,,,1
66500,'665-Weekday-3-26-09-1110100',1528,,227770,20,,,1,3,,227771,20,,,1
