201,'002-Weekday-1-26-09-1111100',2507,,204084,2,0,28 41 7 42,1,30,,204085,2,0,28 41 7 42,1,70,,204086,2,0,28 41 7 42,1,30,,204087,2,0,28 41 7 42,1
201,'002-Weekday-2-26-09-1111100',2507,,204173,2,0,28 41 7 42,1,30,,204174,2,0,28 41 7 42,1,70,,204175,2,0,28 41 7 42,1,30,,204176,2,0,28 41 7 42,1
201,'002-Weekday-4-26-09-1111100',2507,,204262,2,0,28 41 7 42,1,30,,204263,2,0,28 41 7 42,1,70,,204264,2,0,28 41 7 42,1,30,,204265,2,0,28 41 7 42,1
201,'002-Saturday-1-26-09-0000010',2407,,204359,2,0,28 41 7 42,1,30,,204353,2,0,28 41 7 42,1,70,,204354,2,0,28 41 7 42,1,30,,204351,2,0,28 41 7 42,1,70,,204355,2,0,28 41 7 42,1,30,,204356,2,0,28 41 7 42,1
201,'002-Sunday-1-26-09-0000001',2406,,204427,2,0,28 41 7 42,1,30,,204428,2,0,28 41 7 42,1,70,,204429,2,0,28 41 7 42,1,30,,204430,2,0,28 41 7 42,1,70,,204431,2,0,28 41 7 42,1,30,,204432,2,0,28 41 7 42,1
5301,'053-Weekday-1-26-09-1111100',502,,211981,2,,,1,30,,211939,2,,,1,70,,211940,2,,,1,28,,211970,2,,,1,16,,211941,2,,,1,56,,211942,2,,,1,16,,211968,2,,,1,15,,211943,2,,,1,18,,211977,2,,,1,55,,211978,2,,,1,15,,211973,2,,,1,15,,211985,2,,,1,20,,211986,2,,,1,60,,211969,2,,,1,20,,211944,2,,,1,19,,211987,2,,,1,60,,211945,2,,,1,20,,211946,2,,,1,20,,211988,2,,,1,60,,211947,2,,,1,20,,211948,2,,,1,20,,211989,2,,,1,60,,211949,2,,,1,20,,211950,2,,,1,20,,211990,2,,,1,60,,211951,2,,,1,20,,211952,2,,,1,20,,211982,2,,,1,60,,211953,2,,,1,20,,211954,2,,,1,20,,211983,2,,,1,56,,211955,2,,,1,15,,211956,2,,,1,15,,211957,2,,,1,15,,211971,2,,,1,56,,211958,2,,,1,15,,211959,2,,,1,15,,211972,2,,,1,15,,211960,2,,,1,55,,211974,2,,,1,19,,211979,2,,,1,71,,211980,2,,,1,29,,211975,2,,,1,70,,211961,2,,,1,30,,211962,2,,,1,70,,211963,2,,,1,30,,211964,2,,,1,70,,211965,2,,,1,30,,211966,2,,,1,70,,211984,2,,,1,100,,211967,2,,,1,100,,211976,2,,,1
5301,'053-Weekday-2-26-09-1111100',502,,212033,2,,,1,30,,211991,2,,,1,70,,211992,2,,,1,28,,212022,2,,,1,16,,211993,2,,,1,56,,211994,2,,,1,16,,212020,2,,,1,15,,211995,2,,,1,18,,212029,2,,,1,55,,212030,2,,,1,15,,212025,2,,,1,15,,212037,2,,,1,20,,212038,2,,,1,60,,212021,2,,,1,20,,211996,2,,,1,19,,212039,2,,,1,60,,211997,2,,,1,20,,211998,2,,,1,20,,212040,2,,,1,60,,211999,2,,,1,20,,212000,2,,,1,20,,212041,2,,,1,60,,212001,2,,,1,20,,212002,2,,,1,20,,212042,2,,,1,60,,212003,2,,,1,20,,212004,2,,,1,20,,212034,2,,,1,60,,212005,2,,,1,20,,212006,2,,,1,20,,212035,2,,,1,56,,212007,2,,,1,15,,212008,2,,,1,15,,212009,2,,,1,15,,212023,2,,,1,56,,212010,2,,,1,15,,212011,2,,,1,15,,212024,2,,,1,15,,212012,2,,,1,55,,212026,2,,,1,19,,212031,2,,,1,71,,212032,2,,,1,29,,212027,2,,,1,70,,212013,2,,,1,30,,212014,2,,,1,70,,212015,2,,,1,30,,212016,2,,,1,70,,212017,2,,,1,30,,212018,2,,,1,70,,212036,2,,,1,100,,212019,2,,,1,100,,212028,2,,,1
5301,'053-Weekday-4-26-09-1111100',502,,212085,2,,,1,30,,212043,2,,,1,70,,212044,2,,,1,28,,212074,2,,,1,16,,212045,2,,,1,56,,212046,2,,,1,16,,212072,2,,,1,15,,212047,2,,,1,18,,212081,2,,,1,55,,212082,2,,,1,15,,212077,2,,,1,15,,212089,2,,,1,20,,212090,2,,,1,60,,212073,2,,,1,20,,212048,2,,,1,19,,212091,2,,,1,60,,212049,2,,,1,20,,212050,2,,,1,20,,212092,2,,,1,60,,212051,2,,,1,20,,212052,2,,,1,20,,212093,2,,,1,60,,212053,2,,,1,20,,212054,2,,,1,20,,212094,2,,,1,60,,212055,2,,,1,20,,212056,2,,,1,20,,212086,2,,,1,60,,212057,2,,,1,20,,212058,2,,,1,20,,212087,2,,,1,56,,212059,2,,,1,15,,212060,2,,,1,15,,212061,2,,,1,15,,212075,2,,,1,56,,212062,2,,,1,15,,212063,2,,,1,15,,212076,2,,,1,15,,212064,2,,,1,55,,212078,2,,,1,19,,212083,2,,,1,71,,212084,2,,,1,29,,212079,2,,,1,70,,212065,2,,,1,30,,212066,2,,,1,70,,212067,2,,,1,30,,212068,2,,,1,70,,212069,2,,,1,30,,212070,2,,,1,70,,212088,2,,,1,100,,212071,2,,,1,100,,212080,2,,,1
5301,'053-Saturday-1-26-09-0000010',604,,212095,2,,,1,100,,212096,2,,,1,100,,212097,2,,,1,24,,212125,2,,,1,24,,212098,2,,,1,70,,212099,2,,,1,30,,212100,2,,,1,70,,212101,2,,,1,30,,212102,2,,,1,70,,212103,2,,,1,30,,212104,2,,,1,70,,212105,2,,,1,30,,212106,2,,,1,70,,212107,2,,,1,30,,212108,2,,,1,70,,212109,2,,,1,30,,212110,2,,,1,70,,212111,2,,,1,30,,212112,2,,,1,70,,212113,2,,,1,30,,212114,2,,,1,70,,212115,2,,,1,30,,212116,2,,,1,70,,212117,2,,,1,30,,212118,2,,,1,70,,212123,2,,,1,82,,212119,2,,,1,100,,212120,2,,,1,100,,212121,2,,,1,100,,212122,2,,,1,100,,212124,2,,,1
5301,'053-Sunday-1-26-09-0000001',700,,212126,2,,,1,100,,212127,2,,,1,100,,212147,2,,,1,100,,212128,2,,,1,30,,212149,2,,,1,70,,212129,2,,,1,30,,212150,2,,,1,70,,212148,2,,,1,30,,212151,2,,,1,70,,212141,2,,,1,30,,212152,2,,,1,70,,212140,2,,,1,30,,212146,2,,,1,70,,212139,2,,,1,30,,212145,2,,,1,70,,212138,2,,,1,30,,212144,2,,,1,70,,212137,2,,,1,30,,212143,2,,,1,70,,212136,2,,,1,30,,212142,2,,,1,70,,212135,2,,,1,100,,212130,2,,,1,100,,212131,2,,,1,100,,212132,2,,,1,100,,212133,2,,,1,100,,212134,2,,,1
63301,'633-Weekday-1-26-09-1111100',725,,227586,2,,,1,6,,227587,2,,,1,4,,227588,2,,,1,4,,227589,2,,,1
