11200,'112-Weekday-1-26-09-0001000',1226,,217271,17,,,1
11200,'112-Weekday-1-26-09-1110100',1534,,217272,17,,,1
11200,'112-Weekday-1-26-09-1111100',528,,217273,17,,,1,30,,217274,17,,,1,70,,217275,17,,,1,31,,217302,17,,,1,60,,217301,17,,,1,20,,217304,17,,,1,20,,217276,17,,,1,60,,217305,17,,,1,20,,217303,17,,,1,20,,217277,17,,,1,70,,217278,17,,,1,30,,217279,17,,,1,70,,217280,17,,,1,30,,217281,17,,,1,70,,217282,17,,,1,30,,217283,17,,,1,70,,217300,17,,,1,30,,217284,17,,,1,70,,217285,17,,,1,30,,217299,17,,,1,70,,217286,17,,,1,30,,217287,17,,,1,71,,217308,17,,,1,20,,217288,17,,,1,60,,217289,17,,,1,20,,217290,17,,,1,20,,217291,17,,,1,60,,217309,17,,,1,20,,217306,17,,,1,70,,217307,17,,,1,30,,217292,17,,,1,29,,217293,17,,,1,70,,217294,17,,,1,30,,217295,17,,,1,70,,217296,17,,,1,30,,217297,17,,,1,70,,217298,17,,,1
11200,'112-Weekday-2-26-09-1111100',528,,217310,17,,,1,30,,217311,17,,,1,70,,217312,17,,,1,31,,217339,17,,,1,60,,217338,17,,,1,20,,217341,17,,,1,20,,217313,17,,,1,60,,217342,17,,,1,20,,217340,17,,,1,20,,217314,17,,,1,70,,217315,17,,,1,30,,217316,17,,,1,70,,217317,17,,,1,30,,217318,17,,,1,70,,217319,17,,,1,30,,217320,17,,,1,70,,217337,17,,,1,30,,217321,17,,,1,70,,217322,17,,,1,30,,217336,17,,,1,70,,217323,17,,,1,30,,217324,17,,,1,71,,217345,17,,,1,20,,217325,17,,,1,60,,217326,17,,,1,20,,217327,17,,,1,20,,217328,17,,,1,60,,217346,17,,,1,20,,217343,17,,,1,70,,217344,17,,,1,30,,217329,17,,,1,29,,217330,17,,,1,70,,217331,17,,,1,30,,217332,17,,,1,70,,217333,17,,,1,30,,217334,17,,,1,70,,217335,17,,,1
11200,'112-Weekday-4-26-09-1111100',528,,217347,17,,,1,30,,217348,17,,,1,70,,217349,17,,,1,31,,217376,17,,,1,60,,217375,17,,,1,20,,217378,17,,,1,20,,217350,17,,,1,60,,217379,17,,,1,20,,217377,17,,,1,20,,217351,17,,,1,70,,217352,17,,,1,30,,217353,17,,,1,70,,217354,17,,,1,30,,217355,17,,,1,70,,217356,17,,,1,30,,217357,17,,,1,70,,217374,17,,,1,30,,217358,17,,,1,70,,217359,17,,,1,30,,217373,17,,,1,70,,217360,17,,,1,30,,217361,17,,,1,71,,217382,17,,,1,20,,217362,17,,,1,60,,217363,17,,,1,20,,217364,17,,,1,20,,217365,17,,,1,60,,217383,17,,,1,20,,217380,17,,,1,70,,217381,17,,,1,30,,217366,17,,,1,29,,217367,17,,,1,70,,217368,17,,,1,30,,217369,17,,,1,70,,217370,17,,,1,30,,217371,17,,,1,70,,217372,17,,,1
11200,'112-Saturday-1-26-09-0000010',800,,217384,17,,,1,30,,217385,17,,,1,70,,217386,17,,,1,30,,217387,17,,,1,70,,217388,17,,,1,30,,217389,17,,,1,70,,217390,17,,,1,30,,217391,17,,,1,70,,217392,17,,,1,30,,217393,17,,,1,70,,217394,17,,,1,30,,217395,17,,,1,70,,217396,17,,,1,30,,217397,17,,,1,70,,217398,17,,,1,30,,217399,17,,,1,70,,217400,17,,,1,30,,217401,17,,,1,70,,217402,17,,,1,30,,217403,17,,,1,70,,217404,17,,,1,30,,217405,17,,,1,70,,217406,17,,,1
11200,'112-Sunday-1-26-09-0000001',1012,,217407,17,,,1,30,,217408,17,,,1,70,,217409,17,,,1,30,,217410,17,,,1,70,,217411,17,,,1,30,,217412,17,,,1,70,,217413,17,,,1,30,,217414,17,,,1,70,,217415,17,,,1,30,,217416,17,,,1,70,,217417,17,,,1,30,,217418,17,,,1,70,,217419,17,,,1,30,,217420,17,,,1,68,,217421,17,,,1,30,,217422,17,,,1,70,,217423,17,,,1,30,,217424,17,,,1
61300,'613-Weekday-1-26-09-1111100',722,,227411,7,,,1,90,,227412,7,,,1
61300,'613-Weekday-3-26-09-1111100',812,,227413,7,,,1
61801,'618-Weekday-1-26-09-1111100',802,,227449,7,,,1
24015001,'150X-Weekday-1-26-09-1111100',605,,245121,7,,,1,20,,245115,7,,,1,20,,245116,7,,,1,60,,245117,7,,,1,15,,245118,7,,,1,15,,245119,7,,,1,15,,245120,7,,,1,55,,245113,7,,,1,15,,245112,7,,,1,15,,245114,7,,,1
24015001,'150X-Weekday-2-26-09-1111100',605,,245131,7,,,1,20,,245125,7,,,1,20,,245126,7,,,1,60,,245127,7,,,1,15,,245128,7,,,1,15,,245129,7,,,1,15,,245130,7,,,1,55,,245123,7,,,1,15,,245122,7,,,1,15,,245124,7,,,1
24015001,'150X-Weekday-4-26-09-1111100',605,,245141,7,,,1,20,,245135,7,,,1,20,,245136,7,,,1,60,,245137,7,,,1,15,,245138,7,,,1,15,,245139,7,,,1,15,,245140,7,,,1,55,,245133,7,,,1,15,,245132,7,,,1,15,,245134,7,,,1
