11201,'112-Weekday-1-26-09-1111100',558,,217425,19,,,1,71,,217426,19,,,1,71,,217455,19,,,1,20,,217462,19,,,1,20,,217445,19,,,1,60,,217446,19,,,1,5,,217461,19,,,1,15,,217442,19,,,1,20,,217459,19,,,1,69,,217458,19,,,1,19,,217427,19,,,1,30,,217428,19,,,1,70,,217447,19,,,1,30,,217448,19,,,1,70,,217449,19,,,1,30,,217450,19,,,1,70,,217451,19,,,1,30,,217452,19,,,1,70,,217453,19,,,1,30,,217454,19,,,1,70,,217444,19,,,1,31,,217443,19,,,1,70,,217429,19,,,1,20,,217430,19,,,1,60,,217456,19,,,1,20,,217431,19,,,1,20,,217432,19,,,1,60,,217457,19,,,1,12,,217441,19,,,1,20,,217460,19,,,1,60,,217433,19,,,1,29,,217434,19,,,1,29,,217435,19,,,1,69,,217436,19,,,1,30,,217437,19,,,1,70,,217438,19,,,1,30,,217439,19,,,1,70,,217440,19,,,1
11201,'112-Weekday-2-26-09-1111100',558,,217463,19,,,1,71,,217464,19,,,1,71,,217493,19,,,1,20,,217499,19,,,1,20,,217483,19,,,1,60,,217484,19,,,1,20,,217480,19,,,1,20,,217497,19,,,1,69,,217496,19,,,1,19,,217465,19,,,1,30,,217466,19,,,1,70,,217485,19,,,1,30,,217486,19,,,1,70,,217487,19,,,1,30,,217488,19,,,1,70,,217489,19,,,1,30,,217490,19,,,1,70,,217491,19,,,1,30,,217492,19,,,1,70,,217482,19,,,1,31,,217481,19,,,1,70,,217467,19,,,1,20,,217468,19,,,1,60,,217494,19,,,1,20,,217469,19,,,1,20,,217470,19,,,1,60,,217495,19,,,1,12,,217479,19,,,1,20,,217498,19,,,1,60,,217471,19,,,1,29,,217472,19,,,1,29,,217473,19,,,1,69,,217474,19,,,1,30,,217475,19,,,1,70,,217476,19,,,1,30,,217477,19,,,1,70,,217478,19,,,1
11201,'112-Weekday-4-26-09-1111100',558,,217500,19,,,1,71,,217501,19,,,1,71,,217530,19,,,1,20,,217536,19,,,1,20,,217520,19,,,1,60,,217521,19,,,1,20,,217517,19,,,1,20,,217534,19,,,1,69,,217533,19,,,1,19,,217502,19,,,1,30,,217503,19,,,1,70,,217522,19,,,1,30,,217523,19,,,1,70,,217524,19,,,1,30,,217525,19,,,1,70,,217526,19,,,1,30,,217527,19,,,1,70,,217528,19,,,1,30,,217529,19,,,1,70,,217519,19,,,1,31,,217518,19,,,1,70,,217504,19,,,1,20,,217505,19,,,1,60,,217531,19,,,1,20,,217506,19,,,1,20,,217507,19,,,1,60,,217532,19,,,1,12,,217516,19,,,1,20,,217535,19,,,1,60,,217508,19,,,1,29,,217509,19,,,1,29,,217510,19,,,1,69,,217511,19,,,1,30,,217512,19,,,1,70,,217513,19,,,1,30,,217514,19,,,1,70,,217515,19,,,1
11201,'112-Saturday-1-26-09-0000010',807,,217537,19,,,1,30,,217538,19,,,1,70,,217539,19,,,1,30,,217540,19,,,1,70,,217541,19,,,1,30,,217542,19,,,1,70,,217543,19,,,1,30,,217544,19,,,1,70,,217545,19,,,1,30,,217546,19,,,1,70,,217547,19,,,1,30,,217548,19,,,1,70,,217549,19,,,1,30,,217550,19,,,1,70,,217551,19,,,1,30,,217552,19,,,1,70,,217553,19,,,1,30,,217554,19,,,1,70,,217555,19,,,1,30,,217556,19,,,1,70,,217557,19,,,1,30,,217558,19,,,1,70,,217559,19,,,1
11201,'112-Sunday-1-26-09-0000001',1011,,217560,19,,,1,30,,217561,19,,,1,70,,217562,19,,,1,30,,217563,19,,,1,70,,217564,19,,,1,30,,217565,19,,,1,70,,217566,19,,,1,30,,217567,19,,,1,70,,217568,19,,,1,30,,217569,19,,,1,70,,217570,19,,,1,30,,217571,19,,,1,70,,217572,19,,,1,30,,217573,19,,,1,70,,217574,19,,,1,29,,217576,19,,,1,70,,217577,19,,,1,30,,217575,19,,,1
61301,'613-Weekday-1-26-09-0001000',1303,,227414,44,4,,1,198,,227415,44,4,,1
61301,'613-Weekday-1-26-09-1110100',1541,,227416,44,4,,1,60,,227417,44,4,,1
61301,'613-Weekday-3-26-09-1110100',1601,,227418,44,4,,1
61800,'618-Weekday-1-26-09-0001000',1305,,227447,45,4,,1
61800,'618-Weekday-1-26-09-1110100',1556,,227448,45,4,,1
24015000,'150X-Weekday-1-26-09-1111100',1547,,245085,51,4,,1,60,,245086,51,4,,1,22,,245087,51,4,,1,22,,245088,51,4,,1,60,,245089,51,4,,1,19,,245090,51,4,,1,18,,245091,51,4,,1,59,,245092,51,4,,1,20,,245093,51,4,,1
24015000,'150X-Weekday-2-26-09-1111100',1547,,245094,51,4,,1,60,,245095,51,4,,1,22,,245096,51,4,,1,22,,245097,51,4,,1,60,,245098,51,4,,1,19,,245099,51,4,,1,18,,245100,51,4,,1,59,,245101,51,4,,1,20,,245102,51,4,,1
24015000,'150X-Weekday-4-26-09-1111100',1547,,245103,51,4,,1,60,,245104,51,4,,1,22,,245105,51,4,,1,22,,245106,51,4,,1,60,,245107,51,4,,1,19,,245108,51,4,,1,18,,245109,51,4,,1,59,,245110,51,4,,1,20,,245111,51,4,,1
