5101,'051-Weekday-1-26-09-1111100',526,,211141,6,,,1,30,,211142,6,,,1,70,,211164,6,,,1,21,,211152,6,,,1,10,,211165,6,,,1,50,,211143,6,,,1,10,,211166,6,,,1,10,,211144,6,,,1,10,,211167,6,,,1,10,,211145,6,,,1,7,,211176,6,,,1,3,,211168,6,,,1,50,,211146,6,,,1,5,,211177,6,,,1,5,,211127,6,,,1,10,,211147,6,,,1,13,,211169,6,,,1,13,,211170,6,,,1,53,,211140,6,,,1,20,,211171,6,,,1,20,,211128,6,,,1,60,,211148,6,,,1,8,,211178,6,,,1,12,,211172,6,,,1,20,,211129,6,,,1,60,,211130,6,,,1,20,,211173,6,,,1,20,,211149,6,,,1,60,,211131,6,,,1,20,,211174,6,,,1,20,,211132,6,,,1,60,,211150,6,,,1,20,,211175,6,,,1,20,,211133,6,,,1,60,,211151,6,,,1,20,,211162,6,,,1,30,,211134,6,,,1,70,,211135,6,,,1,30,,211136,6,,,1,70,,211137,6,,,1,30,,211138,6,,,1,70,,211163,6,,,1,30,,211154,6,,,1,70,,211155,6,,,1,29,,211156,6,,,1,70,,211157,6,,,1,30,,211158,6,,,1,70,,211159,6,,,1,30,,211160,6,,,1,70,,211161,6,,,1,30,,211139,6,,,1,100,,211153,6,,,1
5101,'051-Weekday-2-26-09-1111100',526,,211193,6,,,1,30,,211194,6,,,1,70,,211216,6,,,1,21,,211204,6,,,1,10,,211217,6,,,1,50,,211195,6,,,1,10,,211218,6,,,1,10,,211196,6,,,1,10,,211219,6,,,1,10,,211197,6,,,1,7,,211228,6,,,1,3,,211220,6,,,1,50,,211198,6,,,1,5,,211229,6,,,1,5,,211179,6,,,1,10,,211199,6,,,1,13,,211221,6,,,1,13,,211222,6,,,1,53,,211192,6,,,1,20,,211223,6,,,1,20,,211180,6,,,1,60,,211200,6,,,1,8,,211230,6,,,1,12,,211224,6,,,1,20,,211181,6,,,1,60,,211182,6,,,1,20,,211225,6,,,1,20,,211201,6,,,1,60,,211183,6,,,1,20,,211226,6,,,1,20,,211184,6,,,1,60,,211202,6,,,1,20,,211227,6,,,1,20,,211185,6,,,1,60,,211203,6,,,1,20,,211214,6,,,1,30,,211186,6,,,1,70,,211187,6,,,1,30,,211188,6,,,1,70,,211189,6,,,1,30,,211190,6,,,1,70,,211215,6,,,1,30,,211206,6,,,1,70,,211207,6,,,1,29,,211208,6,,,1,70,,211209,6,,,1,30,,211210,6,,,1,70,,211211,6,,,1,30,,211212,6,,,1,70,,211213,6,,,1,30,,211191,6,,,1,100,,211205,6,,,1
5101,'051-Weekday-4-26-09-1111100',526,,211245,6,,,1,30,,211246,6,,,1,70,,211268,6,,,1,21,,211256,6,,,1,10,,211269,6,,,1,50,,211247,6,,,1,10,,211270,6,,,1,10,,211248,6,,,1,10,,211271,6,,,1,10,,211249,6,,,1,10,,211272,6,,,1,50,,211250,6,,,1,10,,211231,6,,,1,10,,211251,6,,,1,13,,211273,6,,,1,13,,211274,6,,,1,53,,211244,6,,,1,20,,211275,6,,,1,20,,211232,6,,,1,60,,211252,6,,,1,8,,211280,6,,,1,12,,211276,6,,,1,20,,211233,6,,,1,60,,211234,6,,,1,20,,211277,6,,,1,20,,211253,6,,,1,60,,211235,6,,,1,20,,211278,6,,,1,20,,211236,6,,,1,60,,211254,6,,,1,20,,211279,6,,,1,20,,211237,6,,,1,60,,211255,6,,,1,20,,211266,6,,,1,30,,211238,6,,,1,70,,211239,6,,,1,30,,211240,6,,,1,70,,211241,6,,,1,30,,211242,6,,,1,70,,211267,6,,,1,30,,211258,6,,,1,70,,211259,6,,,1,29,,211260,6,,,1,70,,211261,6,,,1,30,,211262,6,,,1,70,,211263,6,,,1,30,,211264,6,,,1,70,,211265,6,,,1,30,,211243,6,,,1,100,,211257,6,,,1
5101,'051-Saturday-1-26-09-0000010',605,,211281,6,,,1,100,,211282,6,,,1,100,,211283,6,,,1,30,,211284,6,,,1,70,,211285,6,,,1,30,,211286,6,,,1,70,,211287,6,,,1,30,,211288,6,,,1,70,,211289,6,,,1,30,,211290,6,,,1,70,,211291,6,,,1,30,,211292,6,,,1,70,,211293,6,,,1,30,,211294,6,,,1,70,,211295,6,,,1,30,,211296,6,,,1,70,,211297,6,,,1,30,,211298,6,,,1,70,,211299,6,,,1,30,,211300,6,,,1,69,,211301,6,,,1,30,,211302,6,,,1,70,,211303,6,,,1,30,,211304,6,,,1,70,,211305,6,,,1,100,,211306,6,,,1,100,,211307,6,,,1,100,,211308,6,,,1
5101,'051-Sunday-1-26-09-0000001',705,,211328,6,,,1,100,,211329,6,,,1,101,,211330,6,,,1,30,,211333,6,,,1,70,,211309,6,,,1,30,,211310,6,,,1,70,,211311,6,,,1,30,,211312,6,,,1,70,,211313,6,,,1,30,,211314,6,,,1,70,,211315,6,,,1,30,,211316,6,,,1,70,,211317,6,,,1,30,,211318,6,,,1,70,,211319,6,,,1,30,,211320,6,,,1,70,,211321,6,,,1,30,,211322,6,,,1,69,,211323,6,,,1,30,,211324,6,,,1,70,,211325,6,,,1,30,,211326,6,,,1,70,,211327,6,,,1,100,,211331,6,,,1,100,,211332,6,,,1,100,,211334,6,,,1
61300,'613-Weekday-1-26-09-1111100',743,,227411,32,,,1,90,,227412,32,,,1
61300,'613-Weekday-3-26-09-1111100',833,,227413,32,,,1
24015001,'150X-Weekday-1-26-09-1111100',627,,245121,27,,,1,20,,245115,27,,,1,60,,245116,27,,,1,20,,245117,27,,,1,15,,245118,27,,,1,15,,245119,27,,,1,55,,245120,27,,,1,15,,245113,27,,,1,15,,245112,27,,,1,15,,245114,27,,,1
24015001,'150X-Weekday-2-26-09-1111100',627,,245131,27,,,1,20,,245125,27,,,1,60,,245126,27,,,1,20,,245127,27,,,1,15,,245128,27,,,1,15,,245129,27,,,1,55,,245130,27,,,1,15,,245123,27,,,1,15,,245122,27,,,1,15,,245124,27,,,1
24015001,'150X-Weekday-4-26-09-1111100',627,,245141,27,,,1,20,,245135,27,,,1,60,,245136,27,,,1,20,,245137,27,,,1,15,,245138,27,,,1,15,,245139,27,,,1,55,,245140,27,,,1,15,,245133,27,,,1,15,,245132,27,,,1,15,,245134,27,,,1
