10700,'107-Weekday-1-26-09-1111100',528,,215821,12,,,1,30,,215822,12,,,1,70,,215823,12,,,1,17,,215824,12,,,1,55,,215825,12,,,1,15,,215826,12,,,1,15,,215827,12,,,1,15,,215828,12,,,1,55,,215829,12,,,1,15,,215830,12,,,1,17,,215878,12,,,1,18,,215831,12,,,1,60,,215832,12,,,1,20,,215833,12,,,1,20,,215834,12,,,1,60,,215835,12,,,1,20,,215836,12,,,1,20,,215837,12,,,1,60,,215838,12,,,1,20,,215839,12,,,1,20,,215840,12,,,1,60,,215841,12,,,1,20,,215842,12,,,1,20,,215843,12,,,1,60,,215844,12,,,1,20,,215845,12,,,1,20,,215846,12,,,1,60,,215847,12,,,1,20,,215848,12,,,1,20,,215869,12,,,1,51,,215863,12,,,1,10,,215871,12,,,1,10,,215849,12,,,1,10,,215864,12,,,1,2,,215879,12,,,1,8,,215872,12,,,1,10,,215850,12,,,1,50,,215865,12,,,1,10,,215873,12,,,1,10,,215851,12,,,1,10,,215866,12,,,1,10,,215874,12,,,1,10,,215852,12,,,1,50,,215862,12,,,1,10,,215875,12,,,1,10,,215870,12,,,1,20,,215867,12,,,1,60,,215868,12,,,1,20,,215854,12,,,1,28,,215855,12,,,1,70,,215856,12,,,1,30,,215857,12,,,1,70,,215858,12,,,1,30,,215859,12,,,1,70,,215860,12,,,1,30,,215861,12,,,1,70,,215853,12,,,1,100,,215876,12,,,1,100,,215877,12,,,1
10700,'107-Weekday-2-26-09-1111100',528,,215880,12,,,1,30,,215881,12,,,1,70,,215882,12,,,1,17,,215883,12,,,1,55,,215884,12,,,1,15,,215885,12,,,1,15,,215886,12,,,1,15,,215887,12,,,1,55,,215888,12,,,1,15,,215889,12,,,1,17,,215937,12,,,1,18,,215890,12,,,1,60,,215891,12,,,1,20,,215892,12,,,1,20,,215893,12,,,1,60,,215894,12,,,1,20,,215895,12,,,1,20,,215896,12,,,1,60,,215897,12,,,1,20,,215898,12,,,1,20,,215899,12,,,1,60,,215900,12,,,1,20,,215901,12,,,1,20,,215902,12,,,1,60,,215903,12,,,1,20,,215904,12,,,1,20,,215905,12,,,1,60,,215906,12,,,1,20,,215907,12,,,1,20,,215928,12,,,1,51,,215922,12,,,1,10,,215930,12,,,1,10,,215908,12,,,1,10,,215923,12,,,1,2,,215938,12,,,1,8,,215931,12,,,1,10,,215909,12,,,1,50,,215924,12,,,1,10,,215932,12,,,1,10,,215910,12,,,1,10,,215925,12,,,1,10,,215933,12,,,1,10,,215911,12,,,1,50,,215921,12,,,1,10,,215934,12,,,1,10,,215929,12,,,1,20,,215926,12,,,1,60,,215927,12,,,1,20,,215913,12,,,1,28,,215914,12,,,1,70,,215915,12,,,1,30,,215916,12,,,1,70,,215917,12,,,1,30,,215918,12,,,1,70,,215919,12,,,1,30,,215920,12,,,1,70,,215912,12,,,1,100,,215935,12,,,1,100,,215936,12,,,1
10700,'107-Weekday-4-26-09-1111100',528,,215939,12,,,1,30,,215940,12,,,1,70,,215941,12,,,1,17,,215942,12,,,1,55,,215943,12,,,1,15,,215944,12,,,1,15,,215945,12,,,1,15,,215946,12,,,1,55,,215947,12,,,1,15,,215948,12,,,1,17,,215996,12,,,1,18,,215949,12,,,1,60,,215950,12,,,1,20,,215951,12,,,1,20,,215952,12,,,1,60,,215953,12,,,1,20,,215954,12,,,1,20,,215955,12,,,1,60,,215956,12,,,1,20,,215957,12,,,1,20,,215958,12,,,1,60,,215959,12,,,1,20,,215960,12,,,1,20,,215961,12,,,1,60,,215962,12,,,1,20,,215963,12,,,1,20,,215964,12,,,1,60,,215965,12,,,1,20,,215966,12,,,1,20,,215987,12,,,1,51,,215981,12,,,1,10,,215989,12,,,1,10,,215967,12,,,1,10,,215982,12,,,1,10,,215990,12,,,1,10,,215968,12,,,1,50,,215983,12,,,1,10,,215991,12,,,1,10,,215969,12,,,1,10,,215984,12,,,1,10,,215992,12,,,1,10,,215970,12,,,1,50,,215980,12,,,1,10,,215993,12,,,1,10,,215988,12,,,1,20,,215985,12,,,1,60,,215986,12,,,1,20,,215972,12,,,1,28,,215973,12,,,1,70,,215974,12,,,1,30,,215975,12,,,1,70,,215976,12,,,1,30,,215977,12,,,1,70,,215978,12,,,1,30,,215979,12,,,1,70,,215971,12,,,1,100,,215994,12,,,1,100,,215995,12,,,1
10700,'107-Saturday-1-26-09-0000010',621,,216015,12,,,1,100,,216014,12,,,1,100,,216024,12,,,1,28,,215997,12,,,1,70,,215998,12,,,1,30,,215999,12,,,1,70,,216000,12,,,1,30,,216001,12,,,1,70,,216002,12,,,1,30,,216003,12,,,1,70,,216004,12,,,1,30,,216005,12,,,1,70,,216006,12,,,1,30,,216007,12,,,1,70,,216008,12,,,1,30,,216009,12,,,1,70,,216010,12,,,1,30,,216016,12,,,1,71,,216017,12,,,1,31,,216018,12,,,1,70,,216019,12,,,1,30,,216011,12,,,1,70,,216012,12,,,1,30,,216013,12,,,1,70,,216026,12,,,1,100,,216020,12,,,1,100,,216021,12,,,1,100,,216022,12,,,1,100,,216023,12,,,1,100,,216025,12,,,1
10700,'107-Sunday-1-26-09-0000001',607,,216043,12,,,1,100,,216042,12,,,1,100,,216041,12,,,1,101,,216040,12,,,1,100,,216027,12,,,1,30,,216028,12,,,1,70,,216029,12,,,1,30,,216030,12,,,1,70,,216031,12,,,1,30,,216032,12,,,1,70,,216033,12,,,1,30,,216034,12,,,1,70,,216035,12,,,1,30,,216036,12,,,1,70,,216037,12,,,1,30,,216038,12,,,1,70,,216039,12,,,1,30,,216044,12,,,1,71,,216045,12,,,1,30,,216046,12,,,1,70,,216047,12,,,1,30,,216048,12,,,1,70,,216049,12,,,1,100,,216050,12,,,1,100,,216051,12,,,1,100,,216052,12,,,1,100,,216053,12,,,1,100,,216054,12,,,1
62000,'620-Weekday-1-26-09-0001000',1207,,227450,5,0,62 63,1
62000,'620-Weekday-1-26-09-1110100',1515,,227451,5,0,62 63,1
62000,'620-Weekday-1-26-09-1111100',1537,,227452,5,0,62 63,1,6,,227453,5,0,62 63,1
62000,'620-Weekday-3-26-09-1111100',1537,,227454,5,0,62 63,1,6,,227455,5,0,62 63,1
62100,'621-Weekday-1-26-09-0001000',1207,,227461,5,,,1
62100,'621-Weekday-1-26-09-1110100',1511,,227462,5,,,1,4,,227463,5,,,1
62100,'621-Weekday-1-26-09-1111100',1539,,227464,5,,,1
62100,'621-Weekday-3-26-09-1111100',1539,,227465,5,,,1
62600,'626-Weekday-1-26-09-0001000',1244,,227553,19,,,1,4,,227554,19,,,1
62600,'626-Weekday-1-26-09-1110100',1518,,227556,19,,,1,4,,227557,19,,,1,4,,227555,19,,,1
62800,'628-Weekday-1-26-09-1111100',1515,,227566,4,,,1
62800,'628-Weekday-3-26-09-1111100',1515,,227567,4,,,1
