50801,'508-Weekday-1-26-02-1111100',551,,7901,,,1,70,,7902,,,1,34,,7903,,,1,70,,7904,,,1,15,,7905,,,1,15,,7929,,,1,55,,7906,,,1,15,,7908,,,1,15,,7909,,,1,15,,7910,,,1,53,,7930,,,1,27,,7928,,,1,70,,7931,,,1,30,,7932,,,1,70,,7933,,,1,30,,7934,,,1,70,,7935,,,1,30,,7936,,,1,70,,7937,,,1,30,,7938,,,1,70,,7939,,,1,30,,7940,,,1,72,,7941,,,1,14,,7912,,,1,15,,7913,,,1,15,,7942,,,1,55,,7915,,,1,15,,7916,,,1,15,,7917,,,1,15,,7919,,,1,55,,7921,,,1,15,,7920,,,1,15,,7923,,,1,15,,7924,,,1,70,,7925,,,1,28,,7926,,,1,70,,7927,,,1,30,,7922,,,1,70,,7918,,,1,30,,7914,,,1,70,,7911,,,1,30,,7907,,,1,70,,7943,,,1
50801,'508-Weekday-2-26-02-1111100',551,,52331,,,1,70,,52332,,,1,34,,52333,,,1,70,,52334,,,1,15,,52335,,,1,15,,52359,,,1,55,,52336,,,1,15,,52338,,,1,15,,52339,,,1,15,,52340,,,1,53,,52360,,,1,27,,52358,,,1,70,,52361,,,1,30,,52362,,,1,70,,52363,,,1,30,,52364,,,1,70,,52365,,,1,30,,52366,,,1,70,,52367,,,1,30,,52368,,,1,70,,52369,,,1,30,,52370,,,1,72,,52371,,,1,14,,52342,,,1,15,,52343,,,1,15,,52372,,,1,55,,52345,,,1,15,,52346,,,1,15,,52347,,,1,15,,52349,,,1,55,,52351,,,1,15,,52350,,,1,15,,52353,,,1,15,,52354,,,1,70,,52355,,,1,28,,52356,,,1,70,,52357,,,1,30,,52352,,,1,70,,52348,,,1,30,,52344,,,1,70,,52341,,,1,30,,52337,,,1,70,,52373,,,1
50801,'508-Weekday-4-26-02-1111100',551,,52374,,,1,70,,52375,,,1,34,,52376,,,1,70,,52377,,,1,15,,52378,,,1,15,,52402,,,1,55,,52379,,,1,15,,52381,,,1,15,,52382,,,1,15,,52383,,,1,53,,52403,,,1,27,,52401,,,1,70,,52404,,,1,30,,52405,,,1,70,,52406,,,1,30,,52407,,,1,70,,52408,,,1,30,,52409,,,1,70,,52410,,,1,30,,52411,,,1,70,,52412,,,1,30,,52413,,,1,72,,52414,,,1,14,,52385,,,1,15,,52386,,,1,15,,52415,,,1,55,,52388,,,1,15,,52389,,,1,15,,52390,,,1,15,,52392,,,1,55,,52394,,,1,15,,52393,,,1,15,,52396,,,1,15,,52397,,,1,70,,52398,,,1,28,,52399,,,1,70,,52400,,,1,30,,52395,,,1,70,,52391,,,1,30,,52387,,,1,70,,52384,,,1,30,,52380,,,1,70,,52416,,,1
50801,'508-Weekday-5-26-02-1111100',551,,52417,,,1,70,,52418,,,1,34,,52419,,,1,70,,52420,,,1,15,,52421,,,1,15,,52445,,,1,55,,52422,,,1,15,,52424,,,1,15,,52425,,,1,15,,52426,,,1,53,,52446,,,1,27,,52444,,,1,70,,52447,,,1,30,,52448,,,1,70,,52449,,,1,30,,52450,,,1,70,,52451,,,1,30,,52452,,,1,70,,52453,,,1,30,,52454,,,1,70,,52455,,,1,30,,52456,,,1,72,,52457,,,1,14,,52428,,,1,15,,52429,,,1,15,,52458,,,1,55,,52431,,,1,15,,52432,,,1,15,,52433,,,1,15,,52435,,,1,55,,52437,,,1,15,,52436,,,1,15,,52439,,,1,15,,52440,,,1,70,,52441,,,1,28,,52442,,,1,70,,52443,,,1,30,,52438,,,1,70,,52434,,,1,30,,52430,,,1,70,,52427,,,1,30,,52423,,,1,70,,52459,,,1
50801,'508-Weekday-6-26-02-1111100',551,,52460,,,1,70,,52461,,,1,34,,52462,,,1,70,,52463,,,1,15,,52464,,,1,15,,52488,,,1,55,,52465,,,1,15,,52467,,,1,15,,52468,,,1,15,,52469,,,1,53,,52489,,,1,27,,52487,,,1,70,,52490,,,1,30,,52491,,,1,70,,52492,,,1,30,,52493,,,1,70,,52494,,,1,30,,52495,,,1,70,,52496,,,1,30,,52497,,,1,70,,52498,,,1,30,,52499,,,1,72,,52500,,,1,14,,52471,,,1,15,,52472,,,1,15,,52501,,,1,55,,52474,,,1,15,,52475,,,1,15,,52476,,,1,15,,52478,,,1,55,,52480,,,1,15,,52479,,,1,15,,52482,,,1,15,,52483,,,1,70,,52484,,,1,28,,52485,,,1,70,,52486,,,1,30,,52481,,,1,70,,52477,,,1,30,,52473,,,1,70,,52470,,,1,30,,52466,,,1,70,,52502,,,1
50801,'508-Weekday-7-26-02-1111100',551,,52503,,,1,70,,52504,,,1,34,,52505,,,1,70,,52506,,,1,15,,52507,,,1,15,,52531,,,1,55,,52508,,,1,15,,52510,,,1,15,,52511,,,1,15,,52512,,,1,53,,52532,,,1,27,,52530,,,1,70,,52533,,,1,30,,52534,,,1,70,,52535,,,1,30,,52536,,,1,70,,52537,,,1,30,,52538,,,1,70,,52539,,,1,30,,52540,,,1,70,,52541,,,1,30,,52542,,,1,72,,52543,,,1,14,,52514,,,1,15,,52515,,,1,15,,52544,,,1,55,,52517,,,1,15,,52518,,,1,15,,52519,,,1,15,,52521,,,1,55,,52523,,,1,15,,52522,,,1,15,,52525,,,1,15,,52526,,,1,70,,52527,,,1,28,,52528,,,1,70,,52529,,,1,30,,52524,,,1,70,,52520,,,1,30,,52516,,,1,70,,52513,,,1,30,,52509,,,1,70,,52545,,,1
50801,'508-Weekday-8-26-02-1111100',551,,52546,,,1,70,,52547,,,1,34,,52548,,,1,70,,52549,,,1,15,,52550,,,1,15,,52574,,,1,55,,52551,,,1,15,,52553,,,1,15,,52554,,,1,15,,52555,,,1,53,,52575,,,1,27,,52573,,,1,70,,52576,,,1,30,,52577,,,1,70,,52578,,,1,30,,52579,,,1,70,,52580,,,1,30,,52581,,,1,70,,52582,,,1,30,,52583,,,1,70,,52584,,,1,30,,52585,,,1,72,,52586,,,1,14,,52557,,,1,15,,52558,,,1,15,,52587,,,1,55,,52560,,,1,15,,52561,,,1,15,,52562,,,1,15,,52564,,,1,55,,52566,,,1,15,,52565,,,1,15,,52568,,,1,15,,52569,,,1,70,,52570,,,1,28,,52571,,,1,70,,52572,,,1,30,,52567,,,1,70,,52563,,,1,30,,52559,,,1,70,,52556,,,1,30,,52552,,,1,70,,52588,,,1
50801,'508-Weekday-9-26-02-1111100',551,,52589,,,1,70,,52590,,,1,34,,52591,,,1,70,,52592,,,1,15,,52593,,,1,15,,52617,,,1,55,,52594,,,1,15,,52596,,,1,15,,52597,,,1,15,,52598,,,1,53,,52618,,,1,27,,52616,,,1,70,,52619,,,1,30,,52620,,,1,70,,52621,,,1,30,,52622,,,1,70,,52623,,,1,30,,52624,,,1,70,,52625,,,1,30,,52626,,,1,70,,52627,,,1,30,,52628,,,1,72,,52629,,,1,14,,52600,,,1,15,,52601,,,1,15,,52630,,,1,55,,52603,,,1,15,,52604,,,1,15,,52605,,,1,15,,52607,,,1,55,,52609,,,1,15,,52608,,,1,15,,52611,,,1,15,,52612,,,1,70,,52613,,,1,28,,52614,,,1,70,,52615,,,1,30,,52610,,,1,70,,52606,,,1,30,,52602,,,1,70,,52599,,,1,30,,52595,,,1,70,,52631,,,1
50801,'508-Saturday-1-26-02-0000010',623,,7944,,,1,100,,7945,,,1,100,,7946,,,1,30,,7947,,,1,70,,7948,,,1,30,,7949,,,1,70,,7950,,,1,30,,7951,,,1,70,,7952,,,1,30,,7953,,,1,70,,7954,,,1,30,,7955,,,1,70,,7956,,,1,30,,7957,,,1,70,,7958,,,1,30,,7959,,,1,70,,7960,,,1,30,,7961,,,1,70,,7962,,,1,30,,7963,,,1,70,,7964,,,1,30,,7965,,,1,70,,7966,,,1,30,,7967,,,1,70,,7968,,,1
50801,'508-Sunday-1-26-02-0000001',1025,,52632,,,1,30,,52633,,,1,70,,52634,,,1,30,,52635,,,1,70,,52636,,,1,30,,52637,,,1,70,,52638,,,1,30,,52639,,,1,70,,52640,,,1,30,,52641,,,1,70,,52642,,,1,30,,52643,,,1,70,,52644,,,1,30,,52645,,,1,70,,52646,,,1,30,,52647,,,1,70,,52648,,,1,30,,52649,,,1
