63200,'632-Weekday-1-26-02-1111100',753,,10059,,,1
63200,'632-Weekday-2-26-02-1111100',753,,61968,,,1
63200,'632-Weekday-4-26-02-1111100',753,,61969,,,1
63200,'632-Weekday-5-26-02-1111100',753,,61970,,,1
63200,'632-Weekday-6-26-02-1111100',753,,61971,,,1
63200,'632-Weekday-8-26-02-1111100',753,,61972,,,1
63600,'636-Weekday-1-26-02-0000100',941,,10083,,,1
63600,'636-Weekday-1-26-02-1111000',811,,10084,,,1
63600,'636-Weekday-2-26-02-0000100',941,,62043,,,1
63600,'636-Weekday-2-26-02-1111000',811,,62044,,,1
63600,'636-Weekday-4-26-02-1111000',811,,62045,,,1
63600,'636-Weekday-5-26-02-0000100',941,,62046,,,1
63600,'636-Weekday-5-26-02-1111000',811,,62047,,,1
63601,'636-Weekday-1-26-02-1111100',1535,,10085,4,,1,2,,10086,4,,1
63601,'636-Weekday-2-26-02-1111100',1535,,62048,4,,1,2,,62049,4,,1
63601,'636-Weekday-4-26-02-1111100',1535,,62050,4,,1,2,,62051,4,,1
63601,'636-Weekday-5-26-02-1111100',1535,,62052,4,,1,2,,62053,4,,1
