50300,'503-Weekday-1-26-02-1111100',709,,7425,4,,1,30,,7426,4,,1,70,,7427,4,,1,30,,7428,4,,1,70,,7429,4,,1,716,,7430,4,,1,30,,7431,4,,1,70,,7432,4,,1,30,,7433,4,,1,70,,7434,4,,1,30,,7435,4,,1
50300,'503-Weekday-2-26-02-1111100',709,,50081,4,,1,30,,50082,4,,1,70,,50083,4,,1,30,,50084,4,,1,70,,50085,4,,1,716,,50086,4,,1,30,,50087,4,,1,70,,50088,4,,1,30,,50089,4,,1,70,,50090,4,,1,30,,50091,4,,1
50300,'503-Weekday-4-26-02-1111100',709,,50092,4,,1,30,,50093,4,,1,70,,50094,4,,1,30,,50095,4,,1,70,,50096,4,,1,716,,50097,4,,1,30,,50098,4,,1,70,,50099,4,,1,30,,50100,4,,1,70,,50101,4,,1,30,,50102,4,,1
50300,'503-Weekday-5-26-02-1111100',709,,50103,4,,1,30,,50104,4,,1,70,,50105,4,,1,30,,50106,4,,1,70,,50107,4,,1,716,,50108,4,,1,30,,50109,4,,1,70,,50110,4,,1,30,,50111,4,,1,70,,50112,4,,1,30,,50113,4,,1
50300,'503-Weekday-6-26-02-1111100',709,,50114,4,,1,30,,50115,4,,1,70,,50116,4,,1,30,,50117,4,,1,70,,50118,4,,1,716,,50119,4,,1,30,,50120,4,,1,70,,50121,4,,1,30,,50122,4,,1,70,,50123,4,,1,30,,50124,4,,1
50300,'503-Weekday-7-26-02-1111100',709,,50125,4,,1,30,,50126,4,,1,70,,50127,4,,1,30,,50128,4,,1,70,,50129,4,,1,716,,50130,4,,1,30,,50131,4,,1,70,,50132,4,,1,30,,50133,4,,1,70,,50134,4,,1,30,,50135,4,,1
50300,'503-Weekday-8-26-02-1111100',709,,50136,4,,1,30,,50137,4,,1,70,,50138,4,,1,30,,50139,4,,1,70,,50140,4,,1,716,,50141,4,,1,30,,50142,4,,1,70,,50143,4,,1,30,,50144,4,,1,70,,50145,4,,1,30,,50146,4,,1
50300,'503-Weekday-9-26-02-1111100',709,,50147,4,,1,30,,50148,4,,1,70,,50149,4,,1,30,,50150,4,,1,70,,50151,4,,1,716,,50152,4,,1,30,,50153,4,,1,70,,50154,4,,1,30,,50155,4,,1,70,,50156,4,,1,30,,50157,4,,1
50301,'503-Weekday-1-26-02-1111100',631,,7436,,,1,70,,7437,,,1,30,,7438,,,1,70,,7439,,,1,30,,7440,,,1,714,,7441,,,1,70,,7442,,,1,30,,7443,,,1,70,,7444,,,1,30,,7445,,,1,70,,7446,,,1
50301,'503-Weekday-2-26-02-1111100',631,,50158,,,1,70,,50159,,,1,30,,50160,,,1,70,,50161,,,1,30,,50162,,,1,714,,50163,,,1,70,,50164,,,1,30,,50165,,,1,70,,50166,,,1,30,,50167,,,1,70,,50168,,,1
50301,'503-Weekday-4-26-02-1111100',631,,50169,,,1,70,,50170,,,1,30,,50171,,,1,70,,50172,,,1,30,,50173,,,1,714,,50174,,,1,70,,50175,,,1,30,,50176,,,1,70,,50177,,,1,30,,50178,,,1,70,,50179,,,1
50301,'503-Weekday-5-26-02-1111100',631,,50180,,,1,70,,50181,,,1,30,,50182,,,1,70,,50183,,,1,30,,50184,,,1,714,,50185,,,1,70,,50186,,,1,30,,50187,,,1,70,,50188,,,1,30,,50189,,,1,70,,50190,,,1
50301,'503-Weekday-6-26-02-1111100',631,,50191,,,1,70,,50192,,,1,30,,50193,,,1,70,,50194,,,1,30,,50195,,,1,714,,50196,,,1,70,,50197,,,1,30,,50198,,,1,70,,50199,,,1,30,,50200,,,1,70,,50201,,,1
50301,'503-Weekday-7-26-02-1111100',631,,50202,,,1,70,,50203,,,1,30,,50204,,,1,70,,50205,,,1,30,,50206,,,1,714,,50207,,,1,70,,50208,,,1,30,,50209,,,1,70,,50210,,,1,30,,50211,,,1,70,,50212,,,1
50301,'503-Weekday-8-26-02-1111100',631,,50213,,,1,70,,50214,,,1,30,,50215,,,1,70,,50216,,,1,30,,50217,,,1,714,,50218,,,1,70,,50219,,,1,30,,50220,,,1,70,,50221,,,1,30,,50222,,,1,70,,50223,,,1
50301,'503-Weekday-9-26-02-1111100',631,,50224,,,1,70,,50225,,,1,30,,50226,,,1,70,,50227,,,1,30,,50228,,,1,714,,50229,,,1,70,,50230,,,1,30,,50231,,,1,70,,50232,,,1,30,,50233,,,1,70,,50234,,,1
