66400,'664-Weekday-1-26-09-0001000',1237,,227751,12,0,23,1,200,,227752,10,,,1,4,,227753,10,,,1
66400,'664-Weekday-1-26-09-1110100',1518,,227756,10,,,1,3,,227757,10,,,1,8,,227754,12,0,23,1,2,,227755,12,0,23,1
66400,'664-Weekday-3-26-09-1110100',1518,,227758,10,,,1,3,,227759,10,,,1
72200,'722-Weekday-1-26-09-1111100',529,,234534,11,,,1,20,,234535,11,,,1,60,,234481,11,,,1,20,,234482,11,,,1,19,,234529,11,,,1,7,,234483,11,,,1,48,,234544,11,,,1,7,,234539,11,,,1,8,,234530,11,,,1,7,,234484,11,,,1,8,,234531,11,,,1,7,,234485,11,,,1,8,,234545,11,,,1,7,,234540,11,,,1,48,,234532,11,,,1,7,,234486,11,,,1,8,,234533,11,,,1,7,,234487,11,,,1,8,,234538,11,,,1,7,,234541,11,,,1,15,,234491,11,,,1,58,,234488,11,,,1,17,,234489,11,,,1,20,,234490,11,,,1,60,,234492,11,,,1,20,,234493,11,,,1,20,,234494,11,,,1,60,,234495,11,,,1,20,,234496,11,,,1,20,,234497,11,,,1,60,,234498,11,,,1,20,,234499,11,,,1,20,,234500,11,,,1,60,,234501,11,,,1,20,,234502,11,,,1,20,,234503,11,,,1,60,,234504,11,,,1,20,,234505,11,,,1,20,,234506,11,,,1,60,,234507,11,,,1,28,,234508,11,,,1,62,,234509,11,,,1,20,,234536,11,,,1,20,,234542,11,,,1,60,,234510,11,,,1,20,,234512,11,,,1,19,,234511,11,,,1,19,,234537,11,,,1,60,,234543,11,,,1,15,,234513,11,,,1,17,,234514,11,,,1,60,,234515,11,,,1,20,,234516,11,,,1,20,,234517,11,,,1,60,,234518,11,,,1,20,,234519,11,,,1,20,,234520,11,,,1,60,,234521,11,,,1,20,,234522,11,,,1,20,,234523,11,,,1,60,,234524,11,,,1,30,,234525,11,,,1,70,,234526,11,,,1,30,,234527,11,,,1,70,,234528,11,,,1
72200,'722-Weekday-2-26-09-1111100',529,,234599,11,,,1,20,,234600,11,,,1,60,,234546,11,,,1,20,,234547,11,,,1,19,,234594,11,,,1,7,,234548,11,,,1,48,,234609,11,,,1,7,,234604,11,,,1,8,,234595,11,,,1,7,,234549,11,,,1,8,,234596,11,,,1,7,,234550,11,,,1,8,,234610,11,,,1,7,,234605,11,,,1,48,,234597,11,,,1,7,,234551,11,,,1,8,,234598,11,,,1,7,,234552,11,,,1,8,,234603,11,,,1,7,,234606,11,,,1,15,,234556,11,,,1,58,,234553,11,,,1,17,,234554,11,,,1,20,,234555,11,,,1,60,,234557,11,,,1,20,,234558,11,,,1,20,,234559,11,,,1,60,,234560,11,,,1,20,,234561,11,,,1,20,,234562,11,,,1,60,,234563,11,,,1,20,,234564,11,,,1,20,,234565,11,,,1,60,,234566,11,,,1,20,,234567,11,,,1,20,,234568,11,,,1,60,,234569,11,,,1,20,,234570,11,,,1,20,,234571,11,,,1,60,,234572,11,,,1,28,,234573,11,,,1,62,,234574,11,,,1,20,,234601,11,,,1,20,,234607,11,,,1,60,,234575,11,,,1,20,,234577,11,,,1,19,,234576,11,,,1,19,,234602,11,,,1,60,,234608,11,,,1,15,,234578,11,,,1,17,,234579,11,,,1,60,,234580,11,,,1,20,,234581,11,,,1,20,,234582,11,,,1,60,,234583,11,,,1,20,,234584,11,,,1,20,,234585,11,,,1,60,,234586,11,,,1,20,,234587,11,,,1,20,,234588,11,,,1,60,,234589,11,,,1,30,,234590,11,,,1,70,,234591,11,,,1,30,,234592,11,,,1,70,,234593,11,,,1
72200,'722-Weekday-4-26-09-1111100',529,,234664,11,,,1,20,,234665,11,,,1,60,,234611,11,,,1,20,,234612,11,,,1,19,,234659,11,,,1,7,,234613,11,,,1,48,,234674,11,,,1,7,,234669,11,,,1,8,,234660,11,,,1,7,,234614,11,,,1,8,,234661,11,,,1,7,,234615,11,,,1,8,,234675,11,,,1,7,,234670,11,,,1,48,,234662,11,,,1,7,,234616,11,,,1,8,,234663,11,,,1,7,,234617,11,,,1,8,,234668,11,,,1,7,,234671,11,,,1,15,,234621,11,,,1,58,,234618,11,,,1,17,,234619,11,,,1,20,,234620,11,,,1,60,,234622,11,,,1,20,,234623,11,,,1,20,,234624,11,,,1,60,,234625,11,,,1,20,,234626,11,,,1,20,,234627,11,,,1,60,,234628,11,,,1,20,,234629,11,,,1,20,,234630,11,,,1,60,,234631,11,,,1,20,,234632,11,,,1,20,,234633,11,,,1,60,,234634,11,,,1,20,,234635,11,,,1,20,,234636,11,,,1,60,,234637,11,,,1,28,,234638,11,,,1,62,,234639,11,,,1,20,,234666,11,,,1,20,,234672,11,,,1,60,,234640,11,,,1,20,,234642,11,,,1,19,,234641,11,,,1,19,,234667,11,,,1,60,,234673,11,,,1,15,,234643,11,,,1,17,,234644,11,,,1,60,,234645,11,,,1,20,,234646,11,,,1,20,,234647,11,,,1,60,,234648,11,,,1,20,,234649,11,,,1,20,,234650,11,,,1,60,,234651,11,,,1,20,,234652,11,,,1,20,,234653,11,,,1,60,,234654,11,,,1,30,,234655,11,,,1,70,,234656,11,,,1,30,,234657,11,,,1,70,,234658,11,,,1
72200,'722-Saturday-1-26-09-0000010',632,,234676,11,,,1,70,,234677,11,,,1,30,,234678,11,,,1,70,,234679,11,,,1,30,,234680,11,,,1,20,,234681,11,,,1,60,,234682,11,,,1,19,,234683,11,,,1,20,,234684,11,,,1,60,,234685,11,,,1,20,,234686,11,,,1,20,,234687,11,,,1,60,,234688,11,,,1,20,,234689,11,,,1,20,,234690,11,,,1,60,,234691,11,,,1,20,,234692,11,,,1,20,,234693,11,,,1,60,,234694,11,,,1,20,,234695,11,,,1,20,,234696,11,,,1,60,,234697,11,,,1,20,,234698,11,,,1,20,,234699,11,,,1,60,,234700,11,,,1,20,,234701,11,,,1,20,,234702,11,,,1,60,,234703,11,,,1,20,,234704,11,,,1,20,,234705,11,,,1,60,,234706,11,,,1,21,,234707,11,,,1,20,,234708,11,,,1,60,,234709,11,,,1,20,,234710,11,,,1,20,,234711,11,,,1,60,,234712,11,,,1,20,,234713,11,,,1,70,,234714,11,,,1,30,,234715,11,,,1,70,,234716,11,,,1,30,,234717,11,,,1,70,,234718,11,,,1,30,,234719,11,,,1,70,,234720,11,,,1,30,,234721,11,,,1,70,,234722,11,,,1
72200,'722-Sunday-1-26-09-0000001',623,,234725,11,,,1,30,,234726,11,,,1,70,,234727,11,,,1,30,,234728,11,,,1,70,,234729,11,,,1,30,,234730,11,,,1,71,,234731,11,,,1,30,,234732,11,,,1,70,,234733,11,,,1,30,,234734,11,,,1,70,,234735,11,,,1,30,,234736,11,,,1,70,,234737,11,,,1,30,,234738,11,,,1,70,,234739,11,,,1,30,,234740,11,,,1,70,,234741,11,,,1,30,,234742,11,,,1,70,,234743,11,,,1,30,,234744,11,,,1,70,,234745,11,,,1,30,,234746,11,,,1,71,,234747,11,,,1,30,,234748,11,,,1,70,,234749,11,,,1,30,,234750,11,,,1,70,,234751,11,,,1,30,,234752,11,,,1,70,,234753,11,,,1,30,,234754,11,,,1,70,,234755,11,,,1,100,,234756,11,,,1,100,,234757,11,,,1
72201,'722-Weekday-1-26-09-1111100',1527,,234801,28,,,1,23,,234802,28,,,1,60,,234803,28,,,1,20,,234822,28,,,1,20,,234804,28,,,1,60,,234805,28,,,1,20,,234806,28,,,1,17,,234807,28,,,1,60,,234816,28,,,1,633,,234808,28,,,1
72201,'722-Weekday-2-26-09-1111100',1527,,234866,28,,,1,23,,234867,28,,,1,60,,234868,28,,,1,20,,234887,28,,,1,20,,234869,28,,,1,60,,234870,28,,,1,20,,234871,28,,,1,17,,234872,28,,,1,60,,234881,28,,,1,633,,234873,28,,,1
72201,'722-Weekday-4-26-09-1111100',1527,,234931,28,,,1,23,,234932,28,,,1,60,,234933,28,,,1,20,,234952,28,,,1,20,,234934,28,,,1,60,,234935,28,,,1,20,,234936,28,,,1,17,,234937,28,,,1,60,,234946,28,,,1,633,,234938,28,,,1
72201,'722-Saturday-1-26-09-0000010',2431,,235000,28,,,1,70,,235001,28,,,1
72201,'722-Sunday-1-26-09-0000001',2424,,235032,28,,,1
