91601,'916-Weekday-1-26-09-0001000',1226,,240137,20,,,1
91601,'916-Weekday-1-26-09-1110100',1525,,240139,20,,,1,102,,240138,20,,,1
91601,'916-Weekday-1-26-09-1111100',546,,240140,20,,,1,70,,240178,20,,,1,16,,240168,20,,,1,17,,240183,20,,,1,55,,240169,20,,,1,15,,240170,20,,,1,15,,240171,20,,,1,15,,240184,20,,,1,55,,240172,20,,,1,15,,240177,20,,,1,30,,240176,20,,,1,71,,240141,20,,,1,30,,240142,20,,,1,70,,240143,20,,,1,30,,240144,20,,,1,70,,240145,20,,,1,30,,240146,20,,,1,70,,240147,20,,,1,30,,240148,20,,,1,70,,240149,20,,,1,30,,240150,20,,,1,70,,240151,20,,,1,30,,240152,20,,,1,72,,240153,20,,,1,12,,240154,20,,,1,12,,240173,20,,,1,12,,240155,20,,,1,52,,240156,20,,,1,12,,240185,20,,,1,12,,240157,20,,,1,12,,240174,20,,,1,12,,240158,20,,,1,52,,240159,20,,,1,12,,240186,20,,,1,12,,240160,20,,,1,12,,240179,20,,,1,70,,240180,20,,,1,28,,240161,20,,,1,70,,240162,20,,,1,30,,240163,20,,,1,70,,240164,20,,,1,30,,240165,20,,,1,70,,240166,20,,,1,30,,240167,20,,,1,68,,240181,20,,,1,100,,240175,20,,,1,100,,240182,20,,,1
91601,'916-Weekday-2-26-09-1110100',1627,,240187,20,,,1
91601,'916-Weekday-2-26-09-1111100',546,,240188,20,,,1,70,,240226,20,,,1,16,,240216,20,,,1,17,,240231,20,,,1,55,,240217,20,,,1,15,,240218,20,,,1,15,,240219,20,,,1,15,,240232,20,,,1,55,,240220,20,,,1,15,,240225,20,,,1,30,,240224,20,,,1,71,,240189,20,,,1,30,,240190,20,,,1,70,,240191,20,,,1,30,,240192,20,,,1,70,,240193,20,,,1,30,,240194,20,,,1,70,,240195,20,,,1,30,,240196,20,,,1,70,,240197,20,,,1,30,,240198,20,,,1,70,,240199,20,,,1,30,,240200,20,,,1,72,,240201,20,,,1,12,,240202,20,,,1,12,,240221,20,,,1,12,,240203,20,,,1,52,,240204,20,,,1,12,,240233,20,,,1,12,,240205,20,,,1,12,,240222,20,,,1,12,,240206,20,,,1,52,,240207,20,,,1,12,,240234,20,,,1,12,,240208,20,,,1,12,,240227,20,,,1,70,,240228,20,,,1,28,,240209,20,,,1,70,,240210,20,,,1,30,,240211,20,,,1,70,,240212,20,,,1,30,,240213,20,,,1,70,,240214,20,,,1,30,,240215,20,,,1,68,,240229,20,,,1,100,,240223,20,,,1,100,,240230,20,,,1
91601,'916-Weekday-4-26-09-1111100',546,,240235,20,,,1,70,,240273,20,,,1,16,,240263,20,,,1,17,,240278,20,,,1,55,,240264,20,,,1,15,,240265,20,,,1,15,,240266,20,,,1,15,,240279,20,,,1,55,,240267,20,,,1,15,,240272,20,,,1,30,,240271,20,,,1,71,,240236,20,,,1,30,,240237,20,,,1,70,,240238,20,,,1,30,,240239,20,,,1,70,,240240,20,,,1,30,,240241,20,,,1,70,,240242,20,,,1,30,,240243,20,,,1,70,,240244,20,,,1,30,,240245,20,,,1,70,,240246,20,,,1,30,,240247,20,,,1,72,,240248,20,,,1,12,,240249,20,,,1,12,,240268,20,,,1,12,,240250,20,,,1,52,,240251,20,,,1,12,,240280,20,,,1,12,,240252,20,,,1,12,,240269,20,,,1,12,,240253,20,,,1,52,,240254,20,,,1,12,,240281,20,,,1,12,,240255,20,,,1,12,,240274,20,,,1,70,,240275,20,,,1,28,,240256,20,,,1,70,,240257,20,,,1,30,,240258,20,,,1,70,,240259,20,,,1,30,,240260,20,,,1,70,,240261,20,,,1,30,,240262,20,,,1,68,,240276,20,,,1,100,,240270,20,,,1,100,,240277,20,,,1
91601,'916-Saturday-1-26-09-0000010',649,,240282,20,,,1,100,,240283,20,,,1,70,,240284,20,,,1,30,,240285,20,,,1,74,,240286,20,,,1,32,,240287,20,,,1,72,,240288,20,,,1,30,,240289,20,,,1,70,,240290,20,,,1,30,,240291,20,,,1,70,,240292,20,,,1,30,,240293,20,,,1,70,,240294,20,,,1,30,,240295,20,,,1,70,,240296,20,,,1,30,,240297,20,,,1,70,,240298,20,,,1,30,,240299,20,,,1,70,,240300,20,,,1,30,,240301,20,,,1,70,,240302,20,,,1,30,,240303,20,,,1,70,,240310,20,,,1,30,,240311,20,,,1,65,,240304,20,,,1,100,,240305,20,,,1,100,,240306,20,,,1,100,,240307,20,,,1,100,,240308,20,,,1,100,,240309,20,,,1
91601,'916-Sunday-1-26-09-0000001',649,,240312,20,,,1,100,,240313,20,,,1,100,,240314,20,,,1,102,,240336,20,,,1,101,,240315,20,,,1,70,,240316,20,,,1,30,,240317,20,,,1,70,,240318,20,,,1,30,,240319,20,,,1,70,,240320,20,,,1,30,,240321,20,,,1,70,,240322,20,,,1,30,,240323,20,,,1,70,,240324,20,,,1,30,,240325,20,,,1,70,,240326,20,,,1,30,,240327,20,,,1,70,,240337,20,,,1,26,,240338,20,,,1,68,,240328,20,,,1,30,,240329,20,,,1,70,,240330,20,,,1,37,,240331,20,,,1,100,,240332,20,,,1,100,,240333,20,,,1,100,,240334,20,,,1,100,,240335,20,,,1
92600,'926-Weekday-1-26-09-1111100',611,,242483,17,,,1,20,,242484,17,,,1,23,,242485,17,,,1,60,,242486,17,,,1,10,,242488,17,,,1,10,,242489,17,,,1,20,,242490,17,,,1,60,,242491,17,,,1,20,,242492,17,,,1,20,,242493,17,,,1,62,,242494,17,,,1,24,,242495,17,,,1,70,,242496,17,,,1,30,,242497,17,,,1,70,,242498,17,,,1,30,,242499,17,,,1,70,,242500,17,,,1,30,,242501,17,,,1,70,,242502,17,,,1,30,,242503,17,,,1,70,,242504,17,,,1,30,,242505,17,,,1,60,,242506,17,,,1,22,,242507,17,,,1,20,,242508,17,,,1,60,,242509,17,,,1,20,,242510,17,,,1,20,,242511,17,,,1,60,,242512,17,,,1,20,,242513,17,,,1,20,,242514,17,,,1,60,,242515,17,,,1,20,,242516,17,,,1,18,,242517,17,,,1,73,,242518,17,,,1,30,,242519,17,,,1,70,,242520,17,,,1,30,,242521,17,,,1,70,,242522,17,,,1,30,,242523,17,,,1,70,,242524,17,,,1
92600,'926-Weekday-2-26-09-1111100',611,,242525,17,,,1,20,,242526,17,,,1,23,,242527,17,,,1,60,,242528,17,,,1,10,,242530,17,,,1,10,,242531,17,,,1,20,,242532,17,,,1,60,,242533,17,,,1,20,,242534,17,,,1,20,,242535,17,,,1,62,,242536,17,,,1,24,,242537,17,,,1,70,,242538,17,,,1,30,,242539,17,,,1,70,,242540,17,,,1,30,,242541,17,,,1,70,,242542,17,,,1,30,,242543,17,,,1,70,,242544,17,,,1,30,,242545,17,,,1,70,,242546,17,,,1,30,,242547,17,,,1,60,,242548,17,,,1,22,,242549,17,,,1,20,,242550,17,,,1,60,,242551,17,,,1,20,,242552,17,,,1,20,,242553,17,,,1,60,,242554,17,,,1,20,,242555,17,,,1,20,,242556,17,,,1,60,,242557,17,,,1,20,,242558,17,,,1,18,,242559,17,,,1,73,,242560,17,,,1,30,,242561,17,,,1,70,,242562,17,,,1,30,,242563,17,,,1,70,,242564,17,,,1,30,,242565,17,,,1,70,,242566,17,,,1
92600,'926-Weekday-4-26-09-1111100',611,,242567,17,,,1,20,,242568,17,,,1,23,,242569,17,,,1,60,,242570,17,,,1,20,,242572,17,,,1,20,,242573,17,,,1,60,,242574,17,,,1,20,,242575,17,,,1,20,,242576,17,,,1,62,,242577,17,,,1,24,,242578,17,,,1,70,,242579,17,,,1,30,,242580,17,,,1,70,,242581,17,,,1,30,,242582,17,,,1,70,,242583,17,,,1,30,,242584,17,,,1,70,,242585,17,,,1,30,,242586,17,,,1,70,,242587,17,,,1,30,,242588,17,,,1,60,,242589,17,,,1,22,,242590,17,,,1,20,,242591,17,,,1,60,,242592,17,,,1,20,,242593,17,,,1,20,,242594,17,,,1,60,,242595,17,,,1,20,,242596,17,,,1,20,,242597,17,,,1,60,,242598,17,,,1,20,,242599,17,,,1,18,,242600,17,,,1,73,,242601,17,,,1,30,,242602,17,,,1,70,,242603,17,,,1,30,,242604,17,,,1,70,,242605,17,,,1,30,,242606,17,,,1,70,,242607,17,,,1
92600,'926-Saturday-1-26-09-0000010',807,,242608,17,,,1,30,,242609,17,,,1,71,,242610,17,,,1,30,,242611,17,,,1,70,,242612,17,,,1,30,,242613,17,,,1,70,,242614,17,,,1,30,,242615,17,,,1,70,,242616,17,,,1,30,,242617,17,,,1,70,,242618,17,,,1,30,,242619,17,,,1,70,,242620,17,,,1,30,,242621,17,,,1,70,,242622,17,,,1,30,,242623,17,,,1,70,,242624,17,,,1,30,,242625,17,,,1,69,,242626,17,,,1,30,,242627,17,,,1,70,,242628,17,,,1,30,,242629,17,,,1,70,,242630,17,,,1
92600,'926-Sunday-1-26-09-0000001',1010,,242631,17,,,1,30,,242632,17,,,1,70,,242633,17,,,1,30,,242634,17,,,1,70,,242635,17,,,1,30,,242636,17,,,1,70,,242637,17,,,1,30,,242638,17,,,1,70,,242639,17,,,1,31,,242640,17,,,1,69,,242641,17,,,1,30,,242642,17,,,1,70,,242643,17,,,1,30,,242644,17,,,1,69,,242645,17,,,1,30,,242646,17,,,1,70,,242647,17,,,1,30,,242648,17,,,1,70,,242649,17,,,1
