91701,'917-Weekday-1-26-04-0001000',1515,,127109,31,,,1
91701,'917-Weekday-1-26-04-1110100',1645,,127110,31,,,1
91701,'917-Weekday-1-26-04-1111100',516,,127111,31,,,1,30,,127112,31,,,1,70,,127150,31,,,1,31,,127152,31,,,1,70,,127151,31,,,1,30,,127113,31,,,1,70,,127146,31,,,1,30,,127114,31,,,1,71,,127115,31,,,1,30,,127116,31,,,1,70,,127117,31,,,1,30,,127118,31,,,1,70,,127119,31,,,1,30,,127120,31,,,1,70,,127121,31,,,1,30,,127122,31,,,1,70,,127123,31,,,1,30,,127124,31,,,1,70,,127125,31,,,1,30,,127126,31,,,1,74,,127127,31,,,1,31,,127149,31,,,1,55,,127128,31,,,1,15,,127129,31,,,1,15,,127130,31,,,1,15,,127147,31,,,1,55,,127131,31,,,1,15,,127132,31,,,1,15,,127133,31,,,1,15,,127148,31,,,1,55,,127134,31,,,1,15,,127135,31,,,1,26,,127136,31,,,1,69,,127137,31,,,1,30,,127138,31,,,1,70,,127139,31,,,1,30,,127140,31,,,1,70,,127141,31,,,1,30,,127142,31,,,1,68,,127143,31,,,1,100,,127144,31,,,1,100,,127145,31,,,1
91701,'917-Weekday-2-26-04-1110100',1645,,148333,31,,,1
91701,'917-Weekday-2-26-04-1111100',516,,148334,31,,,1,30,,148335,31,,,1,70,,148373,31,,,1,31,,148375,31,,,1,70,,148374,31,,,1,30,,148336,31,,,1,70,,148369,31,,,1,30,,148337,31,,,1,71,,148338,31,,,1,30,,148339,31,,,1,70,,148340,31,,,1,30,,148341,31,,,1,70,,148342,31,,,1,30,,148343,31,,,1,70,,148344,31,,,1,30,,148345,31,,,1,70,,148346,31,,,1,30,,148347,31,,,1,70,,148348,31,,,1,30,,148349,31,,,1,74,,148350,31,,,1,31,,148372,31,,,1,55,,148351,31,,,1,15,,148352,31,,,1,15,,148353,31,,,1,15,,148370,31,,,1,55,,148354,31,,,1,15,,148355,31,,,1,15,,148356,31,,,1,15,,148371,31,,,1,55,,148357,31,,,1,15,,148358,31,,,1,26,,148359,31,,,1,69,,148360,31,,,1,30,,148361,31,,,1,70,,148362,31,,,1,30,,148363,31,,,1,70,,148364,31,,,1,30,,148365,31,,,1,68,,148366,31,,,1,100,,148367,31,,,1,100,,148368,31,,,1
91701,'917-Weekday-3-26-04-1111100',516,,148376,31,,,1,30,,148377,31,,,1,70,,148415,31,,,1,31,,148417,31,,,1,70,,148416,31,,,1,30,,148378,31,,,1,70,,148411,31,,,1,30,,148379,31,,,1,71,,148380,31,,,1,30,,148381,31,,,1,70,,148382,31,,,1,30,,148383,31,,,1,70,,148384,31,,,1,30,,148385,31,,,1,70,,148386,31,,,1,30,,148387,31,,,1,70,,148388,31,,,1,30,,148389,31,,,1,70,,148390,31,,,1,30,,148391,31,,,1,74,,148392,31,,,1,31,,148414,31,,,1,55,,148393,31,,,1,15,,148394,31,,,1,15,,148395,31,,,1,15,,148412,31,,,1,55,,148396,31,,,1,15,,148397,31,,,1,15,,148398,31,,,1,15,,148413,31,,,1,55,,148399,31,,,1,15,,148400,31,,,1,26,,148401,31,,,1,69,,148402,31,,,1,30,,148403,31,,,1,70,,148404,31,,,1,30,,148405,31,,,1,70,,148406,31,,,1,30,,148407,31,,,1,68,,148408,31,,,1,100,,148409,31,,,1,100,,148410,31,,,1
91701,'917-Saturday-1-26-04-0000010',640,,127153,31,,,1,100,,127154,31,,,1,70,,127179,31,,,1,30,,127180,31,,,1,72,,127155,31,,,1,31,,127156,31,,,1,70,,127157,31,,,1,30,,127158,31,,,1,70,,127159,31,,,1,30,,127160,31,,,1,70,,127161,31,,,1,30,,127162,31,,,1,70,,127163,31,,,1,30,,127164,31,,,1,70,,127165,31,,,1,30,,127166,31,,,1,70,,127167,31,,,1,30,,127168,31,,,1,70,,127169,31,,,1,30,,127170,31,,,1,70,,127171,31,,,1,30,,127172,31,,,1,70,,127173,31,,,1,30,,127174,31,,,1,70,,127175,31,,,1,100,,127176,31,,,1,100,,127177,31,,,1,100,,127178,31,,,1
91701,'917-Sunday-1-26-04-0000001',637,,127181,31,,,1,100,,127182,31,,,1,100,,127183,31,,,1,103,,127184,31,,,1,103,,127185,31,,,1,70,,127186,31,,,1,30,,127187,31,,,1,70,,127188,31,,,1,30,,127189,31,,,1,70,,127190,31,,,1,30,,127191,31,,,1,70,,127192,31,,,1,30,,127193,31,,,1,70,,127194,31,,,1,30,,127195,31,,,1,70,,127196,31,,,1,30,,127197,31,,,1,69,,127198,31,,,1,31,,127199,31,,,1,70,,127200,31,,,1,30,,127201,31,,,1,70,,127202,31,,,1,30,,127203,31,,,1,100,,127204,31,,,1
24093000,'930X-Weekday-1-26-04-1111100',611,,129689,21,,,1,30,,129690,21,,,1,15,,129691,21,,,1,55,,129694,21,,,1,15,,129692,21,,,1,15,,129693,21,,,1,15,,129688,21,,,1,55,,129695,21,,,1,15,,129686,21,,,1,15,,129687,21,,,1,15,,129696,21,,,1,55,,129697,21,,,1
24093000,'930X-Weekday-2-26-04-1111100',611,,151373,21,,,1,30,,151374,21,,,1,15,,151375,21,,,1,55,,151378,21,,,1,15,,151376,21,,,1,15,,151377,21,,,1,15,,151372,21,,,1,55,,151379,21,,,1,15,,151370,21,,,1,15,,151371,21,,,1,15,,151380,21,,,1,55,,151381,21,,,1
24093000,'930X-Weekday-3-26-04-1111100',611,,151385,21,,,1,30,,151386,21,,,1,15,,151387,21,,,1,55,,151390,21,,,1,15,,151388,21,,,1,15,,151389,21,,,1,15,,151384,21,,,1,55,,151391,21,,,1,15,,151382,21,,,1,15,,151383,21,,,1,15,,151392,21,,,1,55,,151393,21,,,1
