10801,'108-Weekday-1-26-09-0001000',1435,,216574,33,,,1
10801,'108-Weekday-1-26-09-1110100',1531,,216575,33,,,1
10801,'108-Weekday-1-26-09-1111100',600,,216635,33,,,1,20,,216636,33,,,1,20,,216637,33,,,1,62,,216638,33,,,1,22,,216625,33,,,1,10,,216626,33,,,1,10,,216627,33,,,1,10,,216628,33,,,1,50,,216629,33,,,1,10,,216630,33,,,1,10,,216631,33,,,1,10,,216632,33,,,1,10,,216633,33,,,1,10,,216634,33,,,1,56,,216624,33,,,1,18,,216605,33,,,1,17,,216606,33,,,1,60,,216607,33,,,1,20,,216608,33,,,1,20,,216609,33,,,1,60,,216610,33,,,1,20,,216611,33,,,1,20,,216612,33,,,1,60,,216613,33,,,1,20,,216614,33,,,1,20,,216615,33,,,1,60,,216616,33,,,1,20,,216617,33,,,1,20,,216618,33,,,1,60,,216619,33,,,1,20,,216620,33,,,1,20,,216621,33,,,1,61,,216622,33,,,1,22,,216623,33,,,1,10,,216642,33,,,1,11,,216589,33,,,1,10,,216643,33,,,1,50,,216590,33,,,1,10,,216591,33,,,1,10,,216592,33,,,1,10,,216593,33,,,1,10,,216594,33,,,1,10,,216595,33,,,1,50,,216596,33,,,1,10,,216597,33,,,1,10,,216598,33,,,1,10,,216599,33,,,1,10,,216600,33,,,1,10,,216601,33,,,1,50,,216602,33,,,1,10,,216603,33,,,1,15,,216604,33,,,1,15,,216588,33,,,1,58,,216576,33,,,1,20,,216641,33,,,1,21,,216579,33,,,1,60,,216580,33,,,1,20,,216581,33,,,1,20,,216582,33,,,1,60,,216583,33,,,1,19,,216584,33,,,1,20,,216585,33,,,1,59,,216586,33,,,1,19,,216587,33,,,1,19,,216639,33,,,1,70,,216640,33,,,1,30,,216577,33,,,1,70,,216578,33,,,1
10801,'108-Weekday-2-26-09-1110100',1531,,216644,33,,,1
10801,'108-Weekday-2-26-09-1111100',600,,216704,33,,,1,20,,216705,33,,,1,20,,216706,33,,,1,62,,216707,33,,,1,22,,216694,33,,,1,10,,216695,33,,,1,10,,216696,33,,,1,10,,216697,33,,,1,50,,216698,33,,,1,10,,216699,33,,,1,10,,216700,33,,,1,10,,216701,33,,,1,10,,216702,33,,,1,10,,216703,33,,,1,56,,216693,33,,,1,18,,216674,33,,,1,17,,216675,33,,,1,60,,216676,33,,,1,20,,216677,33,,,1,20,,216678,33,,,1,60,,216679,33,,,1,20,,216680,33,,,1,20,,216681,33,,,1,60,,216682,33,,,1,20,,216683,33,,,1,20,,216684,33,,,1,60,,216685,33,,,1,20,,216686,33,,,1,20,,216687,33,,,1,60,,216688,33,,,1,20,,216689,33,,,1,20,,216690,33,,,1,61,,216691,33,,,1,22,,216692,33,,,1,10,,216711,33,,,1,11,,216658,33,,,1,10,,216712,33,,,1,50,,216659,33,,,1,10,,216660,33,,,1,10,,216661,33,,,1,10,,216662,33,,,1,10,,216663,33,,,1,10,,216664,33,,,1,50,,216665,33,,,1,10,,216666,33,,,1,10,,216667,33,,,1,10,,216668,33,,,1,10,,216669,33,,,1,10,,216670,33,,,1,50,,216671,33,,,1,10,,216672,33,,,1,15,,216673,33,,,1,15,,216657,33,,,1,58,,216645,33,,,1,20,,216710,33,,,1,21,,216648,33,,,1,60,,216649,33,,,1,20,,216650,33,,,1,20,,216651,33,,,1,60,,216652,33,,,1,19,,216653,33,,,1,20,,216654,33,,,1,59,,216655,33,,,1,19,,216656,33,,,1,19,,216708,33,,,1,70,,216709,33,,,1,30,,216646,33,,,1,70,,216647,33,,,1
10801,'108-Weekday-4-26-09-1111100',600,,216772,33,,,1,20,,216773,33,,,1,20,,216774,33,,,1,62,,216775,33,,,1,22,,216762,33,,,1,10,,216763,33,,,1,10,,216764,33,,,1,10,,216765,33,,,1,50,,216766,33,,,1,10,,216767,33,,,1,10,,216768,33,,,1,10,,216769,33,,,1,10,,216770,33,,,1,10,,216771,33,,,1,56,,216761,33,,,1,18,,216742,33,,,1,17,,216743,33,,,1,60,,216744,33,,,1,20,,216745,33,,,1,20,,216746,33,,,1,60,,216747,33,,,1,20,,216748,33,,,1,20,,216749,33,,,1,60,,216750,33,,,1,20,,216751,33,,,1,20,,216752,33,,,1,60,,216753,33,,,1,20,,216754,33,,,1,20,,216755,33,,,1,60,,216756,33,,,1,20,,216757,33,,,1,20,,216758,33,,,1,61,,216759,33,,,1,22,,216760,33,,,1,10,,216779,33,,,1,11,,216726,33,,,1,10,,216780,33,,,1,50,,216727,33,,,1,10,,216728,33,,,1,10,,216729,33,,,1,10,,216730,33,,,1,10,,216731,33,,,1,10,,216732,33,,,1,50,,216733,33,,,1,10,,216734,33,,,1,10,,216735,33,,,1,10,,216736,33,,,1,10,,216737,33,,,1,10,,216738,33,,,1,50,,216739,33,,,1,10,,216740,33,,,1,15,,216741,33,,,1,15,,216725,33,,,1,58,,216713,33,,,1,20,,216778,33,,,1,21,,216716,33,,,1,60,,216717,33,,,1,20,,216718,33,,,1,20,,216719,33,,,1,60,,216720,33,,,1,19,,216721,33,,,1,20,,216722,33,,,1,59,,216723,33,,,1,19,,216724,33,,,1,19,,216776,33,,,1,70,,216777,33,,,1,30,,216714,33,,,1,70,,216715,33,,,1
10801,'108-Saturday-1-26-09-0000010',553,,216781,33,,,1,70,,216782,33,,,1,30,,216783,33,,,1,70,,216784,33,,,1,30,,216785,33,,,1,70,,216786,33,,,1,30,,216787,33,,,1,70,,216788,33,,,1,30,,216789,33,,,1,70,,216790,33,,,1,30,,216791,33,,,1,70,,216792,33,,,1,30,,216793,33,,,1,70,,216794,33,,,1,30,,216795,33,,,1,70,,216796,33,,,1,30,,216797,33,,,1,70,,216798,33,,,1,30,,216799,33,,,1,70,,216800,33,,,1,30,,216801,33,,,1,70,,216802,33,,,1,30,,216803,33,,,1,70,,216804,33,,,1,30,,216805,33,,,1,70,,216806,33,,,1,30,,216807,33,,,1,70,,216817,33,,,1,30,,216808,33,,,1,70,,216809,33,,,1,30,,216810,33,,,1,70,,216811,33,,,1,30,,216812,33,,,1,70,,216813,33,,,1,30,,216814,33,,,1,70,,216815,33,,,1,30,,216816,33,,,1
10801,'108-Sunday-1-26-09-0000001',609,,216818,33,,,1,30,,216819,33,,,1,67,,216820,33,,,1,30,,216821,33,,,1,70,,216822,33,,,1,29,,216823,33,,,1,72,,216824,33,,,1,30,,216825,33,,,1,70,,216826,33,,,1,30,,216827,33,,,1,70,,216828,33,,,1,30,,216829,33,,,1,70,,216830,33,,,1,30,,216831,33,,,1,70,,216832,33,,,1,30,,216833,33,,,1,70,,216834,33,,,1,30,,216835,33,,,1,70,,216836,33,,,1,30,,216837,33,,,1,70,,216838,33,,,1,30,,216839,33,,,1,68,,216840,33,,,1,30,,216841,33,,,1,70,,216842,33,,,1,30,,216843,33,,,1,70,,216844,33,,,1,30,,216845,33,,,1,70,,216846,33,,,1,30,,216847,33,,,1,70,,216848,33,,,1,30,,216849,33,,,1,70,,216850,33,,,1,30,,216851,33,,,1,70,,216852,33,,,1,30,,216853,33,,,1,73,,216854,33,,,1
62701,'627-Weekday-1-26-09-1111100',847,,227564,31,,,1
62701,'627-Weekday-3-26-09-1111100',847,,227565,31,,,1
