61400,'614-Weekday-1-26-02-0001000',1237,,9971,,,1,213,,9972,,,1
61400,'614-Weekday-1-26-02-1110100',1535,,9973,,,1,15,,9974,,,1
61400,'614-Weekday-2-26-02-0001000',1237,,61667,,,1,213,,61668,,,1
61400,'614-Weekday-2-26-02-1110100',1535,,61669,,,1,15,,61670,,,1
61400,'614-Weekday-4-26-02-1110100',1550,,61671,,,1
61400,'614-Weekday-5-26-02-0000100',1237,,61672,,,1
61400,'614-Weekday-5-26-02-0001000',1450,,61673,,,1
61400,'614-Weekday-5-26-02-1110100',1550,,61674,,,1
61400,'614-Weekday-5-26-02-1111000',1535,,61675,,,1
61400,'614-Weekday-6-26-02-1110100',1535,,61676,,,1
61400,'614-Weekday-8-26-02-1110100',1535,,61677,,,1
