51200,'512-Weekday-1-26-04-1111100',627,,117968,34,0,19 20,1,31,,117972,34,0,19 20,1,60,,117973,34,0,19 20,1,20,,117969,34,0,19 20,1,20,,117970,34,0,19 20,1,60,,117971,34,0,19 20,1,30,,117974,34,0,19 20,1,70,,117975,34,0,19 20,1,29,,117976,34,0,19 20,1,70,,117977,34,0,19 20,1,30,,117978,34,0,19 20,1,70,,117979,34,0,19 20,1,30,,117980,34,0,19 20,1,70,,117981,34,0,19 20,1,30,,117982,34,0,19 20,1,70,,117983,34,0,19 20,1,30,,117984,34,0,19 20,1,70,,117985,34,0,19 20,1,30,,117986,34,0,19 20,1,72,,117987,34,0,19 20,1,22,,117988,34,0,19 20,1,60,,117989,34,0,19 20,1,20,,117990,34,0,19 20,1,20,,117991,34,0,19 20,1,60,,117992,34,0,19 20,1,20,,117993,34,0,19 20,1,30,,117994,34,0,19 20,1,70,,117995,34,0,19 20,1,27,,117996,34,0,19 20,1,69,,117997,34,0,19 20,1,30,,117998,34,0,19 20,1,70,,117999,34,0,19 20,1,30,,118000,34,0,19 20,1,70,,118001,34,0,19 20,1,30,,118002,34,0,19 20,1,68,,118003,34,0,19 20,1,99,,118004,34,0,19 20,1,100,,118005,34,0,19 20,1
51200,'512-Weekday-2-26-04-1111100',627,,139801,34,0,19 20,1,31,,139805,34,0,19 20,1,60,,139806,34,0,19 20,1,20,,139802,34,0,19 20,1,20,,139803,34,0,19 20,1,60,,139804,34,0,19 20,1,30,,139807,34,0,19 20,1,70,,139808,34,0,19 20,1,29,,139809,34,0,19 20,1,70,,139810,34,0,19 20,1,30,,139811,34,0,19 20,1,70,,139812,34,0,19 20,1,30,,139813,34,0,19 20,1,70,,139814,34,0,19 20,1,30,,139815,34,0,19 20,1,70,,139816,34,0,19 20,1,30,,139817,34,0,19 20,1,70,,139818,34,0,19 20,1,30,,139819,34,0,19 20,1,72,,139820,34,0,19 20,1,22,,139821,34,0,19 20,1,60,,139822,34,0,19 20,1,20,,139823,34,0,19 20,1,20,,139824,34,0,19 20,1,60,,139825,34,0,19 20,1,20,,139826,34,0,19 20,1,30,,139827,34,0,19 20,1,70,,139828,34,0,19 20,1,27,,139829,34,0,19 20,1,69,,139830,34,0,19 20,1,30,,139831,34,0,19 20,1,70,,139832,34,0,19 20,1,30,,139833,34,0,19 20,1,70,,139834,34,0,19 20,1,30,,139835,34,0,19 20,1,68,,139836,34,0,19 20,1,99,,139837,34,0,19 20,1,100,,139838,34,0,19 20,1
51200,'512-Weekday-3-26-04-1111100',627,,139839,34,0,19 20,1,31,,139843,34,0,19 20,1,60,,139844,34,0,19 20,1,20,,139840,34,0,19 20,1,20,,139841,34,0,19 20,1,60,,139842,34,0,19 20,1,30,,139845,34,0,19 20,1,70,,139846,34,0,19 20,1,29,,139847,34,0,19 20,1,70,,139848,34,0,19 20,1,30,,139849,34,0,19 20,1,70,,139850,34,0,19 20,1,30,,139851,34,0,19 20,1,70,,139852,34,0,19 20,1,30,,139853,34,0,19 20,1,70,,139854,34,0,19 20,1,30,,139855,34,0,19 20,1,70,,139856,34,0,19 20,1,30,,139857,34,0,19 20,1,72,,139858,34,0,19 20,1,22,,139859,34,0,19 20,1,60,,139860,34,0,19 20,1,20,,139861,34,0,19 20,1,20,,139862,34,0,19 20,1,60,,139863,34,0,19 20,1,20,,139864,34,0,19 20,1,30,,139865,34,0,19 20,1,70,,139866,34,0,19 20,1,27,,139867,34,0,19 20,1,69,,139868,34,0,19 20,1,30,,139869,34,0,19 20,1,70,,139870,34,0,19 20,1,30,,139871,34,0,19 20,1,70,,139872,34,0,19 20,1,30,,139873,34,0,19 20,1,68,,139874,34,0,19 20,1,99,,139875,34,0,19 20,1,100,,139876,34,0,19 20,1
51200,'512-Saturday-1-26-04-0000010',628,,118006,34,0,19 20,1,100,,118007,34,0,19 20,1,100,,118008,34,0,19 20,1,30,,118009,34,0,19 20,1,73,,118010,34,0,19 20,1,70,,118011,34,0,19 20,1,30,,118012,34,0,19 20,1,70,,118013,34,0,19 20,1,30,,118014,34,0,19 20,1,70,,118015,34,0,19 20,1,30,,118016,34,0,19 20,1,70,,118017,34,0,19 20,1,30,,118018,34,0,19 20,1,70,,118019,34,0,19 20,1,30,,118020,34,0,19 20,1,70,,118021,34,0,19 20,1,30,,118022,34,0,19 20,1,70,,118023,34,0,19 20,1,30,,118024,34,0,19 20,1,69,,118025,34,0,19 20,1,27,,118026,34,0,19 20,1,30,,118027,34,0,19 20,1,70,,118028,34,0,19 20,1,30,,118029,34,0,19 20,1,70,,118030,34,0,19 20,1,100,,118031,34,0,19 20,1,100,,118032,34,0,19 20,1,100,,118033,34,0,19 20,1,100,,118034,34,0,19 20,1,100,,118035,34,0,19 20,1
51200,'512-Sunday-1-26-04-0000001',629,,118036,34,0,19 20,1,85,,118059,34,0,19 20,1,45,,118037,34,0,19 20,1,85,,118038,34,0,19 20,1,88,,118039,34,0,19 20,1,80,,118040,34,0,19 20,1,25,,118065,34,0,19 20,1,70,,118041,34,0,19 20,1,30,,118042,34,0,19 20,1,70,,118043,34,0,19 20,1,30,,118044,34,0,19 20,1,70,,118045,34,0,19 20,1,30,,118046,34,0,19 20,1,70,,118047,34,0,19 20,1,30,,118048,34,0,19 20,1,70,,118049,34,0,19 20,1,30,,118050,34,0,19 20,1,70,,118051,34,0,19 20,1,30,,118052,34,0,19 20,1,68,,118053,34,0,19 20,1,28,,118054,34,0,19 20,1,70,,118055,34,0,19 20,1,30,,118056,34,0,19 20,1,70,,118057,34,0,19 20,1,30,,118058,34,0,19 20,1,100,,118060,34,0,19 20,1,100,,118061,34,0,19 20,1,100,,118062,34,0,19 20,1,100,,118063,34,0,19 20,1,100,,118064,34,0,19 20,1
63800,'638-Weekday-1-26-04-0000100',954,,120445,30,,,1
63800,'638-Weekday-1-26-04-1111000',842,,120446,30,,,1
63800,'638-Weekday-1-26-04-1111100',800,,120447,30,,,1
63800,'638-Weekday-2-26-04-0000100',954,,142052,30,,,1
63800,'638-Weekday-3-26-04-1111100',800,,142053,30,,,1
