50900,'509-Weekday-1-26-02-0001000',1355,,7969,0,5 37 38,1
50900,'509-Weekday-1-26-02-1110100',1509,,7970,0,5 37 38,1
50900,'509-Weekday-1-26-02-1111000',851,,7971,0,5 37 38,1
50900,'509-Weekday-1-26-02-1111100',539,,7972,0,5 37 38,1,70,,7973,0,5 37 38,1,33,,7974,0,5 37 38,1,79,,7975,0,5 37 38,1,31,,7976,0,5 37 38,1,55,,7977,0,5 37 38,1,15,,8012,0,5 37 38,1,15,,7978,0,5 37 38,1,15,,7979,0,5 37 38,1,54,,7980,0,5 37 38,1,17,,7981,0,5 37 38,1,18,,7982,0,5 37 38,1,60,,7983,0,5 37 38,1,20,,7984,0,5 37 38,1,20,,7985,0,5 37 38,1,60,,7986,0,5 37 38,1,20,,7987,0,5 37 38,1,20,,7988,0,5 37 38,1,60,,7989,0,5 37 38,1,20,,7990,0,5 37 38,1,20,,7991,0,5 37 38,1,60,,7992,0,5 37 38,1,20,,7993,0,5 37 38,1,20,,7994,0,5 37 38,1,60,,7995,0,5 37 38,1,20,,7996,0,5 37 38,1,20,,7997,0,5 37 38,1,61,,7998,0,5 37 38,1,22,,7999,0,5 37 38,1,28,,8023,0,5 37 38,1,4,,8013,0,5 37 38,1,55,,8014,0,5 37 38,1,15,,8015,0,5 37 38,1,15,,8016,0,5 37 38,1,15,,8017,0,5 37 38,1,55,,8018,0,5 37 38,1,15,,8019,0,5 37 38,1,15,,8020,0,5 37 38,1,15,,8021,0,5 37 38,1,55,,8022,0,5 37 38,1,22,,8011,0,5 37 38,1,67,,8000,0,5 37 38,1,27,,8001,0,5 37 38,1,30,,8002,0,5 37 38,1,70,,8003,0,5 37 38,1,30,,8004,0,5 37 38,1,70,,8005,0,5 37 38,1,30,,8006,0,5 37 38,1,68,,8007,0,5 37 38,1,83,,8008,0,5 37 38,1,45,,8009,0,5 37 38,1,85,,8010,0,5 37 38,1
50900,'509-Weekday-2-26-02-0001000',1355,,52650,0,5 37 38,1
50900,'509-Weekday-2-26-02-1110100',1509,,52651,0,5 37 38,1
50900,'509-Weekday-2-26-02-1111000',851,,52652,0,5 37 38,1
50900,'509-Weekday-2-26-02-1111100',539,,52653,0,5 37 38,1,70,,52654,0,5 37 38,1,33,,52655,0,5 37 38,1,79,,52656,0,5 37 38,1,31,,52657,0,5 37 38,1,55,,52658,0,5 37 38,1,15,,52693,0,5 37 38,1,15,,52659,0,5 37 38,1,15,,52660,0,5 37 38,1,54,,52661,0,5 37 38,1,17,,52662,0,5 37 38,1,18,,52663,0,5 37 38,1,60,,52664,0,5 37 38,1,20,,52665,0,5 37 38,1,20,,52666,0,5 37 38,1,60,,52667,0,5 37 38,1,20,,52668,0,5 37 38,1,20,,52669,0,5 37 38,1,60,,52670,0,5 37 38,1,20,,52671,0,5 37 38,1,20,,52672,0,5 37 38,1,60,,52673,0,5 37 38,1,20,,52674,0,5 37 38,1,20,,52675,0,5 37 38,1,60,,52676,0,5 37 38,1,20,,52677,0,5 37 38,1,20,,52678,0,5 37 38,1,61,,52679,0,5 37 38,1,22,,52680,0,5 37 38,1,28,,52704,0,5 37 38,1,4,,52694,0,5 37 38,1,55,,52695,0,5 37 38,1,15,,52696,0,5 37 38,1,15,,52697,0,5 37 38,1,15,,52698,0,5 37 38,1,55,,52699,0,5 37 38,1,15,,52700,0,5 37 38,1,15,,52701,0,5 37 38,1,15,,52702,0,5 37 38,1,55,,52703,0,5 37 38,1,22,,52692,0,5 37 38,1,67,,52681,0,5 37 38,1,27,,52682,0,5 37 38,1,30,,52683,0,5 37 38,1,70,,52684,0,5 37 38,1,30,,52685,0,5 37 38,1,70,,52686,0,5 37 38,1,30,,52687,0,5 37 38,1,68,,52688,0,5 37 38,1,83,,52689,0,5 37 38,1,45,,52690,0,5 37 38,1,85,,52691,0,5 37 38,1
50900,'509-Weekday-4-26-02-1111100',539,,52705,0,5 37 38,1,70,,52706,0,5 37 38,1,33,,52707,0,5 37 38,1,79,,52708,0,5 37 38,1,31,,52709,0,5 37 38,1,55,,52710,0,5 37 38,1,15,,52745,0,5 37 38,1,15,,52711,0,5 37 38,1,15,,52712,0,5 37 38,1,54,,52713,0,5 37 38,1,17,,52714,0,5 37 38,1,18,,52715,0,5 37 38,1,60,,52716,0,5 37 38,1,20,,52717,0,5 37 38,1,20,,52718,0,5 37 38,1,60,,52719,0,5 37 38,1,20,,52720,0,5 37 38,1,20,,52721,0,5 37 38,1,60,,52722,0,5 37 38,1,20,,52723,0,5 37 38,1,20,,52724,0,5 37 38,1,60,,52725,0,5 37 38,1,20,,52726,0,5 37 38,1,20,,52727,0,5 37 38,1,60,,52728,0,5 37 38,1,20,,52729,0,5 37 38,1,20,,52730,0,5 37 38,1,61,,52731,0,5 37 38,1,22,,52732,0,5 37 38,1,32,,52746,0,5 37 38,1,55,,52747,0,5 37 38,1,15,,52748,0,5 37 38,1,15,,52749,0,5 37 38,1,15,,52750,0,5 37 38,1,55,,52751,0,5 37 38,1,15,,52752,0,5 37 38,1,15,,52753,0,5 37 38,1,15,,52754,0,5 37 38,1,55,,52755,0,5 37 38,1,22,,52744,0,5 37 38,1,67,,52733,0,5 37 38,1,27,,52734,0,5 37 38,1,30,,52735,0,5 37 38,1,70,,52736,0,5 37 38,1,30,,52737,0,5 37 38,1,70,,52738,0,5 37 38,1,30,,52739,0,5 37 38,1,68,,52740,0,5 37 38,1,83,,52741,0,5 37 38,1,45,,52742,0,5 37 38,1,85,,52743,0,5 37 38,1
50900,'509-Weekday-5-26-02-0001000',1355,,52756,0,5 37 38,1
50900,'509-Weekday-5-26-02-1110100',1509,,52757,0,5 37 38,1
50900,'509-Weekday-5-26-02-1111000',851,,52758,0,5 37 38,1
50900,'509-Weekday-5-26-02-1111100',539,,52759,0,5 37 38,1,70,,52760,0,5 37 38,1,33,,52761,0,5 37 38,1,79,,52762,0,5 37 38,1,31,,52763,0,5 37 38,1,55,,52764,0,5 37 38,1,15,,52799,0,5 37 38,1,15,,52765,0,5 37 38,1,15,,52766,0,5 37 38,1,54,,52767,0,5 37 38,1,17,,52768,0,5 37 38,1,18,,52769,0,5 37 38,1,60,,52770,0,5 37 38,1,20,,52771,0,5 37 38,1,20,,52772,0,5 37 38,1,60,,52773,0,5 37 38,1,20,,52774,0,5 37 38,1,20,,52775,0,5 37 38,1,60,,52776,0,5 37 38,1,20,,52777,0,5 37 38,1,20,,52778,0,5 37 38,1,60,,52779,0,5 37 38,1,20,,52780,0,5 37 38,1,20,,52781,0,5 37 38,1,60,,52782,0,5 37 38,1,20,,52783,0,5 37 38,1,20,,52784,0,5 37 38,1,61,,52785,0,5 37 38,1,22,,52786,0,5 37 38,1,28,,52810,0,5 37 38,1,4,,52800,0,5 37 38,1,55,,52801,0,5 37 38,1,15,,52802,0,5 37 38,1,15,,52803,0,5 37 38,1,15,,52804,0,5 37 38,1,55,,52805,0,5 37 38,1,15,,52806,0,5 37 38,1,15,,52807,0,5 37 38,1,15,,52808,0,5 37 38,1,55,,52809,0,5 37 38,1,22,,52798,0,5 37 38,1,67,,52787,0,5 37 38,1,27,,52788,0,5 37 38,1,30,,52789,0,5 37 38,1,70,,52790,0,5 37 38,1,30,,52791,0,5 37 38,1,70,,52792,0,5 37 38,1,30,,52793,0,5 37 38,1,68,,52794,0,5 37 38,1,83,,52795,0,5 37 38,1,45,,52796,0,5 37 38,1,85,,52797,0,5 37 38,1
50900,'509-Weekday-6-26-02-1111100',539,,52811,0,5 37 38,1,70,,52812,0,5 37 38,1,33,,52813,0,5 37 38,1,79,,52814,0,5 37 38,1,31,,52815,0,5 37 38,1,55,,52816,0,5 37 38,1,15,,52851,0,5 37 38,1,15,,52817,0,5 37 38,1,15,,52818,0,5 37 38,1,54,,52819,0,5 37 38,1,17,,52820,0,5 37 38,1,18,,52821,0,5 37 38,1,60,,52822,0,5 37 38,1,20,,52823,0,5 37 38,1,20,,52824,0,5 37 38,1,60,,52825,0,5 37 38,1,20,,52826,0,5 37 38,1,20,,52827,0,5 37 38,1,60,,52828,0,5 37 38,1,20,,52829,0,5 37 38,1,20,,52830,0,5 37 38,1,60,,52831,0,5 37 38,1,20,,52832,0,5 37 38,1,20,,52833,0,5 37 38,1,60,,52834,0,5 37 38,1,20,,52835,0,5 37 38,1,20,,52836,0,5 37 38,1,61,,52837,0,5 37 38,1,22,,52838,0,5 37 38,1,28,,52862,0,5 37 38,1,4,,52852,0,5 37 38,1,55,,52853,0,5 37 38,1,15,,52854,0,5 37 38,1,15,,52855,0,5 37 38,1,15,,52856,0,5 37 38,1,55,,52857,0,5 37 38,1,15,,52858,0,5 37 38,1,15,,52859,0,5 37 38,1,15,,52860,0,5 37 38,1,55,,52861,0,5 37 38,1,22,,52850,0,5 37 38,1,67,,52839,0,5 37 38,1,27,,52840,0,5 37 38,1,30,,52841,0,5 37 38,1,70,,52842,0,5 37 38,1,30,,52843,0,5 37 38,1,70,,52844,0,5 37 38,1,30,,52845,0,5 37 38,1,68,,52846,0,5 37 38,1,83,,52847,0,5 37 38,1,45,,52848,0,5 37 38,1,85,,52849,0,5 37 38,1
50900,'509-Weekday-7-26-02-1111100',539,,52863,0,5 37 38,1,70,,52864,0,5 37 38,1,33,,52865,0,5 37 38,1,79,,52866,0,5 37 38,1,31,,52867,0,5 37 38,1,55,,52868,0,5 37 38,1,15,,52903,0,5 37 38,1,15,,52869,0,5 37 38,1,15,,52870,0,5 37 38,1,54,,52871,0,5 37 38,1,17,,52872,0,5 37 38,1,18,,52873,0,5 37 38,1,60,,52874,0,5 37 38,1,20,,52875,0,5 37 38,1,20,,52876,0,5 37 38,1,60,,52877,0,5 37 38,1,20,,52878,0,5 37 38,1,20,,52879,0,5 37 38,1,60,,52880,0,5 37 38,1,20,,52881,0,5 37 38,1,20,,52882,0,5 37 38,1,60,,52883,0,5 37 38,1,20,,52884,0,5 37 38,1,20,,52885,0,5 37 38,1,60,,52886,0,5 37 38,1,20,,52887,0,5 37 38,1,20,,52888,0,5 37 38,1,61,,52889,0,5 37 38,1,22,,52890,0,5 37 38,1,32,,52904,0,5 37 38,1,55,,52905,0,5 37 38,1,15,,52906,0,5 37 38,1,15,,52907,0,5 37 38,1,15,,52908,0,5 37 38,1,55,,52909,0,5 37 38,1,15,,52910,0,5 37 38,1,15,,52911,0,5 37 38,1,15,,52912,0,5 37 38,1,55,,52913,0,5 37 38,1,22,,52902,0,5 37 38,1,67,,52891,0,5 37 38,1,27,,52892,0,5 37 38,1,30,,52893,0,5 37 38,1,70,,52894,0,5 37 38,1,30,,52895,0,5 37 38,1,70,,52896,0,5 37 38,1,30,,52897,0,5 37 38,1,68,,52898,0,5 37 38,1,83,,52899,0,5 37 38,1,45,,52900,0,5 37 38,1,85,,52901,0,5 37 38,1
50900,'509-Weekday-8-26-02-1111100',539,,52914,0,5 37 38,1,70,,52915,0,5 37 38,1,33,,52916,0,5 37 38,1,79,,52917,0,5 37 38,1,31,,52918,0,5 37 38,1,55,,52919,0,5 37 38,1,15,,52954,0,5 37 38,1,15,,52920,0,5 37 38,1,15,,52921,0,5 37 38,1,54,,52922,0,5 37 38,1,17,,52923,0,5 37 38,1,18,,52924,0,5 37 38,1,60,,52925,0,5 37 38,1,20,,52926,0,5 37 38,1,20,,52927,0,5 37 38,1,60,,52928,0,5 37 38,1,20,,52929,0,5 37 38,1,20,,52930,0,5 37 38,1,60,,52931,0,5 37 38,1,20,,52932,0,5 37 38,1,20,,52933,0,5 37 38,1,60,,52934,0,5 37 38,1,20,,52935,0,5 37 38,1,20,,52936,0,5 37 38,1,60,,52937,0,5 37 38,1,20,,52938,0,5 37 38,1,20,,52939,0,5 37 38,1,61,,52940,0,5 37 38,1,22,,52941,0,5 37 38,1,28,,52965,0,5 37 38,1,4,,52955,0,5 37 38,1,55,,52956,0,5 37 38,1,15,,52957,0,5 37 38,1,15,,52958,0,5 37 38,1,15,,52959,0,5 37 38,1,55,,52960,0,5 37 38,1,15,,52961,0,5 37 38,1,15,,52962,0,5 37 38,1,15,,52963,0,5 37 38,1,55,,52964,0,5 37 38,1,22,,52953,0,5 37 38,1,67,,52942,0,5 37 38,1,27,,52943,0,5 37 38,1,30,,52944,0,5 37 38,1,70,,52945,0,5 37 38,1,30,,52946,0,5 37 38,1,70,,52947,0,5 37 38,1,30,,52948,0,5 37 38,1,68,,52949,0,5 37 38,1,83,,52950,0,5 37 38,1,45,,52951,0,5 37 38,1,85,,52952,0,5 37 38,1
50900,'509-Weekday-9-26-02-1110100',1509,,52966,0,5 37 38,1
50900,'509-Weekday-9-26-02-1111000',851,,52967,0,5 37 38,1
50900,'509-Weekday-9-26-02-1111100',539,,52968,0,5 37 38,1,70,,52969,0,5 37 38,1,33,,52970,0,5 37 38,1,79,,52971,0,5 37 38,1,31,,52972,0,5 37 38,1,55,,52973,0,5 37 38,1,15,,53008,0,5 37 38,1,15,,52974,0,5 37 38,1,15,,52975,0,5 37 38,1,54,,52976,0,5 37 38,1,17,,52977,0,5 37 38,1,18,,52978,0,5 37 38,1,60,,52979,0,5 37 38,1,20,,52980,0,5 37 38,1,20,,52981,0,5 37 38,1,60,,52982,0,5 37 38,1,20,,52983,0,5 37 38,1,20,,52984,0,5 37 38,1,60,,52985,0,5 37 38,1,20,,52986,0,5 37 38,1,20,,52987,0,5 37 38,1,60,,52988,0,5 37 38,1,20,,52989,0,5 37 38,1,20,,52990,0,5 37 38,1,60,,52991,0,5 37 38,1,20,,52992,0,5 37 38,1,20,,52993,0,5 37 38,1,61,,52994,0,5 37 38,1,22,,52995,0,5 37 38,1,28,,53019,0,5 37 38,1,4,,53009,0,5 37 38,1,55,,53010,0,5 37 38,1,15,,53011,0,5 37 38,1,15,,53012,0,5 37 38,1,15,,53013,0,5 37 38,1,55,,53014,0,5 37 38,1,15,,53015,0,5 37 38,1,15,,53016,0,5 37 38,1,15,,53017,0,5 37 38,1,55,,53018,0,5 37 38,1,22,,53007,0,5 37 38,1,67,,52996,0,5 37 38,1,27,,52997,0,5 37 38,1,30,,52998,0,5 37 38,1,70,,52999,0,5 37 38,1,30,,53000,0,5 37 38,1,70,,53001,0,5 37 38,1,30,,53002,0,5 37 38,1,68,,53003,0,5 37 38,1,83,,53004,0,5 37 38,1,45,,53005,0,5 37 38,1,85,,53006,0,5 37 38,1
50900,'509-Saturday-1-26-02-0000010',703,,8024,0,5 37 38,1,45,,8025,0,5 37 38,1,76,,8026,0,5 37 38,1,30,,8027,0,5 37 38,1,72,,8028,0,5 37 38,1,31,,8029,0,5 37 38,1,70,,8030,0,5 37 38,1,30,,8031,0,5 37 38,1,70,,8032,0,5 37 38,1,30,,8033,0,5 37 38,1,70,,8034,0,5 37 38,1,30,,8035,0,5 37 38,1,70,,8036,0,5 37 38,1,30,,8037,0,5 37 38,1,70,,8038,0,5 37 38,1,30,,8039,0,5 37 38,1,70,,8040,0,5 37 38,1,30,,8041,0,5 37 38,1,70,,8042,0,5 37 38,1,30,,8043,0,5 37 38,1,68,,8044,0,5 37 38,1,29,,8045,0,5 37 38,1,70,,8046,0,5 37 38,1,30,,8047,0,5 37 38,1,70,,8048,0,5 37 38,1,30,,8049,0,5 37 38,1,92,,8050,0,5 37 38,1,85,,8051,0,5 37 38,1,85,,8052,0,5 37 38,1,85,,8053,0,5 37 38,1,45,,8054,0,5 37 38,1,85,,8055,0,5 37 38,1,85,,8056,0,5 37 38,1
50900,'509-Sunday-1-26-02-0000001',632,,53020,0,5 37 38,1,83,,53021,0,5 37 38,1,44,,53022,0,5 37 38,1,84,,53023,0,5 37 38,1,89,,53024,0,5 37 38,1,85,,53025,0,5 37 38,1,37,,53050,0,5 37 38,1,70,,53026,0,5 37 38,1,30,,53027,0,5 37 38,1,70,,53028,0,5 37 38,1,30,,53029,0,5 37 38,1,70,,53030,0,5 37 38,1,30,,53031,0,5 37 38,1,70,,53032,0,5 37 38,1,30,,53033,0,5 37 38,1,70,,53034,0,5 37 38,1,30,,53035,0,5 37 38,1,70,,53036,0,5 37 38,1,30,,53037,0,5 37 38,1,68,,53038,0,5 37 38,1,29,,53039,0,5 37 38,1,70,,53040,0,5 37 38,1,30,,53041,0,5 37 38,1,70,,53042,0,5 37 38,1,26,,53044,0,5 37 38,1,79,,53045,0,5 37 38,1,85,,53046,0,5 37 38,1,45,,53043,0,5 37 38,1,85,,53047,0,5 37 38,1,85,,53048,0,5 37 38,1,85,,53049,0,5 37 38,1
50901,'509-Weekday-1-26-02-1111000',844,,8057,0,12 37 38,1
50901,'509-Weekday-1-26-02-1111100',557,,8059,0,12 37 38,1,70,,8060,0,12 37 38,1,78,,8061,0,12 37 38,1,25,,8109,0,12 37 38,1,15,,8110,0,12 37 38,1,55,,8062,0,12 37 38,1,15,,8063,0,12 37 38,1,15,,8104,0,12 37 38,1,15,,8064,0,12 37 38,1,55,,8065,0,12 37 38,1,14,,8103,0,12 37 38,1,17,,8066,0,12 37 38,1,19,,8067,0,12 37 38,1,60,,8068,0,12 37 38,1,20,,8069,0,12 37 38,1,20,,8070,0,12 37 38,1,60,,8071,0,12 37 38,1,20,,8072,0,12 37 38,1,20,,8073,0,12 37 38,1,60,,8074,0,12 37 38,1,20,,8075,0,12 37 38,1,20,,8076,0,12 37 38,1,60,,8077,0,12 37 38,1,20,,8078,0,12 37 38,1,20,,8079,0,12 37 38,1,60,,8080,0,12 37 38,1,20,,8081,0,12 37 38,1,20,,8082,0,12 37 38,1,61,,8083,0,12 37 38,1,23,,8084,0,12 37 38,1,14,,8105,0,12 37 38,1,3,,8108,0,12 37 38,1,52,,8085,0,12 37 38,1,15,,8086,0,12 37 38,1,15,,8087,0,12 37 38,1,15,,8106,0,12 37 38,1,55,,8088,0,12 37 38,1,15,,8089,0,12 37 38,1,15,,8090,0,12 37 38,1,15,,8107,0,12 37 38,1,55,,8091,0,12 37 38,1,15,,8092,0,12 37 38,1,29,,8093,0,12 37 38,1,66,,8094,0,12 37 38,1,30,,8095,0,12 37 38,1,70,,8096,0,12 37 38,1,30,,8097,0,12 37 38,1,70,,8098,0,12 37 38,1,30,,8099,0,12 37 38,1,67,,8100,0,12 37 38,1,34,,8101,0,12 37 38,1,85,,8102,0,12 37 38,1,85,,8058,0,12 37 38,1
50901,'509-Weekday-2-26-02-1111000',844,,53051,0,12 37 38,1
50901,'509-Weekday-2-26-02-1111100',557,,53053,0,12 37 38,1,70,,53054,0,12 37 38,1,78,,53055,0,12 37 38,1,25,,53103,0,12 37 38,1,15,,53104,0,12 37 38,1,55,,53056,0,12 37 38,1,15,,53057,0,12 37 38,1,15,,53098,0,12 37 38,1,15,,53058,0,12 37 38,1,55,,53059,0,12 37 38,1,14,,53097,0,12 37 38,1,17,,53060,0,12 37 38,1,19,,53061,0,12 37 38,1,60,,53062,0,12 37 38,1,20,,53063,0,12 37 38,1,20,,53064,0,12 37 38,1,60,,53065,0,12 37 38,1,20,,53066,0,12 37 38,1,20,,53067,0,12 37 38,1,60,,53068,0,12 37 38,1,20,,53069,0,12 37 38,1,20,,53070,0,12 37 38,1,60,,53071,0,12 37 38,1,20,,53072,0,12 37 38,1,20,,53073,0,12 37 38,1,60,,53074,0,12 37 38,1,20,,53075,0,12 37 38,1,20,,53076,0,12 37 38,1,61,,53077,0,12 37 38,1,23,,53078,0,12 37 38,1,14,,53099,0,12 37 38,1,3,,53102,0,12 37 38,1,52,,53079,0,12 37 38,1,15,,53080,0,12 37 38,1,15,,53081,0,12 37 38,1,15,,53100,0,12 37 38,1,55,,53082,0,12 37 38,1,15,,53083,0,12 37 38,1,15,,53084,0,12 37 38,1,15,,53101,0,12 37 38,1,55,,53085,0,12 37 38,1,15,,53086,0,12 37 38,1,29,,53087,0,12 37 38,1,66,,53088,0,12 37 38,1,30,,53089,0,12 37 38,1,70,,53090,0,12 37 38,1,30,,53091,0,12 37 38,1,70,,53092,0,12 37 38,1,30,,53093,0,12 37 38,1,67,,53094,0,12 37 38,1,34,,53095,0,12 37 38,1,85,,53096,0,12 37 38,1,85,,53052,0,12 37 38,1
50901,'509-Weekday-4-26-02-1111100',557,,53106,0,12 37 38,1,70,,53107,0,12 37 38,1,78,,53108,0,12 37 38,1,25,,53155,0,12 37 38,1,15,,53156,0,12 37 38,1,55,,53109,0,12 37 38,1,15,,53110,0,12 37 38,1,15,,53151,0,12 37 38,1,15,,53111,0,12 37 38,1,55,,53112,0,12 37 38,1,14,,53150,0,12 37 38,1,17,,53113,0,12 37 38,1,19,,53114,0,12 37 38,1,60,,53115,0,12 37 38,1,20,,53116,0,12 37 38,1,20,,53117,0,12 37 38,1,60,,53118,0,12 37 38,1,20,,53119,0,12 37 38,1,20,,53120,0,12 37 38,1,60,,53121,0,12 37 38,1,20,,53122,0,12 37 38,1,20,,53123,0,12 37 38,1,60,,53124,0,12 37 38,1,20,,53125,0,12 37 38,1,20,,53126,0,12 37 38,1,60,,53127,0,12 37 38,1,20,,53128,0,12 37 38,1,20,,53129,0,12 37 38,1,61,,53130,0,12 37 38,1,23,,53131,0,12 37 38,1,14,,53152,0,12 37 38,1,55,,53132,0,12 37 38,1,15,,53133,0,12 37 38,1,15,,53134,0,12 37 38,1,15,,53153,0,12 37 38,1,55,,53135,0,12 37 38,1,15,,53136,0,12 37 38,1,15,,53137,0,12 37 38,1,15,,53154,0,12 37 38,1,55,,53138,0,12 37 38,1,15,,53139,0,12 37 38,1,29,,53140,0,12 37 38,1,66,,53141,0,12 37 38,1,30,,53142,0,12 37 38,1,70,,53143,0,12 37 38,1,30,,53144,0,12 37 38,1,70,,53145,0,12 37 38,1,30,,53146,0,12 37 38,1,67,,53147,0,12 37 38,1,34,,53148,0,12 37 38,1,85,,53149,0,12 37 38,1,85,,53105,0,12 37 38,1
50901,'509-Weekday-5-26-02-1111000',844,,53157,0,12 37 38,1
50901,'509-Weekday-5-26-02-1111100',557,,53159,0,12 37 38,1,70,,53160,0,12 37 38,1,78,,53161,0,12 37 38,1,25,,53209,0,12 37 38,1,15,,53210,0,12 37 38,1,55,,53162,0,12 37 38,1,15,,53163,0,12 37 38,1,15,,53204,0,12 37 38,1,15,,53164,0,12 37 38,1,55,,53165,0,12 37 38,1,14,,53203,0,12 37 38,1,17,,53166,0,12 37 38,1,19,,53167,0,12 37 38,1,60,,53168,0,12 37 38,1,20,,53169,0,12 37 38,1,20,,53170,0,12 37 38,1,60,,53171,0,12 37 38,1,20,,53172,0,12 37 38,1,20,,53173,0,12 37 38,1,60,,53174,0,12 37 38,1,20,,53175,0,12 37 38,1,20,,53176,0,12 37 38,1,60,,53177,0,12 37 38,1,20,,53178,0,12 37 38,1,20,,53179,0,12 37 38,1,60,,53180,0,12 37 38,1,20,,53181,0,12 37 38,1,20,,53182,0,12 37 38,1,61,,53183,0,12 37 38,1,23,,53184,0,12 37 38,1,14,,53205,0,12 37 38,1,3,,53208,0,12 37 38,1,52,,53185,0,12 37 38,1,15,,53186,0,12 37 38,1,15,,53187,0,12 37 38,1,15,,53206,0,12 37 38,1,55,,53188,0,12 37 38,1,15,,53189,0,12 37 38,1,15,,53190,0,12 37 38,1,15,,53207,0,12 37 38,1,55,,53191,0,12 37 38,1,15,,53192,0,12 37 38,1,29,,53193,0,12 37 38,1,66,,53194,0,12 37 38,1,30,,53195,0,12 37 38,1,70,,53196,0,12 37 38,1,30,,53197,0,12 37 38,1,70,,53198,0,12 37 38,1,30,,53199,0,12 37 38,1,67,,53200,0,12 37 38,1,34,,53201,0,12 37 38,1,85,,53202,0,12 37 38,1,85,,53158,0,12 37 38,1
50901,'509-Weekday-6-26-02-1111100',557,,53212,0,12 37 38,1,70,,53213,0,12 37 38,1,78,,53214,0,12 37 38,1,25,,53262,0,12 37 38,1,15,,53263,0,12 37 38,1,55,,53215,0,12 37 38,1,15,,53216,0,12 37 38,1,15,,53257,0,12 37 38,1,15,,53217,0,12 37 38,1,55,,53218,0,12 37 38,1,14,,53256,0,12 37 38,1,17,,53219,0,12 37 38,1,19,,53220,0,12 37 38,1,60,,53221,0,12 37 38,1,20,,53222,0,12 37 38,1,20,,53223,0,12 37 38,1,60,,53224,0,12 37 38,1,20,,53225,0,12 37 38,1,20,,53226,0,12 37 38,1,60,,53227,0,12 37 38,1,20,,53228,0,12 37 38,1,20,,53229,0,12 37 38,1,60,,53230,0,12 37 38,1,20,,53231,0,12 37 38,1,20,,53232,0,12 37 38,1,60,,53233,0,12 37 38,1,20,,53234,0,12 37 38,1,20,,53235,0,12 37 38,1,61,,53236,0,12 37 38,1,23,,53237,0,12 37 38,1,14,,53258,0,12 37 38,1,3,,53261,0,12 37 38,1,52,,53238,0,12 37 38,1,15,,53239,0,12 37 38,1,15,,53240,0,12 37 38,1,15,,53259,0,12 37 38,1,55,,53241,0,12 37 38,1,15,,53242,0,12 37 38,1,15,,53243,0,12 37 38,1,15,,53260,0,12 37 38,1,55,,53244,0,12 37 38,1,15,,53245,0,12 37 38,1,29,,53246,0,12 37 38,1,66,,53247,0,12 37 38,1,30,,53248,0,12 37 38,1,70,,53249,0,12 37 38,1,30,,53250,0,12 37 38,1,70,,53251,0,12 37 38,1,30,,53252,0,12 37 38,1,67,,53253,0,12 37 38,1,34,,53254,0,12 37 38,1,85,,53255,0,12 37 38,1,85,,53211,0,12 37 38,1
50901,'509-Weekday-7-26-02-1111100',557,,53265,0,12 37 38,1,70,,53266,0,12 37 38,1,78,,53267,0,12 37 38,1,25,,53314,0,12 37 38,1,15,,53315,0,12 37 38,1,55,,53268,0,12 37 38,1,15,,53269,0,12 37 38,1,15,,53310,0,12 37 38,1,15,,53270,0,12 37 38,1,55,,53271,0,12 37 38,1,14,,53309,0,12 37 38,1,17,,53272,0,12 37 38,1,19,,53273,0,12 37 38,1,60,,53274,0,12 37 38,1,20,,53275,0,12 37 38,1,20,,53276,0,12 37 38,1,60,,53277,0,12 37 38,1,20,,53278,0,12 37 38,1,20,,53279,0,12 37 38,1,60,,53280,0,12 37 38,1,20,,53281,0,12 37 38,1,20,,53282,0,12 37 38,1,60,,53283,0,12 37 38,1,20,,53284,0,12 37 38,1,20,,53285,0,12 37 38,1,60,,53286,0,12 37 38,1,20,,53287,0,12 37 38,1,20,,53288,0,12 37 38,1,61,,53289,0,12 37 38,1,23,,53290,0,12 37 38,1,14,,53311,0,12 37 38,1,55,,53291,0,12 37 38,1,15,,53292,0,12 37 38,1,15,,53293,0,12 37 38,1,15,,53312,0,12 37 38,1,55,,53294,0,12 37 38,1,15,,53295,0,12 37 38,1,15,,53296,0,12 37 38,1,15,,53313,0,12 37 38,1,55,,53297,0,12 37 38,1,15,,53298,0,12 37 38,1,29,,53299,0,12 37 38,1,66,,53300,0,12 37 38,1,30,,53301,0,12 37 38,1,70,,53302,0,12 37 38,1,30,,53303,0,12 37 38,1,70,,53304,0,12 37 38,1,30,,53305,0,12 37 38,1,67,,53306,0,12 37 38,1,34,,53307,0,12 37 38,1,85,,53308,0,12 37 38,1,85,,53264,0,12 37 38,1
50901,'509-Weekday-8-26-02-1111100',557,,53317,0,12 37 38,1,70,,53318,0,12 37 38,1,78,,53319,0,12 37 38,1,25,,53367,0,12 37 38,1,15,,53368,0,12 37 38,1,55,,53320,0,12 37 38,1,15,,53321,0,12 37 38,1,15,,53362,0,12 37 38,1,15,,53322,0,12 37 38,1,55,,53323,0,12 37 38,1,14,,53361,0,12 37 38,1,17,,53324,0,12 37 38,1,19,,53325,0,12 37 38,1,60,,53326,0,12 37 38,1,20,,53327,0,12 37 38,1,20,,53328,0,12 37 38,1,60,,53329,0,12 37 38,1,20,,53330,0,12 37 38,1,20,,53331,0,12 37 38,1,60,,53332,0,12 37 38,1,20,,53333,0,12 37 38,1,20,,53334,0,12 37 38,1,60,,53335,0,12 37 38,1,20,,53336,0,12 37 38,1,20,,53337,0,12 37 38,1,60,,53338,0,12 37 38,1,20,,53339,0,12 37 38,1,20,,53340,0,12 37 38,1,61,,53341,0,12 37 38,1,23,,53342,0,12 37 38,1,14,,53363,0,12 37 38,1,3,,53366,0,12 37 38,1,52,,53343,0,12 37 38,1,15,,53344,0,12 37 38,1,15,,53345,0,12 37 38,1,15,,53364,0,12 37 38,1,55,,53346,0,12 37 38,1,15,,53347,0,12 37 38,1,15,,53348,0,12 37 38,1,15,,53365,0,12 37 38,1,55,,53349,0,12 37 38,1,15,,53350,0,12 37 38,1,29,,53351,0,12 37 38,1,66,,53352,0,12 37 38,1,30,,53353,0,12 37 38,1,70,,53354,0,12 37 38,1,30,,53355,0,12 37 38,1,70,,53356,0,12 37 38,1,30,,53357,0,12 37 38,1,67,,53358,0,12 37 38,1,34,,53359,0,12 37 38,1,85,,53360,0,12 37 38,1,85,,53316,0,12 37 38,1
50901,'509-Weekday-9-26-02-1111000',844,,53369,0,12 37 38,1
50901,'509-Weekday-9-26-02-1111100',557,,53371,0,12 37 38,1,70,,53372,0,12 37 38,1,78,,53373,0,12 37 38,1,25,,53420,0,12 37 38,1,15,,53421,0,12 37 38,1,55,,53374,0,12 37 38,1,15,,53375,0,12 37 38,1,15,,53416,0,12 37 38,1,15,,53376,0,12 37 38,1,55,,53377,0,12 37 38,1,14,,53415,0,12 37 38,1,17,,53378,0,12 37 38,1,19,,53379,0,12 37 38,1,60,,53380,0,12 37 38,1,20,,53381,0,12 37 38,1,20,,53382,0,12 37 38,1,60,,53383,0,12 37 38,1,20,,53384,0,12 37 38,1,20,,53385,0,12 37 38,1,60,,53386,0,12 37 38,1,20,,53387,0,12 37 38,1,20,,53388,0,12 37 38,1,60,,53389,0,12 37 38,1,20,,53390,0,12 37 38,1,20,,53391,0,12 37 38,1,60,,53392,0,12 37 38,1,20,,53393,0,12 37 38,1,20,,53394,0,12 37 38,1,61,,53395,0,12 37 38,1,23,,53396,0,12 37 38,1,14,,53417,0,12 37 38,1,55,,53397,0,12 37 38,1,15,,53398,0,12 37 38,1,15,,53399,0,12 37 38,1,15,,53418,0,12 37 38,1,55,,53400,0,12 37 38,1,15,,53401,0,12 37 38,1,15,,53402,0,12 37 38,1,15,,53419,0,12 37 38,1,55,,53403,0,12 37 38,1,15,,53404,0,12 37 38,1,29,,53405,0,12 37 38,1,66,,53406,0,12 37 38,1,30,,53407,0,12 37 38,1,70,,53408,0,12 37 38,1,30,,53409,0,12 37 38,1,70,,53410,0,12 37 38,1,30,,53411,0,12 37 38,1,67,,53412,0,12 37 38,1,34,,53413,0,12 37 38,1,85,,53414,0,12 37 38,1,85,,53370,0,12 37 38,1
50901,'509-Saturday-1-26-02-0000010',642,,8111,0,12 37 38,1,85,,8112,0,12 37 38,1,82,,8113,0,12 37 38,1,29,,8114,0,12 37 38,1,73,,8115,0,12 37 38,1,31,,8116,0,12 37 38,1,70,,8117,0,12 37 38,1,30,,8118,0,12 37 38,1,70,,8119,0,12 37 38,1,30,,8120,0,12 37 38,1,70,,8121,0,12 37 38,1,30,,8122,0,12 37 38,1,70,,8123,0,12 37 38,1,30,,8124,0,12 37 38,1,70,,8125,0,12 37 38,1,30,,8126,0,12 37 38,1,70,,8127,0,12 37 38,1,30,,8128,0,12 37 38,1,70,,8129,0,12 37 38,1,30,,8130,0,12 37 38,1,68,,8132,0,12 37 38,1,30,,8133,0,12 37 38,1,70,,8134,0,12 37 38,1,30,,8131,0,12 37 38,1,70,,8135,0,12 37 38,1,30,,8136,0,12 37 38,1,85,,8137,0,12 37 38,1,85,,8138,0,12 37 38,1,45,,8139,0,12 37 38,1,85,,8140,0,12 37 38,1,85,,8141,0,12 37 38,1,85,,8142,0,12 37 38,1,40,,8143,0,12 37 38,1
50901,'509-Sunday-1-26-02-0000001',654,,53422,0,12 37 38,1,84,,53423,0,12 37 38,1,84,,53424,0,12 37 38,1,86,,53425,0,12 37 38,1,46,,53426,0,12 37 38,1,83,,53427,0,12 37 38,1,70,,53428,0,12 37 38,1,31,,53429,0,12 37 38,1,70,,53430,0,12 37 38,1,30,,53431,0,12 37 38,1,70,,53432,0,12 37 38,1,30,,53433,0,12 37 38,1,70,,53434,0,12 37 38,1,30,,53435,0,12 37 38,1,70,,53436,0,12 37 38,1,30,,53437,0,12 37 38,1,70,,53439,0,12 37 38,1,30,,53440,0,12 37 38,1,69,,53441,0,12 37 38,1,30,,53438,0,12 37 38,1,69,,53442,0,12 37 38,1,29,,53443,0,12 37 38,1,69,,53444,0,12 37 38,1,34,,53445,0,12 37 38,1,70,,53446,0,12 37 38,1,40,,53447,0,12 37 38,1,85,,53448,0,12 37 38,1,85,,53449,0,12 37 38,1,85,,53450,0,12 37 38,1,45,,53451,0,12 37 38,1
51301,'513-Weekday-1-26-02-1111100',549,,8229,0,37 38,1,70,,8230,0,37 38,1,33,,8231,0,37 38,1,70,,8232,0,37 38,1,20,,8233,0,37 38,1,60,,8234,0,37 38,1,20,,8235,0,37 38,1,20,,8236,0,37 38,1,69,,8237,0,37 38,1,29,,8238,0,37 38,1,70,,8239,0,37 38,1,30,,8240,0,37 38,1,70,,8241,0,37 38,1,30,,8242,0,37 38,1,70,,8243,0,37 38,1,30,,8244,0,37 38,1,70,,8245,0,37 38,1,30,,8246,0,37 38,1,70,,8247,0,37 38,1,30,,8248,0,37 38,1,71,,8249,0,37 38,1,21,,8250,0,37 38,1,20,,8251,0,37 38,1,60,,8252,0,37 38,1,20,,8253,0,37 38,1,20,,8254,0,37 38,1,60,,8255,0,37 38,1,30,,8256,0,37 38,1,70,,8257,0,37 38,1,28,,8258,0,37 38,1,69,,8259,0,37 38,1,30,,8260,0,37 38,1,70,,8261,0,37 38,1,30,,8262,0,37 38,1,70,,8263,0,37 38,1,30,,8264,0,37 38,1,70,,8265,0,37 38,1
51301,'513-Weekday-2-26-02-1111100',549,,53819,0,37 38,1,70,,53820,0,37 38,1,33,,53821,0,37 38,1,70,,53822,0,37 38,1,20,,53823,0,37 38,1,60,,53824,0,37 38,1,20,,53825,0,37 38,1,20,,53826,0,37 38,1,69,,53827,0,37 38,1,29,,53828,0,37 38,1,70,,53829,0,37 38,1,30,,53830,0,37 38,1,70,,53831,0,37 38,1,30,,53832,0,37 38,1,70,,53833,0,37 38,1,30,,53834,0,37 38,1,70,,53835,0,37 38,1,30,,53836,0,37 38,1,70,,53837,0,37 38,1,30,,53838,0,37 38,1,71,,53839,0,37 38,1,21,,53840,0,37 38,1,20,,53841,0,37 38,1,60,,53842,0,37 38,1,20,,53843,0,37 38,1,20,,53844,0,37 38,1,60,,53845,0,37 38,1,30,,53846,0,37 38,1,70,,53847,0,37 38,1,28,,53848,0,37 38,1,69,,53849,0,37 38,1,30,,53850,0,37 38,1,70,,53851,0,37 38,1,30,,53852,0,37 38,1,70,,53853,0,37 38,1,30,,53854,0,37 38,1,70,,53855,0,37 38,1
51301,'513-Weekday-4-26-02-1111100',549,,53856,0,37 38,1,70,,53857,0,37 38,1,33,,53858,0,37 38,1,70,,53859,0,37 38,1,20,,53860,0,37 38,1,60,,53861,0,37 38,1,20,,53862,0,37 38,1,20,,53863,0,37 38,1,69,,53864,0,37 38,1,29,,53865,0,37 38,1,70,,53866,0,37 38,1,30,,53867,0,37 38,1,70,,53868,0,37 38,1,30,,53869,0,37 38,1,70,,53870,0,37 38,1,30,,53871,0,37 38,1,70,,53872,0,37 38,1,30,,53873,0,37 38,1,70,,53874,0,37 38,1,30,,53875,0,37 38,1,71,,53876,0,37 38,1,21,,53877,0,37 38,1,20,,53878,0,37 38,1,60,,53879,0,37 38,1,20,,53880,0,37 38,1,20,,53881,0,37 38,1,60,,53882,0,37 38,1,30,,53883,0,37 38,1,70,,53884,0,37 38,1,28,,53885,0,37 38,1,69,,53886,0,37 38,1,30,,53887,0,37 38,1,70,,53888,0,37 38,1,30,,53889,0,37 38,1,70,,53890,0,37 38,1,30,,53891,0,37 38,1,70,,53892,0,37 38,1
51301,'513-Weekday-5-26-02-1111100',549,,53893,0,37 38,1,70,,53894,0,37 38,1,33,,53895,0,37 38,1,70,,53896,0,37 38,1,20,,53897,0,37 38,1,60,,53898,0,37 38,1,20,,53899,0,37 38,1,20,,53900,0,37 38,1,69,,53901,0,37 38,1,29,,53902,0,37 38,1,70,,53903,0,37 38,1,30,,53904,0,37 38,1,70,,53905,0,37 38,1,30,,53906,0,37 38,1,70,,53907,0,37 38,1,30,,53908,0,37 38,1,70,,53909,0,37 38,1,30,,53910,0,37 38,1,70,,53911,0,37 38,1,30,,53912,0,37 38,1,71,,53913,0,37 38,1,21,,53914,0,37 38,1,20,,53915,0,37 38,1,60,,53916,0,37 38,1,20,,53917,0,37 38,1,20,,53918,0,37 38,1,60,,53919,0,37 38,1,30,,53920,0,37 38,1,70,,53921,0,37 38,1,28,,53922,0,37 38,1,69,,53923,0,37 38,1,30,,53924,0,37 38,1,70,,53925,0,37 38,1,30,,53926,0,37 38,1,70,,53927,0,37 38,1,30,,53928,0,37 38,1,70,,53929,0,37 38,1
51301,'513-Weekday-6-26-02-1111100',549,,53930,0,37 38,1,70,,53931,0,37 38,1,33,,53932,0,37 38,1,70,,53933,0,37 38,1,20,,53934,0,37 38,1,60,,53935,0,37 38,1,20,,53936,0,37 38,1,20,,53937,0,37 38,1,69,,53938,0,37 38,1,29,,53939,0,37 38,1,70,,53940,0,37 38,1,30,,53941,0,37 38,1,70,,53942,0,37 38,1,30,,53943,0,37 38,1,70,,53944,0,37 38,1,30,,53945,0,37 38,1,70,,53946,0,37 38,1,30,,53947,0,37 38,1,70,,53948,0,37 38,1,30,,53949,0,37 38,1,71,,53950,0,37 38,1,21,,53951,0,37 38,1,20,,53952,0,37 38,1,60,,53953,0,37 38,1,20,,53954,0,37 38,1,20,,53955,0,37 38,1,60,,53956,0,37 38,1,30,,53957,0,37 38,1,70,,53958,0,37 38,1,28,,53959,0,37 38,1,69,,53960,0,37 38,1,30,,53961,0,37 38,1,70,,53962,0,37 38,1,30,,53963,0,37 38,1,70,,53964,0,37 38,1,30,,53965,0,37 38,1,70,,53966,0,37 38,1
51301,'513-Weekday-7-26-02-1111100',549,,53967,0,37 38,1,70,,53968,0,37 38,1,33,,53969,0,37 38,1,70,,53970,0,37 38,1,20,,53971,0,37 38,1,60,,53972,0,37 38,1,20,,53973,0,37 38,1,20,,53974,0,37 38,1,69,,53975,0,37 38,1,29,,53976,0,37 38,1,70,,53977,0,37 38,1,30,,53978,0,37 38,1,70,,53979,0,37 38,1,30,,53980,0,37 38,1,70,,53981,0,37 38,1,30,,53982,0,37 38,1,70,,53983,0,37 38,1,30,,53984,0,37 38,1,70,,53985,0,37 38,1,30,,53986,0,37 38,1,71,,53987,0,37 38,1,21,,53988,0,37 38,1,20,,53989,0,37 38,1,60,,53990,0,37 38,1,20,,53991,0,37 38,1,20,,53992,0,37 38,1,60,,53993,0,37 38,1,30,,53994,0,37 38,1,70,,53995,0,37 38,1,28,,53996,0,37 38,1,69,,53997,0,37 38,1,30,,53998,0,37 38,1,70,,53999,0,37 38,1,30,,54000,0,37 38,1,70,,54001,0,37 38,1,30,,54002,0,37 38,1,70,,54003,0,37 38,1
51301,'513-Weekday-8-26-02-1111100',549,,54004,0,37 38,1,70,,54005,0,37 38,1,33,,54006,0,37 38,1,70,,54007,0,37 38,1,20,,54008,0,37 38,1,60,,54009,0,37 38,1,20,,54010,0,37 38,1,20,,54011,0,37 38,1,69,,54012,0,37 38,1,29,,54013,0,37 38,1,70,,54014,0,37 38,1,30,,54015,0,37 38,1,70,,54016,0,37 38,1,30,,54017,0,37 38,1,70,,54018,0,37 38,1,30,,54019,0,37 38,1,70,,54020,0,37 38,1,30,,54021,0,37 38,1,70,,54022,0,37 38,1,30,,54023,0,37 38,1,71,,54024,0,37 38,1,21,,54025,0,37 38,1,20,,54026,0,37 38,1,60,,54027,0,37 38,1,20,,54028,0,37 38,1,20,,54029,0,37 38,1,60,,54030,0,37 38,1,30,,54031,0,37 38,1,70,,54032,0,37 38,1,28,,54033,0,37 38,1,69,,54034,0,37 38,1,30,,54035,0,37 38,1,70,,54036,0,37 38,1,30,,54037,0,37 38,1,70,,54038,0,37 38,1,30,,54039,0,37 38,1,70,,54040,0,37 38,1
51301,'513-Weekday-9-26-02-1111100',549,,54041,0,37 38,1,70,,54042,0,37 38,1,33,,54043,0,37 38,1,70,,54044,0,37 38,1,20,,54045,0,37 38,1,60,,54046,0,37 38,1,20,,54047,0,37 38,1,20,,54048,0,37 38,1,69,,54049,0,37 38,1,29,,54050,0,37 38,1,70,,54051,0,37 38,1,30,,54052,0,37 38,1,70,,54053,0,37 38,1,30,,54054,0,37 38,1,70,,54055,0,37 38,1,30,,54056,0,37 38,1,70,,54057,0,37 38,1,30,,54058,0,37 38,1,70,,54059,0,37 38,1,30,,54060,0,37 38,1,71,,54061,0,37 38,1,21,,54062,0,37 38,1,20,,54063,0,37 38,1,60,,54064,0,37 38,1,20,,54065,0,37 38,1,20,,54066,0,37 38,1,60,,54067,0,37 38,1,30,,54068,0,37 38,1,70,,54069,0,37 38,1,28,,54070,0,37 38,1,69,,54071,0,37 38,1,30,,54072,0,37 38,1,70,,54073,0,37 38,1,30,,54074,0,37 38,1,70,,54075,0,37 38,1,30,,54076,0,37 38,1,70,,54077,0,37 38,1
51301,'513-Saturday-1-26-02-0000010',832,,8266,0,37 38,1,70,,8267,0,37 38,1,32,,8268,0,37 38,1,70,,8269,0,37 38,1,30,,8270,0,37 38,1,70,,8271,0,37 38,1,30,,8272,0,37 38,1,70,,8273,0,37 38,1,30,,8274,0,37 38,1,70,,8275,0,37 38,1,30,,8276,0,37 38,1,70,,8277,0,37 38,1,30,,8278,0,37 38,1,70,,8279,0,37 38,1,30,,8280,0,37 38,1,70,,8281,0,37 38,1,30,,8282,0,37 38,1,70,,8283,0,37 38,1,30,,8284,0,37 38,1,70,,8285,0,37 38,1,30,,8286,0,37 38,1,70,,8287,0,37 38,1
51301,'513-Sunday-1-26-02-0000001',954,,54078,0,37 38,1,85,,54079,0,37 38,1,70,,54080,0,37 38,1,30,,54081,0,37 38,1,70,,54082,0,37 38,1,30,,54083,0,37 38,1,70,,54084,0,37 38,1,30,,54085,0,37 38,1,70,,54086,0,37 38,1,30,,54087,0,37 38,1,70,,54088,0,37 38,1,30,,54089,0,37 38,1,70,,54090,0,37 38,1,30,,54091,0,37 38,1,70,,54092,0,37 38,1,30,,54093,0,37 38,1,70,,54094,0,37 38,1,30,,54095,0,37 38,1
