50700,'507-Weekday-1-26-04-1111100',533,,117348,37,,,1,70,,117349,37,,,1,31,,117350,37,,,1,76,,117351,37,,,1,30,,117352,37,,,1,70,,117353,37,,,1,26,,117388,37,,,1,66,,117387,37,,,1,24,,117354,37,,,1,30,,117355,37,,,1,70,,117356,37,,,1,30,,117357,37,,,1,70,,117358,37,,,1,30,,117359,37,,,1,70,,117360,37,,,1,30,,117361,37,,,1,70,,117362,37,,,1,30,,117363,37,,,1,70,,117364,37,,,1,31,,117365,37,,,1,74,,117366,37,,,1,26,,117390,37,,,1,44,,117367,37,,,1,15,,117368,37,,,1,15,,117369,37,,,1,15,,117370,37,,,1,55,,117371,37,,,1,15,,117372,37,,,1,15,,117373,37,,,1,15,,117374,37,,,1,55,,117375,37,,,1,15,,117376,37,,,1,15,,117377,37,,,1,25,,117378,37,,,1,71,,117379,37,,,1,30,,117380,37,,,1,70,,117381,37,,,1,30,,117382,37,,,1,70,,117383,37,,,1,30,,117384,37,,,1,67,,117389,37,,,1,90,,117385,37,,,1,100,,117386,37,,,1
50700,'507-Weekday-2-26-04-1111100',533,,139250,37,,,1,70,,139251,37,,,1,31,,139252,37,,,1,76,,139253,37,,,1,30,,139254,37,,,1,70,,139255,37,,,1,26,,139290,37,,,1,66,,139289,37,,,1,24,,139256,37,,,1,30,,139257,37,,,1,70,,139258,37,,,1,30,,139259,37,,,1,70,,139260,37,,,1,30,,139261,37,,,1,70,,139262,37,,,1,30,,139263,37,,,1,70,,139264,37,,,1,30,,139265,37,,,1,70,,139266,37,,,1,31,,139267,37,,,1,74,,139268,37,,,1,26,,139292,37,,,1,44,,139269,37,,,1,15,,139270,37,,,1,15,,139271,37,,,1,15,,139272,37,,,1,55,,139273,37,,,1,15,,139274,37,,,1,15,,139275,37,,,1,15,,139276,37,,,1,55,,139277,37,,,1,15,,139278,37,,,1,15,,139279,37,,,1,25,,139280,37,,,1,71,,139281,37,,,1,30,,139282,37,,,1,70,,139283,37,,,1,30,,139284,37,,,1,70,,139285,37,,,1,30,,139286,37,,,1,67,,139291,37,,,1,90,,139287,37,,,1,100,,139288,37,,,1
50700,'507-Weekday-3-26-04-1111100',533,,139294,37,,,1,70,,139295,37,,,1,31,,139296,37,,,1,76,,139297,37,,,1,30,,139298,37,,,1,70,,139299,37,,,1,26,,139334,37,,,1,66,,139333,37,,,1,24,,139300,37,,,1,30,,139301,37,,,1,70,,139302,37,,,1,30,,139303,37,,,1,70,,139304,37,,,1,30,,139305,37,,,1,70,,139306,37,,,1,30,,139307,37,,,1,70,,139308,37,,,1,30,,139309,37,,,1,70,,139310,37,,,1,31,,139311,37,,,1,74,,139312,37,,,1,26,,139336,37,,,1,44,,139313,37,,,1,15,,139314,37,,,1,15,,139315,37,,,1,15,,139316,37,,,1,55,,139317,37,,,1,15,,139318,37,,,1,15,,139319,37,,,1,15,,139320,37,,,1,55,,139321,37,,,1,15,,139322,37,,,1,15,,139323,37,,,1,25,,139324,37,,,1,71,,139325,37,,,1,30,,139326,37,,,1,70,,139327,37,,,1,30,,139328,37,,,1,70,,139329,37,,,1,30,,139330,37,,,1,67,,139335,37,,,1,90,,139331,37,,,1,100,,139332,37,,,1
50700,'507-Saturday-1-26-04-0000010',609,,117391,37,,,1,100,,117392,37,,,1,100,,117393,37,,,1,30,,117394,37,,,1,71,,117395,37,,,1,32,,117396,37,,,1,70,,117397,37,,,1,30,,117398,37,,,1,70,,117399,37,,,1,30,,117400,37,,,1,70,,117401,37,,,1,30,,117402,37,,,1,70,,117403,37,,,1,30,,117404,37,,,1,70,,117405,37,,,1,30,,117406,37,,,1,70,,117407,37,,,1,30,,117408,37,,,1,70,,117409,37,,,1,30,,117410,37,,,1,69,,117411,37,,,1,29,,117412,37,,,1,70,,117413,37,,,1,30,,117414,37,,,1,100,,117415,37,,,1,100,,117416,37,,,1,100,,117417,37,,,1,100,,117418,37,,,1,100,,117419,37,,,1
50700,'507-Sunday-1-26-04-0000001',638,,117420,37,,,1,100,,117421,37,,,1,100,,117422,37,,,1,103,,117423,37,,,1,100,,117424,37,,,1,70,,117425,37,,,1,30,,117426,37,,,1,70,,117427,37,,,1,30,,117428,37,,,1,70,,117429,37,,,1,30,,117430,37,,,1,70,,117431,37,,,1,30,,117432,37,,,1,70,,117433,37,,,1,30,,117434,37,,,1,70,,117435,37,,,1,30,,117436,37,,,1,69,,117437,37,,,1,29,,117438,37,,,1,70,,117439,37,,,1,30,,117440,37,,,1,91,,117441,37,,,1,100,,117442,37,,,1,100,,117443,37,,,1,100,,117444,37,,,1,100,,117445,37,,,1
63001,'630-Weekday-1-26-04-0001000',1243,,120408,13,,,1,203,,120409,10,,,1
63001,'630-Weekday-1-26-04-1110100',1545,,120410,13,,,1
63001,'630-Weekday-2-26-04-1110100',1545,,142018,13,,,1
63001,'630-Weekday-3-26-04-0001000',1243,,142019,13,,,1
63001,'630-Weekday-3-26-04-1110100',1545,,142020,13,,,1
63501,'635-Weekday-1-26-04-1111100',1542,,120438,23,,,1
63501,'635-Weekday-2-26-04-1111100',1542,,142046,23,,,1
