5101,'051-Weekday-1-26-06-1111100',540,,155108,28,,,1,70,,155109,28,,,1,37,,155120,28,,,1,62,,155119,28,,,1,20,,155110,28,,,1,20,,155111,28,,,1,60,,155112,28,,,1,20,,155113,28,,,1,20,,155114,28,,,1,56,,155093,28,,,1,26,,155107,28,,,1,70,,155094,28,,,1,30,,155115,28,,,1,70,,155095,28,,,1,30,,155096,28,,,1,70,,155116,28,,,1,30,,155097,28,,,1,70,,155098,28,,,1,30,,155117,28,,,1,70,,155099,28,,,1,30,,155118,28,,,1,70,,155100,28,,,1,31,,155101,28,,,1,72,,155102,28,,,1,30,,155103,28,,,1,70,,155104,28,,,1,30,,155105,28,,,1,70,,155122,28,,,1,29,,155123,28,,,1,26,,155124,28,,,1,70,,155125,28,,,1,30,,155126,28,,,1,70,,155127,28,,,1,30,,155128,28,,,1,70,,155129,28,,,1,30,,155106,28,,,1,100,,155121,28,,,1
5101,'051-Saturday-1-26-06-0000010',620,,155130,28,,,1,100,,155131,28,,,1,100,,155132,28,,,1,30,,155133,28,,,1,71,,155134,28,,,1,30,,155135,28,,,1,70,,155136,28,,,1,30,,155137,28,,,1,70,,155138,28,,,1,30,,155139,28,,,1,70,,155140,28,,,1,30,,155141,28,,,1,70,,155142,28,,,1,30,,155143,28,,,1,70,,155144,28,,,1,30,,155145,28,,,1,70,,155146,28,,,1,30,,155147,28,,,1,70,,155148,28,,,1,30,,155149,28,,,1,68,,155150,28,,,1,30,,155151,28,,,1,70,,155152,28,,,1,30,,155153,28,,,1,70,,155154,28,,,1,100,,155155,28,,,1,100,,155156,28,,,1,100,,155157,28,,,1
5101,'051-Sunday-1-26-06-0000001',720,,155177,28,,,1,100,,155178,28,,,1,102,,155179,28,,,1,30,,155182,28,,,1,70,,155158,28,,,1,30,,155159,28,,,1,70,,155160,28,,,1,30,,155161,28,,,1,70,,155162,28,,,1,30,,155163,28,,,1,70,,155164,28,,,1,30,,155165,28,,,1,70,,155166,28,,,1,30,,155167,28,,,1,70,,155168,28,,,1,30,,155169,28,,,1,70,,155170,28,,,1,30,,155171,28,,,1,68,,155172,28,,,1,30,,155173,28,,,1,70,,155174,28,,,1,30,,155175,28,,,1,70,,155176,28,,,1,100,,155180,28,,,1,100,,155181,28,,,1,100,,155183,28,,,1
5201,'052-Weekday-1-26-06-1111100',559,,155350,32,,,1,70,,155309,32,,,1,74,,155310,32,,,1,23,,155311,32,,,1,22,,155312,32,,,1,60,,155313,32,,,1,20,,155314,32,,,1,23,,155315,32,,,1,63,,155316,32,,,1,30,,155317,32,,,1,70,,155318,32,,,1,30,,155319,32,,,1,70,,155320,32,,,1,30,,155321,32,,,1,70,,155322,32,,,1,30,,155323,32,,,1,70,,155324,32,,,1,30,,155325,32,,,1,70,,155326,32,,,1,30,,155327,32,,,1,61,,155328,32,,,1,15,,155329,32,,,1,18,,155330,32,,,1,15,,155331,32,,,1,54,,155332,32,,,1,15,,155333,32,,,1,15,,155334,32,,,1,15,,155335,32,,,1,55,,155336,32,,,1,15,,155337,32,,,1,24,,155338,32,,,1,68,,155339,32,,,1,28,,155340,32,,,1,69,,155341,32,,,1,30,,155342,32,,,1,70,,155343,32,,,1,30,,155344,32,,,1,70,,155345,32,,,1,30,,155346,32,,,1,69,,155347,32,,,1,99,,155348,32,,,1,100,,155349,32,,,1
5201,'052-Saturday-1-26-06-0000010',645,,155351,32,,,1,100,,155352,32,,,1,100,,155353,32,,,1,72,,155354,32,,,1,29,,155355,32,,,1,70,,155356,32,,,1,30,,155357,32,,,1,70,,155358,32,,,1,30,,155359,32,,,1,70,,155360,32,,,1,30,,155361,32,,,1,70,,155362,32,,,1,30,,155363,32,,,1,70,,155364,32,,,1,30,,155365,32,,,1,70,,155366,32,,,1,30,,155367,32,,,1,70,,155368,32,,,1,30,,155369,32,,,1,68,,155370,32,,,1,29,,155371,32,,,1,70,,155372,32,,,1,30,,155373,32,,,1,70,,155374,32,,,1,30,,155375,32,,,1,100,,155376,32,,,1,100,,155377,32,,,1,100,,155378,32,,,1,100,,155379,32,,,1
5201,'052-Sunday-1-26-06-0000001',743,,155403,32,,,1,100,,155380,32,,,1,101,,155381,32,,,1,100,,155382,32,,,1,70,,155383,32,,,1,30,,155384,32,,,1,70,,155385,32,,,1,30,,155386,32,,,1,70,,155387,32,,,1,30,,155388,32,,,1,70,,155389,32,,,1,30,,155390,32,,,1,70,,155391,32,,,1,30,,155392,32,,,1,70,,155393,32,,,1,34,,155394,32,,,1,73,,155395,32,,,1,30,,155396,32,,,1,70,,155397,32,,,1,30,,155398,32,,,1,70,,155402,32,,,1,30,,155399,32,,,1,100,,155400,32,,,1,100,,155401,32,,,1,100,,155404,32,,,1
5201,'052-Sunday-2-26-06-0000001',743,,155428,32,,,1,100,,155405,32,,,1,101,,155406,32,,,1,100,,155407,32,,,1,70,,155408,32,,,1,30,,155409,32,,,1,70,,155410,32,,,1,30,,155411,32,,,1,70,,155412,32,,,1,30,,155413,32,,,1,70,,155414,32,,,1,30,,155415,32,,,1,70,,155416,32,,,1,30,,155417,32,,,1,70,,155418,32,,,1,34,,155419,32,,,1,73,,155420,32,,,1,30,,155421,32,,,1,70,,155422,32,,,1,30,,155423,32,,,1,70,,155427,32,,,1,30,,155424,32,,,1,100,,155425,32,,,1,100,,155426,32,,,1,100,,155429,32,,,1,100,,155430,32,,,1,100,,155431,32,,,1
12401,'124-Weekday-1-26-06-1111100',558,,161348,54,,,1,70,,161349,54,,,1,80,,161373,54,,,1,22,,161350,54,,,1,20,,161351,54,,,1,60,,161352,54,,,1,20,,161353,54,,,1,20,,161354,54,,,1,58,,161343,54,,,1,27,,161365,54,,,1,69,,161366,54,,,1,30,,161367,54,,,1,70,,161368,54,,,1,30,,161369,54,,,1,70,,161355,54,,,1,30,,161356,54,,,1,70,,161357,54,,,1,30,,161358,54,,,1,70,,161359,54,,,1,30,,161360,54,,,1,70,,161361,54,,,1,31,,161344,54,,,1,65,,161370,54,,,1,20,,161371,54,,,1,20,,161372,54,,,1,60,,161363,54,,,1,20,,161364,54,,,1,20,,161362,54,,,1,60,,161345,54,,,1,30,,161347,54,,,1,26,,161346,54,,,1,66,,161374,54,,,1,27,,161375,54,,,1,68,,161376,54,,,1,30,,161377,54,,,1,70,,161378,54,,,1,30,,161379,54,,,1,69,,161380,54,,,1
12401,'124-Saturday-1-26-06-0000010',834,,161381,54,,,1,70,,161382,54,,,1,32,,161383,54,,,1,70,,161384,54,,,1,30,,161385,54,,,1,70,,161386,54,,,1,30,,161387,54,,,1,70,,161388,54,,,1,30,,161389,54,,,1,70,,161390,54,,,1,30,,161391,54,,,1,70,,161392,54,,,1,30,,161393,54,,,1,70,,161394,54,,,1,30,,161395,54,,,1,70,,161396,54,,,1,30,,161397,54,,,1,70,,161398,54,,,1,35,,161399,54,,,1,70,,161400,54,,,1,30,,161401,54,,,1,68,,161402,54,,,1,29,,161403,54,,,1
12401,'124-Sunday-1-26-06-0000001',1025,,161404,54,,,1,30,,161405,54,,,1,70,,161406,54,,,1,29,,161407,54,,,1,70,,161408,54,,,1,30,,161409,54,,,1,70,,161410,54,,,1,30,,161411,54,,,1,70,,161412,54,,,1,30,,161413,54,,,1,70,,161414,54,,,1,30,,161415,54,,,1,70,,161417,54,,,1,30,,161418,54,,,1,68,,161419,54,,,1,31,,161416,54,,,1,70,,161420,54,,,1,30,,161421,54,,,1,71,,161422,54,,,1
90700,'907-Weekday-1-26-06-1111100',556,,171234,46,,,1,70,,171235,46,,,1,76,,171236,46,,,1,15,,171237,46,,,1,15,,171238,46,,,1,15,,171239,46,,,1,55,,171240,46,,,1,15,,171241,46,,,1,15,,171242,46,,,1,15,,171243,46,,,1,55,,171244,46,,,1,27,,171245,46,,,1,30,,171246,46,,,1,70,,171247,46,,,1,30,,171248,46,,,1,70,,171249,46,,,1,30,,171250,46,,,1,70,,171251,46,,,1,30,,171252,46,,,1,70,,171253,46,,,1,30,,171254,46,,,1,70,,171255,46,,,1,30,,171256,46,,,1,74,,171257,46,,,1,70,,171258,46,,,1,15,,171259,46,,,1,15,,171260,46,,,1,15,,171261,46,,,1,55,,171262,46,,,1,15,,171263,46,,,1,15,,171264,46,,,1,15,,171265,46,,,1,55,,171266,46,,,1,30,,171267,46,,,1,23,,171268,46,,,1,70,,171269,46,,,1,30,,171270,46,,,1,70,,171271,46,,,1,30,,171272,46,,,1,70,,171273,46,,,1,30,,171274,46,,,1,70,,171275,46,,,1,100,,171276,46,,,1,100,,171277,46,,,1
90700,'907-Saturday-1-26-06-0000010',725,,171278,46,,,1,100,,171279,46,,,1,30,,171284,46,,,1,75,,171285,46,,,1,70,,171286,46,,,1,30,,171287,46,,,1,70,,171288,46,,,1,30,,171289,46,,,1,70,,171290,46,,,1,30,,171291,46,,,1,70,,171292,46,,,1,30,,171293,46,,,1,70,,171294,46,,,1,30,,171295,46,,,1,70,,171296,46,,,1,30,,171297,46,,,1,70,,171298,46,,,1,30,,171299,46,,,1,70,,171300,46,,,1,29,,171301,46,,,1,30,,171302,46,,,1,70,,171303,46,,,1,30,,171304,46,,,1,70,,171280,46,,,1,100,,171281,46,,,1,100,,171282,46,,,1,100,,171283,46,,,1
90700,'907-Sunday-1-26-06-0000001',1034,,171305,46,,,1,70,,171306,46,,,1,30,,171307,46,,,1,70,,171308,46,,,1,30,,171309,46,,,1,70,,171310,46,,,1,30,,171311,46,,,1,70,,171312,46,,,1,30,,171313,46,,,1,70,,171314,46,,,1,30,,171315,46,,,1,70,,171316,46,,,1,30,,171317,46,,,1,69,,171318,46,,,1,29,,171319,46,,,1,70,,171320,46,,,1,30,,171321,46,,,1,70,,171322,46,,,1,30,,171323,46,,,1
