65900,'659-Weekday-1-26-02-0001000',1244,,10149,,,1
65900,'659-Weekday-1-26-02-1110100',1538,,10150,,,1
65900,'659-Weekday-2-26-02-0001000',1244,,62242,,,1
65900,'659-Weekday-2-26-02-1110100',1538,,62243,,,1
65900,'659-Weekday-5-26-02-0000100',1244,,62244,,,1
65900,'659-Weekday-5-26-02-1111000',1538,,62245,,,1
65900,'659-Weekday-6-26-02-1110100',1538,,62246,,,1
65900,'659-Weekday-8-26-02-1110100',1538,,62247,,,1
66700,'667-Weekday-1-26-02-0001000',1444,,10197,,,1,3,,10198,,,1
66700,'667-Weekday-1-26-02-1110100',1523,,10199,,,1,3,,10200,,,1
66700,'667-Weekday-2-26-02-0001000',1444,,62408,,,1,3,,62409,,,1
66700,'667-Weekday-2-26-02-1110100',1523,,62410,,,1,3,,62411,,,1
66700,'667-Weekday-4-26-02-1110100',1523,,62412,,,1,3,,62413,,,1
66700,'667-Weekday-5-26-02-0001000',1444,,62414,,,1,3,,62415,,,1
66700,'667-Weekday-5-26-02-1110100',1523,,62416,,,1,3,,62417,,,1
