61201,'612-Weekday-1-26-02-1111100',719,,9958,,,1
61201,'612-Weekday-2-26-02-1111100',719,,61627,,,1
61201,'612-Weekday-5-26-02-1111100',719,,61628,,,1
61201,'612-Weekday-6-26-02-1111100',719,,61629,,,1
61201,'612-Weekday-8-26-02-1111100',719,,61630,,,1
62001,'620-Weekday-1-26-02-1111100',739,,9995,,,1,76,,9996,,,1,5,,9997,,,1
62001,'620-Weekday-2-26-02-1111100',739,,61736,,,1,76,,61737,,,1,5,,61738,,,1
62001,'620-Weekday-4-26-02-1111100',815,,61739,,,1,5,,61740,,,1
62001,'620-Weekday-5-26-02-1111100',739,,61741,,,1,76,,61742,,,1,5,,61743,,,1
62001,'620-Weekday-6-26-02-1111100',739,,61744,,,1
62001,'620-Weekday-8-26-02-1111100',739,,61745,,,1
