10900,'109-Weekday-1-26-04-1111100',527,,114512,46,,,1,30,,114513,46,,,1,70,,114514,46,,,1,32,,114555,46,,,1,55,,114515,46,,,1,15,,114551,46,,,1,15,,114516,46,,,1,15,,114517,46,,,1,55,,114518,46,,,1,15,,114552,46,,,1,15,,114519,46,,,1,15,,114520,46,,,1,69,,114521,46,,,1,30,,114522,46,,,1,70,,114523,46,,,1,30,,114524,46,,,1,70,,114525,46,,,1,30,,114526,46,,,1,70,,114527,46,,,1,30,,114528,46,,,1,70,,114529,46,,,1,30,,114530,46,,,1,70,,114531,46,,,1,30,,114532,46,,,1,74,,114533,46,,,1,15,,114534,46,,,1,55,,114553,46,,,1,15,,114535,46,,,1,15,,114536,46,,,1,15,,114537,46,,,1,55,,114554,46,,,1,15,,114538,46,,,1,15,,114539,46,,,1,70,,114540,46,,,1,30,,114541,46,,,1,25,,114542,46,,,1,70,,114543,46,,,1,30,,114544,46,,,1,70,,114545,46,,,1,30,,114546,46,,,1,70,,114547,46,,,1,30,,114548,46,,,1,70,,114556,46,,,1,100,,114549,46,,,1,100,,114550,46,,,1
10900,'109-Weekday-2-26-04-1111100',527,,136636,46,,,1,30,,136637,46,,,1,70,,136638,46,,,1,32,,136679,46,,,1,55,,136639,46,,,1,15,,136675,46,,,1,15,,136640,46,,,1,15,,136641,46,,,1,55,,136642,46,,,1,15,,136676,46,,,1,15,,136643,46,,,1,15,,136644,46,,,1,69,,136645,46,,,1,30,,136646,46,,,1,70,,136647,46,,,1,30,,136648,46,,,1,70,,136649,46,,,1,30,,136650,46,,,1,70,,136651,46,,,1,30,,136652,46,,,1,70,,136653,46,,,1,30,,136654,46,,,1,70,,136655,46,,,1,30,,136656,46,,,1,74,,136657,46,,,1,15,,136658,46,,,1,55,,136677,46,,,1,15,,136659,46,,,1,15,,136660,46,,,1,15,,136661,46,,,1,55,,136678,46,,,1,15,,136662,46,,,1,15,,136663,46,,,1,70,,136664,46,,,1,30,,136665,46,,,1,25,,136666,46,,,1,70,,136667,46,,,1,30,,136668,46,,,1,70,,136669,46,,,1,30,,136670,46,,,1,70,,136671,46,,,1,30,,136672,46,,,1,70,,136680,46,,,1,100,,136673,46,,,1,100,,136674,46,,,1
10900,'109-Weekday-3-26-04-1111100',527,,136681,46,,,1,30,,136682,46,,,1,70,,136683,46,,,1,32,,136724,46,,,1,55,,136684,46,,,1,15,,136720,46,,,1,15,,136685,46,,,1,15,,136686,46,,,1,55,,136687,46,,,1,15,,136721,46,,,1,15,,136688,46,,,1,15,,136689,46,,,1,69,,136690,46,,,1,30,,136691,46,,,1,70,,136692,46,,,1,30,,136693,46,,,1,70,,136694,46,,,1,30,,136695,46,,,1,70,,136696,46,,,1,30,,136697,46,,,1,70,,136698,46,,,1,30,,136699,46,,,1,70,,136700,46,,,1,30,,136701,46,,,1,74,,136702,46,,,1,15,,136703,46,,,1,55,,136722,46,,,1,15,,136704,46,,,1,15,,136705,46,,,1,15,,136706,46,,,1,55,,136723,46,,,1,15,,136707,46,,,1,15,,136708,46,,,1,70,,136709,46,,,1,30,,136710,46,,,1,25,,136711,46,,,1,70,,136712,46,,,1,30,,136713,46,,,1,70,,136714,46,,,1,30,,136715,46,,,1,70,,136716,46,,,1,30,,136717,46,,,1,70,,136725,46,,,1,100,,136718,46,,,1,100,,136719,46,,,1
10900,'109-Saturday-1-26-04-0000010',817,,114557,46,,,1,30,,114558,46,,,1,72,,114559,46,,,1,31,,114560,46,,,1,70,,114561,46,,,1,30,,114562,46,,,1,70,,114563,46,,,1,30,,114564,46,,,1,70,,114565,46,,,1,30,,114566,46,,,1,70,,114567,46,,,1,30,,114568,46,,,1,70,,114569,46,,,1,30,,114570,46,,,1,70,,114571,46,,,1,30,,114572,46,,,1,70,,114573,46,,,1,30,,114574,46,,,1,69,,114575,46,,,1,30,,114576,46,,,1,70,,114577,46,,,1,30,,114578,46,,,1,70,,114579,46,,,1,30,,114580,46,,,1,70,,114581,46,,,1,30,,114582,46,,,1,70,,114583,46,,,1,30,,114584,46,,,1,70,,114585,46,,,1
10900,'109-Sunday-1-26-04-0000001',1030,,114586,46,,,1,70,,114587,46,,,1,30,,114588,46,,,1,70,,114589,46,,,1,30,,114590,46,,,1,70,,114591,46,,,1,30,,114592,46,,,1,70,,114593,46,,,1,30,,114594,46,,,1,70,,114595,46,,,1,30,,114596,46,,,1,70,,114597,46,,,1,30,,114598,46,,,1,70,,114599,46,,,1,29,,114600,46,,,1,30,,114601,46,,,1,70,,114602,46,,,1,30,,114603,46,,,1
62500,'625-Weekday-1-26-04-0001000',1255,,120389,47,,,1
62500,'625-Weekday-1-26-04-1110100',1557,,120390,47,,,1
62500,'625-Weekday-3-26-04-0001000',1255,,141998,47,,,1
62500,'625-Weekday-3-26-04-1110100',1557,,141999,47,,,1
24014000,'140X-Weekday-1-26-04-1111100',1538,,129192,42,,,1,20,,129193,42,,,1,60,,129194,42,,,1,20,,129195,42,,,1,20,,129196,42,,,1,60,,129197,42,,,1,20,,129198,42,,,1,20,,129199,42,,,1,60,,129200,42,,,1
24014000,'140X-Weekday-2-26-04-1111100',1538,,150440,42,,,1,20,,150441,42,,,1,60,,150442,42,,,1,20,,150443,42,,,1,20,,150444,42,,,1,60,,150445,42,,,1,20,,150446,42,,,1,20,,150447,42,,,1,60,,150448,42,,,1
24014000,'140X-Weekday-3-26-04-1111100',1538,,150449,42,,,1,20,,150450,42,,,1,60,,150451,42,,,1,20,,150452,42,,,1,20,,150453,42,,,1,60,,150454,42,,,1,20,,150455,42,,,1,20,,150456,42,,,1,60,,150457,42,,,1
