91300,'913-Weekday-1-26-09-1111100',532,,238963,4,,,1,70,,238964,4,,,1,30,,239003,4,,,1,15,,238991,4,,,1,55,,239005,4,,,1,15,,238995,4,,,1,15,,238994,4,,,1,15,,238993,4,,,1,55,,238992,4,,,1,15,,239008,4,,,1,15,,239009,4,,,1,20,,238965,4,,,1,60,,238966,4,,,1,20,,238967,4,,,1,20,,238968,4,,,1,60,,238969,4,,,1,20,,238970,4,,,1,20,,238971,4,,,1,60,,238972,4,,,1,20,,238973,4,,,1,20,,238974,4,,,1,60,,238975,4,,,1,20,,238976,4,,,1,20,,238977,4,,,1,60,,238978,4,,,1,20,,238979,4,,,1,20,,238980,4,,,1,60,,238981,4,,,1,20,,238982,4,,,1,20,,238962,4,,,1,56,,238996,4,,,1,15,,239006,4,,,1,15,,238997,4,,,1,15,,238998,4,,,1,55,,238999,4,,,1,15,,239007,4,,,1,15,,239000,4,,,1,15,,239010,4,,,1,60,,239002,4,,,1,30,,239001,4,,,1,70,,238983,4,,,1,29,,238984,4,,,1,70,,238985,4,,,1,30,,238986,4,,,1,70,,238987,4,,,1,30,,238988,4,,,1,70,,238989,4,,,1,30,,239011,4,,,1,100,,238990,4,,,1,100,,239004,4,,,1
91300,'913-Weekday-2-26-09-1111100',532,,239013,4,,,1,70,,239014,4,,,1,30,,239053,4,,,1,15,,239041,4,,,1,55,,239055,4,,,1,15,,239045,4,,,1,15,,239044,4,,,1,15,,239043,4,,,1,55,,239042,4,,,1,15,,239058,4,,,1,15,,239059,4,,,1,20,,239015,4,,,1,60,,239016,4,,,1,20,,239017,4,,,1,20,,239018,4,,,1,60,,239019,4,,,1,20,,239020,4,,,1,20,,239021,4,,,1,60,,239022,4,,,1,20,,239023,4,,,1,20,,239024,4,,,1,60,,239025,4,,,1,20,,239026,4,,,1,20,,239027,4,,,1,60,,239028,4,,,1,20,,239029,4,,,1,20,,239030,4,,,1,60,,239031,4,,,1,20,,239032,4,,,1,20,,239012,4,,,1,56,,239046,4,,,1,15,,239056,4,,,1,15,,239047,4,,,1,15,,239048,4,,,1,55,,239049,4,,,1,15,,239057,4,,,1,15,,239050,4,,,1,15,,239060,4,,,1,60,,239052,4,,,1,30,,239051,4,,,1,70,,239033,4,,,1,29,,239034,4,,,1,70,,239035,4,,,1,30,,239036,4,,,1,70,,239037,4,,,1,30,,239038,4,,,1,70,,239039,4,,,1,30,,239061,4,,,1,100,,239040,4,,,1,100,,239054,4,,,1
91300,'913-Weekday-4-26-09-1111100',532,,239063,4,,,1,70,,239064,4,,,1,30,,239103,4,,,1,15,,239091,4,,,1,55,,239105,4,,,1,15,,239095,4,,,1,15,,239094,4,,,1,15,,239093,4,,,1,55,,239092,4,,,1,15,,239108,4,,,1,15,,239109,4,,,1,20,,239065,4,,,1,60,,239066,4,,,1,20,,239067,4,,,1,20,,239068,4,,,1,60,,239069,4,,,1,20,,239070,4,,,1,20,,239071,4,,,1,60,,239072,4,,,1,20,,239073,4,,,1,20,,239074,4,,,1,60,,239075,4,,,1,20,,239076,4,,,1,20,,239077,4,,,1,60,,239078,4,,,1,20,,239079,4,,,1,20,,239080,4,,,1,60,,239081,4,,,1,20,,239082,4,,,1,20,,239062,4,,,1,56,,239096,4,,,1,15,,239106,4,,,1,15,,239097,4,,,1,15,,239098,4,,,1,55,,239099,4,,,1,15,,239107,4,,,1,15,,239100,4,,,1,15,,239110,4,,,1,60,,239102,4,,,1,30,,239101,4,,,1,70,,239083,4,,,1,29,,239084,4,,,1,70,,239085,4,,,1,30,,239086,4,,,1,70,,239087,4,,,1,30,,239088,4,,,1,70,,239089,4,,,1,30,,239111,4,,,1,100,,239090,4,,,1,100,,239104,4,,,1
91300,'913-Saturday-1-26-09-0000010',555,,239112,4,,,1,100,,239113,4,,,1,100,,239114,4,,,1,70,,239115,4,,,1,30,,239116,4,,,1,70,,239117,4,,,1,30,,239118,4,,,1,70,,239119,4,,,1,30,,239120,4,,,1,70,,239121,4,,,1,30,,239122,4,,,1,70,,239123,4,,,1,30,,239124,4,,,1,70,,239125,4,,,1,30,,239126,4,,,1,70,,239127,4,,,1,30,,239128,4,,,1,70,,239129,4,,,1,30,,239130,4,,,1,70,,239131,4,,,1,30,,239132,4,,,1,70,,239133,4,,,1,30,,239134,4,,,1,70,,239135,4,,,1,30,,239136,4,,,1,100,,239137,4,,,1,100,,239138,4,,,1,100,,239139,4,,,1,100,,239140,4,,,1,100,,239141,4,,,1
91300,'913-Sunday-1-26-09-0000001',602,,239142,4,,,1,100,,239143,4,,,1,100,,239144,4,,,1,100,,239145,4,,,1,100,,239146,4,,,1,30,,239147,4,,,1,70,,239148,4,,,1,30,,239149,4,,,1,70,,239150,4,,,1,30,,239151,4,,,1,70,,239152,4,,,1,30,,239153,4,,,1,70,,239154,4,,,1,30,,239155,4,,,1,70,,239156,4,,,1,30,,239157,4,,,1,70,,239158,4,,,1,30,,239159,4,,,1,70,,239160,4,,,1,30,,239161,4,,,1,70,,239162,4,,,1,30,,239163,4,,,1,70,,239164,4,,,1,100,,239165,4,,,1,100,,239166,4,,,1,100,,239167,4,,,1
91601,'916-Weekday-1-26-09-0001000',1213,,240137,4,,,1
91601,'916-Weekday-1-26-09-1110100',1511,,240139,4,,,1,102,,240138,4,,,1
91601,'916-Weekday-1-26-09-1111100',537,,240140,4,,,1,70,,240178,4,,,1,15,,240168,4,,,1,15,,240183,4,,,1,15,,240169,4,,,1,55,,240170,4,,,1,15,,240171,4,,,1,15,,240184,4,,,1,15,,240172,4,,,1,55,,240177,4,,,1,30,,240176,4,,,1,70,,240141,4,,,1,30,,240142,4,,,1,70,,240143,4,,,1,30,,240144,4,,,1,70,,240145,4,,,1,30,,240146,4,,,1,70,,240147,4,,,1,30,,240148,4,,,1,70,,240149,4,,,1,30,,240150,4,,,1,70,,240151,4,,,1,30,,240152,4,,,1,71,,240153,4,,,1,12,,240154,4,,,1,12,,240173,4,,,1,12,,240155,4,,,1,12,,240156,4,,,1,52,,240185,4,,,1,12,,240157,4,,,1,12,,240174,4,,,1,12,,240158,4,,,1,12,,240159,4,,,1,52,,240186,4,,,1,12,,240160,4,,,1,12,,240179,4,,,1,70,,240180,4,,,1,29,,240161,4,,,1,70,,240162,4,,,1,30,,240163,4,,,1,70,,240164,4,,,1,30,,240165,4,,,1,70,,240166,4,,,1,30,,240167,4,,,1,70,,240181,4,,,1,100,,240175,4,,,1,100,,240182,4,,,1
91601,'916-Weekday-2-26-09-1110100',1613,,240187,4,,,1
91601,'916-Weekday-2-26-09-1111100',537,,240188,4,,,1,70,,240226,4,,,1,15,,240216,4,,,1,15,,240231,4,,,1,15,,240217,4,,,1,55,,240218,4,,,1,15,,240219,4,,,1,15,,240232,4,,,1,15,,240220,4,,,1,55,,240225,4,,,1,30,,240224,4,,,1,70,,240189,4,,,1,30,,240190,4,,,1,70,,240191,4,,,1,30,,240192,4,,,1,70,,240193,4,,,1,30,,240194,4,,,1,70,,240195,4,,,1,30,,240196,4,,,1,70,,240197,4,,,1,30,,240198,4,,,1,70,,240199,4,,,1,30,,240200,4,,,1,71,,240201,4,,,1,12,,240202,4,,,1,12,,240221,4,,,1,12,,240203,4,,,1,12,,240204,4,,,1,52,,240233,4,,,1,12,,240205,4,,,1,12,,240222,4,,,1,12,,240206,4,,,1,12,,240207,4,,,1,52,,240234,4,,,1,12,,240208,4,,,1,12,,240227,4,,,1,70,,240228,4,,,1,29,,240209,4,,,1,70,,240210,4,,,1,30,,240211,4,,,1,70,,240212,4,,,1,30,,240213,4,,,1,70,,240214,4,,,1,30,,240215,4,,,1,70,,240229,4,,,1,100,,240223,4,,,1,100,,240230,4,,,1
91601,'916-Weekday-4-26-09-1111100',537,,240235,4,,,1,70,,240273,4,,,1,15,,240263,4,,,1,15,,240278,4,,,1,15,,240264,4,,,1,55,,240265,4,,,1,15,,240266,4,,,1,15,,240279,4,,,1,15,,240267,4,,,1,55,,240272,4,,,1,30,,240271,4,,,1,70,,240236,4,,,1,30,,240237,4,,,1,70,,240238,4,,,1,30,,240239,4,,,1,70,,240240,4,,,1,30,,240241,4,,,1,70,,240242,4,,,1,30,,240243,4,,,1,70,,240244,4,,,1,30,,240245,4,,,1,70,,240246,4,,,1,30,,240247,4,,,1,71,,240248,4,,,1,12,,240249,4,,,1,12,,240268,4,,,1,12,,240250,4,,,1,12,,240251,4,,,1,52,,240280,4,,,1,12,,240252,4,,,1,12,,240269,4,,,1,12,,240253,4,,,1,12,,240254,4,,,1,52,,240281,4,,,1,12,,240255,4,,,1,12,,240274,4,,,1,70,,240275,4,,,1,29,,240256,4,,,1,70,,240257,4,,,1,30,,240258,4,,,1,70,,240259,4,,,1,30,,240260,4,,,1,70,,240261,4,,,1,30,,240262,4,,,1,70,,240276,4,,,1,100,,240270,4,,,1,100,,240277,4,,,1
91601,'916-Saturday-1-26-09-0000010',639,,240282,4,,,1,100,,240283,4,,,1,70,,240284,4,,,1,30,,240285,4,,,1,72,,240286,4,,,1,32,,240287,4,,,1,72,,240288,4,,,1,30,,240289,4,,,1,70,,240290,4,,,1,30,,240291,4,,,1,70,,240292,4,,,1,30,,240293,4,,,1,70,,240294,4,,,1,30,,240295,4,,,1,70,,240296,4,,,1,30,,240297,4,,,1,70,,240298,4,,,1,30,,240299,4,,,1,70,,240300,4,,,1,30,,240301,4,,,1,70,,240302,4,,,1,30,,240303,4,,,1,70,,240310,4,,,1,30,,240311,4,,,1,65,,240304,4,,,1,100,,240305,4,,,1,100,,240306,4,,,1,100,,240307,4,,,1,100,,240308,4,,,1,100,,240309,4,,,1
91601,'916-Sunday-1-26-09-0000001',640,,240312,4,,,1,100,,240313,4,,,1,100,,240314,4,,,1,99,,240336,4,,,1,101,,240315,4,,,1,70,,240316,4,,,1,30,,240317,4,,,1,70,,240318,4,,,1,30,,240319,4,,,1,70,,240320,4,,,1,30,,240321,4,,,1,70,,240322,4,,,1,30,,240323,4,,,1,70,,240324,4,,,1,30,,240325,4,,,1,70,,240326,4,,,1,30,,240327,4,,,1,70,,240337,4,,,1,26,,240338,4,,,1,68,,240328,4,,,1,30,,240329,4,,,1,70,,240330,4,,,1,37,,240331,4,,,1,100,,240332,4,,,1,100,,240333,4,,,1,100,,240334,4,,,1,100,,240335,4,,,1
92301,'923-Weekday-1-26-09-1111100',607,,242146,4,,,1,28,,242147,4,,,1,70,,242148,4,,,1,30,,242149,4,,,1,70,,242150,4,,,1,30,,242151,4,,,1,70,,242152,4,,,1,30,,242162,4,,,1,70,,242163,4,,,1,30,,242164,4,,,1,70,,242165,4,,,1,30,,242166,4,,,1,70,,242167,4,,,1,30,,242168,4,,,1,70,,242169,4,,,1,30,,242170,4,,,1,70,,242171,4,,,1,32,,242160,4,,,1,69,,242153,4,,,1,30,,242154,4,,,1,70,,242155,4,,,1,30,,242156,4,,,1,70,,242157,4,,,1,30,,242158,4,,,1,70,,242159,4,,,1,31,,242161,4,,,1,68,,242172,4,,,1,30,,242173,4,,,1,70,,242174,4,,,1,30,,242175,4,,,1,70,,242176,4,,,1,30,,242177,4,,,1,70,,242178,4,,,1
92301,'923-Weekday-2-26-09-1111100',607,,242179,4,,,1,28,,242180,4,,,1,70,,242181,4,,,1,30,,242182,4,,,1,70,,242183,4,,,1,30,,242184,4,,,1,70,,242185,4,,,1,30,,242195,4,,,1,70,,242196,4,,,1,30,,242197,4,,,1,70,,242198,4,,,1,30,,242199,4,,,1,70,,242200,4,,,1,30,,242201,4,,,1,70,,242202,4,,,1,30,,242203,4,,,1,70,,242204,4,,,1,32,,242193,4,,,1,69,,242186,4,,,1,30,,242187,4,,,1,70,,242188,4,,,1,30,,242189,4,,,1,70,,242190,4,,,1,30,,242191,4,,,1,70,,242192,4,,,1,31,,242194,4,,,1,68,,242205,4,,,1,30,,242206,4,,,1,70,,242207,4,,,1,30,,242208,4,,,1,70,,242209,4,,,1,30,,242210,4,,,1,70,,242211,4,,,1
92301,'923-Weekday-4-26-09-1111100',607,,242212,4,,,1,28,,242213,4,,,1,70,,242214,4,,,1,30,,242215,4,,,1,70,,242216,4,,,1,30,,242217,4,,,1,70,,242218,4,,,1,30,,242228,4,,,1,70,,242229,4,,,1,30,,242230,4,,,1,70,,242231,4,,,1,30,,242232,4,,,1,70,,242233,4,,,1,30,,242234,4,,,1,70,,242235,4,,,1,30,,242236,4,,,1,70,,242237,4,,,1,32,,242226,4,,,1,69,,242219,4,,,1,30,,242220,4,,,1,70,,242221,4,,,1,30,,242222,4,,,1,70,,242223,4,,,1,30,,242224,4,,,1,70,,242225,4,,,1,31,,242227,4,,,1,68,,242238,4,,,1,30,,242239,4,,,1,70,,242240,4,,,1,30,,242241,4,,,1,70,,242242,4,,,1,30,,242243,4,,,1,70,,242244,4,,,1
92301,'923-Saturday-1-26-09-0000010',812,,242245,4,,,1,30,,242246,4,,,1,70,,242247,4,,,1,30,,242248,4,,,1,70,,242249,4,,,1,30,,242250,4,,,1,70,,242251,4,,,1,30,,242252,4,,,1,70,,242253,4,,,1,30,,242254,4,,,1,70,,242255,4,,,1,30,,242256,4,,,1,70,,242257,4,,,1,30,,242258,4,,,1,70,,242259,4,,,1,30,,242260,4,,,1,70,,242261,4,,,1,30,,242262,4,,,1,70,,242263,4,,,1,30,,242264,4,,,1,70,,242265,4,,,1,30,,242266,4,,,1,70,,242267,4,,,1
92301,'923-Sunday-1-26-09-0000001',1012,,242268,4,,,1,30,,242269,4,,,1,70,,242270,4,,,1,30,,242271,4,,,1,70,,242272,4,,,1,30,,242273,4,,,1,70,,242274,4,,,1,30,,242275,4,,,1,70,,242276,4,,,1,30,,242277,4,,,1,70,,242278,4,,,1,30,,242279,4,,,1,70,,242280,4,,,1,30,,242281,4,,,1,70,,242282,4,,,1,30,,242283,4,,,1,70,,242284,4,,,1,30,,242285,4,,,1,70,,242286,4,,,1
1091800,'918-Weekday-1-26-09-1111100',459,,243254,4,,,1,70,,243255,4,,,1,30,,243256,4,,,1,70,,243257,4,,,1,16,,243258,4,,,1,55,,243259,4,,,1,15,,243260,4,,,1,15,,243261,4,,,1,15,,243262,4,,,1,55,,243263,4,,,1,15,,243264,4,,,1,15,,243265,4,,,1,15,,243285,4,,,1,55,,243284,4,,,1,18,,243298,4,,,1,30,,243299,4,,,1,70,,243300,4,,,1,30,,243301,4,,,1,70,,243294,4,,,1,30,,243295,4,,,1,70,,243266,4,,,1,30,,243267,4,,,1,70,,243268,4,,,1,30,,243269,4,,,1,70,,243270,4,,,1,30,,243271,4,,,1,70,,243272,4,,,1,22,,243296,4,,,1,15,,243297,4,,,1,55,,243273,4,,,1,15,,243274,4,,,1,15,,243275,4,,,1,15,,243276,4,,,1,55,,243277,4,,,1,15,,243278,4,,,1,15,,243286,4,,,1,15,,243279,4,,,1,63,,243290,4,,,1,30,,243291,4,,,1,70,,243292,4,,,1,30,,243293,4,,,1,70,,243280,4,,,1,30,,243281,4,,,1,70,,243287,4,,,1,84,,243282,4,,,1,100,,243283,4,,,1,100,,243288,4,,,1,100,,243289,4,,,1
1091800,'918-Weekday-2-26-09-1111100',459,,243302,4,,,1,70,,243303,4,,,1,30,,243304,4,,,1,70,,243305,4,,,1,16,,243306,4,,,1,55,,243307,4,,,1,15,,243308,4,,,1,15,,243309,4,,,1,15,,243310,4,,,1,55,,243311,4,,,1,15,,243312,4,,,1,15,,243313,4,,,1,15,,243333,4,,,1,55,,243332,4,,,1,18,,243346,4,,,1,30,,243347,4,,,1,70,,243348,4,,,1,30,,243349,4,,,1,70,,243342,4,,,1,30,,243343,4,,,1,70,,243314,4,,,1,30,,243315,4,,,1,70,,243316,4,,,1,30,,243317,4,,,1,70,,243318,4,,,1,30,,243319,4,,,1,70,,243320,4,,,1,22,,243344,4,,,1,15,,243345,4,,,1,55,,243321,4,,,1,15,,243322,4,,,1,15,,243323,4,,,1,15,,243324,4,,,1,55,,243325,4,,,1,15,,243326,4,,,1,15,,243334,4,,,1,15,,243327,4,,,1,63,,243338,4,,,1,30,,243339,4,,,1,70,,243340,4,,,1,30,,243341,4,,,1,70,,243328,4,,,1,30,,243329,4,,,1,70,,243335,4,,,1,84,,243330,4,,,1,100,,243331,4,,,1,100,,243336,4,,,1,100,,243337,4,,,1
1091800,'918-Weekday-4-26-09-1111100',459,,243350,4,,,1,70,,243351,4,,,1,30,,243352,4,,,1,70,,243353,4,,,1,16,,243354,4,,,1,55,,243355,4,,,1,15,,243356,4,,,1,15,,243357,4,,,1,15,,243358,4,,,1,55,,243359,4,,,1,15,,243360,4,,,1,15,,243361,4,,,1,15,,243381,4,,,1,55,,243380,4,,,1,18,,243394,4,,,1,30,,243395,4,,,1,70,,243396,4,,,1,30,,243397,4,,,1,70,,243390,4,,,1,30,,243391,4,,,1,70,,243362,4,,,1,30,,243363,4,,,1,70,,243364,4,,,1,30,,243365,4,,,1,70,,243366,4,,,1,30,,243367,4,,,1,70,,243368,4,,,1,22,,243392,4,,,1,15,,243393,4,,,1,55,,243369,4,,,1,15,,243370,4,,,1,15,,243371,4,,,1,15,,243372,4,,,1,55,,243373,4,,,1,15,,243374,4,,,1,15,,243382,4,,,1,15,,243375,4,,,1,63,,243386,4,,,1,30,,243387,4,,,1,70,,243388,4,,,1,30,,243389,4,,,1,70,,243376,4,,,1,30,,243377,4,,,1,70,,243383,4,,,1,84,,243378,4,,,1,100,,243379,4,,,1,100,,243384,4,,,1,100,,243385,4,,,1
1091800,'918-Saturday-1-26-09-0000010',541,,243398,4,,,1,100,,243399,4,,,1,100,,243400,4,,,1,100,,243401,4,,,1,69,,243402,4,,,1,30,,243403,4,,,1,70,,243404,4,,,1,30,,243405,4,,,1,70,,243406,4,,,1,30,,243407,4,,,1,70,,243408,4,,,1,30,,243409,4,,,1,70,,243410,4,,,1,30,,243411,4,,,1,70,,243412,4,,,1,30,,243413,4,,,1,70,,243414,4,,,1,30,,243415,4,,,1,70,,243416,4,,,1,30,,243417,4,,,1,72,,243418,4,,,1,30,,243419,4,,,1,70,,243420,4,,,1,30,,243421,4,,,1,70,,243422,4,,,1,30,,243423,4,,,1,100,,243424,4,,,1,100,,243425,4,,,1,100,,243426,4,,,1,100,,243427,4,,,1
1091800,'918-Sunday-1-26-09-0000001',553,,243449,4,,,1,100,,243450,4,,,1,100,,243451,4,,,1,100,,243452,4,,,1,100,,243448,4,,,1,86,,243453,4,,,1,70,,243454,4,,,1,30,,243455,4,,,1,70,,243439,4,,,1,30,,243433,4,,,1,70,,243434,4,,,1,30,,243428,4,,,1,70,,243429,4,,,1,30,,243430,4,,,1,70,,243431,4,,,1,30,,243432,4,,,1,70,,243441,4,,,1,30,,243442,4,,,1,70,,243443,4,,,1,30,,243446,4,,,1,70,,243447,4,,,1,35,,243444,4,,,1,70,,243445,4,,,1,86,,243440,4,,,1,100,,243435,4,,,1,100,,243436,4,,,1,100,,243437,4,,,1,100,,243438,4,,,1
2091801,'918-Weekday-1-26-09-1111100',513,,244060,4,,,1,30,,244061,4,,,1,70,,244062,4,,,1,24,,244064,4,,,1,15,,244065,4,,,1,55,,244066,4,,,1,15,,244067,4,,,1,15,,244068,4,,,1,15,,244069,4,,,1,55,,244070,4,,,1,15,,244071,4,,,1,15,,244063,4,,,1,15,,244096,4,,,1,55,,244072,4,,,1,25,,244081,4,,,1,70,,244082,4,,,1,30,,244083,4,,,1,70,,244084,4,,,1,30,,244085,4,,,1,70,,244086,4,,,1,30,,244073,4,,,1,70,,244074,4,,,1,30,,244075,4,,,1,70,,244076,4,,,1,30,,244077,4,,,1,71,,244078,4,,,1,30,,244087,4,,,1,15,,244088,4,,,1,55,,244080,4,,,1,15,,244056,4,,,1,15,,244057,4,,,1,15,,244058,4,,,1,55,,244059,4,,,1,15,,244054,4,,,1,15,,244079,4,,,1,15,,244097,4,,,1,55,,244055,4,,,1,29,,244089,4,,,1,70,,244090,4,,,1,30,,244091,4,,,1,70,,244051,4,,,1,30,,244052,4,,,1,70,,244053,4,,,1,30,,244092,4,,,1,100,,244093,4,,,1,100,,244094,4,,,1,100,,244095,4,,,1
2091801,'918-Weekday-2-26-09-1111100',513,,244107,4,,,1,30,,244108,4,,,1,70,,244109,4,,,1,24,,244111,4,,,1,15,,244112,4,,,1,55,,244113,4,,,1,15,,244114,4,,,1,15,,244115,4,,,1,15,,244116,4,,,1,55,,244117,4,,,1,15,,244118,4,,,1,15,,244110,4,,,1,15,,244143,4,,,1,55,,244119,4,,,1,25,,244128,4,,,1,70,,244129,4,,,1,30,,244130,4,,,1,70,,244131,4,,,1,30,,244132,4,,,1,70,,244133,4,,,1,30,,244120,4,,,1,70,,244121,4,,,1,30,,244122,4,,,1,70,,244123,4,,,1,30,,244124,4,,,1,71,,244125,4,,,1,30,,244134,4,,,1,15,,244135,4,,,1,55,,244127,4,,,1,15,,244103,4,,,1,15,,244104,4,,,1,15,,244105,4,,,1,55,,244106,4,,,1,15,,244101,4,,,1,15,,244126,4,,,1,15,,244144,4,,,1,55,,244102,4,,,1,29,,244136,4,,,1,70,,244137,4,,,1,30,,244138,4,,,1,70,,244098,4,,,1,30,,244099,4,,,1,70,,244100,4,,,1,30,,244139,4,,,1,100,,244140,4,,,1,100,,244141,4,,,1,100,,244142,4,,,1
2091801,'918-Weekday-4-26-09-1111100',513,,244154,4,,,1,30,,244155,4,,,1,70,,244156,4,,,1,24,,244158,4,,,1,15,,244159,4,,,1,55,,244160,4,,,1,15,,244161,4,,,1,15,,244162,4,,,1,15,,244163,4,,,1,55,,244164,4,,,1,15,,244165,4,,,1,15,,244157,4,,,1,15,,244190,4,,,1,55,,244166,4,,,1,25,,244175,4,,,1,70,,244176,4,,,1,30,,244177,4,,,1,70,,244178,4,,,1,30,,244179,4,,,1,70,,244180,4,,,1,30,,244167,4,,,1,70,,244168,4,,,1,30,,244169,4,,,1,70,,244170,4,,,1,30,,244171,4,,,1,71,,244172,4,,,1,30,,244181,4,,,1,15,,244182,4,,,1,55,,244174,4,,,1,15,,244150,4,,,1,15,,244151,4,,,1,15,,244152,4,,,1,55,,244153,4,,,1,15,,244148,4,,,1,15,,244173,4,,,1,15,,244191,4,,,1,55,,244149,4,,,1,29,,244183,4,,,1,70,,244184,4,,,1,30,,244185,4,,,1,70,,244145,4,,,1,30,,244146,4,,,1,70,,244147,4,,,1,30,,244186,4,,,1,100,,244187,4,,,1,100,,244188,4,,,1,100,,244189,4,,,1
2091801,'918-Saturday-1-26-09-0000010',526,,244192,4,,,1,100,,244193,4,,,1,100,,244194,4,,,1,100,,244195,4,,,1,29,,244196,4,,,1,69,,244197,4,,,1,30,,244198,4,,,1,70,,244199,4,,,1,30,,244200,4,,,1,70,,244201,4,,,1,30,,244202,4,,,1,70,,244203,4,,,1,30,,244204,4,,,1,70,,244205,4,,,1,30,,244206,4,,,1,70,,244207,4,,,1,30,,244208,4,,,1,70,,244209,4,,,1,30,,244210,4,,,1,70,,244211,4,,,1,31,,244212,4,,,1,71,,244213,4,,,1,30,,244214,4,,,1,70,,244215,4,,,1,30,,244216,4,,,1,70,,244217,4,,,1,100,,244218,4,,,1,100,,244219,4,,,1,100,,244220,4,,,1,100,,244221,4,,,1
2091801,'918-Sunday-1-26-09-0000001',523,,244227,4,,,1,100,,244228,4,,,1,100,,244229,4,,,1,100,,244230,4,,,1,100,,244231,4,,,1,101,,244238,4,,,1,30,,244239,4,,,1,70,,244240,4,,,1,30,,244241,4,,,1,70,,244242,4,,,1,30,,244243,4,,,1,70,,244244,4,,,1,30,,244237,4,,,1,70,,244222,4,,,1,30,,244223,4,,,1,70,,244233,4,,,1,30,,244234,4,,,1,70,,244232,4,,,1,31,,244235,4,,,1,69,,244224,4,,,1,30,,244225,4,,,1,70,,244236,4,,,1,32,,244226,4,,,1,74,,244245,4,,,1,100,,244246,4,,,1,100,,244247,4,,,1,100,,244248,4,,,1,100,,244249,4,,,1,100,,244250,4,,,1
