11701,'117-Weekday-1-26-04-1111100',540,,115703,12,,,1,70,,115704,12,,,1,32,,115739,12,,,1,60,,115705,12,,,1,20,,115706,12,,,1,20,,115707,12,,,1,60,,115708,12,,,1,20,,115709,12,,,1,20,,115710,12,,,1,68,,115711,12,,,1,30,,115712,12,,,1,70,,115713,12,,,1,30,,115714,12,,,1,70,,115715,12,,,1,30,,115716,12,,,1,70,,115717,12,,,1,30,,115718,12,,,1,70,,115719,12,,,1,30,,115720,12,,,1,70,,115721,12,,,1,30,,115740,12,,,1,60,,115722,12,,,1,21,,115723,12,,,1,20,,115724,12,,,1,60,,115725,12,,,1,20,,115726,12,,,1,20,,115727,12,,,1,60,,115728,12,,,1,20,,115729,12,,,1,20,,115730,12,,,1,70,,115731,12,,,1,30,,115732,12,,,1,70,,115733,12,,,1,30,,115734,12,,,1,70,,115735,12,,,1,30,,115736,12,,,1,70,,115737,12,,,1,30,,115738,12,,,1
11701,'117-Weekday-2-26-04-1111100',540,,137700,12,,,1,70,,137701,12,,,1,32,,137736,12,,,1,60,,137702,12,,,1,20,,137703,12,,,1,20,,137704,12,,,1,60,,137705,12,,,1,20,,137706,12,,,1,20,,137707,12,,,1,68,,137708,12,,,1,30,,137709,12,,,1,70,,137710,12,,,1,30,,137711,12,,,1,70,,137712,12,,,1,30,,137713,12,,,1,70,,137714,12,,,1,30,,137715,12,,,1,70,,137716,12,,,1,30,,137717,12,,,1,70,,137718,12,,,1,30,,137737,12,,,1,60,,137719,12,,,1,21,,137720,12,,,1,20,,137721,12,,,1,60,,137722,12,,,1,20,,137723,12,,,1,20,,137724,12,,,1,60,,137725,12,,,1,20,,137726,12,,,1,20,,137727,12,,,1,70,,137728,12,,,1,30,,137729,12,,,1,70,,137730,12,,,1,30,,137731,12,,,1,70,,137732,12,,,1,30,,137733,12,,,1,70,,137734,12,,,1,30,,137735,12,,,1
11701,'117-Weekday-3-26-04-1111100',540,,137738,12,,,1,70,,137739,12,,,1,32,,137774,12,,,1,60,,137740,12,,,1,20,,137741,12,,,1,20,,137742,12,,,1,60,,137743,12,,,1,20,,137744,12,,,1,20,,137745,12,,,1,68,,137746,12,,,1,30,,137747,12,,,1,70,,137748,12,,,1,30,,137749,12,,,1,70,,137750,12,,,1,30,,137751,12,,,1,70,,137752,12,,,1,30,,137753,12,,,1,70,,137754,12,,,1,30,,137755,12,,,1,70,,137756,12,,,1,30,,137775,12,,,1,60,,137757,12,,,1,21,,137758,12,,,1,20,,137759,12,,,1,60,,137760,12,,,1,20,,137761,12,,,1,20,,137762,12,,,1,60,,137763,12,,,1,20,,137764,12,,,1,20,,137765,12,,,1,70,,137766,12,,,1,30,,137767,12,,,1,70,,137768,12,,,1,30,,137769,12,,,1,70,,137770,12,,,1,30,,137771,12,,,1,70,,137772,12,,,1,30,,137773,12,,,1
11701,'117-Saturday-1-26-04-0000010',627,,115741,12,,,1,100,,115742,12,,,1,100,,115743,12,,,1,79,,115744,12,,,1,29,,115745,12,,,1,70,,115746,12,,,1,30,,115747,12,,,1,70,,115748,12,,,1,30,,115749,12,,,1,70,,115750,12,,,1,30,,115751,12,,,1,70,,115752,12,,,1,30,,115753,12,,,1,70,,115754,12,,,1,30,,115755,12,,,1,70,,115756,12,,,1,30,,115757,12,,,1,70,,115758,12,,,1,30,,115759,12,,,1,70,,115760,12,,,1,30,,115761,12,,,1,70,,115762,12,,,1,30,,115763,12,,,1,70,,115764,12,,,1,30,,115765,12,,,1,70,,115766,12,,,1,30,,115767,12,,,1,70,,115768,12,,,1,30,,115769,12,,,1,70,,115770,12,,,1
11701,'117-Sunday-1-26-04-0000001',641,,115771,12,,,1,100,,115772,12,,,1,100,,115773,12,,,1,101,,115774,12,,,1,70,,115775,12,,,1,30,,115776,12,,,1,70,,115777,12,,,1,30,,115778,12,,,1,70,,115779,12,,,1,30,,115780,12,,,1,70,,115781,12,,,1,30,,115782,12,,,1,70,,115783,12,,,1,30,,115784,12,,,1,70,,115785,12,,,1,30,,115786,12,,,1,70,,115787,12,,,1,30,,115788,12,,,1,69,,115789,12,,,1,28,,115790,12,,,1,70,,115791,12,,,1,30,,115792,12,,,1,70,,115793,12,,,1,100,,115794,12,,,1,100,,115795,12,,,1
62000,'620-Weekday-1-26-04-0001000',1209,,120373,6,,,1
62000,'620-Weekday-1-26-04-1110100',1517,,120374,6,,,1
62000,'620-Weekday-1-26-04-1111100',1539,,120375,6,,,1,5,,120376,6,,,1
62000,'620-Weekday-2-26-04-1111100',1539,,141982,6,,,1,5,,141983,6,,,1
62000,'620-Weekday-3-26-04-0001000',1209,,141984,6,,,1
62000,'620-Weekday-3-26-04-1110100',1517,,141985,6,,,1
