61000,'610-Weekday-1-26-09-0001000',1243,,227383,12,,,1,196,,227384,12,,,1,5,,227382,12,,,1
61000,'610-Weekday-1-26-09-1110100',1517,,227385,12,,,1,4,,227386,12,,,1,19,,227387,12,,,1,5,,227388,12,,,1
61000,'610-Weekday-3-26-09-1110100',1540,,227389,12,,,1,5,,227390,12,,,1
61001,'610-Weekday-1-26-09-1111100',718,,227391,3,,,1,7,,227392,3,,,1,80,,227393,3,,,1,5,,227394,3,,,1
61001,'610-Weekday-3-26-09-1111100',805,,227395,3,,,1,5,,227396,3,,,1
61100,'611-Weekday-1-26-09-0001000',1203,,227397,12,,,1,4,,227398,12,,,1,235,,227399,12,,,1
61100,'611-Weekday-1-26-09-1110100',1513,,227400,12,,,1,4,,227401,12,,,1,19,,227402,12,,,1
61100,'611-Weekday-3-26-09-1110100',1536,,227403,12,,,1
61101,'611-Weekday-1-26-09-1111100',729,,227404,3,,,1,5,,227405,3,,,1,25,,227406,3,,,1
61101,'611-Weekday-3-26-09-1111100',759,,227407,3,,,1
61600,'616-Weekday-1-26-09-0001000',1425,,227429,14,,,1,4,,227430,14,,,1
61600,'616-Weekday-1-26-09-1110100',1524,,227431,14,,,1,4,,227432,14,,,1
61600,'616-Weekday-3-26-09-1110100',1524,,227433,14,,,1,4,,227434,14,,,1
61601,'616-Weekday-1-26-09-1111100',759,,227435,3,,,1
61601,'616-Weekday-3-26-09-1111100',759,,227436,3,,,1
68400,'684-Weekday-1-26-09-0001000',1322,,227887,39,,,1
68400,'684-Weekday-1-26-09-1110100',1630,,227888,39,,,1
68400,'684-Weekday-1-26-09-1111100',1618,,227891,44,,,1
68400,'684-Weekday-3-26-09-1111100',1618,,227893,44,,,1
68401,'684-Weekday-1-26-09-1111100',730,,227894,3,,,1
68401,'684-Weekday-3-26-09-1111100',730,,227897,3,,,1
