11201,'112-Weekday-1-26-09-1111100',555,,217425,13,,,1,70,,217426,13,,,1,31,,217455,13,,,1,60,,217462,13,,,1,20,,217445,13,,,1,20,,217446,13,,,1,45,,217461,13,,,1,15,,217442,13,,,1,20,,217459,13,,,1,70,,217458,13,,,1,19,,217427,13,,,1,30,,217428,13,,,1,70,,217447,13,,,1,30,,217448,13,,,1,70,,217449,13,,,1,30,,217450,13,,,1,70,,217451,13,,,1,30,,217452,13,,,1,70,,217453,13,,,1,30,,217454,13,,,1,70,,217444,13,,,1,30,,217443,13,,,1,70,,217429,13,,,1,20,,217430,13,,,1,60,,217456,13,,,1,20,,217431,13,,,1,20,,217432,13,,,1,60,,217457,13,,,1,12,,217441,13,,,1,20,,217460,13,,,1,20,,217433,13,,,1,70,,217434,13,,,1,29,,217435,13,,,1,69,,217436,13,,,1,30,,217437,13,,,1,70,,217438,13,,,1,30,,217439,13,,,1,70,,217440,13,,,1
11201,'112-Weekday-2-26-09-1111100',555,,217463,13,,,1,70,,217464,13,,,1,31,,217493,13,,,1,60,,217499,13,,,1,20,,217483,13,,,1,20,,217484,13,,,1,60,,217480,13,,,1,20,,217497,13,,,1,70,,217496,13,,,1,19,,217465,13,,,1,30,,217466,13,,,1,70,,217485,13,,,1,30,,217486,13,,,1,70,,217487,13,,,1,30,,217488,13,,,1,70,,217489,13,,,1,30,,217490,13,,,1,70,,217491,13,,,1,30,,217492,13,,,1,70,,217482,13,,,1,30,,217481,13,,,1,70,,217467,13,,,1,20,,217468,13,,,1,60,,217494,13,,,1,20,,217469,13,,,1,20,,217470,13,,,1,60,,217495,13,,,1,12,,217479,13,,,1,20,,217498,13,,,1,20,,217471,13,,,1,70,,217472,13,,,1,29,,217473,13,,,1,69,,217474,13,,,1,30,,217475,13,,,1,70,,217476,13,,,1,30,,217477,13,,,1,70,,217478,13,,,1
11201,'112-Weekday-4-26-09-1111100',555,,217500,13,,,1,70,,217501,13,,,1,31,,217530,13,,,1,60,,217536,13,,,1,20,,217520,13,,,1,20,,217521,13,,,1,60,,217517,13,,,1,20,,217534,13,,,1,70,,217533,13,,,1,19,,217502,13,,,1,30,,217503,13,,,1,70,,217522,13,,,1,30,,217523,13,,,1,70,,217524,13,,,1,30,,217525,13,,,1,70,,217526,13,,,1,30,,217527,13,,,1,70,,217528,13,,,1,30,,217529,13,,,1,70,,217519,13,,,1,30,,217518,13,,,1,70,,217504,13,,,1,20,,217505,13,,,1,60,,217531,13,,,1,20,,217506,13,,,1,20,,217507,13,,,1,60,,217532,13,,,1,12,,217516,13,,,1,20,,217535,13,,,1,20,,217508,13,,,1,70,,217509,13,,,1,29,,217510,13,,,1,69,,217511,13,,,1,30,,217512,13,,,1,70,,217513,13,,,1,30,,217514,13,,,1,70,,217515,13,,,1
11201,'112-Saturday-1-26-09-0000010',804,,217537,13,,,1,30,,217538,13,,,1,70,,217539,13,,,1,30,,217540,13,,,1,70,,217541,13,,,1,30,,217542,13,,,1,70,,217543,13,,,1,30,,217544,13,,,1,70,,217545,13,,,1,30,,217546,13,,,1,70,,217547,13,,,1,30,,217548,13,,,1,70,,217549,13,,,1,30,,217550,13,,,1,70,,217551,13,,,1,30,,217552,13,,,1,70,,217553,13,,,1,30,,217554,13,,,1,70,,217555,13,,,1,30,,217556,13,,,1,70,,217557,13,,,1,30,,217558,13,,,1,70,,217559,13,,,1
11201,'112-Sunday-1-26-09-0000001',1007,,217560,13,,,1,30,,217561,13,,,1,70,,217562,13,,,1,30,,217563,13,,,1,70,,217564,13,,,1,30,,217565,13,,,1,70,,217566,13,,,1,30,,217567,13,,,1,70,,217568,13,,,1,30,,217569,13,,,1,70,,217570,13,,,1,30,,217571,13,,,1,70,,217572,13,,,1,30,,217573,13,,,1,70,,217574,13,,,1,29,,217576,13,,,1,70,,217577,13,,,1,30,,217575,13,,,1
61301,'613-Weekday-1-26-09-0001000',1257,,227414,38,,,1,198,,227415,38,,,1
61301,'613-Weekday-1-26-09-1110100',1535,,227416,38,,,1,20,,227417,38,,,1
61301,'613-Weekday-3-26-09-1110100',1555,,227418,38,,,1
61800,'618-Weekday-1-26-09-0001000',1300,,227447,39,,,1
61800,'618-Weekday-1-26-09-1110100',1551,,227448,39,,,1
24015000,'150X-Weekday-1-26-09-1111100',1541,,245085,45,,,1,60,,245086,45,,,1,22,,245087,45,,,1,22,,245088,45,,,1,60,,245089,45,,,1,19,,245090,45,,,1,18,,245091,45,,,1,59,,245092,45,,,1,20,,245093,45,,,1
24015000,'150X-Weekday-2-26-09-1111100',1541,,245094,45,,,1,60,,245095,45,,,1,22,,245096,45,,,1,22,,245097,45,,,1,60,,245098,45,,,1,19,,245099,45,,,1,18,,245100,45,,,1,59,,245101,45,,,1,20,,245102,45,,,1
24015000,'150X-Weekday-4-26-09-1111100',1541,,245103,45,,,1,60,,245104,45,,,1,22,,245105,45,,,1,22,,245106,45,,,1,60,,245107,45,,,1,19,,245108,45,,,1,18,,245109,45,,,1,59,,245110,45,,,1,20,,245111,45,,,1
