66300,'663-Weekday-1-26-09-1111100',752,,227742,16,,,1,3,,227743,16,,,1,45,,227744,16,,,1
66301,'663-Weekday-1-26-09-0001000',1240,,227745,18,,,1,2,,227746,18,,,1,2,,227747,18,,,1
66301,'663-Weekday-1-26-09-1110100',1534,,227748,18,,,1,2,,227749,18,,,1,2,,227750,18,,,1
66801,'668-Weekday-1-26-09-0001000',1444,,227792,7,,,1,2,,227793,7,,,1
66801,'668-Weekday-1-26-09-1110100',1520,,227794,7,,,1,3,,227795,7,,,1,3,,227796,7,,,1
66801,'668-Weekday-3-26-09-1110100',1520,,227797,7,,,1,3,,227798,7,,,1,3,,227799,7,,,1
71900,'719-Weekday-1-26-09-1111100',453,,233411,16,,,1,70,,233413,16,,,1,30,,233366,16,,,1,48,,233414,16,,,1,7,,233422,16,,,1,8,,233437,16,,,1,7,,233434,16,,,1,9,,233412,16,,,1,9,,233367,16,,,1,8,,233438,16,,,1,52,,233420,16,,,1,8,,233426,16,,,1,7,,233368,16,,,1,8,,233427,16,,,1,7,,233435,16,,,1,8,,233432,16,,,1,7,,233369,16,,,1,8,,233428,16,,,1,47,,233371,16,,,1,8,,233429,16,,,1,7,,233370,16,,,1,8,,233430,16,,,1,7,,233436,16,,,1,8,,233439,16,,,1,9,,233421,16,,,1,60,,233372,16,,,1,18,,233373,16,,,1,20,,233374,16,,,1,60,,233375,16,,,1,20,,233376,16,,,1,20,,233377,16,,,1,60,,233378,16,,,1,20,,233379,16,,,1,20,,233380,16,,,1,60,,233381,16,,,1,20,,233382,16,,,1,20,,233383,16,,,1,60,,233384,16,,,1,20,,233385,16,,,1,20,,233386,16,,,1,60,,233387,16,,,1,20,,233388,16,,,1,20,,233389,16,,,1,60,,233390,16,,,1,25,,233391,16,,,1,12,,233431,16,0,24,1,9,,233392,16,,,1,51,,233424,16,0,24,1,9,,233393,16,,,1,11,,233425,16,0,24,1,9,,233433,16,,,1,11,,233440,16,0,24,1,9,,233423,16,,,1,51,,233419,16,0,24,1,9,,233394,16,,,1,11,,233416,16,0,24,1,9,,233396,16,,,1,11,,233417,16,0,24,1,9,,233395,16,,,1,51,,233418,16,0,24,1,9,,233397,16,,,1,11,,233441,16,0,24,1,11,,233398,16,,,1,16,,233399,16,,,1,58,,233400,16,,,1,20,,233401,16,,,1,20,,233402,16,,,1,60,,233403,16,,,1,20,,233404,16,,,1,20,,233405,16,,,1,60,,233406,16,,,1,20,,233407,16,,,1,20,,233415,16,,,1,68,,233408,16,,,1,99,,233409,16,,,1,100,,233410,16,,,1
71900,'719-Weekday-2-26-09-1111100',453,,233487,16,,,1,70,,233489,16,,,1,30,,233442,16,,,1,48,,233490,16,,,1,7,,233498,16,,,1,8,,233513,16,,,1,7,,233510,16,,,1,9,,233488,16,,,1,9,,233443,16,,,1,8,,233514,16,,,1,52,,233496,16,,,1,8,,233502,16,,,1,7,,233444,16,,,1,8,,233503,16,,,1,7,,233511,16,,,1,8,,233508,16,,,1,7,,233445,16,,,1,8,,233504,16,,,1,47,,233447,16,,,1,8,,233505,16,,,1,7,,233446,16,,,1,8,,233506,16,,,1,7,,233512,16,,,1,8,,233515,16,,,1,9,,233497,16,,,1,60,,233448,16,,,1,18,,233449,16,,,1,20,,233450,16,,,1,60,,233451,16,,,1,20,,233452,16,,,1,20,,233453,16,,,1,60,,233454,16,,,1,20,,233455,16,,,1,20,,233456,16,,,1,60,,233457,16,,,1,20,,233458,16,,,1,20,,233459,16,,,1,60,,233460,16,,,1,20,,233461,16,,,1,20,,233462,16,,,1,60,,233463,16,,,1,20,,233464,16,,,1,20,,233465,16,,,1,60,,233466,16,,,1,25,,233467,16,,,1,12,,233507,16,0,24,1,9,,233468,16,,,1,51,,233500,16,0,24,1,9,,233469,16,,,1,11,,233501,16,0,24,1,9,,233509,16,,,1,11,,233516,16,0,24,1,9,,233499,16,,,1,51,,233495,16,0,24,1,9,,233470,16,,,1,11,,233492,16,0,24,1,9,,233472,16,,,1,11,,233493,16,0,24,1,9,,233471,16,,,1,51,,233494,16,0,24,1,9,,233473,16,,,1,11,,233517,16,0,24,1,11,,233474,16,,,1,16,,233475,16,,,1,58,,233476,16,,,1,20,,233477,16,,,1,20,,233478,16,,,1,60,,233479,16,,,1,20,,233480,16,,,1,20,,233481,16,,,1,60,,233482,16,,,1,20,,233483,16,,,1,20,,233491,16,,,1,68,,233484,16,,,1,99,,233485,16,,,1,100,,233486,16,,,1
71900,'719-Weekday-4-26-09-1111100',453,,233563,16,,,1,70,,233565,16,,,1,30,,233518,16,,,1,48,,233566,16,,,1,7,,233574,16,,,1,8,,233589,16,,,1,7,,233586,16,,,1,9,,233564,16,,,1,9,,233519,16,,,1,8,,233590,16,,,1,52,,233572,16,,,1,8,,233578,16,,,1,7,,233520,16,,,1,8,,233579,16,,,1,7,,233587,16,,,1,8,,233584,16,,,1,7,,233521,16,,,1,8,,233580,16,,,1,47,,233523,16,,,1,8,,233581,16,,,1,7,,233522,16,,,1,8,,233582,16,,,1,7,,233588,16,,,1,8,,233591,16,,,1,9,,233573,16,,,1,60,,233524,16,,,1,18,,233525,16,,,1,20,,233526,16,,,1,60,,233527,16,,,1,20,,233528,16,,,1,20,,233529,16,,,1,60,,233530,16,,,1,20,,233531,16,,,1,20,,233532,16,,,1,60,,233533,16,,,1,20,,233534,16,,,1,20,,233535,16,,,1,60,,233536,16,,,1,20,,233537,16,,,1,20,,233538,16,,,1,60,,233539,16,,,1,20,,233540,16,,,1,20,,233541,16,,,1,60,,233542,16,,,1,25,,233543,16,,,1,12,,233583,16,0,24,1,9,,233544,16,,,1,51,,233576,16,0,24,1,9,,233545,16,,,1,11,,233577,16,0,24,1,9,,233585,16,,,1,11,,233592,16,0,24,1,9,,233575,16,,,1,51,,233571,16,0,24,1,9,,233546,16,,,1,11,,233568,16,0,24,1,9,,233548,16,,,1,11,,233569,16,0,24,1,9,,233547,16,,,1,51,,233570,16,0,24,1,9,,233549,16,,,1,11,,233593,16,0,24,1,11,,233550,16,,,1,16,,233551,16,,,1,58,,233552,16,,,1,20,,233553,16,,,1,20,,233554,16,,,1,60,,233555,16,,,1,20,,233556,16,,,1,20,,233557,16,,,1,60,,233558,16,,,1,20,,233559,16,,,1,20,,233567,16,,,1,68,,233560,16,,,1,99,,233561,16,,,1,100,,233562,16,,,1
71900,'719-Saturday-1-26-09-0000010',601,,233594,16,,,1,30,,233595,16,,,1,70,,233596,16,,,1,30,,233597,16,,,1,70,,233598,16,,,1,30,,233599,16,,,1,70,,233600,16,,,1,34,,233601,16,,,1,70,,233602,16,,,1,30,,233603,16,,,1,70,,233604,16,,,1,30,,233605,16,,,1,70,,233606,16,,,1,30,,233607,16,,,1,70,,233608,16,,,1,30,,233609,16,,,1,70,,233610,16,,,1,30,,233611,16,,,1,70,,233612,16,,,1,30,,233613,16,,,1,70,,233614,16,,,1,30,,233615,16,,,1,70,,233616,16,,,1,29,,233617,16,,,1,70,,233618,16,,,1,30,,233619,16,,,1,70,,233620,16,,,1,30,,233621,16,,,1,70,,233622,16,,,1,30,,233623,16,,,1,70,,233624,16,,,1,30,,233625,16,,,1,70,,233626,16,,,1,30,,233627,16,,,1,70,,233628,16,,,1,30,,233629,16,,,1,70,,233630,16,,,1
71900,'719-Sunday-1-26-09-0000001',602,,233631,16,,,1,100,,233632,16,,,1,100,,233633,16,,,1,100,,233634,16,,,1,102,,233635,16,,,1,100,,233636,16,,,1,30,,233637,16,,,1,70,,233638,16,,,1,30,,233639,16,,,1,70,,233640,16,,,1,30,,233641,16,,,1,70,,233642,16,,,1,30,,233643,16,,,1,70,,233644,16,,,1,30,,233645,16,,,1,70,,233646,16,,,1,30,,233647,16,,,1,70,,233648,16,,,1,29,,233649,16,,,1,70,,233650,16,,,1,30,,233651,16,,,1,70,,233652,16,,,1,30,,233653,16,,,1,85,,233654,16,,,1,100,,233655,16,,,1,100,,233656,16,,,1,100,,233657,16,,,1,100,,233658,16,,,1
