50700,'507-Weekday-1-26-04-1111100',534,,117348,39,,,1,70,,117349,39,,,1,32,,117350,39,,,1,76,,117351,39,,,1,30,,117352,39,,,1,70,,117353,39,,,1,26,,117388,39,,,1,65,,117387,39,,,1,25,,117354,39,,,1,30,,117355,39,,,1,70,,117356,39,,,1,30,,117357,39,,,1,70,,117358,39,,,1,30,,117359,39,,,1,70,,117360,39,,,1,30,,117361,39,,,1,70,,117362,39,,,1,30,,117363,39,,,1,70,,117364,39,,,1,30,,117365,39,,,1,75,,117366,39,,,1,26,,117390,39,,,1,44,,117367,39,,,1,15,,117368,39,,,1,15,,117369,39,,,1,15,,117370,39,,,1,55,,117371,39,,,1,15,,117372,39,,,1,15,,117373,39,,,1,15,,117374,39,,,1,55,,117375,39,,,1,15,,117376,39,,,1,14,,117377,39,,,1,26,,117378,39,,,1,71,,117379,39,,,1,30,,117380,39,,,1,70,,117381,39,,,1,30,,117382,39,,,1,70,,117383,39,,,1,29,,117384,39,,,1,68,,117389,39,,,1,90,,117385,39,,,1,100,,117386,39,,,1
50700,'507-Weekday-2-26-04-1111100',534,,139250,39,,,1,70,,139251,39,,,1,32,,139252,39,,,1,76,,139253,39,,,1,30,,139254,39,,,1,70,,139255,39,,,1,26,,139290,39,,,1,65,,139289,39,,,1,25,,139256,39,,,1,30,,139257,39,,,1,70,,139258,39,,,1,30,,139259,39,,,1,70,,139260,39,,,1,30,,139261,39,,,1,70,,139262,39,,,1,30,,139263,39,,,1,70,,139264,39,,,1,30,,139265,39,,,1,70,,139266,39,,,1,30,,139267,39,,,1,75,,139268,39,,,1,26,,139292,39,,,1,44,,139269,39,,,1,15,,139270,39,,,1,15,,139271,39,,,1,15,,139272,39,,,1,55,,139273,39,,,1,15,,139274,39,,,1,15,,139275,39,,,1,15,,139276,39,,,1,55,,139277,39,,,1,15,,139278,39,,,1,14,,139279,39,,,1,26,,139280,39,,,1,71,,139281,39,,,1,30,,139282,39,,,1,70,,139283,39,,,1,30,,139284,39,,,1,70,,139285,39,,,1,29,,139286,39,,,1,68,,139291,39,,,1,90,,139287,39,,,1,100,,139288,39,,,1
50700,'507-Weekday-3-26-04-1111100',534,,139294,39,,,1,70,,139295,39,,,1,32,,139296,39,,,1,76,,139297,39,,,1,30,,139298,39,,,1,70,,139299,39,,,1,26,,139334,39,,,1,65,,139333,39,,,1,25,,139300,39,,,1,30,,139301,39,,,1,70,,139302,39,,,1,30,,139303,39,,,1,70,,139304,39,,,1,30,,139305,39,,,1,70,,139306,39,,,1,30,,139307,39,,,1,70,,139308,39,,,1,30,,139309,39,,,1,70,,139310,39,,,1,30,,139311,39,,,1,75,,139312,39,,,1,26,,139336,39,,,1,44,,139313,39,,,1,15,,139314,39,,,1,15,,139315,39,,,1,15,,139316,39,,,1,55,,139317,39,,,1,15,,139318,39,,,1,15,,139319,39,,,1,15,,139320,39,,,1,55,,139321,39,,,1,15,,139322,39,,,1,14,,139323,39,,,1,26,,139324,39,,,1,71,,139325,39,,,1,30,,139326,39,,,1,70,,139327,39,,,1,30,,139328,39,,,1,70,,139329,39,,,1,29,,139330,39,,,1,68,,139335,39,,,1,90,,139331,39,,,1,100,,139332,39,,,1
50700,'507-Saturday-1-26-04-0000010',611,,117391,39,,,1,100,,117392,39,,,1,100,,117393,39,,,1,30,,117394,39,,,1,70,,117395,39,,,1,32,,117396,39,,,1,70,,117397,39,,,1,30,,117398,39,,,1,70,,117399,39,,,1,30,,117400,39,,,1,70,,117401,39,,,1,30,,117402,39,,,1,70,,117403,39,,,1,30,,117404,39,,,1,70,,117405,39,,,1,30,,117406,39,,,1,70,,117407,39,,,1,30,,117408,39,,,1,70,,117409,39,,,1,30,,117410,39,,,1,70,,117411,39,,,1,29,,117412,39,,,1,70,,117413,39,,,1,30,,117414,39,,,1,100,,117415,39,,,1,100,,117416,39,,,1,100,,117417,39,,,1,100,,117418,39,,,1,100,,117419,39,,,1
50700,'507-Sunday-1-26-04-0000001',639,,117420,39,,,1,100,,117421,39,,,1,100,,117422,39,,,1,103,,117423,39,,,1,100,,117424,39,,,1,70,,117425,39,,,1,30,,117426,39,,,1,70,,117427,39,,,1,30,,117428,39,,,1,70,,117429,39,,,1,30,,117430,39,,,1,70,,117431,39,,,1,30,,117432,39,,,1,70,,117433,39,,,1,30,,117434,39,,,1,70,,117435,39,,,1,30,,117436,39,,,1,70,,117437,39,,,1,29,,117438,39,,,1,70,,117439,39,,,1,30,,117440,39,,,1,91,,117441,39,,,1,100,,117442,39,,,1,100,,117443,39,,,1,100,,117444,39,,,1,100,,117445,39,,,1
63001,'630-Weekday-1-26-04-0001000',1245,,120408,15,,,1,202,,120409,12,,,1
63001,'630-Weekday-1-26-04-1110100',1547,,120410,15,,,1
63001,'630-Weekday-2-26-04-1110100',1547,,142018,15,,,1
63001,'630-Weekday-3-26-04-0001000',1245,,142019,15,,,1
63001,'630-Weekday-3-26-04-1110100',1547,,142020,15,,,1
63501,'635-Weekday-1-26-04-1111100',1543,,120438,25,,,1
63501,'635-Weekday-2-26-04-1111100',1543,,142046,25,,,1
