10901,'109-Weekday-1-26-04-1111100',522,,114604,2,,,1,30,,114605,2,,,1,70,,114606,2,,,1,23,,114607,2,,,1,55,,114608,2,,,1,15,,114643,2,,,1,15,,114609,2,,,1,15,,114610,2,,,1,55,,114611,2,,,1,15,,114644,2,,,1,15,,114612,2,,,1,22,,114613,2,,,1,70,,114614,2,,,1,30,,114615,2,,,1,70,,114616,2,,,1,30,,114617,2,,,1,70,,114618,2,,,1,30,,114619,2,,,1,70,,114620,2,,,1,30,,114621,2,,,1,70,,114622,2,,,1,30,,114623,2,,,1,70,,114624,2,,,1,30,,114625,2,,,1,63,,114626,2,,,1,15,,114627,2,,,1,15,,114645,2,,,1,55,,114628,2,,,1,15,,114629,2,,,1,15,,114630,2,,,1,15,,114631,2,,,1,55,,114646,2,,,1,22,,114632,2,,,1,30,,114633,2,,,1,70,,114634,2,,,1,30,,114635,2,,,1,70,,114636,2,,,1,30,,114637,2,,,1,70,,114638,2,,,1,30,,114639,2,,,1,70,,114640,2,,,1,30,,114647,2,,,1,100,,114641,2,,,1,100,,114642,2,,,1
10901,'109-Weekday-2-26-04-1111100',522,,136726,2,,,1,30,,136727,2,,,1,70,,136728,2,,,1,23,,136729,2,,,1,55,,136730,2,,,1,15,,136765,2,,,1,15,,136731,2,,,1,15,,136732,2,,,1,55,,136733,2,,,1,15,,136766,2,,,1,15,,136734,2,,,1,22,,136735,2,,,1,70,,136736,2,,,1,30,,136737,2,,,1,70,,136738,2,,,1,30,,136739,2,,,1,70,,136740,2,,,1,30,,136741,2,,,1,70,,136742,2,,,1,30,,136743,2,,,1,70,,136744,2,,,1,30,,136745,2,,,1,70,,136746,2,,,1,30,,136747,2,,,1,63,,136748,2,,,1,15,,136749,2,,,1,15,,136767,2,,,1,55,,136750,2,,,1,15,,136751,2,,,1,15,,136752,2,,,1,15,,136753,2,,,1,55,,136768,2,,,1,22,,136754,2,,,1,30,,136755,2,,,1,70,,136756,2,,,1,30,,136757,2,,,1,70,,136758,2,,,1,30,,136759,2,,,1,70,,136760,2,,,1,30,,136761,2,,,1,70,,136762,2,,,1,30,,136769,2,,,1,100,,136763,2,,,1,100,,136764,2,,,1
10901,'109-Weekday-3-26-04-1111100',522,,136770,2,,,1,30,,136771,2,,,1,70,,136772,2,,,1,23,,136773,2,,,1,55,,136774,2,,,1,15,,136809,2,,,1,15,,136775,2,,,1,15,,136776,2,,,1,55,,136777,2,,,1,15,,136810,2,,,1,15,,136778,2,,,1,22,,136779,2,,,1,70,,136780,2,,,1,30,,136781,2,,,1,70,,136782,2,,,1,30,,136783,2,,,1,70,,136784,2,,,1,30,,136785,2,,,1,70,,136786,2,,,1,30,,136787,2,,,1,70,,136788,2,,,1,30,,136789,2,,,1,70,,136790,2,,,1,30,,136791,2,,,1,63,,136792,2,,,1,15,,136793,2,,,1,15,,136811,2,,,1,55,,136794,2,,,1,15,,136795,2,,,1,15,,136796,2,,,1,15,,136797,2,,,1,55,,136812,2,,,1,22,,136798,2,,,1,30,,136799,2,,,1,70,,136800,2,,,1,30,,136801,2,,,1,70,,136802,2,,,1,30,,136803,2,,,1,70,,136804,2,,,1,30,,136805,2,,,1,70,,136806,2,,,1,30,,136813,2,,,1,100,,136807,2,,,1,100,,136808,2,,,1
10901,'109-Saturday-1-26-04-0000010',814,,114648,2,,,1,30,,114649,2,,,1,70,,114650,2,,,1,30,,114651,2,,,1,70,,114652,2,,,1,30,,114653,2,,,1,70,,114654,2,,,1,30,,114655,2,,,1,70,,114656,2,,,1,30,,114657,2,,,1,70,,114658,2,,,1,30,,114659,2,,,1,70,,114660,2,,,1,30,,114661,2,,,1,70,,114662,2,,,1,30,,114663,2,,,1,70,,114664,2,,,1,30,,114665,2,,,1,70,,114666,2,,,1,30,,114667,2,,,1,70,,114668,2,,,1,30,,114669,2,,,1,70,,114670,2,,,1,30,,114671,2,,,1,70,,114672,2,,,1,30,,114673,2,,,1,70,,114674,2,,,1,30,,114675,2,,,1
10901,'109-Sunday-1-26-04-0000001',1024,,114676,2,,,1,30,,114677,2,,,1,70,,114678,2,,,1,30,,114679,2,,,1,70,,114680,2,,,1,30,,114681,2,,,1,70,,114682,2,,,1,30,,114683,2,,,1,70,,114684,2,,,1,30,,114685,2,,,1,70,,114686,2,,,1,30,,114687,2,,,1,70,,114688,2,,,1,30,,114689,2,,,1,70,,114690,2,,,1,30,,114691,2,,,1,70,,114692,2,,,1,30,,114693,2,,,1
61400,'614-Weekday-1-26-04-0001000',1226,,120353,6,,,1,210,,120354,6,,,1
61400,'614-Weekday-1-26-04-1110100',1524,,120355,6,,,1,12,,120356,6,,,1
61400,'614-Weekday-2-26-04-1110100',1536,,141967,6,,,1
61400,'614-Weekday-3-26-04-0001000',1226,,141968,6,,,1
61400,'614-Weekday-3-26-04-1110100',1524,,141969,6,,,1
