91601,'916-Weekday-1-26-04-0001000',1223,,126907,15,,,1
91601,'916-Weekday-1-26-04-1110100',1528,,126908,15,,,1,93,,126909,15,,,1
91601,'916-Weekday-1-26-04-1111100',553,,126910,15,,,1,70,,126945,15,,,1,19,,126946,15,,,1,59,,126947,15,,,1,20,,126948,15,,,1,20,,126949,15,,,1,60,,126950,15,,,1,24,,126911,15,,,1,25,,126944,15,,,1,71,,126912,15,,,1,32,,126913,15,,,1,70,,126914,15,,,1,30,,126915,15,,,1,70,,126916,15,,,1,30,,126917,15,,,1,70,,126918,15,,,1,30,,126919,15,,,1,70,,126920,15,,,1,30,,126921,15,,,1,70,,126922,15,,,1,30,,126923,15,,,1,60,,126924,15,,,1,12,,126925,15,,,1,12,,126926,15,,,1,12,,126951,15,,,1,52,,126927,15,,,1,12,,126928,15,,,1,12,,126929,15,,,1,12,,126930,15,,,1,12,,126952,15,,,1,52,,126931,15,,,1,12,,126932,15,,,1,12,,126933,15,,,1,12,,126934,15,,,1,16,,126943,15,,,1,70,,126935,15,,,1,28,,126936,15,,,1,70,,126937,15,,,1,30,,126938,15,,,1,70,,126939,15,,,1,30,,126940,15,,,1,70,,126941,15,,,1,30,,126942,15,,,1,69,,126953,15,,,1,26,,126954,15,,,1,100,,126955,15,,,1
91601,'916-Weekday-2-26-04-1110100',1621,,148152,15,,,1
91601,'916-Weekday-2-26-04-1111100',553,,148153,15,,,1,70,,148188,15,,,1,19,,148189,15,,,1,59,,148190,15,,,1,20,,148191,15,,,1,20,,148192,15,,,1,60,,148193,15,,,1,24,,148154,15,,,1,25,,148187,15,,,1,71,,148155,15,,,1,32,,148156,15,,,1,70,,148157,15,,,1,30,,148158,15,,,1,70,,148159,15,,,1,30,,148160,15,,,1,70,,148161,15,,,1,30,,148162,15,,,1,70,,148163,15,,,1,30,,148164,15,,,1,70,,148165,15,,,1,30,,148166,15,,,1,60,,148167,15,,,1,12,,148168,15,,,1,12,,148169,15,,,1,12,,148194,15,,,1,52,,148170,15,,,1,12,,148171,15,,,1,12,,148172,15,,,1,12,,148173,15,,,1,12,,148195,15,,,1,52,,148174,15,,,1,12,,148175,15,,,1,12,,148176,15,,,1,12,,148177,15,,,1,16,,148186,15,,,1,70,,148178,15,,,1,28,,148179,15,,,1,70,,148180,15,,,1,30,,148181,15,,,1,70,,148182,15,,,1,30,,148183,15,,,1,70,,148184,15,,,1,30,,148185,15,,,1,69,,148196,15,,,1,26,,148197,15,,,1,100,,148198,15,,,1
91601,'916-Weekday-3-26-04-0001000',1223,,148199,15,,,1
91601,'916-Weekday-3-26-04-1110100',1528,,148200,15,,,1
91601,'916-Weekday-3-26-04-1111100',553,,148201,15,,,1,70,,148236,15,,,1,19,,148237,15,,,1,59,,148238,15,,,1,20,,148239,15,,,1,20,,148240,15,,,1,60,,148241,15,,,1,24,,148202,15,,,1,25,,148235,15,,,1,71,,148203,15,,,1,32,,148204,15,,,1,70,,148205,15,,,1,30,,148206,15,,,1,70,,148207,15,,,1,30,,148208,15,,,1,70,,148209,15,,,1,30,,148210,15,,,1,70,,148211,15,,,1,30,,148212,15,,,1,70,,148213,15,,,1,30,,148214,15,,,1,60,,148215,15,,,1,12,,148216,15,,,1,12,,148217,15,,,1,12,,148242,15,,,1,52,,148218,15,,,1,12,,148219,15,,,1,12,,148220,15,,,1,12,,148221,15,,,1,12,,148243,15,,,1,52,,148222,15,,,1,12,,148223,15,,,1,12,,148224,15,,,1,12,,148225,15,,,1,16,,148234,15,,,1,70,,148226,15,,,1,28,,148227,15,,,1,70,,148228,15,,,1,30,,148229,15,,,1,70,,148230,15,,,1,30,,148231,15,,,1,70,,148232,15,,,1,30,,148233,15,,,1,69,,148244,15,,,1,26,,148245,15,,,1,100,,148246,15,,,1
91601,'916-Saturday-1-26-04-0000010',645,,126956,15,,,1,100,,126957,15,,,1,70,,126958,15,,,1,30,,126959,15,,,1,71,,126960,15,,,1,31,,126961,15,,,1,72,,126962,15,,,1,30,,126963,15,,,1,70,,126964,15,,,1,30,,126965,15,,,1,70,,126966,15,,,1,30,,126967,15,,,1,70,,126968,15,,,1,30,,126969,15,,,1,70,,126970,15,,,1,30,,126971,15,,,1,70,,126972,15,,,1,30,,126973,15,,,1,70,,126974,15,,,1,30,,126975,15,,,1,69,,126976,15,,,1,28,,126977,15,,,1,70,,126978,15,,,1,30,,126979,15,,,1,70,,126980,15,,,1,100,,126981,15,,,1,100,,126982,15,,,1,100,,126983,15,,,1,100,,126984,15,,,1,100,,126985,15,,,1
91601,'916-Sunday-1-26-04-0000001',645,,126986,15,,,1,100,,126987,15,,,1,100,,126988,15,,,1,103,,126989,15,,,1,101,,126990,15,,,1,70,,126991,15,,,1,30,,126992,15,,,1,70,,126993,15,,,1,30,,126994,15,,,1,70,,126995,15,,,1,30,,126996,15,,,1,70,,126997,15,,,1,30,,126998,15,,,1,70,,126999,15,,,1,30,,127000,15,,,1,70,,127001,15,,,1,30,,127002,15,,,1,69,,127003,15,,,1,29,,127004,15,,,1,70,,127005,15,,,1,30,,127006,15,,,1,70,,127007,15,,,1,30,,127008,15,,,1,100,,127009,15,,,1,100,,127010,15,,,1,100,,127011,15,,,1,100,,127012,15,,,1
