10701,'107-Weekday-1-26-04-1111100',542,,114123,20,,,1,70,,114124,20,,,1,31,,114125,20,,,1,10,,114148,20,,,1,50,,114126,20,,,1,10,,114127,20,,,1,10,,114149,20,,,1,10,,114128,20,,,1,10,,114129,20,,,1,10,,114150,20,,,1,48,,114178,20,,,1,2,,114130,20,,,1,10,,114131,20,,,1,10,,114132,20,,,1,8,,114179,20,,,1,2,,114133,20,,,1,10,,114134,20,,,1,60,,114151,20,,,1,19,,114135,20,,,1,20,,114136,20,,,1,60,,114152,20,,,1,20,,114153,20,,,1,20,,114154,20,,,1,60,,114155,20,,,1,20,,114156,20,,,1,20,,114157,20,,,1,60,,114158,20,,,1,20,,114159,20,,,1,20,,114160,20,,,1,60,,114161,20,,,1,20,,114162,20,,,1,20,,114163,20,,,1,60,,114164,20,,,1,20,,114165,20,,,1,20,,114166,20,,,1,60,,114175,20,,,1,16,,114147,20,,,1,15,,114167,20,,,1,15,,114168,20,,,1,55,,114169,20,,,1,15,,114137,20,,,1,15,,114138,20,,,1,15,,114139,20,,,1,55,,114140,20,,,1,15,,114141,20,,,1,15,,114142,20,,,1,22,,114176,20,,,1,60,,114177,20,,,1,20,,114143,20,,,1,69,,114171,20,,,1,30,,114172,20,,,1,70,,114173,20,,,1,30,,114174,20,,,1,70,,114144,20,,,1,30,,114146,20,,,1,70,,114145,20,,,1,30,,114170,20,,,1
10701,'107-Weekday-2-26-04-1111100',542,,136246,20,,,1,70,,136247,20,,,1,31,,136248,20,,,1,10,,136271,20,,,1,50,,136249,20,,,1,10,,136250,20,,,1,10,,136272,20,,,1,10,,136251,20,,,1,10,,136252,20,,,1,10,,136273,20,,,1,48,,136301,20,,,1,2,,136253,20,,,1,10,,136254,20,,,1,10,,136255,20,,,1,8,,136302,20,,,1,2,,136256,20,,,1,10,,136257,20,,,1,60,,136274,20,,,1,19,,136258,20,,,1,20,,136259,20,,,1,60,,136275,20,,,1,20,,136276,20,,,1,20,,136277,20,,,1,60,,136278,20,,,1,20,,136279,20,,,1,20,,136280,20,,,1,60,,136281,20,,,1,20,,136282,20,,,1,20,,136283,20,,,1,60,,136284,20,,,1,20,,136285,20,,,1,20,,136286,20,,,1,60,,136287,20,,,1,20,,136288,20,,,1,20,,136289,20,,,1,60,,136298,20,,,1,16,,136270,20,,,1,15,,136290,20,,,1,15,,136291,20,,,1,55,,136292,20,,,1,15,,136260,20,,,1,15,,136261,20,,,1,15,,136262,20,,,1,55,,136263,20,,,1,15,,136264,20,,,1,15,,136265,20,,,1,22,,136299,20,,,1,60,,136300,20,,,1,20,,136266,20,,,1,69,,136294,20,,,1,30,,136295,20,,,1,70,,136296,20,,,1,30,,136297,20,,,1,70,,136267,20,,,1,30,,136269,20,,,1,70,,136268,20,,,1,30,,136293,20,,,1
10701,'107-Weekday-3-26-04-1111100',542,,136303,20,,,1,70,,136304,20,,,1,31,,136305,20,,,1,10,,136328,20,,,1,50,,136306,20,,,1,10,,136307,20,,,1,10,,136329,20,,,1,10,,136308,20,,,1,10,,136309,20,,,1,10,,136330,20,,,1,48,,136358,20,,,1,2,,136310,20,,,1,10,,136311,20,,,1,10,,136312,20,,,1,10,,136313,20,,,1,10,,136314,20,,,1,60,,136331,20,,,1,19,,136315,20,,,1,20,,136316,20,,,1,60,,136332,20,,,1,20,,136333,20,,,1,20,,136334,20,,,1,60,,136335,20,,,1,20,,136336,20,,,1,20,,136337,20,,,1,60,,136338,20,,,1,20,,136339,20,,,1,20,,136340,20,,,1,60,,136341,20,,,1,20,,136342,20,,,1,20,,136343,20,,,1,60,,136344,20,,,1,20,,136345,20,,,1,20,,136346,20,,,1,60,,136355,20,,,1,16,,136327,20,,,1,15,,136347,20,,,1,15,,136348,20,,,1,55,,136349,20,,,1,15,,136317,20,,,1,15,,136318,20,,,1,15,,136319,20,,,1,55,,136320,20,,,1,15,,136321,20,,,1,15,,136322,20,,,1,22,,136356,20,,,1,60,,136357,20,,,1,20,,136323,20,,,1,69,,136351,20,,,1,30,,136352,20,,,1,70,,136353,20,,,1,30,,136354,20,,,1,70,,136324,20,,,1,30,,136326,20,,,1,70,,136325,20,,,1,30,,136350,20,,,1
10701,'107-Saturday-1-26-04-0000010',805,,114180,20,,,1,30,,114181,20,,,1,70,,114182,20,,,1,31,,114183,20,,,1,70,,114184,20,,,1,30,,114185,20,,,1,70,,114186,20,,,1,30,,114187,20,,,1,70,,114188,20,,,1,30,,114189,20,,,1,70,,114190,20,,,1,30,,114191,20,,,1,70,,114192,20,,,1,30,,114193,20,,,1,70,,114194,20,,,1,30,,114195,20,,,1,70,,114196,20,,,1,30,,114197,20,,,1,70,,114198,20,,,1,29,,114199,20,,,1,70,,114200,20,,,1,30,,114201,20,,,1,70,,114202,20,,,1
10701,'107-Sunday-1-26-04-0000001',954,,114203,20,,,1,70,,114204,20,,,1,30,,114205,20,,,1,70,,114206,20,,,1,30,,114207,20,,,1,70,,114208,20,,,1,30,,114209,20,,,1,70,,114210,20,,,1,30,,114211,20,,,1,70,,114212,20,,,1,30,,114213,20,,,1,70,,114214,20,,,1,30,,114215,20,,,1,70,,114216,20,,,1,30,,114217,20,,,1,69,,114218,20,,,1,30,,114219,20,,,1,70,,114220,20,,,1,30,,114221,20,,,1,70,,114222,20,,,1
62600,'626-Weekday-1-26-04-0001000',1242,,120393,31,,,1,4,,120394,31,,,1,4,,120395,31,,,1
62600,'626-Weekday-1-26-04-1110100',1540,,120396,31,,,1,4,,120397,31,,,1,4,,120398,31,,,1
62600,'626-Weekday-3-26-04-0001000',1242,,142002,31,,,1,4,,142003,31,,,1,4,,142004,31,,,1
62600,'626-Weekday-3-26-04-1110100',1540,,142005,31,,,1,4,,142006,31,,,1,4,,142007,31,,,1
62801,'628-Weekday-1-26-04-1111100',803,,120406,7,,,1
62801,'628-Weekday-2-26-04-1111100',803,,142015,7,,,1
