50601,'506-Weekday-1-26-09-1111100',532,,222159,12,,,1,69,,222120,12,,,1,31,,222121,12,,,1,73,,222122,12,,,1,16,,222123,12,,,1,15,,222160,12,,,1,15,,222124,12,,,1,55,,222125,12,,,1,15,,222126,12,,,1,15,,222162,12,,,1,15,,222163,12,,,1,55,,222127,12,,,1,29,,222128,12,,,1,70,,222129,12,,,1,30,,222130,12,,,1,70,,222131,12,,,1,30,,222132,12,,,1,70,,222133,12,,,1,30,,222134,12,,,1,70,,222135,12,,,1,30,,222136,12,,,1,70,,222137,12,,,1,30,,222138,12,,,1,71,,222139,12,,,1,35,,222140,12,,,1,70,,222141,12,,,1,15,,222142,12,,,1,15,,222161,12,,,1,15,,222143,12,,,1,55,,222144,12,,,1,15,,222145,12,,,1,15,,222164,12,,,1,15,,222165,12,,,1,55,,222146,12,,,1,28,,222147,12,,,1,65,,222148,12,,,1,29,,222149,12,,,1,70,,222150,12,,,1,30,,222151,12,,,1,70,,222152,12,,,1,30,,222153,12,,,1,70,,222154,12,,,1,28,,222155,12,,,1,69,,222156,12,,,1,100,,222157,12,,,1
50601,'506-Weekday-2-26-09-1111100',532,,222207,12,,,1,69,,222168,12,,,1,31,,222169,12,,,1,73,,222170,12,,,1,16,,222171,12,,,1,15,,222208,12,,,1,15,,222172,12,,,1,55,,222173,12,,,1,15,,222174,12,,,1,15,,222210,12,,,1,15,,222211,12,,,1,55,,222175,12,,,1,29,,222176,12,,,1,70,,222177,12,,,1,30,,222178,12,,,1,70,,222179,12,,,1,30,,222180,12,,,1,70,,222181,12,,,1,30,,222182,12,,,1,70,,222183,12,,,1,30,,222184,12,,,1,70,,222185,12,,,1,30,,222186,12,,,1,71,,222187,12,,,1,35,,222188,12,,,1,70,,222189,12,,,1,15,,222190,12,,,1,15,,222209,12,,,1,15,,222191,12,,,1,55,,222192,12,,,1,15,,222193,12,,,1,15,,222212,12,,,1,15,,222213,12,,,1,55,,222194,12,,,1,28,,222195,12,,,1,65,,222196,12,,,1,29,,222197,12,,,1,70,,222198,12,,,1,30,,222199,12,,,1,70,,222200,12,,,1,30,,222201,12,,,1,70,,222202,12,,,1,28,,222203,12,,,1,69,,222204,12,,,1,100,,222205,12,,,1
50601,'506-Weekday-4-26-09-1111100',532,,222255,12,,,1,69,,222216,12,,,1,31,,222217,12,,,1,73,,222218,12,,,1,16,,222219,12,,,1,15,,222256,12,,,1,15,,222220,12,,,1,55,,222221,12,,,1,15,,222222,12,,,1,15,,222258,12,,,1,15,,222259,12,,,1,55,,222223,12,,,1,29,,222224,12,,,1,70,,222225,12,,,1,30,,222226,12,,,1,70,,222227,12,,,1,30,,222228,12,,,1,70,,222229,12,,,1,30,,222230,12,,,1,70,,222231,12,,,1,30,,222232,12,,,1,70,,222233,12,,,1,30,,222234,12,,,1,71,,222235,12,,,1,35,,222236,12,,,1,70,,222237,12,,,1,15,,222238,12,,,1,15,,222257,12,,,1,15,,222239,12,,,1,55,,222240,12,,,1,15,,222241,12,,,1,15,,222260,12,,,1,15,,222261,12,,,1,55,,222242,12,,,1,28,,222243,12,,,1,65,,222244,12,,,1,29,,222245,12,,,1,70,,222246,12,,,1,30,,222247,12,,,1,70,,222248,12,,,1,30,,222249,12,,,1,70,,222250,12,,,1,28,,222251,12,,,1,69,,222252,12,,,1,100,,222253,12,,,1
50601,'506-Saturday-1-26-09-0000010',548,,222262,12,,,1,100,,222263,12,,,1,100,,222264,12,,,1,70,,222265,12,,,1,28,,222266,12,,,1,70,,222267,12,,,1,33,,222268,12,,,1,70,,222269,12,,,1,30,,222270,12,,,1,70,,222271,12,,,1,30,,222272,12,,,1,70,,222273,12,,,1,30,,222274,12,,,1,70,,222275,12,,,1,30,,222276,12,,,1,70,,222277,12,,,1,30,,222278,12,,,1,70,,222279,12,,,1,30,,222280,12,,,1,70,,222281,12,,,1,30,,222282,12,,,1,70,,222283,12,,,1,29,,222284,12,,,1,70,,222285,12,,,1,30,,222286,12,,,1,70,,222287,12,,,1,30,,222288,12,,,1,85,,222289,12,,,1,100,,222290,12,,,1,100,,222291,12,,,1,100,,222292,12,,,1
50601,'506-Sunday-1-26-09-0000001',552,,222294,12,,,1,98,,222295,12,,,1,100,,222296,12,,,1,100,,222297,12,,,1,99,,222298,12,,,1,70,,222299,12,,,1,30,,222300,12,,,1,70,,222301,12,,,1,30,,222302,12,,,1,70,,222303,12,,,1,30,,222304,12,,,1,70,,222305,12,,,1,30,,222306,12,,,1,70,,222307,12,,,1,30,,222308,12,,,1,70,,222309,12,,,1,30,,222310,12,,,1,70,,222311,12,,,1,30,,222312,12,,,1,70,,222313,12,,,1,31,,222314,12,,,1,70,,222315,12,,,1,30,,222316,12,,,1,85,,222317,12,,,1,100,,222318,12,,,1,100,,222319,12,,,1,100,,222320,12,,,1,100,,222321,12,,,1
63100,'631-Weekday-1-26-09-1111100',741,,227574,13,,,1
63100,'631-Weekday-3-26-09-1111100',741,,227575,13,,,1
63400,'634-Weekday-1-26-09-0000100',928,,227590,12,,,1
63400,'634-Weekday-1-26-09-1111000',801,,227591,12,,,1,2,,227592,12,,,1
63400,'634-Weekday-3-26-09-1111000',801,,227593,12,,,1,2,,227594,12,,,1
