66400,'664-Weekday-1-26-02-0001000',1240,,10182,0,56,1,199,,10183,,,1,4,,10184,,,1
66400,'664-Weekday-1-26-02-1110100',1520,,10185,,,1,3,,10186,,,1,11,,10187,0,56,1
66400,'664-Weekday-2-26-02-0001000',1240,,62366,0,56,1,199,,62367,,,1,4,,62368,,,1
66400,'664-Weekday-2-26-02-1110100',1520,,62369,,,1,3,,62370,,,1,11,,62371,0,56,1
66400,'664-Weekday-4-26-02-1110100',1520,,62372,,,1,3,,62373,,,1
66400,'664-Weekday-5-26-02-0000100',1240,,62374,0,56,1
66400,'664-Weekday-5-26-02-0001000',1439,,62375,,,1,4,,62376,,,1
66400,'664-Weekday-5-26-02-1110100',1520,,62377,,,1,3,,62378,,,1
66400,'664-Weekday-5-26-02-1111000',1534,,62379,0,56,1
66400,'664-Weekday-6-26-02-1110100',1534,,62380,0,56,1
66400,'664-Weekday-8-26-02-1110100',1534,,62381,0,56,1
