50700,'507-Weekday-1-26-02-1111100',509,,7688,,,1,30,,7689,,,1,70,,7690,,,1,30,,7691,,,1,70,,7692,,,1,30,,7693,,,1,66,,7728,,,1,26,,7727,,,1,27,,7694,,,1,70,,7695,,,1,30,,7696,,,1,70,,7697,,,1,30,,7698,,,1,70,,7699,,,1,30,,7700,,,1,70,,7701,,,1,30,,7702,,,1,70,,7703,,,1,30,,7704,,,1,70,,7705,,,1,30,,7706,,,1,66,,7730,,,1,4,,7707,,,1,15,,7708,,,1,15,,7709,,,1,55,,7710,,,1,15,,7711,,,1,15,,7712,,,1,15,,7713,,,1,55,,7714,,,1,15,,7715,,,1,15,,7716,,,1,15,,7717,,,1,70,,7718,,,1,31,,7719,,,1,70,,7720,,,1,30,,7721,,,1,70,,7722,,,1,30,,7723,,,1,70,,7724,,,1,30,,7729,,,1,90,,7725,,,1,100,,7726,,,1
50700,'507-Weekday-2-26-02-1111100',509,,51358,,,1,30,,51359,,,1,70,,51360,,,1,30,,51361,,,1,70,,51362,,,1,30,,51363,,,1,66,,51398,,,1,26,,51397,,,1,27,,51364,,,1,70,,51365,,,1,30,,51366,,,1,70,,51367,,,1,30,,51368,,,1,70,,51369,,,1,30,,51370,,,1,70,,51371,,,1,30,,51372,,,1,70,,51373,,,1,30,,51374,,,1,70,,51375,,,1,30,,51376,,,1,66,,51400,,,1,4,,51377,,,1,15,,51378,,,1,15,,51379,,,1,55,,51380,,,1,15,,51381,,,1,15,,51382,,,1,15,,51383,,,1,55,,51384,,,1,15,,51385,,,1,15,,51386,,,1,15,,51387,,,1,70,,51388,,,1,31,,51389,,,1,70,,51390,,,1,30,,51391,,,1,70,,51392,,,1,30,,51393,,,1,70,,51394,,,1,30,,51399,,,1,90,,51395,,,1,100,,51396,,,1
50700,'507-Weekday-4-26-02-1111100',509,,51401,,,1,30,,51402,,,1,70,,51403,,,1,30,,51404,,,1,70,,51405,,,1,30,,51406,,,1,66,,51441,,,1,26,,51440,,,1,27,,51407,,,1,70,,51408,,,1,30,,51409,,,1,70,,51410,,,1,30,,51411,,,1,70,,51412,,,1,30,,51413,,,1,70,,51414,,,1,30,,51415,,,1,70,,51416,,,1,30,,51417,,,1,70,,51418,,,1,30,,51419,,,1,70,,51420,,,1,15,,51421,,,1,15,,51422,,,1,55,,51423,,,1,15,,51424,,,1,15,,51425,,,1,15,,51426,,,1,55,,51427,,,1,15,,51428,,,1,15,,51429,,,1,15,,51430,,,1,70,,51431,,,1,31,,51432,,,1,70,,51433,,,1,30,,51434,,,1,70,,51435,,,1,30,,51436,,,1,70,,51437,,,1,30,,51442,,,1,90,,51438,,,1,100,,51439,,,1
50700,'507-Weekday-5-26-02-1111100',509,,51444,,,1,30,,51445,,,1,70,,51446,,,1,30,,51447,,,1,70,,51448,,,1,30,,51449,,,1,66,,51484,,,1,26,,51483,,,1,27,,51450,,,1,70,,51451,,,1,30,,51452,,,1,70,,51453,,,1,30,,51454,,,1,70,,51455,,,1,30,,51456,,,1,70,,51457,,,1,30,,51458,,,1,70,,51459,,,1,30,,51460,,,1,70,,51461,,,1,30,,51462,,,1,66,,51486,,,1,4,,51463,,,1,15,,51464,,,1,15,,51465,,,1,55,,51466,,,1,15,,51467,,,1,15,,51468,,,1,15,,51469,,,1,55,,51470,,,1,15,,51471,,,1,15,,51472,,,1,15,,51473,,,1,70,,51474,,,1,31,,51475,,,1,70,,51476,,,1,30,,51477,,,1,70,,51478,,,1,30,,51479,,,1,70,,51480,,,1,30,,51485,,,1,90,,51481,,,1,100,,51482,,,1
50700,'507-Weekday-6-26-02-1111100',509,,51487,,,1,30,,51488,,,1,70,,51489,,,1,30,,51490,,,1,70,,51491,,,1,30,,51492,,,1,66,,51527,,,1,26,,51526,,,1,27,,51493,,,1,70,,51494,,,1,30,,51495,,,1,70,,51496,,,1,30,,51497,,,1,70,,51498,,,1,30,,51499,,,1,70,,51500,,,1,30,,51501,,,1,70,,51502,,,1,30,,51503,,,1,70,,51504,,,1,30,,51505,,,1,66,,51529,,,1,4,,51506,,,1,15,,51507,,,1,15,,51508,,,1,55,,51509,,,1,15,,51510,,,1,15,,51511,,,1,15,,51512,,,1,55,,51513,,,1,15,,51514,,,1,15,,51515,,,1,15,,51516,,,1,70,,51517,,,1,31,,51518,,,1,70,,51519,,,1,30,,51520,,,1,70,,51521,,,1,30,,51522,,,1,70,,51523,,,1,30,,51528,,,1,90,,51524,,,1,100,,51525,,,1
50700,'507-Weekday-7-26-02-1111100',509,,51530,,,1,30,,51531,,,1,70,,51532,,,1,30,,51533,,,1,70,,51534,,,1,30,,51535,,,1,66,,51570,,,1,26,,51569,,,1,27,,51536,,,1,70,,51537,,,1,30,,51538,,,1,70,,51539,,,1,30,,51540,,,1,70,,51541,,,1,30,,51542,,,1,70,,51543,,,1,30,,51544,,,1,70,,51545,,,1,30,,51546,,,1,70,,51547,,,1,30,,51548,,,1,70,,51549,,,1,15,,51550,,,1,15,,51551,,,1,55,,51552,,,1,15,,51553,,,1,15,,51554,,,1,15,,51555,,,1,55,,51556,,,1,15,,51557,,,1,15,,51558,,,1,15,,51559,,,1,70,,51560,,,1,31,,51561,,,1,70,,51562,,,1,30,,51563,,,1,70,,51564,,,1,30,,51565,,,1,70,,51566,,,1,30,,51571,,,1,90,,51567,,,1,100,,51568,,,1
50700,'507-Weekday-8-26-02-1111100',509,,51572,,,1,30,,51573,,,1,70,,51574,,,1,30,,51575,,,1,70,,51576,,,1,30,,51577,,,1,66,,51612,,,1,26,,51611,,,1,27,,51578,,,1,70,,51579,,,1,30,,51580,,,1,70,,51581,,,1,30,,51582,,,1,70,,51583,,,1,30,,51584,,,1,70,,51585,,,1,30,,51586,,,1,70,,51587,,,1,30,,51588,,,1,70,,51589,,,1,30,,51590,,,1,66,,51614,,,1,4,,51591,,,1,15,,51592,,,1,15,,51593,,,1,55,,51594,,,1,15,,51595,,,1,15,,51596,,,1,15,,51597,,,1,55,,51598,,,1,15,,51599,,,1,15,,51600,,,1,15,,51601,,,1,70,,51602,,,1,31,,51603,,,1,70,,51604,,,1,30,,51605,,,1,70,,51606,,,1,30,,51607,,,1,70,,51608,,,1,30,,51613,,,1,90,,51609,,,1,100,,51610,,,1
50700,'507-Weekday-9-26-02-1111100',509,,51615,,,1,30,,51616,,,1,70,,51617,,,1,30,,51618,,,1,70,,51619,,,1,30,,51620,,,1,66,,51655,,,1,26,,51654,,,1,27,,51621,,,1,70,,51622,,,1,30,,51623,,,1,70,,51624,,,1,30,,51625,,,1,70,,51626,,,1,30,,51627,,,1,70,,51628,,,1,30,,51629,,,1,70,,51630,,,1,30,,51631,,,1,70,,51632,,,1,30,,51633,,,1,66,,51657,,,1,4,,51634,,,1,15,,51635,,,1,15,,51636,,,1,55,,51637,,,1,15,,51638,,,1,15,,51639,,,1,15,,51640,,,1,55,,51641,,,1,15,,51642,,,1,15,,51643,,,1,15,,51644,,,1,70,,51645,,,1,31,,51646,,,1,70,,51647,,,1,30,,51648,,,1,70,,51649,,,1,30,,51650,,,1,70,,51651,,,1,30,,51656,,,1,90,,51652,,,1,100,,51653,,,1
50700,'507-Saturday-1-26-02-0000010',544,,7731,,,1,100,,7732,,,1,100,,7733,,,1,70,,7734,,,1,30,,7735,,,1,70,,7736,,,1,30,,7737,,,1,70,,7738,,,1,30,,7739,,,1,70,,7740,,,1,30,,7741,,,1,70,,7742,,,1,30,,7743,,,1,70,,7744,,,1,30,,7745,,,1,70,,7746,,,1,30,,7747,,,1,70,,7748,,,1,30,,7749,,,1,70,,7750,,,1,30,,7751,,,1,70,,7752,,,1,30,,7753,,,1,70,,7754,,,1,100,,7755,,,1,100,,7756,,,1,100,,7757,,,1,100,,7758,,,1,100,,7759,,,1
50700,'507-Sunday-1-26-02-0000001',614,,51658,,,1,100,,51659,,,1,100,,51660,,,1,100,,51661,,,1,100,,51662,,,1,30,,51663,,,1,70,,51664,,,1,30,,51665,,,1,70,,51666,,,1,30,,51667,,,1,70,,51668,,,1,30,,51669,,,1,70,,51670,,,1,30,,51671,,,1,70,,51672,,,1,30,,51673,,,1,70,,51674,,,1,30,,51675,,,1,70,,51676,,,1,30,,51677,,,1,70,,51678,,,1,91,,51679,,,1,100,,51680,,,1,100,,51681,,,1,100,,51682,,,1,100,,51683,,,1
50701,'507-Weekday-1-26-02-1111100',601,,7765,4,,1,30,,7766,4,,1,78,,7767,4,,1,22,,7801,4,,1,15,,7768,4,,1,62,,7797,4,,1,15,,7770,4,,1,15,,7798,4,,1,15,,7772,4,,1,55,,7799,4,,1,14,,7773,4,,1,25,,7769,4,,1,64,,7771,4,,1,24,,7775,4,,1,70,,7776,4,,1,30,,7777,4,,1,70,,7778,4,,1,30,,7779,4,,1,70,,7780,4,,1,30,,7760,4,,1,70,,7761,4,,1,30,,7762,4,,1,71,,7763,4,,1,32,,7764,4,,1,73,,7774,4,,1,35,,7781,4,,1,70,,7782,4,,1,30,,7783,4,,1,70,,7784,4,,1,27,,7785,4,,1,63,,7786,4,,1,28,,7787,4,,1,25,,7788,4,,1,71,,7789,4,,1,70,,7790,4,,1,30,,7791,4,,1,70,,7792,4,,1,27,,7793,4,,1,27,,7794,4,,1,67,,7800,4,,1,90,,7795,4,,1,100,,7796,4,,1
50701,'507-Weekday-2-26-02-1111100',601,,51689,4,,1,30,,51690,4,,1,78,,51691,4,,1,22,,51725,4,,1,15,,51692,4,,1,62,,51721,4,,1,15,,51694,4,,1,15,,51722,4,,1,15,,51696,4,,1,55,,51723,4,,1,14,,51697,4,,1,25,,51693,4,,1,64,,51695,4,,1,24,,51699,4,,1,70,,51700,4,,1,30,,51701,4,,1,70,,51702,4,,1,30,,51703,4,,1,70,,51704,4,,1,30,,51684,4,,1,70,,51685,4,,1,30,,51686,4,,1,71,,51687,4,,1,32,,51688,4,,1,73,,51698,4,,1,35,,51705,4,,1,70,,51706,4,,1,30,,51707,4,,1,70,,51708,4,,1,27,,51709,4,,1,63,,51710,4,,1,28,,51711,4,,1,25,,51712,4,,1,71,,51713,4,,1,70,,51714,4,,1,30,,51715,4,,1,70,,51716,4,,1,27,,51717,4,,1,27,,51718,4,,1,67,,51724,4,,1,90,,51719,4,,1,100,,51720,4,,1
50701,'507-Weekday-4-26-02-1111100',601,,51731,4,,1,30,,51732,4,,1,78,,51733,4,,1,22,,51767,4,,1,15,,51734,4,,1,62,,51763,4,,1,15,,51736,4,,1,15,,51764,4,,1,15,,51738,4,,1,55,,51765,4,,1,14,,51739,4,,1,25,,51735,4,,1,64,,51737,4,,1,24,,51741,4,,1,70,,51742,4,,1,30,,51743,4,,1,70,,51744,4,,1,30,,51745,4,,1,70,,51746,4,,1,30,,51726,4,,1,70,,51727,4,,1,30,,51728,4,,1,71,,51729,4,,1,32,,51730,4,,1,73,,51740,4,,1,35,,51747,4,,1,70,,51748,4,,1,30,,51749,4,,1,70,,51750,4,,1,27,,51751,4,,1,63,,51752,4,,1,28,,51753,4,,1,25,,51754,4,,1,71,,51755,4,,1,70,,51756,4,,1,30,,51757,4,,1,70,,51758,4,,1,27,,51759,4,,1,27,,51760,4,,1,67,,51766,4,,1,90,,51761,4,,1,100,,51762,4,,1
50701,'507-Weekday-5-26-02-1111100',601,,51773,4,,1,30,,51774,4,,1,78,,51775,4,,1,22,,51809,4,,1,15,,51776,4,,1,62,,51805,4,,1,15,,51778,4,,1,15,,51806,4,,1,15,,51780,4,,1,55,,51807,4,,1,14,,51781,4,,1,25,,51777,4,,1,64,,51779,4,,1,24,,51783,4,,1,70,,51784,4,,1,30,,51785,4,,1,70,,51786,4,,1,30,,51787,4,,1,70,,51788,4,,1,30,,51768,4,,1,70,,51769,4,,1,30,,51770,4,,1,71,,51771,4,,1,32,,51772,4,,1,73,,51782,4,,1,35,,51789,4,,1,70,,51790,4,,1,30,,51791,4,,1,70,,51792,4,,1,27,,51793,4,,1,63,,51794,4,,1,28,,51795,4,,1,25,,51796,4,,1,71,,51797,4,,1,70,,51798,4,,1,30,,51799,4,,1,70,,51800,4,,1,27,,51801,4,,1,27,,51802,4,,1,67,,51808,4,,1,90,,51803,4,,1,100,,51804,4,,1
50701,'507-Weekday-6-26-02-1111100',601,,51815,4,,1,30,,51816,4,,1,78,,51817,4,,1,22,,51851,4,,1,15,,51818,4,,1,62,,51847,4,,1,15,,51820,4,,1,15,,51848,4,,1,15,,51822,4,,1,55,,51849,4,,1,14,,51823,4,,1,25,,51819,4,,1,64,,51821,4,,1,24,,51825,4,,1,70,,51826,4,,1,30,,51827,4,,1,70,,51828,4,,1,30,,51829,4,,1,70,,51830,4,,1,30,,51810,4,,1,70,,51811,4,,1,30,,51812,4,,1,71,,51813,4,,1,32,,51814,4,,1,73,,51824,4,,1,35,,51831,4,,1,70,,51832,4,,1,30,,51833,4,,1,70,,51834,4,,1,27,,51835,4,,1,63,,51836,4,,1,28,,51837,4,,1,25,,51838,4,,1,71,,51839,4,,1,70,,51840,4,,1,30,,51841,4,,1,70,,51842,4,,1,27,,51843,4,,1,27,,51844,4,,1,67,,51850,4,,1,90,,51845,4,,1,100,,51846,4,,1
50701,'507-Weekday-7-26-02-1111100',601,,51857,4,,1,30,,51858,4,,1,78,,51859,4,,1,22,,51893,4,,1,15,,51860,4,,1,62,,51889,4,,1,15,,51862,4,,1,15,,51890,4,,1,15,,51864,4,,1,55,,51891,4,,1,14,,51865,4,,1,25,,51861,4,,1,64,,51863,4,,1,24,,51867,4,,1,70,,51868,4,,1,30,,51869,4,,1,70,,51870,4,,1,30,,51871,4,,1,70,,51872,4,,1,30,,51852,4,,1,70,,51853,4,,1,30,,51854,4,,1,71,,51855,4,,1,32,,51856,4,,1,73,,51866,4,,1,35,,51873,4,,1,70,,51874,4,,1,30,,51875,4,,1,70,,51876,4,,1,27,,51877,4,,1,63,,51878,4,,1,28,,51879,4,,1,25,,51880,4,,1,71,,51881,4,,1,70,,51882,4,,1,30,,51883,4,,1,70,,51884,4,,1,27,,51885,4,,1,27,,51886,4,,1,67,,51892,4,,1,90,,51887,4,,1,100,,51888,4,,1
50701,'507-Weekday-8-26-02-1111100',601,,51899,4,,1,30,,51900,4,,1,78,,51901,4,,1,22,,51935,4,,1,15,,51902,4,,1,62,,51931,4,,1,15,,51904,4,,1,15,,51932,4,,1,15,,51906,4,,1,55,,51933,4,,1,14,,51907,4,,1,25,,51903,4,,1,64,,51905,4,,1,24,,51909,4,,1,70,,51910,4,,1,30,,51911,4,,1,70,,51912,4,,1,30,,51913,4,,1,70,,51914,4,,1,30,,51894,4,,1,70,,51895,4,,1,30,,51896,4,,1,71,,51897,4,,1,32,,51898,4,,1,73,,51908,4,,1,35,,51915,4,,1,70,,51916,4,,1,30,,51917,4,,1,70,,51918,4,,1,27,,51919,4,,1,63,,51920,4,,1,28,,51921,4,,1,25,,51922,4,,1,71,,51923,4,,1,70,,51924,4,,1,30,,51925,4,,1,70,,51926,4,,1,27,,51927,4,,1,27,,51928,4,,1,67,,51934,4,,1,90,,51929,4,,1,100,,51930,4,,1
50701,'507-Weekday-9-26-02-1111100',601,,51941,4,,1,30,,51942,4,,1,78,,51943,4,,1,22,,51977,4,,1,15,,51944,4,,1,62,,51973,4,,1,15,,51946,4,,1,15,,51974,4,,1,15,,51948,4,,1,55,,51975,4,,1,14,,51949,4,,1,25,,51945,4,,1,64,,51947,4,,1,24,,51951,4,,1,70,,51952,4,,1,30,,51953,4,,1,70,,51954,4,,1,30,,51955,4,,1,70,,51956,4,,1,30,,51936,4,,1,70,,51937,4,,1,30,,51938,4,,1,71,,51939,4,,1,32,,51940,4,,1,73,,51950,4,,1,35,,51957,4,,1,70,,51958,4,,1,30,,51959,4,,1,70,,51960,4,,1,27,,51961,4,,1,63,,51962,4,,1,28,,51963,4,,1,25,,51964,4,,1,71,,51965,4,,1,70,,51966,4,,1,30,,51967,4,,1,70,,51968,4,,1,27,,51969,4,,1,27,,51970,4,,1,67,,51976,4,,1,90,,51971,4,,1,100,,51972,4,,1
50701,'507-Saturday-1-26-02-0000010',608,,7803,4,,1,100,,7805,4,,1,100,,7806,4,,1,30,,7804,4,,1,71,,7807,4,,1,33,,7808,4,,1,73,,7809,4,,1,32,,7810,4,,1,70,,7811,4,,1,30,,7812,4,,1,70,,7813,4,,1,30,,7814,4,,1,70,,7815,4,,1,30,,7816,4,,1,70,,7817,4,,1,30,,7818,4,,1,70,,7819,4,,1,30,,7820,4,,1,70,,7821,4,,1,30,,7822,4,,1,69,,7823,4,,1,27,,7824,4,,1,68,,7825,4,,1,29,,7826,4,,1,70,,7827,4,,1,30,,7828,4,,1,100,,7829,4,,1,100,,7830,4,,1,100,,7831,4,,1,100,,7832,4,,1
50701,'507-Sunday-1-26-02-0000001',636,,52003,4,,1,100,,51978,4,,1,100,,51979,4,,1,102,,51980,4,,1,106,,51981,4,,1,70,,52004,4,,1,30,,51982,4,,1,70,,51983,4,,1,30,,51984,4,,1,70,,51985,4,,1,30,,51986,4,,1,70,,51987,4,,1,30,,51988,4,,1,70,,51989,4,,1,30,,51990,4,,1,70,,51991,4,,1,30,,51992,4,,1,69,,51993,4,,1,28,,51994,4,,1,68,,51995,4,,1,29,,51996,4,,1,70,,51997,4,,1,30,,51998,4,,1,91,,51999,4,,1,100,,52000,4,,1,100,,52001,4,,1,100,,52002,4,,1
65200,'652-Weekday-1-26-02-1111100',758,,10123,,,1,55,,10124,,,1,1,,10125,,,1
65200,'652-Weekday-2-26-02-1111100',758,,62162,,,1,55,,62163,,,1,1,,62164,,,1
65200,'652-Weekday-4-26-02-1111100',758,,62165,,,1,55,,62166,,,1,1,,62167,,,1
65200,'652-Weekday-5-26-02-1111100',758,,62168,,,1,55,,62169,,,1,1,,62170,,,1
