91300,'913-Weekday-1-26-09-1111100',531,,238963,3,,,1,70,,238964,3,,,1,31,,239003,3,,,1,15,,238991,3,,,1,55,,239005,3,,,1,15,,238995,3,,,1,15,,238994,3,,,1,15,,238993,3,,,1,55,,238992,3,,,1,15,,239008,3,,,1,15,,239009,3,,,1,20,,238965,3,,,1,60,,238966,3,,,1,20,,238967,3,,,1,20,,238968,3,,,1,60,,238969,3,,,1,20,,238970,3,,,1,20,,238971,3,,,1,60,,238972,3,,,1,20,,238973,3,,,1,20,,238974,3,,,1,60,,238975,3,,,1,20,,238976,3,,,1,20,,238977,3,,,1,60,,238978,3,,,1,20,,238979,3,,,1,20,,238980,3,,,1,60,,238981,3,,,1,20,,238982,3,,,1,20,,238962,3,,,1,55,,238996,3,,,1,15,,239006,3,,,1,15,,238997,3,,,1,15,,238998,3,,,1,55,,238999,3,,,1,15,,239007,3,,,1,15,,239000,3,,,1,15,,239010,3,,,1,60,,239002,3,,,1,30,,239001,3,,,1,70,,238983,3,,,1,30,,238984,3,,,1,70,,238985,3,,,1,30,,238986,3,,,1,70,,238987,3,,,1,30,,238988,3,,,1,70,,238989,3,,,1,30,,239011,3,,,1,99,,238990,3,,,1,100,,239004,3,,,1
91300,'913-Weekday-2-26-09-1111100',531,,239013,3,,,1,70,,239014,3,,,1,31,,239053,3,,,1,15,,239041,3,,,1,55,,239055,3,,,1,15,,239045,3,,,1,15,,239044,3,,,1,15,,239043,3,,,1,55,,239042,3,,,1,15,,239058,3,,,1,15,,239059,3,,,1,20,,239015,3,,,1,60,,239016,3,,,1,20,,239017,3,,,1,20,,239018,3,,,1,60,,239019,3,,,1,20,,239020,3,,,1,20,,239021,3,,,1,60,,239022,3,,,1,20,,239023,3,,,1,20,,239024,3,,,1,60,,239025,3,,,1,20,,239026,3,,,1,20,,239027,3,,,1,60,,239028,3,,,1,20,,239029,3,,,1,20,,239030,3,,,1,60,,239031,3,,,1,20,,239032,3,,,1,20,,239012,3,,,1,55,,239046,3,,,1,15,,239056,3,,,1,15,,239047,3,,,1,15,,239048,3,,,1,55,,239049,3,,,1,15,,239057,3,,,1,15,,239050,3,,,1,15,,239060,3,,,1,60,,239052,3,,,1,30,,239051,3,,,1,70,,239033,3,,,1,30,,239034,3,,,1,70,,239035,3,,,1,30,,239036,3,,,1,70,,239037,3,,,1,30,,239038,3,,,1,70,,239039,3,,,1,30,,239061,3,,,1,99,,239040,3,,,1,100,,239054,3,,,1
91300,'913-Weekday-4-26-09-1111100',531,,239063,3,,,1,70,,239064,3,,,1,31,,239103,3,,,1,15,,239091,3,,,1,55,,239105,3,,,1,15,,239095,3,,,1,15,,239094,3,,,1,15,,239093,3,,,1,55,,239092,3,,,1,15,,239108,3,,,1,15,,239109,3,,,1,20,,239065,3,,,1,60,,239066,3,,,1,20,,239067,3,,,1,20,,239068,3,,,1,60,,239069,3,,,1,20,,239070,3,,,1,20,,239071,3,,,1,60,,239072,3,,,1,20,,239073,3,,,1,20,,239074,3,,,1,60,,239075,3,,,1,20,,239076,3,,,1,20,,239077,3,,,1,60,,239078,3,,,1,20,,239079,3,,,1,20,,239080,3,,,1,60,,239081,3,,,1,20,,239082,3,,,1,20,,239062,3,,,1,55,,239096,3,,,1,15,,239106,3,,,1,15,,239097,3,,,1,15,,239098,3,,,1,55,,239099,3,,,1,15,,239107,3,,,1,15,,239100,3,,,1,15,,239110,3,,,1,60,,239102,3,,,1,30,,239101,3,,,1,70,,239083,3,,,1,30,,239084,3,,,1,70,,239085,3,,,1,30,,239086,3,,,1,70,,239087,3,,,1,30,,239088,3,,,1,70,,239089,3,,,1,30,,239111,3,,,1,99,,239090,3,,,1,100,,239104,3,,,1
91300,'913-Saturday-1-26-09-0000010',554,,239112,3,,,1,100,,239113,3,,,1,100,,239114,3,,,1,70,,239115,3,,,1,30,,239116,3,,,1,71,,239117,3,,,1,30,,239118,3,,,1,70,,239119,3,,,1,30,,239120,3,,,1,70,,239121,3,,,1,30,,239122,3,,,1,70,,239123,3,,,1,30,,239124,3,,,1,70,,239125,3,,,1,30,,239126,3,,,1,70,,239127,3,,,1,30,,239128,3,,,1,70,,239129,3,,,1,30,,239130,3,,,1,70,,239131,3,,,1,30,,239132,3,,,1,70,,239133,3,,,1,30,,239134,3,,,1,70,,239135,3,,,1,30,,239136,3,,,1,100,,239137,3,,,1,100,,239138,3,,,1,100,,239139,3,,,1,100,,239140,3,,,1,100,,239141,3,,,1
91300,'913-Sunday-1-26-09-0000001',601,,239142,3,,,1,100,,239143,3,,,1,100,,239144,3,,,1,101,,239145,3,,,1,100,,239146,3,,,1,30,,239147,3,,,1,70,,239148,3,,,1,30,,239149,3,,,1,70,,239150,3,,,1,30,,239151,3,,,1,70,,239152,3,,,1,30,,239153,3,,,1,70,,239154,3,,,1,30,,239155,3,,,1,70,,239156,3,,,1,30,,239157,3,,,1,70,,239158,3,,,1,30,,239159,3,,,1,69,,239160,3,,,1,30,,239161,3,,,1,70,,239162,3,,,1,30,,239163,3,,,1,70,,239164,3,,,1,100,,239165,3,,,1,100,,239166,3,,,1,100,,239167,3,,,1
91601,'916-Weekday-1-26-09-0001000',1213,,240137,3,,,1
91601,'916-Weekday-1-26-09-1110100',1510,,240139,3,,,1,102,,240138,3,,,1
91601,'916-Weekday-1-26-09-1111100',536,,240140,3,,,1,70,,240178,3,,,1,15,,240168,3,,,1,16,,240183,3,,,1,15,,240169,3,,,1,55,,240170,3,,,1,15,,240171,3,,,1,15,,240184,3,,,1,15,,240172,3,,,1,55,,240177,3,,,1,30,,240176,3,,,1,70,,240141,3,,,1,30,,240142,3,,,1,70,,240143,3,,,1,30,,240144,3,,,1,70,,240145,3,,,1,30,,240146,3,,,1,70,,240147,3,,,1,30,,240148,3,,,1,70,,240149,3,,,1,30,,240150,3,,,1,70,,240151,3,,,1,30,,240152,3,,,1,70,,240153,3,,,1,12,,240154,3,,,1,12,,240173,3,,,1,12,,240155,3,,,1,12,,240156,3,,,1,52,,240185,3,,,1,12,,240157,3,,,1,12,,240174,3,,,1,12,,240158,3,,,1,12,,240159,3,,,1,52,,240186,3,,,1,12,,240160,3,,,1,12,,240179,3,,,1,70,,240180,3,,,1,30,,240161,3,,,1,70,,240162,3,,,1,30,,240163,3,,,1,70,,240164,3,,,1,30,,240165,3,,,1,70,,240166,3,,,1,30,,240167,3,,,1,70,,240181,3,,,1,100,,240175,3,,,1,100,,240182,3,,,1
91601,'916-Weekday-2-26-09-1110100',1612,,240187,3,,,1
91601,'916-Weekday-2-26-09-1111100',536,,240188,3,,,1,70,,240226,3,,,1,15,,240216,3,,,1,16,,240231,3,,,1,15,,240217,3,,,1,55,,240218,3,,,1,15,,240219,3,,,1,15,,240232,3,,,1,15,,240220,3,,,1,55,,240225,3,,,1,30,,240224,3,,,1,70,,240189,3,,,1,30,,240190,3,,,1,70,,240191,3,,,1,30,,240192,3,,,1,70,,240193,3,,,1,30,,240194,3,,,1,70,,240195,3,,,1,30,,240196,3,,,1,70,,240197,3,,,1,30,,240198,3,,,1,70,,240199,3,,,1,30,,240200,3,,,1,70,,240201,3,,,1,12,,240202,3,,,1,12,,240221,3,,,1,12,,240203,3,,,1,12,,240204,3,,,1,52,,240233,3,,,1,12,,240205,3,,,1,12,,240222,3,,,1,12,,240206,3,,,1,12,,240207,3,,,1,52,,240234,3,,,1,12,,240208,3,,,1,12,,240227,3,,,1,70,,240228,3,,,1,30,,240209,3,,,1,70,,240210,3,,,1,30,,240211,3,,,1,70,,240212,3,,,1,30,,240213,3,,,1,70,,240214,3,,,1,30,,240215,3,,,1,70,,240229,3,,,1,100,,240223,3,,,1,100,,240230,3,,,1
91601,'916-Weekday-4-26-09-1111100',536,,240235,3,,,1,70,,240273,3,,,1,15,,240263,3,,,1,16,,240278,3,,,1,15,,240264,3,,,1,55,,240265,3,,,1,15,,240266,3,,,1,15,,240279,3,,,1,15,,240267,3,,,1,55,,240272,3,,,1,30,,240271,3,,,1,70,,240236,3,,,1,30,,240237,3,,,1,70,,240238,3,,,1,30,,240239,3,,,1,70,,240240,3,,,1,30,,240241,3,,,1,70,,240242,3,,,1,30,,240243,3,,,1,70,,240244,3,,,1,30,,240245,3,,,1,70,,240246,3,,,1,30,,240247,3,,,1,70,,240248,3,,,1,12,,240249,3,,,1,12,,240268,3,,,1,12,,240250,3,,,1,12,,240251,3,,,1,52,,240280,3,,,1,12,,240252,3,,,1,12,,240269,3,,,1,12,,240253,3,,,1,12,,240254,3,,,1,52,,240281,3,,,1,12,,240255,3,,,1,12,,240274,3,,,1,70,,240275,3,,,1,30,,240256,3,,,1,70,,240257,3,,,1,30,,240258,3,,,1,70,,240259,3,,,1,30,,240260,3,,,1,70,,240261,3,,,1,30,,240262,3,,,1,70,,240276,3,,,1,100,,240270,3,,,1,100,,240277,3,,,1
91601,'916-Saturday-1-26-09-0000010',638,,240282,3,,,1,100,,240283,3,,,1,70,,240284,3,,,1,30,,240285,3,,,1,73,,240286,3,,,1,32,,240287,3,,,1,72,,240288,3,,,1,30,,240289,3,,,1,70,,240290,3,,,1,30,,240291,3,,,1,70,,240292,3,,,1,30,,240293,3,,,1,70,,240294,3,,,1,30,,240295,3,,,1,70,,240296,3,,,1,30,,240297,3,,,1,70,,240298,3,,,1,30,,240299,3,,,1,70,,240300,3,,,1,30,,240301,3,,,1,70,,240302,3,,,1,30,,240303,3,,,1,70,,240310,3,,,1,30,,240311,3,,,1,65,,240304,3,,,1,100,,240305,3,,,1,100,,240306,3,,,1,100,,240307,3,,,1,100,,240308,3,,,1,100,,240309,3,,,1
91601,'916-Sunday-1-26-09-0000001',639,,240312,3,,,1,100,,240313,3,,,1,100,,240314,3,,,1,100,,240336,3,,,1,101,,240315,3,,,1,70,,240316,3,,,1,30,,240317,3,,,1,70,,240318,3,,,1,30,,240319,3,,,1,70,,240320,3,,,1,30,,240321,3,,,1,70,,240322,3,,,1,30,,240323,3,,,1,70,,240324,3,,,1,30,,240325,3,,,1,70,,240326,3,,,1,30,,240327,3,,,1,70,,240337,3,,,1,26,,240338,3,,,1,68,,240328,3,,,1,30,,240329,3,,,1,70,,240330,3,,,1,37,,240331,3,,,1,100,,240332,3,,,1,100,,240333,3,,,1,100,,240334,3,,,1,100,,240335,3,,,1
92301,'923-Weekday-1-26-09-1111100',606,,242146,3,,,1,29,,242147,3,,,1,70,,242148,3,,,1,30,,242149,3,,,1,70,,242150,3,,,1,30,,242151,3,,,1,70,,242152,3,,,1,30,,242162,3,,,1,70,,242163,3,,,1,30,,242164,3,,,1,70,,242165,3,,,1,30,,242166,3,,,1,70,,242167,3,,,1,30,,242168,3,,,1,70,,242169,3,,,1,30,,242170,3,,,1,70,,242171,3,,,1,32,,242160,3,,,1,68,,242153,3,,,1,30,,242154,3,,,1,70,,242155,3,,,1,30,,242156,3,,,1,70,,242157,3,,,1,30,,242158,3,,,1,70,,242159,3,,,1,32,,242161,3,,,1,68,,242172,3,,,1,30,,242173,3,,,1,70,,242174,3,,,1,30,,242175,3,,,1,70,,242176,3,,,1,30,,242177,3,,,1,70,,242178,3,,,1
92301,'923-Weekday-2-26-09-1111100',606,,242179,3,,,1,29,,242180,3,,,1,70,,242181,3,,,1,30,,242182,3,,,1,70,,242183,3,,,1,30,,242184,3,,,1,70,,242185,3,,,1,30,,242195,3,,,1,70,,242196,3,,,1,30,,242197,3,,,1,70,,242198,3,,,1,30,,242199,3,,,1,70,,242200,3,,,1,30,,242201,3,,,1,70,,242202,3,,,1,30,,242203,3,,,1,70,,242204,3,,,1,32,,242193,3,,,1,68,,242186,3,,,1,30,,242187,3,,,1,70,,242188,3,,,1,30,,242189,3,,,1,70,,242190,3,,,1,30,,242191,3,,,1,70,,242192,3,,,1,32,,242194,3,,,1,68,,242205,3,,,1,30,,242206,3,,,1,70,,242207,3,,,1,30,,242208,3,,,1,70,,242209,3,,,1,30,,242210,3,,,1,70,,242211,3,,,1
92301,'923-Weekday-4-26-09-1111100',606,,242212,3,,,1,29,,242213,3,,,1,70,,242214,3,,,1,30,,242215,3,,,1,70,,242216,3,,,1,30,,242217,3,,,1,70,,242218,3,,,1,30,,242228,3,,,1,70,,242229,3,,,1,30,,242230,3,,,1,70,,242231,3,,,1,30,,242232,3,,,1,70,,242233,3,,,1,30,,242234,3,,,1,70,,242235,3,,,1,30,,242236,3,,,1,70,,242237,3,,,1,32,,242226,3,,,1,68,,242219,3,,,1,30,,242220,3,,,1,70,,242221,3,,,1,30,,242222,3,,,1,70,,242223,3,,,1,30,,242224,3,,,1,70,,242225,3,,,1,32,,242227,3,,,1,68,,242238,3,,,1,30,,242239,3,,,1,70,,242240,3,,,1,30,,242241,3,,,1,70,,242242,3,,,1,30,,242243,3,,,1,70,,242244,3,,,1
92301,'923-Saturday-1-26-09-0000010',811,,242245,3,,,1,30,,242246,3,,,1,71,,242247,3,,,1,30,,242248,3,,,1,70,,242249,3,,,1,30,,242250,3,,,1,70,,242251,3,,,1,30,,242252,3,,,1,70,,242253,3,,,1,30,,242254,3,,,1,70,,242255,3,,,1,30,,242256,3,,,1,70,,242257,3,,,1,30,,242258,3,,,1,70,,242259,3,,,1,30,,242260,3,,,1,70,,242261,3,,,1,30,,242262,3,,,1,70,,242263,3,,,1,30,,242264,3,,,1,70,,242265,3,,,1,30,,242266,3,,,1,70,,242267,3,,,1
92301,'923-Sunday-1-26-09-0000001',1012,,242268,3,,,1,30,,242269,3,,,1,70,,242270,3,,,1,30,,242271,3,,,1,70,,242272,3,,,1,30,,242273,3,,,1,70,,242274,3,,,1,30,,242275,3,,,1,70,,242276,3,,,1,30,,242277,3,,,1,70,,242278,3,,,1,30,,242279,3,,,1,70,,242280,3,,,1,30,,242281,3,,,1,70,,242282,3,,,1,30,,242283,3,,,1,70,,242284,3,,,1,30,,242285,3,,,1,70,,242286,3,,,1
1091800,'918-Weekday-1-26-09-1111100',459,,243254,3,,,1,70,,243255,3,,,1,30,,243256,3,,,1,70,,243257,3,,,1,15,,243258,3,,,1,15,,243259,3,,,1,55,,243260,3,,,1,15,,243261,3,,,1,15,,243262,3,,,1,15,,243263,3,,,1,55,,243264,3,,,1,15,,243265,3,,,1,15,,243285,3,,,1,15,,243284,3,,,1,58,,243298,3,,,1,30,,243299,3,,,1,70,,243300,3,,,1,30,,243301,3,,,1,70,,243294,3,,,1,30,,243295,3,,,1,70,,243266,3,,,1,30,,243267,3,,,1,70,,243268,3,,,1,30,,243269,3,,,1,70,,243270,3,,,1,30,,243271,3,,,1,70,,243272,3,,,1,22,,243296,3,,,1,15,,243297,3,,,1,55,,243273,3,,,1,15,,243274,3,,,1,15,,243275,3,,,1,15,,243276,3,,,1,55,,243277,3,,,1,15,,243278,3,,,1,15,,243286,3,,,1,15,,243279,3,,,1,63,,243290,3,,,1,30,,243291,3,,,1,70,,243292,3,,,1,30,,243293,3,,,1,70,,243280,3,,,1,30,,243281,3,,,1,70,,243287,3,,,1,85,,243282,3,,,1,100,,243283,3,,,1,100,,243288,3,,,1,100,,243289,3,,,1
1091800,'918-Weekday-2-26-09-1111100',459,,243302,3,,,1,70,,243303,3,,,1,30,,243304,3,,,1,70,,243305,3,,,1,15,,243306,3,,,1,15,,243307,3,,,1,55,,243308,3,,,1,15,,243309,3,,,1,15,,243310,3,,,1,15,,243311,3,,,1,55,,243312,3,,,1,15,,243313,3,,,1,15,,243333,3,,,1,15,,243332,3,,,1,58,,243346,3,,,1,30,,243347,3,,,1,70,,243348,3,,,1,30,,243349,3,,,1,70,,243342,3,,,1,30,,243343,3,,,1,70,,243314,3,,,1,30,,243315,3,,,1,70,,243316,3,,,1,30,,243317,3,,,1,70,,243318,3,,,1,30,,243319,3,,,1,70,,243320,3,,,1,22,,243344,3,,,1,15,,243345,3,,,1,55,,243321,3,,,1,15,,243322,3,,,1,15,,243323,3,,,1,15,,243324,3,,,1,55,,243325,3,,,1,15,,243326,3,,,1,15,,243334,3,,,1,15,,243327,3,,,1,63,,243338,3,,,1,30,,243339,3,,,1,70,,243340,3,,,1,30,,243341,3,,,1,70,,243328,3,,,1,30,,243329,3,,,1,70,,243335,3,,,1,85,,243330,3,,,1,100,,243331,3,,,1,100,,243336,3,,,1,100,,243337,3,,,1
1091800,'918-Weekday-4-26-09-1111100',459,,243350,3,,,1,70,,243351,3,,,1,30,,243352,3,,,1,70,,243353,3,,,1,15,,243354,3,,,1,15,,243355,3,,,1,55,,243356,3,,,1,15,,243357,3,,,1,15,,243358,3,,,1,15,,243359,3,,,1,55,,243360,3,,,1,15,,243361,3,,,1,15,,243381,3,,,1,15,,243380,3,,,1,58,,243394,3,,,1,30,,243395,3,,,1,70,,243396,3,,,1,30,,243397,3,,,1,70,,243390,3,,,1,30,,243391,3,,,1,70,,243362,3,,,1,30,,243363,3,,,1,70,,243364,3,,,1,30,,243365,3,,,1,70,,243366,3,,,1,30,,243367,3,,,1,70,,243368,3,,,1,22,,243392,3,,,1,15,,243393,3,,,1,55,,243369,3,,,1,15,,243370,3,,,1,15,,243371,3,,,1,15,,243372,3,,,1,55,,243373,3,,,1,15,,243374,3,,,1,15,,243382,3,,,1,15,,243375,3,,,1,63,,243386,3,,,1,30,,243387,3,,,1,70,,243388,3,,,1,30,,243389,3,,,1,70,,243376,3,,,1,30,,243377,3,,,1,70,,243383,3,,,1,85,,243378,3,,,1,100,,243379,3,,,1,100,,243384,3,,,1,100,,243385,3,,,1
1091800,'918-Saturday-1-26-09-0000010',541,,243398,3,,,1,100,,243399,3,,,1,100,,243400,3,,,1,100,,243401,3,,,1,68,,243402,3,,,1,30,,243403,3,,,1,70,,243404,3,,,1,30,,243405,3,,,1,70,,243406,3,,,1,30,,243407,3,,,1,70,,243408,3,,,1,30,,243409,3,,,1,70,,243410,3,,,1,30,,243411,3,,,1,70,,243412,3,,,1,30,,243413,3,,,1,70,,243414,3,,,1,30,,243415,3,,,1,70,,243416,3,,,1,30,,243417,3,,,1,72,,243418,3,,,1,30,,243419,3,,,1,70,,243420,3,,,1,30,,243421,3,,,1,70,,243422,3,,,1,30,,243423,3,,,1,100,,243424,3,,,1,100,,243425,3,,,1,100,,243426,3,,,1,100,,243427,3,,,1
1091800,'918-Sunday-1-26-09-0000001',553,,243449,3,,,1,100,,243450,3,,,1,100,,243451,3,,,1,100,,243452,3,,,1,100,,243448,3,,,1,86,,243453,3,,,1,70,,243454,3,,,1,30,,243455,3,,,1,70,,243439,3,,,1,30,,243433,3,,,1,70,,243434,3,,,1,30,,243428,3,,,1,70,,243429,3,,,1,30,,243430,3,,,1,70,,243431,3,,,1,30,,243432,3,,,1,70,,243441,3,,,1,30,,243442,3,,,1,70,,243443,3,,,1,30,,243446,3,,,1,70,,243447,3,,,1,35,,243444,3,,,1,70,,243445,3,,,1,86,,243440,3,,,1,100,,243435,3,,,1,100,,243436,3,,,1,100,,243437,3,,,1,100,,243438,3,,,1
2091801,'918-Weekday-1-26-09-1111100',513,,244060,3,,,1,30,,244061,3,,,1,70,,244062,3,,,1,23,,244064,3,,,1,15,,244065,3,,,1,55,,244066,3,,,1,15,,244067,3,,,1,15,,244068,3,,,1,15,,244069,3,,,1,55,,244070,3,,,1,15,,244071,3,,,1,15,,244063,3,,,1,15,,244096,3,,,1,55,,244072,3,,,1,25,,244081,3,,,1,70,,244082,3,,,1,30,,244083,3,,,1,70,,244084,3,,,1,30,,244085,3,,,1,70,,244086,3,,,1,30,,244073,3,,,1,70,,244074,3,,,1,30,,244075,3,,,1,70,,244076,3,,,1,30,,244077,3,,,1,71,,244078,3,,,1,30,,244087,3,,,1,15,,244088,3,,,1,55,,244080,3,,,1,15,,244056,3,,,1,15,,244057,3,,,1,15,,244058,3,,,1,55,,244059,3,,,1,15,,244054,3,,,1,15,,244079,3,,,1,15,,244097,3,,,1,55,,244055,3,,,1,30,,244089,3,,,1,70,,244090,3,,,1,30,,244091,3,,,1,70,,244051,3,,,1,30,,244052,3,,,1,70,,244053,3,,,1,30,,244092,3,,,1,99,,244093,3,,,1,100,,244094,3,,,1,100,,244095,3,,,1
2091801,'918-Weekday-2-26-09-1111100',513,,244107,3,,,1,30,,244108,3,,,1,70,,244109,3,,,1,23,,244111,3,,,1,15,,244112,3,,,1,55,,244113,3,,,1,15,,244114,3,,,1,15,,244115,3,,,1,15,,244116,3,,,1,55,,244117,3,,,1,15,,244118,3,,,1,15,,244110,3,,,1,15,,244143,3,,,1,55,,244119,3,,,1,25,,244128,3,,,1,70,,244129,3,,,1,30,,244130,3,,,1,70,,244131,3,,,1,30,,244132,3,,,1,70,,244133,3,,,1,30,,244120,3,,,1,70,,244121,3,,,1,30,,244122,3,,,1,70,,244123,3,,,1,30,,244124,3,,,1,71,,244125,3,,,1,30,,244134,3,,,1,15,,244135,3,,,1,55,,244127,3,,,1,15,,244103,3,,,1,15,,244104,3,,,1,15,,244105,3,,,1,55,,244106,3,,,1,15,,244101,3,,,1,15,,244126,3,,,1,15,,244144,3,,,1,55,,244102,3,,,1,30,,244136,3,,,1,70,,244137,3,,,1,30,,244138,3,,,1,70,,244098,3,,,1,30,,244099,3,,,1,70,,244100,3,,,1,30,,244139,3,,,1,99,,244140,3,,,1,100,,244141,3,,,1,100,,244142,3,,,1
2091801,'918-Weekday-4-26-09-1111100',513,,244154,3,,,1,30,,244155,3,,,1,70,,244156,3,,,1,23,,244158,3,,,1,15,,244159,3,,,1,55,,244160,3,,,1,15,,244161,3,,,1,15,,244162,3,,,1,15,,244163,3,,,1,55,,244164,3,,,1,15,,244165,3,,,1,15,,244157,3,,,1,15,,244190,3,,,1,55,,244166,3,,,1,25,,244175,3,,,1,70,,244176,3,,,1,30,,244177,3,,,1,70,,244178,3,,,1,30,,244179,3,,,1,70,,244180,3,,,1,30,,244167,3,,,1,70,,244168,3,,,1,30,,244169,3,,,1,70,,244170,3,,,1,30,,244171,3,,,1,71,,244172,3,,,1,30,,244181,3,,,1,15,,244182,3,,,1,55,,244174,3,,,1,15,,244150,3,,,1,15,,244151,3,,,1,15,,244152,3,,,1,55,,244153,3,,,1,15,,244148,3,,,1,15,,244173,3,,,1,15,,244191,3,,,1,55,,244149,3,,,1,30,,244183,3,,,1,70,,244184,3,,,1,30,,244185,3,,,1,70,,244145,3,,,1,30,,244146,3,,,1,70,,244147,3,,,1,30,,244186,3,,,1,99,,244187,3,,,1,100,,244188,3,,,1,100,,244189,3,,,1
2091801,'918-Saturday-1-26-09-0000010',525,,244192,3,,,1,100,,244193,3,,,1,100,,244194,3,,,1,100,,244195,3,,,1,29,,244196,3,,,1,69,,244197,3,,,1,30,,244198,3,,,1,70,,244199,3,,,1,30,,244200,3,,,1,70,,244201,3,,,1,30,,244202,3,,,1,70,,244203,3,,,1,30,,244204,3,,,1,70,,244205,3,,,1,30,,244206,3,,,1,70,,244207,3,,,1,30,,244208,3,,,1,70,,244209,3,,,1,30,,244210,3,,,1,70,,244211,3,,,1,31,,244212,3,,,1,71,,244213,3,,,1,30,,244214,3,,,1,70,,244215,3,,,1,30,,244216,3,,,1,70,,244217,3,,,1,100,,244218,3,,,1,100,,244219,3,,,1,100,,244220,3,,,1,100,,244221,3,,,1
2091801,'918-Sunday-1-26-09-0000001',522,,244227,3,,,1,100,,244228,3,,,1,100,,244229,3,,,1,100,,244230,3,,,1,100,,244231,3,,,1,101,,244238,3,,,1,30,,244239,3,,,1,70,,244240,3,,,1,30,,244241,3,,,1,70,,244242,3,,,1,30,,244243,3,,,1,70,,244244,3,,,1,30,,244237,3,,,1,70,,244222,3,,,1,30,,244223,3,,,1,70,,244233,3,,,1,30,,244234,3,,,1,70,,244232,3,,,1,31,,244235,3,,,1,69,,244224,3,,,1,30,,244225,3,,,1,70,,244236,3,,,1,32,,244226,3,,,1,74,,244245,3,,,1,100,,244246,3,,,1,100,,244247,3,,,1,100,,244248,3,,,1,100,,244249,3,,,1,100,,244250,3,,,1
