51801,'518-Weekday-1-26-02-0001000',1258,,8974,,,1
51801,'518-Weekday-1-26-02-1111100',542,,8975,,,1,70,,8976,,,1,24,,9024,,,1,21,,8977,,,1,52,,8978,,,1,12,,8979,,,1,12,,9025,,,1,12,,8980,,,1,12,,8981,,,1,52,,8982,,,1,12,,8983,,,1,12,,9026,,,1,12,,8984,,,1,12,,8985,,,1,51,,9027,,,1,35,,8986,,,1,70,,8987,,,1,30,,8988,,,1,70,,8989,,,1,30,,8990,,,1,70,,8991,,,1,30,,8992,,,1,70,,8993,,,1,30,,8994,,,1,70,,8995,,,1,30,,8996,,,1,72,,8997,,,1,15,,8998,,,1,12,,8999,,,1,12,,9021,,,1,52,,9000,,,1,5,,9028,,,1,7,,9001,,,1,12,,9002,,,1,12,,9003,,,1,12,,9023,,,1,52,,9004,,,1,12,,9005,,,1,12,,9006,,,1,12,,9007,,,1,12,,9022,,,1,52,,9008,,,1,12,,9009,,,1,12,,9010,,,1,15,,9011,,,1,67,,9012,,,1,30,,9013,,,1,70,,9014,,,1,30,,9015,,,1,70,,9016,,,1,30,,9017,,,1,69,,9018,,,1,98,,9019,,,1,100,,9020,,,1
51801,'518-Weekday-2-26-02-0001000',1258,,57067,,,1
51801,'518-Weekday-2-26-02-1111100',542,,57068,,,1,70,,57069,,,1,24,,57117,,,1,21,,57070,,,1,52,,57071,,,1,12,,57072,,,1,12,,57118,,,1,12,,57073,,,1,12,,57074,,,1,52,,57075,,,1,12,,57076,,,1,12,,57119,,,1,12,,57077,,,1,12,,57078,,,1,51,,57120,,,1,35,,57079,,,1,70,,57080,,,1,30,,57081,,,1,70,,57082,,,1,30,,57083,,,1,70,,57084,,,1,30,,57085,,,1,70,,57086,,,1,30,,57087,,,1,70,,57088,,,1,30,,57089,,,1,72,,57090,,,1,15,,57091,,,1,12,,57092,,,1,12,,57114,,,1,52,,57093,,,1,5,,57121,,,1,7,,57094,,,1,12,,57095,,,1,12,,57096,,,1,12,,57116,,,1,52,,57097,,,1,12,,57098,,,1,12,,57099,,,1,12,,57100,,,1,12,,57115,,,1,52,,57101,,,1,12,,57102,,,1,12,,57103,,,1,15,,57104,,,1,67,,57105,,,1,30,,57106,,,1,70,,57107,,,1,30,,57108,,,1,70,,57109,,,1,30,,57110,,,1,69,,57111,,,1,98,,57112,,,1,100,,57113,,,1
51801,'518-Weekday-4-26-02-1111100',542,,57122,,,1,70,,57123,,,1,24,,57171,,,1,21,,57124,,,1,52,,57125,,,1,12,,57126,,,1,12,,57172,,,1,12,,57127,,,1,12,,57128,,,1,52,,57129,,,1,12,,57130,,,1,12,,57173,,,1,12,,57131,,,1,12,,57132,,,1,51,,57174,,,1,35,,57133,,,1,70,,57134,,,1,30,,57135,,,1,70,,57136,,,1,30,,57137,,,1,70,,57138,,,1,30,,57139,,,1,70,,57140,,,1,30,,57141,,,1,70,,57142,,,1,30,,57143,,,1,72,,57144,,,1,15,,57145,,,1,12,,57146,,,1,12,,57168,,,1,52,,57147,,,1,12,,57148,,,1,12,,57149,,,1,12,,57150,,,1,12,,57170,,,1,52,,57151,,,1,12,,57152,,,1,12,,57153,,,1,12,,57154,,,1,12,,57169,,,1,52,,57155,,,1,12,,57156,,,1,12,,57157,,,1,15,,57158,,,1,67,,57159,,,1,30,,57160,,,1,70,,57161,,,1,30,,57162,,,1,70,,57163,,,1,30,,57164,,,1,69,,57165,,,1,98,,57166,,,1,100,,57167,,,1
51801,'518-Weekday-5-26-02-0000100',1258,,57175,,,1
51801,'518-Weekday-5-26-02-1111100',542,,57176,,,1,70,,57177,,,1,24,,57225,,,1,21,,57178,,,1,52,,57179,,,1,12,,57180,,,1,12,,57226,,,1,12,,57181,,,1,12,,57182,,,1,52,,57183,,,1,12,,57184,,,1,12,,57227,,,1,12,,57185,,,1,12,,57186,,,1,51,,57228,,,1,35,,57187,,,1,70,,57188,,,1,30,,57189,,,1,70,,57190,,,1,30,,57191,,,1,70,,57192,,,1,30,,57193,,,1,70,,57194,,,1,30,,57195,,,1,70,,57196,,,1,30,,57197,,,1,72,,57198,,,1,15,,57199,,,1,12,,57200,,,1,12,,57222,,,1,52,,57201,,,1,5,,57229,,,1,7,,57202,,,1,12,,57203,,,1,12,,57204,,,1,12,,57224,,,1,52,,57205,,,1,12,,57206,,,1,12,,57207,,,1,12,,57208,,,1,12,,57223,,,1,52,,57209,,,1,12,,57210,,,1,12,,57211,,,1,15,,57212,,,1,67,,57213,,,1,30,,57214,,,1,70,,57215,,,1,30,,57216,,,1,70,,57217,,,1,30,,57218,,,1,69,,57219,,,1,98,,57220,,,1,100,,57221,,,1
51801,'518-Weekday-6-26-02-1111100',542,,57230,,,1,70,,57231,,,1,24,,57279,,,1,21,,57232,,,1,52,,57233,,,1,12,,57234,,,1,12,,57280,,,1,12,,57235,,,1,12,,57236,,,1,52,,57237,,,1,12,,57238,,,1,12,,57281,,,1,12,,57239,,,1,12,,57240,,,1,51,,57282,,,1,35,,57241,,,1,70,,57242,,,1,30,,57243,,,1,70,,57244,,,1,30,,57245,,,1,70,,57246,,,1,30,,57247,,,1,70,,57248,,,1,30,,57249,,,1,70,,57250,,,1,30,,57251,,,1,72,,57252,,,1,15,,57253,,,1,12,,57254,,,1,12,,57276,,,1,52,,57255,,,1,5,,57283,,,1,7,,57256,,,1,12,,57257,,,1,12,,57258,,,1,12,,57278,,,1,52,,57259,,,1,12,,57260,,,1,12,,57261,,,1,12,,57262,,,1,12,,57277,,,1,52,,57263,,,1,12,,57264,,,1,12,,57265,,,1,15,,57266,,,1,67,,57267,,,1,30,,57268,,,1,70,,57269,,,1,30,,57270,,,1,70,,57271,,,1,30,,57272,,,1,69,,57273,,,1,98,,57274,,,1,100,,57275,,,1
51801,'518-Weekday-7-26-02-1111100',542,,57284,,,1,70,,57285,,,1,24,,57333,,,1,21,,57286,,,1,52,,57287,,,1,12,,57288,,,1,12,,57334,,,1,12,,57289,,,1,12,,57290,,,1,52,,57291,,,1,12,,57292,,,1,12,,57335,,,1,12,,57293,,,1,12,,57294,,,1,51,,57336,,,1,35,,57295,,,1,70,,57296,,,1,30,,57297,,,1,70,,57298,,,1,30,,57299,,,1,70,,57300,,,1,30,,57301,,,1,70,,57302,,,1,30,,57303,,,1,70,,57304,,,1,30,,57305,,,1,72,,57306,,,1,15,,57307,,,1,12,,57308,,,1,12,,57330,,,1,52,,57309,,,1,12,,57310,,,1,12,,57311,,,1,12,,57312,,,1,12,,57332,,,1,52,,57313,,,1,12,,57314,,,1,12,,57315,,,1,12,,57316,,,1,12,,57331,,,1,52,,57317,,,1,12,,57318,,,1,12,,57319,,,1,15,,57320,,,1,67,,57321,,,1,30,,57322,,,1,70,,57323,,,1,30,,57324,,,1,70,,57325,,,1,30,,57326,,,1,69,,57327,,,1,98,,57328,,,1,100,,57329,,,1
51801,'518-Weekday-8-26-02-1111100',542,,57337,,,1,70,,57338,,,1,24,,57386,,,1,21,,57339,,,1,52,,57340,,,1,12,,57341,,,1,12,,57387,,,1,12,,57342,,,1,12,,57343,,,1,52,,57344,,,1,12,,57345,,,1,12,,57388,,,1,12,,57346,,,1,12,,57347,,,1,51,,57389,,,1,35,,57348,,,1,70,,57349,,,1,30,,57350,,,1,70,,57351,,,1,30,,57352,,,1,70,,57353,,,1,30,,57354,,,1,70,,57355,,,1,30,,57356,,,1,70,,57357,,,1,30,,57358,,,1,72,,57359,,,1,15,,57360,,,1,12,,57361,,,1,12,,57383,,,1,52,,57362,,,1,5,,57390,,,1,7,,57363,,,1,12,,57364,,,1,12,,57365,,,1,12,,57385,,,1,52,,57366,,,1,12,,57367,,,1,12,,57368,,,1,12,,57369,,,1,12,,57384,,,1,52,,57370,,,1,12,,57371,,,1,12,,57372,,,1,15,,57373,,,1,67,,57374,,,1,30,,57375,,,1,70,,57376,,,1,30,,57377,,,1,70,,57378,,,1,30,,57379,,,1,69,,57380,,,1,98,,57381,,,1,100,,57382,,,1
51801,'518-Weekday-9-26-02-1111100',542,,57391,,,1,70,,57392,,,1,24,,57440,,,1,21,,57393,,,1,52,,57394,,,1,12,,57395,,,1,12,,57441,,,1,12,,57396,,,1,12,,57397,,,1,52,,57398,,,1,12,,57399,,,1,12,,57442,,,1,12,,57400,,,1,12,,57401,,,1,51,,57443,,,1,35,,57402,,,1,70,,57403,,,1,30,,57404,,,1,70,,57405,,,1,30,,57406,,,1,70,,57407,,,1,30,,57408,,,1,70,,57409,,,1,30,,57410,,,1,70,,57411,,,1,30,,57412,,,1,72,,57413,,,1,15,,57414,,,1,12,,57415,,,1,12,,57437,,,1,52,,57416,,,1,5,,57444,,,1,7,,57417,,,1,12,,57418,,,1,12,,57419,,,1,12,,57439,,,1,52,,57420,,,1,12,,57421,,,1,12,,57422,,,1,12,,57423,,,1,12,,57438,,,1,52,,57424,,,1,12,,57425,,,1,12,,57426,,,1,15,,57427,,,1,67,,57428,,,1,30,,57429,,,1,70,,57430,,,1,30,,57431,,,1,70,,57432,,,1,30,,57433,,,1,69,,57434,,,1,98,,57435,,,1,100,,57436,,,1
51801,'518-Saturday-1-26-02-0000010',641,,9029,,,1,97,,9030,,,1,88,,9031,,,1,31,,9032,,,1,73,,9033,,,1,70,,9034,,,1,30,,9035,,,1,70,,9036,,,1,30,,9037,,,1,70,,9038,,,1,30,,9039,,,1,70,,9040,,,1,30,,9041,,,1,70,,9042,,,1,30,,9043,,,1,70,,9044,,,1,30,,9045,,,1,70,,9046,,,1,27,,9047,,,1,30,,9048,,,1,70,,9049,,,1,73,,9050,,,1,30,,9051,,,1,70,,9052,,,1,30,,9053,,,1,70,,9058,,,1,30,,9054,,,1,70,,9059,,,1,30,,9055,,,1,70,,9060,,,1,30,,9056,,,1,100,,9057,,,1,100,,9061,,,1
51801,'518-Sunday-1-26-02-0000001',634,,57466,,,1,100,,57467,,,1,100,,57468,,,1,104,,57469,,,1,85,,57445,,,1,30,,57446,,,1,70,,57447,,,1,30,,57448,,,1,70,,57449,,,1,30,,57450,,,1,70,,57451,,,1,30,,57452,,,1,70,,57453,,,1,30,,57454,,,1,70,,57455,,,1,30,,57456,,,1,70,,57457,,,1,30,,57458,,,1,72,,57459,,,1,30,,57460,,,1,70,,57461,,,1,77,,57462,,,1,46,,57463,,,1,99,,57464,,,1,100,,57465,,,1,100,,57470,,,1,100,,57471,,,1
51901,'519-Weekday-1-26-02-1111100',558,,9139,,,1,70,,9140,,,1,17,,9141,,,1,57,,9142,,,1,15,,9143,,,1,15,,9144,,,1,15,,9145,,,1,55,,9146,,,1,15,,9147,,,1,15,,9148,,,1,15,,9149,,,1,56,,9185,,,1,28,,9150,,,1,70,,9151,,,1,30,,9152,,,1,70,,9153,,,1,30,,9154,,,1,70,,9155,,,1,30,,9156,,,1,70,,9157,,,1,30,,9158,,,1,70,,9159,,,1,30,,9160,,,1,71,,9161,,,1,33,,9162,,,1,15,,9163,,,1,55,,9164,,,1,7,,9186,,,1,8,,9165,,,1,15,,9166,,,1,15,,9167,,,1,55,,9168,,,1,15,,9169,,,1,15,,9170,,,1,15,,9171,,,1,55,,9172,,,1,15,,9173,,,1,13,,9174,,,1,25,,9175,,,1,70,,9176,,,1,30,,9177,,,1,70,,9178,,,1,30,,9179,,,1,70,,9180,,,1,30,,9181,,,1,69,,9182,,,1,100,,9183,,,1,100,,9184,,,1
51901,'519-Weekday-2-26-02-1111100',558,,57829,,,1,70,,57830,,,1,17,,57831,,,1,57,,57832,,,1,15,,57833,,,1,15,,57834,,,1,15,,57835,,,1,55,,57836,,,1,15,,57837,,,1,15,,57838,,,1,15,,57839,,,1,56,,57875,,,1,28,,57840,,,1,70,,57841,,,1,30,,57842,,,1,70,,57843,,,1,30,,57844,,,1,70,,57845,,,1,30,,57846,,,1,70,,57847,,,1,30,,57848,,,1,70,,57849,,,1,30,,57850,,,1,71,,57851,,,1,33,,57852,,,1,15,,57853,,,1,55,,57854,,,1,7,,57876,,,1,8,,57855,,,1,15,,57856,,,1,15,,57857,,,1,55,,57858,,,1,15,,57859,,,1,15,,57860,,,1,15,,57861,,,1,55,,57862,,,1,15,,57863,,,1,13,,57864,,,1,25,,57865,,,1,70,,57866,,,1,30,,57867,,,1,70,,57868,,,1,30,,57869,,,1,70,,57870,,,1,30,,57871,,,1,69,,57872,,,1,100,,57873,,,1,100,,57874,,,1
51901,'519-Weekday-4-26-02-1111100',558,,57877,,,1,70,,57878,,,1,17,,57879,,,1,57,,57880,,,1,15,,57881,,,1,15,,57882,,,1,15,,57883,,,1,55,,57884,,,1,15,,57885,,,1,15,,57886,,,1,15,,57887,,,1,56,,57923,,,1,28,,57888,,,1,70,,57889,,,1,30,,57890,,,1,70,,57891,,,1,30,,57892,,,1,70,,57893,,,1,30,,57894,,,1,70,,57895,,,1,30,,57896,,,1,70,,57897,,,1,30,,57898,,,1,71,,57899,,,1,33,,57900,,,1,15,,57901,,,1,55,,57902,,,1,15,,57903,,,1,15,,57904,,,1,15,,57905,,,1,55,,57906,,,1,15,,57907,,,1,15,,57908,,,1,15,,57909,,,1,55,,57910,,,1,15,,57911,,,1,13,,57912,,,1,25,,57913,,,1,70,,57914,,,1,30,,57915,,,1,70,,57916,,,1,30,,57917,,,1,70,,57918,,,1,30,,57919,,,1,69,,57920,,,1,100,,57921,,,1,100,,57922,,,1
51901,'519-Weekday-5-26-02-1111100',558,,57924,,,1,70,,57925,,,1,17,,57926,,,1,57,,57927,,,1,15,,57928,,,1,15,,57929,,,1,15,,57930,,,1,55,,57931,,,1,15,,57932,,,1,15,,57933,,,1,15,,57934,,,1,56,,57970,,,1,28,,57935,,,1,70,,57936,,,1,30,,57937,,,1,70,,57938,,,1,30,,57939,,,1,70,,57940,,,1,30,,57941,,,1,70,,57942,,,1,30,,57943,,,1,70,,57944,,,1,30,,57945,,,1,71,,57946,,,1,33,,57947,,,1,15,,57948,,,1,55,,57949,,,1,7,,57971,,,1,8,,57950,,,1,15,,57951,,,1,15,,57952,,,1,55,,57953,,,1,15,,57954,,,1,15,,57955,,,1,15,,57956,,,1,55,,57957,,,1,15,,57958,,,1,13,,57959,,,1,25,,57960,,,1,70,,57961,,,1,30,,57962,,,1,70,,57963,,,1,30,,57964,,,1,70,,57965,,,1,30,,57966,,,1,69,,57967,,,1,100,,57968,,,1,100,,57969,,,1
51901,'519-Weekday-6-26-02-1111100',558,,57972,,,1,70,,57973,,,1,17,,57974,,,1,57,,57975,,,1,15,,57976,,,1,15,,57977,,,1,15,,57978,,,1,55,,57979,,,1,15,,57980,,,1,15,,57981,,,1,15,,57982,,,1,56,,58018,,,1,28,,57983,,,1,70,,57984,,,1,30,,57985,,,1,70,,57986,,,1,30,,57987,,,1,70,,57988,,,1,30,,57989,,,1,70,,57990,,,1,30,,57991,,,1,70,,57992,,,1,30,,57993,,,1,71,,57994,,,1,33,,57995,,,1,15,,57996,,,1,55,,57997,,,1,7,,58019,,,1,8,,57998,,,1,15,,57999,,,1,15,,58000,,,1,55,,58001,,,1,15,,58002,,,1,15,,58003,,,1,15,,58004,,,1,55,,58005,,,1,15,,58006,,,1,13,,58007,,,1,25,,58008,,,1,70,,58009,,,1,30,,58010,,,1,70,,58011,,,1,30,,58012,,,1,70,,58013,,,1,30,,58014,,,1,69,,58015,,,1,100,,58016,,,1,100,,58017,,,1
51901,'519-Weekday-7-26-02-1111100',558,,58020,,,1,70,,58021,,,1,17,,58022,,,1,57,,58023,,,1,15,,58024,,,1,15,,58025,,,1,15,,58026,,,1,55,,58027,,,1,15,,58028,,,1,15,,58029,,,1,15,,58030,,,1,56,,58066,,,1,28,,58031,,,1,70,,58032,,,1,30,,58033,,,1,70,,58034,,,1,30,,58035,,,1,70,,58036,,,1,30,,58037,,,1,70,,58038,,,1,30,,58039,,,1,70,,58040,,,1,30,,58041,,,1,71,,58042,,,1,33,,58043,,,1,15,,58044,,,1,55,,58045,,,1,15,,58046,,,1,15,,58047,,,1,15,,58048,,,1,55,,58049,,,1,15,,58050,,,1,15,,58051,,,1,15,,58052,,,1,55,,58053,,,1,15,,58054,,,1,13,,58055,,,1,25,,58056,,,1,70,,58057,,,1,30,,58058,,,1,70,,58059,,,1,30,,58060,,,1,70,,58061,,,1,30,,58062,,,1,69,,58063,,,1,100,,58064,,,1,100,,58065,,,1
51901,'519-Weekday-8-26-02-1111100',558,,58067,,,1,70,,58068,,,1,17,,58069,,,1,57,,58070,,,1,15,,58071,,,1,15,,58072,,,1,15,,58073,,,1,55,,58074,,,1,15,,58075,,,1,15,,58076,,,1,15,,58077,,,1,56,,58113,,,1,28,,58078,,,1,70,,58079,,,1,30,,58080,,,1,70,,58081,,,1,30,,58082,,,1,70,,58083,,,1,30,,58084,,,1,70,,58085,,,1,30,,58086,,,1,70,,58087,,,1,30,,58088,,,1,71,,58089,,,1,33,,58090,,,1,15,,58091,,,1,55,,58092,,,1,7,,58114,,,1,8,,58093,,,1,15,,58094,,,1,15,,58095,,,1,55,,58096,,,1,15,,58097,,,1,15,,58098,,,1,15,,58099,,,1,55,,58100,,,1,15,,58101,,,1,13,,58102,,,1,25,,58103,,,1,70,,58104,,,1,30,,58105,,,1,70,,58106,,,1,30,,58107,,,1,70,,58108,,,1,30,,58109,,,1,69,,58110,,,1,100,,58111,,,1,100,,58112,,,1
51901,'519-Weekday-9-26-02-1111100',558,,58115,,,1,70,,58116,,,1,17,,58117,,,1,57,,58118,,,1,15,,58119,,,1,15,,58120,,,1,15,,58121,,,1,55,,58122,,,1,15,,58123,,,1,15,,58124,,,1,15,,58125,,,1,56,,58161,,,1,28,,58126,,,1,70,,58127,,,1,30,,58128,,,1,70,,58129,,,1,30,,58130,,,1,70,,58131,,,1,30,,58132,,,1,70,,58133,,,1,30,,58134,,,1,70,,58135,,,1,30,,58136,,,1,71,,58137,,,1,33,,58138,,,1,15,,58139,,,1,55,,58140,,,1,7,,58162,,,1,8,,58141,,,1,15,,58142,,,1,15,,58143,,,1,55,,58144,,,1,15,,58145,,,1,15,,58146,,,1,15,,58147,,,1,55,,58148,,,1,15,,58149,,,1,13,,58150,,,1,25,,58151,,,1,70,,58152,,,1,30,,58153,,,1,70,,58154,,,1,30,,58155,,,1,70,,58156,,,1,30,,58157,,,1,69,,58158,,,1,100,,58159,,,1,100,,58160,,,1
51901,'519-Saturday-1-26-02-0000010',611,,9187,,,1,100,,9188,,,1,100,,9189,,,1,30,,9190,,,1,71,,9191,,,1,31,,9192,,,1,70,,9193,,,1,30,,9194,,,1,70,,9195,,,1,30,,9196,,,1,70,,9197,,,1,30,,9198,,,1,70,,9199,,,1,30,,9200,,,1,70,,9201,,,1,30,,9202,,,1,70,,9203,,,1,30,,9204,,,1,70,,9205,,,1,30,,9206,,,1,69,,9207,,,1,30,,9208,,,1,70,,9209,,,1,30,,9210,,,1,70,,9211,,,1,100,,9212,,,1,100,,9213,,,1,100,,9214,,,1,100,,9215,,,1,100,,9216,,,1
51901,'519-Sunday-1-26-02-0000001',611,,58163,,,1,100,,58164,,,1,100,,58165,,,1,101,,58166,,,1,101,,58167,,,1,30,,58168,,,1,70,,58169,,,1,30,,58170,,,1,70,,58171,,,1,30,,58172,,,1,70,,58173,,,1,30,,58174,,,1,70,,58175,,,1,30,,58176,,,1,70,,58177,,,1,30,,58178,,,1,70,,58179,,,1,30,,58180,,,1,69,,58181,,,1,30,,58182,,,1,70,,58183,,,1,30,,58184,,,1,70,,58185,,,1,98,,58186,,,1,100,,58187,,,1,102,,58188,,,1,100,,58189,,,1,100,,58190,,,1
