65001,'650-Weekday-1-26-09-1111100',1524,,227646,17,,,1
65001,'650-Weekday-3-26-09-1111100',1524,,227647,17,,,1
70601,'706-Weekday-1-26-09-1111100',555,,229925,12,,,1,68,,229890,12,,,1,31,,229891,12,,,1,70,,229892,12,,,1,30,,229893,12,,,1,70,,229926,12,,,1,28,,229894,12,,,1,68,,229895,12,,,1,29,,229896,12,,,1,70,,229897,12,,,1,30,,229898,12,,,1,70,,229899,12,,,1,30,,229900,12,,,1,70,,229901,12,,,1,30,,229902,12,,,1,70,,229903,12,,,1,30,,229904,12,,,1,70,,229905,12,,,1,30,,229906,12,,,1,72,,229907,12,,,1,20,,229908,12,,,1,60,,229909,12,,,1,20,,229910,12,,,1,20,,229911,12,,,1,60,,229912,12,,,1,20,,229913,12,,,1,20,,229914,12,,,1,60,,229915,12,,,1,20,,229916,12,,,1,27,,229917,12,,,1,70,,229918,12,,,1,30,,229919,12,,,1,70,,229920,12,,,1,30,,229921,12,,,1,70,,229922,12,,,1,30,,229923,12,,,1,70,,229924,12,,,1
70601,'706-Weekday-2-26-09-1111100',555,,229962,12,,,1,68,,229927,12,,,1,31,,229928,12,,,1,70,,229929,12,,,1,30,,229930,12,,,1,70,,229963,12,,,1,28,,229931,12,,,1,68,,229932,12,,,1,29,,229933,12,,,1,70,,229934,12,,,1,30,,229935,12,,,1,70,,229936,12,,,1,30,,229937,12,,,1,70,,229938,12,,,1,30,,229939,12,,,1,70,,229940,12,,,1,30,,229941,12,,,1,70,,229942,12,,,1,30,,229943,12,,,1,72,,229944,12,,,1,20,,229945,12,,,1,60,,229946,12,,,1,20,,229947,12,,,1,20,,229948,12,,,1,60,,229949,12,,,1,20,,229950,12,,,1,20,,229951,12,,,1,60,,229952,12,,,1,20,,229953,12,,,1,27,,229954,12,,,1,70,,229955,12,,,1,30,,229956,12,,,1,70,,229957,12,,,1,30,,229958,12,,,1,70,,229959,12,,,1,30,,229960,12,,,1,70,,229961,12,,,1
70601,'706-Weekday-4-26-09-1111100',555,,229999,12,,,1,68,,229964,12,,,1,31,,229965,12,,,1,70,,229966,12,,,1,30,,229967,12,,,1,70,,230000,12,,,1,28,,229968,12,,,1,68,,229969,12,,,1,29,,229970,12,,,1,70,,229971,12,,,1,30,,229972,12,,,1,70,,229973,12,,,1,30,,229974,12,,,1,70,,229975,12,,,1,30,,229976,12,,,1,70,,229977,12,,,1,30,,229978,12,,,1,70,,229979,12,,,1,30,,229980,12,,,1,72,,229981,12,,,1,20,,229982,12,,,1,60,,229983,12,,,1,20,,229984,12,,,1,20,,229985,12,,,1,60,,229986,12,,,1,20,,229987,12,,,1,20,,229988,12,,,1,60,,229989,12,,,1,20,,229990,12,,,1,27,,229991,12,,,1,70,,229992,12,,,1,30,,229993,12,,,1,70,,229994,12,,,1,30,,229995,12,,,1,70,,229996,12,,,1,30,,229997,12,,,1,70,,229998,12,,,1
70601,'706-Saturday-1-26-09-0000010',656,,230001,12,,,1,100,,230002,12,,,1,70,,230003,12,,,1,30,,230004,12,,,1,71,,230005,12,,,1,30,,230006,12,,,1,70,,230007,12,,,1,30,,230008,12,,,1,70,,230009,12,,,1,30,,230010,12,,,1,70,,230011,12,,,1,30,,230012,12,,,1,70,,230013,12,,,1,30,,230014,12,,,1,70,,230015,12,,,1,30,,230016,12,,,1,70,,230017,12,,,1,30,,230018,12,,,1,70,,230019,12,,,1,30,,230020,12,,,1,70,,230021,12,,,1,30,,230022,12,,,1,70,,230023,12,,,1,30,,230024,12,,,1,70,,230025,12,,,1,30,,230026,12,,,1,100,,230027,12,,,1,100,,230028,12,,,1
70601,'706-Sunday-1-26-09-0000001',700,,230029,12,,,1,100,,230030,12,,,1,100,,230031,12,,,1,101,,230032,12,,,1,30,,230033,12,,,1,70,,230034,12,,,1,30,,230036,12,,,1,70,,230037,12,,,1,30,,230038,12,,,1,70,,230035,12,,,1,30,,230039,12,,,1,70,,230040,12,,,1,30,,230041,12,,,1,70,,230042,12,,,1,30,,230043,12,,,1,70,,230044,12,,,1,30,,230045,12,,,1,70,,230046,12,,,1,29,,230048,12,,,1,70,,230049,12,,,1,30,,230050,12,,,1,70,,230047,12,,,1,100,,230051,12,,,1,100,,230052,12,,,1
72401,'724-Weekday-1-26-09-1111100',629,,235192,27,,,1,73,,235193,27,,,1,34,,235194,27,,,1,70,,235195,27,,,1,30,,235196,27,,,1,69,,235197,27,,,1,626,,235198,27,,,1,70,,235199,27,,,1,30,,235200,27,,,1,70,,235201,27,,,1,30,,235202,27,,,1,70,,235203,27,,,1,30,,235204,27,,,1
72401,'724-Weekday-2-26-09-1111100',629,,235205,27,,,1,73,,235206,27,,,1,34,,235207,27,,,1,70,,235208,27,,,1,30,,235209,27,,,1,69,,235210,27,,,1,626,,235211,27,,,1,70,,235212,27,,,1,30,,235213,27,,,1,70,,235214,27,,,1,30,,235215,27,,,1,70,,235216,27,,,1,30,,235217,27,,,1
72401,'724-Weekday-4-26-09-1111100',629,,235218,27,,,1,73,,235219,27,,,1,34,,235220,27,,,1,70,,235221,27,,,1,30,,235222,27,,,1,69,,235223,27,,,1,626,,235224,27,,,1,70,,235225,27,,,1,30,,235226,27,,,1,70,,235227,27,,,1,30,,235228,27,,,1,70,,235229,27,,,1,30,,235230,27,,,1
