10201,'102-Weekday-1-26-02-1111100',541,,4585,,,1,70,,4556,,,1,25,,4557,,,1,15,,4558,,,1,55,,4586,,,1,15,,4559,,,1,15,,4560,,,1,15,,4561,,,1,55,,4584,,,1,15,,4562,,,1,15,,4563,,,1,15,,4583,,,1,68,,4576,,,1,30,,4564,,,1,70,,4565,,,1,30,,4566,,,1,70,,4567,,,1,30,,4568,,,1,70,,4569,,,1,30,,4570,,,1,70,,4571,,,1,30,,4572,,,1,70,,4573,,,1,30,,4574,,,1,71,,4575,,,1,34,,4582,,,1,70,,4581,,,1,30,,4580,,,1,70,,4579,,,1,30,,4578,,,1,69,,4577,,,1,30,,4587,,,1,68,,4588,,,1,30,,4589,,,1,70,,4590,,,1,30,,4591,,,1,70,,4592,,,1,30,,4593,,,1
10201,'102-Weekday-2-26-02-1111100',541,,36891,,,1,70,,36862,,,1,25,,36863,,,1,15,,36864,,,1,55,,36892,,,1,15,,36865,,,1,15,,36866,,,1,15,,36867,,,1,55,,36890,,,1,15,,36868,,,1,15,,36869,,,1,15,,36889,,,1,68,,36882,,,1,30,,36870,,,1,70,,36871,,,1,30,,36872,,,1,70,,36873,,,1,30,,36874,,,1,70,,36875,,,1,30,,36876,,,1,70,,36877,,,1,30,,36878,,,1,70,,36879,,,1,30,,36880,,,1,71,,36881,,,1,34,,36888,,,1,70,,36887,,,1,30,,36886,,,1,70,,36885,,,1,30,,36884,,,1,69,,36883,,,1,30,,36893,,,1,68,,36894,,,1,30,,36895,,,1,70,,36896,,,1,30,,36897,,,1,70,,36898,,,1,30,,36899,,,1
10201,'102-Weekday-4-26-02-1111100',541,,36929,,,1,70,,36900,,,1,25,,36901,,,1,15,,36902,,,1,55,,36930,,,1,15,,36903,,,1,15,,36904,,,1,15,,36905,,,1,55,,36928,,,1,15,,36906,,,1,15,,36907,,,1,15,,36927,,,1,68,,36920,,,1,30,,36908,,,1,70,,36909,,,1,30,,36910,,,1,70,,36911,,,1,30,,36912,,,1,70,,36913,,,1,30,,36914,,,1,70,,36915,,,1,30,,36916,,,1,70,,36917,,,1,30,,36918,,,1,71,,36919,,,1,34,,36926,,,1,70,,36925,,,1,30,,36924,,,1,70,,36923,,,1,30,,36922,,,1,69,,36921,,,1,30,,36931,,,1,68,,36932,,,1,30,,36933,,,1,70,,36934,,,1,30,,36935,,,1,70,,36936,,,1,30,,36937,,,1
10201,'102-Weekday-5-26-02-1111100',541,,36967,,,1,70,,36938,,,1,25,,36939,,,1,15,,36940,,,1,55,,36968,,,1,15,,36941,,,1,15,,36942,,,1,15,,36943,,,1,55,,36966,,,1,15,,36944,,,1,15,,36945,,,1,15,,36965,,,1,68,,36958,,,1,30,,36946,,,1,70,,36947,,,1,30,,36948,,,1,70,,36949,,,1,30,,36950,,,1,70,,36951,,,1,30,,36952,,,1,70,,36953,,,1,30,,36954,,,1,70,,36955,,,1,30,,36956,,,1,71,,36957,,,1,34,,36964,,,1,70,,36963,,,1,30,,36962,,,1,70,,36961,,,1,30,,36960,,,1,69,,36959,,,1,30,,36969,,,1,68,,36970,,,1,30,,36971,,,1,70,,36972,,,1,30,,36973,,,1,70,,36974,,,1,30,,36975,,,1
10201,'102-Weekday-6-26-02-1111100',541,,37005,,,1,70,,36976,,,1,25,,36977,,,1,15,,36978,,,1,55,,37006,,,1,15,,36979,,,1,15,,36980,,,1,15,,36981,,,1,55,,37004,,,1,15,,36982,,,1,15,,36983,,,1,15,,37003,,,1,68,,36996,,,1,30,,36984,,,1,70,,36985,,,1,30,,36986,,,1,70,,36987,,,1,30,,36988,,,1,70,,36989,,,1,30,,36990,,,1,70,,36991,,,1,30,,36992,,,1,70,,36993,,,1,30,,36994,,,1,71,,36995,,,1,34,,37002,,,1,70,,37001,,,1,30,,37000,,,1,70,,36999,,,1,30,,36998,,,1,69,,36997,,,1,30,,37007,,,1,68,,37008,,,1,30,,37009,,,1,70,,37010,,,1,30,,37011,,,1,70,,37012,,,1,30,,37013,,,1
10201,'102-Weekday-7-26-02-1111100',541,,37043,,,1,70,,37014,,,1,25,,37015,,,1,15,,37016,,,1,55,,37044,,,1,15,,37017,,,1,15,,37018,,,1,15,,37019,,,1,55,,37042,,,1,15,,37020,,,1,15,,37021,,,1,15,,37041,,,1,68,,37034,,,1,30,,37022,,,1,70,,37023,,,1,30,,37024,,,1,70,,37025,,,1,30,,37026,,,1,70,,37027,,,1,30,,37028,,,1,70,,37029,,,1,30,,37030,,,1,70,,37031,,,1,30,,37032,,,1,71,,37033,,,1,34,,37040,,,1,70,,37039,,,1,30,,37038,,,1,70,,37037,,,1,30,,37036,,,1,69,,37035,,,1,30,,37045,,,1,68,,37046,,,1,30,,37047,,,1,70,,37048,,,1,30,,37049,,,1,70,,37050,,,1,30,,37051,,,1
10201,'102-Weekday-8-26-02-1111100',541,,37081,,,1,70,,37052,,,1,25,,37053,,,1,15,,37054,,,1,55,,37082,,,1,15,,37055,,,1,15,,37056,,,1,15,,37057,,,1,55,,37080,,,1,15,,37058,,,1,15,,37059,,,1,15,,37079,,,1,68,,37072,,,1,30,,37060,,,1,70,,37061,,,1,30,,37062,,,1,70,,37063,,,1,30,,37064,,,1,70,,37065,,,1,30,,37066,,,1,70,,37067,,,1,30,,37068,,,1,70,,37069,,,1,30,,37070,,,1,71,,37071,,,1,34,,37078,,,1,70,,37077,,,1,30,,37076,,,1,70,,37075,,,1,30,,37074,,,1,69,,37073,,,1,30,,37083,,,1,68,,37084,,,1,30,,37085,,,1,70,,37086,,,1,30,,37087,,,1,70,,37088,,,1,30,,37089,,,1
10201,'102-Weekday-9-26-02-1111100',541,,37119,,,1,70,,37090,,,1,25,,37091,,,1,15,,37092,,,1,55,,37120,,,1,15,,37093,,,1,15,,37094,,,1,15,,37095,,,1,55,,37118,,,1,15,,37096,,,1,15,,37097,,,1,15,,37117,,,1,68,,37110,,,1,30,,37098,,,1,70,,37099,,,1,30,,37100,,,1,70,,37101,,,1,30,,37102,,,1,70,,37103,,,1,30,,37104,,,1,70,,37105,,,1,30,,37106,,,1,70,,37107,,,1,30,,37108,,,1,71,,37109,,,1,34,,37116,,,1,70,,37115,,,1,30,,37114,,,1,70,,37113,,,1,30,,37112,,,1,69,,37111,,,1,30,,37121,,,1,68,,37122,,,1,30,,37123,,,1,70,,37124,,,1,30,,37125,,,1,70,,37126,,,1,30,,37127,,,1
10201,'102-Saturday-1-26-02-0000010',608,,4594,,,1,100,,4595,,,1,100,,4596,,,1,36,,4597,,,1,71,,4598,,,1,33,,4599,,,1,72,,4600,,,1,30,,4601,,,1,70,,4602,,,1,30,,4603,,,1,70,,4604,,,1,30,,4605,,,1,70,,4606,,,1,30,,4607,,,1,70,,4608,,,1,30,,4609,,,1,70,,4610,,,1,30,,4611,,,1,70,,4612,,,1,30,,4613,,,1,70,,4614,,,1,28,,4615,,,1,69,,4616,,,1,30,,4617,,,1,70,,4618,,,1
10201,'102-Sunday-1-26-02-0000001',1017,,37128,,,1,30,,37129,,,1,70,,37130,,,1,30,,37131,,,1,70,,37132,,,1,30,,37133,,,1,70,,37134,,,1,30,,37135,,,1,70,,37136,,,1,30,,37137,,,1,70,,37138,,,1,30,,37139,,,1,70,,37140,,,1,30,,37141,,,1,70,,37142,,,1,30,,37143,,,1,70,,37144,,,1,30,,37145,,,1
