92400,'924-Weekday-1-26-09-1111100',706,,242287,1,,,1,30,,242288,1,,,1,70,,242289,1,,,1,30,,242290,1,,,1,70,,242291,1,,,1,30,,242304,1,,,1,70,,242292,1,,,1,100,,242293,1,,,1,100,,242294,1,,,1,100,,242295,1,,,1,100,,242296,1,,,1,100,,242297,1,,,1,106,,242298,1,,,1,28,,242299,1,,,1,70,,242300,1,,,1,30,,242301,1,,,1,66,,242302,1,,,1,30,,242303,1,,,1
92400,'924-Weekday-2-26-09-1111100',706,,242305,1,,,1,30,,242306,1,,,1,70,,242307,1,,,1,30,,242308,1,,,1,70,,242309,1,,,1,30,,242322,1,,,1,70,,242310,1,,,1,100,,242311,1,,,1,100,,242312,1,,,1,100,,242313,1,,,1,100,,242314,1,,,1,100,,242315,1,,,1,106,,242316,1,,,1,28,,242317,1,,,1,70,,242318,1,,,1,30,,242319,1,,,1,66,,242320,1,,,1,30,,242321,1,,,1
92400,'924-Weekday-4-26-09-1111100',706,,242323,1,,,1,30,,242324,1,,,1,70,,242325,1,,,1,30,,242326,1,,,1,70,,242327,1,,,1,30,,242340,1,,,1,70,,242328,1,,,1,100,,242329,1,,,1,100,,242330,1,,,1,100,,242331,1,,,1,100,,242332,1,,,1,100,,242333,1,,,1,106,,242334,1,,,1,28,,242335,1,,,1,70,,242336,1,,,1,30,,242337,1,,,1,66,,242338,1,,,1,30,,242339,1,,,1
92400,'924-Saturday-1-26-09-0000010',836,,242341,1,,,1,100,,242342,1,,,1,100,,242343,1,,,1,100,,242344,1,,,1,100,,242345,1,,,1,100,,242346,1,,,1,100,,242347,1,,,1,100,,242348,1,,,1,100,,242349,1,,,1,100,,242350,1,,,1,100,,242351,1,,,1
92400,'924-Sunday-1-26-09-0000001',1036,,242352,1,,,1,100,,242353,1,,,1,100,,242354,1,,,1,100,,242355,1,,,1,100,,242356,1,,,1,100,,242357,1,,,1,100,,242358,1,,,1,100,,242359,1,,,1,100,,242360,1,,,1
92401,'924-Weekday-1-26-09-1111100',706,,242361,28,4,,1,30,,242362,28,4,,1,70,,242363,28,4,,1,30,,242364,28,4,,1,70,,242377,28,4,,1,30,,242378,28,4,,1,70,,242365,28,4,,1,100,,242366,28,4,,1,100,,242367,28,4,,1,100,,242368,28,4,,1,100,,242369,28,4,,1,100,,242370,28,4,,1,106,,242376,28,4,,1,28,,242371,28,4,,1,70,,242372,28,4,,1,30,,242373,28,4,,1,66,,242374,28,4,,1,30,,242375,28,4,,1
92401,'924-Weekday-2-26-09-1111100',706,,242379,28,4,,1,30,,242380,28,4,,1,70,,242381,28,4,,1,30,,242382,28,4,,1,70,,242395,28,4,,1,30,,242396,28,4,,1,70,,242383,28,4,,1,100,,242384,28,4,,1,100,,242385,28,4,,1,100,,242386,28,4,,1,100,,242387,28,4,,1,100,,242388,28,4,,1,106,,242394,28,4,,1,28,,242389,28,4,,1,70,,242390,28,4,,1,30,,242391,28,4,,1,66,,242392,28,4,,1,30,,242393,28,4,,1
92401,'924-Weekday-4-26-09-1111100',706,,242397,28,4,,1,30,,242398,28,4,,1,70,,242399,28,4,,1,30,,242400,28,4,,1,70,,242413,28,4,,1,30,,242414,28,4,,1,70,,242401,28,4,,1,100,,242402,28,4,,1,100,,242403,28,4,,1,100,,242404,28,4,,1,100,,242405,28,4,,1,100,,242406,28,4,,1,106,,242412,28,4,,1,28,,242407,28,4,,1,70,,242408,28,4,,1,30,,242409,28,4,,1,66,,242410,28,4,,1,30,,242411,28,4,,1
92401,'924-Saturday-1-26-09-0000010',836,,242415,28,4,,1,100,,242416,28,4,,1,100,,242417,28,4,,1,100,,242418,28,4,,1,100,,242419,28,4,,1,100,,242420,28,4,,1,100,,242421,28,4,,1,100,,242422,28,4,,1,100,,242423,28,4,,1,100,,242424,28,4,,1,100,,242425,28,4,,1
92401,'924-Sunday-1-26-09-0000001',1036,,242426,28,4,,1,100,,242427,28,4,,1,100,,242428,28,4,,1,100,,242429,28,4,,1,100,,242430,28,4,,1,100,,242431,28,4,,1,100,,242432,28,4,,1,100,,242433,28,4,,1,100,,242434,28,4,,1
