70501,'705-Weekday-1-26-02-1111100',602,,10942,,,1,31,,10955,,,1,21,,10982,,,1,60,,10952,,,1,20,,10953,,,1,20,,10954,,,1,60,,10956,,,1,20,,10968,,,1,20,,10978,,,1,64,,10981,,,1,23,,10972,,,1,70,,10943,,,1,30,,10944,,,1,70,,10945,,,1,30,,10946,,,1,70,,10947,,,1,30,,10948,,,1,70,,10949,,,1,30,,10950,,,1,70,,10951,,,1,25,,10980,,,1,20,,10979,,,1,61,,10957,,,1,20,,10958,,,1,20,,10959,,,1,60,,10960,,,1,20,,10961,,,1,20,,10962,,,1,60,,10973,,,1,20,,10971,,,1,65,,10963,,,1,30,,10964,,,1,69,,10965,,,1,30,,10974,,,1,70,,10975,,,1,30,,10976,,,1,70,,10977,,,1,30,,10969,,,1,70,,10970,,,1,30,,10966,,,1,100,,10967,,,1
70501,'705-Weekday-2-26-02-1111100',602,,65806,,,1,31,,65819,,,1,21,,65846,,,1,60,,65816,,,1,20,,65817,,,1,20,,65818,,,1,60,,65820,,,1,20,,65832,,,1,20,,65842,,,1,64,,65845,,,1,23,,65836,,,1,70,,65807,,,1,30,,65808,,,1,70,,65809,,,1,30,,65810,,,1,70,,65811,,,1,30,,65812,,,1,70,,65813,,,1,30,,65814,,,1,70,,65815,,,1,25,,65844,,,1,20,,65843,,,1,61,,65821,,,1,20,,65822,,,1,20,,65823,,,1,60,,65824,,,1,20,,65825,,,1,20,,65826,,,1,60,,65837,,,1,20,,65835,,,1,65,,65827,,,1,30,,65828,,,1,69,,65829,,,1,30,,65838,,,1,70,,65839,,,1,30,,65840,,,1,70,,65841,,,1,30,,65833,,,1,70,,65834,,,1,30,,65830,,,1,100,,65831,,,1
70501,'705-Weekday-4-26-02-1111100',602,,65847,,,1,31,,65860,,,1,21,,65887,,,1,60,,65857,,,1,20,,65858,,,1,20,,65859,,,1,60,,65861,,,1,20,,65873,,,1,20,,65883,,,1,64,,65886,,,1,23,,65877,,,1,70,,65848,,,1,30,,65849,,,1,70,,65850,,,1,30,,65851,,,1,70,,65852,,,1,30,,65853,,,1,70,,65854,,,1,30,,65855,,,1,70,,65856,,,1,25,,65885,,,1,20,,65884,,,1,61,,65862,,,1,20,,65863,,,1,20,,65864,,,1,60,,65865,,,1,20,,65866,,,1,20,,65867,,,1,60,,65878,,,1,20,,65876,,,1,65,,65868,,,1,30,,65869,,,1,69,,65870,,,1,30,,65879,,,1,70,,65880,,,1,30,,65881,,,1,70,,65882,,,1,30,,65874,,,1,70,,65875,,,1,30,,65871,,,1,100,,65872,,,1
70501,'705-Weekday-5-26-02-1111100',602,,65888,,,1,31,,65901,,,1,21,,65928,,,1,60,,65898,,,1,20,,65899,,,1,20,,65900,,,1,60,,65902,,,1,20,,65914,,,1,20,,65924,,,1,64,,65927,,,1,23,,65918,,,1,70,,65889,,,1,30,,65890,,,1,70,,65891,,,1,30,,65892,,,1,70,,65893,,,1,30,,65894,,,1,70,,65895,,,1,30,,65896,,,1,70,,65897,,,1,25,,65926,,,1,20,,65925,,,1,61,,65903,,,1,20,,65904,,,1,20,,65905,,,1,60,,65906,,,1,20,,65907,,,1,20,,65908,,,1,60,,65919,,,1,20,,65917,,,1,65,,65909,,,1,30,,65910,,,1,69,,65911,,,1,30,,65920,,,1,70,,65921,,,1,30,,65922,,,1,70,,65923,,,1,30,,65915,,,1,70,,65916,,,1,30,,65912,,,1,100,,65913,,,1
70501,'705-Weekday-6-26-02-1111100',602,,65929,,,1,31,,65942,,,1,21,,65969,,,1,60,,65939,,,1,20,,65940,,,1,20,,65941,,,1,60,,65943,,,1,20,,65955,,,1,20,,65965,,,1,64,,65968,,,1,23,,65959,,,1,70,,65930,,,1,30,,65931,,,1,70,,65932,,,1,30,,65933,,,1,70,,65934,,,1,30,,65935,,,1,70,,65936,,,1,30,,65937,,,1,70,,65938,,,1,25,,65967,,,1,20,,65966,,,1,61,,65944,,,1,20,,65945,,,1,20,,65946,,,1,60,,65947,,,1,20,,65948,,,1,20,,65949,,,1,60,,65960,,,1,20,,65958,,,1,65,,65950,,,1,30,,65951,,,1,69,,65952,,,1,30,,65961,,,1,70,,65962,,,1,30,,65963,,,1,70,,65964,,,1,30,,65956,,,1,70,,65957,,,1,30,,65953,,,1,100,,65954,,,1
70501,'705-Weekday-7-26-02-1111100',602,,65970,,,1,31,,65983,,,1,21,,66010,,,1,60,,65980,,,1,20,,65981,,,1,20,,65982,,,1,60,,65984,,,1,20,,65996,,,1,20,,66006,,,1,64,,66009,,,1,23,,66000,,,1,70,,65971,,,1,30,,65972,,,1,70,,65973,,,1,30,,65974,,,1,70,,65975,,,1,30,,65976,,,1,70,,65977,,,1,30,,65978,,,1,70,,65979,,,1,25,,66008,,,1,20,,66007,,,1,61,,65985,,,1,20,,65986,,,1,20,,65987,,,1,60,,65988,,,1,20,,65989,,,1,20,,65990,,,1,60,,66001,,,1,20,,65999,,,1,65,,65991,,,1,30,,65992,,,1,69,,65993,,,1,30,,66002,,,1,70,,66003,,,1,30,,66004,,,1,70,,66005,,,1,30,,65997,,,1,70,,65998,,,1,30,,65994,,,1,100,,65995,,,1
70501,'705-Weekday-8-26-02-1111100',602,,66011,,,1,31,,66024,,,1,21,,66051,,,1,60,,66021,,,1,20,,66022,,,1,20,,66023,,,1,60,,66025,,,1,20,,66037,,,1,20,,66047,,,1,64,,66050,,,1,23,,66041,,,1,70,,66012,,,1,30,,66013,,,1,70,,66014,,,1,30,,66015,,,1,70,,66016,,,1,30,,66017,,,1,70,,66018,,,1,30,,66019,,,1,70,,66020,,,1,25,,66049,,,1,20,,66048,,,1,61,,66026,,,1,20,,66027,,,1,20,,66028,,,1,60,,66029,,,1,20,,66030,,,1,20,,66031,,,1,60,,66042,,,1,20,,66040,,,1,65,,66032,,,1,30,,66033,,,1,69,,66034,,,1,30,,66043,,,1,70,,66044,,,1,30,,66045,,,1,70,,66046,,,1,30,,66038,,,1,70,,66039,,,1,30,,66035,,,1,100,,66036,,,1
70501,'705-Weekday-9-26-02-1111100',602,,66052,,,1,31,,66065,,,1,21,,66092,,,1,60,,66062,,,1,20,,66063,,,1,20,,66064,,,1,60,,66066,,,1,20,,66078,,,1,20,,66088,,,1,64,,66091,,,1,23,,66082,,,1,70,,66053,,,1,30,,66054,,,1,70,,66055,,,1,30,,66056,,,1,70,,66057,,,1,30,,66058,,,1,70,,66059,,,1,30,,66060,,,1,70,,66061,,,1,25,,66090,,,1,20,,66089,,,1,61,,66067,,,1,20,,66068,,,1,20,,66069,,,1,60,,66070,,,1,20,,66071,,,1,20,,66072,,,1,60,,66083,,,1,20,,66081,,,1,65,,66073,,,1,30,,66074,,,1,69,,66075,,,1,30,,66084,,,1,70,,66085,,,1,30,,66086,,,1,70,,66087,,,1,30,,66079,,,1,70,,66080,,,1,30,,66076,,,1,100,,66077,,,1
70501,'705-Saturday-1-26-02-0000010',623,,11011,,,1,100,,11010,,,1,100,,10983,,,1,30,,10985,,,1,71,,10986,,,1,30,,10987,,,1,70,,10984,,,1,30,,10988,,,1,70,,10989,,,1,30,,10990,,,1,70,,10991,,,1,30,,10992,,,1,70,,10993,,,1,30,,10994,,,1,70,,10995,,,1,30,,10996,,,1,70,,10997,,,1,30,,10998,,,1,70,,10999,,,1,30,,11000,,,1,71,,11001,,,1,30,,11002,,,1,70,,11003,,,1,30,,11004,,,1,70,,11005,,,1,100,,11006,,,1,100,,11007,,,1,100,,11008,,,1,100,,11009,,,1
70501,'705-Sunday-1-26-02-0000001',819,,66093,,,1,102,,66094,,,1,100,,66095,,,1,30,,66096,,,1,70,,66097,,,1,30,,66098,,,1,70,,66099,,,1,30,,66100,,,1,70,,66101,,,1,30,,66102,,,1,70,,66103,,,1,30,,66104,,,1,70,,66105,,,1,30,,66106,,,1,70,,66107,,,1,30,,66108,,,1,69,,66109,,,1,30,,66110,,,1,70,,66111,,,1,30,,66112,,,1,70,,66113,,,1,100,,66114,,,1,100,,66115,,,1,100,,66116,,,1
70901,'709-Weekday-1-26-02-0001000',1421,,11589,,,1,2,,11590,,,1,2,,11591,,,1
70901,'709-Weekday-1-26-02-1110100',1520,,11592,,,1,2,,11593,,,1,2,,11594,,,1
70901,'709-Weekday-1-26-02-1111100',523,,11595,,,1,20,,11598,,,1,60,,11603,,,1,20,,11628,,,1,16,,11629,,,1,15,,11630,,,1,55,,11631,,,1,15,,11632,,,1,15,,11633,,,1,15,,11634,,,1,55,,11635,,,1,15,,11636,,,1,15,,11637,,,1,15,,11638,,,1,55,,11639,,,1,13,,11642,,,1,15,,11643,,,1,15,,11644,,,1,55,,11645,,,1,15,,11646,,,1,15,,11647,,,1,15,,11648,,,1,55,,11649,,,1,15,,11650,,,1,15,,11651,,,1,15,,11652,,,1,55,,11653,,,1,15,,11654,,,1,15,,11655,,,1,15,,11656,,,1,55,,11657,,,1,15,,11658,,,1,15,,11659,,,1,15,,11660,,,1,55,,11661,,,1,15,,11662,,,1,15,,11663,,,1,15,,11599,,,1,50,,11600,,,1,8,,11666,,,1,3,,11667,,,1,10,,11604,,,1,10,,11605,,,1,10,,11606,,,1,10,,11607,,,1,50,,11608,,,1,10,,11665,,,1,13,,11664,,,1,13,,11620,,,1,12,,11609,,,1,52,,11602,,,1,12,,11596,,,1,12,,11597,,,1,12,,11619,,,1,20,,11618,,,1,60,,11617,,,1,18,,11616,,,1,20,,11615,,,1,60,,11614,,,1,20,,11613,,,1,20,,11612,,,1,60,,11611,,,1,20,,11610,,,1,20,,11623,,,1,60,,11624,,,1,20,,11625,,,1,20,,11626,,,1,70,,11627,,,1,30,,11621,,,1,70,,11641,,,1,30,,11640,,,1,70,,11622,,,1
70901,'709-Weekday-10-26-02-0000100',1222,,68882,,,1
70901,'709-Weekday-10-26-02-1110100',1520,,68883,,,1,2,,68884,,,1,2,,68885,,,1
70901,'709-Weekday-10-26-02-1111100',523,,68886,,,1,20,,68889,,,1,60,,68894,,,1,20,,68919,,,1,16,,68920,,,1,15,,68921,,,1,55,,68922,,,1,15,,68923,,,1,15,,68924,,,1,15,,68925,,,1,55,,68926,,,1,15,,68927,,,1,15,,68928,,,1,15,,68929,,,1,55,,68930,,,1,13,,68933,,,1,15,,68934,,,1,15,,68935,,,1,55,,68936,,,1,15,,68937,,,1,15,,68938,,,1,15,,68939,,,1,55,,68940,,,1,15,,68941,,,1,15,,68942,,,1,15,,68943,,,1,55,,68944,,,1,15,,68945,,,1,15,,68946,,,1,15,,68947,,,1,55,,68948,,,1,15,,68949,,,1,15,,68950,,,1,15,,68951,,,1,55,,68952,,,1,15,,68953,,,1,15,,68954,,,1,15,,68890,,,1,50,,68891,,,1,8,,68957,,,1,3,,68958,,,1,10,,68895,,,1,10,,68896,,,1,10,,68897,,,1,10,,68898,,,1,50,,68899,,,1,10,,68956,,,1,13,,68955,,,1,13,,68911,,,1,12,,68900,,,1,52,,68893,,,1,12,,68887,,,1,12,,68888,,,1,12,,68910,,,1,20,,68909,,,1,60,,68908,,,1,18,,68907,,,1,20,,68906,,,1,60,,68905,,,1,20,,68904,,,1,20,,68903,,,1,60,,68902,,,1,20,,68901,,,1,20,,68914,,,1,60,,68915,,,1,20,,68916,,,1,20,,68917,,,1,70,,68918,,,1,30,,68912,,,1,70,,68932,,,1,30,,68931,,,1,70,,68913,,,1
70901,'709-Weekday-11-26-02-0001000',1222,,68962,,,1,199,,68959,,,1,2,,68960,,,1,2,,68961,,,1
70901,'709-Weekday-11-26-02-1111100',523,,68963,,,1,20,,68966,,,1,60,,68971,,,1,20,,68996,,,1,16,,68997,,,1,15,,68998,,,1,55,,68999,,,1,15,,69000,,,1,15,,69001,,,1,15,,69002,,,1,55,,69003,,,1,15,,69004,,,1,15,,69005,,,1,15,,69006,,,1,55,,69007,,,1,13,,69010,,,1,15,,69011,,,1,15,,69012,,,1,55,,69013,,,1,15,,69014,,,1,15,,69015,,,1,15,,69016,,,1,55,,69017,,,1,15,,69018,,,1,15,,69019,,,1,15,,69020,,,1,55,,69021,,,1,15,,69022,,,1,15,,69023,,,1,15,,69024,,,1,55,,69025,,,1,15,,69026,,,1,15,,69027,,,1,15,,69028,,,1,55,,69029,,,1,15,,69030,,,1,15,,69031,,,1,15,,68967,,,1,50,,68968,,,1,8,,69034,,,1,3,,69035,,,1,10,,68972,,,1,10,,68973,,,1,10,,68974,,,1,10,,68975,,,1,50,,68976,,,1,10,,69033,,,1,13,,69032,,,1,13,,68988,,,1,12,,68977,,,1,52,,68970,,,1,12,,68964,,,1,12,,68965,,,1,12,,68987,,,1,20,,68986,,,1,60,,68985,,,1,18,,68984,,,1,20,,68983,,,1,60,,68982,,,1,20,,68981,,,1,20,,68980,,,1,60,,68979,,,1,20,,68978,,,1,20,,68991,,,1,60,,68992,,,1,20,,68993,,,1,20,,68994,,,1,70,,68995,,,1,30,,68989,,,1,70,,69009,,,1,30,,69008,,,1,70,,68990,,,1
70901,'709-Weekday-2-26-02-0001000',1421,,69036,,,1,2,,69037,,,1,2,,69038,,,1
70901,'709-Weekday-2-26-02-1110100',1520,,69039,,,1,2,,69040,,,1,2,,69041,,,1
70901,'709-Weekday-2-26-02-1111100',523,,69042,,,1,20,,69045,,,1,60,,69050,,,1,20,,69075,,,1,16,,69076,,,1,15,,69077,,,1,55,,69078,,,1,15,,69079,,,1,15,,69080,,,1,15,,69081,,,1,55,,69082,,,1,15,,69083,,,1,15,,69084,,,1,15,,69085,,,1,55,,69086,,,1,13,,69089,,,1,15,,69090,,,1,15,,69091,,,1,55,,69092,,,1,15,,69093,,,1,15,,69094,,,1,15,,69095,,,1,55,,69096,,,1,15,,69097,,,1,15,,69098,,,1,15,,69099,,,1,55,,69100,,,1,15,,69101,,,1,15,,69102,,,1,15,,69103,,,1,55,,69104,,,1,15,,69105,,,1,15,,69106,,,1,15,,69107,,,1,55,,69108,,,1,15,,69109,,,1,15,,69110,,,1,15,,69046,,,1,50,,69047,,,1,8,,69113,,,1,3,,69114,,,1,10,,69051,,,1,10,,69052,,,1,10,,69053,,,1,10,,69054,,,1,50,,69055,,,1,10,,69112,,,1,13,,69111,,,1,13,,69067,,,1,12,,69056,,,1,52,,69049,,,1,12,,69043,,,1,12,,69044,,,1,12,,69066,,,1,20,,69065,,,1,60,,69064,,,1,18,,69063,,,1,20,,69062,,,1,60,,69061,,,1,20,,69060,,,1,20,,69059,,,1,60,,69058,,,1,20,,69057,,,1,20,,69070,,,1,60,,69071,,,1,20,,69072,,,1,20,,69073,,,1,70,,69074,,,1,30,,69068,,,1,70,,69088,,,1,30,,69087,,,1,70,,69069,,,1
70901,'709-Weekday-4-26-02-1111100',523,,69115,,,1,20,,69118,,,1,60,,69123,,,1,20,,69148,,,1,16,,69149,,,1,15,,69150,,,1,55,,69151,,,1,15,,69152,,,1,15,,69153,,,1,15,,69154,,,1,55,,69155,,,1,15,,69156,,,1,15,,69157,,,1,15,,69158,,,1,55,,69159,,,1,13,,69162,,,1,15,,69163,,,1,15,,69164,,,1,55,,69165,,,1,15,,69166,,,1,15,,69167,,,1,15,,69168,,,1,55,,69169,,,1,15,,69170,,,1,15,,69171,,,1,15,,69172,,,1,55,,69173,,,1,15,,69174,,,1,15,,69175,,,1,15,,69176,,,1,55,,69177,,,1,15,,69178,,,1,15,,69179,,,1,15,,69180,,,1,55,,69181,,,1,15,,69182,,,1,15,,69183,,,1,15,,69119,,,1,50,,69120,,,1,11,,69121,,,1,10,,69124,,,1,10,,69125,,,1,10,,69126,,,1,10,,69127,,,1,50,,69128,,,1,10,,69185,,,1,13,,69184,,,1,13,,69140,,,1,12,,69129,,,1,52,,69122,,,1,12,,69116,,,1,12,,69117,,,1,12,,69139,,,1,20,,69138,,,1,60,,69137,,,1,18,,69136,,,1,20,,69135,,,1,60,,69134,,,1,20,,69133,,,1,20,,69132,,,1,60,,69131,,,1,20,,69130,,,1,20,,69143,,,1,60,,69144,,,1,20,,69145,,,1,20,,69146,,,1,70,,69147,,,1,30,,69141,,,1,70,,69161,,,1,30,,69160,,,1,70,,69142,,,1
70901,'709-Weekday-5-26-02-0001000',1421,,69186,,,1,2,,69187,,,1,2,,69188,,,1
70901,'709-Weekday-5-26-02-1110100',1520,,69189,,,1,2,,69190,,,1,2,,69191,,,1
70901,'709-Weekday-5-26-02-1111100',523,,69192,,,1,20,,69195,,,1,60,,69200,,,1,20,,69225,,,1,16,,69226,,,1,15,,69227,,,1,55,,69228,,,1,15,,69229,,,1,15,,69230,,,1,15,,69231,,,1,55,,69232,,,1,15,,69233,,,1,15,,69234,,,1,15,,69235,,,1,55,,69236,,,1,13,,69239,,,1,15,,69240,,,1,15,,69241,,,1,55,,69242,,,1,15,,69243,,,1,15,,69244,,,1,15,,69245,,,1,55,,69246,,,1,15,,69247,,,1,15,,69248,,,1,15,,69249,,,1,55,,69250,,,1,15,,69251,,,1,15,,69252,,,1,15,,69253,,,1,55,,69254,,,1,15,,69255,,,1,15,,69256,,,1,15,,69257,,,1,55,,69258,,,1,15,,69259,,,1,15,,69260,,,1,15,,69196,,,1,50,,69197,,,1,8,,69263,,,1,3,,69264,,,1,10,,69201,,,1,10,,69202,,,1,10,,69203,,,1,10,,69204,,,1,50,,69205,,,1,10,,69262,,,1,13,,69261,,,1,13,,69217,,,1,12,,69206,,,1,52,,69199,,,1,12,,69193,,,1,12,,69194,,,1,12,,69216,,,1,20,,69215,,,1,60,,69214,,,1,18,,69213,,,1,20,,69212,,,1,60,,69211,,,1,20,,69210,,,1,20,,69209,,,1,60,,69208,,,1,20,,69207,,,1,20,,69220,,,1,60,,69221,,,1,20,,69222,,,1,20,,69223,,,1,70,,69224,,,1,30,,69218,,,1,70,,69238,,,1,30,,69237,,,1,70,,69219,,,1
70901,'709-Weekday-6-26-02-1111100',523,,69265,,,1,20,,69268,,,1,60,,69273,,,1,20,,69298,,,1,16,,69299,,,1,15,,69300,,,1,55,,69301,,,1,15,,69302,,,1,15,,69303,,,1,15,,69304,,,1,55,,69305,,,1,15,,69306,,,1,15,,69307,,,1,15,,69308,,,1,55,,69309,,,1,13,,69312,,,1,15,,69313,,,1,15,,69314,,,1,55,,69315,,,1,15,,69316,,,1,15,,69317,,,1,15,,69318,,,1,55,,69319,,,1,15,,69320,,,1,15,,69321,,,1,15,,69322,,,1,55,,69323,,,1,15,,69324,,,1,15,,69325,,,1,15,,69326,,,1,55,,69327,,,1,15,,69328,,,1,15,,69329,,,1,15,,69330,,,1,55,,69331,,,1,15,,69332,,,1,15,,69333,,,1,15,,69269,,,1,50,,69270,,,1,11,,69271,,,1,10,,69274,,,1,10,,69275,,,1,10,,69276,,,1,10,,69277,,,1,50,,69278,,,1,10,,69335,,,1,13,,69334,,,1,13,,69290,,,1,12,,69279,,,1,52,,69272,,,1,12,,69266,,,1,12,,69267,,,1,12,,69289,,,1,20,,69288,,,1,60,,69287,,,1,18,,69286,,,1,20,,69285,,,1,60,,69284,,,1,20,,69283,,,1,20,,69282,,,1,60,,69281,,,1,20,,69280,,,1,20,,69293,,,1,60,,69294,,,1,20,,69295,,,1,20,,69296,,,1,70,,69297,,,1,30,,69291,,,1,70,,69311,,,1,30,,69310,,,1,70,,69292,,,1
70901,'709-Weekday-7-26-02-1111100',523,,69336,,,1,20,,69339,,,1,60,,69344,,,1,20,,69369,,,1,16,,69370,,,1,15,,69371,,,1,55,,69372,,,1,15,,69373,,,1,15,,69374,,,1,15,,69375,,,1,55,,69376,,,1,15,,69377,,,1,15,,69378,,,1,15,,69379,,,1,55,,69380,,,1,13,,69383,,,1,15,,69384,,,1,15,,69385,,,1,55,,69386,,,1,15,,69387,,,1,15,,69388,,,1,15,,69389,,,1,55,,69390,,,1,15,,69391,,,1,15,,69392,,,1,15,,69393,,,1,55,,69394,,,1,15,,69395,,,1,15,,69396,,,1,15,,69397,,,1,55,,69398,,,1,15,,69399,,,1,15,,69400,,,1,15,,69401,,,1,55,,69402,,,1,15,,69403,,,1,15,,69404,,,1,15,,69340,,,1,50,,69341,,,1,11,,69342,,,1,10,,69345,,,1,10,,69346,,,1,10,,69347,,,1,10,,69348,,,1,50,,69349,,,1,10,,69406,,,1,13,,69405,,,1,13,,69361,,,1,12,,69350,,,1,52,,69343,,,1,12,,69337,,,1,12,,69338,,,1,12,,69360,,,1,20,,69359,,,1,60,,69358,,,1,18,,69357,,,1,20,,69356,,,1,60,,69355,,,1,20,,69354,,,1,20,,69353,,,1,60,,69352,,,1,20,,69351,,,1,20,,69364,,,1,60,,69365,,,1,20,,69366,,,1,20,,69367,,,1,70,,69368,,,1,30,,69362,,,1,70,,69382,,,1,30,,69381,,,1,70,,69363,,,1
70901,'709-Weekday-8-26-02-1111100',523,,69407,,,1,20,,69410,,,1,60,,69415,,,1,20,,69440,,,1,16,,69441,,,1,15,,69442,,,1,55,,69443,,,1,15,,69444,,,1,15,,69445,,,1,15,,69446,,,1,55,,69447,,,1,15,,69448,,,1,15,,69449,,,1,15,,69450,,,1,55,,69451,,,1,13,,69454,,,1,15,,69455,,,1,15,,69456,,,1,55,,69457,,,1,15,,69458,,,1,15,,69459,,,1,15,,69460,,,1,55,,69461,,,1,15,,69462,,,1,15,,69463,,,1,15,,69464,,,1,55,,69465,,,1,15,,69466,,,1,15,,69467,,,1,15,,69468,,,1,55,,69469,,,1,15,,69470,,,1,15,,69471,,,1,15,,69472,,,1,55,,69473,,,1,15,,69474,,,1,15,,69475,,,1,15,,69411,,,1,50,,69412,,,1,11,,69413,,,1,10,,69416,,,1,10,,69417,,,1,10,,69418,,,1,10,,69419,,,1,50,,69420,,,1,10,,69477,,,1,13,,69476,,,1,13,,69432,,,1,12,,69421,,,1,52,,69414,,,1,12,,69408,,,1,12,,69409,,,1,12,,69431,,,1,20,,69430,,,1,60,,69429,,,1,18,,69428,,,1,20,,69427,,,1,60,,69426,,,1,20,,69425,,,1,20,,69424,,,1,60,,69423,,,1,20,,69422,,,1,20,,69435,,,1,60,,69436,,,1,20,,69437,,,1,20,,69438,,,1,70,,69439,,,1,30,,69433,,,1,70,,69453,,,1,30,,69452,,,1,70,,69434,,,1
70901,'709-Weekday-9-26-02-1110100',1520,,69478,,,1,2,,69479,,,1,2,,69480,,,1
70901,'709-Weekday-9-26-02-1111100',523,,69481,,,1,20,,69484,,,1,60,,69489,,,1,20,,69514,,,1,16,,69515,,,1,15,,69516,,,1,55,,69517,,,1,15,,69518,,,1,15,,69519,,,1,15,,69520,,,1,55,,69521,,,1,15,,69522,,,1,15,,69523,,,1,15,,69524,,,1,55,,69525,,,1,13,,69528,,,1,15,,69529,,,1,15,,69530,,,1,55,,69531,,,1,15,,69532,,,1,15,,69533,,,1,15,,69534,,,1,55,,69535,,,1,15,,69536,,,1,15,,69537,,,1,15,,69538,,,1,55,,69539,,,1,15,,69540,,,1,15,,69541,,,1,15,,69542,,,1,55,,69543,,,1,15,,69544,,,1,15,,69545,,,1,15,,69546,,,1,55,,69547,,,1,15,,69548,,,1,15,,69549,,,1,15,,69485,,,1,50,,69486,,,1,8,,69552,,,1,3,,69553,,,1,10,,69490,,,1,10,,69491,,,1,10,,69492,,,1,10,,69493,,,1,50,,69494,,,1,10,,69551,,,1,13,,69550,,,1,13,,69506,,,1,12,,69495,,,1,52,,69488,,,1,12,,69482,,,1,12,,69483,,,1,12,,69505,,,1,20,,69504,,,1,60,,69503,,,1,18,,69502,,,1,20,,69501,,,1,60,,69500,,,1,20,,69499,,,1,20,,69498,,,1,60,,69497,,,1,20,,69496,,,1,20,,69509,,,1,60,,69510,,,1,20,,69511,,,1,20,,69512,,,1,70,,69513,,,1,30,,69507,,,1,70,,69527,,,1,30,,69526,,,1,70,,69508,,,1
70901,'709-Saturday-1-26-02-0000010',604,,11668,,,1,30,,11669,,,1,70,,11670,,,1,30,,11671,,,1,70,,11672,,,1,30,,11673,,,1,20,,11674,,,1,59,,11675,,,1,20,,11676,,,1,20,,11677,,,1,60,,11678,,,1,20,,11679,,,1,20,,11680,,,1,60,,11681,,,1,20,,11682,,,1,20,,11683,,,1,60,,11684,,,1,20,,11686,,,1,20,,11687,,,1,60,,11688,,,1,20,,11685,,,1,20,,11689,,,1,60,,11690,,,1,20,,11691,,,1,20,,11692,,,1,60,,11693,,,1,20,,11694,,,1,20,,11695,,,1,60,,11696,,,1,20,,11697,,,1,20,,11698,,,1,59,,11699,,,1,18,,11700,,,1,20,,11701,,,1,60,,11702,,,1,20,,11703,,,1,20,,11704,,,1,60,,11705,,,1,25,,11706,,,1,70,,11707,,,1,30,,11708,,,1,70,,11709,,,1,30,,11710,,,1,70,,11711,,,1,30,,11712,,,1,70,,11713,,,1,30,,11714,,,1,70,,11715,,,1,30,,11716,,,1,70,,11717,,,1
70901,'709-Sunday-1-26-02-0000001',617,,69554,,,1,30,,69555,,,1,70,,69556,,,1,30,,69557,,,1,70,,69558,,,1,30,,69559,,,1,81,,69560,,,1,21,,69561,,,1,70,,69562,,,1,30,,69563,,,1,70,,69564,,,1,30,,69565,,,1,70,,69566,,,1,30,,69567,,,1,70,,69568,,,1,30,,69569,,,1,70,,69570,,,1,30,,69571,,,1,70,,69572,,,1,30,,69573,,,1,70,,69574,,,1,30,,69575,,,1,69,,69576,,,1,30,,69577,,,1,70,,69578,,,1,30,,69580,,,1,70,,69581,,,1,30,,69582,,,1,70,,69579,,,1,30,,69583,,,1,70,,69584,,,1,30,,69585,,,1,70,,69586,,,1,30,,69587,,,1,70,,69588,,,1,30,,69589,,,1,70,,69590,,,1
