11800,'118-Weekday-1-26-09-1111100',505,,219268,16,,,1,30,,219269,16,,,1,70,,219270,16,,,1,31,,219304,16,,,1,15,,219271,16,,,1,55,,219305,16,,,1,15,,219299,16,,,1,15,,219272,16,,,1,15,,219273,16,,,1,55,,219300,16,,,1,15,,219302,16,,,1,15,,219306,16,,,1,68,,219274,16,,,1,30,,219275,16,,,1,70,,219276,16,,,1,30,,219277,16,,,1,70,,219278,16,,,1,30,,219279,16,,,1,70,,219280,16,,,1,30,,219281,16,,,1,70,,219282,16,,,1,30,,219283,16,,,1,70,,219284,16,,,1,30,,219285,16,,,1,70,,219286,16,,,1,30,,219287,16,,,1,22,,219288,16,,,1,60,,219307,16,,,1,20,,219289,16,,,1,20,,219290,16,,,1,60,,219308,16,,,1,20,,219303,16,,,1,66,,219291,16,,,1,33,,219292,16,,,1,70,,219293,16,,,1,30,,219294,16,,,1,70,,219295,16,,,1,30,,219296,16,,,1,70,,219297,16,,,1,30,,219298,16,,,1,70,,219301,16,,,1
11800,'118-Weekday-2-26-09-1111100',505,,219309,16,,,1,30,,219310,16,,,1,70,,219311,16,,,1,31,,219345,16,,,1,15,,219312,16,,,1,55,,219346,16,,,1,15,,219340,16,,,1,15,,219313,16,,,1,15,,219314,16,,,1,55,,219341,16,,,1,15,,219343,16,,,1,15,,219347,16,,,1,68,,219315,16,,,1,30,,219316,16,,,1,70,,219317,16,,,1,30,,219318,16,,,1,70,,219319,16,,,1,30,,219320,16,,,1,70,,219321,16,,,1,30,,219322,16,,,1,70,,219323,16,,,1,30,,219324,16,,,1,70,,219325,16,,,1,30,,219326,16,,,1,70,,219327,16,,,1,30,,219328,16,,,1,22,,219329,16,,,1,60,,219348,16,,,1,20,,219330,16,,,1,20,,219331,16,,,1,60,,219349,16,,,1,20,,219344,16,,,1,66,,219332,16,,,1,33,,219333,16,,,1,70,,219334,16,,,1,30,,219335,16,,,1,70,,219336,16,,,1,30,,219337,16,,,1,70,,219338,16,,,1,30,,219339,16,,,1,70,,219342,16,,,1
11800,'118-Weekday-4-26-09-1111100',505,,219350,16,,,1,30,,219351,16,,,1,70,,219352,16,,,1,31,,219386,16,,,1,15,,219353,16,,,1,55,,219387,16,,,1,15,,219381,16,,,1,15,,219354,16,,,1,15,,219355,16,,,1,55,,219382,16,,,1,15,,219384,16,,,1,15,,219388,16,,,1,68,,219356,16,,,1,30,,219357,16,,,1,70,,219358,16,,,1,30,,219359,16,,,1,70,,219360,16,,,1,30,,219361,16,,,1,70,,219362,16,,,1,30,,219363,16,,,1,70,,219364,16,,,1,30,,219365,16,,,1,70,,219366,16,,,1,30,,219367,16,,,1,70,,219368,16,,,1,30,,219369,16,,,1,22,,219370,16,,,1,60,,219389,16,,,1,20,,219371,16,,,1,20,,219372,16,,,1,60,,219390,16,,,1,20,,219385,16,,,1,66,,219373,16,,,1,33,,219374,16,,,1,70,,219375,16,,,1,30,,219376,16,,,1,70,,219377,16,,,1,30,,219378,16,,,1,70,,219379,16,,,1,30,,219380,16,,,1,70,,219383,16,,,1
11800,'118-Saturday-1-26-09-0000010',623,,219391,16,,,1,100,,219392,16,,,1,100,,219408,16,,,1,30,,219410,16,,,1,70,,219409,16,,,1,30,,219393,16,,,1,70,,219394,16,,,1,30,,219395,16,,,1,70,,219396,16,,,1,30,,219397,16,,,1,70,,219398,16,,,1,30,,219399,16,,,1,70,,219400,16,,,1,30,,219401,16,,,1,70,,219402,16,,,1,30,,219403,16,,,1,70,,219404,16,,,1,30,,219405,16,,,1,70,,219406,16,,,1,30,,219407,16,,,1,70,,219411,16,,,1,30,,219412,16,,,1,70,,219413,16,,,1,30,,219414,16,,,1,70,,219415,16,,,1
11800,'118-Sunday-1-26-09-0000001',645,,219435,16,,,1,100,,219434,16,,,1,100,,219433,16,,,1,100,,219432,16,,,1,100,,219431,16,,,1,85,,219430,16,,,1,70,,219429,16,,,1,30,,219428,16,,,1,70,,219427,16,,,1,30,,219426,16,,,1,70,,219425,16,,,1,30,,219424,16,,,1,70,,219423,16,,,1,30,,219422,16,,,1,70,,219421,16,,,1,30,,219420,16,,,1,70,,219419,16,,,1,30,,219418,16,,,1,70,,219417,16,,,1,30,,219416,16,,,1,70,,219436,16,,,1
62100,'621-Weekday-1-26-09-0001000',1216,,227461,19,,,1
62100,'621-Weekday-1-26-09-1110100',1520,,227462,19,,,1,4,,227463,19,,,1
62100,'621-Weekday-1-26-09-1111100',1548,,227464,19,,,1
62100,'621-Weekday-3-26-09-1111100',1548,,227465,19,,,1
62300,'623-Weekday-1-26-09-0001000',1241,,227548,16,,,1
62300,'623-Weekday-1-26-09-1110100',1519,,227549,16,,,1
