90400,'904-Weekday-1-26-09-1111100',538,,237389,13,,,1,70,,237390,13,,,1,32,,237391,13,,,1,60,,237392,13,,,1,20,,237424,13,,,1,20,,237393,13,,,1,63,,237428,13,,,1,1,,237394,13,,,1,4,,237429,13,,,1,7,,237430,13,,,1,9,,237423,13,,,1,20,,237427,13,,,1,66,,237395,13,,,1,30,,237396,13,,,1,70,,237397,13,,,1,30,,237398,13,,,1,70,,237399,13,,,1,30,,237400,13,,,1,70,,237401,13,,,1,30,,237402,13,,,1,70,,237403,13,,,1,30,,237404,13,,,1,70,,237405,13,,,1,30,,237406,13,,,1,60,,237407,13,,,1,21,,237422,13,,,1,20,,237408,13,,,1,60,,237409,13,,,1,20,,237425,13,,,1,20,,237410,13,,,1,60,,237411,13,,,1,20,,237426,13,,,1,30,,237412,13,,,1,70,,237413,13,,,1,28,,237414,13,,,1,70,,237415,13,,,1,30,,237416,13,,,1,70,,237417,13,,,1,30,,237418,13,,,1,70,,237419,13,,,1,30,,237421,13,,,1,99,,237420,13,,,1
90400,'904-Weekday-2-26-09-1111100',538,,237431,13,,,1,70,,237432,13,,,1,32,,237433,13,,,1,60,,237434,13,,,1,20,,237466,13,,,1,20,,237435,13,,,1,63,,237470,13,,,1,1,,237436,13,,,1,4,,237471,13,,,1,7,,237472,13,,,1,9,,237465,13,,,1,20,,237469,13,,,1,66,,237437,13,,,1,30,,237438,13,,,1,70,,237439,13,,,1,30,,237440,13,,,1,70,,237441,13,,,1,30,,237442,13,,,1,70,,237443,13,,,1,30,,237444,13,,,1,70,,237445,13,,,1,30,,237446,13,,,1,70,,237447,13,,,1,30,,237448,13,,,1,60,,237449,13,,,1,21,,237464,13,,,1,20,,237450,13,,,1,60,,237451,13,,,1,20,,237467,13,,,1,20,,237452,13,,,1,60,,237453,13,,,1,20,,237468,13,,,1,30,,237454,13,,,1,70,,237455,13,,,1,28,,237456,13,,,1,70,,237457,13,,,1,30,,237458,13,,,1,70,,237459,13,,,1,30,,237460,13,,,1,70,,237461,13,,,1,30,,237463,13,,,1,99,,237462,13,,,1
90400,'904-Weekday-4-26-09-1111100',538,,237473,13,,,1,70,,237474,13,,,1,32,,237475,13,,,1,60,,237476,13,,,1,20,,237508,13,,,1,20,,237477,13,,,1,63,,237512,13,,,1,1,,237478,13,,,1,4,,237513,13,,,1,7,,237514,13,,,1,9,,237507,13,,,1,20,,237511,13,,,1,66,,237479,13,,,1,30,,237480,13,,,1,70,,237481,13,,,1,30,,237482,13,,,1,70,,237483,13,,,1,30,,237484,13,,,1,70,,237485,13,,,1,30,,237486,13,,,1,70,,237487,13,,,1,30,,237488,13,,,1,70,,237489,13,,,1,30,,237490,13,,,1,60,,237491,13,,,1,21,,237506,13,,,1,20,,237492,13,,,1,60,,237493,13,,,1,20,,237509,13,,,1,20,,237494,13,,,1,60,,237495,13,,,1,20,,237510,13,,,1,30,,237496,13,,,1,70,,237497,13,,,1,28,,237498,13,,,1,70,,237499,13,,,1,30,,237500,13,,,1,70,,237501,13,,,1,30,,237502,13,,,1,70,,237503,13,,,1,30,,237505,13,,,1,99,,237504,13,,,1
90400,'904-Saturday-1-26-09-0000010',640,,237527,13,,,1,100,,237515,13,,,1,100,,237516,13,,,1,69,,237517,13,,,1,30,,237518,13,,,1,70,,237519,13,,,1,30,,237520,13,,,1,70,,237521,13,,,1,30,,237522,13,,,1,70,,237523,13,,,1,32,,237528,13,,,1,70,,237529,13,,,1,30,,237530,13,,,1,70,,237531,13,,,1,30,,237532,13,,,1,70,,237533,13,,,1,30,,237534,13,,,1,70,,237535,13,,,1,30,,237536,13,,,1,69,,237537,13,,,1,30,,237538,13,,,1,70,,237539,13,,,1,30,,237540,13,,,1,70,,237541,13,,,1,97,,237524,13,,,1,100,,237525,13,,,1,100,,237526,13,,,1
90400,'904-Sunday-1-26-09-0000001',706,,237542,13,,,1,100,,237543,13,,,1,102,,237544,13,,,1,101,,237562,13,,,1,30,,237545,13,,,1,70,,237546,13,,,1,30,,237547,13,,,1,70,,237548,13,,,1,30,,237550,13,,,1,70,,237551,13,,,1,30,,237552,13,,,1,70,,237549,13,,,1,30,,237553,13,,,1,70,,237554,13,,,1,30,,237555,13,,,1,70,,237556,13,,,1,30,,237557,13,,,1,69,,237558,13,,,1,30,,237559,13,,,1,70,,237560,13,,,1,30,,237561,13,,,1,70,,237563,13,,,1
92400,'924-Weekday-1-26-09-1111100',708,,242287,6,,,1,30,,242288,6,,,1,70,,242289,6,,,1,30,,242290,6,,,1,70,,242291,6,,,1,30,,242304,6,,,1,70,,242292,6,,,1,100,,242293,6,,,1,100,,242294,6,,,1,100,,242295,6,,,1,100,,242296,6,,,1,100,,242297,6,,,1,106,,242298,6,,,1,28,,242299,6,,,1,70,,242300,6,,,1,30,,242301,6,,,1,66,,242302,6,,,1,30,,242303,6,,,1
92400,'924-Weekday-2-26-09-1111100',708,,242305,6,,,1,30,,242306,6,,,1,70,,242307,6,,,1,30,,242308,6,,,1,70,,242309,6,,,1,30,,242322,6,,,1,70,,242310,6,,,1,100,,242311,6,,,1,100,,242312,6,,,1,100,,242313,6,,,1,100,,242314,6,,,1,100,,242315,6,,,1,106,,242316,6,,,1,28,,242317,6,,,1,70,,242318,6,,,1,30,,242319,6,,,1,66,,242320,6,,,1,30,,242321,6,,,1
92400,'924-Weekday-4-26-09-1111100',708,,242323,6,,,1,30,,242324,6,,,1,70,,242325,6,,,1,30,,242326,6,,,1,70,,242327,6,,,1,30,,242340,6,,,1,70,,242328,6,,,1,100,,242329,6,,,1,100,,242330,6,,,1,100,,242331,6,,,1,100,,242332,6,,,1,100,,242333,6,,,1,106,,242334,6,,,1,28,,242335,6,,,1,70,,242336,6,,,1,30,,242337,6,,,1,66,,242338,6,,,1,30,,242339,6,,,1
92400,'924-Saturday-1-26-09-0000010',838,,242341,6,,,1,100,,242342,6,,,1,100,,242343,6,,,1,100,,242344,6,,,1,100,,242345,6,,,1,100,,242346,6,,,1,100,,242347,6,,,1,100,,242348,6,,,1,100,,242349,6,,,1,100,,242350,6,,,1,100,,242351,6,,,1
92400,'924-Sunday-1-26-09-0000001',1038,,242352,6,,,1,100,,242353,6,,,1,100,,242354,6,,,1,100,,242355,6,,,1,100,,242356,6,,,1,100,,242357,6,,,1,100,,242358,6,,,1,100,,242359,6,,,1,100,,242360,6,,,1
