10701,'107-Weekday-1-26-04-1111100',545,,114123,25,,,1,70,,114124,25,,,1,31,,114125,25,,,1,10,,114148,25,,,1,50,,114126,25,,,1,10,,114127,25,,,1,10,,114149,25,,,1,10,,114128,25,,,1,10,,114129,25,,,1,10,,114150,25,,,1,48,,114178,25,,,1,2,,114130,25,,,1,10,,114131,25,,,1,10,,114132,25,,,1,8,,114179,25,,,1,2,,114133,25,,,1,10,,114134,25,,,1,60,,114151,25,,,1,19,,114135,25,,,1,20,,114136,25,,,1,60,,114152,25,,,1,20,,114153,25,,,1,20,,114154,25,,,1,60,,114155,25,,,1,20,,114156,25,,,1,20,,114157,25,,,1,60,,114158,25,,,1,20,,114159,25,,,1,20,,114160,25,,,1,60,,114161,25,,,1,20,,114162,25,,,1,20,,114163,25,,,1,60,,114164,25,,,1,20,,114165,25,,,1,20,,114166,25,,,1,60,,114175,25,,,1,16,,114147,25,,,1,15,,114167,25,,,1,15,,114168,25,,,1,55,,114169,25,,,1,15,,114137,25,,,1,15,,114138,25,,,1,15,,114139,25,,,1,55,,114140,25,,,1,15,,114141,25,,,1,15,,114142,25,,,1,22,,114176,25,,,1,60,,114177,25,,,1,20,,114143,25,,,1,69,,114171,25,,,1,30,,114172,25,,,1,70,,114173,25,,,1,30,,114174,25,,,1,70,,114144,25,,,1,30,,114146,25,,,1,70,,114145,25,,,1,30,,114170,25,,,1
10701,'107-Weekday-2-26-04-1111100',545,,136246,25,,,1,70,,136247,25,,,1,31,,136248,25,,,1,10,,136271,25,,,1,50,,136249,25,,,1,10,,136250,25,,,1,10,,136272,25,,,1,10,,136251,25,,,1,10,,136252,25,,,1,10,,136273,25,,,1,48,,136301,25,,,1,2,,136253,25,,,1,10,,136254,25,,,1,10,,136255,25,,,1,8,,136302,25,,,1,2,,136256,25,,,1,10,,136257,25,,,1,60,,136274,25,,,1,19,,136258,25,,,1,20,,136259,25,,,1,60,,136275,25,,,1,20,,136276,25,,,1,20,,136277,25,,,1,60,,136278,25,,,1,20,,136279,25,,,1,20,,136280,25,,,1,60,,136281,25,,,1,20,,136282,25,,,1,20,,136283,25,,,1,60,,136284,25,,,1,20,,136285,25,,,1,20,,136286,25,,,1,60,,136287,25,,,1,20,,136288,25,,,1,20,,136289,25,,,1,60,,136298,25,,,1,16,,136270,25,,,1,15,,136290,25,,,1,15,,136291,25,,,1,55,,136292,25,,,1,15,,136260,25,,,1,15,,136261,25,,,1,15,,136262,25,,,1,55,,136263,25,,,1,15,,136264,25,,,1,15,,136265,25,,,1,22,,136299,25,,,1,60,,136300,25,,,1,20,,136266,25,,,1,69,,136294,25,,,1,30,,136295,25,,,1,70,,136296,25,,,1,30,,136297,25,,,1,70,,136267,25,,,1,30,,136269,25,,,1,70,,136268,25,,,1,30,,136293,25,,,1
10701,'107-Weekday-3-26-04-1111100',545,,136303,25,,,1,70,,136304,25,,,1,31,,136305,25,,,1,10,,136328,25,,,1,50,,136306,25,,,1,10,,136307,25,,,1,10,,136329,25,,,1,10,,136308,25,,,1,10,,136309,25,,,1,10,,136330,25,,,1,48,,136358,25,,,1,2,,136310,25,,,1,10,,136311,25,,,1,10,,136312,25,,,1,10,,136313,25,,,1,10,,136314,25,,,1,60,,136331,25,,,1,19,,136315,25,,,1,20,,136316,25,,,1,60,,136332,25,,,1,20,,136333,25,,,1,20,,136334,25,,,1,60,,136335,25,,,1,20,,136336,25,,,1,20,,136337,25,,,1,60,,136338,25,,,1,20,,136339,25,,,1,20,,136340,25,,,1,60,,136341,25,,,1,20,,136342,25,,,1,20,,136343,25,,,1,60,,136344,25,,,1,20,,136345,25,,,1,20,,136346,25,,,1,60,,136355,25,,,1,16,,136327,25,,,1,15,,136347,25,,,1,15,,136348,25,,,1,55,,136349,25,,,1,15,,136317,25,,,1,15,,136318,25,,,1,15,,136319,25,,,1,55,,136320,25,,,1,15,,136321,25,,,1,15,,136322,25,,,1,22,,136356,25,,,1,60,,136357,25,,,1,20,,136323,25,,,1,69,,136351,25,,,1,30,,136352,25,,,1,70,,136353,25,,,1,30,,136354,25,,,1,70,,136324,25,,,1,30,,136326,25,,,1,70,,136325,25,,,1,30,,136350,25,,,1
10701,'107-Saturday-1-26-04-0000010',808,,114180,25,,,1,30,,114181,25,,,1,70,,114182,25,,,1,31,,114183,25,,,1,70,,114184,25,,,1,30,,114185,25,,,1,70,,114186,25,,,1,30,,114187,25,,,1,70,,114188,25,,,1,30,,114189,25,,,1,70,,114190,25,,,1,30,,114191,25,,,1,70,,114192,25,,,1,30,,114193,25,,,1,70,,114194,25,,,1,30,,114195,25,,,1,70,,114196,25,,,1,30,,114197,25,,,1,70,,114198,25,,,1,29,,114199,25,,,1,70,,114200,25,,,1,30,,114201,25,,,1,70,,114202,25,,,1
10701,'107-Sunday-1-26-04-0000001',957,,114203,25,,,1,70,,114204,25,,,1,30,,114205,25,,,1,70,,114206,25,,,1,30,,114207,25,,,1,70,,114208,25,,,1,30,,114209,25,,,1,70,,114210,25,,,1,30,,114211,25,,,1,70,,114212,25,,,1,30,,114213,25,,,1,70,,114214,25,,,1,30,,114215,25,,,1,70,,114216,25,,,1,30,,114217,25,,,1,69,,114218,25,,,1,30,,114219,25,,,1,70,,114220,25,,,1,30,,114221,25,,,1,70,,114222,25,,,1
62600,'626-Weekday-1-26-04-0001000',1245,,120393,36,,,1,4,,120394,36,,,1,4,,120395,36,,,1
62600,'626-Weekday-1-26-04-1110100',1543,,120396,36,,,1,4,,120397,36,,,1,4,,120398,36,,,1
62600,'626-Weekday-3-26-04-0001000',1245,,142002,36,,,1,4,,142003,36,,,1,4,,142004,36,,,1
62600,'626-Weekday-3-26-04-1110100',1543,,142005,36,,,1,4,,142006,36,,,1,4,,142007,36,,,1
62801,'628-Weekday-1-26-04-1111100',807,,120406,12,,,1
62801,'628-Weekday-2-26-04-1111100',807,,142015,12,,,1
