5301,'053-Weekday-1-26-04-1111100',558,,111967,26,,,1,70,,111968,26,,,1,73,,111999,26,,,1,15,,111969,26,,,1,15,,111970,26,,,1,15,,111997,26,,,1,55,,111971,26,,,1,15,,112007,26,,,1,15,,112008,26,,,1,15,,112002,26,,,1,55,,112006,26,,,1,30,,111998,26,,,1,70,,111972,26,,,1,30,,111973,26,,,1,70,,111974,26,,,1,30,,111975,26,,,1,70,,111976,26,,,1,30,,111977,26,,,1,70,,111978,26,,,1,30,,111979,26,,,1,70,,111980,26,,,1,30,,111981,26,,,1,70,,111982,26,,,1,31,,111983,26,,,1,15,,111984,26,,,1,55,,111985,26,,,1,15,,112000,26,,,1,15,,111986,26,,,1,15,,111987,26,,,1,55,,112001,26,,,1,15,,111988,26,,,1,15,,112003,26,,,1,15,,112009,26,,,1,55,,112010,26,,,1,30,,112011,26,,,1,69,,112004,26,,,1,30,,111989,26,,,1,70,,111990,26,,,1,30,,111991,26,,,1,70,,111992,26,,,1,30,,111993,26,,,1,70,,111994,26,,,1,28,,111995,26,,,1,100,,111996,26,,,1,100,,112005,26,,,1
5301,'053-Weekday-2-26-04-1111100',558,,133981,26,,,1,70,,133982,26,,,1,73,,134013,26,,,1,15,,133983,26,,,1,15,,133984,26,,,1,15,,134011,26,,,1,55,,133985,26,,,1,15,,134021,26,,,1,15,,134022,26,,,1,15,,134016,26,,,1,55,,134020,26,,,1,30,,134012,26,,,1,70,,133986,26,,,1,30,,133987,26,,,1,70,,133988,26,,,1,30,,133989,26,,,1,70,,133990,26,,,1,30,,133991,26,,,1,70,,133992,26,,,1,30,,133993,26,,,1,70,,133994,26,,,1,30,,133995,26,,,1,70,,133996,26,,,1,31,,133997,26,,,1,15,,133998,26,,,1,55,,133999,26,,,1,15,,134014,26,,,1,15,,134000,26,,,1,15,,134001,26,,,1,55,,134015,26,,,1,15,,134002,26,,,1,15,,134017,26,,,1,15,,134023,26,,,1,55,,134024,26,,,1,30,,134025,26,,,1,69,,134018,26,,,1,30,,134003,26,,,1,70,,134004,26,,,1,30,,134005,26,,,1,70,,134006,26,,,1,30,,134007,26,,,1,70,,134008,26,,,1,28,,134009,26,,,1,100,,134010,26,,,1,100,,134019,26,,,1
5301,'053-Weekday-3-26-04-1111100',558,,134026,26,,,1,70,,134027,26,,,1,73,,134058,26,,,1,15,,134028,26,,,1,15,,134029,26,,,1,15,,134056,26,,,1,55,,134030,26,,,1,15,,134066,26,,,1,15,,134067,26,,,1,15,,134061,26,,,1,55,,134065,26,,,1,30,,134057,26,,,1,70,,134031,26,,,1,30,,134032,26,,,1,70,,134033,26,,,1,30,,134034,26,,,1,70,,134035,26,,,1,30,,134036,26,,,1,70,,134037,26,,,1,30,,134038,26,,,1,70,,134039,26,,,1,30,,134040,26,,,1,70,,134041,26,,,1,31,,134042,26,,,1,15,,134043,26,,,1,55,,134044,26,,,1,15,,134059,26,,,1,15,,134045,26,,,1,15,,134046,26,,,1,55,,134060,26,,,1,15,,134047,26,,,1,15,,134062,26,,,1,15,,134068,26,,,1,55,,134069,26,,,1,30,,134070,26,,,1,69,,134063,26,,,1,30,,134048,26,,,1,70,,134049,26,,,1,30,,134050,26,,,1,70,,134051,26,,,1,30,,134052,26,,,1,70,,134053,26,,,1,28,,134054,26,,,1,100,,134055,26,,,1,100,,134064,26,,,1
5301,'053-Saturday-1-26-04-0000010',632,,112012,26,,,1,100,,112013,26,,,1,100,,112014,26,,,1,88,,112015,26,,,1,30,,112016,26,,,1,70,,112017,26,,,1,30,,112018,26,,,1,70,,112019,26,,,1,30,,112020,26,,,1,70,,112021,26,,,1,30,,112022,26,,,1,70,,112023,26,,,1,30,,112024,26,,,1,70,,112025,26,,,1,30,,112026,26,,,1,70,,112027,26,,,1,30,,112028,26,,,1,70,,112029,26,,,1,30,,112030,26,,,1,70,,112031,26,,,1,30,,112032,26,,,1,70,,112033,26,,,1,30,,112034,26,,,1,70,,112035,26,,,1,30,,112040,26,,,1,82,,112036,26,,,1,100,,112037,26,,,1,100,,112038,26,,,1,100,,112039,26,,,1
5301,'053-Sunday-1-26-04-0000001',729,,112041,26,,,1,100,,112042,26,,,1,91,,112043,26,,,1,100,,112044,26,,,1,30,,112045,26,,,1,70,,112046,26,,,1,30,,112047,26,,,1,70,,112048,26,,,1,30,,112049,26,,,1,70,,112050,26,,,1,30,,112051,26,,,1,70,,112052,26,,,1,30,,112053,26,,,1,70,,112054,26,,,1,30,,112055,26,,,1,70,,112056,26,,,1,30,,112057,26,,,1,70,,112058,26,,,1,30,,112059,26,,,1,70,,112060,26,,,1,30,,112061,26,,,1,79,,112062,26,,,1,100,,112063,26,,,1,100,,112064,26,,,1,100,,112065,26,,,1,100,,112066,26,,,1
52200,'522-Weekday-1-26-04-1111100',635,,119597,35,4,,1,72,,119598,35,4,,1,31,,119599,35,4,,1,70,,119600,35,4,,1,30,,119601,35,4,,1,70,,119602,35,4,,1,28,,119603,35,4,,1,99,,119604,35,4,,1,100,,119605,35,4,,1,100,,119606,35,4,,1,100,,119607,35,4,,1,100,,119608,35,4,,1,103,,119609,35,4,,1,72,,119610,35,4,,1,30,,119611,35,4,,1,70,,119612,35,4,,1,30,,119613,35,4,,1,70,,119614,35,4,,1,29,,119615,35,4,,1,97,,119616,35,4,,1,100,,119617,35,4,,1,100,,119618,35,4,,1,97,,119619,35,4,,1
52200,'522-Weekday-2-26-04-1111100',635,,141212,35,4,,1,72,,141213,35,4,,1,31,,141214,35,4,,1,70,,141215,35,4,,1,30,,141216,35,4,,1,70,,141217,35,4,,1,28,,141218,35,4,,1,99,,141219,35,4,,1,100,,141220,35,4,,1,100,,141221,35,4,,1,100,,141222,35,4,,1,100,,141223,35,4,,1,103,,141224,35,4,,1,72,,141225,35,4,,1,30,,141226,35,4,,1,70,,141227,35,4,,1,30,,141228,35,4,,1,70,,141229,35,4,,1,29,,141230,35,4,,1,97,,141231,35,4,,1,100,,141232,35,4,,1,100,,141233,35,4,,1,97,,141234,35,4,,1
52200,'522-Weekday-3-26-04-1111100',635,,141235,35,4,,1,72,,141236,35,4,,1,31,,141237,35,4,,1,70,,141238,35,4,,1,30,,141239,35,4,,1,70,,141240,35,4,,1,28,,141241,35,4,,1,99,,141242,35,4,,1,100,,141243,35,4,,1,100,,141244,35,4,,1,100,,141245,35,4,,1,100,,141246,35,4,,1,103,,141247,35,4,,1,72,,141248,35,4,,1,30,,141249,35,4,,1,70,,141250,35,4,,1,30,,141251,35,4,,1,70,,141252,35,4,,1,29,,141253,35,4,,1,97,,141254,35,4,,1,100,,141255,35,4,,1,100,,141256,35,4,,1,97,,141257,35,4,,1
52200,'522-Saturday-1-26-04-0000010',849,,119620,35,4,,1,102,,119621,35,4,,1,100,,119622,35,4,,1,100,,119623,35,4,,1,100,,119624,35,4,,1,100,,119625,35,4,,1,100,,119626,35,4,,1,100,,119627,35,4,,1,100,,119628,35,4,,1,98,,119629,35,4,,1,100,,119630,35,4,,1
52200,'522-Sunday-1-26-04-0000001',1018,,119631,35,4,,1,100,,119632,35,4,,1,100,,119633,35,4,,1,100,,119634,35,4,,1,100,,119635,35,4,,1,100,,119636,35,4,,1,100,,119637,35,4,,1,100,,119638,35,4,,1,100,,119639,35,4,,1
52201,'522-Weekday-1-26-04-1111100',612,,119640,1,,,1,30,,119641,1,,,1,70,,119642,1,,,1,30,,119643,1,,,1,70,,119644,1,,,1,30,,119645,1,,,1,100,,119646,1,,,1,100,,119647,1,,,1,100,,119648,1,,,1,100,,119649,1,,,1,100,,119650,1,,,1,100,,119651,1,,,1,70,,119652,1,,,1,30,,119653,1,,,1,70,,119654,1,,,1,30,,119655,1,,,1,70,,119656,1,,,1,30,,119657,1,,,1,100,,119658,1,,,1,100,,119659,1,,,1,100,,119660,1,,,1,100,,119661,1,,,1
52201,'522-Weekday-2-26-04-1111100',612,,141258,1,,,1,30,,141259,1,,,1,70,,141260,1,,,1,30,,141261,1,,,1,70,,141262,1,,,1,30,,141263,1,,,1,100,,141264,1,,,1,100,,141265,1,,,1,100,,141266,1,,,1,100,,141267,1,,,1,100,,141268,1,,,1,100,,141269,1,,,1,70,,141270,1,,,1,30,,141271,1,,,1,70,,141272,1,,,1,30,,141273,1,,,1,70,,141274,1,,,1,30,,141275,1,,,1,100,,141276,1,,,1,100,,141277,1,,,1,100,,141278,1,,,1,100,,141279,1,,,1
52201,'522-Weekday-3-26-04-1111100',612,,141280,1,,,1,30,,141281,1,,,1,70,,141282,1,,,1,30,,141283,1,,,1,70,,141284,1,,,1,30,,141285,1,,,1,100,,141286,1,,,1,100,,141287,1,,,1,100,,141288,1,,,1,100,,141289,1,,,1,100,,141290,1,,,1,100,,141291,1,,,1,70,,141292,1,,,1,30,,141293,1,,,1,70,,141294,1,,,1,30,,141295,1,,,1,70,,141296,1,,,1,30,,141297,1,,,1,100,,141298,1,,,1,100,,141299,1,,,1,100,,141300,1,,,1,100,,141301,1,,,1
52201,'522-Saturday-1-26-04-0000010',757,,119673,1,,,1,99,,119662,1,,,1,100,,119663,1,,,1,100,,119664,1,,,1,100,,119665,1,,,1,100,,119666,1,,,1,100,,119667,1,,,1,100,,119668,1,,,1,100,,119669,1,,,1,100,,119670,1,,,1,100,,119671,1,,,1,100,,119672,1,,,1
52201,'522-Sunday-1-26-04-0000001',1028,,119674,1,,,1,100,,119675,1,,,1,100,,119676,1,,,1,100,,119677,1,,,1,100,,119678,1,,,1,100,,119679,1,,,1,100,,119680,1,,,1,100,,119681,1,,,1,100,,119682,1,,,1
