11801,'118-Weekday-1-26-04-1111100',545,,115883,35,,,1,70,,115884,35,,,1,36,,115915,35,,,1,60,,115911,35,,,1,20,,115885,35,,,1,20,,115912,35,,,1,60,,115886,35,,,1,20,,115887,35,,,1,20,,115913,35,,,1,70,,115889,35,,,1,30,,115888,35,,,1,70,,115890,35,,,1,30,,115891,35,,,1,70,,115892,35,,,1,30,,115893,35,,,1,70,,115894,35,,,1,30,,115895,35,,,1,70,,115896,35,,,1,30,,115897,35,,,1,70,,115898,35,,,1,30,,115899,35,,,1,73,,115900,35,,,1,31,,115906,35,,,1,55,,115901,35,,,1,15,,115902,35,,,1,15,,115903,35,,,1,15,,115914,35,,,1,55,,115904,35,,,1,15,,115905,35,,,1,15,,115910,35,,,1,15,,115909,35,,,1,70,,115907,35,,,1,27,,115908,35,,,1,69,,115916,35,,,1,30,,115917,35,,,1,70,,115918,35,,,1,30,,115919,35,,,1,70,,115920,35,,,1,30,,115921,35,,,1,69,,115922,35,,,1
11801,'118-Weekday-2-26-04-1111100',545,,137858,35,,,1,70,,137859,35,,,1,36,,137890,35,,,1,60,,137886,35,,,1,20,,137860,35,,,1,20,,137887,35,,,1,60,,137861,35,,,1,20,,137862,35,,,1,20,,137888,35,,,1,70,,137864,35,,,1,30,,137863,35,,,1,70,,137865,35,,,1,30,,137866,35,,,1,70,,137867,35,,,1,30,,137868,35,,,1,70,,137869,35,,,1,30,,137870,35,,,1,70,,137871,35,,,1,30,,137872,35,,,1,70,,137873,35,,,1,30,,137874,35,,,1,73,,137875,35,,,1,31,,137881,35,,,1,55,,137876,35,,,1,15,,137877,35,,,1,15,,137878,35,,,1,15,,137889,35,,,1,55,,137879,35,,,1,15,,137880,35,,,1,15,,137885,35,,,1,15,,137884,35,,,1,70,,137882,35,,,1,27,,137883,35,,,1,69,,137891,35,,,1,30,,137892,35,,,1,70,,137893,35,,,1,30,,137894,35,,,1,70,,137895,35,,,1,30,,137896,35,,,1,69,,137897,35,,,1
11801,'118-Weekday-3-26-04-1111100',545,,137898,35,,,1,70,,137899,35,,,1,36,,137930,35,,,1,60,,137926,35,,,1,20,,137900,35,,,1,20,,137927,35,,,1,60,,137901,35,,,1,20,,137902,35,,,1,20,,137928,35,,,1,70,,137904,35,,,1,30,,137903,35,,,1,70,,137905,35,,,1,30,,137906,35,,,1,70,,137907,35,,,1,30,,137908,35,,,1,70,,137909,35,,,1,30,,137910,35,,,1,70,,137911,35,,,1,30,,137912,35,,,1,70,,137913,35,,,1,30,,137914,35,,,1,73,,137915,35,,,1,31,,137921,35,,,1,55,,137916,35,,,1,15,,137917,35,,,1,15,,137918,35,,,1,15,,137929,35,,,1,55,,137919,35,,,1,15,,137920,35,,,1,15,,137925,35,,,1,15,,137924,35,,,1,70,,137922,35,,,1,27,,137923,35,,,1,69,,137931,35,,,1,30,,137932,35,,,1,70,,137933,35,,,1,30,,137934,35,,,1,70,,137935,35,,,1,30,,137936,35,,,1,69,,137937,35,,,1
11801,'118-Saturday-1-26-04-0000010',706,,115923,35,,,1,100,,115924,35,,,1,45,,115925,35,,,1,78,,115926,35,,,1,29,,115927,35,,,1,70,,115928,35,,,1,30,,115929,35,,,1,70,,115930,35,,,1,30,,115931,35,,,1,70,,115932,35,,,1,30,,115933,35,,,1,70,,115934,35,,,1,30,,115935,35,,,1,70,,115936,35,,,1,30,,115937,35,,,1,70,,115938,35,,,1,30,,115939,35,,,1,70,,115940,35,,,1,30,,115941,35,,,1,69,,115942,35,,,1,30,,115943,35,,,1,70,,115944,35,,,1,30,,115945,35,,,1,70,,115946,35,,,1,30,,115947,35,,,1
11801,'118-Sunday-1-26-04-0000001',622,,115969,35,,,1,100,,115948,35,,,1,100,,115949,35,,,1,98,,115950,35,,,1,85,,115951,35,,,1,30,,115952,35,,,1,70,,115953,35,,,1,30,,115954,35,,,1,70,,115955,35,,,1,30,,115956,35,,,1,70,,115957,35,,,1,30,,115958,35,,,1,70,,115959,35,,,1,30,,115960,35,,,1,70,,115961,35,,,1,30,,115962,35,,,1,70,,115963,35,,,1,30,,115964,35,,,1,69,,115965,35,,,1,29,,115966,35,,,1,70,,115967,35,,,1,30,,115968,35,,,1
61201,'612-Weekday-1-26-04-1111100',738,,120340,34,,,1
61201,'612-Weekday-3-26-04-1111100',738,,141956,34,,,1
62101,'621-Weekday-1-26-04-1111100',744,,120385,14,,,1,5,,120383,14,,,1,80,,120384,14,,,1
62101,'621-Weekday-2-26-04-1111100',829,,141992,14,,,1
62101,'621-Weekday-3-26-04-1111100',744,,141994,14,,,1,5,,141993,14,,,1
