12400,'124-Weekday-1-26-09-1111100',552,,220732,27,,,1,70,,220737,27,,,1,32,,220742,27,,,1,55,,220706,27,,,1,15,,220707,27,,,1,15,,220708,27,,,1,15,,220709,27,,,1,55,,220738,27,,,1,15,,220710,27,,,1,15,,220711,27,,,1,15,,220745,27,,,1,70,,220729,27,,,1,30,,220730,27,,,1,70,,220712,27,,,1,30,,220713,27,,,1,70,,220714,27,,,1,30,,220715,27,,,1,70,,220716,27,,,1,30,,220717,27,,,1,70,,220718,27,,,1,30,,220731,27,,,1,70,,220733,27,,,1,30,,220739,27,,,1,68,,220743,27,,,1,15,,220719,27,,,1,14,,220744,27,,,1,1,,220736,27,,,1,55,,220720,27,,,1,15,,220721,27,,,1,15,,220722,27,,,1,15,,220723,27,,,1,55,,220724,27,,,1,15,,220725,27,,,1,15,,220741,27,,,1,15,,220740,27,,,1,69,,220728,27,,,1,27,,220734,27,,,1,70,,220735,27,,,1,30,,220703,27,,,1,70,,220704,27,,,1,30,,220705,27,,,1,70,,220726,27,,,1,30,,220727,27,,,1
12400,'124-Weekday-2-26-09-1111100',552,,220775,27,,,1,70,,220780,27,,,1,32,,220785,27,,,1,55,,220749,27,,,1,15,,220750,27,,,1,15,,220751,27,,,1,15,,220752,27,,,1,55,,220781,27,,,1,15,,220753,27,,,1,15,,220754,27,,,1,15,,220788,27,,,1,70,,220772,27,,,1,30,,220773,27,,,1,70,,220755,27,,,1,30,,220756,27,,,1,70,,220757,27,,,1,30,,220758,27,,,1,70,,220759,27,,,1,30,,220760,27,,,1,70,,220761,27,,,1,30,,220774,27,,,1,70,,220776,27,,,1,30,,220782,27,,,1,68,,220786,27,,,1,15,,220762,27,,,1,14,,220787,27,,,1,1,,220779,27,,,1,55,,220763,27,,,1,15,,220764,27,,,1,15,,220765,27,,,1,15,,220766,27,,,1,55,,220767,27,,,1,15,,220768,27,,,1,15,,220784,27,,,1,15,,220783,27,,,1,69,,220771,27,,,1,27,,220777,27,,,1,70,,220778,27,,,1,30,,220746,27,,,1,70,,220747,27,,,1,30,,220748,27,,,1,70,,220769,27,,,1,30,,220770,27,,,1
12400,'124-Weekday-4-26-09-1111100',552,,220818,27,,,1,70,,220823,27,,,1,32,,220828,27,,,1,55,,220792,27,,,1,15,,220793,27,,,1,15,,220794,27,,,1,15,,220795,27,,,1,55,,220824,27,,,1,15,,220796,27,,,1,15,,220797,27,,,1,15,,220830,27,,,1,70,,220815,27,,,1,30,,220816,27,,,1,70,,220798,27,,,1,30,,220799,27,,,1,70,,220800,27,,,1,30,,220801,27,,,1,70,,220802,27,,,1,30,,220803,27,,,1,70,,220804,27,,,1,30,,220817,27,,,1,70,,220819,27,,,1,30,,220825,27,,,1,68,,220829,27,,,1,15,,220805,27,,,1,15,,220822,27,,,1,55,,220806,27,,,1,15,,220807,27,,,1,15,,220808,27,,,1,15,,220809,27,,,1,55,,220810,27,,,1,15,,220811,27,,,1,15,,220827,27,,,1,15,,220826,27,,,1,69,,220814,27,,,1,27,,220820,27,,,1,70,,220821,27,,,1,30,,220789,27,,,1,70,,220790,27,,,1,30,,220791,27,,,1,70,,220812,27,,,1,30,,220813,27,,,1
12400,'124-Saturday-1-26-09-0000010',802,,220831,27,,,1,30,,220832,27,,,1,71,,220833,27,,,1,30,,220834,27,,,1,70,,220835,27,,,1,30,,220836,27,,,1,70,,220837,27,,,1,30,,220838,27,,,1,70,,220839,27,,,1,30,,220840,27,,,1,70,,220841,27,,,1,30,,220842,27,,,1,70,,220843,27,,,1,30,,220844,27,,,1,70,,220845,27,,,1,30,,220846,27,,,1,70,,220847,27,,,1,30,,220848,27,,,1,70,,220849,27,,,1,30,,220850,27,,,1,70,,220851,27,,,1,30,,220852,27,,,1,70,,220853,27,,,1
12400,'124-Sunday-1-26-09-0000001',1021,,220854,27,,,1,27,,220855,27,,,1,70,,220856,27,,,1,30,,220857,27,,,1,70,,220858,27,,,1,30,,220859,27,,,1,70,,220860,27,,,1,30,,220861,27,,,1,70,,220862,27,,,1,30,,220863,27,,,1,70,,220864,27,,,1,30,,220865,27,,,1,70,,220866,27,,,1,31,,220867,27,,,1,70,,220868,27,,,1,30,,220869,27,,,1,70,,220870,27,,,1,33,,220871,27,,,1,70,,220872,27,,,1
12700,'127-Weekday-1-26-09-1111100',854,,221048,38,,,1,100,,221049,38,,,1,100,,221050,38,,,1,100,,221051,38,,,1,100,,221052,38,,,1,100,,221053,38,,,1,100,,221054,38,,,1,100,,221055,38,,,1,100,,221056,38,,,1
12700,'127-Weekday-2-26-09-1111100',854,,221057,38,,,1,100,,221058,38,,,1,100,,221059,38,,,1,100,,221060,38,,,1,100,,221061,38,,,1,100,,221062,38,,,1,100,,221063,38,,,1,100,,221064,38,,,1,100,,221065,38,,,1
12700,'127-Weekday-4-26-09-1111100',854,,221066,38,,,1,100,,221067,38,,,1,100,,221068,38,,,1,100,,221069,38,,,1,100,,221070,38,,,1,100,,221071,38,,,1,100,,221072,38,,,1,100,,221073,38,,,1,100,,221074,38,,,1
12700,'127-Saturday-1-26-09-0000010',853,,221075,38,,,1,100,,221076,38,,,1,100,,221077,38,,,1,100,,221078,38,,,1,100,,221079,38,,,1,100,,221080,38,,,1,100,,221081,38,,,1,100,,221082,38,,,1,100,,221083,38,,,1
62500,'625-Weekday-1-26-09-1110100',1521,,227551,21,,,1
24014000,'140X-Weekday-1-26-09-1111100',1524,,245037,20,,,1,21,,245038,20,,,1,61,,245039,20,,,1,21,,245040,20,,,1,20,,245041,20,,,1,59,,245042,20,,,1,17,,245043,20,,,1,18,,245044,20,,,1
24014000,'140X-Weekday-2-26-09-1111100',1524,,245045,20,,,1,21,,245046,20,,,1,61,,245047,20,,,1,21,,245048,20,,,1,20,,245049,20,,,1,59,,245050,20,,,1,17,,245051,20,,,1,18,,245052,20,,,1
24014000,'140X-Weekday-4-26-09-1111100',1524,,245053,20,,,1,21,,245054,20,,,1,61,,245055,20,,,1,21,,245056,20,,,1,20,,245057,20,,,1,59,,245058,20,,,1,17,,245059,20,,,1,18,,245060,20,,,1
