10900,'109-Weekday-1-26-09-1111100',521,,216855,36,,,1,30,,216856,36,,,1,70,,216857,36,,,1,32,,216895,36,,,1,55,,216858,36,,,1,15,,216890,36,,,1,15,,216860,36,,,1,15,,216859,36,,,1,55,,216891,36,,,1,15,,216861,36,,,1,15,,216899,36,,,1,15,,216898,36,,,1,69,,216862,36,,,1,30,,216863,36,,,1,70,,216864,36,,,1,30,,216865,36,,,1,70,,216866,36,,,1,30,,216867,36,,,1,70,,216868,36,,,1,30,,216869,36,,,1,70,,216870,36,,,1,30,,216871,36,,,1,70,,216872,36,,,1,30,,216873,36,,,1,74,,216874,36,,,1,15,,216875,36,,,1,15,,216892,36,,,1,55,,216877,36,,,1,15,,216876,36,,,1,15,,216893,36,,,1,15,,216878,36,,,1,55,,216897,36,,,1,15,,216896,36,,,1,30,,216879,36,,,1,70,,216880,36,,,1,25,,216881,36,,,1,70,,216882,36,,,1,30,,216883,36,,,1,70,,216884,36,,,1,30,,216885,36,,,1,70,,216886,36,,,1,30,,216887,36,,,1,70,,216894,36,,,1,100,,216888,36,,,1,100,,216889,36,,,1
10900,'109-Weekday-2-26-09-1111100',521,,216900,36,,,1,30,,216901,36,,,1,70,,216902,36,,,1,32,,216940,36,,,1,55,,216903,36,,,1,15,,216935,36,,,1,15,,216905,36,,,1,15,,216904,36,,,1,55,,216936,36,,,1,15,,216906,36,,,1,15,,216944,36,,,1,15,,216943,36,,,1,69,,216907,36,,,1,30,,216908,36,,,1,70,,216909,36,,,1,30,,216910,36,,,1,70,,216911,36,,,1,30,,216912,36,,,1,70,,216913,36,,,1,30,,216914,36,,,1,70,,216915,36,,,1,30,,216916,36,,,1,70,,216917,36,,,1,30,,216918,36,,,1,74,,216919,36,,,1,15,,216920,36,,,1,15,,216937,36,,,1,55,,216922,36,,,1,15,,216921,36,,,1,15,,216938,36,,,1,15,,216923,36,,,1,55,,216942,36,,,1,15,,216941,36,,,1,30,,216924,36,,,1,70,,216925,36,,,1,25,,216926,36,,,1,70,,216927,36,,,1,30,,216928,36,,,1,70,,216929,36,,,1,30,,216930,36,,,1,70,,216931,36,,,1,30,,216932,36,,,1,70,,216939,36,,,1,100,,216933,36,,,1,100,,216934,36,,,1
10900,'109-Weekday-4-26-09-1111100',521,,216945,36,,,1,30,,216946,36,,,1,70,,216947,36,,,1,32,,216985,36,,,1,55,,216948,36,,,1,15,,216980,36,,,1,15,,216950,36,,,1,15,,216949,36,,,1,55,,216981,36,,,1,15,,216951,36,,,1,15,,216989,36,,,1,15,,216988,36,,,1,69,,216952,36,,,1,30,,216953,36,,,1,70,,216954,36,,,1,30,,216955,36,,,1,70,,216956,36,,,1,30,,216957,36,,,1,70,,216958,36,,,1,30,,216959,36,,,1,70,,216960,36,,,1,30,,216961,36,,,1,70,,216962,36,,,1,30,,216963,36,,,1,74,,216964,36,,,1,15,,216965,36,,,1,15,,216982,36,,,1,55,,216967,36,,,1,15,,216966,36,,,1,15,,216983,36,,,1,15,,216968,36,,,1,55,,216987,36,,,1,15,,216986,36,,,1,30,,216969,36,,,1,70,,216970,36,,,1,25,,216971,36,,,1,70,,216972,36,,,1,30,,216973,36,,,1,70,,216974,36,,,1,30,,216975,36,,,1,70,,216976,36,,,1,30,,216977,36,,,1,70,,216984,36,,,1,100,,216978,36,,,1,100,,216979,36,,,1
10900,'109-Saturday-1-26-09-0000010',812,,216990,36,,,1,30,,216991,36,,,1,71,,216992,36,,,1,31,,216993,36,,,1,70,,216994,36,,,1,30,,216995,36,,,1,70,,216996,36,,,1,30,,216997,36,,,1,70,,216998,36,,,1,30,,216999,36,,,1,70,,217000,36,,,1,30,,217001,36,,,1,70,,217002,36,,,1,30,,217003,36,,,1,70,,217004,36,,,1,30,,217005,36,,,1,70,,217006,36,,,1,30,,217007,36,,,1,69,,217008,36,,,1,30,,217009,36,,,1,70,,217010,36,,,1,30,,217011,36,,,1,70,,217012,36,,,1,30,,217013,36,,,1,70,,217014,36,,,1,30,,217015,36,,,1,70,,217016,36,,,1,30,,217017,36,,,1,70,,217018,36,,,1
10900,'109-Sunday-1-26-09-0000001',1024,,217019,36,,,1,30,,217020,36,,,1,70,,217021,36,,,1,30,,217022,36,,,1,70,,217023,36,,,1,30,,217024,36,,,1,70,,217025,36,,,1,30,,217026,36,,,1,70,,217027,36,,,1,30,,217028,36,,,1,70,,217029,36,,,1,30,,217030,36,,,1,70,,217031,36,,,1,30,,217032,36,,,1,70,,217033,36,,,1,30,,217034,36,,,1,70,,217035,36,,,1,30,,217036,36,,,1
61500,'615-Weekday-1-26-09-1111100',757,,227426,12,,,1
61800,'618-Weekday-1-26-09-0001000',1243,,227447,17,,,1
61800,'618-Weekday-1-26-09-1110100',1534,,227448,17,,,1
68300,'683-Weekday-1-26-09-0001000',1318,,227870,18,,,1,3,,227871,18,,,1
68300,'683-Weekday-1-26-09-1110100',1616,,227873,18,,,1,3,,227872,18,,,1
68300,'683-Weekday-1-26-09-1111100',1602,,227874,18,,,1,5,,227875,18,,,1
68300,'683-Weekday-3-26-09-1111100',1602,,227876,18,,,1,5,,227877,18,,,1
