12201,'122-Weekday-1-26-09-1111100',541,,220556,15,0,29 30,1,70,,220557,15,0,29 30,1,30,,220558,15,0,29 30,1,70,,220567,15,0,29 30,1,30,,220568,15,0,29 30,1,70,,220569,15,0,29 30,1,30,,220570,15,0,29 30,1,71,,220588,15,0,29 30,1,30,,220576,15,0,29 30,1,70,,220577,15,0,29 30,1,30,,220578,15,0,29 30,1,70,,220575,15,0,29 30,1,30,,220574,15,0,29 30,1,70,,220573,15,0,29 30,1,30,,220572,15,0,29 30,1,70,,220571,15,0,29 30,1,30,,220559,15,0,29 30,1,70,,220560,15,0,29 30,1,30,,220561,15,0,29 30,1,70,,220562,15,0,29 30,1,30,,220590,15,0,29 30,1,60,,220563,15,0,29 30,1,20,,220564,15,0,29 30,1,20,,220565,15,0,29 30,1,60,,220589,15,0,29 30,1,20,,220566,15,0,29 30,1,30,,220579,15,0,29 30,1,70,,220580,15,0,29 30,1,29,,220581,15,0,29 30,1,70,,220582,15,0,29 30,1,30,,220583,15,0,29 30,1,70,,220584,15,0,29 30,1,30,,220585,15,0,29 30,1,70,,220586,15,0,29 30,1,30,,220587,15,0,29 30,1
12201,'122-Weekday-2-26-09-1111100',541,,220591,15,0,29 30,1,70,,220592,15,0,29 30,1,30,,220593,15,0,29 30,1,70,,220602,15,0,29 30,1,30,,220603,15,0,29 30,1,70,,220604,15,0,29 30,1,30,,220605,15,0,29 30,1,71,,220623,15,0,29 30,1,30,,220611,15,0,29 30,1,70,,220612,15,0,29 30,1,30,,220613,15,0,29 30,1,70,,220610,15,0,29 30,1,30,,220609,15,0,29 30,1,70,,220608,15,0,29 30,1,30,,220607,15,0,29 30,1,70,,220606,15,0,29 30,1,30,,220594,15,0,29 30,1,70,,220595,15,0,29 30,1,30,,220596,15,0,29 30,1,70,,220597,15,0,29 30,1,30,,220625,15,0,29 30,1,60,,220598,15,0,29 30,1,20,,220599,15,0,29 30,1,20,,220600,15,0,29 30,1,60,,220624,15,0,29 30,1,20,,220601,15,0,29 30,1,30,,220614,15,0,29 30,1,70,,220615,15,0,29 30,1,29,,220616,15,0,29 30,1,70,,220617,15,0,29 30,1,30,,220618,15,0,29 30,1,70,,220619,15,0,29 30,1,30,,220620,15,0,29 30,1,70,,220621,15,0,29 30,1,30,,220622,15,0,29 30,1
12201,'122-Weekday-4-26-09-1111100',541,,220626,15,0,29 30,1,70,,220627,15,0,29 30,1,30,,220628,15,0,29 30,1,70,,220637,15,0,29 30,1,30,,220638,15,0,29 30,1,70,,220639,15,0,29 30,1,30,,220640,15,0,29 30,1,71,,220658,15,0,29 30,1,30,,220646,15,0,29 30,1,70,,220647,15,0,29 30,1,30,,220648,15,0,29 30,1,70,,220645,15,0,29 30,1,30,,220644,15,0,29 30,1,70,,220643,15,0,29 30,1,30,,220642,15,0,29 30,1,70,,220641,15,0,29 30,1,30,,220629,15,0,29 30,1,70,,220630,15,0,29 30,1,30,,220631,15,0,29 30,1,70,,220632,15,0,29 30,1,30,,220660,15,0,29 30,1,60,,220633,15,0,29 30,1,20,,220634,15,0,29 30,1,20,,220635,15,0,29 30,1,60,,220659,15,0,29 30,1,20,,220636,15,0,29 30,1,30,,220649,15,0,29 30,1,70,,220650,15,0,29 30,1,29,,220651,15,0,29 30,1,70,,220652,15,0,29 30,1,30,,220653,15,0,29 30,1,70,,220654,15,0,29 30,1,30,,220655,15,0,29 30,1,70,,220656,15,0,29 30,1,30,,220657,15,0,29 30,1
12201,'122-Saturday-1-26-09-0000010',817,,220662,15,0,29 30,1,30,,220663,15,0,29 30,1,70,,220664,15,0,29 30,1,30,,220665,15,0,29 30,1,70,,220666,15,0,29 30,1,30,,220667,15,0,29 30,1,70,,220668,15,0,29 30,1,30,,220669,15,0,29 30,1,70,,220670,15,0,29 30,1,30,,220671,15,0,29 30,1,70,,220672,15,0,29 30,1,30,,220673,15,0,29 30,1,70,,220674,15,0,29 30,1,30,,220675,15,0,29 30,1,70,,220676,15,0,29 30,1,30,,220677,15,0,29 30,1,70,,220678,15,0,29 30,1,30,,220679,15,0,29 30,1,70,,220680,15,0,29 30,1,30,,220681,15,0,29 30,1,70,,220682,15,0,29 30,1,30,,220683,15,0,29 30,1,70,,220661,15,0,29 30,1
12201,'122-Sunday-1-26-09-0000001',1011,,220685,15,0,29 30,1,30,,220686,15,0,29 30,1,70,,220687,15,0,29 30,1,30,,220688,15,0,29 30,1,70,,220689,15,0,29 30,1,30,,220690,15,0,29 30,1,70,,220691,15,0,29 30,1,30,,220692,15,0,29 30,1,70,,220693,15,0,29 30,1,30,,220694,15,0,29 30,1,70,,220695,15,0,29 30,1,30,,220696,15,0,29 30,1,70,,220697,15,0,29 30,1,30,,220698,15,0,29 30,1,70,,220699,15,0,29 30,1,30,,220700,15,0,29 30,1,70,,220701,15,0,29 30,1,30,,220702,15,0,29 30,1,70,,220684,15,0,29 30,1
61000,'610-Weekday-1-26-09-0001000',1246,,227383,16,,,1,196,,227384,16,,,1,5,,227382,16,,,1
61000,'610-Weekday-1-26-09-1110100',1520,,227385,16,,,1,4,,227386,16,,,1,19,,227387,16,,,1,5,,227388,16,,,1
61000,'610-Weekday-3-26-09-1110100',1543,,227389,16,,,1,5,,227390,16,,,1
61001,'610-Weekday-1-26-09-1111100',721,,227391,7,,,1,7,,227392,7,,,1,80,,227393,7,,,1,5,,227394,7,,,1
61001,'610-Weekday-3-26-09-1111100',808,,227395,7,,,1,5,,227396,7,,,1
61100,'611-Weekday-1-26-09-0001000',1205,,227397,16,,,1,4,,227398,16,,,1,235,,227399,16,,,1
61100,'611-Weekday-1-26-09-1110100',1515,,227400,16,,,1,4,,227401,16,,,1,20,,227402,16,,,1
61100,'611-Weekday-3-26-09-1110100',1539,,227403,16,,,1
61101,'611-Weekday-1-26-09-1111100',732,,227404,7,,,1,5,,227405,7,,,1,65,,227406,7,,,1
61101,'611-Weekday-3-26-09-1111100',802,,227407,7,,,1
61600,'616-Weekday-1-26-09-0001000',1427,,227429,18,,,1,4,,227430,18,,,1
61600,'616-Weekday-1-26-09-1110100',1526,,227431,18,,,1,4,,227432,18,,,1
61600,'616-Weekday-3-26-09-1110100',1526,,227433,18,,,1,4,,227434,18,,,1
61601,'616-Weekday-1-26-09-1111100',801,,227435,7,,,1
61601,'616-Weekday-3-26-09-1111100',801,,227436,7,,,1
68400,'684-Weekday-1-26-09-0001000',1324,,227887,43,,,1
68400,'684-Weekday-1-26-09-1110100',1632,,227888,43,,,1
68400,'684-Weekday-1-26-09-1111100',1621,,227891,48,,,1
68400,'684-Weekday-3-26-09-1111100',1621,,227893,48,,,1
68401,'684-Weekday-1-26-09-1111100',733,,227894,7,,,1
68401,'684-Weekday-3-26-09-1111100',733,,227897,7,,,1
