91701,'917-Weekday-1-26-04-0001000',1518,,127109,37,,,1
91701,'917-Weekday-1-26-04-1110100',1648,,127110,37,,,1
91701,'917-Weekday-1-26-04-1111100',519,,127111,37,,,1,30,,127112,37,,,1,70,,127150,37,,,1,31,,127152,37,,,1,70,,127151,37,,,1,30,,127113,37,,,1,70,,127146,37,,,1,30,,127114,37,,,1,71,,127115,37,,,1,30,,127116,37,,,1,70,,127117,37,,,1,30,,127118,37,,,1,70,,127119,37,,,1,30,,127120,37,,,1,70,,127121,37,,,1,30,,127122,37,,,1,70,,127123,37,,,1,30,,127124,37,,,1,70,,127125,37,,,1,30,,127126,37,,,1,74,,127127,37,,,1,31,,127149,37,,,1,55,,127128,37,,,1,15,,127129,37,,,1,15,,127130,37,,,1,15,,127147,37,,,1,55,,127131,37,,,1,15,,127132,37,,,1,15,,127133,37,,,1,15,,127148,37,,,1,55,,127134,37,,,1,15,,127135,37,,,1,26,,127136,37,,,1,69,,127137,37,,,1,30,,127138,37,,,1,70,,127139,37,,,1,30,,127140,37,,,1,70,,127141,37,,,1,30,,127142,37,,,1,68,,127143,37,,,1,100,,127144,37,,,1,100,,127145,37,,,1
91701,'917-Weekday-2-26-04-1110100',1648,,148333,37,,,1
91701,'917-Weekday-2-26-04-1111100',519,,148334,37,,,1,30,,148335,37,,,1,70,,148373,37,,,1,31,,148375,37,,,1,70,,148374,37,,,1,30,,148336,37,,,1,70,,148369,37,,,1,30,,148337,37,,,1,71,,148338,37,,,1,30,,148339,37,,,1,70,,148340,37,,,1,30,,148341,37,,,1,70,,148342,37,,,1,30,,148343,37,,,1,70,,148344,37,,,1,30,,148345,37,,,1,70,,148346,37,,,1,30,,148347,37,,,1,70,,148348,37,,,1,30,,148349,37,,,1,74,,148350,37,,,1,31,,148372,37,,,1,55,,148351,37,,,1,15,,148352,37,,,1,15,,148353,37,,,1,15,,148370,37,,,1,55,,148354,37,,,1,15,,148355,37,,,1,15,,148356,37,,,1,15,,148371,37,,,1,55,,148357,37,,,1,15,,148358,37,,,1,26,,148359,37,,,1,69,,148360,37,,,1,30,,148361,37,,,1,70,,148362,37,,,1,30,,148363,37,,,1,70,,148364,37,,,1,30,,148365,37,,,1,68,,148366,37,,,1,100,,148367,37,,,1,100,,148368,37,,,1
91701,'917-Weekday-3-26-04-1111100',519,,148376,37,,,1,30,,148377,37,,,1,70,,148415,37,,,1,31,,148417,37,,,1,70,,148416,37,,,1,30,,148378,37,,,1,70,,148411,37,,,1,30,,148379,37,,,1,71,,148380,37,,,1,30,,148381,37,,,1,70,,148382,37,,,1,30,,148383,37,,,1,70,,148384,37,,,1,30,,148385,37,,,1,70,,148386,37,,,1,30,,148387,37,,,1,70,,148388,37,,,1,30,,148389,37,,,1,70,,148390,37,,,1,30,,148391,37,,,1,74,,148392,37,,,1,31,,148414,37,,,1,55,,148393,37,,,1,15,,148394,37,,,1,15,,148395,37,,,1,15,,148412,37,,,1,55,,148396,37,,,1,15,,148397,37,,,1,15,,148398,37,,,1,15,,148413,37,,,1,55,,148399,37,,,1,15,,148400,37,,,1,26,,148401,37,,,1,69,,148402,37,,,1,30,,148403,37,,,1,70,,148404,37,,,1,30,,148405,37,,,1,70,,148406,37,,,1,30,,148407,37,,,1,68,,148408,37,,,1,100,,148409,37,,,1,100,,148410,37,,,1
91701,'917-Saturday-1-26-04-0000010',643,,127153,37,,,1,100,,127154,37,,,1,70,,127179,37,,,1,30,,127180,37,,,1,72,,127155,37,,,1,31,,127156,37,,,1,70,,127157,37,,,1,30,,127158,37,,,1,70,,127159,37,,,1,30,,127160,37,,,1,70,,127161,37,,,1,30,,127162,37,,,1,70,,127163,37,,,1,30,,127164,37,,,1,70,,127165,37,,,1,30,,127166,37,,,1,70,,127167,37,,,1,30,,127168,37,,,1,70,,127169,37,,,1,30,,127170,37,,,1,70,,127171,37,,,1,30,,127172,37,,,1,70,,127173,37,,,1,30,,127174,37,,,1,70,,127175,37,,,1,100,,127176,37,,,1,100,,127177,37,,,1,100,,127178,37,,,1
91701,'917-Sunday-1-26-04-0000001',640,,127181,37,,,1,100,,127182,37,,,1,100,,127183,37,,,1,103,,127184,37,,,1,103,,127185,37,,,1,70,,127186,37,,,1,30,,127187,37,,,1,70,,127188,37,,,1,30,,127189,37,,,1,70,,127190,37,,,1,30,,127191,37,,,1,70,,127192,37,,,1,30,,127193,37,,,1,70,,127194,37,,,1,30,,127195,37,,,1,70,,127196,37,,,1,30,,127197,37,,,1,69,,127198,37,,,1,31,,127199,37,,,1,70,,127200,37,,,1,30,,127201,37,,,1,70,,127202,37,,,1,30,,127203,37,,,1,100,,127204,37,,,1
92600,'926-Weekday-1-26-04-1111100',637,,128308,59,0,5 6,1,63,,128309,59,0,5 6,1,23,,128310,59,0,5 6,1,20,,128311,59,0,5 6,1,60,,128312,59,0,5 6,1,20,,128313,59,0,5 6,1,20,,128314,59,0,5 6,1,59,,128315,59,0,5 6,1,18,,128316,59,0,5 6,1,16,,128317,59,0,5 6,1,70,,128318,59,0,5 6,1,30,,128319,59,0,5 6,1,70,,128320,59,0,5 6,1,30,,128321,59,0,5 6,1,70,,128322,59,0,5 6,1,30,,128323,59,0,5 6,1,70,,128324,59,0,5 6,1,30,,128325,59,0,5 6,1,70,,128326,59,0,5 6,1,30,,128327,59,0,5 6,1,71,,128328,59,0,5 6,1,35,,128329,59,0,5 6,1,13,,128330,59,0,5 6,1,60,,128331,59,0,5 6,1,20,,128332,59,0,5 6,1,20,,128333,59,0,5 6,1,60,,128334,59,0,5 6,1,20,,128335,59,0,5 6,1,20,,128336,59,0,5 6,1,60,,128337,59,0,5 6,1,19,,128338,59,0,5 6,1,18,,128339,59,0,5 6,1,57,,128340,59,0,5 6,1,30,,128341,59,0,5 6,1,70,,128342,59,0,5 6,1,30,,128343,59,0,5 6,1,70,,128344,59,0,5 6,1,30,,128345,59,0,5 6,1,70,,128346,59,0,5 6,1,29,,128347,59,0,5 6,1
92600,'926-Weekday-2-26-04-1111100',637,,149488,59,0,5 6,1,63,,149489,59,0,5 6,1,23,,149490,59,0,5 6,1,20,,149491,59,0,5 6,1,60,,149492,59,0,5 6,1,20,,149493,59,0,5 6,1,20,,149494,59,0,5 6,1,59,,149495,59,0,5 6,1,18,,149496,59,0,5 6,1,16,,149497,59,0,5 6,1,70,,149498,59,0,5 6,1,30,,149499,59,0,5 6,1,70,,149500,59,0,5 6,1,30,,149501,59,0,5 6,1,70,,149502,59,0,5 6,1,30,,149503,59,0,5 6,1,70,,149504,59,0,5 6,1,30,,149505,59,0,5 6,1,70,,149506,59,0,5 6,1,30,,149507,59,0,5 6,1,71,,149508,59,0,5 6,1,35,,149509,59,0,5 6,1,13,,149510,59,0,5 6,1,60,,149511,59,0,5 6,1,20,,149512,59,0,5 6,1,20,,149513,59,0,5 6,1,60,,149514,59,0,5 6,1,20,,149515,59,0,5 6,1,20,,149516,59,0,5 6,1,60,,149517,59,0,5 6,1,19,,149518,59,0,5 6,1,18,,149519,59,0,5 6,1,57,,149520,59,0,5 6,1,30,,149521,59,0,5 6,1,70,,149522,59,0,5 6,1,30,,149523,59,0,5 6,1,70,,149524,59,0,5 6,1,30,,149525,59,0,5 6,1,70,,149526,59,0,5 6,1,29,,149527,59,0,5 6,1
92600,'926-Weekday-3-26-04-1111100',637,,149528,59,0,5 6,1,63,,149529,59,0,5 6,1,23,,149530,59,0,5 6,1,20,,149531,59,0,5 6,1,60,,149532,59,0,5 6,1,20,,149533,59,0,5 6,1,20,,149534,59,0,5 6,1,59,,149535,59,0,5 6,1,18,,149536,59,0,5 6,1,16,,149537,59,0,5 6,1,70,,149538,59,0,5 6,1,30,,149539,59,0,5 6,1,70,,149540,59,0,5 6,1,30,,149541,59,0,5 6,1,70,,149542,59,0,5 6,1,30,,149543,59,0,5 6,1,70,,149544,59,0,5 6,1,30,,149545,59,0,5 6,1,70,,149546,59,0,5 6,1,30,,149547,59,0,5 6,1,71,,149548,59,0,5 6,1,35,,149549,59,0,5 6,1,13,,149550,59,0,5 6,1,60,,149551,59,0,5 6,1,20,,149552,59,0,5 6,1,20,,149553,59,0,5 6,1,60,,149554,59,0,5 6,1,20,,149555,59,0,5 6,1,20,,149556,59,0,5 6,1,60,,149557,59,0,5 6,1,19,,149558,59,0,5 6,1,18,,149559,59,0,5 6,1,57,,149560,59,0,5 6,1,30,,149561,59,0,5 6,1,70,,149562,59,0,5 6,1,30,,149563,59,0,5 6,1,70,,149564,59,0,5 6,1,30,,149565,59,0,5 6,1,70,,149566,59,0,5 6,1,29,,149567,59,0,5 6,1
92600,'926-Saturday-1-26-04-0000010',833,,128348,59,0,5 6,1,70,,128349,59,0,5 6,1,32,,128350,59,0,5 6,1,70,,128351,59,0,5 6,1,30,,128352,59,0,5 6,1,70,,128353,59,0,5 6,1,30,,128354,59,0,5 6,1,70,,128355,59,0,5 6,1,30,,128356,59,0,5 6,1,70,,128357,59,0,5 6,1,30,,128358,59,0,5 6,1,70,,128359,59,0,5 6,1,30,,128360,59,0,5 6,1,70,,128361,59,0,5 6,1,30,,128362,59,0,5 6,1,70,,128363,59,0,5 6,1,30,,128364,59,0,5 6,1,70,,128365,59,0,5 6,1,28,,128366,59,0,5 6,1,70,,128367,59,0,5 6,1,30,,128368,59,0,5 6,1,70,,128369,59,0,5 6,1,30,,128370,59,0,5 6,1
92600,'926-Sunday-1-26-04-0000001',1037,,128371,59,0,5 6,1,70,,128372,59,0,5 6,1,30,,128373,59,0,5 6,1,70,,128374,59,0,5 6,1,30,,128375,59,0,5 6,1,70,,128376,59,0,5 6,1,30,,128377,59,0,5 6,1,70,,128378,59,0,5 6,1,30,,128379,59,0,5 6,1,70,,128380,59,0,5 6,1,30,,128381,59,0,5 6,1,70,,128382,59,0,5 6,1,30,,128383,59,0,5 6,1,70,,128384,59,0,5 6,1,28,,128385,59,0,5 6,1,70,,128386,59,0,5 6,1,30,,128387,59,0,5 6,1,70,,128388,59,0,5 6,1,30,,128389,59,0,5 6,1
24093000,'930X-Weekday-1-26-04-1111100',613,,129689,27,,,1,30,,129690,27,,,1,15,,129691,27,,,1,55,,129694,27,,,1,15,,129692,27,,,1,15,,129693,27,,,1,15,,129688,27,,,1,55,,129695,27,,,1,15,,129686,27,,,1,15,,129687,27,,,1,15,,129696,27,,,1,55,,129697,27,,,1
24093000,'930X-Weekday-2-26-04-1111100',613,,151373,27,,,1,30,,151374,27,,,1,15,,151375,27,,,1,55,,151378,27,,,1,15,,151376,27,,,1,15,,151377,27,,,1,15,,151372,27,,,1,55,,151379,27,,,1,15,,151370,27,,,1,15,,151371,27,,,1,15,,151380,27,,,1,55,,151381,27,,,1
24093000,'930X-Weekday-3-26-04-1111100',613,,151385,27,,,1,30,,151386,27,,,1,15,,151387,27,,,1,55,,151390,27,,,1,15,,151388,27,,,1,15,,151389,27,,,1,15,,151384,27,,,1,55,,151391,27,,,1,15,,151382,27,,,1,15,,151383,27,,,1,15,,151392,27,,,1,55,,151393,27,,,1
