50100,'501-Weekday-1-26-09-1111100',601,,221207,3,,,1,30,,221208,3,,,1,70,,221240,3,,,1,15,,221209,3,,,1,15,,221237,3,,,1,15,,221210,3,,,1,55,,221243,3,,,1,15,,221211,3,,,1,15,,221244,3,,,1,74,,221213,3,,,1,34,,221214,3,,,1,74,,221215,3,,,1,34,,221216,3,,,1,74,,221217,3,,,1,34,,221218,3,,,1,74,,221219,3,,,1,74,,221220,3,,,1,34,,221221,3,,,1,74,,221242,3,,,1,35,,221241,3,,,1,57,,221238,3,,,1,15,,221222,3,,,1,15,,221223,3,,,1,15,,221224,3,,,1,55,,221239,3,,,1,15,,221226,3,,,1,15,,221225,3,,,1,15,,221228,3,,,1,55,,221245,3,,,1,15,,221246,3,,,1,15,,221247,3,,,1,70,,221229,3,,,1,30,,221230,3,,,1,71,,221231,3,,,1,31,,221232,3,,,1,71,,221233,3,,,1,31,,221234,3,,,1,71,,221235,3,,,1,31,,221236,3,,,1,100,,221227,3,,,1,100,,221212,3,,,1
50100,'501-Weekday-2-26-09-1111100',601,,221248,3,,,1,30,,221249,3,,,1,70,,221281,3,,,1,15,,221250,3,,,1,15,,221278,3,,,1,15,,221251,3,,,1,55,,221284,3,,,1,15,,221252,3,,,1,15,,221285,3,,,1,74,,221254,3,,,1,34,,221255,3,,,1,74,,221256,3,,,1,34,,221257,3,,,1,74,,221258,3,,,1,34,,221259,3,,,1,74,,221260,3,,,1,74,,221261,3,,,1,34,,221262,3,,,1,74,,221283,3,,,1,35,,221282,3,,,1,57,,221279,3,,,1,15,,221263,3,,,1,15,,221264,3,,,1,15,,221265,3,,,1,55,,221280,3,,,1,15,,221267,3,,,1,15,,221266,3,,,1,15,,221269,3,,,1,55,,221286,3,,,1,15,,221287,3,,,1,15,,221288,3,,,1,70,,221270,3,,,1,30,,221271,3,,,1,71,,221272,3,,,1,31,,221273,3,,,1,71,,221274,3,,,1,31,,221275,3,,,1,71,,221276,3,,,1,31,,221277,3,,,1,100,,221268,3,,,1,100,,221253,3,,,1
50100,'501-Weekday-4-26-09-1111100',601,,221289,3,,,1,30,,221290,3,,,1,70,,221322,3,,,1,15,,221291,3,,,1,15,,221319,3,,,1,15,,221292,3,,,1,55,,221325,3,,,1,15,,221293,3,,,1,15,,221326,3,,,1,74,,221295,3,,,1,34,,221296,3,,,1,74,,221297,3,,,1,34,,221298,3,,,1,74,,221299,3,,,1,34,,221300,3,,,1,74,,221301,3,,,1,74,,221302,3,,,1,34,,221303,3,,,1,74,,221324,3,,,1,35,,221323,3,,,1,57,,221320,3,,,1,15,,221304,3,,,1,15,,221305,3,,,1,15,,221306,3,,,1,55,,221321,3,,,1,15,,221308,3,,,1,15,,221307,3,,,1,15,,221310,3,,,1,55,,221327,3,,,1,15,,221328,3,,,1,15,,221329,3,,,1,70,,221311,3,,,1,30,,221312,3,,,1,71,,221313,3,,,1,31,,221314,3,,,1,71,,221315,3,,,1,31,,221316,3,,,1,71,,221317,3,,,1,31,,221318,3,,,1,100,,221309,3,,,1,100,,221294,3,,,1
50100,'501-Saturday-1-26-09-0000010',602,,221352,3,,,1,100,,221353,3,,,1,100,,221330,3,,,1,30,,221331,3,,,1,70,,221332,3,,,1,32,,221333,3,,,1,72,,221334,3,,,1,32,,221335,3,,,1,72,,221336,3,,,1,32,,221337,3,,,1,72,,221338,3,,,1,32,,221339,3,,,1,72,,221340,3,,,1,32,,221341,3,,,1,72,,221342,3,,,1,32,,221343,3,,,1,72,,221344,3,,,1,32,,221345,3,,,1,72,,221346,3,,,1,72,,221347,3,,,1,32,,221348,3,,,1,72,,221349,3,,,1,32,,221350,3,,,1,72,,221351,3,,,1
50100,'501-Sunday-1-26-09-0000001',610,,221354,3,,,1,100,,221355,3,,,1,100,,221356,3,,,1,100,,221357,3,,,1,100,,221358,3,,,1,30,,221359,3,,,1,70,,221360,3,,,1,30,,221361,3,,,1,70,,221362,3,,,1,30,,221363,3,,,1,70,,221364,3,,,1,30,,221365,3,,,1,70,,221366,3,,,1,30,,221367,3,,,1,70,,221368,3,,,1,30,,221369,3,,,1,70,,221370,3,,,1,30,,221371,3,,,1,70,,221372,3,,,1,30,,221373,3,,,1,70,,221374,3,,,1,30,,221375,3,,,1,70,,221376,3,,,1
50201,'502-Weekday-1-26-09-1111100',640,,221598,3,,,1,70,,221599,3,,,1,30,,221600,3,,,1,70,,221601,3,,,1,30,,221602,3,,,1,70,,221603,3,,,1,596,,221604,3,,,1,30,,221605,3,,,1,70,,221606,3,,,1,30,,221607,3,,,1,70,,221608,3,,,1,30,,221609,3,,,1
50201,'502-Weekday-2-26-09-1111100',640,,221610,3,,,1,70,,221611,3,,,1,30,,221612,3,,,1,70,,221613,3,,,1,30,,221614,3,,,1,70,,221615,3,,,1,596,,221616,3,,,1,30,,221617,3,,,1,70,,221618,3,,,1,30,,221619,3,,,1,70,,221620,3,,,1,30,,221621,3,,,1
50201,'502-Weekday-4-26-09-1111100',640,,221622,3,,,1,70,,221623,3,,,1,30,,221624,3,,,1,70,,221625,3,,,1,30,,221626,3,,,1,70,,221627,3,,,1,596,,221628,3,,,1,30,,221629,3,,,1,70,,221630,3,,,1,30,,221631,3,,,1,70,,221632,3,,,1,30,,221633,3,,,1
51100,'511-Weekday-1-26-09-1111100',2518,,223003,12,0,28 31,1,30,,223004,12,0,28 31,1,70,,223005,12,0,28 31,1,30,,223006,12,0,28 31,1
51100,'511-Weekday-2-26-09-1111100',2518,,223007,12,0,28 31,1,30,,223008,12,0,28 31,1,70,,223009,12,0,28 31,1,30,,223010,12,0,28 31,1
51100,'511-Weekday-4-26-09-1111100',2518,,223011,12,0,28 31,1,30,,223012,12,0,28 31,1,70,,223013,12,0,28 31,1,30,,223014,12,0,28 31,1
51100,'511-Saturday-1-26-09-0000010',2517,,223015,12,0,28 31,1,30,,223016,12,0,28 31,1,70,,223017,12,0,28 31,1,30,,223018,12,0,28 31,1
51100,'511-Sunday-1-26-09-0000001',2516,,223019,12,0,28 31,1,30,,223020,12,0,28 31,1,70,,223021,12,0,28 31,1,30,,223022,12,0,28 31,1
