10600,'106-Weekday-1-26-02-0001000',1212,,4933,,,1,5,,4934,,,1
10600,'106-Weekday-1-26-02-1110100',1507,,4935,,,1,3,,4936,,,1,3,,4937,,,1
10600,'106-Weekday-1-26-02-1111100',547,,4986,,,1,73,,4938,,,1,33,,4939,,,1,61,,4996,,,1,21,,4940,,,1,4,,4995,,,1,12,,4999,,,1,4,,4941,,,1,50,,4942,,,1,10,,4943,,,1,10,,4987,,,1,10,,4944,,,1,10,,4945,,,1,10,,4988,,,1,50,,4946,,,1,10,,4947,,,1,9,,4989,,,1,9,,4948,,,1,18,,4949,,,1,60,,4950,,,1,20,,4951,,,1,20,,4952,,,1,60,,4953,,,1,20,,4954,,,1,20,,4955,,,1,60,,4956,,,1,20,,4957,,,1,20,,4958,,,1,60,,4959,,,1,20,,4960,,,1,20,,4961,,,1,60,,4962,,,1,20,,4963,,,1,20,,4964,,,1,7,,4997,,,1,53,,4965,,,1,8,,4998,,,1,14,,4966,,,1,11,,4967,,,1,10,,4990,,,1,50,,4968,,,1,10,,4969,,,1,10,,4991,,,1,10,,4970,,,1,10,,4971,,,1,10,,4992,,,1,50,,4972,,,1,10,,4973,,,1,10,,4993,,,1,10,,4974,,,1,10,,4975,,,1,10,,4994,,,1,50,,4976,,,1,29,,4977,,,1,26,,4978,,,1,65,,4979,,,1,30,,4980,,,1,70,,4981,,,1,30,,4982,,,1,70,,4983,,,1,30,,4984,,,1,66,,4985,,,1,26,,5001,,,1
10600,'106-Weekday-2-26-02-0001000',1212,,38603,,,1,5,,38604,,,1
10600,'106-Weekday-2-26-02-1110100',1507,,38605,,,1,3,,38606,,,1,3,,38607,,,1
10600,'106-Weekday-2-26-02-1111100',547,,38656,,,1,73,,38608,,,1,33,,38609,,,1,61,,38666,,,1,21,,38610,,,1,4,,38665,,,1,12,,38669,,,1,4,,38611,,,1,50,,38612,,,1,10,,38613,,,1,10,,38657,,,1,10,,38614,,,1,10,,38615,,,1,10,,38658,,,1,50,,38616,,,1,10,,38617,,,1,9,,38659,,,1,9,,38618,,,1,18,,38619,,,1,60,,38620,,,1,20,,38621,,,1,20,,38622,,,1,60,,38623,,,1,20,,38624,,,1,20,,38625,,,1,60,,38626,,,1,20,,38627,,,1,20,,38628,,,1,60,,38629,,,1,20,,38630,,,1,20,,38631,,,1,60,,38632,,,1,20,,38633,,,1,20,,38634,,,1,7,,38667,,,1,53,,38635,,,1,8,,38668,,,1,14,,38636,,,1,11,,38637,,,1,10,,38660,,,1,50,,38638,,,1,10,,38639,,,1,10,,38661,,,1,10,,38640,,,1,10,,38641,,,1,10,,38662,,,1,50,,38642,,,1,10,,38643,,,1,10,,38663,,,1,10,,38644,,,1,10,,38645,,,1,10,,38664,,,1,50,,38646,,,1,29,,38647,,,1,26,,38648,,,1,65,,38649,,,1,30,,38650,,,1,70,,38651,,,1,30,,38652,,,1,70,,38653,,,1,30,,38654,,,1,66,,38655,,,1,26,,38671,,,1
10600,'106-Weekday-4-26-02-1111100',547,,38720,,,1,73,,38672,,,1,33,,38673,,,1,61,,38730,,,1,21,,38674,,,1,4,,38729,,,1,16,,38675,,,1,50,,38676,,,1,10,,38677,,,1,10,,38721,,,1,10,,38678,,,1,10,,38679,,,1,10,,38722,,,1,50,,38680,,,1,10,,38681,,,1,9,,38723,,,1,9,,38682,,,1,18,,38683,,,1,60,,38684,,,1,20,,38685,,,1,20,,38686,,,1,60,,38687,,,1,20,,38688,,,1,20,,38689,,,1,60,,38690,,,1,20,,38691,,,1,20,,38692,,,1,60,,38693,,,1,20,,38694,,,1,20,,38695,,,1,60,,38696,,,1,20,,38697,,,1,20,,38698,,,1,7,,38731,,,1,53,,38699,,,1,8,,38732,,,1,14,,38700,,,1,11,,38701,,,1,10,,38724,,,1,50,,38702,,,1,10,,38703,,,1,10,,38725,,,1,10,,38704,,,1,10,,38705,,,1,10,,38726,,,1,50,,38706,,,1,10,,38707,,,1,10,,38727,,,1,10,,38708,,,1,10,,38709,,,1,10,,38728,,,1,50,,38710,,,1,29,,38711,,,1,26,,38712,,,1,65,,38713,,,1,30,,38714,,,1,70,,38715,,,1,30,,38716,,,1,70,,38717,,,1,30,,38718,,,1,66,,38719,,,1,26,,38734,,,1
10600,'106-Weekday-5-26-02-0000100',1212,,38735,,,1,5,,38736,,,1
10600,'106-Weekday-5-26-02-1111000',1507,,38737,,,1,3,,38738,,,1,3,,38739,,,1
10600,'106-Weekday-5-26-02-1111100',547,,38788,,,1,73,,38740,,,1,33,,38741,,,1,61,,38798,,,1,21,,38742,,,1,4,,38797,,,1,12,,38801,,,1,4,,38743,,,1,50,,38744,,,1,10,,38745,,,1,10,,38789,,,1,10,,38746,,,1,10,,38747,,,1,10,,38790,,,1,50,,38748,,,1,10,,38749,,,1,9,,38791,,,1,9,,38750,,,1,18,,38751,,,1,60,,38752,,,1,20,,38753,,,1,20,,38754,,,1,60,,38755,,,1,20,,38756,,,1,20,,38757,,,1,60,,38758,,,1,20,,38759,,,1,20,,38760,,,1,60,,38761,,,1,20,,38762,,,1,20,,38763,,,1,60,,38764,,,1,20,,38765,,,1,20,,38766,,,1,7,,38799,,,1,53,,38767,,,1,8,,38800,,,1,14,,38768,,,1,11,,38769,,,1,10,,38792,,,1,50,,38770,,,1,10,,38771,,,1,10,,38793,,,1,10,,38772,,,1,10,,38773,,,1,10,,38794,,,1,50,,38774,,,1,10,,38775,,,1,10,,38795,,,1,10,,38776,,,1,10,,38777,,,1,10,,38796,,,1,50,,38778,,,1,29,,38779,,,1,26,,38780,,,1,65,,38781,,,1,30,,38782,,,1,70,,38783,,,1,30,,38784,,,1,70,,38785,,,1,30,,38786,,,1,66,,38787,,,1,26,,38803,,,1
10600,'106-Weekday-6-26-02-1110100',1507,,38804,,,1,3,,38805,,,1,3,,38806,,,1
10600,'106-Weekday-6-26-02-1111100',547,,38855,,,1,73,,38807,,,1,33,,38808,,,1,61,,38865,,,1,21,,38809,,,1,4,,38864,,,1,12,,38868,,,1,4,,38810,,,1,50,,38811,,,1,10,,38812,,,1,10,,38856,,,1,10,,38813,,,1,10,,38814,,,1,10,,38857,,,1,50,,38815,,,1,10,,38816,,,1,9,,38858,,,1,9,,38817,,,1,18,,38818,,,1,60,,38819,,,1,20,,38820,,,1,20,,38821,,,1,60,,38822,,,1,20,,38823,,,1,20,,38824,,,1,60,,38825,,,1,20,,38826,,,1,20,,38827,,,1,60,,38828,,,1,20,,38829,,,1,20,,38830,,,1,60,,38831,,,1,20,,38832,,,1,20,,38833,,,1,7,,38866,,,1,53,,38834,,,1,8,,38867,,,1,14,,38835,,,1,11,,38836,,,1,10,,38859,,,1,50,,38837,,,1,10,,38838,,,1,10,,38860,,,1,10,,38839,,,1,10,,38840,,,1,10,,38861,,,1,50,,38841,,,1,10,,38842,,,1,10,,38862,,,1,10,,38843,,,1,10,,38844,,,1,10,,38863,,,1,50,,38845,,,1,29,,38846,,,1,26,,38847,,,1,65,,38848,,,1,30,,38849,,,1,70,,38850,,,1,30,,38851,,,1,70,,38852,,,1,30,,38853,,,1,66,,38854,,,1,26,,38870,,,1
10600,'106-Weekday-7-26-02-1111100',547,,38919,,,1,73,,38871,,,1,33,,38872,,,1,61,,38929,,,1,21,,38873,,,1,4,,38928,,,1,16,,38874,,,1,50,,38875,,,1,10,,38876,,,1,10,,38920,,,1,10,,38877,,,1,10,,38878,,,1,10,,38921,,,1,50,,38879,,,1,10,,38880,,,1,9,,38922,,,1,9,,38881,,,1,18,,38882,,,1,60,,38883,,,1,20,,38884,,,1,20,,38885,,,1,60,,38886,,,1,20,,38887,,,1,20,,38888,,,1,60,,38889,,,1,20,,38890,,,1,20,,38891,,,1,60,,38892,,,1,20,,38893,,,1,20,,38894,,,1,60,,38895,,,1,20,,38896,,,1,20,,38897,,,1,7,,38930,,,1,53,,38898,,,1,8,,38931,,,1,14,,38899,,,1,11,,38900,,,1,10,,38923,,,1,50,,38901,,,1,10,,38902,,,1,10,,38924,,,1,10,,38903,,,1,10,,38904,,,1,10,,38925,,,1,50,,38905,,,1,10,,38906,,,1,10,,38926,,,1,10,,38907,,,1,10,,38908,,,1,10,,38927,,,1,50,,38909,,,1,29,,38910,,,1,26,,38911,,,1,65,,38912,,,1,30,,38913,,,1,70,,38914,,,1,30,,38915,,,1,70,,38916,,,1,30,,38917,,,1,66,,38918,,,1,26,,38933,,,1
10600,'106-Weekday-8-26-02-1110100',1507,,38934,,,1,3,,38935,,,1,3,,38936,,,1
10600,'106-Weekday-8-26-02-1111100',547,,38985,,,1,73,,38937,,,1,33,,38938,,,1,61,,38995,,,1,21,,38939,,,1,4,,38994,,,1,12,,38998,,,1,4,,38940,,,1,50,,38941,,,1,10,,38942,,,1,10,,38986,,,1,10,,38943,,,1,10,,38944,,,1,10,,38987,,,1,50,,38945,,,1,10,,38946,,,1,9,,38988,,,1,9,,38947,,,1,18,,38948,,,1,60,,38949,,,1,20,,38950,,,1,20,,38951,,,1,60,,38952,,,1,20,,38953,,,1,20,,38954,,,1,60,,38955,,,1,20,,38956,,,1,20,,38957,,,1,60,,38958,,,1,20,,38959,,,1,20,,38960,,,1,60,,38961,,,1,20,,38962,,,1,20,,38963,,,1,7,,38996,,,1,53,,38964,,,1,8,,38997,,,1,14,,38965,,,1,11,,38966,,,1,10,,38989,,,1,50,,38967,,,1,10,,38968,,,1,10,,38990,,,1,10,,38969,,,1,10,,38970,,,1,10,,38991,,,1,50,,38971,,,1,10,,38972,,,1,10,,38992,,,1,10,,38973,,,1,10,,38974,,,1,10,,38993,,,1,50,,38975,,,1,29,,38976,,,1,26,,38977,,,1,65,,38978,,,1,30,,38979,,,1,70,,38980,,,1,30,,38981,,,1,70,,38982,,,1,30,,38983,,,1,66,,38984,,,1,26,,39000,,,1
10600,'106-Weekday-9-26-02-1111100',547,,39049,,,1,73,,39001,,,1,33,,39002,,,1,61,,39059,,,1,21,,39003,,,1,4,,39058,,,1,16,,39004,,,1,50,,39005,,,1,10,,39006,,,1,10,,39050,,,1,10,,39007,,,1,10,,39008,,,1,10,,39051,,,1,50,,39009,,,1,10,,39010,,,1,9,,39052,,,1,9,,39011,,,1,18,,39012,,,1,60,,39013,,,1,20,,39014,,,1,20,,39015,,,1,60,,39016,,,1,20,,39017,,,1,20,,39018,,,1,60,,39019,,,1,20,,39020,,,1,20,,39021,,,1,60,,39022,,,1,20,,39023,,,1,20,,39024,,,1,60,,39025,,,1,20,,39026,,,1,20,,39027,,,1,7,,39060,,,1,53,,39028,,,1,8,,39061,,,1,14,,39029,,,1,11,,39030,,,1,10,,39053,,,1,50,,39031,,,1,10,,39032,,,1,10,,39054,,,1,10,,39033,,,1,10,,39034,,,1,10,,39055,,,1,50,,39035,,,1,10,,39036,,,1,10,,39056,,,1,10,,39037,,,1,10,,39038,,,1,10,,39057,,,1,50,,39039,,,1,29,,39040,,,1,26,,39041,,,1,65,,39042,,,1,30,,39043,,,1,70,,39044,,,1,30,,39045,,,1,70,,39046,,,1,30,,39047,,,1,66,,39048,,,1,26,,39063,,,1
10600,'106-Saturday-1-26-02-0000010',550,,5002,,,1,72,,5003,,,1,30,,5004,,,1,70,,5005,,,1,30,,5006,,,1,70,,5007,,,1,30,,5008,,,1,72,,5009,,,1,76,,5010,,,1,30,,5011,,,1,70,,5012,,,1,30,,5013,,,1,70,,5014,,,1,30,,5015,,,1,70,,5016,,,1,30,,5017,,,1,70,,5018,,,1,30,,5019,,,1,70,,5020,,,1,30,,5021,,,1,70,,5022,,,1,30,,5023,,,1,29,,5024,,,1,68,,5025,,,1,29,,5026,,,1,70,,5027,,,1,30,,5028,,,1,70,,5029,,,1,30,,5030,,,1,70,,5031,,,1,30,,5032,,,1,70,,5033,,,1,30,,5034,,,1,70,,5035,,,1,30,,5036,,,1,100,,5037,,,1
10600,'106-Sunday-1-26-02-0000001',638,,39064,,,1,70,,39065,,,1,30,,39066,,,1,70,,39067,,,1,30,,39068,,,1,70,,39069,,,1,32,,39070,,,1,74,,39071,,,1,30,,39072,,,1,70,,39073,,,1,30,,39074,,,1,70,,39075,,,1,30,,39076,,,1,70,,39077,,,1,30,,39078,,,1,70,,39079,,,1,30,,39080,,,1,70,,39081,,,1,30,,39082,,,1,70,,39083,,,1,30,,39084,,,1,70,,39085,,,1,28,,39086,,,1,67,,39087,,,1,30,,39088,,,1,70,,39089,,,1,30,,39090,,,1,70,,39091,,,1,30,,39092,,,1,70,,39093,,,1,30,,39094,,,1,70,,39095,,,1,100,,39096,,,1,100,,39097,,,1
61000,'610-Weekday-1-26-02-0001000',1217,,9936,,,1,2,,9937,,,1,206,,9938,,,1,5,,9939,,,1
61000,'610-Weekday-1-26-02-1110100',1513,,9940,,,1,4,,9941,,,1,8,,9942,,,1,5,,9943,,,1
61000,'610-Weekday-2-26-02-0001000',1217,,61558,,,1,2,,61559,,,1,206,,61560,,,1,5,,61561,,,1
61000,'610-Weekday-2-26-02-1110100',1513,,61562,,,1,4,,61563,,,1,8,,61564,,,1,5,,61565,,,1
61000,'610-Weekday-4-26-02-1110100',1525,,61566,,,1,5,,61567,,,1
61000,'610-Weekday-5-26-02-0000100',1217,,61568,,,1,2,,61569,,,1
61000,'610-Weekday-5-26-02-0001000',1425,,61570,,,1,5,,61571,,,1
61000,'610-Weekday-5-26-02-1110100',1525,,61572,,,1,5,,61573,,,1
61000,'610-Weekday-5-26-02-1111000',1513,,61574,,,1,4,,61575,,,1
61000,'610-Weekday-6-26-02-1110100',1513,,61576,,,1,4,,61577,,,1
61000,'610-Weekday-8-26-02-1110100',1513,,61578,,,1,4,,61579,,,1
61300,'613-Weekday-1-26-02-1111100',748,,9959,,,1,9,,9960,,,1,77,,9961,,,1,10,,9962,,,1
61300,'613-Weekday-2-26-02-1111100',748,,61631,,,1,9,,61632,,,1,77,,61633,,,1,10,,61634,,,1
61300,'613-Weekday-4-26-02-1111100',834,,61635,,,1,10,,61636,,,1
61300,'613-Weekday-5-26-02-1111100',748,,61637,,,1,9,,61638,,,1,77,,61639,,,1,10,,61640,,,1
61300,'613-Weekday-6-26-02-1111100',748,,61641,,,1,9,,61642,,,1
61300,'613-Weekday-8-26-02-1111100',748,,61643,,,1,9,,61644,,,1
61401,'614-Weekday-1-26-02-1111100',757,,9975,,,1,82,,9976,,,1
61401,'614-Weekday-2-26-02-1111100',757,,61678,,,1,82,,61679,,,1
61401,'614-Weekday-4-26-02-1111100',839,,61680,,,1
61401,'614-Weekday-5-26-02-1111100',757,,61681,,,1,82,,61682,,,1
61401,'614-Weekday-6-26-02-1111100',757,,61683,,,1
61401,'614-Weekday-8-26-02-1111100',757,,61684,,,1
62401,'624-Weekday-1-26-02-1111100',756,,10032,,,1
62401,'624-Weekday-2-26-02-1111100',756,,61876,,,1
62401,'624-Weekday-5-26-02-1111100',756,,61877,,,1
62401,'624-Weekday-6-26-02-1111100',756,,61878,,,1
62401,'624-Weekday-8-26-02-1111100',756,,61879,,,1
62501,'625-Weekday-1-26-02-1111100',751,,10035,,,1,7,,10036,,,1
62501,'625-Weekday-2-26-02-1111100',751,,61886,,,1,7,,61887,,,1
62501,'625-Weekday-5-26-02-1111100',751,,61888,,,1,7,,61889,,,1
62501,'625-Weekday-6-26-02-1111100',751,,61890,,,1,7,,61891,,,1
62501,'625-Weekday-8-26-02-1111100',751,,61892,,,1,7,,61893,,,1
