51801,'518-Weekday-1-26-04-0001000',1251,,119094,27,,,1
51801,'518-Weekday-1-26-04-1111100',536,,119095,27,,,1,70,,119096,27,,,1,23,,119144,27,,,1,21,,119097,27,,,1,52,,119098,27,,,1,12,,119099,27,,,1,12,,119145,27,,,1,12,,119100,27,,,1,12,,119101,27,,,1,52,,119102,27,,,1,12,,119103,27,,,1,12,,119146,27,,,1,12,,119104,27,,,1,12,,119105,27,,,1,51,,119147,27,,,1,35,,119106,27,,,1,70,,119107,27,,,1,30,,119108,27,,,1,70,,119109,27,,,1,30,,119110,27,,,1,70,,119111,27,,,1,30,,119112,27,,,1,70,,119113,27,,,1,30,,119114,27,,,1,70,,119115,27,,,1,30,,119116,27,,,1,72,,119117,27,,,1,15,,119118,27,,,1,12,,119119,27,,,1,12,,119141,27,,,1,12,,119120,27,,,1,45,,119148,27,,,1,7,,119121,27,,,1,12,,119122,27,,,1,12,,119123,27,,,1,12,,119143,27,,,1,12,,119124,27,,,1,52,,119125,27,,,1,12,,119126,27,,,1,12,,119127,27,,,1,12,,119142,27,,,1,12,,119128,27,,,1,52,,119129,27,,,1,12,,119130,27,,,1,16,,119131,27,,,1,67,,119132,27,,,1,30,,119133,27,,,1,70,,119134,27,,,1,30,,119135,27,,,1,70,,119136,27,,,1,30,,119137,27,,,1,69,,119138,27,,,1,98,,119139,27,,,1,100,,119140,27,,,1
51801,'518-Weekday-2-26-04-1111100',536,,140727,27,,,1,70,,140728,27,,,1,23,,140776,27,,,1,21,,140729,27,,,1,52,,140730,27,,,1,12,,140731,27,,,1,12,,140777,27,,,1,12,,140732,27,,,1,12,,140733,27,,,1,52,,140734,27,,,1,12,,140735,27,,,1,12,,140778,27,,,1,12,,140736,27,,,1,12,,140737,27,,,1,51,,140779,27,,,1,35,,140738,27,,,1,70,,140739,27,,,1,30,,140740,27,,,1,70,,140741,27,,,1,30,,140742,27,,,1,70,,140743,27,,,1,30,,140744,27,,,1,70,,140745,27,,,1,30,,140746,27,,,1,70,,140747,27,,,1,30,,140748,27,,,1,72,,140749,27,,,1,15,,140750,27,,,1,12,,140751,27,,,1,12,,140773,27,,,1,12,,140752,27,,,1,45,,140780,27,,,1,7,,140753,27,,,1,12,,140754,27,,,1,12,,140755,27,,,1,12,,140775,27,,,1,12,,140756,27,,,1,52,,140757,27,,,1,12,,140758,27,,,1,12,,140759,27,,,1,12,,140774,27,,,1,12,,140760,27,,,1,52,,140761,27,,,1,12,,140762,27,,,1,16,,140763,27,,,1,67,,140764,27,,,1,30,,140765,27,,,1,70,,140766,27,,,1,30,,140767,27,,,1,70,,140768,27,,,1,30,,140769,27,,,1,69,,140770,27,,,1,98,,140771,27,,,1,100,,140772,27,,,1
51801,'518-Weekday-3-26-04-0001000',1251,,140781,27,,,1
51801,'518-Weekday-3-26-04-1111100',536,,140782,27,,,1,70,,140783,27,,,1,23,,140831,27,,,1,21,,140784,27,,,1,52,,140785,27,,,1,12,,140786,27,,,1,12,,140832,27,,,1,12,,140787,27,,,1,12,,140788,27,,,1,52,,140789,27,,,1,12,,140790,27,,,1,12,,140833,27,,,1,12,,140791,27,,,1,12,,140792,27,,,1,51,,140834,27,,,1,35,,140793,27,,,1,70,,140794,27,,,1,30,,140795,27,,,1,70,,140796,27,,,1,30,,140797,27,,,1,70,,140798,27,,,1,30,,140799,27,,,1,70,,140800,27,,,1,30,,140801,27,,,1,70,,140802,27,,,1,30,,140803,27,,,1,72,,140804,27,,,1,15,,140805,27,,,1,12,,140806,27,,,1,12,,140828,27,,,1,12,,140807,27,,,1,45,,140835,27,,,1,7,,140808,27,,,1,12,,140809,27,,,1,12,,140810,27,,,1,12,,140830,27,,,1,12,,140811,27,,,1,52,,140812,27,,,1,12,,140813,27,,,1,12,,140814,27,,,1,12,,140829,27,,,1,12,,140815,27,,,1,52,,140816,27,,,1,12,,140817,27,,,1,16,,140818,27,,,1,67,,140819,27,,,1,30,,140820,27,,,1,70,,140821,27,,,1,30,,140822,27,,,1,70,,140823,27,,,1,30,,140824,27,,,1,69,,140825,27,,,1,98,,140826,27,,,1,100,,140827,27,,,1
51801,'518-Saturday-1-26-04-0000010',636,,119149,27,,,1,97,,119150,27,,,1,88,,119151,27,,,1,30,,119152,27,,,1,73,,119153,27,,,1,30,,119154,27,,,1,70,,119155,27,,,1,30,,119156,27,,,1,70,,119157,27,,,1,30,,119158,27,,,1,70,,119159,27,,,1,30,,119160,27,,,1,70,,119161,27,,,1,30,,119162,27,,,1,70,,119163,27,,,1,30,,119164,27,,,1,70,,119165,27,,,1,30,,119166,27,,,1,67,,119167,27,,,1,30,,119168,27,,,1,70,,119169,27,,,1,33,,119170,27,,,1,70,,119171,27,,,1,30,,119172,27,,,1,70,,119173,27,,,1,30,,119178,27,,,1,70,,119174,27,,,1,30,,119179,27,,,1,70,,119175,27,,,1,30,,119180,27,,,1,70,,119176,27,,,1,100,,119177,27,,,1,100,,119181,27,,,1
51801,'518-Sunday-1-26-04-0000001',629,,119203,27,,,1,100,,119204,27,,,1,100,,119205,27,,,1,103,,119206,27,,,1,85,,119182,27,,,1,30,,119183,27,,,1,70,,119184,27,,,1,30,,119185,27,,,1,70,,119186,27,,,1,30,,119187,27,,,1,70,,119188,27,,,1,30,,119189,27,,,1,70,,119190,27,,,1,30,,119191,27,,,1,70,,119192,27,,,1,30,,119193,27,,,1,70,,119194,27,,,1,30,,119195,27,,,1,72,,119196,27,,,1,30,,119197,27,,,1,70,,119198,27,,,1,37,,119199,27,,,1,86,,119200,27,,,1,99,,119201,27,,,1,100,,119202,27,,,1,100,,119207,27,,,1,100,,119208,27,,,1
63800,'638-Weekday-1-26-04-0000100',940,,120445,23,,,1
63800,'638-Weekday-1-26-04-1111000',828,,120446,23,,,1
63800,'638-Weekday-1-26-04-1111100',746,,120447,23,,,1
63800,'638-Weekday-2-26-04-0000100',940,,142052,23,,,1
63800,'638-Weekday-3-26-04-1111100',746,,142053,23,,,1
