11200,'112-Weekday-1-26-09-0001000',1224,,217271,12,,,1
11200,'112-Weekday-1-26-09-1110100',1532,,217272,12,,,1
11200,'112-Weekday-1-26-09-1111100',526,,217273,12,,,1,30,,217274,12,,,1,70,,217275,12,,,1,31,,217302,12,,,1,60,,217301,12,,,1,20,,217304,12,,,1,20,,217276,12,,,1,60,,217305,12,,,1,20,,217303,12,,,1,20,,217277,12,,,1,70,,217278,12,,,1,30,,217279,12,,,1,70,,217280,12,,,1,30,,217281,12,,,1,70,,217282,12,,,1,30,,217283,12,,,1,70,,217300,12,,,1,30,,217284,12,,,1,70,,217285,12,,,1,30,,217299,12,,,1,70,,217286,12,,,1,30,,217287,12,,,1,71,,217308,12,,,1,20,,217288,12,,,1,60,,217289,12,,,1,20,,217290,12,,,1,20,,217291,12,,,1,60,,217309,12,,,1,20,,217306,12,,,1,30,,217307,12,,,1,70,,217292,12,,,1,29,,217293,12,,,1,70,,217294,12,,,1,30,,217295,12,,,1,70,,217296,12,,,1,30,,217297,12,,,1,70,,217298,12,,,1
11200,'112-Weekday-2-26-09-1111100',526,,217310,12,,,1,30,,217311,12,,,1,70,,217312,12,,,1,31,,217339,12,,,1,60,,217338,12,,,1,20,,217341,12,,,1,20,,217313,12,,,1,60,,217342,12,,,1,20,,217340,12,,,1,20,,217314,12,,,1,70,,217315,12,,,1,30,,217316,12,,,1,70,,217317,12,,,1,30,,217318,12,,,1,70,,217319,12,,,1,30,,217320,12,,,1,70,,217337,12,,,1,30,,217321,12,,,1,70,,217322,12,,,1,30,,217336,12,,,1,70,,217323,12,,,1,30,,217324,12,,,1,71,,217345,12,,,1,20,,217325,12,,,1,60,,217326,12,,,1,20,,217327,12,,,1,20,,217328,12,,,1,60,,217346,12,,,1,20,,217343,12,,,1,30,,217344,12,,,1,70,,217329,12,,,1,29,,217330,12,,,1,70,,217331,12,,,1,30,,217332,12,,,1,70,,217333,12,,,1,30,,217334,12,,,1,70,,217335,12,,,1
11200,'112-Weekday-4-26-09-1111100',526,,217347,12,,,1,30,,217348,12,,,1,70,,217349,12,,,1,31,,217376,12,,,1,60,,217375,12,,,1,20,,217378,12,,,1,20,,217350,12,,,1,60,,217379,12,,,1,20,,217377,12,,,1,20,,217351,12,,,1,70,,217352,12,,,1,30,,217353,12,,,1,70,,217354,12,,,1,30,,217355,12,,,1,70,,217356,12,,,1,30,,217357,12,,,1,70,,217374,12,,,1,30,,217358,12,,,1,70,,217359,12,,,1,30,,217373,12,,,1,70,,217360,12,,,1,30,,217361,12,,,1,71,,217382,12,,,1,20,,217362,12,,,1,60,,217363,12,,,1,20,,217364,12,,,1,20,,217365,12,,,1,60,,217383,12,,,1,20,,217380,12,,,1,30,,217381,12,,,1,70,,217366,12,,,1,29,,217367,12,,,1,70,,217368,12,,,1,30,,217369,12,,,1,70,,217370,12,,,1,30,,217371,12,,,1,70,,217372,12,,,1
11200,'112-Saturday-1-26-09-0000010',758,,217384,12,,,1,70,,217385,12,,,1,30,,217386,12,,,1,70,,217387,12,,,1,30,,217388,12,,,1,70,,217389,12,,,1,30,,217390,12,,,1,70,,217391,12,,,1,30,,217392,12,,,1,70,,217393,12,,,1,30,,217394,12,,,1,70,,217395,12,,,1,30,,217396,12,,,1,70,,217397,12,,,1,30,,217398,12,,,1,70,,217399,12,,,1,30,,217400,12,,,1,70,,217401,12,,,1,30,,217402,12,,,1,70,,217403,12,,,1,30,,217404,12,,,1,70,,217405,12,,,1,30,,217406,12,,,1
11200,'112-Sunday-1-26-09-0000001',1008,,217407,12,,,1,30,,217408,12,,,1,70,,217409,12,,,1,30,,217410,12,,,1,70,,217411,12,,,1,30,,217412,12,,,1,70,,217413,12,,,1,30,,217414,12,,,1,70,,217415,12,,,1,30,,217416,12,,,1,70,,217417,12,,,1,30,,217418,12,,,1,70,,217419,12,,,1,30,,217420,12,,,1,69,,217421,12,,,1,30,,217422,12,,,1,70,,217423,12,,,1,30,,217424,12,,,1
61300,'613-Weekday-1-26-09-1111100',718,,227411,2,,,1,90,,227412,2,,,1
61300,'613-Weekday-3-26-09-1111100',808,,227413,2,,,1
61801,'618-Weekday-1-26-09-1111100',758,,227449,2,,,1
24015001,'150X-Weekday-1-26-09-1111100',600,,245121,2,,,1,20,,245115,2,,,1,20,,245116,2,,,1,60,,245117,2,,,1,15,,245118,2,,,1,15,,245119,2,,,1,15,,245120,2,,,1,55,,245113,2,,,1,15,,245112,2,,,1,15,,245114,2,,,1
24015001,'150X-Weekday-2-26-09-1111100',600,,245131,2,,,1,20,,245125,2,,,1,20,,245126,2,,,1,60,,245127,2,,,1,15,,245128,2,,,1,15,,245129,2,,,1,15,,245130,2,,,1,55,,245123,2,,,1,15,,245122,2,,,1,15,,245124,2,,,1
24015001,'150X-Weekday-4-26-09-1111100',600,,245141,2,,,1,20,,245135,2,,,1,20,,245136,2,,,1,60,,245137,2,,,1,15,,245138,2,,,1,15,,245139,2,,,1,15,,245140,2,,,1,55,,245133,2,,,1,15,,245132,2,,,1,15,,245134,2,,,1
