90400,'904-Weekday-1-26-09-1111100',540,,237389,16,,,1,70,,237390,16,,,1,33,,237391,16,,,1,60,,237392,16,,,1,20,,237424,16,,,1,20,,237393,16,,,1,63,,237428,16,,,1,1,,237394,16,,,1,4,,237429,16,,,1,7,,237430,16,,,1,9,,237423,16,,,1,20,,237427,16,,,1,65,,237395,16,,,1,30,,237396,16,,,1,70,,237397,16,,,1,30,,237398,16,,,1,70,,237399,16,,,1,30,,237400,16,,,1,70,,237401,16,,,1,30,,237402,16,,,1,70,,237403,16,,,1,30,,237404,16,,,1,70,,237405,16,,,1,30,,237406,16,,,1,60,,237407,16,,,1,22,,237422,16,,,1,20,,237408,16,,,1,60,,237409,16,,,1,20,,237425,16,,,1,20,,237410,16,,,1,60,,237411,16,,,1,20,,237426,16,,,1,30,,237412,16,,,1,70,,237413,16,,,1,27,,237414,16,,,1,70,,237415,16,,,1,30,,237416,16,,,1,70,,237417,16,,,1,30,,237418,16,,,1,70,,237419,16,,,1,30,,237421,16,,,1,99,,237420,16,,,1
90400,'904-Weekday-2-26-09-1111100',540,,237431,16,,,1,70,,237432,16,,,1,33,,237433,16,,,1,60,,237434,16,,,1,20,,237466,16,,,1,20,,237435,16,,,1,63,,237470,16,,,1,1,,237436,16,,,1,4,,237471,16,,,1,7,,237472,16,,,1,9,,237465,16,,,1,20,,237469,16,,,1,65,,237437,16,,,1,30,,237438,16,,,1,70,,237439,16,,,1,30,,237440,16,,,1,70,,237441,16,,,1,30,,237442,16,,,1,70,,237443,16,,,1,30,,237444,16,,,1,70,,237445,16,,,1,30,,237446,16,,,1,70,,237447,16,,,1,30,,237448,16,,,1,60,,237449,16,,,1,22,,237464,16,,,1,20,,237450,16,,,1,60,,237451,16,,,1,20,,237467,16,,,1,20,,237452,16,,,1,60,,237453,16,,,1,20,,237468,16,,,1,30,,237454,16,,,1,70,,237455,16,,,1,27,,237456,16,,,1,70,,237457,16,,,1,30,,237458,16,,,1,70,,237459,16,,,1,30,,237460,16,,,1,70,,237461,16,,,1,30,,237463,16,,,1,99,,237462,16,,,1
90400,'904-Weekday-4-26-09-1111100',540,,237473,16,,,1,70,,237474,16,,,1,33,,237475,16,,,1,60,,237476,16,,,1,20,,237508,16,,,1,20,,237477,16,,,1,63,,237512,16,,,1,1,,237478,16,,,1,4,,237513,16,,,1,7,,237514,16,,,1,9,,237507,16,,,1,20,,237511,16,,,1,65,,237479,16,,,1,30,,237480,16,,,1,70,,237481,16,,,1,30,,237482,16,,,1,70,,237483,16,,,1,30,,237484,16,,,1,70,,237485,16,,,1,30,,237486,16,,,1,70,,237487,16,,,1,30,,237488,16,,,1,70,,237489,16,,,1,30,,237490,16,,,1,60,,237491,16,,,1,22,,237506,16,,,1,20,,237492,16,,,1,60,,237493,16,,,1,20,,237509,16,,,1,20,,237494,16,,,1,60,,237495,16,,,1,20,,237510,16,,,1,30,,237496,16,,,1,70,,237497,16,,,1,27,,237498,16,,,1,70,,237499,16,,,1,30,,237500,16,,,1,70,,237501,16,,,1,30,,237502,16,,,1,70,,237503,16,,,1,30,,237505,16,,,1,99,,237504,16,,,1
90400,'904-Saturday-1-26-09-0000010',642,,237527,16,,,1,100,,237515,16,,,1,100,,237516,16,,,1,69,,237517,16,,,1,30,,237518,16,,,1,70,,237519,16,,,1,30,,237520,16,,,1,70,,237521,16,,,1,30,,237522,16,,,1,70,,237523,16,,,1,32,,237528,16,,,1,70,,237529,16,,,1,30,,237530,16,,,1,70,,237531,16,,,1,30,,237532,16,,,1,70,,237533,16,,,1,30,,237534,16,,,1,70,,237535,16,,,1,30,,237536,16,,,1,69,,237537,16,,,1,30,,237538,16,,,1,70,,237539,16,,,1,30,,237540,16,,,1,70,,237541,16,,,1,97,,237524,16,,,1,100,,237525,16,,,1,100,,237526,16,,,1
90400,'904-Sunday-1-26-09-0000001',708,,237542,16,,,1,100,,237543,16,,,1,102,,237544,16,,,1,101,,237562,16,,,1,30,,237545,16,,,1,70,,237546,16,,,1,30,,237547,16,,,1,70,,237548,16,,,1,30,,237550,16,,,1,70,,237551,16,,,1,30,,237552,16,,,1,70,,237549,16,,,1,30,,237553,16,,,1,70,,237554,16,,,1,30,,237555,16,,,1,70,,237556,16,,,1,30,,237557,16,,,1,69,,237558,16,,,1,30,,237559,16,,,1,70,,237560,16,,,1,30,,237561,16,,,1,70,,237563,16,,,1
92400,'924-Weekday-1-26-09-1111100',710,,242287,9,,,1,30,,242288,9,,,1,70,,242289,9,,,1,30,,242290,9,,,1,70,,242291,9,,,1,30,,242304,9,,,1,70,,242292,9,,,1,100,,242293,9,,,1,100,,242294,9,,,1,100,,242295,9,,,1,100,,242296,9,,,1,100,,242297,9,,,1,106,,242298,9,,,1,28,,242299,9,,,1,70,,242300,9,,,1,30,,242301,9,,,1,66,,242302,9,,,1,30,,242303,9,,,1
92400,'924-Weekday-2-26-09-1111100',710,,242305,9,,,1,30,,242306,9,,,1,70,,242307,9,,,1,30,,242308,9,,,1,70,,242309,9,,,1,30,,242322,9,,,1,70,,242310,9,,,1,100,,242311,9,,,1,100,,242312,9,,,1,100,,242313,9,,,1,100,,242314,9,,,1,100,,242315,9,,,1,106,,242316,9,,,1,28,,242317,9,,,1,70,,242318,9,,,1,30,,242319,9,,,1,66,,242320,9,,,1,30,,242321,9,,,1
92400,'924-Weekday-4-26-09-1111100',710,,242323,9,,,1,30,,242324,9,,,1,70,,242325,9,,,1,30,,242326,9,,,1,70,,242327,9,,,1,30,,242340,9,,,1,70,,242328,9,,,1,100,,242329,9,,,1,100,,242330,9,,,1,100,,242331,9,,,1,100,,242332,9,,,1,100,,242333,9,,,1,106,,242334,9,,,1,28,,242335,9,,,1,70,,242336,9,,,1,30,,242337,9,,,1,66,,242338,9,,,1,30,,242339,9,,,1
92400,'924-Saturday-1-26-09-0000010',840,,242341,9,,,1,100,,242342,9,,,1,100,,242343,9,,,1,100,,242344,9,,,1,100,,242345,9,,,1,100,,242346,9,,,1,100,,242347,9,,,1,100,,242348,9,,,1,100,,242349,9,,,1,100,,242350,9,,,1,100,,242351,9,,,1
92400,'924-Sunday-1-26-09-0000001',1040,,242352,9,,,1,100,,242353,9,,,1,100,,242354,9,,,1,100,,242355,9,,,1,100,,242356,9,,,1,100,,242357,9,,,1,100,,242358,9,,,1,100,,242359,9,,,1,100,,242360,9,,,1
