10701,'107-Weekday-1-26-04-1111100',542,,114123,21,,,1,70,,114124,21,,,1,32,,114125,21,,,1,10,,114148,21,,,1,50,,114126,21,,,1,10,,114127,21,,,1,10,,114149,21,,,1,10,,114128,21,,,1,10,,114129,21,,,1,10,,114150,21,,,1,48,,114178,21,,,1,2,,114130,21,,,1,10,,114131,21,,,1,10,,114132,21,,,1,8,,114179,21,,,1,2,,114133,21,,,1,10,,114134,21,,,1,59,,114151,21,,,1,19,,114135,21,,,1,20,,114136,21,,,1,60,,114152,21,,,1,20,,114153,21,,,1,20,,114154,21,,,1,60,,114155,21,,,1,20,,114156,21,,,1,20,,114157,21,,,1,60,,114158,21,,,1,20,,114159,21,,,1,20,,114160,21,,,1,60,,114161,21,,,1,20,,114162,21,,,1,20,,114163,21,,,1,60,,114164,21,,,1,20,,114165,21,,,1,20,,114166,21,,,1,61,,114175,21,,,1,16,,114147,21,,,1,15,,114167,21,,,1,15,,114168,21,,,1,55,,114169,21,,,1,15,,114137,21,,,1,15,,114138,21,,,1,15,,114139,21,,,1,55,,114140,21,,,1,15,,114141,21,,,1,15,,114142,21,,,1,22,,114176,21,,,1,60,,114177,21,,,1,19,,114143,21,,,1,69,,114171,21,,,1,30,,114172,21,,,1,70,,114173,21,,,1,30,,114174,21,,,1,70,,114144,21,,,1,30,,114146,21,,,1,70,,114145,21,,,1,30,,114170,21,,,1
10701,'107-Weekday-2-26-04-1111100',542,,136246,21,,,1,70,,136247,21,,,1,32,,136248,21,,,1,10,,136271,21,,,1,50,,136249,21,,,1,10,,136250,21,,,1,10,,136272,21,,,1,10,,136251,21,,,1,10,,136252,21,,,1,10,,136273,21,,,1,48,,136301,21,,,1,2,,136253,21,,,1,10,,136254,21,,,1,10,,136255,21,,,1,8,,136302,21,,,1,2,,136256,21,,,1,10,,136257,21,,,1,59,,136274,21,,,1,19,,136258,21,,,1,20,,136259,21,,,1,60,,136275,21,,,1,20,,136276,21,,,1,20,,136277,21,,,1,60,,136278,21,,,1,20,,136279,21,,,1,20,,136280,21,,,1,60,,136281,21,,,1,20,,136282,21,,,1,20,,136283,21,,,1,60,,136284,21,,,1,20,,136285,21,,,1,20,,136286,21,,,1,60,,136287,21,,,1,20,,136288,21,,,1,20,,136289,21,,,1,61,,136298,21,,,1,16,,136270,21,,,1,15,,136290,21,,,1,15,,136291,21,,,1,55,,136292,21,,,1,15,,136260,21,,,1,15,,136261,21,,,1,15,,136262,21,,,1,55,,136263,21,,,1,15,,136264,21,,,1,15,,136265,21,,,1,22,,136299,21,,,1,60,,136300,21,,,1,19,,136266,21,,,1,69,,136294,21,,,1,30,,136295,21,,,1,70,,136296,21,,,1,30,,136297,21,,,1,70,,136267,21,,,1,30,,136269,21,,,1,70,,136268,21,,,1,30,,136293,21,,,1
10701,'107-Weekday-3-26-04-1111100',542,,136303,21,,,1,70,,136304,21,,,1,32,,136305,21,,,1,10,,136328,21,,,1,50,,136306,21,,,1,10,,136307,21,,,1,10,,136329,21,,,1,10,,136308,21,,,1,10,,136309,21,,,1,10,,136330,21,,,1,48,,136358,21,,,1,2,,136310,21,,,1,10,,136311,21,,,1,10,,136312,21,,,1,10,,136313,21,,,1,10,,136314,21,,,1,59,,136331,21,,,1,19,,136315,21,,,1,20,,136316,21,,,1,60,,136332,21,,,1,20,,136333,21,,,1,20,,136334,21,,,1,60,,136335,21,,,1,20,,136336,21,,,1,20,,136337,21,,,1,60,,136338,21,,,1,20,,136339,21,,,1,20,,136340,21,,,1,60,,136341,21,,,1,20,,136342,21,,,1,20,,136343,21,,,1,60,,136344,21,,,1,20,,136345,21,,,1,20,,136346,21,,,1,61,,136355,21,,,1,16,,136327,21,,,1,15,,136347,21,,,1,15,,136348,21,,,1,55,,136349,21,,,1,15,,136317,21,,,1,15,,136318,21,,,1,15,,136319,21,,,1,55,,136320,21,,,1,15,,136321,21,,,1,15,,136322,21,,,1,22,,136356,21,,,1,60,,136357,21,,,1,19,,136323,21,,,1,69,,136351,21,,,1,30,,136352,21,,,1,70,,136353,21,,,1,30,,136354,21,,,1,70,,136324,21,,,1,30,,136326,21,,,1,70,,136325,21,,,1,30,,136350,21,,,1
10701,'107-Saturday-1-26-04-0000010',805,,114180,21,,,1,30,,114181,21,,,1,70,,114182,21,,,1,31,,114183,21,,,1,70,,114184,21,,,1,30,,114185,21,,,1,70,,114186,21,,,1,30,,114187,21,,,1,70,,114188,21,,,1,30,,114189,21,,,1,70,,114190,21,,,1,30,,114191,21,,,1,70,,114192,21,,,1,30,,114193,21,,,1,70,,114194,21,,,1,30,,114195,21,,,1,70,,114196,21,,,1,30,,114197,21,,,1,70,,114198,21,,,1,29,,114199,21,,,1,70,,114200,21,,,1,30,,114201,21,,,1,70,,114202,21,,,1
10701,'107-Sunday-1-26-04-0000001',954,,114203,21,,,1,70,,114204,21,,,1,30,,114205,21,,,1,70,,114206,21,,,1,30,,114207,21,,,1,70,,114208,21,,,1,30,,114209,21,,,1,70,,114210,21,,,1,30,,114211,21,,,1,70,,114212,21,,,1,30,,114213,21,,,1,70,,114214,21,,,1,30,,114215,21,,,1,70,,114216,21,,,1,30,,114217,21,,,1,69,,114218,21,,,1,30,,114219,21,,,1,70,,114220,21,,,1,30,,114221,21,,,1,70,,114222,21,,,1
62600,'626-Weekday-1-26-04-0001000',1243,,120393,32,,,1,4,,120394,32,,,1,4,,120395,32,,,1
62600,'626-Weekday-1-26-04-1110100',1541,,120396,32,,,1,4,,120397,32,,,1,4,,120398,32,,,1
62600,'626-Weekday-3-26-04-0001000',1243,,142002,32,,,1,4,,142003,32,,,1,4,,142004,32,,,1
62600,'626-Weekday-3-26-04-1110100',1541,,142005,32,,,1,4,,142006,32,,,1,4,,142007,32,,,1
62801,'628-Weekday-1-26-04-1111100',804,,120406,8,,,1
62801,'628-Weekday-2-26-04-1111100',804,,142015,8,,,1
