50100,'501-Weekday-1-26-09-1111100',607,,221207,12,,,1,31,,221208,12,,,1,70,,221240,12,,,1,15,,221209,12,,,1,15,,221237,12,,,1,15,,221210,12,,,1,55,,221243,12,,,1,15,,221211,12,,,1,15,,221244,12,,,1,74,,221213,12,,,1,34,,221214,12,,,1,74,,221215,12,,,1,34,,221216,12,,,1,74,,221217,12,,,1,74,,221218,12,,,1,34,,221219,12,,,1,74,,221220,12,,,1,34,,221221,12,,,1,74,,221242,12,,,1,35,,221241,12,,,1,56,,221238,12,,,1,15,,221222,12,,,1,15,,221223,12,,,1,15,,221224,12,,,1,55,,221239,12,,,1,15,,221226,12,,,1,15,,221225,12,,,1,15,,221228,12,,,1,55,,221245,12,,,1,15,,221246,12,,,1,15,,221247,12,,,1,70,,221229,12,,,1,30,,221230,12,,,1,71,,221231,12,,,1,31,,221232,12,,,1,71,,221233,12,,,1,31,,221234,12,,,1,71,,221235,12,,,1,31,,221236,12,,,1,99,,221227,12,,,1,100,,221212,12,,,1
50100,'501-Weekday-2-26-09-1111100',607,,221248,12,,,1,31,,221249,12,,,1,70,,221281,12,,,1,15,,221250,12,,,1,15,,221278,12,,,1,15,,221251,12,,,1,55,,221284,12,,,1,15,,221252,12,,,1,15,,221285,12,,,1,74,,221254,12,,,1,34,,221255,12,,,1,74,,221256,12,,,1,34,,221257,12,,,1,74,,221258,12,,,1,74,,221259,12,,,1,34,,221260,12,,,1,74,,221261,12,,,1,34,,221262,12,,,1,74,,221283,12,,,1,35,,221282,12,,,1,56,,221279,12,,,1,15,,221263,12,,,1,15,,221264,12,,,1,15,,221265,12,,,1,55,,221280,12,,,1,15,,221267,12,,,1,15,,221266,12,,,1,15,,221269,12,,,1,55,,221286,12,,,1,15,,221287,12,,,1,15,,221288,12,,,1,70,,221270,12,,,1,30,,221271,12,,,1,71,,221272,12,,,1,31,,221273,12,,,1,71,,221274,12,,,1,31,,221275,12,,,1,71,,221276,12,,,1,31,,221277,12,,,1,99,,221268,12,,,1,100,,221253,12,,,1
50100,'501-Weekday-4-26-09-1111100',607,,221289,12,,,1,31,,221290,12,,,1,70,,221322,12,,,1,15,,221291,12,,,1,15,,221319,12,,,1,15,,221292,12,,,1,55,,221325,12,,,1,15,,221293,12,,,1,15,,221326,12,,,1,74,,221295,12,,,1,34,,221296,12,,,1,74,,221297,12,,,1,34,,221298,12,,,1,74,,221299,12,,,1,74,,221300,12,,,1,34,,221301,12,,,1,74,,221302,12,,,1,34,,221303,12,,,1,74,,221324,12,,,1,35,,221323,12,,,1,56,,221320,12,,,1,15,,221304,12,,,1,15,,221305,12,,,1,15,,221306,12,,,1,55,,221321,12,,,1,15,,221308,12,,,1,15,,221307,12,,,1,15,,221310,12,,,1,55,,221327,12,,,1,15,,221328,12,,,1,15,,221329,12,,,1,70,,221311,12,,,1,30,,221312,12,,,1,71,,221313,12,,,1,31,,221314,12,,,1,71,,221315,12,,,1,31,,221316,12,,,1,71,,221317,12,,,1,31,,221318,12,,,1,99,,221309,12,,,1,100,,221294,12,,,1
50100,'501-Saturday-1-26-09-0000010',607,,221352,12,,,1,100,,221353,12,,,1,100,,221330,12,,,1,30,,221331,12,,,1,71,,221332,12,,,1,32,,221333,12,,,1,72,,221334,12,,,1,32,,221335,12,,,1,72,,221336,12,,,1,32,,221337,12,,,1,72,,221338,12,,,1,32,,221339,12,,,1,72,,221340,12,,,1,32,,221341,12,,,1,72,,221342,12,,,1,72,,221343,12,,,1,32,,221344,12,,,1,72,,221345,12,,,1,32,,221346,12,,,1,72,,221347,12,,,1,32,,221348,12,,,1,72,,221349,12,,,1,32,,221350,12,,,1,72,,221351,12,,,1
50100,'501-Sunday-1-26-09-0000001',615,,221354,12,,,1,100,,221355,12,,,1,100,,221356,12,,,1,101,,221357,12,,,1,100,,221358,12,,,1,30,,221359,12,,,1,70,,221360,12,,,1,30,,221361,12,,,1,70,,221362,12,,,1,30,,221363,12,,,1,70,,221364,12,,,1,30,,221365,12,,,1,70,,221366,12,,,1,30,,221367,12,,,1,70,,221368,12,,,1,30,,221369,12,,,1,70,,221370,12,,,1,30,,221371,12,,,1,70,,221372,12,,,1,30,,221373,12,,,1,70,,221374,12,,,1,30,,221375,12,,,1,70,,221376,12,,,1
52500,'525-Weekday-1-26-09-1111100',940,,226694,3,,,1,70,,226695,3,,,1,30,,226696,3,,,1,70,,226697,3,,,1,30,,226698,3,,,1,70,,226699,3,,,1,30,,226700,3,,,1,70,,226701,3,,,1,30,,226702,3,,,1,70,,226703,3,,,1,30,,226704,3,,,1,103,,226705,3,,,1,100,,226706,3,,,1,100,,226707,3,,,1
52500,'525-Weekday-2-26-09-1111100',940,,226708,3,,,1,70,,226709,3,,,1,30,,226710,3,,,1,70,,226711,3,,,1,30,,226712,3,,,1,70,,226713,3,,,1,30,,226714,3,,,1,70,,226715,3,,,1,30,,226716,3,,,1,70,,226717,3,,,1,30,,226718,3,,,1,103,,226719,3,,,1,100,,226720,3,,,1,100,,226721,3,,,1
52500,'525-Weekday-4-26-09-1111100',940,,226722,3,,,1,70,,226723,3,,,1,30,,226724,3,,,1,70,,226725,3,,,1,30,,226726,3,,,1,70,,226727,3,,,1,30,,226728,3,,,1,70,,226729,3,,,1,30,,226730,3,,,1,70,,226731,3,,,1,30,,226732,3,,,1,103,,226733,3,,,1,100,,226734,3,,,1,100,,226735,3,,,1
52500,'525-Saturday-1-26-09-0000010',1112,,226736,3,,,1,100,,226737,3,,,1,100,,226738,3,,,1,100,,226739,3,,,1,100,,226740,3,,,1,100,,226741,3,,,1,100,,226742,3,,,1
52500,'525-Sunday-1-26-09-0000001',1111,,226743,3,,,1,100,,226744,3,,,1,100,,226745,3,,,1,100,,226746,3,,,1,100,,226747,3,,,1,100,,226748,3,,,1
