10801,'108-Weekday-1-26-09-0001000',1419,,216574,12,,,1
10801,'108-Weekday-1-26-09-1110100',1513,,216575,12,,,1
10801,'108-Weekday-1-26-09-1111100',545,,216635,12,,,1,60,,216636,12,,,1,20,,216637,12,,,1,22,,216638,12,,,1,62,,216625,12,,,1,10,,216626,12,,,1,10,,216627,12,,,1,10,,216628,12,,,1,10,,216629,12,,,1,10,,216630,12,,,1,50,,216631,12,,,1,10,,216632,12,,,1,10,,216633,12,,,1,10,,216634,12,,,1,16,,216624,12,,,1,57,,216605,12,,,1,17,,216606,12,,,1,20,,216607,12,,,1,60,,216608,12,,,1,20,,216609,12,,,1,20,,216610,12,,,1,60,,216611,12,,,1,20,,216612,12,,,1,20,,216613,12,,,1,60,,216614,12,,,1,20,,216615,12,,,1,20,,216616,12,,,1,60,,216617,12,,,1,20,,216618,12,,,1,20,,216619,12,,,1,60,,216620,12,,,1,20,,216621,12,,,1,20,,216622,12,,,1,61,,216623,12,,,1,10,,216642,12,,,1,11,,216589,12,,,1,10,,216643,12,,,1,10,,216590,12,,,1,50,,216591,12,,,1,10,,216592,12,,,1,10,,216593,12,,,1,10,,216594,12,,,1,10,,216595,12,,,1,10,,216596,12,,,1,50,,216597,12,,,1,10,,216598,12,,,1,10,,216599,12,,,1,10,,216600,12,,,1,10,,216601,12,,,1,10,,216602,12,,,1,50,,216603,12,,,1,17,,216604,12,,,1,17,,216588,12,,,1,18,,216576,12,,,1,60,,216641,12,,,1,21,,216579,12,,,1,20,,216580,12,,,1,60,,216581,12,,,1,20,,216582,12,,,1,20,,216583,12,,,1,59,,216584,12,,,1,20,,216585,12,,,1,20,,216586,12,,,1,59,,216587,12,,,1,19,,216639,12,,,1,70,,216640,12,,,1,30,,216577,12,,,1,70,,216578,12,,,1
10801,'108-Weekday-2-26-09-1110100',1513,,216644,12,,,1
10801,'108-Weekday-2-26-09-1111100',545,,216704,12,,,1,60,,216705,12,,,1,20,,216706,12,,,1,22,,216707,12,,,1,62,,216694,12,,,1,10,,216695,12,,,1,10,,216696,12,,,1,10,,216697,12,,,1,10,,216698,12,,,1,10,,216699,12,,,1,50,,216700,12,,,1,10,,216701,12,,,1,10,,216702,12,,,1,10,,216703,12,,,1,16,,216693,12,,,1,57,,216674,12,,,1,17,,216675,12,,,1,20,,216676,12,,,1,60,,216677,12,,,1,20,,216678,12,,,1,20,,216679,12,,,1,60,,216680,12,,,1,20,,216681,12,,,1,20,,216682,12,,,1,60,,216683,12,,,1,20,,216684,12,,,1,20,,216685,12,,,1,60,,216686,12,,,1,20,,216687,12,,,1,20,,216688,12,,,1,60,,216689,12,,,1,20,,216690,12,,,1,20,,216691,12,,,1,61,,216692,12,,,1,10,,216711,12,,,1,11,,216658,12,,,1,10,,216712,12,,,1,10,,216659,12,,,1,50,,216660,12,,,1,10,,216661,12,,,1,10,,216662,12,,,1,10,,216663,12,,,1,10,,216664,12,,,1,10,,216665,12,,,1,50,,216666,12,,,1,10,,216667,12,,,1,10,,216668,12,,,1,10,,216669,12,,,1,10,,216670,12,,,1,10,,216671,12,,,1,50,,216672,12,,,1,17,,216673,12,,,1,17,,216657,12,,,1,18,,216645,12,,,1,60,,216710,12,,,1,21,,216648,12,,,1,20,,216649,12,,,1,60,,216650,12,,,1,20,,216651,12,,,1,20,,216652,12,,,1,59,,216653,12,,,1,20,,216654,12,,,1,20,,216655,12,,,1,59,,216656,12,,,1,19,,216708,12,,,1,70,,216709,12,,,1,30,,216646,12,,,1,70,,216647,12,,,1
10801,'108-Weekday-4-26-09-1111100',545,,216772,12,,,1,60,,216773,12,,,1,20,,216774,12,,,1,22,,216775,12,,,1,62,,216762,12,,,1,10,,216763,12,,,1,10,,216764,12,,,1,10,,216765,12,,,1,10,,216766,12,,,1,10,,216767,12,,,1,50,,216768,12,,,1,10,,216769,12,,,1,10,,216770,12,,,1,10,,216771,12,,,1,16,,216761,12,,,1,57,,216742,12,,,1,17,,216743,12,,,1,20,,216744,12,,,1,60,,216745,12,,,1,20,,216746,12,,,1,20,,216747,12,,,1,60,,216748,12,,,1,20,,216749,12,,,1,20,,216750,12,,,1,60,,216751,12,,,1,20,,216752,12,,,1,20,,216753,12,,,1,60,,216754,12,,,1,20,,216755,12,,,1,20,,216756,12,,,1,60,,216757,12,,,1,20,,216758,12,,,1,20,,216759,12,,,1,61,,216760,12,,,1,10,,216779,12,,,1,11,,216726,12,,,1,10,,216780,12,,,1,10,,216727,12,,,1,50,,216728,12,,,1,10,,216729,12,,,1,10,,216730,12,,,1,10,,216731,12,,,1,10,,216732,12,,,1,10,,216733,12,,,1,50,,216734,12,,,1,10,,216735,12,,,1,10,,216736,12,,,1,10,,216737,12,,,1,10,,216738,12,,,1,10,,216739,12,,,1,50,,216740,12,,,1,17,,216741,12,,,1,17,,216725,12,,,1,18,,216713,12,,,1,60,,216778,12,,,1,21,,216716,12,,,1,20,,216717,12,,,1,60,,216718,12,,,1,20,,216719,12,,,1,20,,216720,12,,,1,59,,216721,12,,,1,20,,216722,12,,,1,20,,216723,12,,,1,59,,216724,12,,,1,19,,216776,12,,,1,70,,216777,12,,,1,30,,216714,12,,,1,70,,216715,12,,,1
10801,'108-Saturday-1-26-09-0000010',539,,216781,12,,,1,70,,216782,12,,,1,30,,216783,12,,,1,70,,216784,12,,,1,30,,216785,12,,,1,70,,216786,12,,,1,30,,216787,12,,,1,68,,216788,12,,,1,30,,216789,12,,,1,70,,216790,12,,,1,30,,216791,12,,,1,70,,216792,12,,,1,30,,216793,12,,,1,70,,216794,12,,,1,30,,216795,12,,,1,70,,216796,12,,,1,30,,216797,12,,,1,70,,216798,12,,,1,30,,216799,12,,,1,70,,216800,12,,,1,30,,216801,12,,,1,70,,216802,12,,,1,30,,216803,12,,,1,72,,216804,12,,,1,30,,216805,12,,,1,70,,216806,12,,,1,30,,216807,12,,,1,70,,216817,12,,,1,30,,216808,12,,,1,70,,216809,12,,,1,30,,216810,12,,,1,70,,216811,12,,,1,30,,216812,12,,,1,70,,216813,12,,,1,30,,216814,12,,,1,70,,216815,12,,,1,30,,216816,12,,,1
10801,'108-Sunday-1-26-09-0000001',555,,216818,12,,,1,70,,216819,12,,,1,27,,216820,12,,,1,70,,216821,12,,,1,30,,216822,12,,,1,69,,216823,12,,,1,32,,216824,12,,,1,70,,216825,12,,,1,30,,216826,12,,,1,70,,216827,12,,,1,30,,216828,12,,,1,70,,216829,12,,,1,30,,216830,12,,,1,70,,216831,12,,,1,30,,216832,12,,,1,70,,216833,12,,,1,30,,216834,12,,,1,70,,216835,12,,,1,30,,216836,12,,,1,70,,216837,12,,,1,30,,216838,12,,,1,70,,216839,12,,,1,28,,216840,12,,,1,70,,216841,12,,,1,30,,216842,12,,,1,70,,216843,12,,,1,30,,216844,12,,,1,70,,216845,12,,,1,30,,216846,12,,,1,70,,216847,12,,,1,30,,216848,12,,,1,70,,216849,12,,,1,30,,216850,12,,,1,70,,216851,12,,,1,30,,216852,12,,,1,70,,216853,12,,,1,33,,216854,12,,,1
62700,'627-Weekday-1-26-09-1111100',1546,,227562,47,,,1
62700,'627-Weekday-3-26-09-1111100',1546,,227563,47,,,1
