5200,'052-Weekday-1-26-06-1111100',627,,155184,59,4,,1,76,,155185,59,4,,1,35,,155186,59,4,,1,62,,155187,59,4,,1,20,,155188,59,4,,1,19,,155189,59,4,,1,20,,155190,59,4,,1,62,,155191,59,4,,1,21,,155192,59,4,,1,70,,155193,59,4,,1,30,,155194,59,4,,1,70,,155195,59,4,,1,30,,155196,59,4,,1,70,,155197,59,4,,1,30,,155198,59,4,,1,70,,155199,59,4,,1,30,,155200,59,4,,1,70,,155201,59,4,,1,33,,155202,59,4,,1,82,,155203,59,4,,1,29,,155204,59,4,,1,57,,155205,59,4,,1,15,,155206,59,4,,1,12,,155207,59,4,,1,11,,155208,59,4,,1,52,,155209,59,4,,1,13,,155210,59,4,,1,13,,155211,59,4,,1,15,,155212,59,4,,1,15,,155213,59,4,,1,55,,155214,59,4,,1,28,,155215,59,4,,1,63,,155216,59,4,,1,28,,155217,59,4,,1,70,,155218,59,4,,1,30,,155219,59,4,,1,70,,155220,59,4,,1,30,,155221,59,4,,1,69,,155222,59,4,,1,27,,155223,59,4,,1,29,,155224,59,4,,1,100,,155225,59,4,,1,100,,155226,59,4,,1
5200,'052-Saturday-1-26-06-0000010',709,,155227,59,4,,1,100,,155228,59,4,,1,42,,155229,59,4,,1,64,,155230,59,4,,1,31,,155231,59,4,,1,72,,155232,59,4,,1,30,,155233,59,4,,1,70,,155234,59,4,,1,30,,155235,59,4,,1,70,,155236,59,4,,1,30,,155237,59,4,,1,70,,155238,59,4,,1,30,,155239,59,4,,1,70,,155240,59,4,,1,30,,155241,59,4,,1,70,,155242,59,4,,1,30,,155244,59,4,,1,70,,155245,59,4,,1,30,,155246,59,4,,1,70,,155243,59,4,,1,33,,155247,59,4,,1,69,,155248,59,4,,1,30,,155249,59,4,,1,70,,155250,59,4,,1,30,,155251,59,4,,1,70,,155252,59,4,,1,95,,155253,59,4,,1,100,,155254,59,4,,1,100,,155255,59,4,,1,100,,155256,59,4,,1
5200,'052-Sunday-1-26-06-0000001',811,,155257,59,4,,1,101,,155258,59,4,,1,104,,155259,59,4,,1,100,,155260,59,4,,1,30,,155261,59,4,,1,70,,155263,59,4,,1,30,,155264,59,4,,1,70,,155265,59,4,,1,30,,155262,59,4,,1,70,,155266,59,4,,1,30,,155268,59,4,,1,70,,155269,59,4,,1,30,,155270,59,4,,1,70,,155267,59,4,,1,30,,155271,59,4,,1,69,,155272,59,4,,1,31,,155273,59,4,,1,70,,155274,59,4,,1,30,,155275,59,4,,1,70,,155276,59,4,,1,30,,155280,59,4,,1,70,,155277,59,4,,1,100,,155278,59,4,,1,100,,155279,59,4,,1,100,,155281,59,4,,1
5200,'052-Sunday-2-26-06-0000001',811,,155282,59,4,,1,101,,155283,59,4,,1,104,,155284,59,4,,1,100,,155285,59,4,,1,30,,155286,59,4,,1,70,,155288,59,4,,1,30,,155289,59,4,,1,70,,155290,59,4,,1,30,,155287,59,4,,1,70,,155291,59,4,,1,30,,155293,59,4,,1,70,,155294,59,4,,1,30,,155295,59,4,,1,70,,155292,59,4,,1,30,,155296,59,4,,1,69,,155297,59,4,,1,31,,155298,59,4,,1,70,,155299,59,4,,1,30,,155300,59,4,,1,70,,155301,59,4,,1,30,,155305,59,4,,1,70,,155302,59,4,,1,100,,155303,59,4,,1,100,,155304,59,4,,1,100,,155306,59,4,,1,100,,155307,59,4,,1,100,,155308,59,4,,1
5201,'052-Weekday-1-26-06-1111100',538,,155350,1,,,1,70,,155309,1,,,1,30,,155310,1,,,1,20,,155311,1,,,1,60,,155312,1,,,1,20,,155313,1,,,1,20,,155314,1,,,1,65,,155315,1,,,1,25,,155316,1,,,1,70,,155317,1,,,1,30,,155318,1,,,1,70,,155319,1,,,1,30,,155320,1,,,1,70,,155321,1,,,1,30,,155322,1,,,1,70,,155323,1,,,1,30,,155324,1,,,1,70,,155325,1,,,1,30,,155326,1,,,1,70,,155327,1,,,1,20,,155328,1,,,1,13,,155329,1,,,1,55,,155330,1,,,1,15,,155331,1,,,1,15,,155332,1,,,1,15,,155333,1,,,1,55,,155334,1,,,1,15,,155335,1,,,1,15,,155336,1,,,1,15,,155337,1,,,1,66,,155338,1,,,1,29,,155339,1,,,1,69,,155340,1,,,1,33,,155341,1,,,1,70,,155342,1,,,1,30,,155343,1,,,1,70,,155344,1,,,1,30,,155345,1,,,1,70,,155346,1,,,1,30,,155347,1,,,1,100,,155348,1,,,1,100,,155349,1,,,1
5201,'052-Saturday-1-26-06-0000010',624,,155351,1,,,1,100,,155352,1,,,1,100,,155353,1,,,1,30,,155354,1,,,1,67,,155355,1,,,1,30,,155356,1,,,1,70,,155357,1,,,1,30,,155358,1,,,1,70,,155359,1,,,1,30,,155360,1,,,1,70,,155361,1,,,1,30,,155362,1,,,1,70,,155363,1,,,1,30,,155364,1,,,1,70,,155365,1,,,1,30,,155366,1,,,1,70,,155367,1,,,1,30,,155368,1,,,1,70,,155369,1,,,1,30,,155370,1,,,1,70,,155371,1,,,1,30,,155372,1,,,1,70,,155373,1,,,1,30,,155374,1,,,1,70,,155375,1,,,1,100,,155376,1,,,1,100,,155377,1,,,1,100,,155378,1,,,1,100,,155379,1,,,1
5201,'052-Sunday-1-26-06-0000001',722,,155403,1,,,1,100,,155380,1,,,1,99,,155381,1,,,1,100,,155382,1,,,1,30,,155383,1,,,1,70,,155384,1,,,1,30,,155385,1,,,1,70,,155386,1,,,1,30,,155387,1,,,1,70,,155388,1,,,1,30,,155389,1,,,1,70,,155390,1,,,1,30,,155391,1,,,1,70,,155392,1,,,1,30,,155393,1,,,1,74,,155394,1,,,1,33,,155395,1,,,1,70,,155396,1,,,1,30,,155397,1,,,1,70,,155398,1,,,1,30,,155402,1,,,1,70,,155399,1,,,1,100,,155400,1,,,1,100,,155401,1,,,1,100,,155404,1,,,1
5201,'052-Sunday-2-26-06-0000001',722,,155428,1,,,1,100,,155405,1,,,1,99,,155406,1,,,1,100,,155407,1,,,1,30,,155408,1,,,1,70,,155409,1,,,1,30,,155410,1,,,1,70,,155411,1,,,1,30,,155412,1,,,1,70,,155413,1,,,1,30,,155414,1,,,1,70,,155415,1,,,1,30,,155416,1,,,1,70,,155417,1,,,1,30,,155418,1,,,1,74,,155419,1,,,1,33,,155420,1,,,1,70,,155421,1,,,1,30,,155422,1,,,1,70,,155423,1,,,1,30,,155427,1,,,1,70,,155424,1,,,1,100,,155425,1,,,1,100,,155426,1,,,1,100,,155429,1,,,1,100,,155430,1,,,1,100,,155431,1,,,1
12700,'127-Weekday-1-26-06-1111100',830,,161423,1,,,1,100,,161424,1,,,1,100,,161425,1,,,1,100,,161426,1,,,1,100,,161427,1,,,1,100,,161428,1,,,1,100,,161429,1,,,1,100,,161430,1,,,1,100,,161431,1,,,1
12700,'127-Saturday-1-26-06-0000010',830,,161432,1,,,1,100,,161433,1,,,1,100,,161434,1,,,1,100,,161435,1,,,1,100,,161436,1,,,1,100,,161437,1,,,1,100,,161438,1,,,1,100,,161439,1,,,1,100,,161440,1,,,1
12700,'127-Sunday-1-26-06-0000001',800,,161441,1,0,50 51 52,1,100,,161442,1,0,50 51 52,1,100,,161443,1,0,50 51 52,1,100,,161444,1,0,50 51 52,1,100,,161445,1,0,50 51 52,1,100,,161446,1,0,50 51 52,1,100,,161447,1,0,50 51 52,1,100,,161448,1,0,50 51 52,1,100,,161449,1,0,50 51 52,1,100,,161450,1,0,50 51 52,1
12701,'127-Weekday-1-26-06-1111100',840,,161458,44,4,,1,100,,161451,44,4,,1,100,,161452,44,4,,1,100,,161453,44,4,,1,100,,161454,44,4,,1,100,,161455,44,4,,1,100,,161456,44,4,,1,100,,161457,44,4,,1,100,,161459,44,4,,1,100,,161460,44,4,,1
12701,'127-Saturday-1-26-06-0000010',939,,161461,44,4,,1,100,,161462,44,4,,1,100,,161463,44,4,,1,100,,161464,44,4,,1,100,,161465,44,4,,1,100,,161466,44,4,,1,100,,161467,44,4,,1,100,,161468,44,4,,1,100,,161469,44,4,,1
12701,'127-Sunday-1-26-06-0000001',839,,161470,32,4,,1,100,,161471,32,4,,1,100,,161472,32,4,,1,100,,161473,32,4,,1,100,,161474,32,4,,1,100,,161475,32,4,,1,100,,161476,32,4,,1,100,,161477,32,4,,1,100,,161478,32,4,,1,100,,161479,32,4,,1
