50100,'501-Weekday-1-26-09-1111100',623,,221207,35,,,1,34,,221208,35,,,1,70,,221240,35,,,1,15,,221209,35,,,1,15,,221237,35,,,1,55,,221210,35,,,1,15,,221243,35,,,1,15,,221211,35,,,1,15,,221244,35,,,1,73,,221213,35,,,1,74,,221214,35,,,1,34,,221215,35,,,1,74,,221216,35,,,1,34,,221217,35,,,1,74,,221218,35,,,1,34,,221219,35,,,1,74,,221220,35,,,1,74,,221221,35,,,1,34,,221242,35,,,1,76,,221241,35,,,1,17,,221238,35,,,1,15,,221222,35,,,1,15,,221223,35,,,1,55,,221224,35,,,1,15,,221239,35,,,1,15,,221226,35,,,1,15,,221225,35,,,1,55,,221228,35,,,1,15,,221245,35,,,1,15,,221246,35,,,1,15,,221247,35,,,1,70,,221229,35,,,1,26,,221230,35,,,1,71,,221231,35,,,1,31,,221232,35,,,1,71,,221233,35,,,1,31,,221234,35,,,1,71,,221235,35,,,1,71,,221236,35,,,1,57,,221227,35,,,1,100,,221212,35,,,1
50100,'501-Weekday-2-26-09-1111100',623,,221248,35,,,1,34,,221249,35,,,1,70,,221281,35,,,1,15,,221250,35,,,1,15,,221278,35,,,1,55,,221251,35,,,1,15,,221284,35,,,1,15,,221252,35,,,1,15,,221285,35,,,1,73,,221254,35,,,1,74,,221255,35,,,1,34,,221256,35,,,1,74,,221257,35,,,1,34,,221258,35,,,1,74,,221259,35,,,1,34,,221260,35,,,1,74,,221261,35,,,1,74,,221262,35,,,1,34,,221283,35,,,1,76,,221282,35,,,1,17,,221279,35,,,1,15,,221263,35,,,1,15,,221264,35,,,1,55,,221265,35,,,1,15,,221280,35,,,1,15,,221267,35,,,1,15,,221266,35,,,1,55,,221269,35,,,1,15,,221286,35,,,1,15,,221287,35,,,1,15,,221288,35,,,1,70,,221270,35,,,1,26,,221271,35,,,1,71,,221272,35,,,1,31,,221273,35,,,1,71,,221274,35,,,1,31,,221275,35,,,1,71,,221276,35,,,1,71,,221277,35,,,1,57,,221268,35,,,1,100,,221253,35,,,1
50100,'501-Weekday-4-26-09-1111100',623,,221289,35,,,1,34,,221290,35,,,1,70,,221322,35,,,1,15,,221291,35,,,1,15,,221319,35,,,1,55,,221292,35,,,1,15,,221325,35,,,1,15,,221293,35,,,1,15,,221326,35,,,1,73,,221295,35,,,1,74,,221296,35,,,1,34,,221297,35,,,1,74,,221298,35,,,1,34,,221299,35,,,1,74,,221300,35,,,1,34,,221301,35,,,1,74,,221302,35,,,1,74,,221303,35,,,1,34,,221324,35,,,1,76,,221323,35,,,1,17,,221320,35,,,1,15,,221304,35,,,1,15,,221305,35,,,1,55,,221306,35,,,1,15,,221321,35,,,1,15,,221308,35,,,1,15,,221307,35,,,1,55,,221310,35,,,1,15,,221327,35,,,1,15,,221328,35,,,1,15,,221329,35,,,1,70,,221311,35,,,1,26,,221312,35,,,1,71,,221313,35,,,1,31,,221314,35,,,1,71,,221315,35,,,1,31,,221316,35,,,1,71,,221317,35,,,1,71,,221318,35,,,1,57,,221309,35,,,1,100,,221294,35,,,1
50100,'501-Saturday-1-26-09-0000010',623,,221352,35,,,1,100,,221353,35,,,1,100,,221330,35,,,1,30,,221331,35,,,1,71,,221332,35,,,1,32,,221333,35,,,1,72,,221334,35,,,1,72,,221335,35,,,1,32,,221336,35,,,1,72,,221337,35,,,1,32,,221338,35,,,1,72,,221339,35,,,1,32,,221340,35,,,1,72,,221341,35,,,1,32,,221342,35,,,1,72,,221343,35,,,1,32,,221344,35,,,1,72,,221345,35,,,1,32,,221346,35,,,1,72,,221347,35,,,1,32,,221348,35,,,1,72,,221349,35,,,1,72,,221350,35,,,1,32,,221351,35,,,1
50100,'501-Sunday-1-26-09-0000001',630,,221354,35,,,1,100,,221355,35,,,1,100,,221356,35,,,1,102,,221357,35,,,1,100,,221358,35,,,1,70,,221359,35,,,1,30,,221360,35,,,1,70,,221361,35,,,1,30,,221362,35,,,1,70,,221363,35,,,1,30,,221364,35,,,1,70,,221365,35,,,1,30,,221366,35,,,1,70,,221367,35,,,1,30,,221368,35,,,1,70,,221369,35,,,1,30,,221370,35,,,1,70,,221371,35,,,1,30,,221372,35,,,1,70,,221373,35,,,1,30,,221374,35,,,1,70,,221375,35,,,1,30,,221376,35,,,1
63000,'630-Weekday-1-26-09-1111100',808,,227570,47,,,1
63000,'630-Weekday-3-26-09-1111100',808,,227571,47,,,1
63100,'631-Weekday-1-26-09-1111100',808,,227574,41,,,1
63100,'631-Weekday-3-26-09-1111100',808,,227575,41,,,1
63300,'633-Weekday-1-26-09-0001000',1214,,227579,2,,,1,2,,227580,2,,,1,2,,227581,2,,,1
63300,'633-Weekday-1-26-09-1110100',1514,,227585,2,,,1,2,,227582,2,,,1,2,,227583,2,,,1,3,,227584,2,,,1
