50701,'507-Weekday-1-26-09-1111100',530,,222511,15,,,1,70,,222512,15,,,1,31,,222513,15,,,1,21,,222547,15,,,1,55,,222514,15,,,1,22,,222543,15,,,1,15,,222516,15,,,1,15,,222544,15,,,1,55,,222518,15,,,1,15,,222545,15,,,1,15,,222519,15,,,1,66,,222515,15,,,1,24,,222517,15,,,1,24,,222521,15,,,1,70,,222522,15,,,1,30,,222523,15,,,1,70,,222524,15,,,1,30,,222525,15,,,1,70,,222526,15,,,1,30,,222506,15,,,1,70,,222507,15,,,1,30,,222508,15,,,1,70,,222509,15,,,1,30,,222510,15,,,1,73,,222520,15,,,1,75,,222527,15,,,1,30,,222528,15,,,1,70,,222529,15,,,1,30,,222530,15,,,1,70,,222531,15,,,1,28,,222532,15,,,1,68,,222533,15,,,1,25,,222534,15,,,1,31,,222535,15,,,1,70,,222536,15,,,1,30,,222537,15,,,1,70,,222538,15,,,1,30,,222539,15,,,1,67,,222540,15,,,1,27,,222546,15,,,1,90,,222541,15,,,1,100,,222542,15,,,1
50701,'507-Weekday-2-26-09-1111100',530,,222553,15,,,1,70,,222554,15,,,1,31,,222555,15,,,1,21,,222589,15,,,1,55,,222556,15,,,1,22,,222585,15,,,1,15,,222558,15,,,1,15,,222586,15,,,1,55,,222560,15,,,1,15,,222587,15,,,1,15,,222561,15,,,1,66,,222557,15,,,1,24,,222559,15,,,1,24,,222563,15,,,1,70,,222564,15,,,1,30,,222565,15,,,1,70,,222566,15,,,1,30,,222567,15,,,1,70,,222568,15,,,1,30,,222548,15,,,1,70,,222549,15,,,1,30,,222550,15,,,1,70,,222551,15,,,1,30,,222552,15,,,1,73,,222562,15,,,1,75,,222569,15,,,1,30,,222570,15,,,1,70,,222571,15,,,1,30,,222572,15,,,1,70,,222573,15,,,1,28,,222574,15,,,1,68,,222575,15,,,1,25,,222576,15,,,1,31,,222577,15,,,1,70,,222578,15,,,1,30,,222579,15,,,1,70,,222580,15,,,1,30,,222581,15,,,1,67,,222582,15,,,1,27,,222588,15,,,1,90,,222583,15,,,1,100,,222584,15,,,1
50701,'507-Weekday-4-26-09-1111100',530,,222595,15,,,1,70,,222596,15,,,1,31,,222597,15,,,1,21,,222631,15,,,1,55,,222598,15,,,1,22,,222627,15,,,1,15,,222600,15,,,1,15,,222628,15,,,1,55,,222602,15,,,1,15,,222629,15,,,1,15,,222603,15,,,1,66,,222599,15,,,1,24,,222601,15,,,1,24,,222605,15,,,1,70,,222606,15,,,1,30,,222607,15,,,1,70,,222608,15,,,1,30,,222609,15,,,1,70,,222610,15,,,1,30,,222590,15,,,1,70,,222591,15,,,1,30,,222592,15,,,1,70,,222593,15,,,1,30,,222594,15,,,1,73,,222604,15,,,1,75,,222611,15,,,1,30,,222612,15,,,1,70,,222613,15,,,1,30,,222614,15,,,1,70,,222615,15,,,1,28,,222616,15,,,1,68,,222617,15,,,1,25,,222618,15,,,1,31,,222619,15,,,1,70,,222620,15,,,1,30,,222621,15,,,1,70,,222622,15,,,1,30,,222623,15,,,1,67,,222624,15,,,1,27,,222630,15,,,1,90,,222625,15,,,1,100,,222626,15,,,1
50701,'507-Saturday-1-26-09-0000010',537,,222633,15,,,1,100,,222635,15,,,1,100,,222636,15,,,1,70,,222634,15,,,1,30,,222637,15,,,1,71,,222638,15,,,1,33,,222639,15,,,1,72,,222640,15,,,1,30,,222641,15,,,1,70,,222642,15,,,1,30,,222643,15,,,1,70,,222644,15,,,1,30,,222645,15,,,1,70,,222646,15,,,1,30,,222647,15,,,1,70,,222648,15,,,1,30,,222649,15,,,1,70,,222650,15,,,1,30,,222651,15,,,1,70,,222652,15,,,1,30,,222653,15,,,1,68,,222654,15,,,1,28,,222655,15,,,1,69,,222656,15,,,1,30,,222657,15,,,1,70,,222658,15,,,1,100,,222659,15,,,1,100,,222660,15,,,1,100,,222661,15,,,1,100,,222662,15,,,1
50701,'507-Sunday-1-26-09-0000001',605,,222688,15,,,1,100,,222663,15,,,1,100,,222664,15,,,1,100,,222665,15,,,1,106,,222666,15,,,1,30,,222689,15,,,1,70,,222667,15,,,1,30,,222668,15,,,1,70,,222669,15,,,1,30,,222670,15,,,1,70,,222671,15,,,1,30,,222672,15,,,1,70,,222673,15,,,1,30,,222674,15,,,1,70,,222675,15,,,1,30,,222676,15,,,1,70,,222677,15,,,1,30,,222678,15,,,1,69,,222679,15,,,1,28,,222680,15,,,1,69,,222681,15,,,1,30,,222682,15,,,1,70,,222683,15,,,1,51,,222684,15,,,1,100,,222685,15,,,1,100,,222686,15,,,1,100,,222687,15,,,1
63000,'630-Weekday-1-26-09-1111100',741,,227570,26,,,1
63000,'630-Weekday-3-26-09-1111100',741,,227571,26,,,1
63500,'635-Weekday-1-26-09-0000100',938,,227599,26,,,1
63500,'635-Weekday-1-26-09-1111000',812,,227600,26,,,1
63500,'635-Weekday-3-26-09-1111000',812,,227601,26,,,1
