50400,'504-Weekday-1-26-09-1111100',545,,221700,23,,,1,70,,221701,23,,,1,32,,221702,23,,,1,72,,221703,23,,,1,30,,221704,23,,,1,70,,221705,23,,,1,30,,221706,23,,,1,98,,221707,23,,,1,100,,221708,23,,,1,100,,221709,23,,,1,100,,221710,23,,,1,100,,221711,23,,,1,100,,221712,23,,,1,87,,221713,23,,,1,71,,221714,23,,,1,30,,221715,23,,,1,70,,221716,23,,,1,30,,221717,23,,,1,100,,221718,23,,,1,97,,221719,23,,,1,100,,221720,23,,,1,100,,221721,23,,,1
50400,'504-Weekday-2-26-09-1111100',545,,221722,23,,,1,70,,221723,23,,,1,32,,221724,23,,,1,72,,221725,23,,,1,30,,221726,23,,,1,70,,221727,23,,,1,30,,221728,23,,,1,98,,221729,23,,,1,100,,221730,23,,,1,100,,221731,23,,,1,100,,221732,23,,,1,100,,221733,23,,,1,100,,221734,23,,,1,87,,221735,23,,,1,71,,221736,23,,,1,30,,221737,23,,,1,70,,221738,23,,,1,30,,221739,23,,,1,100,,221740,23,,,1,97,,221741,23,,,1,100,,221742,23,,,1,100,,221743,23,,,1
50400,'504-Weekday-4-26-09-1111100',545,,221744,23,,,1,70,,221745,23,,,1,32,,221746,23,,,1,72,,221747,23,,,1,30,,221748,23,,,1,70,,221749,23,,,1,30,,221750,23,,,1,98,,221751,23,,,1,100,,221752,23,,,1,100,,221753,23,,,1,100,,221754,23,,,1,100,,221755,23,,,1,100,,221756,23,,,1,87,,221757,23,,,1,71,,221758,23,,,1,30,,221759,23,,,1,70,,221760,23,,,1,30,,221761,23,,,1,100,,221762,23,,,1,97,,221763,23,,,1,100,,221764,23,,,1,100,,221765,23,,,1
50400,'504-Saturday-1-26-09-0000010',758,,221766,23,,,1,100,,221767,23,,,1,100,,221768,23,,,1,100,,221769,23,,,1,100,,221770,23,,,1,100,,221771,23,,,1,100,,221772,23,,,1,100,,221773,23,,,1,100,,221774,23,,,1,100,,221775,23,,,1,100,,221776,23,,,1,100,,221777,23,,,1,100,,221778,23,,,1
50400,'504-Sunday-1-26-09-0000001',755,,221779,23,,,1,99,,221780,23,,,1,99,,221781,23,,,1,100,,221782,23,,,1,100,,221783,23,,,1,100,,221784,23,,,1,100,,221785,23,,,1,100,,221786,23,,,1,100,,221787,23,,,1,101,,221788,23,,,1,101,,221789,23,,,1,100,,221790,23,,,1
50401,'504-Weekday-1-26-09-1111100',535,,221791,8,,,1,70,,221792,8,,,1,32,,221793,8,,,1,70,,221794,8,,,1,30,,221795,8,,,1,70,,221796,8,,,1,30,,221797,8,,,1,68,,221798,8,,,1,100,,221799,8,,,1,100,,221800,8,,,1,100,,221801,8,,,1,100,,221802,8,,,1,100,,221803,8,,,1,45,,221804,8,,,1,72,,221805,8,,,1,32,,221806,8,,,1,70,,221807,8,,,1,30,,221808,8,,,1,100,,221809,8,,,1,98,,221810,8,,,1,100,,221811,8,,,1,100,,221812,8,,,1,100,,221813,8,,,1
50401,'504-Weekday-2-26-09-1111100',535,,221814,8,,,1,70,,221815,8,,,1,32,,221816,8,,,1,70,,221817,8,,,1,30,,221818,8,,,1,70,,221819,8,,,1,30,,221820,8,,,1,68,,221821,8,,,1,100,,221822,8,,,1,100,,221823,8,,,1,100,,221824,8,,,1,100,,221825,8,,,1,100,,221826,8,,,1,45,,221827,8,,,1,72,,221828,8,,,1,32,,221829,8,,,1,70,,221830,8,,,1,30,,221831,8,,,1,100,,221832,8,,,1,98,,221833,8,,,1,100,,221834,8,,,1,100,,221835,8,,,1,100,,221836,8,,,1
50401,'504-Weekday-4-26-09-1111100',535,,221837,8,,,1,70,,221838,8,,,1,32,,221839,8,,,1,70,,221840,8,,,1,30,,221841,8,,,1,70,,221842,8,,,1,30,,221843,8,,,1,68,,221844,8,,,1,100,,221845,8,,,1,100,,221846,8,,,1,100,,221847,8,,,1,100,,221848,8,,,1,100,,221849,8,,,1,45,,221850,8,,,1,72,,221851,8,,,1,32,,221852,8,,,1,70,,221853,8,,,1,30,,221854,8,,,1,100,,221855,8,,,1,98,,221856,8,,,1,100,,221857,8,,,1,100,,221858,8,,,1,100,,221859,8,,,1
50401,'504-Saturday-1-26-09-0000010',718,,221860,8,,,1,100,,221861,8,,,1,100,,221862,8,,,1,100,,221863,8,,,1,100,,221864,8,,,1,100,,221865,8,,,1,100,,221866,8,,,1,100,,221867,8,,,1,100,,221868,8,,,1,100,,221869,8,,,1,100,,221870,8,,,1,100,,221871,8,,,1,100,,221872,8,,,1
50401,'504-Sunday-1-26-09-0000001',814,,221873,8,,,1,100,,221874,8,,,1,100,,221875,8,,,1,100,,221876,8,,,1,100,,221877,8,,,1,100,,221878,8,,,1,100,,221879,8,,,1,100,,221880,8,,,1,100,,221881,8,,,1,100,,221882,8,,,1,100,,221883,8,,,1,100,,221884,8,,,1
