66300,'663-Weekday-1-26-09-1111100',741,,227742,3,,,1,3,,227743,3,,,1,5,,227744,3,,,1
66301,'663-Weekday-1-26-09-0001000',1230,,227745,5,,,1,2,,227746,5,,,1,2,,227747,5,,,1
66301,'663-Weekday-1-26-09-1110100',1524,,227748,5,,,1,2,,227749,5,,,1,2,,227750,5,,,1
66800,'668-Weekday-1-26-09-1111100',821,,227786,3,,,1,2,,227787,3,,,1,2,,227788,3,,,1
66800,'668-Weekday-3-26-09-1111100',821,,227789,3,,,1,2,,227790,3,,,1,2,,227791,3,,,1
66801,'668-Weekday-1-26-09-0001000',1448,,227792,10,,,1,2,,227793,10,,,1
66801,'668-Weekday-1-26-09-1110100',1524,,227794,10,,,1,3,,227795,10,,,1,3,,227796,10,,,1
66801,'668-Weekday-3-26-09-1110100',1524,,227797,10,,,1,3,,227798,10,,,1,3,,227799,10,,,1
71900,'719-Weekday-1-26-09-1111100',445,,233411,3,,,1,70,,233413,3,,,1,30,,233366,3,,,1,8,,233414,3,,,1,47,,233422,3,,,1,8,,233437,3,,,1,7,,233434,3,,,1,8,,233412,3,,,1,7,,233367,3,,,1,8,,233438,3,,,1,12,,233420,3,,,1,8,,233426,3,,,1,47,,233368,3,,,1,8,,233427,3,,,1,7,,233435,3,,,1,8,,233432,3,,,1,7,,233369,3,,,1,8,,233428,3,,,1,7,,233371,3,,,1,8,,233429,3,,,1,47,,233370,3,,,1,8,,233430,3,,,1,7,,233436,3,,,1,8,,233439,3,,,1,9,,233421,3,,,1,20,,233372,3,,,1,58,,233373,3,,,1,20,,233374,3,,,1,20,,233375,3,,,1,60,,233376,3,,,1,20,,233377,3,,,1,20,,233378,3,,,1,60,,233379,3,,,1,20,,233380,3,,,1,20,,233381,3,,,1,60,,233382,3,,,1,20,,233383,3,,,1,20,,233384,3,,,1,60,,233385,3,,,1,20,,233386,3,,,1,20,,233387,3,,,1,60,,233388,3,,,1,20,,233389,3,,,1,20,,233390,3,,,1,65,,233391,3,,,1,11,,233431,3,0,24,1,10,,233392,3,,,1,10,,233424,3,0,24,1,50,,233393,3,,,1,10,,233425,3,0,24,1,10,,233433,3,,,1,10,,233440,3,0,24,1,10,,233423,3,,,1,10,,233419,3,0,24,1,50,,233394,3,,,1,10,,233416,3,0,24,1,10,,233396,3,,,1,10,,233417,3,0,24,1,10,,233395,3,,,1,10,,233418,3,0,24,1,50,,233397,3,,,1,10,,233441,3,0,24,1,12,,233398,3,,,1,17,,233399,3,,,1,18,,233400,3,,,1,60,,233401,3,,,1,20,,233402,3,,,1,20,,233403,3,,,1,60,,233404,3,,,1,20,,233405,3,,,1,20,,233406,3,,,1,60,,233407,3,,,1,20,,233415,3,,,1,69,,233408,3,,,1,99,,233409,3,,,1,100,,233410,3,,,1
71900,'719-Weekday-2-26-09-1111100',445,,233487,3,,,1,70,,233489,3,,,1,30,,233442,3,,,1,8,,233490,3,,,1,47,,233498,3,,,1,8,,233513,3,,,1,7,,233510,3,,,1,8,,233488,3,,,1,7,,233443,3,,,1,8,,233514,3,,,1,12,,233496,3,,,1,8,,233502,3,,,1,47,,233444,3,,,1,8,,233503,3,,,1,7,,233511,3,,,1,8,,233508,3,,,1,7,,233445,3,,,1,8,,233504,3,,,1,7,,233447,3,,,1,8,,233505,3,,,1,47,,233446,3,,,1,8,,233506,3,,,1,7,,233512,3,,,1,8,,233515,3,,,1,9,,233497,3,,,1,20,,233448,3,,,1,58,,233449,3,,,1,20,,233450,3,,,1,20,,233451,3,,,1,60,,233452,3,,,1,20,,233453,3,,,1,20,,233454,3,,,1,60,,233455,3,,,1,20,,233456,3,,,1,20,,233457,3,,,1,60,,233458,3,,,1,20,,233459,3,,,1,20,,233460,3,,,1,60,,233461,3,,,1,20,,233462,3,,,1,20,,233463,3,,,1,60,,233464,3,,,1,20,,233465,3,,,1,20,,233466,3,,,1,65,,233467,3,,,1,11,,233507,3,0,24,1,10,,233468,3,,,1,10,,233500,3,0,24,1,50,,233469,3,,,1,10,,233501,3,0,24,1,10,,233509,3,,,1,10,,233516,3,0,24,1,10,,233499,3,,,1,10,,233495,3,0,24,1,50,,233470,3,,,1,10,,233492,3,0,24,1,10,,233472,3,,,1,10,,233493,3,0,24,1,10,,233471,3,,,1,10,,233494,3,0,24,1,50,,233473,3,,,1,10,,233517,3,0,24,1,12,,233474,3,,,1,17,,233475,3,,,1,18,,233476,3,,,1,60,,233477,3,,,1,20,,233478,3,,,1,20,,233479,3,,,1,60,,233480,3,,,1,20,,233481,3,,,1,20,,233482,3,,,1,60,,233483,3,,,1,20,,233491,3,,,1,69,,233484,3,,,1,99,,233485,3,,,1,100,,233486,3,,,1
71900,'719-Weekday-4-26-09-1111100',445,,233563,3,,,1,70,,233565,3,,,1,30,,233518,3,,,1,8,,233566,3,,,1,47,,233574,3,,,1,8,,233589,3,,,1,7,,233586,3,,,1,8,,233564,3,,,1,7,,233519,3,,,1,8,,233590,3,,,1,12,,233572,3,,,1,8,,233578,3,,,1,47,,233520,3,,,1,8,,233579,3,,,1,7,,233587,3,,,1,8,,233584,3,,,1,7,,233521,3,,,1,8,,233580,3,,,1,7,,233523,3,,,1,8,,233581,3,,,1,47,,233522,3,,,1,8,,233582,3,,,1,7,,233588,3,,,1,8,,233591,3,,,1,9,,233573,3,,,1,20,,233524,3,,,1,58,,233525,3,,,1,20,,233526,3,,,1,20,,233527,3,,,1,60,,233528,3,,,1,20,,233529,3,,,1,20,,233530,3,,,1,60,,233531,3,,,1,20,,233532,3,,,1,20,,233533,3,,,1,60,,233534,3,,,1,20,,233535,3,,,1,20,,233536,3,,,1,60,,233537,3,,,1,20,,233538,3,,,1,20,,233539,3,,,1,60,,233540,3,,,1,20,,233541,3,,,1,20,,233542,3,,,1,65,,233543,3,,,1,11,,233583,3,0,24,1,10,,233544,3,,,1,10,,233576,3,0,24,1,50,,233545,3,,,1,10,,233577,3,0,24,1,10,,233585,3,,,1,10,,233592,3,0,24,1,10,,233575,3,,,1,10,,233571,3,0,24,1,50,,233546,3,,,1,10,,233568,3,0,24,1,10,,233548,3,,,1,10,,233569,3,0,24,1,10,,233547,3,,,1,10,,233570,3,0,24,1,50,,233549,3,,,1,10,,233593,3,0,24,1,12,,233550,3,,,1,17,,233551,3,,,1,18,,233552,3,,,1,60,,233553,3,,,1,20,,233554,3,,,1,20,,233555,3,,,1,60,,233556,3,,,1,20,,233557,3,,,1,20,,233558,3,,,1,60,,233559,3,,,1,20,,233567,3,,,1,69,,233560,3,,,1,99,,233561,3,,,1,100,,233562,3,,,1
71900,'719-Saturday-1-26-09-0000010',553,,233594,3,,,1,70,,233595,3,,,1,30,,233596,3,,,1,70,,233597,3,,,1,30,,233598,3,,,1,70,,233599,3,,,1,30,,233600,3,,,1,72,,233601,3,,,1,30,,233602,3,,,1,70,,233603,3,,,1,30,,233604,3,,,1,70,,233605,3,,,1,30,,233606,3,,,1,70,,233607,3,,,1,30,,233608,3,,,1,70,,233609,3,,,1,30,,233610,3,,,1,70,,233611,3,,,1,30,,233612,3,,,1,70,,233613,3,,,1,30,,233614,3,,,1,70,,233615,3,,,1,30,,233616,3,,,1,70,,233617,3,,,1,30,,233618,3,,,1,70,,233619,3,,,1,30,,233620,3,,,1,70,,233621,3,,,1,30,,233622,3,,,1,70,,233623,3,,,1,30,,233624,3,,,1,70,,233625,3,,,1,30,,233626,3,,,1,70,,233627,3,,,1,30,,233628,3,,,1,70,,233629,3,,,1,30,,233630,3,,,1
71900,'719-Sunday-1-26-09-0000001',553,,233631,3,,,1,100,,233632,3,,,1,100,,233633,3,,,1,100,,233634,3,,,1,101,,233635,3,,,1,100,,233636,3,,,1,70,,233637,3,,,1,30,,233638,3,,,1,70,,233639,3,,,1,30,,233640,3,,,1,70,,233641,3,,,1,30,,233642,3,,,1,70,,233643,3,,,1,30,,233644,3,,,1,70,,233645,3,,,1,30,,233646,3,,,1,70,,233647,3,,,1,30,,233648,3,,,1,70,,233649,3,,,1,30,,233650,3,,,1,70,,233651,3,,,1,30,,233652,3,,,1,70,,233653,3,,,1,85,,233654,3,,,1,100,,233655,3,,,1,100,,233656,3,,,1,100,,233657,3,,,1,100,,233658,3,,,1
