10900,'109-Weekday-1-26-04-1111100',514,,114512,22,,,1,30,,114513,22,,,1,70,,114514,22,,,1,31,,114555,22,,,1,55,,114515,22,,,1,15,,114551,22,,,1,15,,114516,22,,,1,15,,114517,22,,,1,55,,114518,22,,,1,15,,114552,22,,,1,15,,114519,22,,,1,15,,114520,22,,,1,70,,114521,22,,,1,30,,114522,22,,,1,70,,114523,22,,,1,30,,114524,22,,,1,70,,114525,22,,,1,30,,114526,22,,,1,70,,114527,22,,,1,30,,114528,22,,,1,70,,114529,22,,,1,30,,114530,22,,,1,70,,114531,22,,,1,30,,114532,22,,,1,73,,114533,22,,,1,15,,114534,22,,,1,15,,114553,22,,,1,55,,114535,22,,,1,15,,114536,22,,,1,15,,114537,22,,,1,15,,114554,22,,,1,55,,114538,22,,,1,15,,114539,22,,,1,30,,114540,22,,,1,70,,114541,22,,,1,26,,114542,22,,,1,70,,114543,22,,,1,30,,114544,22,,,1,70,,114545,22,,,1,30,,114546,22,,,1,70,,114547,22,,,1,30,,114548,22,,,1,70,,114556,22,,,1,100,,114549,22,,,1,100,,114550,22,,,1
10900,'109-Saturday-1-26-04-0000010',805,,114557,22,,,1,30,,114558,22,,,1,71,,114559,22,,,1,31,,114560,22,,,1,70,,114561,22,,,1,30,,114562,22,,,1,70,,114563,22,,,1,30,,114564,22,,,1,70,,114565,22,,,1,30,,114566,22,,,1,70,,114567,22,,,1,30,,114568,22,,,1,70,,114569,22,,,1,30,,114570,22,,,1,70,,114571,22,,,1,30,,114572,22,,,1,70,,114573,22,,,1,30,,114574,22,,,1,69,,114575,22,,,1,30,,114576,22,,,1,70,,114577,22,,,1,30,,114578,22,,,1,70,,114579,22,,,1,30,,114580,22,,,1,70,,114581,22,,,1,30,,114582,22,,,1,70,,114583,22,,,1,30,,114584,22,,,1,70,,114585,22,,,1
10900,'109-Sunday-1-26-04-0000001',1017,,114586,22,,,1,30,,114587,22,,,1,70,,114588,22,,,1,30,,114589,22,,,1,70,,114590,22,,,1,30,,114591,22,,,1,70,,114592,22,,,1,30,,114593,22,,,1,70,,114594,22,,,1,30,,114595,22,,,1,70,,114596,22,,,1,30,,114597,22,,,1,70,,114598,22,,,1,30,,114599,22,,,1,70,,114600,22,,,1,30,,114601,22,,,1,70,,114602,22,,,1,30,,114603,22,,,1
10901,'109-Weekday-1-26-04-1111100',546,,114604,46,0,18 14,1,70,,114605,46,0,18 14,1,34,,114606,46,0,18 14,1,64,,114607,46,0,18 14,1,15,,114608,46,0,18 14,1,15,,114643,46,0,18 14,1,15,,114609,46,0,18 14,1,55,,114610,46,0,18 14,1,15,,114611,46,0,18 14,1,15,,114644,46,0,18 14,1,15,,114612,46,0,18 14,1,61,,114613,46,0,18 14,1,29,,114614,46,0,18 14,1,70,,114615,46,0,18 14,1,30,,114616,46,0,18 14,1,70,,114617,46,0,18 14,1,30,,114618,46,0,18 14,1,70,,114619,46,0,18 14,1,30,,114620,46,0,18 14,1,70,,114621,46,0,18 14,1,30,,114622,46,0,18 14,1,70,,114623,46,0,18 14,1,30,,114624,46,0,18 14,1,72,,114625,46,0,18 14,1,25,,114626,46,0,18 14,1,55,,114627,46,0,18 14,1,15,,114645,46,0,18 14,1,15,,114628,46,0,18 14,1,15,,114629,46,0,18 14,1,55,,114630,46,0,18 14,1,15,,114631,46,0,18 14,1,15,,114646,46,0,18 14,1,22,,114632,46,0,18 14,1,70,,114633,46,0,18 14,1,27,,114634,46,0,18 14,1,68,,114635,46,0,18 14,1,30,,114636,46,0,18 14,1,70,,114637,46,0,18 14,1,30,,114638,46,0,18 14,1,70,,114639,46,0,18 14,1,30,,114640,46,0,18 14,1,68,,114647,46,0,18 14,1,99,,114641,46,0,18 14,1,100,,114642,46,0,18 14,1
10901,'109-Saturday-1-26-04-0000010',839,,114648,46,0,18 14,1,70,,114649,46,0,18 14,1,30,,114650,46,0,18 14,1,70,,114651,46,0,18 14,1,30,,114652,46,0,18 14,1,70,,114653,46,0,18 14,1,30,,114654,46,0,18 14,1,70,,114655,46,0,18 14,1,30,,114656,46,0,18 14,1,70,,114657,46,0,18 14,1,30,,114658,46,0,18 14,1,70,,114659,46,0,18 14,1,30,,114660,46,0,18 14,1,70,,114661,46,0,18 14,1,30,,114662,46,0,18 14,1,70,,114663,46,0,18 14,1,30,,114664,46,0,18 14,1,70,,114665,46,0,18 14,1,30,,114666,46,0,18 14,1,70,,114667,46,0,18 14,1,30,,114668,46,0,18 14,1,70,,114669,46,0,18 14,1,30,,114670,46,0,18 14,1,70,,114671,46,0,18 14,1,30,,114672,46,0,18 14,1,70,,114673,46,0,18 14,1,30,,114674,46,0,18 14,1,70,,114675,46,0,18 14,1
10901,'109-Sunday-1-26-04-0000001',1049,,114676,46,0,18 14,1,70,,114677,46,0,18 14,1,30,,114678,46,0,18 14,1,70,,114679,46,0,18 14,1,30,,114680,46,0,18 14,1,70,,114681,46,0,18 14,1,30,,114682,46,0,18 14,1,70,,114683,46,0,18 14,1,30,,114684,46,0,18 14,1,70,,114685,46,0,18 14,1,30,,114686,46,0,18 14,1,70,,114687,46,0,18 14,1,30,,114688,46,0,18 14,1,70,,114689,46,0,18 14,1,30,,114690,46,0,18 14,1,70,,114691,46,0,18 14,1,30,,114692,46,0,18 14,1,70,,114693,46,0,18 14,1
68300,'683-Weekday-1-26-04-0001000',1307,,120628,13,,,1,4,,120629,13,,,1
68300,'683-Weekday-1-26-04-1110100',1605,,120630,13,,,1,4,,120631,13,,,1
68300,'683-Weekday-1-26-04-1111100',1537,,120632,13,,,1,6,,120633,13,,,1
68301,'683-Weekday-1-26-04-1111100',757,,120634,35,,,1,45,,120635,35,,,1,5,,120636,35,,,1
