70201,'702-Weekday-1-26-02-1111100',540,,10540,,,1,70,,10541,,,1,30,,10542,,,1,70,,10543,,,1,30,,10544,,,1,70,,10545,,,1,20,,10563,,,1,20,,10566,,,1,60,,10567,,,1,20,,10568,,,1,20,,10569,,,1,60,,10570,,,1,20,,10571,,,1,20,,10572,,,1,60,,10573,,,1,20,,10574,,,1,20,,10575,,,1,60,,10564,,,1,20,,10559,,,1,20,,10560,,,1,60,,10561,,,1,20,,10565,,,1,20,,10557,,,1,60,,10558,,,1,23,,10562,,,1,20,,10546,,,1,60,,10547,,,1,20,,10548,,,1,20,,10549,,,1,60,,10550,,,1,20,,10551,,,1,20,,10552,,,1,60,,10553,,,1,20,,10554,,,1,70,,10555,,,1,30,,10556,,,1,67,,10576,,,1,30,,10577,,,1,70,,10578,,,1,30,,10579,,,1,70,,10580,,,1,30,,10581,,,1,70,,10582,,,1
70201,'702-Weekday-2-26-02-1111100',540,,63890,,,1,70,,63891,,,1,30,,63892,,,1,70,,63893,,,1,30,,63894,,,1,70,,63895,,,1,20,,63913,,,1,20,,63916,,,1,60,,63917,,,1,20,,63918,,,1,20,,63919,,,1,60,,63920,,,1,20,,63921,,,1,20,,63922,,,1,60,,63923,,,1,20,,63924,,,1,20,,63925,,,1,60,,63914,,,1,20,,63909,,,1,20,,63910,,,1,60,,63911,,,1,20,,63915,,,1,20,,63907,,,1,60,,63908,,,1,23,,63912,,,1,20,,63896,,,1,60,,63897,,,1,20,,63898,,,1,20,,63899,,,1,60,,63900,,,1,20,,63901,,,1,20,,63902,,,1,60,,63903,,,1,20,,63904,,,1,70,,63905,,,1,30,,63906,,,1,67,,63926,,,1,30,,63927,,,1,70,,63928,,,1,30,,63929,,,1,70,,63930,,,1,30,,63931,,,1,70,,63932,,,1
70201,'702-Weekday-4-26-02-1111100',540,,63933,,,1,70,,63934,,,1,30,,63935,,,1,70,,63936,,,1,30,,63937,,,1,70,,63938,,,1,20,,63956,,,1,20,,63959,,,1,60,,63960,,,1,20,,63961,,,1,20,,63962,,,1,60,,63963,,,1,20,,63964,,,1,20,,63965,,,1,60,,63966,,,1,20,,63967,,,1,20,,63968,,,1,60,,63957,,,1,20,,63952,,,1,20,,63953,,,1,60,,63954,,,1,20,,63958,,,1,20,,63950,,,1,60,,63951,,,1,23,,63955,,,1,20,,63939,,,1,60,,63940,,,1,20,,63941,,,1,20,,63942,,,1,60,,63943,,,1,20,,63944,,,1,20,,63945,,,1,60,,63946,,,1,20,,63947,,,1,70,,63948,,,1,30,,63949,,,1,67,,63969,,,1,30,,63970,,,1,70,,63971,,,1,30,,63972,,,1,70,,63973,,,1,30,,63974,,,1,70,,63975,,,1
70201,'702-Weekday-5-26-02-1111100',540,,63976,,,1,70,,63977,,,1,30,,63978,,,1,70,,63979,,,1,30,,63980,,,1,70,,63981,,,1,20,,63999,,,1,20,,64002,,,1,60,,64003,,,1,20,,64004,,,1,20,,64005,,,1,60,,64006,,,1,20,,64007,,,1,20,,64008,,,1,60,,64009,,,1,20,,64010,,,1,20,,64011,,,1,60,,64000,,,1,20,,63995,,,1,20,,63996,,,1,60,,63997,,,1,20,,64001,,,1,20,,63993,,,1,60,,63994,,,1,23,,63998,,,1,20,,63982,,,1,60,,63983,,,1,20,,63984,,,1,20,,63985,,,1,60,,63986,,,1,20,,63987,,,1,20,,63988,,,1,60,,63989,,,1,20,,63990,,,1,70,,63991,,,1,30,,63992,,,1,67,,64012,,,1,30,,64013,,,1,70,,64014,,,1,30,,64015,,,1,70,,64016,,,1,30,,64017,,,1,70,,64018,,,1
70201,'702-Weekday-6-26-02-1111100',540,,64019,,,1,70,,64020,,,1,30,,64021,,,1,70,,64022,,,1,30,,64023,,,1,70,,64024,,,1,20,,64042,,,1,20,,64045,,,1,60,,64046,,,1,20,,64047,,,1,20,,64048,,,1,60,,64049,,,1,20,,64050,,,1,20,,64051,,,1,60,,64052,,,1,20,,64053,,,1,20,,64054,,,1,60,,64043,,,1,20,,64038,,,1,20,,64039,,,1,60,,64040,,,1,20,,64044,,,1,20,,64036,,,1,60,,64037,,,1,23,,64041,,,1,20,,64025,,,1,60,,64026,,,1,20,,64027,,,1,20,,64028,,,1,60,,64029,,,1,20,,64030,,,1,20,,64031,,,1,60,,64032,,,1,20,,64033,,,1,70,,64034,,,1,30,,64035,,,1,67,,64055,,,1,30,,64056,,,1,70,,64057,,,1,30,,64058,,,1,70,,64059,,,1,30,,64060,,,1,70,,64061,,,1
70201,'702-Weekday-7-26-02-1111100',540,,64062,,,1,70,,64063,,,1,30,,64064,,,1,70,,64065,,,1,30,,64066,,,1,70,,64067,,,1,20,,64085,,,1,20,,64088,,,1,60,,64089,,,1,20,,64090,,,1,20,,64091,,,1,60,,64092,,,1,20,,64093,,,1,20,,64094,,,1,60,,64095,,,1,20,,64096,,,1,20,,64097,,,1,60,,64086,,,1,20,,64081,,,1,20,,64082,,,1,60,,64083,,,1,20,,64087,,,1,20,,64079,,,1,60,,64080,,,1,23,,64084,,,1,20,,64068,,,1,60,,64069,,,1,20,,64070,,,1,20,,64071,,,1,60,,64072,,,1,20,,64073,,,1,20,,64074,,,1,60,,64075,,,1,20,,64076,,,1,70,,64077,,,1,30,,64078,,,1,67,,64098,,,1,30,,64099,,,1,70,,64100,,,1,30,,64101,,,1,70,,64102,,,1,30,,64103,,,1,70,,64104,,,1
70201,'702-Weekday-8-26-02-1111100',540,,64105,,,1,70,,64106,,,1,30,,64107,,,1,70,,64108,,,1,30,,64109,,,1,70,,64110,,,1,20,,64128,,,1,20,,64131,,,1,60,,64132,,,1,20,,64133,,,1,20,,64134,,,1,60,,64135,,,1,20,,64136,,,1,20,,64137,,,1,60,,64138,,,1,20,,64139,,,1,20,,64140,,,1,60,,64129,,,1,20,,64124,,,1,20,,64125,,,1,60,,64126,,,1,20,,64130,,,1,20,,64122,,,1,60,,64123,,,1,23,,64127,,,1,20,,64111,,,1,60,,64112,,,1,20,,64113,,,1,20,,64114,,,1,60,,64115,,,1,20,,64116,,,1,20,,64117,,,1,60,,64118,,,1,20,,64119,,,1,70,,64120,,,1,30,,64121,,,1,67,,64141,,,1,30,,64142,,,1,70,,64143,,,1,30,,64144,,,1,70,,64145,,,1,30,,64146,,,1,70,,64147,,,1
70201,'702-Weekday-9-26-02-1111100',540,,64148,,,1,70,,64149,,,1,30,,64150,,,1,70,,64151,,,1,30,,64152,,,1,70,,64153,,,1,20,,64171,,,1,20,,64174,,,1,60,,64175,,,1,20,,64176,,,1,20,,64177,,,1,60,,64178,,,1,20,,64179,,,1,20,,64180,,,1,60,,64181,,,1,20,,64182,,,1,20,,64183,,,1,60,,64172,,,1,20,,64167,,,1,20,,64168,,,1,60,,64169,,,1,20,,64173,,,1,20,,64165,,,1,60,,64166,,,1,23,,64170,,,1,20,,64154,,,1,60,,64155,,,1,20,,64156,,,1,20,,64157,,,1,60,,64158,,,1,20,,64159,,,1,20,,64160,,,1,60,,64161,,,1,20,,64162,,,1,70,,64163,,,1,30,,64164,,,1,67,,64184,,,1,30,,64185,,,1,70,,64186,,,1,30,,64187,,,1,70,,64188,,,1,30,,64189,,,1,70,,64190,,,1
70201,'702-Saturday-1-26-02-0000010',709,,10583,,,1,100,,10584,,,1,30,,10585,,,1,70,,10586,,,1,31,,10587,,,1,70,,10588,,,1,30,,10589,,,1,70,,10590,,,1,30,,10591,,,1,70,,10592,,,1,30,,10593,,,1,70,,10594,,,1,30,,10595,,,1,70,,10596,,,1,30,,10597,,,1,70,,10598,,,1,30,,10599,,,1,70,,10600,,,1,30,,10601,,,1,70,,10602,,,1,30,,10603,,,1,70,,10604,,,1,30,,10605,,,1,70,,10606,,,1,30,,10607,,,1,70,,10608,,,1
70201,'702-Sunday-1-26-02-0000001',919,,64191,,,1,100,,64192,,,1,30,,64193,,,1,70,,64194,,,1,30,,64196,,,1,70,,64197,,,1,30,,64198,,,1,70,,64195,,,1,30,,64199,,,1,70,,64200,,,1,30,,64201,,,1,70,,64202,,,1,30,,64203,,,1,70,,64204,,,1,30,,64206,,,1,70,,64207,,,1,30,,64208,,,1,70,,64205,,,1,30,,64209,,,1
