91600,'916-Weekday-1-26-09-0001000',1507,,239928,20,,,1
91600,'916-Weekday-1-26-09-1111100',551,,239929,20,,,1,70,,239930,20,,,1,7,,239971,20,,,1,8,,239968,20,,,1,7,,239972,20,,,1,8,,239931,20,,,1,7,,239973,20,,,1,48,,239962,20,,,1,7,,239974,20,,,1,8,,239932,20,,,1,7,,239975,20,,,1,8,,239933,20,,,1,7,,239976,20,,,1,3,,239977,20,,,1,5,,239963,20,,,1,7,,239969,20,,,1,48,,239970,20,,,1,7,,239979,20,,,1,18,,239978,20,,,1,70,,239934,20,,,1,31,,239935,20,,,1,70,,239936,20,,,1,30,,239937,20,,,1,70,,239938,20,,,1,30,,239939,20,,,1,70,,239940,20,,,1,30,,239941,20,,,1,70,,239942,20,,,1,30,,239943,20,,,1,70,,239944,20,,,1,30,,239945,20,,,1,70,,239967,20,,,1,22,,239946,20,,,1,20,,239964,20,,,1,61,,239947,20,,,1,19,,239948,20,,,1,20,,239965,20,,,1,61,,239949,20,,,1,19,,239966,20,,,1,20,,239950,20,,,1,61,,239951,20,,,1,24,,239952,20,,,1,29,,239953,20,,,1,71,,239954,20,,,1,30,,239955,20,,,1,70,,239956,20,,,1,30,,239957,20,,,1,70,,239958,20,,,1,83,,239959,20,,,1,100,,239960,20,,,1,100,,239961,20,,,1
91600,'916-Weekday-2-26-09-1111100',551,,239980,20,,,1,70,,239981,20,,,1,7,,240022,20,,,1,8,,240019,20,,,1,7,,240023,20,,,1,8,,239982,20,,,1,7,,240024,20,,,1,48,,240013,20,,,1,7,,240025,20,,,1,8,,239983,20,,,1,7,,240026,20,,,1,8,,239984,20,,,1,7,,240027,20,,,1,3,,240028,20,,,1,5,,240014,20,,,1,7,,240020,20,,,1,48,,240021,20,,,1,7,,240030,20,,,1,18,,240029,20,,,1,70,,239985,20,,,1,31,,239986,20,,,1,70,,239987,20,,,1,30,,239988,20,,,1,70,,239989,20,,,1,30,,239990,20,,,1,70,,239991,20,,,1,30,,239992,20,,,1,70,,239993,20,,,1,30,,239994,20,,,1,70,,239995,20,,,1,30,,239996,20,,,1,70,,240018,20,,,1,22,,239997,20,,,1,20,,240015,20,,,1,61,,239998,20,,,1,19,,239999,20,,,1,20,,240016,20,,,1,61,,240000,20,,,1,19,,240017,20,,,1,20,,240001,20,,,1,61,,240002,20,,,1,24,,240003,20,,,1,29,,240004,20,,,1,71,,240005,20,,,1,30,,240006,20,,,1,70,,240007,20,,,1,30,,240008,20,,,1,70,,240009,20,,,1,83,,240010,20,,,1,100,,240011,20,,,1,100,,240012,20,,,1
91600,'916-Weekday-4-26-09-1111100',551,,240031,20,,,1,70,,240032,20,,,1,7,,240073,20,,,1,8,,240070,20,,,1,7,,240074,20,,,1,8,,240033,20,,,1,7,,240075,20,,,1,48,,240064,20,,,1,7,,240076,20,,,1,8,,240034,20,,,1,7,,240077,20,,,1,8,,240035,20,,,1,7,,240078,20,,,1,8,,240065,20,,,1,7,,240071,20,,,1,48,,240072,20,,,1,7,,240080,20,,,1,18,,240079,20,,,1,70,,240036,20,,,1,31,,240037,20,,,1,70,,240038,20,,,1,30,,240039,20,,,1,70,,240040,20,,,1,30,,240041,20,,,1,70,,240042,20,,,1,30,,240043,20,,,1,70,,240044,20,,,1,30,,240045,20,,,1,70,,240046,20,,,1,30,,240047,20,,,1,70,,240069,20,,,1,22,,240048,20,,,1,20,,240066,20,,,1,61,,240049,20,,,1,19,,240050,20,,,1,20,,240067,20,,,1,61,,240051,20,,,1,19,,240068,20,,,1,20,,240052,20,,,1,61,,240053,20,,,1,24,,240054,20,,,1,29,,240055,20,,,1,71,,240056,20,,,1,30,,240057,20,,,1,70,,240058,20,,,1,30,,240059,20,,,1,70,,240060,20,,,1,83,,240061,20,,,1,100,,240062,20,,,1,100,,240063,20,,,1
91600,'916-Saturday-1-26-09-0000010',612,,240081,20,,,1,100,,240082,20,,,1,100,,240083,20,,,1,30,,240084,20,,,1,69,,240085,20,,,1,32,,240086,20,,,1,70,,240087,20,,,1,30,,240088,20,,,1,70,,240089,20,,,1,30,,240090,20,,,1,70,,240091,20,,,1,30,,240092,20,,,1,70,,240093,20,,,1,30,,240094,20,,,1,70,,240095,20,,,1,30,,240096,20,,,1,70,,240097,20,,,1,30,,240098,20,,,1,70,,240099,20,,,1,30,,240100,20,,,1,70,,240101,20,,,1,30,,240102,20,,,1,70,,240103,20,,,1,30,,240104,20,,,1,70,,240105,20,,,1,100,,240106,20,,,1,100,,240107,20,,,1,100,,240108,20,,,1,100,,240109,20,,,1
91600,'916-Sunday-1-26-09-0000001',614,,240110,20,,,1,100,,240111,20,,,1,100,,240112,20,,,1,95,,240113,20,,,1,102,,240114,20,,,1,30,,240115,20,,,1,70,,240116,20,,,1,30,,240117,20,,,1,70,,240118,20,,,1,30,,240119,20,,,1,70,,240120,20,,,1,30,,240121,20,,,1,70,,240122,20,,,1,30,,240123,20,,,1,70,,240124,20,,,1,30,,240125,20,,,1,70,,240126,20,,,1,30,,240127,20,,,1,68,,240128,20,,,1,28,,240129,20,,,1,70,,240130,20,,,1,30,,240131,20,,,1,77,,240132,20,,,1,100,,240133,20,,,1,100,,240134,20,,,1,100,,240135,20,,,1,100,,240136,20,,,1
24093000,'930X-Weekday-1-26-09-1111100',605,,246407,9,,,1,30,,246408,9,,,1,12,,246415,9,,,1,12,,246409,9,,,1,52,,246411,9,,,1,12,,246416,9,,,1,12,,246410,9,,,1,12,,246417,9,,,1,12,,246406,9,,,1,52,,246412,9,,,1,12,,246418,9,,,1,12,,246405,9,,,1,12,,246419,9,,,1,12,,246413,9,,,1,52,,246414,9,,,1
24093000,'930X-Weekday-2-26-09-1111100',605,,246422,9,,,1,30,,246423,9,,,1,12,,246430,9,,,1,12,,246424,9,,,1,52,,246426,9,,,1,12,,246431,9,,,1,12,,246425,9,,,1,12,,246432,9,,,1,12,,246421,9,,,1,52,,246427,9,,,1,12,,246433,9,,,1,12,,246420,9,,,1,12,,246434,9,,,1,12,,246428,9,,,1,52,,246429,9,,,1
24093000,'930X-Weekday-4-26-09-1111100',605,,246437,9,,,1,30,,246438,9,,,1,12,,246445,9,,,1,12,,246439,9,,,1,52,,246441,9,,,1,12,,246446,9,,,1,12,,246440,9,,,1,12,,246447,9,,,1,12,,246436,9,,,1,52,,246442,9,,,1,12,,246448,9,,,1,12,,246435,9,,,1,12,,246449,9,,,1,12,,246443,9,,,1,52,,246444,9,,,1
24093001,'930X-Weekday-1-26-09-1111100',1546,,246450,21,,,1,55,,246451,21,,,1,15,,246458,21,,,1,15,,246452,21,,,1,15,,246453,21,,,1,55,,246454,21,,,1,15,,246459,21,,,1,15,,246455,21,,,1,15,,246456,21,,,1,55,,246457,21,,,1,15,,246460,21,,,1
24093001,'930X-Weekday-2-26-09-1111100',1546,,246461,21,,,1,55,,246462,21,,,1,15,,246469,21,,,1,15,,246463,21,,,1,15,,246464,21,,,1,55,,246465,21,,,1,15,,246470,21,,,1,15,,246466,21,,,1,15,,246467,21,,,1,55,,246468,21,,,1,15,,246471,21,,,1
24093001,'930X-Weekday-4-26-09-1111100',1546,,246472,21,,,1,55,,246473,21,,,1,15,,246480,21,,,1,15,,246474,21,,,1,15,,246475,21,,,1,55,,246476,21,,,1,15,,246481,21,,,1,15,,246477,21,,,1,15,,246478,21,,,1,55,,246479,21,,,1,15,,246482,21,,,1
