11101,'111-Weekday-1-26-09-1111100',939,,217243,24,,,1,100,,217244,24,,,1,100,,217245,24,,,1,100,,217246,24,,,1,100,,217247,24,,,1,100,,217248,24,,,1,100,,217249,24,,,1
11101,'111-Weekday-2-26-09-1111100',939,,217250,24,,,1,100,,217251,24,,,1,100,,217252,24,,,1,100,,217253,24,,,1,100,,217254,24,,,1,100,,217255,24,,,1,100,,217256,24,,,1
11101,'111-Weekday-4-26-09-1111100',939,,217257,24,,,1,100,,217258,24,,,1,100,,217259,24,,,1,100,,217260,24,,,1,100,,217261,24,,,1,100,,217262,24,,,1,100,,217263,24,,,1
11101,'111-Saturday-1-26-09-0000010',922,,217264,17,,,1,100,,217266,17,,,1,100,,217267,17,,,1,100,,217268,17,,,1,100,,217269,17,,,1,100,,217270,17,,,1,100,,217265,17,,,1
1000100,'001-Weekday-1-26-09-1111100',503,,242650,7,,,1,40,,242651,7,,,1,80,,242652,7,,,1,82,,242653,7,,,1,20,,242654,7,,,1,20,,242655,7,,,1,60,,242656,7,,,1,20,,242657,7,,,1,25,,242658,7,,,1,70,,242659,7,,,1,30,,242660,7,,,1,70,,242661,7,,,1,30,,242662,7,,,1,70,,242663,7,,,1,30,,242664,7,,,1,70,,242665,7,,,1,30,,242666,7,,,1,70,,242667,7,,,1,30,,242668,7,,,1,70,,242669,7,,,1,30,,242670,7,,,1,68,,242671,7,,,1,20,,242672,7,,,1,20,,242673,7,,,1,60,,242674,7,,,1,20,,242675,7,,,1,20,,242676,7,,,1,65,,242677,7,,,1,30,,242678,7,,,1,70,,242679,7,,,1,30,,242680,7,,,1,70,,242681,7,,,1,30,,242682,7,,,1,70,,242683,7,,,1,30,,242684,7,,,1,70,,242685,7,,,1,27,,242686,7,,,1,79,,242687,7,,,1,80,,242688,7,,,1,40,,242689,7,,,1
1000100,'001-Weekday-2-26-09-1111100',503,,242691,7,,,1,40,,242692,7,,,1,80,,242693,7,,,1,82,,242694,7,,,1,20,,242695,7,,,1,20,,242696,7,,,1,60,,242697,7,,,1,20,,242698,7,,,1,25,,242699,7,,,1,70,,242700,7,,,1,30,,242701,7,,,1,70,,242702,7,,,1,30,,242703,7,,,1,70,,242704,7,,,1,30,,242705,7,,,1,70,,242706,7,,,1,30,,242707,7,,,1,70,,242708,7,,,1,30,,242709,7,,,1,70,,242710,7,,,1,30,,242711,7,,,1,68,,242712,7,,,1,20,,242713,7,,,1,20,,242714,7,,,1,60,,242715,7,,,1,20,,242716,7,,,1,20,,242717,7,,,1,65,,242718,7,,,1,30,,242719,7,,,1,70,,242720,7,,,1,30,,242721,7,,,1,70,,242722,7,,,1,30,,242723,7,,,1,70,,242724,7,,,1,30,,242725,7,,,1,70,,242726,7,,,1,27,,242727,7,,,1,79,,242728,7,,,1,80,,242729,7,,,1,40,,242730,7,,,1
1000100,'001-Weekday-4-26-09-1111100',503,,242732,7,,,1,40,,242733,7,,,1,80,,242734,7,,,1,82,,242735,7,,,1,20,,242736,7,,,1,20,,242737,7,,,1,60,,242738,7,,,1,20,,242739,7,,,1,25,,242740,7,,,1,70,,242741,7,,,1,30,,242742,7,,,1,70,,242743,7,,,1,30,,242744,7,,,1,70,,242745,7,,,1,30,,242746,7,,,1,70,,242747,7,,,1,30,,242748,7,,,1,70,,242749,7,,,1,30,,242750,7,,,1,70,,242751,7,,,1,30,,242752,7,,,1,68,,242753,7,,,1,20,,242754,7,,,1,20,,242755,7,,,1,60,,242756,7,,,1,20,,242757,7,,,1,20,,242758,7,,,1,65,,242759,7,,,1,30,,242760,7,,,1,70,,242761,7,,,1,30,,242762,7,,,1,70,,242763,7,,,1,30,,242764,7,,,1,70,,242765,7,,,1,30,,242766,7,,,1,70,,242767,7,,,1,27,,242768,7,,,1,79,,242769,7,,,1,80,,242770,7,,,1,40,,242771,7,,,1
1000100,'001-Saturday-1-26-09-0000010',625,,242772,7,,,1,80,,242773,7,,,1,40,,242774,7,,,1,75,,242775,7,,,1,30,,242776,7,,,1,70,,242777,7,,,1,30,,242778,7,,,1,70,,242779,7,,,1,30,,242780,7,,,1,70,,242781,7,,,1,30,,242782,7,,,1,70,,242783,7,,,1,30,,242784,7,,,1,70,,242785,7,,,1,30,,242786,7,,,1,70,,242787,7,,,1,30,,242788,7,,,1,70,,242789,7,,,1,30,,242790,7,,,1,70,,242791,7,,,1,30,,242792,7,,,1,70,,242793,7,,,1,30,,242794,7,,,1,70,,242795,7,,,1,28,,242796,7,,,1,72,,242797,7,,,1,30,,242798,7,,,1,69,,242799,7,,,1,31,,242800,7,,,1,70,,242801,7,,,1,30,,242802,7,,,1,70,,242803,7,,,1,30,,242804,7,,,1,75,,242805,7,,,1,80,,242806,7,,,1
1000100,'001-Sunday-1-26-09-0000001',601,,242807,7,,,1,40,,242808,7,,,1,80,,242809,7,,,1,80,,242810,7,,,1,40,,242811,7,,,1,80,,242812,7,,,1,80,,242813,7,,,1,35,,242814,7,,,1,70,,242815,7,,,1,30,,242816,7,,,1,70,,242817,7,,,1,30,,242818,7,,,1,70,,242819,7,,,1,30,,242820,7,,,1,70,,242821,7,,,1,30,,242822,7,,,1,70,,242823,7,,,1,30,,242824,7,,,1,70,,242825,7,,,1,30,,242826,7,,,1,70,,242827,7,,,1,30,,242828,7,,,1,70,,242829,7,,,1,30,,242830,7,,,1,68,,242831,7,,,1,40,,242832,7,,,1,80,,242833,7,,,1,80,,242834,7,,,1,40,,242835,7,,,1,80,,242836,7,,,1,80,,242837,7,,,1,40,,242838,7,,,1
2000100,'001-Weekday-1-26-09-1111100',524,,243456,7,,,1,80,,243457,7,,,1,41,,243458,7,,,1,70,,243459,7,,,1,20,,243460,7,,,1,20,,243461,7,,,1,60,,243462,7,,,1,20,,243463,7,,,1,70,,243464,7,,,1,30,,243465,7,,,1,70,,243466,7,,,1,30,,243467,7,,,1,70,,243468,7,,,1,30,,243469,7,,,1,70,,243470,7,,,1,30,,243471,7,,,1,70,,243472,7,,,1,30,,243473,7,,,1,70,,243474,7,,,1,30,,243475,7,,,1,70,,243476,7,,,1,23,,243477,7,,,1,20,,243478,7,,,1,60,,243479,7,,,1,20,,243480,7,,,1,20,,243481,7,,,1,60,,243482,7,,,1,30,,243483,7,,,1,70,,243484,7,,,1,30,,243485,7,,,1,70,,243486,7,,,1,30,,243487,7,,,1,70,,243488,7,,,1,30,,243489,7,,,1,70,,243490,7,,,1,30,,243491,7,,,1,71,,243492,7,,,1,40,,243493,7,,,1,80,,243494,7,,,1,80,,243495,7,,,1
2000100,'001-Weekday-2-26-09-1111100',524,,243496,7,,,1,80,,243497,7,,,1,41,,243498,7,,,1,70,,243499,7,,,1,20,,243500,7,,,1,20,,243501,7,,,1,60,,243502,7,,,1,20,,243503,7,,,1,70,,243504,7,,,1,30,,243505,7,,,1,70,,243506,7,,,1,30,,243507,7,,,1,70,,243508,7,,,1,30,,243509,7,,,1,70,,243510,7,,,1,30,,243511,7,,,1,70,,243512,7,,,1,30,,243513,7,,,1,70,,243514,7,,,1,30,,243515,7,,,1,70,,243516,7,,,1,23,,243517,7,,,1,20,,243518,7,,,1,60,,243519,7,,,1,20,,243520,7,,,1,20,,243521,7,,,1,60,,243522,7,,,1,30,,243523,7,,,1,70,,243524,7,,,1,30,,243525,7,,,1,70,,243526,7,,,1,30,,243527,7,,,1,70,,243528,7,,,1,30,,243529,7,,,1,70,,243530,7,,,1,30,,243531,7,,,1,71,,243532,7,,,1,40,,243533,7,,,1,80,,243534,7,,,1,80,,243535,7,,,1
2000100,'001-Weekday-4-26-09-1111100',524,,243536,7,,,1,80,,243537,7,,,1,41,,243538,7,,,1,70,,243539,7,,,1,20,,243540,7,,,1,20,,243541,7,,,1,60,,243542,7,,,1,20,,243543,7,,,1,70,,243544,7,,,1,30,,243545,7,,,1,70,,243546,7,,,1,30,,243547,7,,,1,70,,243548,7,,,1,30,,243549,7,,,1,70,,243550,7,,,1,30,,243551,7,,,1,70,,243552,7,,,1,30,,243553,7,,,1,70,,243554,7,,,1,30,,243555,7,,,1,70,,243556,7,,,1,23,,243557,7,,,1,20,,243558,7,,,1,60,,243559,7,,,1,20,,243560,7,,,1,20,,243561,7,,,1,60,,243562,7,,,1,30,,243563,7,,,1,70,,243564,7,,,1,30,,243565,7,,,1,70,,243566,7,,,1,30,,243567,7,,,1,70,,243568,7,,,1,30,,243569,7,,,1,70,,243570,7,,,1,30,,243571,7,,,1,71,,243572,7,,,1,40,,243573,7,,,1,80,,243574,7,,,1,80,,243575,7,,,1
2000100,'001-Saturday-1-26-09-0000010',605,,243576,7,,,1,40,,243577,7,,,1,80,,243578,7,,,1,80,,243579,7,,,1,30,,243580,7,,,1,70,,243581,7,,,1,30,,243582,7,,,1,70,,243583,7,,,1,30,,243584,7,,,1,70,,243585,7,,,1,30,,243586,7,,,1,70,,243587,7,,,1,30,,243588,7,,,1,70,,243589,7,,,1,30,,243590,7,,,1,70,,243591,7,,,1,30,,243592,7,,,1,70,,243593,7,,,1,30,,243594,7,,,1,70,,243595,7,,,1,30,,243596,7,,,1,70,,243597,7,,,1,30,,243598,7,,,1,69,,243599,7,,,1,31,,243600,7,,,1,70,,243601,7,,,1,29,,243602,7,,,1,70,,243603,7,,,1,31,,243604,7,,,1,70,,243605,7,,,1,30,,243606,7,,,1,70,,243607,7,,,1,30,,243608,7,,,1,70,,243609,7,,,1,40,,243610,7,,,1
2000100,'001-Sunday-1-26-09-0000001',541,,243611,7,,,1,80,,243612,7,,,1,80,,243613,7,,,1,40,,243614,7,,,1,80,,243615,7,,,1,80,,243616,7,,,1,40,,243617,7,,,1,80,,243618,7,,,1,30,,243619,7,,,1,70,,243620,7,,,1,30,,243621,7,,,1,70,,243622,7,,,1,30,,243623,7,,,1,70,,243624,7,,,1,30,,243625,7,,,1,70,,243626,7,,,1,30,,243627,7,,,1,70,,243628,7,,,1,30,,243629,7,,,1,70,,243630,7,,,1,30,,243631,7,,,1,70,,243632,7,,,1,30,,243633,7,,,1,70,,243634,7,,,1,30,,243635,7,,,1,73,,243636,7,,,1,80,,243637,7,,,1,40,,243638,7,,,1,80,,243639,7,,,1,80,,243640,7,,,1,40,,243641,7,,,1,80,,243642,7,,,1
