11100,'111-Weekday-1-26-02-1111100',936,,5660,,,1,100,,5661,,,1,100,,5662,,,1,100,,5663,,,1,100,,5664,,,1,100,,5665,,,1,101,,5666,0,30,1
11100,'111-Weekday-2-26-02-1111100',936,,42094,,,1,100,,42095,,,1,100,,42096,,,1,100,,42097,,,1,100,,42098,,,1,100,,42099,,,1,101,,42100,0,30,1
11100,'111-Weekday-4-26-02-1111100',936,,42101,,,1,100,,42102,,,1,100,,42103,,,1,100,,42104,,,1,100,,42105,,,1,100,,42106,,,1,101,,42107,0,30,1
11100,'111-Weekday-5-26-02-1111100',936,,42108,,,1,100,,42109,,,1,100,,42110,,,1,100,,42111,,,1,100,,42112,,,1,100,,42113,,,1,101,,42114,0,30,1
11100,'111-Weekday-6-26-02-1111100',936,,42115,,,1,100,,42116,,,1,100,,42117,,,1,100,,42118,,,1,100,,42119,,,1,100,,42120,,,1,101,,42121,0,30,1
11100,'111-Weekday-7-26-02-1111100',936,,42122,,,1,100,,42123,,,1,100,,42124,,,1,100,,42125,,,1,100,,42126,,,1,100,,42127,,,1,101,,42128,0,30,1
11100,'111-Weekday-8-26-02-1111100',936,,42129,,,1,100,,42130,,,1,100,,42131,,,1,100,,42132,,,1,100,,42133,,,1,100,,42134,,,1,101,,42135,0,30,1
11100,'111-Weekday-9-26-02-1111100',936,,42136,,,1,100,,42137,,,1,100,,42138,,,1,100,,42139,,,1,100,,42140,,,1,100,,42141,,,1,101,,42142,0,30,1
11100,'111-Saturday-1-26-02-0000010',935,,5672,0,30,1,100,,5673,0,30,1,100,,5669,0,30,1,100,,5670,0,30,1,100,,5671,0,30,1,100,,5667,0,30,1,100,,5668,0,30,1
11101,'111-Weekday-1-26-02-1111100',940,,5674,,,1,100,,5675,,,1,100,,5676,,,1,100,,5677,,,1,100,,5678,,,1,100,,5679,,,1,100,,5680,,,1
11101,'111-Weekday-2-26-02-1111100',940,,42143,,,1,100,,42144,,,1,100,,42145,,,1,100,,42146,,,1,100,,42147,,,1,100,,42148,,,1,100,,42149,,,1
11101,'111-Weekday-4-26-02-1111100',940,,42150,,,1,100,,42151,,,1,100,,42152,,,1,100,,42153,,,1,100,,42154,,,1,100,,42155,,,1,100,,42156,,,1
11101,'111-Weekday-5-26-02-1111100',940,,42157,,,1,100,,42158,,,1,100,,42159,,,1,100,,42160,,,1,100,,42161,,,1,100,,42162,,,1,100,,42163,,,1
11101,'111-Weekday-6-26-02-1111100',940,,42164,,,1,100,,42165,,,1,100,,42166,,,1,100,,42167,,,1,100,,42168,,,1,100,,42169,,,1,100,,42170,,,1
11101,'111-Weekday-7-26-02-1111100',940,,42171,,,1,100,,42172,,,1,100,,42173,,,1,100,,42174,,,1,100,,42175,,,1,100,,42176,,,1,100,,42177,,,1
11101,'111-Weekday-8-26-02-1111100',940,,42178,,,1,100,,42179,,,1,100,,42180,,,1,100,,42181,,,1,100,,42182,,,1,100,,42183,,,1,100,,42184,,,1
11101,'111-Weekday-9-26-02-1111100',940,,42185,,,1,100,,42186,,,1,100,,42187,,,1,100,,42188,,,1,100,,42189,,,1,100,,42190,,,1,100,,42191,,,1
11101,'111-Saturday-1-26-02-0000010',923,,5681,0,25,1,100,,5683,0,25,1,100,,5684,0,25,1,100,,5685,0,25,1,100,,5686,0,25,1,100,,5687,0,25,1,100,,5682,0,25,1
