91401,'914-Weekday-1-26-02-1111100',551,,14824,,,1,70,,14825,,,1,28,,14826,,,1,55,,14827,,,1,15,,14857,,,1,15,,14828,,,1,15,,14829,,,1,55,,14830,,,1,15,,14858,,,1,15,,14831,,,1,15,,14845,,,1,69,,14854,,,1,30,,14833,,,1,70,,14834,,,1,30,,14835,,,1,70,,14836,,,1,30,,14837,,,1,70,,14838,,,1,30,,14839,,,1,70,,14840,,,1,30,,14841,,,1,70,,14842,,,1,30,,14843,,,1,72,,14844,,,1,30,,14850,,,1,60,,14846,,,1,20,,14847,,,1,20,,14859,,,1,60,,14848,,,1,20,,14849,,,1,20,,14865,,,1,71,,14853,,,1,27,,14851,,,1,70,,14852,,,1,30,,14861,,,1,70,,14862,,,1,30,,14863,,,1,70,,14864,,,1,30,,14860,,,1,67,,14855,,,1,100,,14832,,,1,100,,14856,,,1
91401,'914-Weekday-2-26-02-1111100',551,,84103,,,1,70,,84104,,,1,28,,84105,,,1,55,,84106,,,1,15,,84136,,,1,15,,84107,,,1,15,,84108,,,1,55,,84109,,,1,15,,84137,,,1,15,,84110,,,1,15,,84124,,,1,69,,84133,,,1,30,,84112,,,1,70,,84113,,,1,30,,84114,,,1,70,,84115,,,1,30,,84116,,,1,70,,84117,,,1,30,,84118,,,1,70,,84119,,,1,30,,84120,,,1,70,,84121,,,1,30,,84122,,,1,72,,84123,,,1,30,,84129,,,1,60,,84125,,,1,20,,84126,,,1,20,,84138,,,1,60,,84127,,,1,20,,84128,,,1,20,,84144,,,1,71,,84132,,,1,27,,84130,,,1,70,,84131,,,1,30,,84140,,,1,70,,84141,,,1,30,,84142,,,1,70,,84143,,,1,30,,84139,,,1,67,,84134,,,1,100,,84111,,,1,100,,84135,,,1
91401,'914-Weekday-4-26-02-1111100',551,,84145,,,1,70,,84146,,,1,28,,84147,,,1,55,,84148,,,1,15,,84178,,,1,15,,84149,,,1,15,,84150,,,1,55,,84151,,,1,15,,84179,,,1,15,,84152,,,1,15,,84166,,,1,69,,84175,,,1,30,,84154,,,1,70,,84155,,,1,30,,84156,,,1,70,,84157,,,1,30,,84158,,,1,70,,84159,,,1,30,,84160,,,1,70,,84161,,,1,30,,84162,,,1,70,,84163,,,1,30,,84164,,,1,72,,84165,,,1,30,,84171,,,1,60,,84167,,,1,20,,84168,,,1,20,,84180,,,1,60,,84169,,,1,20,,84170,,,1,20,,84186,,,1,71,,84174,,,1,27,,84172,,,1,70,,84173,,,1,30,,84182,,,1,70,,84183,,,1,30,,84184,,,1,70,,84185,,,1,30,,84181,,,1,67,,84176,,,1,100,,84153,,,1,100,,84177,,,1
91401,'914-Weekday-5-26-02-1111100',551,,84187,,,1,70,,84188,,,1,28,,84189,,,1,55,,84190,,,1,15,,84220,,,1,15,,84191,,,1,15,,84192,,,1,55,,84193,,,1,15,,84221,,,1,15,,84194,,,1,15,,84208,,,1,69,,84217,,,1,30,,84196,,,1,70,,84197,,,1,30,,84198,,,1,70,,84199,,,1,30,,84200,,,1,70,,84201,,,1,30,,84202,,,1,70,,84203,,,1,30,,84204,,,1,70,,84205,,,1,30,,84206,,,1,72,,84207,,,1,30,,84213,,,1,60,,84209,,,1,20,,84210,,,1,20,,84222,,,1,60,,84211,,,1,20,,84212,,,1,20,,84228,,,1,71,,84216,,,1,27,,84214,,,1,70,,84215,,,1,30,,84224,,,1,70,,84225,,,1,30,,84226,,,1,70,,84227,,,1,30,,84223,,,1,67,,84218,,,1,100,,84195,,,1,100,,84219,,,1
91401,'914-Weekday-6-26-02-1111100',551,,84229,,,1,70,,84230,,,1,28,,84231,,,1,55,,84232,,,1,15,,84262,,,1,15,,84233,,,1,15,,84234,,,1,55,,84235,,,1,15,,84263,,,1,15,,84236,,,1,15,,84250,,,1,69,,84259,,,1,30,,84238,,,1,70,,84239,,,1,30,,84240,,,1,70,,84241,,,1,30,,84242,,,1,70,,84243,,,1,30,,84244,,,1,70,,84245,,,1,30,,84246,,,1,70,,84247,,,1,30,,84248,,,1,72,,84249,,,1,30,,84255,,,1,60,,84251,,,1,20,,84252,,,1,20,,84264,,,1,60,,84253,,,1,20,,84254,,,1,20,,84270,,,1,71,,84258,,,1,27,,84256,,,1,70,,84257,,,1,30,,84266,,,1,70,,84267,,,1,30,,84268,,,1,70,,84269,,,1,30,,84265,,,1,67,,84260,,,1,100,,84237,,,1,100,,84261,,,1
91401,'914-Weekday-7-26-02-1111100',551,,84271,,,1,70,,84272,,,1,28,,84273,,,1,55,,84274,,,1,15,,84304,,,1,15,,84275,,,1,15,,84276,,,1,55,,84277,,,1,15,,84305,,,1,15,,84278,,,1,15,,84292,,,1,69,,84301,,,1,30,,84280,,,1,70,,84281,,,1,30,,84282,,,1,70,,84283,,,1,30,,84284,,,1,70,,84285,,,1,30,,84286,,,1,70,,84287,,,1,30,,84288,,,1,70,,84289,,,1,30,,84290,,,1,72,,84291,,,1,30,,84297,,,1,60,,84293,,,1,20,,84294,,,1,20,,84306,,,1,60,,84295,,,1,20,,84296,,,1,20,,84312,,,1,71,,84300,,,1,27,,84298,,,1,70,,84299,,,1,30,,84308,,,1,70,,84309,,,1,30,,84310,,,1,70,,84311,,,1,30,,84307,,,1,67,,84302,,,1,100,,84279,,,1,100,,84303,,,1
91401,'914-Weekday-8-26-02-1111100',551,,84313,,,1,70,,84314,,,1,28,,84315,,,1,55,,84316,,,1,15,,84346,,,1,15,,84317,,,1,15,,84318,,,1,55,,84319,,,1,15,,84347,,,1,15,,84320,,,1,15,,84334,,,1,69,,84343,,,1,30,,84322,,,1,70,,84323,,,1,30,,84324,,,1,70,,84325,,,1,30,,84326,,,1,70,,84327,,,1,30,,84328,,,1,70,,84329,,,1,30,,84330,,,1,70,,84331,,,1,30,,84332,,,1,72,,84333,,,1,30,,84339,,,1,60,,84335,,,1,20,,84336,,,1,20,,84348,,,1,60,,84337,,,1,20,,84338,,,1,20,,84354,,,1,71,,84342,,,1,27,,84340,,,1,70,,84341,,,1,30,,84350,,,1,70,,84351,,,1,30,,84352,,,1,70,,84353,,,1,30,,84349,,,1,67,,84344,,,1,100,,84321,,,1,100,,84345,,,1
91401,'914-Weekday-9-26-02-1111100',551,,84355,,,1,70,,84356,,,1,28,,84357,,,1,55,,84358,,,1,15,,84388,,,1,15,,84359,,,1,15,,84360,,,1,55,,84361,,,1,15,,84389,,,1,15,,84362,,,1,15,,84376,,,1,69,,84385,,,1,30,,84364,,,1,70,,84365,,,1,30,,84366,,,1,70,,84367,,,1,30,,84368,,,1,70,,84369,,,1,30,,84370,,,1,70,,84371,,,1,30,,84372,,,1,70,,84373,,,1,30,,84374,,,1,72,,84375,,,1,30,,84381,,,1,60,,84377,,,1,20,,84378,,,1,20,,84390,,,1,60,,84379,,,1,20,,84380,,,1,20,,84396,,,1,71,,84384,,,1,27,,84382,,,1,70,,84383,,,1,30,,84392,,,1,70,,84393,,,1,30,,84394,,,1,70,,84395,,,1,30,,84391,,,1,67,,84386,,,1,100,,84363,,,1,100,,84387,,,1
91401,'914-Saturday-1-26-02-0000010',646,,14866,,,1,100,,14867,,,1,100,,14868,,,1,73,,14869,,,1,30,,14870,,,1,70,,14871,,,1,30,,14872,,,1,70,,14873,,,1,30,,14874,,,1,70,,14875,,,1,30,,14876,,,1,70,,14877,,,1,30,,14878,,,1,70,,14879,,,1,30,,14880,,,1,70,,14881,,,1,30,,14882,,,1,70,,14883,,,1,30,,14884,,,1,69,,14885,,,1,30,,14889,,,1,70,,14890,,,1,30,,14891,,,1,70,,14888,,,1,100,,14887,,,1,100,,14886,,,1,100,,14892,,,1
91401,'914-Sunday-1-26-02-0000001',649,,84399,,,1,100,,84400,,,1,97,,84397,,,1,102,,84398,,,1,100,,84401,,,1,70,,84402,,,1,30,,84403,,,1,70,,84404,,,1,30,,84405,,,1,70,,84406,,,1,30,,84407,,,1,70,,84408,,,1,30,,84409,,,1,70,,84410,,,1,30,,84411,,,1,70,,84412,,,1,30,,84413,,,1,69,,84414,,,1,30,,84415,,,1,69,,84416,,,1,30,,84417,,,1,70,,84418,,,1,100,,84419,,,1
