5300,'053-Weekday-1-26-04-1111100',527,,111867,2,,,1,30,,111868,2,,,1,71,,111869,2,,,1,15,,111897,2,,,1,15,,111870,2,,,1,55,,111898,2,,,1,15,,111871,2,,,1,15,,111872,2,,,1,15,,111903,2,,,1,55,,111904,2,,,1,15,,111873,2,,,1,74,,111909,2,,,1,28,,111874,2,,,1,70,,111875,2,,,1,30,,111876,2,,,1,70,,111877,2,,,1,30,,111878,2,,,1,70,,111879,2,,,1,30,,111880,2,,,1,70,,111881,2,,,1,30,,111882,2,,,1,70,,111883,2,,,1,29,,111884,2,,,1,18,,111901,2,,,1,58,,111885,2,,,1,18,,111902,2,,,1,16,,111886,2,,,1,15,,111899,2,,,1,55,,111900,2,,,1,15,,111887,2,,,1,15,,111905,2,,,1,15,,111906,2,,,1,55,,111888,2,,,1,15,,111910,2,,,1,15,,111911,2,,,1,69,,111889,2,,,1,30,,111890,2,,,1,68,,111891,2,,,1,26,,111892,2,,,1,70,,111893,2,,,1,30,,111894,2,,,1,70,,111895,2,,,1,30,,111896,2,,,1,69,,111866,2,,,1,52,,111907,2,,,1,100,,111908,2,,,1
5300,'053-Weekday-2-26-04-1111100',527,,133890,2,,,1,30,,133891,2,,,1,71,,133892,2,,,1,15,,133920,2,,,1,15,,133893,2,,,1,55,,133921,2,,,1,15,,133894,2,,,1,15,,133895,2,,,1,15,,133926,2,,,1,55,,133927,2,,,1,15,,133896,2,,,1,74,,133932,2,,,1,28,,133897,2,,,1,70,,133898,2,,,1,30,,133899,2,,,1,70,,133900,2,,,1,30,,133901,2,,,1,70,,133902,2,,,1,30,,133903,2,,,1,70,,133904,2,,,1,30,,133905,2,,,1,70,,133906,2,,,1,29,,133907,2,,,1,18,,133924,2,,,1,58,,133908,2,,,1,18,,133925,2,,,1,16,,133909,2,,,1,15,,133922,2,,,1,55,,133923,2,,,1,15,,133910,2,,,1,15,,133928,2,,,1,15,,133929,2,,,1,55,,133911,2,,,1,15,,133933,2,,,1,15,,133934,2,,,1,69,,133912,2,,,1,30,,133913,2,,,1,68,,133914,2,,,1,26,,133915,2,,,1,70,,133916,2,,,1,30,,133917,2,,,1,70,,133918,2,,,1,30,,133919,2,,,1,69,,133889,2,,,1,52,,133930,2,,,1,100,,133931,2,,,1
5300,'053-Weekday-3-26-04-1111100',527,,133936,2,,,1,30,,133937,2,,,1,71,,133938,2,,,1,15,,133966,2,,,1,15,,133939,2,,,1,55,,133967,2,,,1,15,,133940,2,,,1,15,,133941,2,,,1,15,,133972,2,,,1,55,,133973,2,,,1,15,,133942,2,,,1,74,,133978,2,,,1,28,,133943,2,,,1,70,,133944,2,,,1,30,,133945,2,,,1,70,,133946,2,,,1,30,,133947,2,,,1,70,,133948,2,,,1,30,,133949,2,,,1,70,,133950,2,,,1,30,,133951,2,,,1,70,,133952,2,,,1,29,,133953,2,,,1,18,,133970,2,,,1,58,,133954,2,,,1,18,,133971,2,,,1,16,,133955,2,,,1,15,,133968,2,,,1,55,,133969,2,,,1,15,,133956,2,,,1,15,,133974,2,,,1,15,,133975,2,,,1,55,,133957,2,,,1,15,,133979,2,,,1,15,,133980,2,,,1,69,,133958,2,,,1,30,,133959,2,,,1,68,,133960,2,,,1,26,,133961,2,,,1,70,,133962,2,,,1,30,,133963,2,,,1,70,,133964,2,,,1,30,,133965,2,,,1,69,,133935,2,,,1,52,,133976,2,,,1,100,,133977,2,,,1
5300,'053-Saturday-1-26-04-0000010',600,,111912,2,,,1,100,,111913,2,,,1,100,,111914,2,,,1,52,,111915,2,,,1,70,,111916,2,,,1,30,,111917,2,,,1,70,,111918,2,,,1,30,,111919,2,,,1,70,,111920,2,,,1,30,,111921,2,,,1,70,,111922,2,,,1,30,,111923,2,,,1,70,,111924,2,,,1,30,,111925,2,,,1,70,,111926,2,,,1,30,,111927,2,,,1,70,,111928,2,,,1,30,,111929,2,,,1,70,,111930,2,,,1,30,,111931,2,,,1,70,,111932,2,,,1,30,,111933,2,,,1,70,,111934,2,,,1,30,,111935,2,,,1,70,,111936,2,,,1,79,,111937,2,,,1,100,,111938,2,,,1,100,,111939,2,,,1,100,,111940,2,,,1
5300,'053-Sunday-1-26-04-0000001',659,,111941,2,,,1,100,,111942,2,,,1,141,,111943,2,,,1,104,,111944,2,,,1,30,,111945,2,,,1,70,,111946,2,,,1,30,,111947,2,,,1,70,,111948,2,,,1,30,,111949,2,,,1,70,,111950,2,,,1,30,,111951,2,,,1,70,,111952,2,,,1,30,,111953,2,,,1,70,,111954,2,,,1,30,,111955,2,,,1,70,,111956,2,,,1,30,,111957,2,,,1,70,,111958,2,,,1,30,,111959,2,,,1,70,,111960,2,,,1,30,,111961,2,,,1,70,,111962,2,,,1,96,,111963,2,,,1,100,,111964,2,,,1,100,,111965,2,,,1,100,,111966,2,,,1
51500,'515-Weekday-1-26-04-0001000',1233,,118222,2,,,1
51500,'515-Weekday-1-26-04-1110100',1522,,118223,2,,,1,26,,118224,2,,,1
51500,'515-Weekday-1-26-04-1111100',537,,118225,2,,,1,70,,118271,2,,,1,30,,118260,2,,,1,15,,118266,2,,,1,55,,118267,2,,,1,15,,118226,2,,,1,15,,118227,2,,,1,15,,118228,2,,,1,55,,118262,2,,,1,15,,118229,2,,,1,20,,118230,2,,,1,60,,118254,2,,,1,20,,118231,2,,,1,20,,118232,2,,,1,60,,118255,2,,,1,20,,118233,2,,,1,20,,118234,2,,,1,60,,118256,2,,,1,20,,118235,2,,,1,20,,118236,2,,,1,60,,118257,2,,,1,20,,118237,2,,,1,20,,118238,2,,,1,60,,118258,2,,,1,20,,118239,2,,,1,20,,118240,2,,,1,60,,118259,2,,,1,20,,118241,2,,,1,20,,118242,2,,,1,15,,118275,2,,,1,56,,118264,2,,,1,15,,118272,2,,,1,15,,118265,2,,,1,15,,118261,2,,,1,55,,118273,2,,,1,15,,118274,2,,,1,15,,118269,2,,,1,15,,118263,2,,,1,55,,118243,2,,,1,15,,118244,2,,,1,30,,118268,2,,,1,69,,118245,2,,,1,30,,118246,2,,,1,70,,118247,2,,,1,30,,118248,2,,,1,70,,118249,2,,,1,30,,118250,2,,,1,70,,118251,2,,,1,30,,118270,2,,,1,100,,118252,2,,,1,100,,118253,2,,,1
51500,'515-Weekday-2-26-04-1110100',1522,,140025,2,,,1,26,,140026,2,,,1
51500,'515-Weekday-2-26-04-1111100',537,,140027,2,,,1,70,,140073,2,,,1,30,,140062,2,,,1,15,,140068,2,,,1,55,,140069,2,,,1,15,,140028,2,,,1,15,,140029,2,,,1,15,,140030,2,,,1,55,,140064,2,,,1,15,,140031,2,,,1,20,,140032,2,,,1,60,,140056,2,,,1,20,,140033,2,,,1,20,,140034,2,,,1,60,,140057,2,,,1,20,,140035,2,,,1,20,,140036,2,,,1,60,,140058,2,,,1,20,,140037,2,,,1,20,,140038,2,,,1,60,,140059,2,,,1,20,,140039,2,,,1,20,,140040,2,,,1,60,,140060,2,,,1,20,,140041,2,,,1,20,,140042,2,,,1,60,,140061,2,,,1,20,,140043,2,,,1,20,,140044,2,,,1,15,,140077,2,,,1,56,,140066,2,,,1,15,,140074,2,,,1,15,,140067,2,,,1,15,,140063,2,,,1,55,,140075,2,,,1,15,,140076,2,,,1,15,,140071,2,,,1,15,,140065,2,,,1,55,,140045,2,,,1,15,,140046,2,,,1,30,,140070,2,,,1,69,,140047,2,,,1,30,,140048,2,,,1,70,,140049,2,,,1,30,,140050,2,,,1,70,,140051,2,,,1,30,,140052,2,,,1,70,,140053,2,,,1,30,,140072,2,,,1,100,,140054,2,,,1,100,,140055,2,,,1
51500,'515-Weekday-3-26-04-0001000',1233,,140078,2,,,1
51500,'515-Weekday-3-26-04-1111100',537,,140079,2,,,1,70,,140125,2,,,1,30,,140114,2,,,1,15,,140120,2,,,1,55,,140121,2,,,1,15,,140080,2,,,1,15,,140081,2,,,1,15,,140082,2,,,1,55,,140116,2,,,1,15,,140083,2,,,1,20,,140084,2,,,1,60,,140108,2,,,1,20,,140085,2,,,1,20,,140086,2,,,1,60,,140109,2,,,1,20,,140087,2,,,1,20,,140088,2,,,1,60,,140110,2,,,1,20,,140089,2,,,1,20,,140090,2,,,1,60,,140111,2,,,1,20,,140091,2,,,1,20,,140092,2,,,1,60,,140112,2,,,1,20,,140093,2,,,1,20,,140094,2,,,1,60,,140113,2,,,1,20,,140095,2,,,1,20,,140096,2,,,1,15,,140129,2,,,1,56,,140118,2,,,1,15,,140126,2,,,1,15,,140119,2,,,1,15,,140115,2,,,1,55,,140127,2,,,1,15,,140128,2,,,1,15,,140123,2,,,1,15,,140117,2,,,1,55,,140097,2,,,1,15,,140098,2,,,1,30,,140122,2,,,1,69,,140099,2,,,1,30,,140100,2,,,1,70,,140101,2,,,1,30,,140102,2,,,1,70,,140103,2,,,1,30,,140104,2,,,1,70,,140105,2,,,1,30,,140124,2,,,1,100,,140106,2,,,1,100,,140107,2,,,1
51500,'515-Saturday-1-26-04-0000010',616,,118276,2,,,1,99,,118277,2,,,1,44,,118278,2,,,1,60,,118308,2,,,1,21,,118279,2,,,1,61,,118280,2,,,1,20,,118281,2,,,1,20,,118309,2,,,1,60,,118282,2,,,1,20,,118283,2,,,1,20,,118310,2,,,1,60,,118284,2,,,1,20,,118285,2,,,1,20,,118311,2,,,1,60,,118286,2,,,1,20,,118287,2,,,1,20,,118312,2,,,1,60,,118288,2,,,1,20,,118289,2,,,1,20,,118313,2,,,1,60,,118290,2,,,1,20,,118291,2,,,1,20,,118314,2,,,1,60,,118292,2,,,1,20,,118293,2,,,1,20,,118315,2,,,1,60,,118294,2,,,1,20,,118295,2,,,1,20,,118316,2,,,1,60,,118296,2,,,1,20,,118297,2,,,1,20,,118317,2,,,1,60,,118298,2,,,1,20,,118299,2,,,1,20,,118318,2,,,1,60,,118300,2,,,1,30,,118301,2,,,1,70,,118306,2,,,1,30,,118303,2,,,1,70,,118307,2,,,1,30,,118304,2,,,1,100,,118302,2,,,1,100,,118305,2,,,1
51500,'515-Sunday-1-26-04-0000001',616,,118319,2,,,1,100,,118320,2,,,1,100,,118321,2,,,1,98,,118322,2,,,1,45,,118323,2,,,1,60,,118324,2,,,1,20,,118348,2,,,1,20,,118325,2,,,1,60,,118326,2,,,1,20,,118349,2,,,1,20,,118327,2,,,1,60,,118328,2,,,1,20,,118350,2,,,1,20,,118329,2,,,1,60,,118330,2,,,1,20,,118351,2,,,1,20,,118331,2,,,1,60,,118332,2,,,1,20,,118352,2,,,1,20,,118333,2,,,1,60,,118334,2,,,1,20,,118353,2,,,1,20,,118335,2,,,1,60,,118336,2,,,1,20,,118354,2,,,1,20,,118337,2,,,1,62,,118338,2,,,1,20,,118355,2,,,1,60,,118339,2,,,1,20,,118340,2,,,1,20,,118356,2,,,1,60,,118341,2,,,1,30,,118344,2,,,1,70,,118342,2,,,1,30,,118345,2,,,1,70,,118346,2,,,1,100,,118343,2,,,1,100,,118347,2,,,1,100,,118357,2,,,1
52300,'523-Weekday-1-26-04-1111100',524,,119683,2,,,1,30,,119684,2,,,1,70,,119685,2,,,1,15,,119686,2,,,1,15,,119687,2,,,1,55,,119688,2,,,1,15,,119689,2,,,1,15,,119690,2,,,1,15,,119691,2,,,1,55,,119692,2,,,1,15,,119736,2,,,1,20,,119693,2,,,1,60,,119694,2,,,1,20,,119695,2,,,1,20,,119696,2,,,1,60,,119697,2,,,1,20,,119698,2,,,1,20,,119699,2,,,1,60,,119700,2,,,1,20,,119701,2,,,1,20,,119702,2,,,1,60,,119703,2,,,1,20,,119704,2,,,1,20,,119705,2,,,1,60,,119706,2,,,1,20,,119707,2,,,1,20,,119708,2,,,1,60,,119709,2,,,1,20,,119710,2,,,1,20,,119711,2,,,1,15,,119712,2,,,1,55,,119713,2,,,1,15,,119714,2,,,1,15,,119715,2,,,1,15,,119716,2,,,1,55,,119717,2,,,1,15,,119718,2,,,1,15,,119719,2,,,1,15,,119720,2,,,1,55,,119721,2,,,1,15,,119722,2,,,1,15,,119723,2,,,1,15,,119724,2,,,1,62,,119725,2,,,1,31,,119726,2,,,1,70,,119727,2,,,1,30,,119728,2,,,1,70,,119729,2,,,1,30,,119730,2,,,1,70,,119731,2,,,1,30,,119732,2,,,1,70,,119733,2,,,1,100,,119734,2,,,1,100,,119735,2,,,1
52300,'523-Weekday-2-26-04-1111100',524,,141302,2,,,1,30,,141303,2,,,1,70,,141304,2,,,1,15,,141305,2,,,1,15,,141306,2,,,1,55,,141307,2,,,1,15,,141308,2,,,1,15,,141309,2,,,1,15,,141310,2,,,1,55,,141311,2,,,1,15,,141355,2,,,1,20,,141312,2,,,1,60,,141313,2,,,1,20,,141314,2,,,1,20,,141315,2,,,1,60,,141316,2,,,1,20,,141317,2,,,1,20,,141318,2,,,1,60,,141319,2,,,1,20,,141320,2,,,1,20,,141321,2,,,1,60,,141322,2,,,1,20,,141323,2,,,1,20,,141324,2,,,1,60,,141325,2,,,1,20,,141326,2,,,1,20,,141327,2,,,1,60,,141328,2,,,1,20,,141329,2,,,1,20,,141330,2,,,1,15,,141331,2,,,1,55,,141332,2,,,1,15,,141333,2,,,1,15,,141334,2,,,1,15,,141335,2,,,1,55,,141336,2,,,1,15,,141337,2,,,1,15,,141338,2,,,1,15,,141339,2,,,1,55,,141340,2,,,1,15,,141341,2,,,1,15,,141342,2,,,1,15,,141343,2,,,1,62,,141344,2,,,1,31,,141345,2,,,1,70,,141346,2,,,1,30,,141347,2,,,1,70,,141348,2,,,1,30,,141349,2,,,1,70,,141350,2,,,1,30,,141351,2,,,1,70,,141352,2,,,1,100,,141353,2,,,1,100,,141354,2,,,1
52300,'523-Weekday-3-26-04-1111100',524,,141356,2,,,1,30,,141357,2,,,1,70,,141358,2,,,1,15,,141359,2,,,1,15,,141360,2,,,1,55,,141361,2,,,1,15,,141362,2,,,1,15,,141363,2,,,1,15,,141364,2,,,1,55,,141365,2,,,1,15,,141409,2,,,1,20,,141366,2,,,1,60,,141367,2,,,1,20,,141368,2,,,1,20,,141369,2,,,1,60,,141370,2,,,1,20,,141371,2,,,1,20,,141372,2,,,1,60,,141373,2,,,1,20,,141374,2,,,1,20,,141375,2,,,1,60,,141376,2,,,1,20,,141377,2,,,1,20,,141378,2,,,1,60,,141379,2,,,1,20,,141380,2,,,1,20,,141381,2,,,1,60,,141382,2,,,1,20,,141383,2,,,1,20,,141384,2,,,1,15,,141385,2,,,1,55,,141386,2,,,1,15,,141387,2,,,1,15,,141388,2,,,1,15,,141389,2,,,1,55,,141390,2,,,1,15,,141391,2,,,1,15,,141392,2,,,1,15,,141393,2,,,1,55,,141394,2,,,1,15,,141395,2,,,1,15,,141396,2,,,1,15,,141397,2,,,1,62,,141398,2,,,1,31,,141399,2,,,1,70,,141400,2,,,1,30,,141401,2,,,1,70,,141402,2,,,1,30,,141403,2,,,1,70,,141404,2,,,1,30,,141405,2,,,1,70,,141406,2,,,1,100,,141407,2,,,1,100,,141408,2,,,1
52300,'523-Saturday-1-26-04-0000010',543,,119737,2,,,1,100,,119738,2,,,1,100,,119739,2,,,1,60,,119740,2,,,1,20,,119770,2,,,1,20,,119741,2,,,1,59,,119742,2,,,1,20,,119771,2,,,1,20,,119743,2,,,1,60,,119744,2,,,1,20,,119772,2,,,1,20,,119745,2,,,1,60,,119746,2,,,1,20,,119773,2,,,1,20,,119747,2,,,1,60,,119748,2,,,1,20,,119774,2,,,1,20,,119749,2,,,1,60,,119750,2,,,1,20,,119775,2,,,1,20,,119751,2,,,1,60,,119752,2,,,1,20,,119776,2,,,1,20,,119753,2,,,1,60,,119754,2,,,1,20,,119777,2,,,1,20,,119755,2,,,1,60,,119756,2,,,1,20,,119778,2,,,1,20,,119757,2,,,1,60,,119758,2,,,1,20,,119779,2,,,1,20,,119759,2,,,1,60,,119760,2,,,1,20,,119780,2,,,1,20,,119761,2,,,1,60,,119762,2,,,1,20,,119781,2,,,1,20,,119763,2,,,1,60,,119764,2,,,1,20,,119782,2,,,1,20,,119765,2,,,1,60,,119766,2,,,1,20,,119783,2,,,1,20,,119767,2,,,1,60,,119784,2,,,1,100,,119768,2,,,1,100,,119769,2,,,1
52300,'523-Sunday-1-26-04-0000001',644,,119785,2,,,1,100,,119786,2,,,1,100,,119787,2,,,1,99,,119788,2,,,1,60,,119789,2,,,1,20,,119790,2,,,1,20,,119791,2,,,1,60,,119792,2,,,1,20,,119793,2,,,1,20,,119794,2,,,1,60,,119795,2,,,1,20,,119796,2,,,1,20,,119797,2,,,1,60,,119798,2,,,1,20,,119799,2,,,1,20,,119800,2,,,1,60,,119801,2,,,1,20,,119802,2,,,1,20,,119803,2,,,1,60,,119804,2,,,1,20,,119805,2,,,1,20,,119806,2,,,1,60,,119810,2,,,1,20,,119807,2,,,1,20,,119811,2,,,1,60,,119808,2,,,1,20,,119814,2,,,1,20,,119815,2,,,1,60,,119816,2,,,1,20,,119817,2,,,1,30,,119818,2,,,1,70,,119819,2,,,1,30,,119820,2,,,1,70,,119821,2,,,1,30,,119822,2,,,1,70,,119812,2,,,1,100,,119813,2,,,1,100,,119809,2,,,1,100,,119823,2,,,1
52601,'526-Saturday-1-26-04-0000010',848,,120093,2,,,1,100,,120094,2,,,1,100,,120095,2,,,1,100,,120096,2,,,1,100,,120097,2,,,1,100,,120098,2,,,1,100,,120099,2,,,1,100,,120092,2,,,1
52601,'526-Sunday-1-26-04-0000001',848,,120100,2,,,1,100,,120101,2,,,1,100,,120102,2,,,1,100,,120103,2,,,1,100,,120104,2,,,1,100,,120105,2,,,1,100,,120106,2,,,1,100,,120107,2,,,1
