68201,'682-Weekday-1-26-09-0001000',1223,,227866,19,4,,1,93,,227867,31,4,,1
68201,'682-Weekday-1-26-09-1110100',1534,,227868,19,4,,1,80,,227869,31,4,,1
70600,'706-Weekday-1-26-09-1111100',532,,229729,1,,,1,70,,229730,1,,,1,30,,229731,1,,,1,20,,229732,1,,,1,60,,229733,1,,,1,20,,229734,1,,,1,20,,229735,1,,,1,60,,229736,1,,,1,20,,229737,1,,,1,73,,229738,1,,,1,27,,229739,1,,,1,70,,229740,1,,,1,30,,229741,1,,,1,70,,229742,1,,,1,30,,229743,1,,,1,70,,229744,1,,,1,30,,229745,1,,,1,70,,229746,1,,,1,30,,229747,1,,,1,70,,229748,1,,,1,30,,229749,1,,,1,70,,229750,1,,,1,30,,229751,1,,,1,70,,229752,1,,,1,30,,229753,1,,,1,70,,229754,1,,,1,30,,229755,1,,,1,70,,229756,1,,,1,30,,229757,1,,,1,70,,229758,1,,,1,30,,229759,1,,,1,70,,229760,1,,,1,30,,229761,1,,,1,70,,229762,1,,,1,30,,229763,1,,,1,70,,229764,1,,,1
70600,'706-Weekday-2-26-09-1111100',532,,229765,1,,,1,70,,229766,1,,,1,30,,229767,1,,,1,20,,229768,1,,,1,60,,229769,1,,,1,20,,229770,1,,,1,20,,229771,1,,,1,60,,229772,1,,,1,20,,229773,1,,,1,73,,229774,1,,,1,27,,229775,1,,,1,70,,229776,1,,,1,30,,229777,1,,,1,70,,229778,1,,,1,30,,229779,1,,,1,70,,229780,1,,,1,30,,229781,1,,,1,70,,229782,1,,,1,30,,229783,1,,,1,70,,229784,1,,,1,30,,229785,1,,,1,70,,229786,1,,,1,30,,229787,1,,,1,70,,229788,1,,,1,30,,229789,1,,,1,70,,229790,1,,,1,30,,229791,1,,,1,70,,229792,1,,,1,30,,229793,1,,,1,70,,229794,1,,,1,30,,229795,1,,,1,70,,229796,1,,,1,30,,229797,1,,,1,70,,229798,1,,,1,30,,229799,1,,,1,70,,229800,1,,,1
70600,'706-Weekday-4-26-09-1111100',532,,229801,1,,,1,70,,229802,1,,,1,30,,229803,1,,,1,20,,229804,1,,,1,60,,229805,1,,,1,20,,229806,1,,,1,20,,229807,1,,,1,60,,229808,1,,,1,20,,229809,1,,,1,73,,229810,1,,,1,27,,229811,1,,,1,70,,229812,1,,,1,30,,229813,1,,,1,70,,229814,1,,,1,30,,229815,1,,,1,70,,229816,1,,,1,30,,229817,1,,,1,70,,229818,1,,,1,30,,229819,1,,,1,70,,229820,1,,,1,30,,229821,1,,,1,70,,229822,1,,,1,30,,229823,1,,,1,70,,229824,1,,,1,30,,229825,1,,,1,70,,229826,1,,,1,30,,229827,1,,,1,70,,229828,1,,,1,30,,229829,1,,,1,70,,229830,1,,,1,30,,229831,1,,,1,70,,229832,1,,,1,30,,229833,1,,,1,70,,229834,1,,,1,30,,229835,1,,,1,70,,229836,1,,,1
70600,'706-Saturday-1-26-09-0000010',615,,229837,1,,,1,100,,229838,1,,,1,100,,229839,1,,,1,30,,229840,1,,,1,70,,229841,1,,,1,30,,229842,1,,,1,70,,229843,1,,,1,30,,229844,1,,,1,70,,229845,1,,,1,30,,229846,1,,,1,70,,229847,1,,,1,29,,229848,1,,,1,71,,229849,1,,,1,30,,229850,1,,,1,70,,229851,1,,,1,30,,229852,1,,,1,70,,229853,1,,,1,30,,229854,1,,,1,70,,229855,1,,,1,30,,229856,1,,,1,70,,229857,1,,,1,30,,229858,1,,,1,70,,229859,1,,,1,30,,229860,1,,,1,70,,229861,1,,,1,100,,229862,1,,,1,100,,229863,1,,,1,100,,229864,1,,,1
70600,'706-Sunday-1-26-09-0000001',618,,229865,1,,,1,100,,229866,1,,,1,100,,229867,1,,,1,100,,229868,1,,,1,100,,229869,1,,,1,30,,229870,1,,,1,70,,229871,1,,,1,30,,229872,1,,,1,70,,229873,1,,,1,30,,229874,1,,,1,70,,229875,1,,,1,30,,229876,1,,,1,70,,229877,1,,,1,30,,229878,1,,,1,70,,229879,1,,,1,30,,229880,1,,,1,70,,229881,1,,,1,30,,229882,1,,,1,70,,229883,1,,,1,30,,229884,1,,,1,70,,229885,1,,,1,30,,229886,1,,,1,70,,229887,1,,,1,100,,229888,1,,,1,100,,229889,1,,,1
70601,'706-Weekday-1-26-09-1111100',603,,229925,23,4,,1,28,,229890,23,4,,1,72,,229891,23,4,,1,30,,229892,23,4,,1,70,,229893,23,4,,1,30,,229926,23,4,,1,68,,229894,23,4,,1,28,,229895,23,4,,1,29,,229896,23,4,,1,70,,229897,23,4,,1,30,,229898,23,4,,1,70,,229899,23,4,,1,30,,229900,23,4,,1,70,,229901,23,4,,1,30,,229902,23,4,,1,70,,229903,23,4,,1,30,,229904,23,4,,1,70,,229905,23,4,,1,30,,229906,23,4,,1,73,,229907,23,4,,1,20,,229908,23,4,,1,60,,229909,23,4,,1,20,,229910,23,4,,1,20,,229911,23,4,,1,60,,229912,23,4,,1,20,,229913,23,4,,1,20,,229914,23,4,,1,60,,229915,23,4,,1,20,,229916,23,4,,1,26,,229917,23,4,,1,70,,229918,23,4,,1,30,,229919,23,4,,1,70,,229920,23,4,,1,30,,229921,23,4,,1,70,,229922,23,4,,1,30,,229923,23,4,,1,70,,229924,23,4,,1
70601,'706-Weekday-2-26-09-1111100',603,,229962,23,4,,1,28,,229927,23,4,,1,72,,229928,23,4,,1,30,,229929,23,4,,1,70,,229930,23,4,,1,30,,229963,23,4,,1,68,,229931,23,4,,1,28,,229932,23,4,,1,29,,229933,23,4,,1,70,,229934,23,4,,1,30,,229935,23,4,,1,70,,229936,23,4,,1,30,,229937,23,4,,1,70,,229938,23,4,,1,30,,229939,23,4,,1,70,,229940,23,4,,1,30,,229941,23,4,,1,70,,229942,23,4,,1,30,,229943,23,4,,1,73,,229944,23,4,,1,20,,229945,23,4,,1,60,,229946,23,4,,1,20,,229947,23,4,,1,20,,229948,23,4,,1,60,,229949,23,4,,1,20,,229950,23,4,,1,20,,229951,23,4,,1,60,,229952,23,4,,1,20,,229953,23,4,,1,26,,229954,23,4,,1,70,,229955,23,4,,1,30,,229956,23,4,,1,70,,229957,23,4,,1,30,,229958,23,4,,1,70,,229959,23,4,,1,30,,229960,23,4,,1,70,,229961,23,4,,1
70601,'706-Weekday-4-26-09-1111100',603,,229999,23,4,,1,28,,229964,23,4,,1,72,,229965,23,4,,1,30,,229966,23,4,,1,70,,229967,23,4,,1,30,,230000,23,4,,1,68,,229968,23,4,,1,28,,229969,23,4,,1,29,,229970,23,4,,1,70,,229971,23,4,,1,30,,229972,23,4,,1,70,,229973,23,4,,1,30,,229974,23,4,,1,70,,229975,23,4,,1,30,,229976,23,4,,1,70,,229977,23,4,,1,30,,229978,23,4,,1,70,,229979,23,4,,1,30,,229980,23,4,,1,73,,229981,23,4,,1,20,,229982,23,4,,1,60,,229983,23,4,,1,20,,229984,23,4,,1,20,,229985,23,4,,1,60,,229986,23,4,,1,20,,229987,23,4,,1,20,,229988,23,4,,1,60,,229989,23,4,,1,20,,229990,23,4,,1,26,,229991,23,4,,1,70,,229992,23,4,,1,30,,229993,23,4,,1,70,,229994,23,4,,1,30,,229995,23,4,,1,70,,229996,23,4,,1,30,,229997,23,4,,1,70,,229998,23,4,,1
70601,'706-Saturday-1-26-09-0000010',704,,230001,23,4,,1,100,,230002,23,4,,1,30,,230003,23,4,,1,70,,230004,23,4,,1,31,,230005,23,4,,1,70,,230006,23,4,,1,30,,230007,23,4,,1,70,,230008,23,4,,1,30,,230009,23,4,,1,70,,230010,23,4,,1,30,,230011,23,4,,1,70,,230012,23,4,,1,30,,230013,23,4,,1,70,,230014,23,4,,1,30,,230015,23,4,,1,70,,230016,23,4,,1,30,,230017,23,4,,1,70,,230018,23,4,,1,30,,230019,23,4,,1,70,,230020,23,4,,1,30,,230021,23,4,,1,70,,230022,23,4,,1,30,,230023,23,4,,1,70,,230024,23,4,,1,30,,230025,23,4,,1,70,,230026,23,4,,1,100,,230027,23,4,,1,100,,230028,23,4,,1
70601,'706-Sunday-1-26-09-0000001',708,,230029,23,4,,1,100,,230030,23,4,,1,100,,230031,23,4,,1,101,,230032,23,4,,1,30,,230033,23,4,,1,70,,230034,23,4,,1,30,,230036,23,4,,1,70,,230037,23,4,,1,30,,230038,23,4,,1,70,,230035,23,4,,1,30,,230039,23,4,,1,70,,230040,23,4,,1,30,,230041,23,4,,1,70,,230042,23,4,,1,30,,230043,23,4,,1,70,,230044,23,4,,1,30,,230045,23,4,,1,70,,230046,23,4,,1,29,,230048,23,4,,1,70,,230049,23,4,,1,30,,230050,23,4,,1,70,,230047,23,4,,1,100,,230051,23,4,,1,100,,230052,23,4,,1
