5100,'051-Weekday-1-26-06-1111100',554,,155029,37,,,1,70,,155002,37,,,1,77,,155003,36,,,1,26,,155032,37,,,1,30,,155017,37,,,1,70,,155004,36,,,1,30,,155026,37,,,1,69,,155025,36,,,1,30,,155024,36,,,1,70,,155023,36,,,1,30,,155022,36,,,1,70,,155033,36,,,1,30,,155021,36,,,1,70,,155034,36,,,1,30,,155035,36,,,1,70,,155036,36,,,1,30,,155037,36,,,1,70,,155038,36,,,1,31,,155018,36,,,1,67,,155005,37,,,1,22,,155031,37,,,1,60,,155006,36,,,1,20,,155019,37,,,1,20,,155007,36,,,1,60,,155020,36,,,1,20,,155027,37,,,1,20,,155030,36,,,1,60,,155008,36,,,1,27,,155009,36,,,1,21,,155010,36,,,1,69,,155011,36,,,1,30,,155028,36,,,1,70,,155012,36,,,1,30,,155013,36,,,1,70,,155014,36,,,1,30,,155015,36,,,1,68,,155039,36,,,1,100,,155016,36,,,1
5100,'051-Saturday-1-26-06-0000010',705,,155063,36,,,1,99,,155040,36,,,1,100,,155041,37,,,1,33,,155042,36,,,1,72,,155043,36,,,1,30,,155044,36,,,1,70,,155045,36,,,1,30,,155047,37,,,1,70,,155048,37,,,1,30,,155049,36,,,1,70,,155046,36,,,1,30,,155050,36,,,1,70,,155051,36,,,1,30,,155052,36,,,1,70,,155054,36,,,1,30,,155055,36,,,1,70,,155056,36,,,1,30,,155053,36,,,1,70,,155057,36,,,1,29,,155058,36,,,1,70,,155059,36,,,1,30,,155060,36,,,1,70,,155061,36,,,1,30,,155062,36,,,1,100,,155064,37,,,1,100,,155065,36,,,1,100,,155066,36,,,1
5100,'051-Sunday-1-26-06-0000001',745,,155086,36,,,1,100,,155087,36,,,1,103,,155088,36,,,1,66,,155091,36,,,1,26,,155067,36,,,1,70,,155068,36,,,1,30,,155069,36,,,1,70,,155070,36,,,1,30,,155071,37,,,1,70,,155073,36,,,1,30,,155074,37,,,1,70,,155076,36,,,1,30,,155072,36,,,1,70,,155077,36,,,1,30,,155078,36,,,1,70,,155075,36,,,1,30,,155079,36,,,1,69,,155080,36,,,1,29,,155081,36,,,1,68,,155082,36,,,1,30,,155083,36,,,1,70,,155084,36,,,1,30,,155085,36,,,1,100,,155089,37,,,1,100,,155090,36,,,1,100,,155092,36,,,1
10600,'106-Weekday-1-26-06-1111100',532,,158408,10,,,1,73,,158412,10,,,1,31,,158413,10,,,1,70,,158458,10,,,1,12,,158414,10,,,1,15,,158459,10,,,1,15,,158415,10,,,1,55,,158416,10,,,1,15,,158418,10,,,1,15,,158417,10,,,1,15,,158421,10,,,1,54,,158419,10,,,1,14,,158424,10,,,1,18,,158425,10,,,1,20,,158426,10,,,1,60,,158427,10,,,1,20,,158428,10,,,1,20,,158429,10,,,1,60,,158430,10,,,1,20,,158431,10,,,1,20,,158432,10,,,1,60,,158433,10,,,1,20,,158434,10,,,1,20,,158435,10,,,1,60,,158436,10,,,1,20,,158437,10,,,1,20,,158438,10,,,1,60,,158439,10,,,1,20,,158440,10,,,1,20,,158441,10,,,1,62,,158442,10,,,1,16,,158420,10,,,1,15,,158445,10,,,1,55,,158422,10,,,1,15,,158446,10,,,1,15,,158423,10,,,1,15,,158447,10,,,1,55,,158443,10,,,1,15,,158448,10,,,1,15,,158444,10,,,1,15,,158449,10,,,1,70,,158450,10,,,1,27,,158451,10,,,1,65,,158452,10,,,1,30,,158453,10,,,1,70,,158454,10,,,1,30,,158455,10,,,1,70,,158456,10,,,1,30,,158457,10,,,1,68,,158410,10,,,1,26,,158411,10,,,1,100,,158409,10,0,14,1
10600,'106-Weekday-3-26-06-1111100',532,,158461,10,,,1,73,,158465,10,,,1,31,,158466,10,,,1,70,,158511,10,,,1,12,,158467,10,,,1,15,,158512,10,,,1,15,,158468,10,,,1,55,,158469,10,,,1,15,,158471,10,,,1,15,,158470,10,,,1,15,,158474,10,,,1,54,,158472,10,,,1,14,,158477,10,,,1,18,,158478,10,,,1,20,,158479,10,,,1,60,,158480,10,,,1,20,,158481,10,,,1,20,,158482,10,,,1,60,,158483,10,,,1,20,,158484,10,,,1,20,,158485,10,,,1,60,,158486,10,,,1,20,,158487,10,,,1,20,,158488,10,,,1,60,,158489,10,,,1,20,,158490,10,,,1,20,,158491,10,,,1,60,,158492,10,,,1,20,,158493,10,,,1,20,,158494,10,,,1,62,,158495,10,,,1,16,,158473,10,,,1,15,,158498,10,,,1,55,,158475,10,,,1,15,,158499,10,,,1,15,,158476,10,,,1,15,,158500,10,,,1,55,,158496,10,,,1,15,,158501,10,,,1,15,,158497,10,,,1,15,,158502,10,,,1,70,,158503,10,,,1,27,,158504,10,,,1,65,,158505,10,,,1,30,,158506,10,,,1,70,,158507,10,,,1,30,,158508,10,,,1,70,,158509,10,,,1,30,,158510,10,,,1,68,,158463,10,,,1,26,,158464,10,,,1,100,,158462,10,0,14,1
10600,'106-Saturday-1-26-06-0000010',535,,158513,10,,,1,72,,158514,10,,,1,30,,158515,10,,,1,70,,158516,10,,,1,30,,158517,10,,,1,70,,158518,10,,,1,30,,158519,10,,,1,71,,158520,10,,,1,36,,158521,10,,,1,70,,158522,10,,,1,30,,158523,10,,,1,70,,158524,10,,,1,30,,158525,10,,,1,70,,158526,10,,,1,30,,158527,10,,,1,70,,158528,10,,,1,30,,158529,10,,,1,70,,158530,10,,,1,30,,158531,10,,,1,70,,158532,10,,,1,30,,158533,10,,,1,70,,158534,10,,,1,30,,158535,10,,,1,68,,158536,10,,,1,29,,158537,10,,,1,70,,158538,10,,,1,30,,158539,10,,,1,70,,158540,10,,,1,30,,158541,10,,,1,70,,158542,10,,,1,30,,158543,10,,,1,70,,158544,10,,,1,30,,158545,10,,,1,70,,158546,10,,,1,30,,158547,10,,,1,100,,158548,10,,,1
10600,'106-Sunday-1-26-06-0000001',623,,158549,10,,,1,30,,158550,10,,,1,70,,158551,10,,,1,30,,158552,10,,,1,70,,158553,10,,,1,30,,158554,10,,,1,72,,158555,10,,,1,34,,158556,10,,,1,70,,158557,10,,,1,30,,158558,10,,,1,70,,158559,10,,,1,30,,158560,10,,,1,70,,158561,10,,,1,30,,158562,10,,,1,70,,158563,10,,,1,30,,158564,10,,,1,70,,158565,10,,,1,30,,158566,10,,,1,70,,158567,10,,,1,30,,158568,10,,,1,70,,158569,10,,,1,30,,158570,10,,,1,68,,158571,10,,,1,27,,158572,10,,,1,70,,158573,10,,,1,30,,158574,10,,,1,70,,158575,10,,,1,30,,158576,10,,,1,70,,158577,10,,,1,30,,158578,10,,,1,70,,158579,10,,,1,100,,158580,10,,,1,100,,158581,10,,,1
12701,'127-Weekday-1-26-06-1111100',828,,161458,30,,,1,100,,161451,30,,,1,100,,161452,30,,,1,100,,161453,30,,,1,100,,161454,30,,,1,100,,161455,30,,,1,100,,161456,30,,,1,100,,161457,30,,,1,100,,161459,30,,,1,100,,161460,30,,,1
12701,'127-Saturday-1-26-06-0000010',927,,161461,30,,,1,100,,161462,30,,,1,100,,161463,30,,,1,100,,161464,30,,,1,100,,161465,30,,,1,100,,161466,30,,,1,100,,161467,30,,,1,100,,161468,30,,,1,100,,161469,30,,,1
12701,'127-Sunday-1-26-06-0000001',828,,161470,18,,,1,100,,161471,18,,,1,100,,161472,18,,,1,100,,161473,18,,,1,100,,161474,18,,,1,100,,161475,18,,,1,100,,161476,18,,,1,100,,161477,18,,,1,100,,161478,18,,,1,100,,161479,18,,,1
62501,'625-Weekday-3-26-06-1111100',748,,165182,36,,,1
