10601,'106-Weekday-1-26-09-1111100',548,,215573,25,,,1,70,,215574,25,,,1,37,,215575,25,,,1,70,,215576,25,,,1,10,,215577,25,,,1,10,,215623,25,,,1,10,,215578,25,,,1,50,,215579,25,,,1,10,,215622,25,,,1,10,,215580,25,,,1,10,,215581,25,,,1,10,,215620,25,,,1,56,,215629,25,,,1,16,,215630,25,,,1,17,,215582,25,,,1,20,,215583,25,,,1,60,,215584,25,,,1,20,,215585,25,,,1,20,,215586,25,,,1,60,,215587,25,,,1,20,,215588,25,,,1,20,,215589,25,,,1,60,,215590,25,,,1,20,,215591,25,,,1,20,,215592,25,,,1,60,,215593,25,,,1,20,,215594,25,,,1,20,,215595,25,,,1,60,,215596,25,,,1,20,,215597,25,,,1,21,,215598,25,,,1,50,,215599,25,,,1,10,,215624,25,,,1,10,,215600,25,,,1,10,,215601,25,,,1,10,,215625,25,,,1,10,,215602,25,,,1,50,,215603,25,,,1,10,,215626,25,,,1,10,,215604,25,,,1,10,,215605,25,,,1,10,,215627,25,,,1,10,,215606,25,,,1,50,,215607,25,,,1,10,,215628,25,,,1,10,,215621,25,,,1,15,,215631,25,,,1,15,,215608,25,,,1,69,,215609,25,,,1,27,,215610,25,,,1,70,,215611,25,,,1,30,,215612,25,,,1,70,,215613,25,,,1,30,,215614,25,,,1,70,,215615,25,,,1,30,,215616,25,,,1,67,,215617,25,,,1,100,,215618,25,,,1
10601,'106-Weekday-2-26-09-1111100',548,,215634,25,,,1,70,,215635,25,,,1,37,,215636,25,,,1,70,,215637,25,,,1,10,,215638,25,,,1,10,,215684,25,,,1,10,,215639,25,,,1,50,,215640,25,,,1,10,,215683,25,,,1,10,,215641,25,,,1,10,,215642,25,,,1,10,,215681,25,,,1,56,,215690,25,,,1,16,,215691,25,,,1,17,,215643,25,,,1,20,,215644,25,,,1,60,,215645,25,,,1,20,,215646,25,,,1,20,,215647,25,,,1,60,,215648,25,,,1,20,,215649,25,,,1,20,,215650,25,,,1,60,,215651,25,,,1,20,,215652,25,,,1,20,,215653,25,,,1,60,,215654,25,,,1,20,,215655,25,,,1,20,,215656,25,,,1,60,,215657,25,,,1,20,,215658,25,,,1,21,,215659,25,,,1,50,,215660,25,,,1,10,,215685,25,,,1,10,,215661,25,,,1,10,,215662,25,,,1,10,,215686,25,,,1,10,,215663,25,,,1,50,,215664,25,,,1,10,,215687,25,,,1,10,,215665,25,,,1,10,,215666,25,,,1,10,,215688,25,,,1,10,,215667,25,,,1,50,,215668,25,,,1,10,,215689,25,,,1,10,,215682,25,,,1,15,,215692,25,,,1,15,,215669,25,,,1,69,,215670,25,,,1,27,,215671,25,,,1,70,,215672,25,,,1,30,,215673,25,,,1,70,,215674,25,,,1,30,,215675,25,,,1,70,,215676,25,,,1,30,,215677,25,,,1,67,,215678,25,,,1,100,,215679,25,,,1
10601,'106-Weekday-4-26-09-1111100',548,,215693,25,,,1,70,,215694,25,,,1,37,,215695,25,,,1,70,,215696,25,,,1,10,,215697,25,,,1,10,,215743,25,,,1,10,,215698,25,,,1,50,,215699,25,,,1,10,,215742,25,,,1,10,,215700,25,,,1,10,,215701,25,,,1,10,,215740,25,,,1,56,,215749,25,,,1,16,,215750,25,,,1,17,,215702,25,,,1,20,,215703,25,,,1,60,,215704,25,,,1,20,,215705,25,,,1,20,,215706,25,,,1,60,,215707,25,,,1,20,,215708,25,,,1,20,,215709,25,,,1,60,,215710,25,,,1,20,,215711,25,,,1,20,,215712,25,,,1,60,,215713,25,,,1,20,,215714,25,,,1,20,,215715,25,,,1,60,,215716,25,,,1,20,,215717,25,,,1,21,,215718,25,,,1,50,,215719,25,,,1,10,,215744,25,,,1,10,,215720,25,,,1,10,,215721,25,,,1,10,,215745,25,,,1,10,,215722,25,,,1,50,,215723,25,,,1,10,,215746,25,,,1,10,,215724,25,,,1,10,,215725,25,,,1,10,,215747,25,,,1,10,,215726,25,,,1,50,,215727,25,,,1,10,,215748,25,,,1,10,,215741,25,,,1,15,,215751,25,,,1,15,,215728,25,,,1,69,,215729,25,,,1,27,,215730,25,,,1,70,,215731,25,,,1,30,,215732,25,,,1,70,,215733,25,,,1,30,,215734,25,,,1,70,,215735,25,,,1,30,,215736,25,,,1,67,,215737,25,,,1,100,,215738,25,,,1
10601,'106-Saturday-1-26-09-0000010',550,,215752,25,,,1,70,,215753,25,,,1,30,,215754,25,,,1,70,,215755,25,,,1,30,,215756,25,,,1,70,,215757,25,,,1,30,,215786,25,,,1,74,,215758,25,,,1,30,,215759,25,,,1,70,,215760,25,,,1,30,,215761,25,,,1,70,,215762,25,,,1,30,,215763,25,,,1,70,,215764,25,,,1,30,,215765,25,,,1,70,,215766,25,,,1,30,,215767,25,,,1,70,,215768,25,,,1,30,,215769,25,,,1,70,,215770,25,,,1,30,,215771,25,,,1,70,,215772,25,,,1,29,,215773,25,,,1,70,,215785,25,,,1,30,,215784,25,,,1,70,,215783,25,,,1,30,,215782,25,,,1,70,,215774,25,,,1,30,,215775,25,,,1,70,,215776,25,,,1,30,,215777,25,,,1,70,,215778,25,,,1,30,,215779,25,,,1,70,,215787,25,,,1,100,,215780,25,,,1,100,,215781,25,,,1
10601,'106-Sunday-1-26-09-0000001',636,,215788,25,,,1,70,,215789,25,,,1,30,,215790,25,,,1,70,,215791,25,,,1,30,,215792,25,,,1,69,,215793,25,,,1,34,,215794,25,,,1,70,,215795,25,,,1,30,,215796,25,,,1,70,,215797,25,,,1,30,,215798,25,,,1,70,,215799,25,,,1,30,,215800,25,,,1,70,,215801,25,,,1,30,,215802,25,,,1,70,,215803,25,,,1,30,,215804,25,,,1,70,,215805,25,,,1,30,,215806,25,,,1,70,,215807,25,,,1,30,,215808,25,,,1,70,,215809,25,,,1,27,,215810,25,,,1,70,,215811,25,,,1,30,,215812,25,,,1,70,,215813,25,,,1,30,,215814,25,,,1,70,,215815,25,,,1,30,,215816,25,,,1,70,,215817,25,,,1,100,,215818,25,,,1,100,,215819,25,,,1
61301,'613-Weekday-1-26-09-0001000',1232,,227414,9,,,1,198,,227415,9,,,1
61301,'613-Weekday-1-26-09-1110100',1510,,227416,9,,,1,20,,227417,9,,,1
61301,'613-Weekday-3-26-09-1110100',1530,,227418,9,,,1
62500,'625-Weekday-1-26-09-1110100',1510,,227551,8,,,1
24015000,'150X-Weekday-1-26-09-1111100',1516,,245085,21,,,1,20,,245086,21,,,1,22,,245087,21,,,1,61,,245088,21,,,1,20,,245089,21,,,1,20,,245090,21,,,1,58,,245091,21,,,1,19,,245092,21,,,1,20,,245093,21,,,1
24015000,'150X-Weekday-2-26-09-1111100',1516,,245094,21,,,1,20,,245095,21,,,1,22,,245096,21,,,1,61,,245097,21,,,1,20,,245098,21,,,1,20,,245099,21,,,1,58,,245100,21,,,1,19,,245101,21,,,1,20,,245102,21,,,1
24015000,'150X-Weekday-4-26-09-1111100',1516,,245103,21,,,1,20,,245104,21,,,1,22,,245105,21,,,1,61,,245106,21,,,1,20,,245107,21,,,1,20,,245108,21,,,1,58,,245109,21,,,1,19,,245110,21,,,1,20,,245111,21,,,1
