91601,'916-Weekday-1-26-04-0001000',1241,,126907,39,,,1
91601,'916-Weekday-1-26-04-1110100',1547,,126908,39,,,1,93,,126909,39,,,1
91601,'916-Weekday-1-26-04-1111100',608,,126910,39,,,1,31,,126945,39,,,1,61,,126946,39,,,1,19,,126947,39,,,1,20,,126948,39,,,1,20,,126949,39,,,1,60,,126950,39,,,1,24,,126911,39,,,1,65,,126944,39,,,1,31,,126912,39,,,1,72,,126913,39,,,1,30,,126914,39,,,1,70,,126915,39,,,1,30,,126916,39,,,1,70,,126917,39,,,1,30,,126918,39,,,1,70,,126919,39,,,1,30,,126920,39,,,1,70,,126921,39,,,1,30,,126922,39,,,1,71,,126923,39,,,1,20,,126924,39,,,1,12,,126925,39,,,1,12,,126926,39,,,1,52,,126951,39,,,1,12,,126927,39,,,1,12,,126928,39,,,1,12,,126929,39,,,1,12,,126930,39,,,1,52,,126952,39,,,1,12,,126931,39,,,1,12,,126932,39,,,1,12,,126933,39,,,1,12,,126934,39,,,1,56,,126943,39,,,1,29,,126935,39,,,1,68,,126936,39,,,1,30,,126937,39,,,1,70,,126938,39,,,1,30,,126939,39,,,1,70,,126940,39,,,1,30,,126941,39,,,1,69,,126942,39,,,1,28,,126953,39,,,1,66,,126954,39,,,1,100,,126955,39,,,1
91601,'916-Weekday-2-26-04-1110100',1640,,148152,39,,,1
91601,'916-Weekday-2-26-04-1111100',608,,148153,39,,,1,31,,148188,39,,,1,61,,148189,39,,,1,19,,148190,39,,,1,20,,148191,39,,,1,20,,148192,39,,,1,60,,148193,39,,,1,24,,148154,39,,,1,65,,148187,39,,,1,31,,148155,39,,,1,72,,148156,39,,,1,30,,148157,39,,,1,70,,148158,39,,,1,30,,148159,39,,,1,70,,148160,39,,,1,30,,148161,39,,,1,70,,148162,39,,,1,30,,148163,39,,,1,70,,148164,39,,,1,30,,148165,39,,,1,71,,148166,39,,,1,20,,148167,39,,,1,12,,148168,39,,,1,12,,148169,39,,,1,52,,148194,39,,,1,12,,148170,39,,,1,12,,148171,39,,,1,12,,148172,39,,,1,12,,148173,39,,,1,52,,148195,39,,,1,12,,148174,39,,,1,12,,148175,39,,,1,12,,148176,39,,,1,12,,148177,39,,,1,56,,148186,39,,,1,29,,148178,39,,,1,68,,148179,39,,,1,30,,148180,39,,,1,70,,148181,39,,,1,30,,148182,39,,,1,70,,148183,39,,,1,30,,148184,39,,,1,69,,148185,39,,,1,28,,148196,39,,,1,66,,148197,39,,,1,100,,148198,39,,,1
91601,'916-Weekday-3-26-04-0001000',1241,,148199,39,,,1
91601,'916-Weekday-3-26-04-1110100',1547,,148200,39,,,1
91601,'916-Weekday-3-26-04-1111100',608,,148201,39,,,1,31,,148236,39,,,1,61,,148237,39,,,1,19,,148238,39,,,1,20,,148239,39,,,1,20,,148240,39,,,1,60,,148241,39,,,1,24,,148202,39,,,1,65,,148235,39,,,1,31,,148203,39,,,1,72,,148204,39,,,1,30,,148205,39,,,1,70,,148206,39,,,1,30,,148207,39,,,1,70,,148208,39,,,1,30,,148209,39,,,1,70,,148210,39,,,1,30,,148211,39,,,1,70,,148212,39,,,1,30,,148213,39,,,1,71,,148214,39,,,1,20,,148215,39,,,1,12,,148216,39,,,1,12,,148217,39,,,1,52,,148242,39,,,1,12,,148218,39,,,1,12,,148219,39,,,1,12,,148220,39,,,1,12,,148221,39,,,1,52,,148243,39,,,1,12,,148222,39,,,1,12,,148223,39,,,1,12,,148224,39,,,1,12,,148225,39,,,1,56,,148234,39,,,1,29,,148226,39,,,1,68,,148227,39,,,1,30,,148228,39,,,1,70,,148229,39,,,1,30,,148230,39,,,1,70,,148231,39,,,1,30,,148232,39,,,1,69,,148233,39,,,1,28,,148244,39,,,1,66,,148245,39,,,1,100,,148246,39,,,1
91601,'916-Saturday-1-26-04-0000010',700,,126956,39,,,1,100,,126957,39,,,1,30,,126958,39,,,1,70,,126959,39,,,1,33,,126960,39,,,1,71,,126961,39,,,1,32,,126962,39,,,1,70,,126963,39,,,1,30,,126964,39,,,1,70,,126965,39,,,1,30,,126966,39,,,1,70,,126967,39,,,1,30,,126968,39,,,1,70,,126969,39,,,1,30,,126970,39,,,1,70,,126971,39,,,1,30,,126972,39,,,1,70,,126973,39,,,1,30,,126974,39,,,1,70,,126975,39,,,1,29,,126976,39,,,1,68,,126977,39,,,1,30,,126978,39,,,1,70,,126979,39,,,1,30,,126980,39,,,1,100,,126981,39,,,1,100,,126982,39,,,1,100,,126983,39,,,1,100,,126984,39,,,1,100,,126985,39,,,1
91601,'916-Sunday-1-26-04-0000001',700,,126986,39,,,1,100,,126987,39,,,1,100,,126988,39,,,1,105,,126989,39,,,1,101,,126990,39,,,1,30,,126991,39,,,1,70,,126992,39,,,1,30,,126993,39,,,1,70,,126994,39,,,1,30,,126995,39,,,1,70,,126996,39,,,1,30,,126997,39,,,1,70,,126998,39,,,1,30,,126999,39,,,1,70,,127000,39,,,1,30,,127001,39,,,1,70,,127002,39,,,1,29,,127003,39,,,1,69,,127004,39,,,1,30,,127005,39,,,1,70,,127006,39,,,1,30,,127007,39,,,1,70,,127008,39,,,1,100,,127009,39,,,1,100,,127010,39,,,1,100,,127011,39,,,1,100,,127012,39,,,1
