12100,'121-Weekday-1-26-02-1110100',1524,,6787,0,52,1,80,,6788,0,52,1
12100,'121-Weekday-1-26-02-1111100',531,,6839,,,1,69,,6789,,,1,20,,6790,,,1,19,,6791,,,1,20,,6792,,,1,60,,6793,,,1,20,,6794,,,1,20,,6795,,,1,70,,6796,,,1,30,,6797,,,1,60,,6798,,,1,20,,6799,,,1,20,,6800,,,1,60,,6801,,,1,20,,6802,,,1,20,,6803,,,1,60,,6804,,,1,20,,6805,,,1,20,,6806,,,1,60,,6807,,,1,20,,6808,,,1,20,,6809,,,1,60,,6810,,,1,20,,6811,,,1,20,,6812,,,1,60,,6813,,,1,20,,6814,,,1,20,,6815,,,1,50,,6840,0,52,1,10,,6816,,,1,10,,6841,0,52,1,10,,6817,,,1,10,,6842,0,52,1,10,,6818,,,1,50,,6843,0,52,1,10,,6819,,,1,10,,6844,0,52,1,10,,6820,,,1,10,,6845,0,52,1,10,,6821,,,1,50,,6846,0,52,1,10,,6822,,,1,10,,6847,0,52,1,10,,6828,,,1,10,,6848,0,52,1,10,,6823,,,1,60,,6829,,,1,20,,6830,,,1,20,,6831,,,1,60,,6832,,,1,20,,6833,,,1,20,,6834,,,1,60,,6835,,,1,20,,6836,,,1,20,,6837,,,1,60,,6838,,,1,20,,6824,,,1,20,,6827,,,1,100,,6825,,,1,100,,6826,,,1
12100,'121-Weekday-2-26-02-1110100',1524,,47123,0,52,1,80,,47124,0,52,1
12100,'121-Weekday-2-26-02-1111100',531,,47175,,,1,69,,47125,,,1,20,,47126,,,1,19,,47127,,,1,20,,47128,,,1,60,,47129,,,1,20,,47130,,,1,20,,47131,,,1,70,,47132,,,1,30,,47133,,,1,60,,47134,,,1,20,,47135,,,1,20,,47136,,,1,60,,47137,,,1,20,,47138,,,1,20,,47139,,,1,60,,47140,,,1,20,,47141,,,1,20,,47142,,,1,60,,47143,,,1,20,,47144,,,1,20,,47145,,,1,60,,47146,,,1,20,,47147,,,1,20,,47148,,,1,60,,47149,,,1,20,,47150,,,1,20,,47151,,,1,50,,47176,0,52,1,10,,47152,,,1,10,,47177,0,52,1,10,,47153,,,1,10,,47178,0,52,1,10,,47154,,,1,50,,47179,0,52,1,10,,47155,,,1,10,,47180,0,52,1,10,,47156,,,1,10,,47181,0,52,1,10,,47157,,,1,50,,47182,0,52,1,10,,47158,,,1,10,,47183,0,52,1,10,,47164,,,1,10,,47184,0,52,1,10,,47159,,,1,60,,47165,,,1,20,,47166,,,1,20,,47167,,,1,60,,47168,,,1,20,,47169,,,1,20,,47170,,,1,60,,47171,,,1,20,,47172,,,1,20,,47173,,,1,60,,47174,,,1,20,,47160,,,1,20,,47163,,,1,100,,47161,,,1,100,,47162,,,1
12100,'121-Weekday-4-26-02-1111100',531,,47235,,,1,69,,47185,,,1,20,,47186,,,1,19,,47187,,,1,20,,47188,,,1,60,,47189,,,1,20,,47190,,,1,20,,47191,,,1,70,,47192,,,1,30,,47193,,,1,60,,47194,,,1,20,,47195,,,1,20,,47196,,,1,60,,47197,,,1,20,,47198,,,1,20,,47199,,,1,60,,47200,,,1,20,,47201,,,1,20,,47202,,,1,60,,47203,,,1,20,,47204,,,1,20,,47205,,,1,60,,47206,,,1,20,,47207,,,1,20,,47208,,,1,60,,47209,,,1,20,,47210,,,1,20,,47211,,,1,50,,47236,0,52,1,10,,47212,,,1,10,,47237,0,52,1,10,,47213,,,1,10,,47238,0,52,1,10,,47214,,,1,50,,47239,0,52,1,10,,47215,,,1,10,,47240,0,52,1,10,,47216,,,1,10,,47241,0,52,1,10,,47217,,,1,50,,47242,0,52,1,10,,47218,,,1,10,,47243,0,52,1,10,,47224,,,1,10,,47244,0,52,1,10,,47219,,,1,60,,47225,,,1,20,,47226,,,1,20,,47227,,,1,60,,47228,,,1,20,,47229,,,1,20,,47230,,,1,60,,47231,,,1,20,,47232,,,1,20,,47233,,,1,60,,47234,,,1,20,,47220,,,1,20,,47223,,,1,100,,47221,,,1,100,,47222,,,1
12100,'121-Weekday-5-26-02-1110100',1524,,47245,0,52,1,80,,47246,0,52,1
12100,'121-Weekday-5-26-02-1111100',531,,47297,,,1,69,,47247,,,1,20,,47248,,,1,19,,47249,,,1,20,,47250,,,1,60,,47251,,,1,20,,47252,,,1,20,,47253,,,1,70,,47254,,,1,30,,47255,,,1,60,,47256,,,1,20,,47257,,,1,20,,47258,,,1,60,,47259,,,1,20,,47260,,,1,20,,47261,,,1,60,,47262,,,1,20,,47263,,,1,20,,47264,,,1,60,,47265,,,1,20,,47266,,,1,20,,47267,,,1,60,,47268,,,1,20,,47269,,,1,20,,47270,,,1,60,,47271,,,1,20,,47272,,,1,20,,47273,,,1,50,,47298,0,52,1,10,,47274,,,1,10,,47299,0,52,1,10,,47275,,,1,10,,47300,0,52,1,10,,47276,,,1,50,,47301,0,52,1,10,,47277,,,1,10,,47302,0,52,1,10,,47278,,,1,10,,47303,0,52,1,10,,47279,,,1,50,,47304,0,52,1,10,,47280,,,1,10,,47305,0,52,1,10,,47286,,,1,10,,47306,0,52,1,10,,47281,,,1,60,,47287,,,1,20,,47288,,,1,20,,47289,,,1,60,,47290,,,1,20,,47291,,,1,20,,47292,,,1,60,,47293,,,1,20,,47294,,,1,20,,47295,,,1,60,,47296,,,1,20,,47282,,,1,20,,47285,,,1,100,,47283,,,1,100,,47284,,,1
12100,'121-Weekday-6-26-02-1110100',1524,,47307,0,52,1,80,,47308,0,52,1
12100,'121-Weekday-6-26-02-1111100',531,,47359,,,1,69,,47309,,,1,20,,47310,,,1,19,,47311,,,1,20,,47312,,,1,60,,47313,,,1,20,,47314,,,1,20,,47315,,,1,70,,47316,,,1,30,,47317,,,1,60,,47318,,,1,20,,47319,,,1,20,,47320,,,1,60,,47321,,,1,20,,47322,,,1,20,,47323,,,1,60,,47324,,,1,20,,47325,,,1,20,,47326,,,1,60,,47327,,,1,20,,47328,,,1,20,,47329,,,1,60,,47330,,,1,20,,47331,,,1,20,,47332,,,1,60,,47333,,,1,20,,47334,,,1,20,,47335,,,1,50,,47360,0,52,1,10,,47336,,,1,10,,47361,0,52,1,10,,47337,,,1,10,,47362,0,52,1,10,,47338,,,1,50,,47363,0,52,1,10,,47339,,,1,10,,47364,0,52,1,10,,47340,,,1,10,,47365,0,52,1,10,,47341,,,1,50,,47366,0,52,1,10,,47342,,,1,10,,47367,0,52,1,10,,47348,,,1,10,,47368,0,52,1,10,,47343,,,1,60,,47349,,,1,20,,47350,,,1,20,,47351,,,1,60,,47352,,,1,20,,47353,,,1,20,,47354,,,1,60,,47355,,,1,20,,47356,,,1,20,,47357,,,1,60,,47358,,,1,20,,47344,,,1,20,,47347,,,1,100,,47345,,,1,100,,47346,,,1
12100,'121-Weekday-7-26-02-1111100',531,,47419,,,1,69,,47369,,,1,20,,47370,,,1,19,,47371,,,1,20,,47372,,,1,60,,47373,,,1,20,,47374,,,1,20,,47375,,,1,70,,47376,,,1,30,,47377,,,1,60,,47378,,,1,20,,47379,,,1,20,,47380,,,1,60,,47381,,,1,20,,47382,,,1,20,,47383,,,1,60,,47384,,,1,20,,47385,,,1,20,,47386,,,1,60,,47387,,,1,20,,47388,,,1,20,,47389,,,1,60,,47390,,,1,20,,47391,,,1,20,,47392,,,1,60,,47393,,,1,20,,47394,,,1,20,,47395,,,1,50,,47420,0,52,1,10,,47396,,,1,10,,47421,0,52,1,10,,47397,,,1,10,,47422,0,52,1,10,,47398,,,1,50,,47423,0,52,1,10,,47399,,,1,10,,47424,0,52,1,10,,47400,,,1,10,,47425,0,52,1,10,,47401,,,1,50,,47426,0,52,1,10,,47402,,,1,10,,47427,0,52,1,10,,47408,,,1,10,,47428,0,52,1,10,,47403,,,1,60,,47409,,,1,20,,47410,,,1,20,,47411,,,1,60,,47412,,,1,20,,47413,,,1,20,,47414,,,1,60,,47415,,,1,20,,47416,,,1,20,,47417,,,1,60,,47418,,,1,20,,47404,,,1,20,,47407,,,1,100,,47405,,,1,100,,47406,,,1
12100,'121-Weekday-8-26-02-1110100',1524,,47429,0,52,1,80,,47430,0,52,1
12100,'121-Weekday-8-26-02-1111100',531,,47481,,,1,69,,47431,,,1,20,,47432,,,1,19,,47433,,,1,20,,47434,,,1,60,,47435,,,1,20,,47436,,,1,20,,47437,,,1,70,,47438,,,1,30,,47439,,,1,60,,47440,,,1,20,,47441,,,1,20,,47442,,,1,60,,47443,,,1,20,,47444,,,1,20,,47445,,,1,60,,47446,,,1,20,,47447,,,1,20,,47448,,,1,60,,47449,,,1,20,,47450,,,1,20,,47451,,,1,60,,47452,,,1,20,,47453,,,1,20,,47454,,,1,60,,47455,,,1,20,,47456,,,1,20,,47457,,,1,50,,47482,0,52,1,10,,47458,,,1,10,,47483,0,52,1,10,,47459,,,1,10,,47484,0,52,1,10,,47460,,,1,50,,47485,0,52,1,10,,47461,,,1,10,,47486,0,52,1,10,,47462,,,1,10,,47487,0,52,1,10,,47463,,,1,50,,47488,0,52,1,10,,47464,,,1,10,,47489,0,52,1,10,,47470,,,1,10,,47490,0,52,1,10,,47465,,,1,60,,47471,,,1,20,,47472,,,1,20,,47473,,,1,60,,47474,,,1,20,,47475,,,1,20,,47476,,,1,60,,47477,,,1,20,,47478,,,1,20,,47479,,,1,60,,47480,,,1,20,,47466,,,1,20,,47469,,,1,100,,47467,,,1,100,,47468,,,1
12100,'121-Weekday-9-26-02-1110100',1524,,47491,0,52,1,80,,47492,0,52,1
12100,'121-Weekday-9-26-02-1111100',531,,47543,,,1,69,,47493,,,1,20,,47494,,,1,19,,47495,,,1,20,,47496,,,1,60,,47497,,,1,20,,47498,,,1,20,,47499,,,1,70,,47500,,,1,30,,47501,,,1,60,,47502,,,1,20,,47503,,,1,20,,47504,,,1,60,,47505,,,1,20,,47506,,,1,20,,47507,,,1,60,,47508,,,1,20,,47509,,,1,20,,47510,,,1,60,,47511,,,1,20,,47512,,,1,20,,47513,,,1,60,,47514,,,1,20,,47515,,,1,20,,47516,,,1,60,,47517,,,1,20,,47518,,,1,20,,47519,,,1,50,,47544,0,52,1,10,,47520,,,1,10,,47545,0,52,1,10,,47521,,,1,10,,47546,0,52,1,10,,47522,,,1,50,,47547,0,52,1,10,,47523,,,1,10,,47548,0,52,1,10,,47524,,,1,10,,47549,0,52,1,10,,47525,,,1,50,,47550,0,52,1,10,,47526,,,1,10,,47551,0,52,1,10,,47532,,,1,10,,47552,0,52,1,10,,47527,,,1,60,,47533,,,1,20,,47534,,,1,20,,47535,,,1,60,,47536,,,1,20,,47537,,,1,20,,47538,,,1,60,,47539,,,1,20,,47540,,,1,20,,47541,,,1,60,,47542,,,1,20,,47528,,,1,20,,47531,,,1,100,,47529,,,1,100,,47530,,,1
12100,'121-Saturday-1-26-02-0000010',600,,6849,,,1,100,,6850,,,1,100,,6851,,,1,20,,6852,,,1,20,,6879,,,1,60,,6853,,,1,20,,6854,,,1,20,,6880,,,1,60,,6855,,,1,20,,6856,,,1,20,,6881,,,1,60,,6857,,,1,20,,6858,,,1,20,,6882,,,1,60,,6859,,,1,20,,6860,,,1,20,,6883,,,1,60,,6861,,,1,20,,6862,,,1,20,,6884,,,1,60,,6863,,,1,20,,6864,,,1,20,,6885,,,1,60,,6865,,,1,20,,6866,,,1,20,,6886,,,1,60,,6867,,,1,20,,6868,,,1,20,,6887,,,1,62,,6869,,,1,20,,6870,,,1,20,,6888,,,1,60,,6871,,,1,20,,6872,,,1,20,,6889,,,1,60,,6873,,,1,100,,6874,,,1,100,,6875,,,1,100,,6876,,,1,100,,6877,,,1,100,,6878,,,1
12100,'121-Sunday-1-26-02-0000001',600,,47553,,,1,100,,47554,,,1,100,,47555,,,1,100,,47556,,,1,100,,47557,,,1,30,,47558,,,1,70,,47559,,,1,30,,47560,,,1,70,,47561,,,1,30,,47562,,,1,70,,47563,,,1,30,,47564,,,1,70,,47565,,,1,30,,47566,,,1,70,,47567,,,1,30,,47568,,,1,70,,47569,,,1,30,,47570,,,1,70,,47571,,,1,30,,47572,,,1,70,,47573,,,1,30,,47574,,,1,70,,47575,,,1,100,,47576,,,1,100,,47577,,,1,100,,47578,,,1,100,,47579,,,1
12101,'121-Weekday-1-26-02-1111100',542,,6912,4,,1,70,,6941,4,,1,20,,6943,4,,1,10,,6890,4,,1,10,,6942,4,,1,50,,6891,4,,1,10,,6944,4,,1,10,,6892,4,,1,10,,6945,4,,1,10,,6893,4,,1,4,,6950,4,,1,6,,6947,4,,1,50,,6894,4,,1,6,,6951,4,,1,4,,6949,4,,1,10,,6895,4,,1,10,,6946,4,,1,10,,6896,4,,1,10,,6948,4,,1,60,,6897,4,,1,31,,6898,4,,1,60,,6899,4,,1,20,,6900,4,,1,20,,6901,4,,1,60,,6902,4,,1,20,,6903,4,,1,20,,6904,4,,1,60,,6905,4,,1,20,,6906,4,,1,20,,6907,4,,1,60,,6908,4,,1,20,,6909,4,,1,20,,6910,4,,1,60,,6911,4,,1,21,,6913,4,,1,20,,6914,4,,1,60,,6915,4,,1,21,,6916,4,,1,21,,6917,4,,1,60,,6918,4,,1,20,,6919,4,,1,20,,6920,4,,1,60,,6921,4,,1,20,,6922,4,,1,20,,6923,4,,1,60,,6924,4,,1,20,,6925,4,,1,19,,6926,4,,1,59,,6939,4,,1,18,,6927,4,,1,20,,6928,4,,1,60,,6929,4,,1,20,,6930,4,,1,20,,6931,4,,1,60,,6932,4,,1,20,,6933,4,,1,20,,6934,4,,1,60,,6935,4,,1,20,,6940,4,,1,18,,6936,4,,1,100,,6937,4,,1,100,,6938,4,,1
12101,'121-Weekday-2-26-02-1111100',542,,47602,4,,1,70,,47631,4,,1,20,,47633,4,,1,10,,47580,4,,1,10,,47632,4,,1,50,,47581,4,,1,10,,47634,4,,1,10,,47582,4,,1,10,,47635,4,,1,10,,47583,4,,1,4,,47640,4,,1,6,,47637,4,,1,50,,47584,4,,1,6,,47641,4,,1,4,,47639,4,,1,10,,47585,4,,1,10,,47636,4,,1,10,,47586,4,,1,10,,47638,4,,1,60,,47587,4,,1,31,,47588,4,,1,60,,47589,4,,1,20,,47590,4,,1,20,,47591,4,,1,60,,47592,4,,1,20,,47593,4,,1,20,,47594,4,,1,60,,47595,4,,1,20,,47596,4,,1,20,,47597,4,,1,60,,47598,4,,1,20,,47599,4,,1,20,,47600,4,,1,60,,47601,4,,1,21,,47603,4,,1,20,,47604,4,,1,60,,47605,4,,1,21,,47606,4,,1,21,,47607,4,,1,60,,47608,4,,1,20,,47609,4,,1,20,,47610,4,,1,60,,47611,4,,1,20,,47612,4,,1,20,,47613,4,,1,60,,47614,4,,1,20,,47615,4,,1,19,,47616,4,,1,59,,47629,4,,1,18,,47617,4,,1,20,,47618,4,,1,60,,47619,4,,1,20,,47620,4,,1,20,,47621,4,,1,60,,47622,4,,1,20,,47623,4,,1,20,,47624,4,,1,60,,47625,4,,1,20,,47630,4,,1,18,,47626,4,,1,100,,47627,4,,1,100,,47628,4,,1
12101,'121-Weekday-4-26-02-1111100',542,,47664,4,,1,70,,47693,4,,1,20,,47695,4,,1,10,,47642,4,,1,10,,47694,4,,1,50,,47643,4,,1,10,,47696,4,,1,10,,47644,4,,1,10,,47697,4,,1,10,,47645,4,,1,10,,47699,4,,1,50,,47646,4,,1,10,,47701,4,,1,10,,47647,4,,1,10,,47698,4,,1,10,,47648,4,,1,10,,47700,4,,1,60,,47649,4,,1,31,,47650,4,,1,60,,47651,4,,1,20,,47652,4,,1,20,,47653,4,,1,60,,47654,4,,1,20,,47655,4,,1,20,,47656,4,,1,60,,47657,4,,1,20,,47658,4,,1,20,,47659,4,,1,60,,47660,4,,1,20,,47661,4,,1,20,,47662,4,,1,60,,47663,4,,1,21,,47665,4,,1,20,,47666,4,,1,60,,47667,4,,1,21,,47668,4,,1,21,,47669,4,,1,60,,47670,4,,1,20,,47671,4,,1,20,,47672,4,,1,60,,47673,4,,1,20,,47674,4,,1,20,,47675,4,,1,60,,47676,4,,1,20,,47677,4,,1,19,,47678,4,,1,59,,47691,4,,1,18,,47679,4,,1,20,,47680,4,,1,60,,47681,4,,1,20,,47682,4,,1,20,,47683,4,,1,60,,47684,4,,1,20,,47685,4,,1,20,,47686,4,,1,60,,47687,4,,1,20,,47692,4,,1,18,,47688,4,,1,100,,47689,4,,1,100,,47690,4,,1
12101,'121-Weekday-5-26-02-1111100',542,,47724,4,,1,70,,47753,4,,1,20,,47755,4,,1,10,,47702,4,,1,10,,47754,4,,1,50,,47703,4,,1,10,,47756,4,,1,10,,47704,4,,1,10,,47757,4,,1,10,,47705,4,,1,4,,47762,4,,1,6,,47759,4,,1,50,,47706,4,,1,6,,47763,4,,1,4,,47761,4,,1,10,,47707,4,,1,10,,47758,4,,1,10,,47708,4,,1,10,,47760,4,,1,60,,47709,4,,1,31,,47710,4,,1,60,,47711,4,,1,20,,47712,4,,1,20,,47713,4,,1,60,,47714,4,,1,20,,47715,4,,1,20,,47716,4,,1,60,,47717,4,,1,20,,47718,4,,1,20,,47719,4,,1,60,,47720,4,,1,20,,47721,4,,1,20,,47722,4,,1,60,,47723,4,,1,21,,47725,4,,1,20,,47726,4,,1,60,,47727,4,,1,21,,47728,4,,1,21,,47729,4,,1,60,,47730,4,,1,20,,47731,4,,1,20,,47732,4,,1,60,,47733,4,,1,20,,47734,4,,1,20,,47735,4,,1,60,,47736,4,,1,20,,47737,4,,1,19,,47738,4,,1,59,,47751,4,,1,18,,47739,4,,1,20,,47740,4,,1,60,,47741,4,,1,20,,47742,4,,1,20,,47743,4,,1,60,,47744,4,,1,20,,47745,4,,1,20,,47746,4,,1,60,,47747,4,,1,20,,47752,4,,1,18,,47748,4,,1,100,,47749,4,,1,100,,47750,4,,1
12101,'121-Weekday-6-26-02-1111100',542,,47786,4,,1,70,,47815,4,,1,20,,47817,4,,1,10,,47764,4,,1,10,,47816,4,,1,50,,47765,4,,1,10,,47818,4,,1,10,,47766,4,,1,10,,47819,4,,1,10,,47767,4,,1,4,,47824,4,,1,6,,47821,4,,1,50,,47768,4,,1,6,,47825,4,,1,4,,47823,4,,1,10,,47769,4,,1,10,,47820,4,,1,10,,47770,4,,1,10,,47822,4,,1,60,,47771,4,,1,31,,47772,4,,1,60,,47773,4,,1,20,,47774,4,,1,20,,47775,4,,1,60,,47776,4,,1,20,,47777,4,,1,20,,47778,4,,1,60,,47779,4,,1,20,,47780,4,,1,20,,47781,4,,1,60,,47782,4,,1,20,,47783,4,,1,20,,47784,4,,1,60,,47785,4,,1,21,,47787,4,,1,20,,47788,4,,1,60,,47789,4,,1,21,,47790,4,,1,21,,47791,4,,1,60,,47792,4,,1,20,,47793,4,,1,20,,47794,4,,1,60,,47795,4,,1,20,,47796,4,,1,20,,47797,4,,1,60,,47798,4,,1,20,,47799,4,,1,19,,47800,4,,1,59,,47813,4,,1,18,,47801,4,,1,20,,47802,4,,1,60,,47803,4,,1,20,,47804,4,,1,20,,47805,4,,1,60,,47806,4,,1,20,,47807,4,,1,20,,47808,4,,1,60,,47809,4,,1,20,,47814,4,,1,18,,47810,4,,1,100,,47811,4,,1,100,,47812,4,,1
12101,'121-Weekday-7-26-02-1111100',542,,47848,4,,1,70,,47877,4,,1,20,,47879,4,,1,10,,47826,4,,1,10,,47878,4,,1,50,,47827,4,,1,10,,47880,4,,1,10,,47828,4,,1,10,,47881,4,,1,10,,47829,4,,1,10,,47883,4,,1,50,,47830,4,,1,10,,47885,4,,1,10,,47831,4,,1,10,,47882,4,,1,10,,47832,4,,1,10,,47884,4,,1,60,,47833,4,,1,31,,47834,4,,1,60,,47835,4,,1,20,,47836,4,,1,20,,47837,4,,1,60,,47838,4,,1,20,,47839,4,,1,20,,47840,4,,1,60,,47841,4,,1,20,,47842,4,,1,20,,47843,4,,1,60,,47844,4,,1,20,,47845,4,,1,20,,47846,4,,1,60,,47847,4,,1,21,,47849,4,,1,20,,47850,4,,1,60,,47851,4,,1,21,,47852,4,,1,21,,47853,4,,1,60,,47854,4,,1,20,,47855,4,,1,20,,47856,4,,1,60,,47857,4,,1,20,,47858,4,,1,20,,47859,4,,1,60,,47860,4,,1,20,,47861,4,,1,19,,47862,4,,1,59,,47875,4,,1,18,,47863,4,,1,20,,47864,4,,1,60,,47865,4,,1,20,,47866,4,,1,20,,47867,4,,1,60,,47868,4,,1,20,,47869,4,,1,20,,47870,4,,1,60,,47871,4,,1,20,,47876,4,,1,18,,47872,4,,1,100,,47873,4,,1,100,,47874,4,,1
12101,'121-Weekday-8-26-02-1111100',542,,47908,4,,1,70,,47937,4,,1,20,,47939,4,,1,10,,47886,4,,1,10,,47938,4,,1,50,,47887,4,,1,10,,47940,4,,1,10,,47888,4,,1,10,,47941,4,,1,10,,47889,4,,1,4,,47946,4,,1,6,,47943,4,,1,50,,47890,4,,1,6,,47947,4,,1,4,,47945,4,,1,10,,47891,4,,1,10,,47942,4,,1,10,,47892,4,,1,10,,47944,4,,1,60,,47893,4,,1,31,,47894,4,,1,60,,47895,4,,1,20,,47896,4,,1,20,,47897,4,,1,60,,47898,4,,1,20,,47899,4,,1,20,,47900,4,,1,60,,47901,4,,1,20,,47902,4,,1,20,,47903,4,,1,60,,47904,4,,1,20,,47905,4,,1,20,,47906,4,,1,60,,47907,4,,1,21,,47909,4,,1,20,,47910,4,,1,60,,47911,4,,1,21,,47912,4,,1,21,,47913,4,,1,60,,47914,4,,1,20,,47915,4,,1,20,,47916,4,,1,60,,47917,4,,1,20,,47918,4,,1,20,,47919,4,,1,60,,47920,4,,1,20,,47921,4,,1,19,,47922,4,,1,59,,47935,4,,1,18,,47923,4,,1,20,,47924,4,,1,60,,47925,4,,1,20,,47926,4,,1,20,,47927,4,,1,60,,47928,4,,1,20,,47929,4,,1,20,,47930,4,,1,60,,47931,4,,1,20,,47936,4,,1,18,,47932,4,,1,100,,47933,4,,1,100,,47934,4,,1
12101,'121-Weekday-9-26-02-1111100',542,,47970,4,,1,70,,47999,4,,1,20,,48001,4,,1,10,,47948,4,,1,10,,48000,4,,1,50,,47949,4,,1,10,,48002,4,,1,10,,47950,4,,1,10,,48003,4,,1,10,,47951,4,,1,4,,48008,4,,1,6,,48005,4,,1,50,,47952,4,,1,6,,48009,4,,1,4,,48007,4,,1,10,,47953,4,,1,10,,48004,4,,1,10,,47954,4,,1,10,,48006,4,,1,60,,47955,4,,1,31,,47956,4,,1,60,,47957,4,,1,20,,47958,4,,1,20,,47959,4,,1,60,,47960,4,,1,20,,47961,4,,1,20,,47962,4,,1,60,,47963,4,,1,20,,47964,4,,1,20,,47965,4,,1,60,,47966,4,,1,20,,47967,4,,1,20,,47968,4,,1,60,,47969,4,,1,21,,47971,4,,1,20,,47972,4,,1,60,,47973,4,,1,21,,47974,4,,1,21,,47975,4,,1,60,,47976,4,,1,20,,47977,4,,1,20,,47978,4,,1,60,,47979,4,,1,20,,47980,4,,1,20,,47981,4,,1,60,,47982,4,,1,20,,47983,4,,1,19,,47984,4,,1,59,,47997,4,,1,18,,47985,4,,1,20,,47986,4,,1,60,,47987,4,,1,20,,47988,4,,1,20,,47989,4,,1,60,,47990,4,,1,20,,47991,4,,1,20,,47992,4,,1,60,,47993,4,,1,20,,47998,4,,1,18,,47994,4,,1,100,,47995,4,,1,100,,47996,4,,1
12101,'121-Saturday-1-26-02-0000010',642,,6952,4,,1,100,,6953,4,,1,100,,6954,4,,1,60,,6956,4,,1,22,,6982,4,,1,21,,6957,4,,1,60,,6958,4,,1,20,,6983,4,,1,20,,6959,4,,1,60,,6960,4,,1,20,,6984,4,,1,20,,6961,4,,1,60,,6962,4,,1,20,,6985,4,,1,20,,6964,4,,1,60,,6965,4,,1,20,,6986,4,,1,20,,6966,4,,1,60,,6963,4,,1,20,,6987,4,,1,20,,6967,4,,1,60,,6968,4,,1,20,,6988,4,,1,20,,6969,4,,1,60,,6970,4,,1,20,,6989,4,,1,20,,6971,4,,1,60,,6972,4,,1,19,,6990,4,,1,20,,6973,4,,1,60,,6974,4,,1,20,,6991,4,,1,20,,6975,4,,1,60,,6976,4,,1,20,,6992,4,,1,20,,6977,4,,1,100,,6978,4,,1,100,,6979,4,,1,100,,6980,4,,1,100,,6955,4,,1,100,,6981,4,,1
12101,'121-Sunday-1-26-02-0000001',641,,48010,4,,1,100,,48011,4,,1,100,,48012,4,,1,104,,48013,4,,1,100,,48014,4,,1,70,,48015,4,,1,30,,48016,4,,1,70,,48017,4,,1,30,,48018,4,,1,70,,48020,4,,1,30,,48021,4,,1,70,,48022,4,,1,30,,48019,4,,1,70,,48023,4,,1,30,,48024,4,,1,70,,48025,4,,1,30,,48026,4,,1,69,,48027,4,,1,27,,48028,4,,1,70,,48029,4,,1,30,,48030,4,,1,70,,48031,4,,1,30,,48032,4,,1,100,,48033,4,,1,100,,48034,4,,1,100,,48035,4,,1,100,,48036,4,,1
