91701,'917-Weekday-1-26-04-0001000',1513,,127109,28,,,1
91701,'917-Weekday-1-26-04-1110100',1643,,127110,28,,,1
91701,'917-Weekday-1-26-04-1111100',514,,127111,28,,,1,30,,127112,28,,,1,70,,127150,28,,,1,31,,127152,28,,,1,70,,127151,28,,,1,30,,127113,28,,,1,70,,127146,28,,,1,30,,127114,28,,,1,71,,127115,28,,,1,30,,127116,28,,,1,70,,127117,28,,,1,30,,127118,28,,,1,70,,127119,28,,,1,30,,127120,28,,,1,70,,127121,28,,,1,30,,127122,28,,,1,70,,127123,28,,,1,30,,127124,28,,,1,70,,127125,28,,,1,30,,127126,28,,,1,74,,127127,28,,,1,31,,127149,28,,,1,55,,127128,28,,,1,15,,127129,28,,,1,15,,127130,28,,,1,15,,127147,28,,,1,55,,127131,28,,,1,15,,127132,28,,,1,15,,127133,28,,,1,15,,127148,28,,,1,55,,127134,28,,,1,15,,127135,28,,,1,26,,127136,28,,,1,69,,127137,28,,,1,30,,127138,28,,,1,70,,127139,28,,,1,30,,127140,28,,,1,70,,127141,28,,,1,30,,127142,28,,,1,69,,127143,28,,,1,100,,127144,28,,,1,100,,127145,28,,,1
91701,'917-Weekday-2-26-04-1110100',1643,,148333,28,,,1
91701,'917-Weekday-2-26-04-1111100',514,,148334,28,,,1,30,,148335,28,,,1,70,,148373,28,,,1,31,,148375,28,,,1,70,,148374,28,,,1,30,,148336,28,,,1,70,,148369,28,,,1,30,,148337,28,,,1,71,,148338,28,,,1,30,,148339,28,,,1,70,,148340,28,,,1,30,,148341,28,,,1,70,,148342,28,,,1,30,,148343,28,,,1,70,,148344,28,,,1,30,,148345,28,,,1,70,,148346,28,,,1,30,,148347,28,,,1,70,,148348,28,,,1,30,,148349,28,,,1,74,,148350,28,,,1,31,,148372,28,,,1,55,,148351,28,,,1,15,,148352,28,,,1,15,,148353,28,,,1,15,,148370,28,,,1,55,,148354,28,,,1,15,,148355,28,,,1,15,,148356,28,,,1,15,,148371,28,,,1,55,,148357,28,,,1,15,,148358,28,,,1,26,,148359,28,,,1,69,,148360,28,,,1,30,,148361,28,,,1,70,,148362,28,,,1,30,,148363,28,,,1,70,,148364,28,,,1,30,,148365,28,,,1,69,,148366,28,,,1,100,,148367,28,,,1,100,,148368,28,,,1
91701,'917-Weekday-3-26-04-1111100',514,,148376,28,,,1,30,,148377,28,,,1,70,,148415,28,,,1,31,,148417,28,,,1,70,,148416,28,,,1,30,,148378,28,,,1,70,,148411,28,,,1,30,,148379,28,,,1,71,,148380,28,,,1,30,,148381,28,,,1,70,,148382,28,,,1,30,,148383,28,,,1,70,,148384,28,,,1,30,,148385,28,,,1,70,,148386,28,,,1,30,,148387,28,,,1,70,,148388,28,,,1,30,,148389,28,,,1,70,,148390,28,,,1,30,,148391,28,,,1,74,,148392,28,,,1,31,,148414,28,,,1,55,,148393,28,,,1,15,,148394,28,,,1,15,,148395,28,,,1,15,,148412,28,,,1,55,,148396,28,,,1,15,,148397,28,,,1,15,,148398,28,,,1,15,,148413,28,,,1,55,,148399,28,,,1,15,,148400,28,,,1,26,,148401,28,,,1,69,,148402,28,,,1,30,,148403,28,,,1,70,,148404,28,,,1,30,,148405,28,,,1,70,,148406,28,,,1,30,,148407,28,,,1,69,,148408,28,,,1,100,,148409,28,,,1,100,,148410,28,,,1
91701,'917-Saturday-1-26-04-0000010',639,,127153,28,,,1,100,,127154,28,,,1,70,,127179,28,,,1,30,,127180,28,,,1,71,,127155,28,,,1,31,,127156,28,,,1,70,,127157,28,,,1,30,,127158,28,,,1,70,,127159,28,,,1,30,,127160,28,,,1,70,,127161,28,,,1,30,,127162,28,,,1,70,,127163,28,,,1,30,,127164,28,,,1,70,,127165,28,,,1,30,,127166,28,,,1,70,,127167,28,,,1,30,,127168,28,,,1,70,,127169,28,,,1,30,,127170,28,,,1,70,,127171,28,,,1,30,,127172,28,,,1,70,,127173,28,,,1,30,,127174,28,,,1,70,,127175,28,,,1,100,,127176,28,,,1,100,,127177,28,,,1,100,,127178,28,,,1
91701,'917-Sunday-1-26-04-0000001',636,,127181,28,,,1,100,,127182,28,,,1,100,,127183,28,,,1,102,,127184,28,,,1,103,,127185,28,,,1,70,,127186,28,,,1,30,,127187,28,,,1,70,,127188,28,,,1,30,,127189,28,,,1,70,,127190,28,,,1,30,,127191,28,,,1,70,,127192,28,,,1,30,,127193,28,,,1,70,,127194,28,,,1,30,,127195,28,,,1,70,,127196,28,,,1,30,,127197,28,,,1,70,,127198,28,,,1,31,,127199,28,,,1,70,,127200,28,,,1,30,,127201,28,,,1,70,,127202,28,,,1,30,,127203,28,,,1,100,,127204,28,,,1
24093000,'930X-Weekday-1-26-04-1111100',610,,129689,18,,,1,30,,129690,18,,,1,15,,129691,18,,,1,55,,129694,18,,,1,15,,129692,18,,,1,15,,129693,18,,,1,15,,129688,18,,,1,55,,129695,18,,,1,15,,129686,18,,,1,15,,129687,18,,,1,15,,129696,18,,,1,55,,129697,18,,,1
24093000,'930X-Weekday-2-26-04-1111100',610,,151373,18,,,1,30,,151374,18,,,1,15,,151375,18,,,1,55,,151378,18,,,1,15,,151376,18,,,1,15,,151377,18,,,1,15,,151372,18,,,1,55,,151379,18,,,1,15,,151370,18,,,1,15,,151371,18,,,1,15,,151380,18,,,1,55,,151381,18,,,1
24093000,'930X-Weekday-3-26-04-1111100',610,,151385,18,,,1,30,,151386,18,,,1,15,,151387,18,,,1,55,,151390,18,,,1,15,,151388,18,,,1,15,,151389,18,,,1,15,,151384,18,,,1,55,,151391,18,,,1,15,,151382,18,,,1,15,,151383,18,,,1,15,,151392,18,,,1,55,,151393,18,,,1
