65800,'658-Weekday-1-26-04-0001000',1226,3,120499,1,,,1,2,3,120500,1,,,1
65800,'658-Weekday-1-26-04-1110100',1518,3,120501,1,,,1,2,3,120502,1,,,1
65800,'658-Weekday-3-26-04-0001000',1226,3,142100,1,,,1,2,3,142101,1,,,1
65800,'658-Weekday-3-26-04-1110100',1518,3,142102,1,,,1,2,3,142103,1,,,1
65900,'659-Weekday-1-26-04-0001000',1228,3,120505,1,,,1
65900,'659-Weekday-1-26-04-1110100',1522,3,120506,1,,,1
65900,'659-Weekday-3-26-04-0001000',1228,3,142106,1,,,1
65900,'659-Weekday-3-26-04-1110100',1522,3,142107,1,,,1
66300,'663-Weekday-1-26-04-1111100',752,,120530,19,4,,1,48,,120531,19,4,,1
66300,'663-Weekday-3-26-04-1111100',752,,142132,19,4,,1,48,,142133,19,4,,1
66400,'664-Weekday-1-26-04-0001000',1228,3,120538,1,0,23,1
66400,'664-Weekday-1-26-04-1110100',1522,3,120543,1,0,23,1
66400,'664-Weekday-3-26-04-0001000',1228,3,142142,1,0,23,1
66400,'664-Weekday-3-26-04-1110100',1522,3,142143,1,0,23,1
66900,'669-Weekday-1-26-04-1111100',800,,120567,23,4,,1,3,,120566,23,4,,1
66900,'669-Weekday-3-26-04-1111100',800,,142161,23,4,,1,3,,142160,23,4,,1
