66000,'660-Weekday-1-26-02-1111100',755,,10153,,,1,48,,10152,,,1,4,,10154,,,1
66000,'660-Weekday-2-26-02-1111100',755,,62253,,,1,48,,62252,,,1,4,,62254,,,1
66000,'660-Weekday-5-26-02-1111100',755,,62256,,,1,48,,62255,,,1,4,,62257,,,1
66000,'660-Weekday-6-26-02-1111100',755,,62259,,,1,48,,62258,,,1,4,,62260,,,1
66000,'660-Weekday-8-26-02-1111100',755,,62262,,,1,48,,62261,,,1,4,,62263,,,1
70900,'709-Weekday-1-26-02-1111100',513,,11464,,,1,20,,11465,,,1,20,,11466,,,1,60,,11468,,,1,10,,11469,,,1,10,,11470,,,1,11,,11467,,,1,10,,11471,,,1,50,,11472,,,1,10,,11473,,,1,10,,11474,,,1,10,,11475,,,1,10,,11476,,,1,8,,11506,,,1,7,,11477,,,1,48,,11507,,,1,4,,11537,,,1,3,,11478,,,1,5,,11538,,,1,3,,11508,,,1,7,,11479,,,1,8,,11536,,,1,7,,11509,,,1,10,,11510,,,1,50,,11511,,,1,11,,11512,,,1,15,,11513,,,1,15,,11514,,,1,55,,11515,,,1,15,,11516,,,1,15,,11517,,,1,15,,11518,,,1,55,,11519,,,1,15,,11520,,,1,15,,11521,,,1,15,,11522,,,1,55,,11523,,,1,15,,11524,,,1,15,,11525,,,1,15,,11526,,,1,55,,11527,,,1,15,,11528,,,1,15,,11529,,,1,15,,11530,,,1,55,,11531,,,1,15,,11532,,,1,15,,11533,,,1,15,,11534,,,1,55,,11535,,,1,20,,11480,,,1,20,,11481,,,1,60,,11482,,,1,20,,11483,,,1,20,,11484,,,1,60,,11485,,,1,20,,11486,,,1,20,,11487,,,1,60,,11488,,,1,20,,11489,,,1,19,,11490,,,1,20,,11491,,,1,60,,11492,,,1,20,,11497,,,1,20,,11498,,,1,60,,11500,,,1,20,,11496,,,1,20,,11505,,,1,60,,11504,,,1,20,,11503,,,1,20,,11502,,,1,69,,11501,,,1,30,,11493,,,1,70,,11494,,,1,30,,11495,,,1,70,,11499,,,1
70900,'709-Weekday-10-26-02-1111100',513,,68178,,,1,20,,68179,,,1,20,,68180,,,1,60,,68182,,,1,10,,68183,,,1,10,,68184,,,1,11,,68181,,,1,10,,68185,,,1,50,,68186,,,1,10,,68187,,,1,10,,68188,,,1,10,,68189,,,1,10,,68190,,,1,8,,68220,,,1,7,,68191,,,1,48,,68221,,,1,4,,68251,,,1,3,,68192,,,1,5,,68252,,,1,3,,68222,,,1,7,,68193,,,1,8,,68250,,,1,7,,68223,,,1,10,,68224,,,1,50,,68225,,,1,11,,68226,,,1,15,,68227,,,1,15,,68228,,,1,55,,68229,,,1,15,,68230,,,1,15,,68231,,,1,15,,68232,,,1,55,,68233,,,1,15,,68234,,,1,15,,68235,,,1,15,,68236,,,1,55,,68237,,,1,15,,68238,,,1,15,,68239,,,1,15,,68240,,,1,55,,68241,,,1,15,,68242,,,1,15,,68243,,,1,15,,68244,,,1,55,,68245,,,1,15,,68246,,,1,15,,68247,,,1,15,,68248,,,1,55,,68249,,,1,20,,68194,,,1,20,,68195,,,1,60,,68196,,,1,20,,68197,,,1,20,,68198,,,1,60,,68199,,,1,20,,68200,,,1,20,,68201,,,1,60,,68202,,,1,20,,68203,,,1,19,,68204,,,1,20,,68205,,,1,60,,68206,,,1,20,,68211,,,1,20,,68212,,,1,60,,68214,,,1,20,,68210,,,1,20,,68219,,,1,60,,68218,,,1,20,,68217,,,1,20,,68216,,,1,69,,68215,,,1,30,,68207,,,1,70,,68208,,,1,30,,68209,,,1,70,,68213,,,1
70900,'709-Weekday-11-26-02-1111100',513,,68253,,,1,20,,68254,,,1,20,,68255,,,1,60,,68257,,,1,10,,68258,,,1,10,,68259,,,1,11,,68256,,,1,10,,68260,,,1,50,,68261,,,1,10,,68262,,,1,10,,68263,,,1,10,,68264,,,1,10,,68265,,,1,8,,68295,,,1,7,,68266,,,1,48,,68296,,,1,4,,68326,,,1,3,,68267,,,1,5,,68327,,,1,3,,68297,,,1,7,,68268,,,1,8,,68325,,,1,7,,68298,,,1,10,,68299,,,1,50,,68300,,,1,11,,68301,,,1,15,,68302,,,1,15,,68303,,,1,55,,68304,,,1,15,,68305,,,1,15,,68306,,,1,15,,68307,,,1,55,,68308,,,1,15,,68309,,,1,15,,68310,,,1,15,,68311,,,1,55,,68312,,,1,15,,68313,,,1,15,,68314,,,1,15,,68315,,,1,55,,68316,,,1,15,,68317,,,1,15,,68318,,,1,15,,68319,,,1,55,,68320,,,1,15,,68321,,,1,15,,68322,,,1,15,,68323,,,1,55,,68324,,,1,20,,68269,,,1,20,,68270,,,1,60,,68271,,,1,20,,68272,,,1,20,,68273,,,1,60,,68274,,,1,20,,68275,,,1,20,,68276,,,1,60,,68277,,,1,20,,68278,,,1,19,,68279,,,1,20,,68280,,,1,60,,68281,,,1,20,,68286,,,1,20,,68287,,,1,60,,68289,,,1,20,,68285,,,1,20,,68294,,,1,60,,68293,,,1,20,,68292,,,1,20,,68291,,,1,69,,68290,,,1,30,,68282,,,1,70,,68283,,,1,30,,68284,,,1,70,,68288,,,1
70900,'709-Weekday-2-26-02-1111100',513,,68328,,,1,20,,68329,,,1,20,,68330,,,1,60,,68332,,,1,10,,68333,,,1,10,,68334,,,1,11,,68331,,,1,10,,68335,,,1,50,,68336,,,1,10,,68337,,,1,10,,68338,,,1,10,,68339,,,1,10,,68340,,,1,8,,68370,,,1,7,,68341,,,1,48,,68371,,,1,4,,68401,,,1,3,,68342,,,1,5,,68402,,,1,3,,68372,,,1,7,,68343,,,1,8,,68400,,,1,7,,68373,,,1,10,,68374,,,1,50,,68375,,,1,11,,68376,,,1,15,,68377,,,1,15,,68378,,,1,55,,68379,,,1,15,,68380,,,1,15,,68381,,,1,15,,68382,,,1,55,,68383,,,1,15,,68384,,,1,15,,68385,,,1,15,,68386,,,1,55,,68387,,,1,15,,68388,,,1,15,,68389,,,1,15,,68390,,,1,55,,68391,,,1,15,,68392,,,1,15,,68393,,,1,15,,68394,,,1,55,,68395,,,1,15,,68396,,,1,15,,68397,,,1,15,,68398,,,1,55,,68399,,,1,20,,68344,,,1,20,,68345,,,1,60,,68346,,,1,20,,68347,,,1,20,,68348,,,1,60,,68349,,,1,20,,68350,,,1,20,,68351,,,1,60,,68352,,,1,20,,68353,,,1,19,,68354,,,1,20,,68355,,,1,60,,68356,,,1,20,,68361,,,1,20,,68362,,,1,60,,68364,,,1,20,,68360,,,1,20,,68369,,,1,60,,68368,,,1,20,,68367,,,1,20,,68366,,,1,69,,68365,,,1,30,,68357,,,1,70,,68358,,,1,30,,68359,,,1,70,,68363,,,1
70900,'709-Weekday-4-26-02-1111100',513,,68403,,,1,20,,68404,,,1,20,,68405,,,1,60,,68407,,,1,10,,68408,,,1,10,,68409,,,1,11,,68406,,,1,10,,68410,,,1,50,,68411,,,1,10,,68412,,,1,10,,68413,,,1,10,,68414,,,1,10,,68415,,,1,8,,68445,,,1,7,,68416,,,1,48,,68446,,,1,7,,68417,,,1,8,,68447,,,1,7,,68418,,,1,8,,68475,,,1,7,,68448,,,1,10,,68449,,,1,50,,68450,,,1,11,,68451,,,1,15,,68452,,,1,15,,68453,,,1,55,,68454,,,1,15,,68455,,,1,15,,68456,,,1,15,,68457,,,1,55,,68458,,,1,15,,68459,,,1,15,,68460,,,1,15,,68461,,,1,55,,68462,,,1,15,,68463,,,1,15,,68464,,,1,15,,68465,,,1,55,,68466,,,1,15,,68467,,,1,15,,68468,,,1,15,,68469,,,1,55,,68470,,,1,15,,68471,,,1,15,,68472,,,1,15,,68473,,,1,55,,68474,,,1,20,,68419,,,1,20,,68420,,,1,60,,68421,,,1,20,,68422,,,1,20,,68423,,,1,60,,68424,,,1,20,,68425,,,1,20,,68426,,,1,60,,68427,,,1,20,,68428,,,1,19,,68429,,,1,20,,68430,,,1,60,,68431,,,1,20,,68436,,,1,20,,68437,,,1,60,,68439,,,1,20,,68435,,,1,20,,68444,,,1,60,,68443,,,1,20,,68442,,,1,20,,68441,,,1,69,,68440,,,1,30,,68432,,,1,70,,68433,,,1,30,,68434,,,1,70,,68438,,,1
70900,'709-Weekday-5-26-02-1111100',513,,68476,,,1,20,,68477,,,1,20,,68478,,,1,60,,68480,,,1,10,,68481,,,1,10,,68482,,,1,11,,68479,,,1,10,,68483,,,1,50,,68484,,,1,10,,68485,,,1,10,,68486,,,1,10,,68487,,,1,10,,68488,,,1,8,,68518,,,1,7,,68489,,,1,48,,68519,,,1,4,,68549,,,1,3,,68490,,,1,5,,68550,,,1,3,,68520,,,1,7,,68491,,,1,8,,68548,,,1,7,,68521,,,1,10,,68522,,,1,50,,68523,,,1,11,,68524,,,1,15,,68525,,,1,15,,68526,,,1,55,,68527,,,1,15,,68528,,,1,15,,68529,,,1,15,,68530,,,1,55,,68531,,,1,15,,68532,,,1,15,,68533,,,1,15,,68534,,,1,55,,68535,,,1,15,,68536,,,1,15,,68537,,,1,15,,68538,,,1,55,,68539,,,1,15,,68540,,,1,15,,68541,,,1,15,,68542,,,1,55,,68543,,,1,15,,68544,,,1,15,,68545,,,1,15,,68546,,,1,55,,68547,,,1,20,,68492,,,1,20,,68493,,,1,60,,68494,,,1,20,,68495,,,1,20,,68496,,,1,60,,68497,,,1,20,,68498,,,1,20,,68499,,,1,60,,68500,,,1,20,,68501,,,1,19,,68502,,,1,20,,68503,,,1,60,,68504,,,1,20,,68509,,,1,20,,68510,,,1,60,,68512,,,1,20,,68508,,,1,20,,68517,,,1,60,,68516,,,1,20,,68515,,,1,20,,68514,,,1,69,,68513,,,1,30,,68505,,,1,70,,68506,,,1,30,,68507,,,1,70,,68511,,,1
70900,'709-Weekday-6-26-02-1111100',513,,68551,,,1,20,,68552,,,1,20,,68553,,,1,60,,68555,,,1,10,,68556,,,1,10,,68557,,,1,11,,68554,,,1,10,,68558,,,1,50,,68559,,,1,10,,68560,,,1,10,,68561,,,1,10,,68562,,,1,10,,68563,,,1,8,,68593,,,1,7,,68564,,,1,48,,68594,,,1,7,,68565,,,1,8,,68595,,,1,7,,68566,,,1,8,,68623,,,1,7,,68596,,,1,10,,68597,,,1,50,,68598,,,1,11,,68599,,,1,15,,68600,,,1,15,,68601,,,1,55,,68602,,,1,15,,68603,,,1,15,,68604,,,1,15,,68605,,,1,55,,68606,,,1,15,,68607,,,1,15,,68608,,,1,15,,68609,,,1,55,,68610,,,1,15,,68611,,,1,15,,68612,,,1,15,,68613,,,1,55,,68614,,,1,15,,68615,,,1,15,,68616,,,1,15,,68617,,,1,55,,68618,,,1,15,,68619,,,1,15,,68620,,,1,15,,68621,,,1,55,,68622,,,1,20,,68567,,,1,20,,68568,,,1,60,,68569,,,1,20,,68570,,,1,20,,68571,,,1,60,,68572,,,1,20,,68573,,,1,20,,68574,,,1,60,,68575,,,1,20,,68576,,,1,19,,68577,,,1,20,,68578,,,1,60,,68579,,,1,20,,68584,,,1,20,,68585,,,1,60,,68587,,,1,20,,68583,,,1,20,,68592,,,1,60,,68591,,,1,20,,68590,,,1,20,,68589,,,1,69,,68588,,,1,30,,68580,,,1,70,,68581,,,1,30,,68582,,,1,70,,68586,,,1
70900,'709-Weekday-7-26-02-1111100',513,,68624,,,1,20,,68625,,,1,20,,68626,,,1,60,,68628,,,1,10,,68629,,,1,10,,68630,,,1,11,,68627,,,1,10,,68631,,,1,50,,68632,,,1,10,,68633,,,1,10,,68634,,,1,10,,68635,,,1,10,,68636,,,1,8,,68666,,,1,7,,68637,,,1,48,,68667,,,1,7,,68638,,,1,8,,68668,,,1,7,,68639,,,1,8,,68696,,,1,7,,68669,,,1,10,,68670,,,1,50,,68671,,,1,11,,68672,,,1,15,,68673,,,1,15,,68674,,,1,55,,68675,,,1,15,,68676,,,1,15,,68677,,,1,15,,68678,,,1,55,,68679,,,1,15,,68680,,,1,15,,68681,,,1,15,,68682,,,1,55,,68683,,,1,15,,68684,,,1,15,,68685,,,1,15,,68686,,,1,55,,68687,,,1,15,,68688,,,1,15,,68689,,,1,15,,68690,,,1,55,,68691,,,1,15,,68692,,,1,15,,68693,,,1,15,,68694,,,1,55,,68695,,,1,20,,68640,,,1,20,,68641,,,1,60,,68642,,,1,20,,68643,,,1,20,,68644,,,1,60,,68645,,,1,20,,68646,,,1,20,,68647,,,1,60,,68648,,,1,20,,68649,,,1,19,,68650,,,1,20,,68651,,,1,60,,68652,,,1,20,,68657,,,1,20,,68658,,,1,60,,68660,,,1,20,,68656,,,1,20,,68665,,,1,60,,68664,,,1,20,,68663,,,1,20,,68662,,,1,69,,68661,,,1,30,,68653,,,1,70,,68654,,,1,30,,68655,,,1,70,,68659,,,1
70900,'709-Weekday-8-26-02-1111100',513,,68697,,,1,20,,68698,,,1,20,,68699,,,1,60,,68701,,,1,10,,68702,,,1,10,,68703,,,1,11,,68700,,,1,10,,68704,,,1,50,,68705,,,1,10,,68706,,,1,10,,68707,,,1,10,,68708,,,1,10,,68709,,,1,8,,68739,,,1,7,,68710,,,1,48,,68740,,,1,7,,68711,,,1,8,,68741,,,1,7,,68712,,,1,8,,68769,,,1,7,,68742,,,1,10,,68743,,,1,50,,68744,,,1,11,,68745,,,1,15,,68746,,,1,15,,68747,,,1,55,,68748,,,1,15,,68749,,,1,15,,68750,,,1,15,,68751,,,1,55,,68752,,,1,15,,68753,,,1,15,,68754,,,1,15,,68755,,,1,55,,68756,,,1,15,,68757,,,1,15,,68758,,,1,15,,68759,,,1,55,,68760,,,1,15,,68761,,,1,15,,68762,,,1,15,,68763,,,1,55,,68764,,,1,15,,68765,,,1,15,,68766,,,1,15,,68767,,,1,55,,68768,,,1,20,,68713,,,1,20,,68714,,,1,60,,68715,,,1,20,,68716,,,1,20,,68717,,,1,60,,68718,,,1,20,,68719,,,1,20,,68720,,,1,60,,68721,,,1,20,,68722,,,1,19,,68723,,,1,20,,68724,,,1,60,,68725,,,1,20,,68730,,,1,20,,68731,,,1,60,,68733,,,1,20,,68729,,,1,20,,68738,,,1,60,,68737,,,1,20,,68736,,,1,20,,68735,,,1,69,,68734,,,1,30,,68726,,,1,70,,68727,,,1,30,,68728,,,1,70,,68732,,,1
70900,'709-Weekday-9-26-02-1111100',513,,68770,,,1,20,,68771,,,1,20,,68772,,,1,60,,68774,,,1,10,,68775,,,1,10,,68776,,,1,11,,68773,,,1,10,,68777,,,1,50,,68778,,,1,10,,68779,,,1,10,,68780,,,1,10,,68781,,,1,10,,68782,,,1,8,,68812,,,1,7,,68783,,,1,48,,68813,,,1,4,,68843,,,1,3,,68784,,,1,5,,68844,,,1,3,,68814,,,1,7,,68785,,,1,8,,68842,,,1,7,,68815,,,1,10,,68816,,,1,50,,68817,,,1,11,,68818,,,1,15,,68819,,,1,15,,68820,,,1,55,,68821,,,1,15,,68822,,,1,15,,68823,,,1,15,,68824,,,1,55,,68825,,,1,15,,68826,,,1,15,,68827,,,1,15,,68828,,,1,55,,68829,,,1,15,,68830,,,1,15,,68831,,,1,15,,68832,,,1,55,,68833,,,1,15,,68834,,,1,15,,68835,,,1,15,,68836,,,1,55,,68837,,,1,15,,68838,,,1,15,,68839,,,1,15,,68840,,,1,55,,68841,,,1,20,,68786,,,1,20,,68787,,,1,60,,68788,,,1,20,,68789,,,1,20,,68790,,,1,60,,68791,,,1,20,,68792,,,1,20,,68793,,,1,60,,68794,,,1,20,,68795,,,1,19,,68796,,,1,20,,68797,,,1,60,,68798,,,1,20,,68803,,,1,20,,68804,,,1,60,,68806,,,1,20,,68802,,,1,20,,68811,,,1,60,,68810,,,1,20,,68809,,,1,20,,68808,,,1,69,,68807,,,1,30,,68799,,,1,70,,68800,,,1,30,,68801,,,1,70,,68805,,,1
70900,'709-Saturday-1-26-02-0000010',548,,11587,,,1,70,,11539,,,1,30,,11540,,,1,70,,11541,,,1,30,,11542,,,1,65,,11543,,,1,20,,11544,,,1,20,,11545,,,1,61,,11546,,,1,20,,11547,,,1,20,,11548,,,1,60,,11549,,,1,20,,11550,,,1,20,,11551,,,1,60,,11552,,,1,20,,11553,,,1,20,,11554,,,1,60,,11555,,,1,20,,11556,,,1,20,,11557,,,1,60,,11558,,,1,20,,11559,,,1,20,,11560,,,1,60,,11561,,,1,20,,11562,,,1,20,,11563,,,1,60,,11564,,,1,20,,11565,,,1,20,,11566,,,1,60,,11567,,,1,20,,11568,,,1,20,,11569,,,1,59,,11570,,,1,20,,11571,,,1,20,,11572,,,1,60,,11573,,,1,20,,11574,,,1,20,,11575,,,1,65,,11576,,,1,29,,11577,,,1,70,,11578,,,1,30,,11579,,,1,70,,11580,,,1,30,,11581,,,1,70,,11582,,,1,30,,11583,,,1,70,,11584,,,1,30,,11585,,,1,70,,11586,,,1,30,,11588,,,1
70900,'709-Sunday-1-26-02-0000001',601,,68845,,,1,30,,68846,,,1,70,,68847,,,1,30,,68848,,,1,70,,68849,,,1,30,,68850,,,1,69,,68851,,,1,31,,68852,,,1,70,,68853,,,1,30,,68854,,,1,70,,68855,,,1,30,,68856,,,1,70,,68857,,,1,30,,68858,,,1,70,,68859,,,1,30,,68860,,,1,70,,68861,,,1,30,,68862,,,1,70,,68863,,,1,30,,68864,,,1,70,,68865,,,1,30,,68866,,,1,70,,68867,,,1,30,,68868,,,1,70,,68870,,,1,30,,68871,,,1,70,,68872,,,1,30,,68873,,,1,70,,68874,,,1,30,,68869,,,1,70,,68875,,,1,30,,68876,,,1,70,,68877,,,1,30,,68878,,,1,70,,68879,,,1,30,,68880,,,1,70,,68881,,,1
