11200,'112-Weekday-1-26-09-0001000',1226,,217271,16,,,1
11200,'112-Weekday-1-26-09-1110100',1534,,217272,16,,,1
11200,'112-Weekday-1-26-09-1111100',528,,217273,16,,,1,30,,217274,16,,,1,70,,217275,16,,,1,31,,217302,16,,,1,60,,217301,16,,,1,20,,217304,16,,,1,20,,217276,16,,,1,60,,217305,16,,,1,20,,217303,16,,,1,20,,217277,16,,,1,70,,217278,16,,,1,30,,217279,16,,,1,70,,217280,16,,,1,30,,217281,16,,,1,70,,217282,16,,,1,30,,217283,16,,,1,70,,217300,16,,,1,30,,217284,16,,,1,70,,217285,16,,,1,30,,217299,16,,,1,70,,217286,16,,,1,30,,217287,16,,,1,71,,217308,16,,,1,20,,217288,16,,,1,60,,217289,16,,,1,20,,217290,16,,,1,20,,217291,16,,,1,60,,217309,16,,,1,20,,217306,16,,,1,70,,217307,16,,,1,30,,217292,16,,,1,29,,217293,16,,,1,70,,217294,16,,,1,30,,217295,16,,,1,70,,217296,16,,,1,30,,217297,16,,,1,70,,217298,16,,,1
11200,'112-Weekday-2-26-09-1111100',528,,217310,16,,,1,30,,217311,16,,,1,70,,217312,16,,,1,31,,217339,16,,,1,60,,217338,16,,,1,20,,217341,16,,,1,20,,217313,16,,,1,60,,217342,16,,,1,20,,217340,16,,,1,20,,217314,16,,,1,70,,217315,16,,,1,30,,217316,16,,,1,70,,217317,16,,,1,30,,217318,16,,,1,70,,217319,16,,,1,30,,217320,16,,,1,70,,217337,16,,,1,30,,217321,16,,,1,70,,217322,16,,,1,30,,217336,16,,,1,70,,217323,16,,,1,30,,217324,16,,,1,71,,217345,16,,,1,20,,217325,16,,,1,60,,217326,16,,,1,20,,217327,16,,,1,20,,217328,16,,,1,60,,217346,16,,,1,20,,217343,16,,,1,70,,217344,16,,,1,30,,217329,16,,,1,29,,217330,16,,,1,70,,217331,16,,,1,30,,217332,16,,,1,70,,217333,16,,,1,30,,217334,16,,,1,70,,217335,16,,,1
11200,'112-Weekday-4-26-09-1111100',528,,217347,16,,,1,30,,217348,16,,,1,70,,217349,16,,,1,31,,217376,16,,,1,60,,217375,16,,,1,20,,217378,16,,,1,20,,217350,16,,,1,60,,217379,16,,,1,20,,217377,16,,,1,20,,217351,16,,,1,70,,217352,16,,,1,30,,217353,16,,,1,70,,217354,16,,,1,30,,217355,16,,,1,70,,217356,16,,,1,30,,217357,16,,,1,70,,217374,16,,,1,30,,217358,16,,,1,70,,217359,16,,,1,30,,217373,16,,,1,70,,217360,16,,,1,30,,217361,16,,,1,71,,217382,16,,,1,20,,217362,16,,,1,60,,217363,16,,,1,20,,217364,16,,,1,20,,217365,16,,,1,60,,217383,16,,,1,20,,217380,16,,,1,70,,217381,16,,,1,30,,217366,16,,,1,29,,217367,16,,,1,70,,217368,16,,,1,30,,217369,16,,,1,70,,217370,16,,,1,30,,217371,16,,,1,70,,217372,16,,,1
11200,'112-Saturday-1-26-09-0000010',800,,217384,16,,,1,30,,217385,16,,,1,70,,217386,16,,,1,30,,217387,16,,,1,70,,217388,16,,,1,30,,217389,16,,,1,70,,217390,16,,,1,30,,217391,16,,,1,70,,217392,16,,,1,30,,217393,16,,,1,70,,217394,16,,,1,30,,217395,16,,,1,70,,217396,16,,,1,30,,217397,16,,,1,70,,217398,16,,,1,30,,217399,16,,,1,70,,217400,16,,,1,30,,217401,16,,,1,70,,217402,16,,,1,30,,217403,16,,,1,70,,217404,16,,,1,30,,217405,16,,,1,70,,217406,16,,,1
11200,'112-Sunday-1-26-09-0000001',1011,,217407,16,,,1,30,,217408,16,,,1,70,,217409,16,,,1,30,,217410,16,,,1,70,,217411,16,,,1,30,,217412,16,,,1,70,,217413,16,,,1,30,,217414,16,,,1,70,,217415,16,,,1,30,,217416,16,,,1,70,,217417,16,,,1,30,,217418,16,,,1,70,,217419,16,,,1,30,,217420,16,,,1,68,,217421,16,,,1,30,,217422,16,,,1,70,,217423,16,,,1,30,,217424,16,,,1
61300,'613-Weekday-1-26-09-1111100',722,,227411,6,,,1,90,,227412,6,,,1
61300,'613-Weekday-3-26-09-1111100',812,,227413,6,,,1
61801,'618-Weekday-1-26-09-1111100',801,,227449,6,,,1
24015001,'150X-Weekday-1-26-09-1111100',604,,245121,6,,,1,20,,245115,6,,,1,20,,245116,6,,,1,60,,245117,6,,,1,15,,245118,6,,,1,15,,245119,6,,,1,15,,245120,6,,,1,55,,245113,6,,,1,15,,245112,6,,,1,15,,245114,6,,,1
24015001,'150X-Weekday-2-26-09-1111100',604,,245131,6,,,1,20,,245125,6,,,1,20,,245126,6,,,1,60,,245127,6,,,1,15,,245128,6,,,1,15,,245129,6,,,1,15,,245130,6,,,1,55,,245123,6,,,1,15,,245122,6,,,1,15,,245124,6,,,1
24015001,'150X-Weekday-4-26-09-1111100',604,,245141,6,,,1,20,,245135,6,,,1,20,,245136,6,,,1,60,,245137,6,,,1,15,,245138,6,,,1,15,,245139,6,,,1,15,,245140,6,,,1,55,,245133,6,,,1,15,,245132,6,,,1,15,,245134,6,,,1
