66700,'667-Weekday-1-26-09-0001000',1433,,227776,5,,,1,3,,227777,5,,,1
66700,'667-Weekday-1-26-09-1110100',1512,,227778,5,,,1,3,,227779,5,,,1
66700,'667-Weekday-3-26-09-1110100',1512,,227780,5,,,1,3,,227781,5,,,1
72100,'721-Weekday-1-26-09-0001000',1431,,233912,6,,,1
72100,'721-Weekday-1-26-09-1110100',1514,,233913,6,,,1,3,,233914,6,,,1
72100,'721-Weekday-1-26-09-1111100',504,,233956,12,,,1,20,,233957,12,,,1,20,,233958,12,,,1,60,,233959,12,,,1,18,,233915,6,,,1,11,,233960,12,,,1,10,,233916,6,,,1,12,,233968,12,,,1,52,,233917,6,,,1,8,,233970,12,,,1,7,,233974,6,,,1,8,,233961,12,,,1,8,,233918,6,,,1,8,,233975,12,,,1,8,,233919,6,,,1,47,,233976,12,,,1,8,,233969,6,,,1,7,,233977,12,,,1,8,,233920,6,,,1,7,,233978,12,,,1,7,,233921,6,,,1,14,,233971,6,,,1,55,,233923,6,,,1,16,,233922,6,,,1,18,,233924,6,,,1,60,,233925,6,,,1,20,,233926,6,,,1,20,,233927,6,,,1,60,,233928,6,,,1,20,,233929,6,,,1,20,,233930,6,,,1,60,,233931,6,,,1,20,,233932,6,,,1,20,,233933,6,,,1,60,,233934,6,,,1,20,,233935,6,,,1,20,,233936,6,,,1,60,,233937,6,,,1,20,,233938,6,,,1,20,,233939,6,,,1,60,,233940,6,,,1,26,,233941,6,,,1,22,,233972,6,,,1,60,,233965,6,,,1,20,,233966,6,,,1,20,,233967,6,,,1,60,,233964,6,,,1,20,,233973,6,,,1,17,,233979,6,,,1,60,,233980,6,,,1,20,,233963,6,,,1,20,,233962,6,,,1,57,,233942,6,,,1,20,,233943,6,,,1,20,,233944,6,,,1,60,,233945,6,,,1,20,,233946,6,,,1,20,,233947,6,,,1,60,,233948,6,,,1,20,,233949,6,,,1,20,,233950,6,,,1,59,,233951,6,,,1,30,,233952,6,,,1,70,,233953,6,,,1,30,,233954,6,,,1,70,,233955,6,,,1
72100,'721-Weekday-2-26-09-1110100',1514,,233981,6,,,1,3,,233982,6,,,1
72100,'721-Weekday-2-26-09-1111100',504,,234024,12,,,1,20,,234025,12,,,1,20,,234026,12,,,1,60,,234027,12,,,1,18,,233983,6,,,1,11,,234028,12,,,1,10,,233984,6,,,1,12,,234036,12,,,1,52,,233985,6,,,1,8,,234038,12,,,1,7,,234042,6,,,1,8,,234029,12,,,1,8,,233986,6,,,1,8,,234043,12,,,1,8,,233987,6,,,1,47,,234044,12,,,1,8,,234037,6,,,1,7,,234045,12,,,1,8,,233988,6,,,1,7,,234046,12,,,1,7,,233989,6,,,1,14,,234039,6,,,1,55,,233991,6,,,1,16,,233990,6,,,1,18,,233992,6,,,1,60,,233993,6,,,1,20,,233994,6,,,1,20,,233995,6,,,1,60,,233996,6,,,1,20,,233997,6,,,1,20,,233998,6,,,1,60,,233999,6,,,1,20,,234000,6,,,1,20,,234001,6,,,1,60,,234002,6,,,1,20,,234003,6,,,1,20,,234004,6,,,1,60,,234005,6,,,1,20,,234006,6,,,1,20,,234007,6,,,1,60,,234008,6,,,1,26,,234009,6,,,1,22,,234040,6,,,1,60,,234033,6,,,1,20,,234034,6,,,1,20,,234035,6,,,1,60,,234032,6,,,1,20,,234041,6,,,1,17,,234047,6,,,1,60,,234048,6,,,1,20,,234031,6,,,1,20,,234030,6,,,1,57,,234010,6,,,1,20,,234011,6,,,1,20,,234012,6,,,1,60,,234013,6,,,1,20,,234014,6,,,1,20,,234015,6,,,1,60,,234016,6,,,1,20,,234017,6,,,1,20,,234018,6,,,1,59,,234019,6,,,1,30,,234020,6,,,1,70,,234021,6,,,1,30,,234022,6,,,1,70,,234023,6,,,1
72100,'721-Weekday-4-26-09-1111100',504,,234090,12,,,1,20,,234091,12,,,1,20,,234092,12,,,1,60,,234093,12,,,1,18,,234049,6,,,1,11,,234094,12,,,1,10,,234050,6,,,1,12,,234102,12,,,1,52,,234051,6,,,1,8,,234104,12,,,1,7,,234108,6,,,1,8,,234095,12,,,1,8,,234052,6,,,1,8,,234109,12,,,1,8,,234053,6,,,1,47,,234110,12,,,1,8,,234103,6,,,1,7,,234111,12,,,1,8,,234054,6,,,1,7,,234112,12,,,1,7,,234055,6,,,1,14,,234105,6,,,1,55,,234057,6,,,1,16,,234056,6,,,1,18,,234058,6,,,1,60,,234059,6,,,1,20,,234060,6,,,1,20,,234061,6,,,1,60,,234062,6,,,1,20,,234063,6,,,1,20,,234064,6,,,1,60,,234065,6,,,1,20,,234066,6,,,1,20,,234067,6,,,1,60,,234068,6,,,1,20,,234069,6,,,1,20,,234070,6,,,1,60,,234071,6,,,1,20,,234072,6,,,1,20,,234073,6,,,1,60,,234074,6,,,1,26,,234075,6,,,1,22,,234106,6,,,1,60,,234099,6,,,1,20,,234100,6,,,1,20,,234101,6,,,1,60,,234098,6,,,1,20,,234107,6,,,1,17,,234113,6,,,1,60,,234114,6,,,1,20,,234097,6,,,1,20,,234096,6,,,1,57,,234076,6,,,1,20,,234077,6,,,1,20,,234078,6,,,1,60,,234079,6,,,1,20,,234080,6,,,1,20,,234081,6,,,1,60,,234082,6,,,1,20,,234083,6,,,1,20,,234084,6,,,1,59,,234085,6,,,1,30,,234086,6,,,1,70,,234087,6,,,1,30,,234088,6,,,1,70,,234089,6,,,1
72100,'721-Saturday-1-26-09-0000010',548,,234162,12,,,1,70,,234115,12,,,1,30,,234116,12,,,1,70,,234117,12,,,1,30,,234118,12,,,1,70,,234119,12,,,1,25,,234120,12,,,1,61,,234121,12,,,1,24,,234122,12,,,1,20,,234123,12,,,1,60,,234124,12,,,1,20,,234125,12,,,1,20,,234126,12,,,1,60,,234127,12,,,1,20,,234128,12,,,1,20,,234129,12,,,1,60,,234130,12,,,1,20,,234131,12,,,1,20,,234132,12,,,1,60,,234133,12,,,1,20,,234134,12,,,1,20,,234135,12,,,1,60,,234136,12,,,1,20,,234137,12,,,1,21,,234138,12,,,1,61,,234139,12,,,1,20,,234140,12,,,1,20,,234141,12,,,1,60,,234142,12,,,1,20,,234143,12,,,1,20,,234144,12,,,1,58,,234145,12,,,1,18,,234146,12,,,1,20,,234147,12,,,1,60,,234148,12,,,1,20,,234149,12,,,1,20,,234150,12,,,1,60,,234151,12,,,1,30,,234152,12,,,1,70,,234153,12,,,1,30,,234154,12,,,1,70,,234155,12,,,1,30,,234156,12,,,1,70,,234157,12,,,1,30,,234158,12,,,1,70,,234159,12,,,1,30,,234160,12,,,1
72100,'721-Sunday-1-26-09-0000001',610,,234198,12,,,1,30,,234187,12,,,1,70,,234182,12,,,1,30,,234181,12,,,1,70,,234183,12,,,1,30,,234180,12,,,1,68,,234186,12,,,1,31,,234184,12,,,1,70,,234172,12,,,1,30,,234192,12,,,1,70,,234167,12,,,1,30,,234165,12,,,1,70,,234171,12,,,1,30,,234170,12,,,1,67,,234164,12,,,1,30,,234168,12,,,1,70,,234169,12,,,1,30,,234195,12,,,1,70,,234177,12,,,1,30,,234197,12,,,1,70,,234194,12,,,1,30,,234191,12,,,1,70,,234188,12,,,1,31,,234189,12,,,1,70,,234185,12,,,1,30,,234196,12,,,1,70,,234190,12,,,1,30,,234193,12,,,1,70,,234173,12,,,1,30,,234176,12,,,1,70,,234175,12,,,1,30,,234174,12,,,1,85,,234179,12,,,1,100,,234178,12,,,1,100,,234166,12,,,1
