401,'004-Weekday-1-26-04-1111100',510,,108412,19,,,1,15,,108413,19,,,1,15,,108414,19,,,1,16,,108415,19,,,1,55,,108416,19,,,1,15,,108453,19,,,1,20,,108452,19,,,1,10,,108451,19,,,1,50,,108503,19,,,1,10,,108504,19,,,1,10,,108496,19,,,1,10,,108497,19,,,1,10,,108498,19,,,1,10,,108499,19,,,1,50,,108500,19,,,1,10,,108501,19,,,1,10,,108505,19,,,1,10,,108506,19,,,1,11,,108502,19,,,1,12,,108450,19,,,1,51,,108486,19,,,1,12,,108449,19,,,1,12,,108448,19,,,1,12,,108482,19,,,1,12,,108483,19,,,1,52,,108417,19,,,1,12,,108418,19,,,1,12,,108419,19,,,1,12,,108420,19,,,1,12,,108421,19,,,1,52,,108422,19,,,1,12,,108423,19,,,1,12,,108424,19,,,1,12,,108425,19,,,1,12,,108426,19,,,1,52,,108427,19,,,1,12,,108428,19,,,1,12,,108454,19,,,1,12,,108455,19,,,1,12,,108456,19,,,1,52,,108457,19,,,1,12,,108458,19,,,1,12,,108490,19,,,1,12,,108491,19,,,1,12,,108492,19,,,1,52,,108493,19,,,1,12,,108494,19,,,1,12,,108495,19,,,1,12,,108489,19,,,1,12,,108459,19,,,1,54,,108507,19,,,1,9,,108460,19,,,1,8,,108461,19,,,1,10,,108462,19,,,1,10,,108463,19,,,1,10,,108464,19,,,1,50,,108465,19,,,1,10,,108466,19,,,1,10,,108467,19,,,1,10,,108468,19,,,1,10,,108469,19,,,1,10,,108470,19,,,1,50,,108471,19,,,1,10,,108472,19,,,1,10,,108473,19,,,1,10,,108487,19,,,1,15,,108488,19,,,1,55,,108474,19,,,1,15,,108475,19,,,1,13,,108476,19,,,1,12,,108477,19,,,1,55,,108478,19,,,1,15,,108479,19,,,1,15,,108480,19,,,1,15,,108481,19,,,1,55,,108484,19,,,1,15,,108485,19,,,1,15,,108429,19,,,1,15,,108430,19,,,1,55,,108432,19,,,1,15,,108433,19,,,1,15,,108434,19,,,1,15,,108431,19,,,1,54,,108435,19,,,1,14,,108436,19,,,1,20,,108437,19,,,1,20,,108438,19,,,1,60,,108439,19,,,1,20,,108440,19,,,1,20,,108441,19,,,1,59,,108442,19,,,1,29,,108443,19,,,1,70,,108444,19,,,1,30,,108445,19,,,1,70,,108446,19,,,1,30,,108447,19,,,1
401,'004-Saturday-1-26-04-0000010',530,,108509,19,,,1,20,,108510,19,,,1,60,,108511,19,,,1,20,,108512,19,,,1,20,,108513,19,,,1,60,,108514,19,,,1,20,,108515,19,,,1,20,,108516,19,,,1,60,,108517,19,,,1,15,,108518,19,,,1,15,,108519,19,,,1,15,,108520,19,,,1,61,,108521,19,,,1,15,,108522,19,,,1,15,,108523,19,,,1,55,,108524,19,,,1,15,,108525,19,,,1,15,,108526,19,,,1,15,,108528,19,,,1,55,,108527,19,,,1,15,,108530,19,,,1,15,,108531,19,,,1,15,,108533,19,,,1,55,,108534,19,,,1,15,,108536,19,,,1,15,,108538,19,,,1,15,,108540,19,,,1,55,,108542,19,,,1,15,,108544,19,,,1,15,,108546,19,,,1,15,,108548,19,,,1,55,,108550,19,,,1,15,,108552,19,,,1,15,,108554,19,,,1,15,,108556,19,,,1,55,,108559,19,,,1,15,,108561,19,,,1,15,,108562,19,,,1,15,,108565,19,,,1,55,,108567,19,,,1,15,,108568,19,,,1,15,,108570,19,,,1,15,,108572,19,,,1,55,,108574,19,,,1,15,,108576,19,,,1,16,,108578,19,,,1,15,,108580,19,,,1,55,,108508,19,,,1,15,,108582,19,,,1,16,,108584,19,,,1,15,,108586,19,,,1,55,,108588,19,,,1,15,,108590,19,,,1,15,,108592,19,,,1,15,,108594,19,,,1,55,,108596,19,,,1,16,,108597,19,,,1,15,,108598,19,,,1,15,,108599,19,,,1,55,,108600,19,,,1,15,,108601,19,,,1,15,,108602,19,,,1,15,,108603,19,,,1,55,,108604,19,,,1,15,,108605,19,,,1,18,,108606,19,,,1,20,,108607,19,,,1,60,,108608,19,,,1,20,,108609,19,,,1,20,,108610,19,,,1,58,,108611,19,,,1,20,,108612,19,,,1,70,,108613,19,,,1,30,,108618,19,,,1,70,,108614,19,,,1,30,,108615,19,,,1,70,,108616,19,,,1
401,'004-Sunday-1-26-04-0000001',541,,108619,19,,,1,60,,108620,19,,,1,20,,108621,19,,,1,20,,108622,19,,,1,60,,108623,19,,,1,20,,108624,19,,,1,20,,108625,19,,,1,60,,108626,19,,,1,20,,108627,19,,,1,20,,108628,19,,,1,61,,108629,19,,,1,21,,108630,19,,,1,20,,108631,19,,,1,15,,108632,19,,,1,55,,108692,19,,,1,15,,108633,19,,,1,15,,108634,19,,,1,15,,108635,19,,,1,55,,108636,19,,,1,15,,108637,19,,,1,15,,108638,19,,,1,15,,108639,19,,,1,55,,108640,19,,,1,15,,108641,19,,,1,15,,108642,19,,,1,15,,108643,19,,,1,55,,108644,19,,,1,15,,108645,19,,,1,15,,108646,19,,,1,15,,108647,19,,,1,55,,108648,19,,,1,15,,108649,19,,,1,15,,108650,19,,,1,15,,108651,19,,,1,55,,108652,19,,,1,15,,108653,19,,,1,15,,108654,19,,,1,15,,108655,19,,,1,55,,108656,19,,,1,15,,108657,19,,,1,11,,108658,19,,,1,15,,108659,19,,,1,54,,108660,19,,,1,15,,108661,19,,,1,15,,108662,19,,,1,15,,108663,19,,,1,55,,108664,19,,,1,15,,108665,19,,,1,15,,108666,19,,,1,15,,108667,19,,,1,55,,108668,19,,,1,15,,108669,19,,,1,15,,108670,19,,,1,15,,108671,19,,,1,55,,108672,19,,,1,15,,108673,19,,,1,15,,108674,19,,,1,15,,108675,19,,,1,55,,108676,19,,,1,15,,108677,19,,,1,15,,108678,19,,,1,15,,108679,19,,,1,55,,108691,19,,,1,16,,108681,19,,,1,20,,108682,19,,,1,63,,108683,19,,,1,20,,108680,19,,,1,20,,108684,19,,,1,59,,108685,19,,,1,24,,108686,19,,,1,71,,108687,19,,,1,29,,108688,19,,,1,70,,108689,19,,,1,30,,108690,19,,,1,70,,108693,19,,,1
52400,'524-Weekday-1-26-04-1111100',902,,119966,3,,,1,30,,119967,3,,,1,70,,119968,3,,,1,30,,119969,3,,,1,70,,119970,3,,,1,30,,119971,3,,,1,70,,119972,3,,,1,30,,119973,3,,,1,70,,119974,3,,,1,30,,119975,3,,,1,70,,119976,3,,,1,30,,119977,3,,,1,69,,119978,3,,,1,100,,119979,3,,,1,100,,119980,3,,,1
52400,'524-Saturday-1-26-04-0000010',1031,,119981,3,,,1,100,,119982,3,,,1,100,,119983,3,,,1,100,,119984,3,,,1,100,,119985,3,,,1,100,,119986,3,,,1,100,,119987,3,,,1
52400,'524-Sunday-1-26-04-0000001',1031,,119988,3,,,1,100,,119989,3,,,1,100,,119990,3,,,1,100,,119991,3,,,1,100,,119992,3,,,1,100,,119993,3,,,1
52501,'525-Weekday-1-26-04-1111100',931,,120049,3,,,1,70,,120050,3,,,1,30,,120051,3,,,1,70,,120052,3,,,1,30,,120053,3,,,1,70,,120054,3,,,1,30,,120055,3,,,1,70,,120056,3,,,1,30,,120057,3,,,1,70,,120058,3,,,1,30,,120059,3,,,1,101,,120060,3,,,1,100,,120061,3,,,1,100,,120062,3,,,1
52501,'525-Saturday-1-26-04-0000010',1101,,120063,3,,,1,100,,120064,3,,,1,100,,120065,3,,,1,100,,120066,3,,,1,100,,120067,3,,,1,100,,120068,3,,,1,100,,120069,3,,,1
52501,'525-Sunday-1-26-04-0000001',1101,,120070,3,,,1,100,,120071,3,,,1,100,,120072,3,,,1,100,,120073,3,,,1,100,,120074,3,,,1,100,,120075,3,,,1
63701,'637-Weekday-1-26-04-1111100',1547,,120444,12,,,1
