65000,'650-Weekday-1-26-09-1111100',756,,227642,20,,,1,2,,227643,20,,,1
65000,'650-Weekday-3-26-09-1111100',756,,227644,20,,,1,2,,227645,20,,,1
70600,'706-Weekday-1-26-09-1111100',538,,229729,9,,,1,70,,229730,9,,,1,31,,229731,9,,,1,20,,229732,9,,,1,60,,229733,9,,,1,20,,229734,9,,,1,20,,229735,9,,,1,60,,229736,9,,,1,20,,229737,9,,,1,73,,229738,9,,,1,27,,229739,9,,,1,70,,229740,9,,,1,30,,229741,9,,,1,70,,229742,9,,,1,30,,229743,9,,,1,70,,229744,9,,,1,30,,229745,9,,,1,70,,229746,9,,,1,30,,229747,9,,,1,70,,229748,9,,,1,30,,229749,9,,,1,70,,229750,9,,,1,30,,229751,9,,,1,70,,229752,9,,,1,30,,229753,9,,,1,70,,229754,9,,,1,30,,229755,9,,,1,70,,229756,9,,,1,29,,229757,9,,,1,70,,229758,9,,,1,30,,229759,9,,,1,70,,229760,9,,,1,30,,229761,9,,,1,70,,229762,9,,,1,30,,229763,9,,,1,69,,229764,9,,,1
70600,'706-Weekday-2-26-09-1111100',538,,229765,9,,,1,70,,229766,9,,,1,31,,229767,9,,,1,20,,229768,9,,,1,60,,229769,9,,,1,20,,229770,9,,,1,20,,229771,9,,,1,60,,229772,9,,,1,20,,229773,9,,,1,73,,229774,9,,,1,27,,229775,9,,,1,70,,229776,9,,,1,30,,229777,9,,,1,70,,229778,9,,,1,30,,229779,9,,,1,70,,229780,9,,,1,30,,229781,9,,,1,70,,229782,9,,,1,30,,229783,9,,,1,70,,229784,9,,,1,30,,229785,9,,,1,70,,229786,9,,,1,30,,229787,9,,,1,70,,229788,9,,,1,30,,229789,9,,,1,70,,229790,9,,,1,30,,229791,9,,,1,70,,229792,9,,,1,29,,229793,9,,,1,70,,229794,9,,,1,30,,229795,9,,,1,70,,229796,9,,,1,30,,229797,9,,,1,70,,229798,9,,,1,30,,229799,9,,,1,69,,229800,9,,,1
70600,'706-Weekday-4-26-09-1111100',538,,229801,9,,,1,70,,229802,9,,,1,31,,229803,9,,,1,20,,229804,9,,,1,60,,229805,9,,,1,20,,229806,9,,,1,20,,229807,9,,,1,60,,229808,9,,,1,20,,229809,9,,,1,73,,229810,9,,,1,27,,229811,9,,,1,70,,229812,9,,,1,30,,229813,9,,,1,70,,229814,9,,,1,30,,229815,9,,,1,70,,229816,9,,,1,30,,229817,9,,,1,70,,229818,9,,,1,30,,229819,9,,,1,70,,229820,9,,,1,30,,229821,9,,,1,70,,229822,9,,,1,30,,229823,9,,,1,70,,229824,9,,,1,30,,229825,9,,,1,70,,229826,9,,,1,30,,229827,9,,,1,70,,229828,9,,,1,29,,229829,9,,,1,70,,229830,9,,,1,30,,229831,9,,,1,70,,229832,9,,,1,30,,229833,9,,,1,70,,229834,9,,,1,30,,229835,9,,,1,69,,229836,9,,,1
70600,'706-Saturday-1-26-09-0000010',621,,229837,9,,,1,100,,229838,9,,,1,100,,229839,9,,,1,30,,229840,9,,,1,70,,229841,9,,,1,30,,229842,9,,,1,70,,229843,9,,,1,30,,229844,9,,,1,70,,229845,9,,,1,30,,229846,9,,,1,70,,229847,9,,,1,29,,229848,9,,,1,71,,229849,9,,,1,30,,229850,9,,,1,70,,229851,9,,,1,30,,229852,9,,,1,70,,229853,9,,,1,30,,229854,9,,,1,70,,229855,9,,,1,30,,229856,9,,,1,70,,229857,9,,,1,30,,229858,9,,,1,70,,229859,9,,,1,30,,229860,9,,,1,70,,229861,9,,,1,100,,229862,9,,,1,100,,229863,9,,,1,100,,229864,9,,,1
70600,'706-Sunday-1-26-09-0000001',624,,229865,9,,,1,100,,229866,9,,,1,100,,229867,9,,,1,101,,229868,9,,,1,100,,229869,9,,,1,30,,229870,9,,,1,70,,229871,9,,,1,30,,229872,9,,,1,70,,229873,9,,,1,30,,229874,9,,,1,70,,229875,9,,,1,30,,229876,9,,,1,70,,229877,9,,,1,30,,229878,9,,,1,70,,229879,9,,,1,30,,229880,9,,,1,70,,229881,9,,,1,30,,229882,9,,,1,70,,229883,9,,,1,30,,229884,9,,,1,70,,229885,9,,,1,30,,229886,9,,,1,70,,229887,9,,,1,100,,229888,9,,,1,100,,229889,9,,,1
72400,'724-Weekday-1-26-09-1111100',610,,235156,20,,,1,31,,235157,20,,,1,70,,235158,20,,,1,30,,235159,20,,,1,70,,235160,20,,,1,30,,235161,20,,,1,669,,235162,20,,,1,30,,235163,20,,,1,70,,235164,20,,,1,30,,235165,20,,,1,70,,235166,20,,,1,30,,235167,20,,,1
72400,'724-Weekday-2-26-09-1111100',610,,235168,20,,,1,31,,235169,20,,,1,70,,235170,20,,,1,30,,235171,20,,,1,70,,235172,20,,,1,30,,235173,20,,,1,669,,235174,20,,,1,30,,235175,20,,,1,70,,235176,20,,,1,30,,235177,20,,,1,70,,235178,20,,,1,30,,235179,20,,,1
72400,'724-Weekday-4-26-09-1111100',610,,235180,20,,,1,31,,235181,20,,,1,70,,235182,20,,,1,30,,235183,20,,,1,70,,235184,20,,,1,30,,235185,20,,,1,669,,235186,20,,,1,30,,235187,20,,,1,70,,235188,20,,,1,30,,235189,20,,,1,70,,235190,20,,,1,30,,235191,20,,,1
