11100,'111-Weekday-1-26-09-1111100',938,,217215,38,,,1,100,,217216,38,,,1,100,,217217,38,,,1,100,,217218,38,,,1,100,,217219,38,,,1,100,,217220,38,,,1,101,,217221,38,,,1
11100,'111-Weekday-2-26-09-1111100',938,,217222,38,,,1,100,,217223,38,,,1,100,,217224,38,,,1,100,,217225,38,,,1,100,,217226,38,,,1,100,,217227,38,,,1,101,,217228,38,,,1
11100,'111-Weekday-4-26-09-1111100',938,,217229,38,,,1,100,,217230,38,,,1,100,,217231,38,,,1,100,,217232,38,,,1,100,,217233,38,,,1,100,,217234,38,,,1,101,,217235,38,,,1
11100,'111-Saturday-1-26-09-0000010',938,,217241,38,0,34,1,100,,217242,38,0,34,1,100,,217238,38,0,34,1,100,,217239,38,0,34,1,100,,217240,38,0,34,1,100,,217236,38,0,34,1,100,,217237,38,0,34,1
24013000,'130X-Weekday-1-26-09-1111100',1452,,244977,10,,,1,60,,244978,10,,,1,21,,244979,10,,,1,20,,244980,10,,,1,60,,244981,10,,,1,20,,244982,10,,,1,20,,244983,10,,,1,60,,244984,10,,,1,20,,244985,10,,,1
24013000,'130X-Weekday-2-26-09-1111100',1452,,244986,10,,,1,60,,244987,10,,,1,21,,244988,10,,,1,20,,244989,10,,,1,60,,244990,10,,,1,20,,244991,10,,,1,20,,244992,10,,,1,60,,244993,10,,,1,20,,244994,10,,,1
24013000,'130X-Weekday-4-26-09-1111100',1452,,244995,10,,,1,60,,244996,10,,,1,21,,244997,10,,,1,20,,244998,10,,,1,60,,244999,10,,,1,20,,245000,10,,,1,20,,245001,10,,,1,60,,245002,10,,,1,20,,245003,10,,,1
24015000,'150X-Weekday-1-26-09-1111100',1453,,245085,10,,,1,60,,245086,10,,,1,21,,245087,10,,,1,20,,245088,10,,,1,60,,245089,10,,,1,20,,245090,10,,,1,19,,245091,10,,,1,60,,245092,10,,,1,20,,245093,10,,,1
24015000,'150X-Weekday-2-26-09-1111100',1453,,245094,10,,,1,60,,245095,10,,,1,21,,245096,10,,,1,20,,245097,10,,,1,60,,245098,10,,,1,20,,245099,10,,,1,19,,245100,10,,,1,60,,245101,10,,,1,20,,245102,10,,,1
24015000,'150X-Weekday-4-26-09-1111100',1453,,245103,10,,,1,60,,245104,10,,,1,21,,245105,10,,,1,20,,245106,10,,,1,60,,245107,10,,,1,20,,245108,10,,,1,19,,245109,10,,,1,60,,245110,10,,,1,20,,245111,10,,,1
