10600,'106-Weekday-1-26-02-0001000',1215,,4933,,,1,5,,4934,,,1
10600,'106-Weekday-1-26-02-1110100',1509,,4935,,,1,3,,4936,,,1,3,,4937,,,1
10600,'106-Weekday-1-26-02-1111100',549,,4986,,,1,73,,4938,,,1,34,,4939,,,1,61,,4996,,,1,21,,4940,,,1,4,,4995,,,1,12,,4999,,,1,4,,4941,,,1,50,,4942,,,1,10,,4943,,,1,10,,4987,,,1,10,,4944,,,1,10,,4945,,,1,10,,4988,,,1,49,,4946,,,1,10,,4947,,,1,9,,4989,,,1,9,,4948,,,1,18,,4949,,,1,60,,4950,,,1,20,,4951,,,1,20,,4952,,,1,60,,4953,,,1,20,,4954,,,1,20,,4955,,,1,60,,4956,,,1,20,,4957,,,1,20,,4958,,,1,60,,4959,,,1,20,,4960,,,1,20,,4961,,,1,60,,4962,,,1,20,,4963,,,1,20,,4964,,,1,48,,4997,,,1,13,,4965,,,1,8,,4998,,,1,14,,4966,,,1,11,,4967,,,1,10,,4990,,,1,50,,4968,,,1,10,,4969,,,1,10,,4991,,,1,10,,4970,,,1,10,,4971,,,1,10,,4992,,,1,50,,4972,,,1,10,,4973,,,1,10,,4993,,,1,10,,4974,,,1,10,,4975,,,1,10,,4994,,,1,50,,4976,,,1,28,,4977,,,1,66,,4978,,,1,25,,4979,,,1,30,,4980,,,1,70,,4981,,,1,30,,4982,,,1,70,,4983,,,1,30,,4984,,,1,66,,4985,,,1,26,,5001,,,1
10600,'106-Saturday-1-26-02-0000010',552,,5002,,,1,72,,5003,,,1,30,,5004,,,1,70,,5005,,,1,30,,5006,,,1,70,,5007,,,1,30,,5008,,,1,72,,5009,,,1,76,,5010,,,1,30,,5011,,,1,70,,5012,,,1,30,,5013,,,1,70,,5014,,,1,30,,5015,,,1,70,,5016,,,1,30,,5017,,,1,70,,5018,,,1,30,,5019,,,1,70,,5020,,,1,30,,5021,,,1,70,,5022,,,1,30,,5023,,,1,70,,5024,,,1,27,,5025,,,1,29,,5026,,,1,70,,5027,,,1,30,,5028,,,1,70,,5029,,,1,30,,5030,,,1,70,,5031,,,1,30,,5032,,,1,70,,5033,,,1,30,,5034,,,1,70,,5035,,,1,30,,5036,,,1,100,,5037,,,1
61000,'610-Weekday-1-26-02-0001000',1219,,9936,,,1,2,,9937,,,1,206,,9938,,,1,5,,9939,,,1
61000,'610-Weekday-1-26-02-1110100',1515,,9940,,,1,4,,9941,,,1,8,,9942,,,1,5,,9943,,,1
61200,'612-Weekday-1-26-02-0001000',1216,,9956,,,1
61200,'612-Weekday-1-26-02-1110100',1514,,9957,,,1
62600,'626-Weekday-1-26-02-0001000',1213,,10037,,,1,4,,10038,,,1,4,,10039,,,1
62600,'626-Weekday-1-26-02-1110100',1511,,10040,,,1,4,,10041,,,1,4,,10042,,,1
