10601,'106-Weekday-1-26-09-0001000',1227,,215570,5,0,14,1
10601,'106-Weekday-1-26-09-1110100',1503,,215571,5,0,14,1,4,,215572,5,0,14,1
10601,'106-Weekday-1-26-09-1111100',540,,215573,15,,,1,70,,215574,15,,,1,34,,215575,15,,,1,70,,215576,15,,,1,10,,215577,15,,,1,10,,215623,15,,,1,10,,215578,15,,,1,10,,215579,15,,,1,5,,215632,14,0,14,1,45,,215622,15,,,1,5,,215633,14,0,14,1,5,,215580,15,,,1,10,,215581,15,,,1,10,,215620,15,,,1,16,,215629,15,,,1,57,,215630,15,,,1,17,,215582,15,,,1,20,,215583,15,,,1,60,,215584,15,,,1,20,,215585,15,,,1,20,,215586,15,,,1,60,,215587,15,,,1,20,,215588,15,,,1,20,,215589,15,,,1,60,,215590,15,,,1,20,,215591,15,,,1,20,,215592,15,,,1,60,,215593,15,,,1,20,,215594,15,,,1,20,,215595,15,,,1,60,,215596,15,,,1,20,,215597,15,,,1,20,,215598,15,,,1,10,,215599,15,,,1,50,,215624,15,,,1,10,,215600,15,,,1,10,,215601,15,,,1,10,,215625,15,,,1,10,,215602,15,,,1,10,,215603,15,,,1,50,,215626,15,,,1,10,,215604,15,,,1,10,,215605,15,,,1,10,,215627,15,,,1,10,,215606,15,,,1,10,,215607,15,,,1,50,,215628,15,,,1,10,,215621,15,,,1,15,,215631,15,,,1,15,,215608,15,,,1,70,,215609,15,,,1,29,,215610,15,,,1,70,,215611,15,,,1,30,,215612,15,,,1,70,,215613,15,,,1,30,,215614,15,,,1,70,,215615,15,,,1,30,,215616,15,,,1,68,,215617,15,,,1,100,,215618,15,,,1,100,,215619,15,0,14,1
10601,'106-Weekday-2-26-09-1111100',540,,215634,15,,,1,70,,215635,15,,,1,34,,215636,15,,,1,70,,215637,15,,,1,10,,215638,15,,,1,10,,215684,15,,,1,10,,215639,15,,,1,10,,215640,15,,,1,50,,215683,15,,,1,10,,215641,15,,,1,10,,215642,15,,,1,10,,215681,15,,,1,16,,215690,15,,,1,57,,215691,15,,,1,17,,215643,15,,,1,20,,215644,15,,,1,60,,215645,15,,,1,20,,215646,15,,,1,20,,215647,15,,,1,60,,215648,15,,,1,20,,215649,15,,,1,20,,215650,15,,,1,60,,215651,15,,,1,20,,215652,15,,,1,20,,215653,15,,,1,60,,215654,15,,,1,20,,215655,15,,,1,20,,215656,15,,,1,60,,215657,15,,,1,20,,215658,15,,,1,20,,215659,15,,,1,10,,215660,15,,,1,50,,215685,15,,,1,10,,215661,15,,,1,10,,215662,15,,,1,10,,215686,15,,,1,10,,215663,15,,,1,10,,215664,15,,,1,50,,215687,15,,,1,10,,215665,15,,,1,10,,215666,15,,,1,10,,215688,15,,,1,10,,215667,15,,,1,10,,215668,15,,,1,50,,215689,15,,,1,10,,215682,15,,,1,15,,215692,15,,,1,15,,215669,15,,,1,70,,215670,15,,,1,29,,215671,15,,,1,70,,215672,15,,,1,30,,215673,15,,,1,70,,215674,15,,,1,30,,215675,15,,,1,70,,215676,15,,,1,30,,215677,15,,,1,68,,215678,15,,,1,100,,215679,15,,,1,100,,215680,15,0,14,1
10601,'106-Weekday-4-26-09-1111100',540,,215693,15,,,1,70,,215694,15,,,1,34,,215695,15,,,1,70,,215696,15,,,1,10,,215697,15,,,1,10,,215743,15,,,1,10,,215698,15,,,1,10,,215699,15,,,1,50,,215742,15,,,1,10,,215700,15,,,1,10,,215701,15,,,1,10,,215740,15,,,1,16,,215749,15,,,1,57,,215750,15,,,1,17,,215702,15,,,1,20,,215703,15,,,1,60,,215704,15,,,1,20,,215705,15,,,1,20,,215706,15,,,1,60,,215707,15,,,1,20,,215708,15,,,1,20,,215709,15,,,1,60,,215710,15,,,1,20,,215711,15,,,1,20,,215712,15,,,1,60,,215713,15,,,1,20,,215714,15,,,1,20,,215715,15,,,1,60,,215716,15,,,1,20,,215717,15,,,1,20,,215718,15,,,1,10,,215719,15,,,1,50,,215744,15,,,1,10,,215720,15,,,1,10,,215721,15,,,1,10,,215745,15,,,1,10,,215722,15,,,1,10,,215723,15,,,1,50,,215746,15,,,1,10,,215724,15,,,1,10,,215725,15,,,1,10,,215747,15,,,1,10,,215726,15,,,1,10,,215727,15,,,1,50,,215748,15,,,1,10,,215741,15,,,1,15,,215751,15,,,1,15,,215728,15,,,1,70,,215729,15,,,1,29,,215730,15,,,1,70,,215731,15,,,1,30,,215732,15,,,1,70,,215733,15,,,1,30,,215734,15,,,1,70,,215735,15,,,1,30,,215736,15,,,1,68,,215737,15,,,1,100,,215738,15,,,1,100,,215739,15,0,14,1
10601,'106-Saturday-1-26-09-0000010',542,,215752,15,,,1,70,,215753,15,,,1,30,,215754,15,,,1,70,,215755,15,,,1,30,,215756,15,,,1,70,,215757,15,,,1,30,,215786,15,,,1,72,,215758,15,,,1,30,,215759,15,,,1,70,,215760,15,,,1,30,,215761,15,,,1,70,,215762,15,,,1,30,,215763,15,,,1,70,,215764,15,,,1,30,,215765,15,,,1,70,,215766,15,,,1,30,,215767,15,,,1,70,,215768,15,,,1,30,,215769,15,,,1,70,,215770,15,,,1,30,,215771,15,,,1,70,,215772,15,,,1,30,,215773,15,,,1,70,,215785,15,,,1,30,,215784,15,,,1,70,,215783,15,,,1,30,,215782,15,,,1,70,,215774,15,,,1,30,,215775,15,,,1,70,,215776,15,,,1,30,,215777,15,,,1,70,,215778,15,,,1,30,,215779,15,,,1,70,,215787,15,,,1,100,,215780,15,,,1,100,,215781,15,,,1
10601,'106-Sunday-1-26-09-0000001',627,,215788,15,,,1,30,,215789,15,,,1,70,,215790,15,,,1,30,,215791,15,,,1,70,,215792,15,,,1,29,,215793,15,,,1,74,,215794,15,,,1,70,,215795,15,,,1,30,,215796,15,,,1,70,,215797,15,,,1,30,,215798,15,,,1,70,,215799,15,,,1,30,,215800,15,,,1,70,,215801,15,,,1,30,,215802,15,,,1,70,,215803,15,,,1,30,,215804,15,,,1,70,,215805,15,,,1,30,,215806,15,,,1,70,,215807,15,,,1,30,,215808,15,,,1,70,,215809,15,,,1,27,,215810,15,,,1,30,,215811,15,,,1,70,,215812,15,,,1,30,,215813,15,,,1,70,,215814,15,,,1,30,,215815,15,,,1,70,,215816,15,,,1,30,,215817,15,,,1,100,,215818,15,,,1,100,,215819,15,,,1,100,,215820,15,0,14,1
12801,'128-Weekday-1-26-09-1111100',923,,221175,11,,,1,100,,221176,11,,,1,100,,221177,11,,,1,100,,221178,11,,,1,100,,221179,11,,,1,100,,221180,11,,,1,100,,221181,11,,,1,100,,221182,11,,,1
12801,'128-Weekday-2-26-09-1111100',923,,221183,11,,,1,100,,221184,11,,,1,100,,221185,11,,,1,100,,221186,11,,,1,100,,221187,11,,,1,100,,221188,11,,,1,100,,221189,11,,,1,100,,221190,11,,,1
12801,'128-Weekday-4-26-09-1111100',923,,221191,11,,,1,100,,221192,11,,,1,100,,221193,11,,,1,100,,221194,11,,,1,100,,221195,11,,,1,100,,221196,11,,,1,100,,221197,11,,,1,100,,221198,11,,,1
12801,'128-Saturday-1-26-09-0000010',921,,221199,11,,,1,100,,221200,11,,,1,100,,221201,11,,,1,100,,221202,11,,,1,100,,221203,11,,,1,100,,221204,11,,,1,100,,221205,11,,,1,100,,221206,11,,,1
61400,'614-Weekday-1-26-09-0001000',1429,,227419,3,,,1
61400,'614-Weekday-1-26-09-1110100',1504,,227420,3,,,1,25,,227421,3,,,1
61400,'614-Weekday-3-26-09-1110100',1529,,227422,3,,,1
