70200,'702-Weekday-1-26-02-1111100',533,,10473,,,1,70,,10474,,,1,30,,10475,,,1,70,,10476,,,1,30,,10507,,,1,15,,10477,,,1,55,,10513,,,1,15,,10478,,,1,15,,10479,,,1,20,,10480,,,1,60,,10481,,,1,20,,10512,,,1,20,,10482,,,1,60,,10483,,,1,20,,10511,,,1,20,,10484,,,1,60,,10485,,,1,20,,10510,,,1,20,,10486,,,1,60,,10487,,,1,20,,10509,,,1,20,,10488,,,1,60,,10489,,,1,20,,10508,,,1,20,,10490,,,1,60,,10491,,,1,30,,10492,,,1,70,,10493,,,1,30,,10494,,,1,70,,10495,,,1,30,,10496,,,1,70,,10497,,,1,30,,10498,,,1,70,,10499,,,1,30,,10500,,,1,70,,10501,,,1,30,,10502,,,1,70,,10503,,,1,30,,10504,,,1,70,,10505,,,1,30,,10506,,,1
70200,'702-Weekday-2-26-02-1111100',533,,63583,,,1,70,,63584,,,1,30,,63585,,,1,70,,63586,,,1,30,,63617,,,1,15,,63587,,,1,55,,63623,,,1,15,,63588,,,1,15,,63589,,,1,20,,63590,,,1,60,,63591,,,1,20,,63622,,,1,20,,63592,,,1,60,,63593,,,1,20,,63621,,,1,20,,63594,,,1,60,,63595,,,1,20,,63620,,,1,20,,63596,,,1,60,,63597,,,1,20,,63619,,,1,20,,63598,,,1,60,,63599,,,1,20,,63618,,,1,20,,63600,,,1,60,,63601,,,1,30,,63602,,,1,70,,63603,,,1,30,,63604,,,1,70,,63605,,,1,30,,63606,,,1,70,,63607,,,1,30,,63608,,,1,70,,63609,,,1,30,,63610,,,1,70,,63611,,,1,30,,63612,,,1,70,,63613,,,1,30,,63614,,,1,70,,63615,,,1,30,,63616,,,1
70200,'702-Weekday-4-26-02-1111100',533,,63624,,,1,70,,63625,,,1,30,,63626,,,1,70,,63627,,,1,30,,63658,,,1,15,,63628,,,1,55,,63664,,,1,15,,63629,,,1,15,,63630,,,1,20,,63631,,,1,60,,63632,,,1,20,,63663,,,1,20,,63633,,,1,60,,63634,,,1,20,,63662,,,1,20,,63635,,,1,60,,63636,,,1,20,,63661,,,1,20,,63637,,,1,60,,63638,,,1,20,,63660,,,1,20,,63639,,,1,60,,63640,,,1,20,,63659,,,1,20,,63641,,,1,60,,63642,,,1,30,,63643,,,1,70,,63644,,,1,30,,63645,,,1,70,,63646,,,1,30,,63647,,,1,70,,63648,,,1,30,,63649,,,1,70,,63650,,,1,30,,63651,,,1,70,,63652,,,1,30,,63653,,,1,70,,63654,,,1,30,,63655,,,1,70,,63656,,,1,30,,63657,,,1
70200,'702-Weekday-5-26-02-1111100',533,,63665,,,1,70,,63666,,,1,30,,63667,,,1,70,,63668,,,1,30,,63699,,,1,15,,63669,,,1,55,,63705,,,1,15,,63670,,,1,15,,63671,,,1,20,,63672,,,1,60,,63673,,,1,20,,63704,,,1,20,,63674,,,1,60,,63675,,,1,20,,63703,,,1,20,,63676,,,1,60,,63677,,,1,20,,63702,,,1,20,,63678,,,1,60,,63679,,,1,20,,63701,,,1,20,,63680,,,1,60,,63681,,,1,20,,63700,,,1,20,,63682,,,1,60,,63683,,,1,30,,63684,,,1,70,,63685,,,1,30,,63686,,,1,70,,63687,,,1,30,,63688,,,1,70,,63689,,,1,30,,63690,,,1,70,,63691,,,1,30,,63692,,,1,70,,63693,,,1,30,,63694,,,1,70,,63695,,,1,30,,63696,,,1,70,,63697,,,1,30,,63698,,,1
70200,'702-Weekday-6-26-02-1111100',533,,63706,,,1,70,,63707,,,1,30,,63708,,,1,70,,63709,,,1,30,,63740,,,1,15,,63710,,,1,55,,63746,,,1,15,,63711,,,1,15,,63712,,,1,20,,63713,,,1,60,,63714,,,1,20,,63745,,,1,20,,63715,,,1,60,,63716,,,1,20,,63744,,,1,20,,63717,,,1,60,,63718,,,1,20,,63743,,,1,20,,63719,,,1,60,,63720,,,1,20,,63742,,,1,20,,63721,,,1,60,,63722,,,1,20,,63741,,,1,20,,63723,,,1,60,,63724,,,1,30,,63725,,,1,70,,63726,,,1,30,,63727,,,1,70,,63728,,,1,30,,63729,,,1,70,,63730,,,1,30,,63731,,,1,70,,63732,,,1,30,,63733,,,1,70,,63734,,,1,30,,63735,,,1,70,,63736,,,1,30,,63737,,,1,70,,63738,,,1,30,,63739,,,1
70200,'702-Weekday-7-26-02-1111100',533,,63747,,,1,70,,63748,,,1,30,,63749,,,1,70,,63750,,,1,30,,63781,,,1,15,,63751,,,1,55,,63787,,,1,15,,63752,,,1,15,,63753,,,1,20,,63754,,,1,60,,63755,,,1,20,,63786,,,1,20,,63756,,,1,60,,63757,,,1,20,,63785,,,1,20,,63758,,,1,60,,63759,,,1,20,,63784,,,1,20,,63760,,,1,60,,63761,,,1,20,,63783,,,1,20,,63762,,,1,60,,63763,,,1,20,,63782,,,1,20,,63764,,,1,60,,63765,,,1,30,,63766,,,1,70,,63767,,,1,30,,63768,,,1,70,,63769,,,1,30,,63770,,,1,70,,63771,,,1,30,,63772,,,1,70,,63773,,,1,30,,63774,,,1,70,,63775,,,1,30,,63776,,,1,70,,63777,,,1,30,,63778,,,1,70,,63779,,,1,30,,63780,,,1
70200,'702-Weekday-8-26-02-1111100',533,,63788,,,1,70,,63789,,,1,30,,63790,,,1,70,,63791,,,1,30,,63822,,,1,15,,63792,,,1,55,,63828,,,1,15,,63793,,,1,15,,63794,,,1,20,,63795,,,1,60,,63796,,,1,20,,63827,,,1,20,,63797,,,1,60,,63798,,,1,20,,63826,,,1,20,,63799,,,1,60,,63800,,,1,20,,63825,,,1,20,,63801,,,1,60,,63802,,,1,20,,63824,,,1,20,,63803,,,1,60,,63804,,,1,20,,63823,,,1,20,,63805,,,1,60,,63806,,,1,30,,63807,,,1,70,,63808,,,1,30,,63809,,,1,70,,63810,,,1,30,,63811,,,1,70,,63812,,,1,30,,63813,,,1,70,,63814,,,1,30,,63815,,,1,70,,63816,,,1,30,,63817,,,1,70,,63818,,,1,30,,63819,,,1,70,,63820,,,1,30,,63821,,,1
70200,'702-Weekday-9-26-02-1111100',533,,63829,,,1,70,,63830,,,1,30,,63831,,,1,70,,63832,,,1,30,,63863,,,1,15,,63833,,,1,55,,63869,,,1,15,,63834,,,1,15,,63835,,,1,20,,63836,,,1,60,,63837,,,1,20,,63868,,,1,20,,63838,,,1,60,,63839,,,1,20,,63867,,,1,20,,63840,,,1,60,,63841,,,1,20,,63866,,,1,20,,63842,,,1,60,,63843,,,1,20,,63865,,,1,20,,63844,,,1,60,,63845,,,1,20,,63864,,,1,20,,63846,,,1,60,,63847,,,1,30,,63848,,,1,70,,63849,,,1,30,,63850,,,1,70,,63851,,,1,30,,63852,,,1,70,,63853,,,1,30,,63854,,,1,70,,63855,,,1,30,,63856,,,1,70,,63857,,,1,30,,63858,,,1,70,,63859,,,1,30,,63860,,,1,70,,63861,,,1,30,,63862,,,1
70200,'702-Saturday-1-26-02-0000010',754,,10514,,,1,70,,10515,,,1,30,,10516,,,1,70,,10517,,,1,30,,10518,,,1,70,,10519,,,1,30,,10520,,,1,70,,10521,,,1,30,,10522,,,1,70,,10523,,,1,30,,10524,,,1,70,,10525,,,1,30,,10526,,,1,70,,10527,,,1,30,,10528,,,1,70,,10529,,,1,30,,10530,,,1,70,,10531,,,1,30,,10532,,,1,70,,10533,,,1,30,,10534,,,1,70,,10535,,,1,30,,10536,,,1,70,,10537,,,1,30,,10539,,,1,70,,10538,,,1
70200,'702-Sunday-1-26-02-0000001',903,,63870,,,1,100,,63871,,,1,30,,63872,,,1,70,,63873,,,1,30,,63874,,,1,70,,63875,,,1,30,,63876,,,1,70,,63877,,,1,30,,63878,,,1,70,,63879,,,1,30,,63880,,,1,70,,63881,,,1,30,,63882,,,1,70,,63883,,,1,30,,63884,,,1,70,,63885,,,1,30,,63886,,,1,70,,63887,,,1,30,,63888,,,1,70,,63889,,,1
70201,'702-Weekday-1-26-02-1111100',556,,10540,4,,1,70,,10541,4,,1,77,,10542,4,,1,30,,10543,4,,1,70,,10544,4,,1,30,,10545,4,,1,20,,10563,4,,1,58,,10566,4,,1,18,,10567,4,,1,20,,10568,4,,1,60,,10569,4,,1,20,,10570,4,,1,20,,10571,4,,1,60,,10572,4,,1,20,,10573,4,,1,20,,10574,4,,1,60,,10575,4,,1,20,,10564,4,,1,20,,10559,4,,1,60,,10560,4,,1,20,,10561,4,,1,20,,10565,4,,1,60,,10557,4,,1,20,,10558,4,,1,23,,10562,4,,1,66,,10546,4,,1,21,,10547,4,,1,17,,10548,4,,1,60,,10549,4,,1,20,,10550,4,,1,20,,10551,4,,1,60,,10552,4,,1,20,,10553,4,,1,20,,10554,4,,1,70,,10555,4,,1,25,,10556,4,,1,67,,10576,4,,1,30,,10577,4,,1,70,,10578,4,,1,30,,10579,4,,1,70,,10580,4,,1,30,,10581,4,,1,70,,10582,4,,1
70201,'702-Weekday-2-26-02-1111100',556,,63890,4,,1,70,,63891,4,,1,77,,63892,4,,1,30,,63893,4,,1,70,,63894,4,,1,30,,63895,4,,1,20,,63913,4,,1,58,,63916,4,,1,18,,63917,4,,1,20,,63918,4,,1,60,,63919,4,,1,20,,63920,4,,1,20,,63921,4,,1,60,,63922,4,,1,20,,63923,4,,1,20,,63924,4,,1,60,,63925,4,,1,20,,63914,4,,1,20,,63909,4,,1,60,,63910,4,,1,20,,63911,4,,1,20,,63915,4,,1,60,,63907,4,,1,20,,63908,4,,1,23,,63912,4,,1,66,,63896,4,,1,21,,63897,4,,1,17,,63898,4,,1,60,,63899,4,,1,20,,63900,4,,1,20,,63901,4,,1,60,,63902,4,,1,20,,63903,4,,1,20,,63904,4,,1,70,,63905,4,,1,25,,63906,4,,1,67,,63926,4,,1,30,,63927,4,,1,70,,63928,4,,1,30,,63929,4,,1,70,,63930,4,,1,30,,63931,4,,1,70,,63932,4,,1
70201,'702-Weekday-4-26-02-1111100',556,,63933,4,,1,70,,63934,4,,1,77,,63935,4,,1,30,,63936,4,,1,70,,63937,4,,1,30,,63938,4,,1,20,,63956,4,,1,58,,63959,4,,1,18,,63960,4,,1,20,,63961,4,,1,60,,63962,4,,1,20,,63963,4,,1,20,,63964,4,,1,60,,63965,4,,1,20,,63966,4,,1,20,,63967,4,,1,60,,63968,4,,1,20,,63957,4,,1,20,,63952,4,,1,60,,63953,4,,1,20,,63954,4,,1,20,,63958,4,,1,60,,63950,4,,1,20,,63951,4,,1,23,,63955,4,,1,66,,63939,4,,1,21,,63940,4,,1,17,,63941,4,,1,60,,63942,4,,1,20,,63943,4,,1,20,,63944,4,,1,60,,63945,4,,1,20,,63946,4,,1,20,,63947,4,,1,70,,63948,4,,1,25,,63949,4,,1,67,,63969,4,,1,30,,63970,4,,1,70,,63971,4,,1,30,,63972,4,,1,70,,63973,4,,1,30,,63974,4,,1,70,,63975,4,,1
70201,'702-Weekday-5-26-02-1111100',556,,63976,4,,1,70,,63977,4,,1,77,,63978,4,,1,30,,63979,4,,1,70,,63980,4,,1,30,,63981,4,,1,20,,63999,4,,1,58,,64002,4,,1,18,,64003,4,,1,20,,64004,4,,1,60,,64005,4,,1,20,,64006,4,,1,20,,64007,4,,1,60,,64008,4,,1,20,,64009,4,,1,20,,64010,4,,1,60,,64011,4,,1,20,,64000,4,,1,20,,63995,4,,1,60,,63996,4,,1,20,,63997,4,,1,20,,64001,4,,1,60,,63993,4,,1,20,,63994,4,,1,23,,63998,4,,1,66,,63982,4,,1,21,,63983,4,,1,17,,63984,4,,1,60,,63985,4,,1,20,,63986,4,,1,20,,63987,4,,1,60,,63988,4,,1,20,,63989,4,,1,20,,63990,4,,1,70,,63991,4,,1,25,,63992,4,,1,67,,64012,4,,1,30,,64013,4,,1,70,,64014,4,,1,30,,64015,4,,1,70,,64016,4,,1,30,,64017,4,,1,70,,64018,4,,1
70201,'702-Weekday-6-26-02-1111100',556,,64019,4,,1,70,,64020,4,,1,77,,64021,4,,1,30,,64022,4,,1,70,,64023,4,,1,30,,64024,4,,1,20,,64042,4,,1,58,,64045,4,,1,18,,64046,4,,1,20,,64047,4,,1,60,,64048,4,,1,20,,64049,4,,1,20,,64050,4,,1,60,,64051,4,,1,20,,64052,4,,1,20,,64053,4,,1,60,,64054,4,,1,20,,64043,4,,1,20,,64038,4,,1,60,,64039,4,,1,20,,64040,4,,1,20,,64044,4,,1,60,,64036,4,,1,20,,64037,4,,1,23,,64041,4,,1,66,,64025,4,,1,21,,64026,4,,1,17,,64027,4,,1,60,,64028,4,,1,20,,64029,4,,1,20,,64030,4,,1,60,,64031,4,,1,20,,64032,4,,1,20,,64033,4,,1,70,,64034,4,,1,25,,64035,4,,1,67,,64055,4,,1,30,,64056,4,,1,70,,64057,4,,1,30,,64058,4,,1,70,,64059,4,,1,30,,64060,4,,1,70,,64061,4,,1
70201,'702-Weekday-7-26-02-1111100',556,,64062,4,,1,70,,64063,4,,1,77,,64064,4,,1,30,,64065,4,,1,70,,64066,4,,1,30,,64067,4,,1,20,,64085,4,,1,58,,64088,4,,1,18,,64089,4,,1,20,,64090,4,,1,60,,64091,4,,1,20,,64092,4,,1,20,,64093,4,,1,60,,64094,4,,1,20,,64095,4,,1,20,,64096,4,,1,60,,64097,4,,1,20,,64086,4,,1,20,,64081,4,,1,60,,64082,4,,1,20,,64083,4,,1,20,,64087,4,,1,60,,64079,4,,1,20,,64080,4,,1,23,,64084,4,,1,66,,64068,4,,1,21,,64069,4,,1,17,,64070,4,,1,60,,64071,4,,1,20,,64072,4,,1,20,,64073,4,,1,60,,64074,4,,1,20,,64075,4,,1,20,,64076,4,,1,70,,64077,4,,1,25,,64078,4,,1,67,,64098,4,,1,30,,64099,4,,1,70,,64100,4,,1,30,,64101,4,,1,70,,64102,4,,1,30,,64103,4,,1,70,,64104,4,,1
70201,'702-Weekday-8-26-02-1111100',556,,64105,4,,1,70,,64106,4,,1,77,,64107,4,,1,30,,64108,4,,1,70,,64109,4,,1,30,,64110,4,,1,20,,64128,4,,1,58,,64131,4,,1,18,,64132,4,,1,20,,64133,4,,1,60,,64134,4,,1,20,,64135,4,,1,20,,64136,4,,1,60,,64137,4,,1,20,,64138,4,,1,20,,64139,4,,1,60,,64140,4,,1,20,,64129,4,,1,20,,64124,4,,1,60,,64125,4,,1,20,,64126,4,,1,20,,64130,4,,1,60,,64122,4,,1,20,,64123,4,,1,23,,64127,4,,1,66,,64111,4,,1,21,,64112,4,,1,17,,64113,4,,1,60,,64114,4,,1,20,,64115,4,,1,20,,64116,4,,1,60,,64117,4,,1,20,,64118,4,,1,20,,64119,4,,1,70,,64120,4,,1,25,,64121,4,,1,67,,64141,4,,1,30,,64142,4,,1,70,,64143,4,,1,30,,64144,4,,1,70,,64145,4,,1,30,,64146,4,,1,70,,64147,4,,1
70201,'702-Weekday-9-26-02-1111100',556,,64148,4,,1,70,,64149,4,,1,77,,64150,4,,1,30,,64151,4,,1,70,,64152,4,,1,30,,64153,4,,1,20,,64171,4,,1,58,,64174,4,,1,18,,64175,4,,1,20,,64176,4,,1,60,,64177,4,,1,20,,64178,4,,1,20,,64179,4,,1,60,,64180,4,,1,20,,64181,4,,1,20,,64182,4,,1,60,,64183,4,,1,20,,64172,4,,1,20,,64167,4,,1,60,,64168,4,,1,20,,64169,4,,1,20,,64173,4,,1,60,,64165,4,,1,20,,64166,4,,1,23,,64170,4,,1,66,,64154,4,,1,21,,64155,4,,1,17,,64156,4,,1,60,,64157,4,,1,20,,64158,4,,1,20,,64159,4,,1,60,,64160,4,,1,20,,64161,4,,1,20,,64162,4,,1,70,,64163,4,,1,25,,64164,4,,1,67,,64184,4,,1,30,,64185,4,,1,70,,64186,4,,1,30,,64187,4,,1,70,,64188,4,,1,30,,64189,4,,1,70,,64190,4,,1
70201,'702-Saturday-1-26-02-0000010',726,,10583,4,,1,100,,10584,4,,1,30,,10585,4,,1,70,,10586,4,,1,31,,10587,4,,1,70,,10588,4,,1,30,,10589,4,,1,70,,10590,4,,1,30,,10591,4,,1,70,,10592,4,,1,30,,10593,4,,1,70,,10594,4,,1,30,,10595,4,,1,70,,10596,4,,1,30,,10597,4,,1,70,,10598,4,,1,30,,10599,4,,1,70,,10600,4,,1,30,,10601,4,,1,70,,10602,4,,1,30,,10603,4,,1,70,,10604,4,,1,30,,10605,4,,1,70,,10606,4,,1,30,,10607,4,,1,70,,10608,4,,1
70201,'702-Sunday-1-26-02-0000001',937,,64191,4,,1,100,,64192,4,,1,70,,64193,4,,1,30,,64194,4,,1,70,,64196,4,,1,30,,64197,4,,1,70,,64198,4,,1,30,,64195,4,,1,70,,64199,4,,1,30,,64200,4,,1,70,,64201,4,,1,30,,64202,4,,1,70,,64203,4,,1,30,,64204,4,,1,70,,64206,4,,1,29,,64207,4,,1,70,,64208,4,,1,30,,64205,4,,1,70,,64209,4,,1
