5201,'052-Weekday-1-26-09-1111100',545,,211530,53,,,1,70,,211531,53,,,1,30,,211532,53,,,1,76,,211533,53,,,1,25,,211534,53,,,1,57,,211535,53,,,1,15,,211536,53,,,1,15,,211537,53,,,1,15,,211538,53,,,1,54,,211539,53,,,1,14,,211540,53,,,1,19,,211574,53,,,1,69,,211541,53,,,1,30,,211542,53,,,1,70,,211543,53,,,1,30,,211544,53,,,1,70,,211545,53,,,1,30,,211546,53,,,1,70,,211547,53,,,1,30,,211548,53,,,1,70,,211549,53,,,1,30,,211550,53,,,1,70,,211551,53,,,1,21,,211552,53,,,1,18,,211553,53,,,1,7,,211572,20,,,1,51,,211554,53,,,1,15,,211555,53,,,1,14,,211556,53,,,1,15,,211557,53,,,1,55,,211558,53,,,1,15,,211559,53,,,1,15,,211560,53,,,1,14,,211561,53,,,1,64,,211562,53,,,1,28,,211575,53,,,1,64,,211576,53,,,1,27,,211563,53,,,1,30,,211564,53,,,1,70,,211565,53,,,1,30,,211566,53,,,1,70,,211567,53,,,1,29,,211568,53,,,1,68,,211569,53,,,1,99,,211570,53,,,1,100,,211571,53,,,1
5201,'052-Weekday-2-26-09-1111100',545,,211577,53,,,1,70,,211578,53,,,1,30,,211579,53,,,1,76,,211580,53,,,1,25,,211581,53,,,1,57,,211582,53,,,1,15,,211583,53,,,1,15,,211584,53,,,1,15,,211585,53,,,1,54,,211586,53,,,1,14,,211587,53,,,1,19,,211621,53,,,1,69,,211588,53,,,1,30,,211589,53,,,1,70,,211590,53,,,1,30,,211591,53,,,1,70,,211592,53,,,1,30,,211593,53,,,1,70,,211594,53,,,1,30,,211595,53,,,1,70,,211596,53,,,1,30,,211597,53,,,1,70,,211598,53,,,1,21,,211599,53,,,1,18,,211600,53,,,1,7,,211619,20,,,1,51,,211601,53,,,1,15,,211602,53,,,1,14,,211603,53,,,1,15,,211604,53,,,1,55,,211605,53,,,1,15,,211606,53,,,1,15,,211607,53,,,1,14,,211608,53,,,1,64,,211609,53,,,1,28,,211622,53,,,1,64,,211623,53,,,1,27,,211610,53,,,1,30,,211611,53,,,1,70,,211612,53,,,1,30,,211613,53,,,1,70,,211614,53,,,1,29,,211615,53,,,1,68,,211616,53,,,1,99,,211617,53,,,1,100,,211618,53,,,1
5201,'052-Weekday-4-26-09-1111100',545,,211624,53,,,1,70,,211625,53,,,1,30,,211626,53,,,1,76,,211627,53,,,1,25,,211628,53,,,1,57,,211629,53,,,1,15,,211630,53,,,1,15,,211631,53,,,1,15,,211632,53,,,1,54,,211633,53,,,1,14,,211634,53,,,1,19,,211666,53,,,1,69,,211635,53,,,1,30,,211636,53,,,1,70,,211637,53,,,1,30,,211638,53,,,1,70,,211639,53,,,1,30,,211640,53,,,1,70,,211641,53,,,1,30,,211642,53,,,1,70,,211643,53,,,1,30,,211644,53,,,1,70,,211645,53,,,1,21,,211646,53,,,1,18,,211647,53,,,1,58,,211648,53,,,1,15,,211649,53,,,1,14,,211650,53,,,1,15,,211651,53,,,1,55,,211652,53,,,1,15,,211653,53,,,1,15,,211654,53,,,1,14,,211655,53,,,1,64,,211656,53,,,1,28,,211667,53,,,1,64,,211668,53,,,1,27,,211657,53,,,1,30,,211658,53,,,1,70,,211659,53,,,1,30,,211660,53,,,1,70,,211661,53,,,1,29,,211662,53,,,1,68,,211663,53,,,1,99,,211664,53,,,1,100,,211665,53,,,1
5201,'052-Saturday-1-26-09-0000010',701,,211669,53,,,1,100,,211670,53,,,1,100,,211671,53,,,1,33,,211672,53,,,1,69,,211673,53,,,1,30,,211674,53,,,1,70,,211675,53,,,1,30,,211676,53,,,1,70,,211677,53,,,1,30,,211678,53,,,1,70,,211679,53,,,1,30,,211680,53,,,1,70,,211681,53,,,1,30,,211682,53,,,1,70,,211683,53,,,1,30,,211684,53,,,1,70,,211685,53,,,1,30,,211686,53,,,1,70,,211687,53,,,1,27,,211688,53,,,1,29,,211689,53,,,1,70,,211690,53,,,1,30,,211691,53,,,1,70,,211692,53,,,1,30,,211693,53,,,1,100,,211694,53,,,1,100,,211695,53,,,1,100,,211696,53,,,1,100,,211697,53,,,1
5201,'052-Sunday-1-26-09-0000001',759,,211721,53,,,1,100,,211698,53,,,1,143,,211699,53,,,1,100,,211700,53,,,1,30,,211701,53,,,1,70,,211702,53,,,1,30,,211703,53,,,1,70,,211704,53,,,1,30,,211705,53,,,1,70,,211706,53,,,1,30,,211707,53,,,1,70,,211708,53,,,1,30,,211709,53,,,1,70,,211710,53,,,1,30,,211711,53,,,1,74,,211712,53,,,1,31,,211713,53,,,1,70,,211714,53,,,1,30,,211715,53,,,1,70,,211716,53,,,1,30,,211720,53,,,1,70,,211717,53,,,1,100,,211718,53,,,1,100,,211719,53,,,1,100,,211722,53,,,1
67100,'671-Weekday-1-26-09-1111100',819,,227808,5,,,1,5,,227809,5,,,1,13,,227806,5,,,1,5,,227807,5,,,1
67100,'671-Weekday-3-26-09-1111100',819,,227812,5,,,1,5,,227813,5,,,1,13,,227810,5,,,1,5,,227811,5,,,1
67800,'678-Weekday-1-26-09-1111100',751,,227835,4,,,1,5,,227836,4,,,1,63,,227837,4,,,1,12,,227838,4,,,1,2,,227839,4,,,1,2,,227840,4,,,1,2,,227841,4,,,1
67800,'678-Weekday-3-26-09-1111100',819,,227842,4,,,1,12,,227843,4,,,1,2,,227844,4,,,1,2,,227845,4,,,1,2,,227846,4,,,1
67801,'678-Weekday-1-26-09-0001000',1213,3,227850,1,,,1
67801,'678-Weekday-1-26-09-1110100',1509,3,227854,1,,,1,1,3,227855,1,,,1
91501,'915-Weekday-1-26-09-0001000',1229,,239723,6,,,1
91501,'915-Weekday-1-26-09-1111100',534,,239724,6,,,1,70,,239725,6,,,1,31,,239767,6,,,1,12,,239726,6,,,1,12,,239764,6,,,1,52,,239769,6,,,1,12,,239727,6,,,1,12,,239728,6,,,1,12,,239729,6,,,1,12,,239765,6,,,1,52,,239730,6,,,1,12,,239770,6,,,1,12,,239768,6,,,1,68,,239732,6,,,1,30,,239733,6,,,1,70,,239734,6,,,1,30,,239735,6,,,1,70,,239736,6,,,1,30,,239737,6,,,1,70,,239738,6,,,1,30,,239739,6,,,1,70,,239740,6,,,1,30,,239741,6,,,1,70,,239742,6,,,1,30,,239743,6,,,1,70,,239731,6,,,1,15,,239744,6,,,1,15,,239745,6,,,1,15,,239746,6,,,1,55,,239747,6,,,1,15,,239748,6,,,1,15,,239749,6,,,1,15,,239750,6,,,1,55,,239751,6,,,1,15,,239752,6,,,1,15,,239761,6,,,1,70,,239753,6,,,1,29,,239754,6,,,1,70,,239755,6,,,1,30,,239756,6,,,1,70,,239757,6,,,1,30,,239758,6,,,1,70,,239759,6,,,1,30,,239760,6,,,1,69,,239766,6,,,1,100,,239762,6,,,1,100,,239763,6,,,1
91501,'915-Weekday-2-26-09-1111100',534,,239771,6,,,1,70,,239772,6,,,1,31,,239814,6,,,1,12,,239773,6,,,1,12,,239811,6,,,1,52,,239816,6,,,1,12,,239774,6,,,1,12,,239775,6,,,1,12,,239776,6,,,1,12,,239812,6,,,1,52,,239777,6,,,1,12,,239817,6,,,1,12,,239815,6,,,1,68,,239779,6,,,1,30,,239780,6,,,1,70,,239781,6,,,1,30,,239782,6,,,1,70,,239783,6,,,1,30,,239784,6,,,1,70,,239785,6,,,1,30,,239786,6,,,1,70,,239787,6,,,1,30,,239788,6,,,1,70,,239789,6,,,1,30,,239790,6,,,1,70,,239778,6,,,1,15,,239791,6,,,1,15,,239792,6,,,1,15,,239793,6,,,1,55,,239794,6,,,1,15,,239795,6,,,1,15,,239796,6,,,1,15,,239797,6,,,1,55,,239798,6,,,1,15,,239799,6,,,1,15,,239808,6,,,1,70,,239800,6,,,1,29,,239801,6,,,1,70,,239802,6,,,1,30,,239803,6,,,1,70,,239804,6,,,1,30,,239805,6,,,1,70,,239806,6,,,1,30,,239807,6,,,1,69,,239813,6,,,1,100,,239809,6,,,1,100,,239810,6,,,1
91501,'915-Weekday-4-26-09-1111100',534,,239818,6,,,1,70,,239819,6,,,1,31,,239861,6,,,1,12,,239820,6,,,1,12,,239858,6,,,1,52,,239863,6,,,1,12,,239821,6,,,1,12,,239822,6,,,1,12,,239823,6,,,1,12,,239859,6,,,1,52,,239824,6,,,1,12,,239864,6,,,1,12,,239862,6,,,1,68,,239826,6,,,1,30,,239827,6,,,1,70,,239828,6,,,1,30,,239829,6,,,1,70,,239830,6,,,1,30,,239831,6,,,1,70,,239832,6,,,1,30,,239833,6,,,1,70,,239834,6,,,1,30,,239835,6,,,1,70,,239836,6,,,1,30,,239837,6,,,1,70,,239825,6,,,1,15,,239838,6,,,1,15,,239839,6,,,1,15,,239840,6,,,1,55,,239841,6,,,1,15,,239842,6,,,1,15,,239843,6,,,1,15,,239844,6,,,1,55,,239845,6,,,1,15,,239846,6,,,1,15,,239855,6,,,1,70,,239847,6,,,1,29,,239848,6,,,1,70,,239849,6,,,1,30,,239850,6,,,1,70,,239851,6,,,1,30,,239852,6,,,1,70,,239853,6,,,1,30,,239854,6,,,1,69,,239860,6,,,1,100,,239856,6,,,1,100,,239857,6,,,1
91501,'915-Saturday-1-26-09-0000010',609,,239865,6,,,1,100,,239866,6,,,1,100,,239867,6,,,1,30,,239868,6,,,1,72,,239869,6,,,1,33,,239870,6,,,1,70,,239871,6,,,1,30,,239872,6,,,1,70,,239873,6,,,1,30,,239874,6,,,1,70,,239875,6,,,1,30,,239876,6,,,1,70,,239877,6,,,1,30,,239878,6,,,1,70,,239879,6,,,1,30,,239880,6,,,1,70,,239881,6,,,1,30,,239882,6,,,1,70,,239883,6,,,1,30,,239884,6,,,1,69,,239885,6,,,1,29,,239886,6,,,1,70,,239887,6,,,1,30,,239888,6,,,1,70,,239889,6,,,1,30,,239890,6,,,1,70,,239891,6,,,1,30,,239892,6,,,1,70,,239893,6,,,1,30,,239894,6,,,1,70,,239895,6,,,1,100,,239896,6,,,1,100,,239897,6,,,1
91501,'915-Sunday-1-26-09-0000001',600,,239898,6,,,1,100,,239899,6,,,1,100,,239900,6,,,1,100,,239926,6,,,1,101,,239901,6,,,1,34,,239903,6,,,1,70,,239904,6,,,1,30,,239905,6,,,1,70,,239906,6,,,1,30,,239907,6,,,1,70,,239908,6,,,1,30,,239909,6,,,1,70,,239910,6,,,1,30,,239911,6,,,1,70,,239912,6,,,1,30,,239913,6,,,1,70,,239914,6,,,1,30,,239915,6,,,1,69,,239916,6,,,1,30,,239917,6,,,1,70,,239918,6,,,1,30,,239919,6,,,1,70,,239920,6,,,1,30,,239921,6,,,1,70,,239922,6,,,1,30,,239923,6,,,1,70,,239924,6,,,1,96,,239925,6,,,1,100,,239902,6,,,1,100,,239927,6,,,1
92401,'924-Weekday-1-26-09-1111100',651,,242361,8,,,1,70,,242362,8,,,1,30,,242363,8,,,1,70,,242364,8,,,1,30,,242377,8,,,1,70,,242378,8,,,1,30,,242365,8,,,1,100,,242366,8,,,1,100,,242367,8,,,1,100,,242368,8,,,1,100,,242369,8,,,1,100,,242370,8,,,1,100,,242376,8,,,1,70,,242371,8,,,1,30,,242372,8,,,1,70,,242373,8,,,1,30,,242374,8,,,1,70,,242375,8,,,1
92401,'924-Weekday-2-26-09-1111100',651,,242379,8,,,1,70,,242380,8,,,1,30,,242381,8,,,1,70,,242382,8,,,1,30,,242395,8,,,1,70,,242396,8,,,1,30,,242383,8,,,1,100,,242384,8,,,1,100,,242385,8,,,1,100,,242386,8,,,1,100,,242387,8,,,1,100,,242388,8,,,1,100,,242394,8,,,1,70,,242389,8,,,1,30,,242390,8,,,1,70,,242391,8,,,1,30,,242392,8,,,1,70,,242393,8,,,1
92401,'924-Weekday-4-26-09-1111100',651,,242397,8,,,1,70,,242398,8,,,1,30,,242399,8,,,1,70,,242400,8,,,1,30,,242413,8,,,1,70,,242414,8,,,1,30,,242401,8,,,1,100,,242402,8,,,1,100,,242403,8,,,1,100,,242404,8,,,1,100,,242405,8,,,1,100,,242406,8,,,1,100,,242412,8,,,1,70,,242407,8,,,1,30,,242408,8,,,1,70,,242409,8,,,1,30,,242410,8,,,1,70,,242411,8,,,1
92401,'924-Saturday-1-26-09-0000010',821,,242415,8,,,1,100,,242416,8,,,1,100,,242417,8,,,1,100,,242418,8,,,1,100,,242419,8,,,1,100,,242420,8,,,1,100,,242421,8,,,1,100,,242422,8,,,1,100,,242423,8,,,1,100,,242424,8,,,1,100,,242425,8,,,1
92401,'924-Sunday-1-26-09-0000001',1021,,242426,8,,,1,100,,242427,8,,,1,100,,242428,8,,,1,100,,242429,8,,,1,100,,242430,8,,,1,100,,242431,8,,,1,100,,242432,8,,,1,100,,242433,8,,,1,100,,242434,8,,,1
