10900,'109-Weekday-1-26-09-1111100',521,,216855,34,,,1,30,,216856,34,,,1,70,,216857,34,,,1,31,,216895,34,,,1,55,,216858,34,,,1,15,,216890,34,,,1,15,,216860,34,,,1,15,,216859,34,,,1,55,,216891,34,,,1,15,,216861,34,,,1,15,,216899,34,,,1,15,,216898,34,,,1,70,,216862,34,,,1,30,,216863,34,,,1,70,,216864,34,,,1,30,,216865,34,,,1,70,,216866,34,,,1,30,,216867,34,,,1,70,,216868,34,,,1,30,,216869,34,,,1,70,,216870,34,,,1,30,,216871,34,,,1,70,,216872,34,,,1,30,,216873,34,,,1,73,,216874,34,,,1,15,,216875,34,,,1,15,,216892,34,,,1,55,,216877,34,,,1,15,,216876,34,,,1,15,,216893,34,,,1,15,,216878,34,,,1,55,,216897,34,,,1,15,,216896,34,,,1,30,,216879,34,,,1,70,,216880,34,,,1,26,,216881,34,,,1,70,,216882,34,,,1,30,,216883,34,,,1,70,,216884,34,,,1,30,,216885,34,,,1,70,,216886,34,,,1,30,,216887,34,,,1,70,,216894,34,,,1,100,,216888,34,,,1,100,,216889,34,,,1
10900,'109-Weekday-2-26-09-1111100',521,,216900,34,,,1,30,,216901,34,,,1,70,,216902,34,,,1,31,,216940,34,,,1,55,,216903,34,,,1,15,,216935,34,,,1,15,,216905,34,,,1,15,,216904,34,,,1,55,,216936,34,,,1,15,,216906,34,,,1,15,,216944,34,,,1,15,,216943,34,,,1,70,,216907,34,,,1,30,,216908,34,,,1,70,,216909,34,,,1,30,,216910,34,,,1,70,,216911,34,,,1,30,,216912,34,,,1,70,,216913,34,,,1,30,,216914,34,,,1,70,,216915,34,,,1,30,,216916,34,,,1,70,,216917,34,,,1,30,,216918,34,,,1,73,,216919,34,,,1,15,,216920,34,,,1,15,,216937,34,,,1,55,,216922,34,,,1,15,,216921,34,,,1,15,,216938,34,,,1,15,,216923,34,,,1,55,,216942,34,,,1,15,,216941,34,,,1,30,,216924,34,,,1,70,,216925,34,,,1,26,,216926,34,,,1,70,,216927,34,,,1,30,,216928,34,,,1,70,,216929,34,,,1,30,,216930,34,,,1,70,,216931,34,,,1,30,,216932,34,,,1,70,,216939,34,,,1,100,,216933,34,,,1,100,,216934,34,,,1
10900,'109-Weekday-4-26-09-1111100',521,,216945,34,,,1,30,,216946,34,,,1,70,,216947,34,,,1,31,,216985,34,,,1,55,,216948,34,,,1,15,,216980,34,,,1,15,,216950,34,,,1,15,,216949,34,,,1,55,,216981,34,,,1,15,,216951,34,,,1,15,,216989,34,,,1,15,,216988,34,,,1,70,,216952,34,,,1,30,,216953,34,,,1,70,,216954,34,,,1,30,,216955,34,,,1,70,,216956,34,,,1,30,,216957,34,,,1,70,,216958,34,,,1,30,,216959,34,,,1,70,,216960,34,,,1,30,,216961,34,,,1,70,,216962,34,,,1,30,,216963,34,,,1,73,,216964,34,,,1,15,,216965,34,,,1,15,,216982,34,,,1,55,,216967,34,,,1,15,,216966,34,,,1,15,,216983,34,,,1,15,,216968,34,,,1,55,,216987,34,,,1,15,,216986,34,,,1,30,,216969,34,,,1,70,,216970,34,,,1,26,,216971,34,,,1,70,,216972,34,,,1,30,,216973,34,,,1,70,,216974,34,,,1,30,,216975,34,,,1,70,,216976,34,,,1,30,,216977,34,,,1,70,,216984,34,,,1,100,,216978,34,,,1,100,,216979,34,,,1
10900,'109-Saturday-1-26-09-0000010',811,,216990,34,,,1,30,,216991,34,,,1,72,,216992,34,,,1,31,,216993,34,,,1,70,,216994,34,,,1,30,,216995,34,,,1,70,,216996,34,,,1,30,,216997,34,,,1,70,,216998,34,,,1,30,,216999,34,,,1,70,,217000,34,,,1,30,,217001,34,,,1,70,,217002,34,,,1,30,,217003,34,,,1,70,,217004,34,,,1,30,,217005,34,,,1,70,,217006,34,,,1,30,,217007,34,,,1,69,,217008,34,,,1,30,,217009,34,,,1,70,,217010,34,,,1,30,,217011,34,,,1,70,,217012,34,,,1,30,,217013,34,,,1,70,,217014,34,,,1,30,,217015,34,,,1,70,,217016,34,,,1,30,,217017,34,,,1,70,,217018,34,,,1
10900,'109-Sunday-1-26-09-0000001',1024,,217019,34,,,1,30,,217020,34,,,1,70,,217021,34,,,1,30,,217022,34,,,1,70,,217023,34,,,1,30,,217024,34,,,1,70,,217025,34,,,1,30,,217026,34,,,1,70,,217027,34,,,1,30,,217028,34,,,1,70,,217029,34,,,1,30,,217030,34,,,1,70,,217031,34,,,1,30,,217032,34,,,1,69,,217033,34,,,1,30,,217034,34,,,1,70,,217035,34,,,1,30,,217036,34,,,1
61500,'615-Weekday-1-26-09-1111100',756,,227426,10,,,1
61800,'618-Weekday-1-26-09-0001000',1242,,227447,15,,,1
61800,'618-Weekday-1-26-09-1110100',1533,,227448,15,,,1
62500,'625-Weekday-1-26-09-1110100',1527,,227551,30,,,1
68300,'683-Weekday-1-26-09-0001000',1316,,227870,16,,,1,3,,227871,16,,,1
68300,'683-Weekday-1-26-09-1110100',1614,,227873,16,,,1,3,,227872,16,,,1
68300,'683-Weekday-1-26-09-1111100',1601,,227874,16,,,1,5,,227875,16,,,1
68300,'683-Weekday-3-26-09-1111100',1601,,227876,16,,,1,5,,227877,16,,,1
24014000,'140X-Weekday-1-26-09-1111100',1531,,245037,29,,,1,21,,245038,29,,,1,61,,245039,29,,,1,21,,245040,29,,,1,20,,245041,29,,,1,59,,245042,29,,,1,17,,245043,29,,,1,17,,245044,29,,,1
24014000,'140X-Weekday-2-26-09-1111100',1531,,245045,29,,,1,21,,245046,29,,,1,61,,245047,29,,,1,21,,245048,29,,,1,20,,245049,29,,,1,59,,245050,29,,,1,17,,245051,29,,,1,17,,245052,29,,,1
24014000,'140X-Weekday-4-26-09-1111100',1531,,245053,29,,,1,21,,245054,29,,,1,61,,245055,29,,,1,21,,245056,29,,,1,20,,245057,29,,,1,59,,245058,29,,,1,17,,245059,29,,,1,17,,245060,29,,,1
