65800,'658-Weekday-1-26-02-0001000',1239,,10143,,,1,2,,10144,,,1
65800,'658-Weekday-1-26-02-1110100',1531,,10145,,,1,2,,10146,,,1
65800,'658-Weekday-2-26-02-0001000',1239,,62222,,,1,2,,62223,,,1
65800,'658-Weekday-2-26-02-1110100',1531,,62224,,,1,2,,62225,,,1
65800,'658-Weekday-5-26-02-0000100',1239,,62226,,,1,2,,62227,,,1
65800,'658-Weekday-5-26-02-1111000',1531,,62228,,,1,2,,62229,,,1
65800,'658-Weekday-6-26-02-1110100',1531,,62230,,,1,2,,62231,,,1
65800,'658-Weekday-8-26-02-1110100',1531,,62232,,,1,2,,62233,,,1
66500,'665-Weekday-1-26-02-0001000',1434,,10191,,,1,3,,10192,,,1
66500,'665-Weekday-1-26-02-1110100',1513,,10193,,,1,3,,10194,,,1
66500,'665-Weekday-2-26-02-0001000',1434,,62392,,,1,3,,62393,,,1
66500,'665-Weekday-2-26-02-1110100',1513,,62394,,,1,3,,62395,,,1
66500,'665-Weekday-4-26-02-1110100',1513,,62396,,,1,3,,62397,,,1
66500,'665-Weekday-5-26-02-0001000',1434,,62398,,,1,3,,62399,,,1
66500,'665-Weekday-5-26-02-1110100',1513,,62400,,,1,3,,62401,,,1
