51900,'519-Weekday-1-26-09-1111100',551,,225295,19,,,1,70,,225296,19,,,1,15,,225297,19,,,1,15,,225298,19,,,1,55,,225299,19,,,1,15,,225300,19,,,1,15,,225301,19,,,1,15,,225302,19,,,1,55,,225303,19,,,1,15,,225304,19,,,1,15,,225305,19,,,1,15,,225341,19,,,1,72,,225306,19,,,1,30,,225307,19,,,1,70,,225308,19,,,1,30,,225309,19,,,1,70,,225310,19,,,1,30,,225311,19,,,1,70,,225312,19,,,1,30,,225313,19,,,1,70,,225314,19,,,1,30,,225315,19,,,1,70,,225316,19,,,1,30,,225317,19,,,1,73,,225318,19,,,1,15,,225319,19,,,1,15,,225320,19,,,1,58,,225321,19,,,1,15,,225322,19,,,1,15,,225323,19,,,1,15,,225324,19,,,1,55,,225325,19,,,1,15,,225326,19,,,1,15,,225327,19,,,1,15,,225328,19,,,1,55,,225329,19,,,1,15,,225330,19,,,1,25,,225331,19,,,1,68,,225332,19,,,1,30,,225333,19,,,1,70,,225334,19,,,1,30,,225335,19,,,1,70,,225336,19,,,1,30,,225337,19,,,1,70,,225338,19,,,1,100,,225339,19,,,1,100,,225340,19,,,1
51900,'519-Weekday-2-26-09-1111100',551,,225342,19,,,1,70,,225343,19,,,1,15,,225344,19,,,1,15,,225345,19,,,1,55,,225346,19,,,1,15,,225347,19,,,1,15,,225348,19,,,1,15,,225349,19,,,1,55,,225350,19,,,1,15,,225351,19,,,1,15,,225352,19,,,1,15,,225388,19,,,1,72,,225353,19,,,1,30,,225354,19,,,1,70,,225355,19,,,1,30,,225356,19,,,1,70,,225357,19,,,1,30,,225358,19,,,1,70,,225359,19,,,1,30,,225360,19,,,1,70,,225361,19,,,1,30,,225362,19,,,1,70,,225363,19,,,1,30,,225364,19,,,1,73,,225365,19,,,1,15,,225366,19,,,1,15,,225367,19,,,1,58,,225368,19,,,1,15,,225369,19,,,1,15,,225370,19,,,1,15,,225371,19,,,1,55,,225372,19,,,1,15,,225373,19,,,1,15,,225374,19,,,1,15,,225375,19,,,1,55,,225376,19,,,1,15,,225377,19,,,1,25,,225378,19,,,1,68,,225379,19,,,1,30,,225380,19,,,1,70,,225381,19,,,1,30,,225382,19,,,1,70,,225383,19,,,1,30,,225384,19,,,1,70,,225385,19,,,1,100,,225386,19,,,1,100,,225387,19,,,1
51900,'519-Weekday-4-26-09-1111100',551,,225389,19,,,1,70,,225390,19,,,1,15,,225391,19,,,1,15,,225392,19,,,1,55,,225393,19,,,1,15,,225394,19,,,1,15,,225395,19,,,1,15,,225396,19,,,1,55,,225397,19,,,1,15,,225398,19,,,1,15,,225399,19,,,1,15,,225435,19,,,1,72,,225400,19,,,1,30,,225401,19,,,1,70,,225402,19,,,1,30,,225403,19,,,1,70,,225404,19,,,1,30,,225405,19,,,1,70,,225406,19,,,1,30,,225407,19,,,1,70,,225408,19,,,1,30,,225409,19,,,1,70,,225410,19,,,1,30,,225411,19,,,1,73,,225412,19,,,1,15,,225413,19,,,1,15,,225414,19,,,1,58,,225415,19,,,1,15,,225416,19,,,1,15,,225417,19,,,1,15,,225418,19,,,1,55,,225419,19,,,1,15,,225420,19,,,1,15,,225421,19,,,1,15,,225422,19,,,1,55,,225423,19,,,1,15,,225424,19,,,1,25,,225425,19,,,1,68,,225426,19,,,1,30,,225427,19,,,1,70,,225428,19,,,1,30,,225429,19,,,1,70,,225430,19,,,1,30,,225431,19,,,1,70,,225432,19,,,1,100,,225433,19,,,1,100,,225434,19,,,1
51900,'519-Saturday-1-26-09-0000010',558,,225437,19,,,1,100,,225436,19,,,1,100,,225438,19,,,1,85,,225439,19,,,1,74,,225440,19,,,1,31,,225441,19,,,1,71,,225442,19,,,1,30,,225443,19,,,1,70,,225444,19,,,1,30,,225445,19,,,1,70,,225446,19,,,1,30,,225447,19,,,1,70,,225448,19,,,1,30,,225449,19,,,1,70,,225450,19,,,1,30,,225451,19,,,1,70,,225452,19,,,1,30,,225453,19,,,1,70,,225454,19,,,1,30,,225455,19,,,1,68,,225456,19,,,1,28,,225457,19,,,1,70,,225458,19,,,1,30,,225459,19,,,1,78,,225460,19,,,1,92,,225461,19,,,1,100,,225462,19,,,1,100,,225463,19,,,1,100,,225464,19,,,1,100,,225465,19,,,1
51900,'519-Sunday-1-26-09-0000001',558,,225466,19,,,1,100,,225467,19,,,1,100,,225468,19,,,1,100,,225469,19,,,1,142,,225470,19,,,1,30,,225471,19,,,1,70,,225472,19,,,1,30,,225473,19,,,1,70,,225474,19,,,1,30,,225475,19,,,1,70,,225476,19,,,1,30,,225477,19,,,1,70,,225478,19,,,1,30,,225479,19,,,1,70,,225480,19,,,1,30,,225481,19,,,1,70,,225482,19,,,1,30,,225483,19,,,1,70,,225484,19,,,1,29,,225485,19,,,1,30,,225486,19,,,1,70,,225487,19,,,1,30,,225488,19,,,1,100,,225489,19,,,1,100,,225490,19,,,1,100,,225491,19,,,1,100,,225492,19,,,1,100,,225493,19,,,1
63801,'638-Weekday-1-26-09-0001000',1245,,227619,11,,,1
63801,'638-Weekday-1-26-09-1110100',1537,,227620,11,,,1
63801,'638-Weekday-1-26-09-1111100',1601,,227621,11,,,1
63801,'638-Weekday-3-26-09-1111100',1601,,227622,11,,,1
66500,'665-Weekday-1-26-09-0001000',1454,,227766,24,,,1,3,,227767,24,,,1
66500,'665-Weekday-1-26-09-1110100',1533,,227768,24,,,1,3,,227769,24,,,1
66500,'665-Weekday-3-26-09-1110100',1533,,227770,24,,,1,3,,227771,24,,,1
