10801,'108-Weekday-1-26-09-0001000',1431,,216574,27,,,1
10801,'108-Weekday-1-26-09-1110100',1526,,216575,27,,,1
10801,'108-Weekday-1-26-09-1111100',556,,216635,27,,,1,60,,216636,27,,,1,20,,216637,27,,,1,22,,216638,27,,,1,62,,216625,27,,,1,10,,216626,27,,,1,10,,216627,27,,,1,10,,216628,27,,,1,50,,216629,27,,,1,10,,216630,27,,,1,10,,216631,27,,,1,10,,216632,27,,,1,10,,216633,27,,,1,10,,216634,27,,,1,56,,216624,27,,,1,18,,216605,27,,,1,17,,216606,27,,,1,60,,216607,27,,,1,20,,216608,27,,,1,20,,216609,27,,,1,60,,216610,27,,,1,20,,216611,27,,,1,20,,216612,27,,,1,60,,216613,27,,,1,20,,216614,27,,,1,20,,216615,27,,,1,60,,216616,27,,,1,20,,216617,27,,,1,20,,216618,27,,,1,60,,216619,27,,,1,20,,216620,27,,,1,20,,216621,27,,,1,60,,216622,27,,,1,22,,216623,27,,,1,10,,216642,27,,,1,11,,216589,27,,,1,10,,216643,27,,,1,50,,216590,27,,,1,10,,216591,27,,,1,10,,216592,27,,,1,10,,216593,27,,,1,10,,216594,27,,,1,10,,216595,27,,,1,50,,216596,27,,,1,10,,216597,27,,,1,10,,216598,27,,,1,10,,216599,27,,,1,10,,216600,27,,,1,10,,216601,27,,,1,50,,216602,27,,,1,10,,216603,27,,,1,16,,216604,27,,,1,15,,216588,27,,,1,58,,216576,27,,,1,20,,216641,27,,,1,21,,216579,27,,,1,60,,216580,27,,,1,20,,216581,27,,,1,20,,216582,27,,,1,60,,216583,27,,,1,19,,216584,27,,,1,20,,216585,27,,,1,60,,216586,27,,,1,19,,216587,27,,,1,19,,216639,27,,,1,70,,216640,27,,,1,30,,216577,27,,,1,70,,216578,27,,,1
10801,'108-Weekday-2-26-09-1110100',1526,,216644,27,,,1
10801,'108-Weekday-2-26-09-1111100',556,,216704,27,,,1,60,,216705,27,,,1,20,,216706,27,,,1,22,,216707,27,,,1,62,,216694,27,,,1,10,,216695,27,,,1,10,,216696,27,,,1,10,,216697,27,,,1,50,,216698,27,,,1,10,,216699,27,,,1,10,,216700,27,,,1,10,,216701,27,,,1,10,,216702,27,,,1,10,,216703,27,,,1,56,,216693,27,,,1,18,,216674,27,,,1,17,,216675,27,,,1,60,,216676,27,,,1,20,,216677,27,,,1,20,,216678,27,,,1,60,,216679,27,,,1,20,,216680,27,,,1,20,,216681,27,,,1,60,,216682,27,,,1,20,,216683,27,,,1,20,,216684,27,,,1,60,,216685,27,,,1,20,,216686,27,,,1,20,,216687,27,,,1,60,,216688,27,,,1,20,,216689,27,,,1,20,,216690,27,,,1,60,,216691,27,,,1,22,,216692,27,,,1,10,,216711,27,,,1,11,,216658,27,,,1,10,,216712,27,,,1,50,,216659,27,,,1,10,,216660,27,,,1,10,,216661,27,,,1,10,,216662,27,,,1,10,,216663,27,,,1,10,,216664,27,,,1,50,,216665,27,,,1,10,,216666,27,,,1,10,,216667,27,,,1,10,,216668,27,,,1,10,,216669,27,,,1,10,,216670,27,,,1,50,,216671,27,,,1,10,,216672,27,,,1,16,,216673,27,,,1,15,,216657,27,,,1,58,,216645,27,,,1,20,,216710,27,,,1,21,,216648,27,,,1,60,,216649,27,,,1,20,,216650,27,,,1,20,,216651,27,,,1,60,,216652,27,,,1,19,,216653,27,,,1,20,,216654,27,,,1,60,,216655,27,,,1,19,,216656,27,,,1,19,,216708,27,,,1,70,,216709,27,,,1,30,,216646,27,,,1,70,,216647,27,,,1
10801,'108-Weekday-4-26-09-1111100',556,,216772,27,,,1,60,,216773,27,,,1,20,,216774,27,,,1,22,,216775,27,,,1,62,,216762,27,,,1,10,,216763,27,,,1,10,,216764,27,,,1,10,,216765,27,,,1,50,,216766,27,,,1,10,,216767,27,,,1,10,,216768,27,,,1,10,,216769,27,,,1,10,,216770,27,,,1,10,,216771,27,,,1,56,,216761,27,,,1,18,,216742,27,,,1,17,,216743,27,,,1,60,,216744,27,,,1,20,,216745,27,,,1,20,,216746,27,,,1,60,,216747,27,,,1,20,,216748,27,,,1,20,,216749,27,,,1,60,,216750,27,,,1,20,,216751,27,,,1,20,,216752,27,,,1,60,,216753,27,,,1,20,,216754,27,,,1,20,,216755,27,,,1,60,,216756,27,,,1,20,,216757,27,,,1,20,,216758,27,,,1,60,,216759,27,,,1,22,,216760,27,,,1,10,,216779,27,,,1,11,,216726,27,,,1,10,,216780,27,,,1,50,,216727,27,,,1,10,,216728,27,,,1,10,,216729,27,,,1,10,,216730,27,,,1,10,,216731,27,,,1,10,,216732,27,,,1,50,,216733,27,,,1,10,,216734,27,,,1,10,,216735,27,,,1,10,,216736,27,,,1,10,,216737,27,,,1,10,,216738,27,,,1,50,,216739,27,,,1,10,,216740,27,,,1,16,,216741,27,,,1,15,,216725,27,,,1,58,,216713,27,,,1,20,,216778,27,,,1,21,,216716,27,,,1,60,,216717,27,,,1,20,,216718,27,,,1,20,,216719,27,,,1,60,,216720,27,,,1,19,,216721,27,,,1,20,,216722,27,,,1,60,,216723,27,,,1,19,,216724,27,,,1,19,,216776,27,,,1,70,,216777,27,,,1,30,,216714,27,,,1,70,,216715,27,,,1
10801,'108-Saturday-1-26-09-0000010',549,,216781,27,,,1,70,,216782,27,,,1,30,,216783,27,,,1,70,,216784,27,,,1,30,,216785,27,,,1,70,,216786,27,,,1,30,,216787,27,,,1,70,,216788,27,,,1,30,,216789,27,,,1,70,,216790,27,,,1,30,,216791,27,,,1,70,,216792,27,,,1,30,,216793,27,,,1,70,,216794,27,,,1,30,,216795,27,,,1,70,,216796,27,,,1,30,,216797,27,,,1,70,,216798,27,,,1,30,,216799,27,,,1,70,,216800,27,,,1,30,,216801,27,,,1,70,,216802,27,,,1,30,,216803,27,,,1,70,,216804,27,,,1,30,,216805,27,,,1,70,,216806,27,,,1,30,,216807,27,,,1,70,,216817,27,,,1,30,,216808,27,,,1,70,,216809,27,,,1,30,,216810,27,,,1,70,,216811,27,,,1,30,,216812,27,,,1,70,,216813,27,,,1,30,,216814,27,,,1,70,,216815,27,,,1,30,,216816,27,,,1
10801,'108-Sunday-1-26-09-0000001',605,,216818,27,,,1,30,,216819,27,,,1,67,,216820,27,,,1,30,,216821,27,,,1,70,,216822,27,,,1,29,,216823,27,,,1,72,,216824,27,,,1,30,,216825,27,,,1,70,,216826,27,,,1,30,,216827,27,,,1,70,,216828,27,,,1,30,,216829,27,,,1,70,,216830,27,,,1,30,,216831,27,,,1,70,,216832,27,,,1,30,,216833,27,,,1,70,,216834,27,,,1,30,,216835,27,,,1,70,,216836,27,,,1,30,,216837,27,,,1,70,,216838,27,,,1,30,,216839,27,,,1,68,,216840,27,,,1,30,,216841,27,,,1,70,,216842,27,,,1,30,,216843,27,,,1,70,,216844,27,,,1,30,,216845,27,,,1,70,,216846,27,,,1,30,,216847,27,,,1,70,,216848,27,,,1,30,,216849,27,,,1,70,,216850,27,,,1,30,,216851,27,,,1,70,,216852,27,,,1,30,,216853,27,,,1,73,,216854,27,,,1
62701,'627-Weekday-1-26-09-1111100',843,,227564,25,,,1
62701,'627-Weekday-3-26-09-1111100',843,,227565,25,,,1
