900,'009-Weekday-1-26-02-1111100',2441,,2860,0,10 18 19,1,70,,2861,0,10 18 19,1,30,,2862,0,10 18 19,1,70,,2863,0,10 18 19,1,30,,2864,0,10 18 19,1
900,'009-Weekday-2-26-02-1111100',2441,,28742,0,10 18 19,1,70,,28743,0,10 18 19,1,30,,28744,0,10 18 19,1,70,,28745,0,10 18 19,1,30,,28746,0,10 18 19,1
900,'009-Weekday-4-26-02-1111100',2441,,28867,0,10 18 19,1,70,,28868,0,10 18 19,1,30,,28869,0,10 18 19,1,70,,28870,0,10 18 19,1,30,,28871,0,10 18 19,1
900,'009-Weekday-5-26-02-1111100',2441,,28991,0,10 18 19,1,70,,28992,0,10 18 19,1,30,,28993,0,10 18 19,1,70,,28994,0,10 18 19,1,30,,28995,0,10 18 19,1
900,'009-Weekday-6-26-02-1111100',2441,,29116,0,10 18 19,1,70,,29117,0,10 18 19,1,30,,29118,0,10 18 19,1,70,,29119,0,10 18 19,1,30,,29120,0,10 18 19,1
900,'009-Weekday-7-26-02-1111100',2441,,29240,0,10 18 19,1,70,,29241,0,10 18 19,1,30,,29242,0,10 18 19,1,70,,29243,0,10 18 19,1,30,,29244,0,10 18 19,1
900,'009-Weekday-8-26-02-1111100',2441,,29364,0,10 18 19,1,70,,29365,0,10 18 19,1,30,,29366,0,10 18 19,1,70,,29367,0,10 18 19,1,30,,29368,0,10 18 19,1
900,'009-Weekday-9-26-02-1111100',2441,,29488,0,10 18 19,1,70,,29489,0,10 18 19,1,30,,29490,0,10 18 19,1,70,,29491,0,10 18 19,1,30,,29492,0,10 18 19,1
900,'009-Saturday-1-26-02-0000010',2441,,2931,0,10 18 19,1,70,,2932,0,10 18 19,1,30,,2933,0,10 18 19,1,70,,2934,0,10 18 19,1,30,,2935,0,10 18 19,1
900,'009-Sunday-1-26-02-0000001',2442,,29556,0,10 18 19,1,70,,29557,0,10 18 19,1,30,,29558,0,10 18 19,1,70,,29559,0,10 18 19,1,30,,29560,0,10 18 19,1
