90100,'901-Weekday-1-26-02-0001000',1253,,13461,,,1
90100,'901-Weekday-1-26-02-1110100',1553,,13462,,,1
90100,'901-Weekday-1-26-02-1111100',513,,13464,,,1,20,,13465,,,1,20,,13466,,,1,58,,13467,,,1,13,,13468,,,1,10,,13463,,,1,15,,13469,,,1,10,,13470,,,1,50,,13471,,,1,10,,13472,,,1,10,,13473,,,1,10,,13474,,,1,10,,13475,,,1,10,,13476,,,1,50,,13477,,,1,10,,13478,,,1,10,,13479,,,1,10,,13480,,,1,10,,13481,,,1,54,,13482,,,1,14,,13483,,,1,15,,13484,,,1,15,,13485,,,1,55,,13486,,,1,15,,13487,,,1,15,,13488,,,1,15,,13489,,,1,55,,13490,,,1,15,,13491,,,1,15,,13492,,,1,15,,13493,,,1,55,,13494,,,1,15,,13495,,,1,15,,13496,,,1,15,,13497,,,1,55,,13498,,,1,15,,13499,,,1,15,,13500,,,1,15,,13501,,,1,55,,13502,,,1,15,,13503,,,1,15,,13504,,,1,15,,13505,,,1,55,,13506,,,1,17,,13507,,,1,14,,13508,,,1,15,,13509,,,1,55,,13510,,,1,15,,13511,,,1,15,,13512,,,1,15,,13513,,,1,55,,13514,,,1,15,,13515,,,1,16,,13516,,,1,14,,13517,,,1,61,,13518,,,1,20,,13519,,,1,16,,13520,,,1,60,,13521,,,1,20,,13522,,,1,20,,13523,,,1,60,,13524,,,1,20,,13525,,,1,20,,13526,,,1,60,,13527,,,1,20,,13528,,,1,19,,13529,,,1,64,,13530,,,1,29,,13531,,,1,70,,13532,,,1,30,,13533,,,1,70,,13534,,,1,30,,13535,,,1
90100,'901-Weekday-2-26-02-0001000',1253,,77805,,,1
90100,'901-Weekday-2-26-02-1110100',1553,,77806,,,1
90100,'901-Weekday-2-26-02-1111100',513,,77808,,,1,20,,77809,,,1,20,,77810,,,1,58,,77811,,,1,13,,77812,,,1,10,,77807,,,1,15,,77813,,,1,10,,77814,,,1,50,,77815,,,1,10,,77816,,,1,10,,77817,,,1,10,,77818,,,1,10,,77819,,,1,10,,77820,,,1,50,,77821,,,1,10,,77822,,,1,10,,77823,,,1,10,,77824,,,1,10,,77825,,,1,54,,77826,,,1,14,,77827,,,1,15,,77828,,,1,15,,77829,,,1,55,,77830,,,1,15,,77831,,,1,15,,77832,,,1,15,,77833,,,1,55,,77834,,,1,15,,77835,,,1,15,,77836,,,1,15,,77837,,,1,55,,77838,,,1,15,,77839,,,1,15,,77840,,,1,15,,77841,,,1,55,,77842,,,1,15,,77843,,,1,15,,77844,,,1,15,,77845,,,1,55,,77846,,,1,15,,77847,,,1,15,,77848,,,1,15,,77849,,,1,55,,77850,,,1,17,,77851,,,1,14,,77852,,,1,15,,77853,,,1,55,,77854,,,1,15,,77855,,,1,15,,77856,,,1,15,,77857,,,1,55,,77858,,,1,15,,77859,,,1,16,,77860,,,1,14,,77861,,,1,61,,77862,,,1,20,,77863,,,1,16,,77864,,,1,60,,77865,,,1,20,,77866,,,1,20,,77867,,,1,60,,77868,,,1,20,,77869,,,1,20,,77870,,,1,60,,77871,,,1,20,,77872,,,1,19,,77873,,,1,64,,77874,,,1,29,,77875,,,1,70,,77876,,,1,30,,77877,,,1,70,,77878,,,1,30,,77879,,,1
90100,'901-Weekday-4-26-02-1111100',513,,77881,,,1,20,,77882,,,1,20,,77883,,,1,58,,77884,,,1,13,,77885,,,1,10,,77880,,,1,15,,77886,,,1,10,,77887,,,1,50,,77888,,,1,10,,77889,,,1,10,,77890,,,1,10,,77891,,,1,10,,77892,,,1,10,,77893,,,1,50,,77894,,,1,10,,77895,,,1,10,,77896,,,1,10,,77897,,,1,10,,77898,,,1,54,,77899,,,1,14,,77900,,,1,15,,77901,,,1,15,,77902,,,1,55,,77903,,,1,15,,77904,,,1,15,,77905,,,1,15,,77906,,,1,55,,77907,,,1,15,,77908,,,1,15,,77909,,,1,15,,77910,,,1,55,,77911,,,1,15,,77912,,,1,15,,77913,,,1,15,,77914,,,1,55,,77915,,,1,15,,77916,,,1,15,,77917,,,1,15,,77918,,,1,55,,77919,,,1,15,,77920,,,1,15,,77921,,,1,15,,77922,,,1,55,,77923,,,1,17,,77924,,,1,14,,77925,,,1,15,,77926,,,1,55,,77927,,,1,15,,77928,,,1,15,,77929,,,1,15,,77930,,,1,55,,77931,,,1,15,,77932,,,1,16,,77933,,,1,14,,77934,,,1,61,,77935,,,1,20,,77936,,,1,16,,77937,,,1,60,,77938,,,1,20,,77939,,,1,20,,77940,,,1,60,,77941,,,1,20,,77942,,,1,20,,77943,,,1,60,,77944,,,1,20,,77945,,,1,19,,77946,,,1,64,,77947,,,1,29,,77948,,,1,70,,77949,,,1,30,,77950,,,1,70,,77951,,,1,30,,77952,,,1
90100,'901-Weekday-5-26-02-0000100',1253,,77953,,,1
90100,'901-Weekday-5-26-02-1111000',1553,,77954,,,1
90100,'901-Weekday-5-26-02-1111100',513,,77956,,,1,20,,77957,,,1,20,,77958,,,1,58,,77959,,,1,13,,77960,,,1,10,,77955,,,1,15,,77961,,,1,10,,77962,,,1,50,,77963,,,1,10,,77964,,,1,10,,77965,,,1,10,,77966,,,1,10,,77967,,,1,10,,77968,,,1,50,,77969,,,1,10,,77970,,,1,10,,77971,,,1,10,,77972,,,1,10,,77973,,,1,54,,77974,,,1,14,,77975,,,1,15,,77976,,,1,15,,77977,,,1,55,,77978,,,1,15,,77979,,,1,15,,77980,,,1,15,,77981,,,1,55,,77982,,,1,15,,77983,,,1,15,,77984,,,1,15,,77985,,,1,55,,77986,,,1,15,,77987,,,1,15,,77988,,,1,15,,77989,,,1,55,,77990,,,1,15,,77991,,,1,15,,77992,,,1,15,,77993,,,1,55,,77994,,,1,15,,77995,,,1,15,,77996,,,1,15,,77997,,,1,55,,77998,,,1,17,,77999,,,1,14,,78000,,,1,15,,78001,,,1,55,,78002,,,1,15,,78003,,,1,15,,78004,,,1,15,,78005,,,1,55,,78006,,,1,15,,78007,,,1,16,,78008,,,1,14,,78009,,,1,61,,78010,,,1,20,,78011,,,1,16,,78012,,,1,60,,78013,,,1,20,,78014,,,1,20,,78015,,,1,60,,78016,,,1,20,,78017,,,1,20,,78018,,,1,60,,78019,,,1,20,,78020,,,1,19,,78021,,,1,64,,78022,,,1,29,,78023,,,1,70,,78024,,,1,30,,78025,,,1,70,,78026,,,1,30,,78027,,,1
90100,'901-Weekday-6-26-02-1110100',1553,,78028,,,1
90100,'901-Weekday-6-26-02-1111100',513,,78030,,,1,20,,78031,,,1,20,,78032,,,1,58,,78033,,,1,13,,78034,,,1,10,,78029,,,1,15,,78035,,,1,10,,78036,,,1,50,,78037,,,1,10,,78038,,,1,10,,78039,,,1,10,,78040,,,1,10,,78041,,,1,10,,78042,,,1,50,,78043,,,1,10,,78044,,,1,10,,78045,,,1,10,,78046,,,1,10,,78047,,,1,54,,78048,,,1,14,,78049,,,1,15,,78050,,,1,15,,78051,,,1,55,,78052,,,1,15,,78053,,,1,15,,78054,,,1,15,,78055,,,1,55,,78056,,,1,15,,78057,,,1,15,,78058,,,1,15,,78059,,,1,55,,78060,,,1,15,,78061,,,1,15,,78062,,,1,15,,78063,,,1,55,,78064,,,1,15,,78065,,,1,15,,78066,,,1,15,,78067,,,1,55,,78068,,,1,15,,78069,,,1,15,,78070,,,1,15,,78071,,,1,55,,78072,,,1,17,,78073,,,1,14,,78074,,,1,15,,78075,,,1,55,,78076,,,1,15,,78077,,,1,15,,78078,,,1,15,,78079,,,1,55,,78080,,,1,15,,78081,,,1,16,,78082,,,1,14,,78083,,,1,61,,78084,,,1,20,,78085,,,1,16,,78086,,,1,60,,78087,,,1,20,,78088,,,1,20,,78089,,,1,60,,78090,,,1,20,,78091,,,1,20,,78092,,,1,60,,78093,,,1,20,,78094,,,1,19,,78095,,,1,64,,78096,,,1,29,,78097,,,1,70,,78098,,,1,30,,78099,,,1,70,,78100,,,1,30,,78101,,,1
90100,'901-Weekday-7-26-02-1111100',513,,78103,,,1,20,,78104,,,1,20,,78105,,,1,58,,78106,,,1,13,,78107,,,1,10,,78102,,,1,15,,78108,,,1,10,,78109,,,1,50,,78110,,,1,10,,78111,,,1,10,,78112,,,1,10,,78113,,,1,10,,78114,,,1,10,,78115,,,1,50,,78116,,,1,10,,78117,,,1,10,,78118,,,1,10,,78119,,,1,10,,78120,,,1,54,,78121,,,1,14,,78122,,,1,15,,78123,,,1,15,,78124,,,1,55,,78125,,,1,15,,78126,,,1,15,,78127,,,1,15,,78128,,,1,55,,78129,,,1,15,,78130,,,1,15,,78131,,,1,15,,78132,,,1,55,,78133,,,1,15,,78134,,,1,15,,78135,,,1,15,,78136,,,1,55,,78137,,,1,15,,78138,,,1,15,,78139,,,1,15,,78140,,,1,55,,78141,,,1,15,,78142,,,1,15,,78143,,,1,15,,78144,,,1,55,,78145,,,1,17,,78146,,,1,14,,78147,,,1,15,,78148,,,1,55,,78149,,,1,15,,78150,,,1,15,,78151,,,1,15,,78152,,,1,55,,78153,,,1,15,,78154,,,1,16,,78155,,,1,14,,78156,,,1,61,,78157,,,1,20,,78158,,,1,16,,78159,,,1,60,,78160,,,1,20,,78161,,,1,20,,78162,,,1,60,,78163,,,1,20,,78164,,,1,20,,78165,,,1,60,,78166,,,1,20,,78167,,,1,19,,78168,,,1,64,,78169,,,1,29,,78170,,,1,70,,78171,,,1,30,,78172,,,1,70,,78173,,,1,30,,78174,,,1
90100,'901-Weekday-8-26-02-1110100',1553,,78175,,,1
90100,'901-Weekday-8-26-02-1111100',513,,78177,,,1,20,,78178,,,1,20,,78179,,,1,58,,78180,,,1,13,,78181,,,1,10,,78176,,,1,15,,78182,,,1,10,,78183,,,1,50,,78184,,,1,10,,78185,,,1,10,,78186,,,1,10,,78187,,,1,10,,78188,,,1,10,,78189,,,1,50,,78190,,,1,10,,78191,,,1,10,,78192,,,1,10,,78193,,,1,10,,78194,,,1,54,,78195,,,1,14,,78196,,,1,15,,78197,,,1,15,,78198,,,1,55,,78199,,,1,15,,78200,,,1,15,,78201,,,1,15,,78202,,,1,55,,78203,,,1,15,,78204,,,1,15,,78205,,,1,15,,78206,,,1,55,,78207,,,1,15,,78208,,,1,15,,78209,,,1,15,,78210,,,1,55,,78211,,,1,15,,78212,,,1,15,,78213,,,1,15,,78214,,,1,55,,78215,,,1,15,,78216,,,1,15,,78217,,,1,15,,78218,,,1,55,,78219,,,1,17,,78220,,,1,14,,78221,,,1,15,,78222,,,1,55,,78223,,,1,15,,78224,,,1,15,,78225,,,1,15,,78226,,,1,55,,78227,,,1,15,,78228,,,1,16,,78229,,,1,14,,78230,,,1,61,,78231,,,1,20,,78232,,,1,16,,78233,,,1,60,,78234,,,1,20,,78235,,,1,20,,78236,,,1,60,,78237,,,1,20,,78238,,,1,20,,78239,,,1,60,,78240,,,1,20,,78241,,,1,19,,78242,,,1,64,,78243,,,1,29,,78244,,,1,70,,78245,,,1,30,,78246,,,1,70,,78247,,,1,30,,78248,,,1
90100,'901-Weekday-9-26-02-1111100',513,,78250,,,1,20,,78251,,,1,20,,78252,,,1,58,,78253,,,1,13,,78254,,,1,10,,78249,,,1,15,,78255,,,1,10,,78256,,,1,50,,78257,,,1,10,,78258,,,1,10,,78259,,,1,10,,78260,,,1,10,,78261,,,1,10,,78262,,,1,50,,78263,,,1,10,,78264,,,1,10,,78265,,,1,10,,78266,,,1,10,,78267,,,1,54,,78268,,,1,14,,78269,,,1,15,,78270,,,1,15,,78271,,,1,55,,78272,,,1,15,,78273,,,1,15,,78274,,,1,15,,78275,,,1,55,,78276,,,1,15,,78277,,,1,15,,78278,,,1,15,,78279,,,1,55,,78280,,,1,15,,78281,,,1,15,,78282,,,1,15,,78283,,,1,55,,78284,,,1,15,,78285,,,1,15,,78286,,,1,15,,78287,,,1,55,,78288,,,1,15,,78289,,,1,15,,78290,,,1,15,,78291,,,1,55,,78292,,,1,17,,78293,,,1,14,,78294,,,1,15,,78295,,,1,55,,78296,,,1,15,,78297,,,1,15,,78298,,,1,15,,78299,,,1,55,,78300,,,1,15,,78301,,,1,16,,78302,,,1,14,,78303,,,1,61,,78304,,,1,20,,78305,,,1,16,,78306,,,1,60,,78307,,,1,20,,78308,,,1,20,,78309,,,1,60,,78310,,,1,20,,78311,,,1,20,,78312,,,1,60,,78313,,,1,20,,78314,,,1,19,,78315,,,1,64,,78316,,,1,29,,78317,,,1,70,,78318,,,1,30,,78319,,,1,70,,78320,,,1,30,,78321,,,1
90100,'901-Saturday-1-26-02-0000010',542,,13536,,,1,70,,13537,,,1,30,,13538,,,1,70,,13539,,,1,30,,13540,,,1,70,,13541,,,1,20,,13542,,,1,20,,13543,,,1,62,,13544,,,1,20,,13545,,,1,20,,13546,,,1,60,,13547,,,1,20,,13548,,,1,20,,13549,,,1,60,,13550,,,1,20,,13551,,,1,20,,13552,,,1,60,,13553,,,1,20,,13554,,,1,20,,13555,,,1,60,,13556,,,1,20,,13557,,,1,20,,13558,,,1,60,,13559,,,1,20,,13560,,,1,20,,13561,,,1,60,,13562,,,1,20,,13563,,,1,20,,13564,,,1,60,,13565,,,1,20,,13566,,,1,20,,13567,,,1,60,,13568,,,1,20,,13569,,,1,20,,13570,,,1,60,,13571,,,1,20,,13572,,,1,20,,13573,,,1,66,,13574,,,1,30,,13575,,,1,70,,13576,,,1,30,,13577,,,1,70,,13578,,,1,30,,13579,,,1,70,,13580,,,1,30,,13581,,,1,70,,13582,,,1,30,,13583,,,1,70,,13584,,,1
90100,'901-Sunday-1-26-02-0000001',558,,78322,,,1,100,,78323,,,1,100,,78324,,,1,100,,78325,,,1,72,,78326,,,1,70,,78327,,,1,30,,78328,,,1,70,,78329,,,1,30,,78330,,,1,70,,78331,,,1,30,,78332,,,1,70,,78333,,,1,30,,78334,,,1,70,,78335,,,1,30,,78336,,,1,70,,78337,,,1,30,,78338,,,1,70,,78339,,,1,30,,78340,,,1,70,,78341,,,1,30,,78342,,,1,70,,78343,,,1,30,,78344,,,1,70,,78345,,,1,30,,78346,,,1,70,,78347,,,1,30,,78348,,,1,70,,78349,,,1,100,,78350,,,1,100,,78351,,,1,100,,78352,,,1
90200,'902-Weekday-1-26-02-1111100',543,,13709,,,1,70,,13710,,,1,34,,13711,,,1,70,,13712,,,1,30,,13713,,,1,64,,13714,,,1,24,,13715,,,1,24,,13716,,,1,65,,13717,,,1,23,,13758,,,1,65,,13759,,,1,22,,13718,,,1,20,,13719,,,1,60,,13720,,,1,20,,13721,,,1,20,,13722,,,1,60,,13723,,,1,20,,13724,,,1,20,,13725,,,1,60,,13726,,,1,20,,13727,,,1,20,,13728,,,1,60,,13729,,,1,20,,13730,,,1,25,,13731,,,1,54,,13732,,,1,13,,13733,,,1,12,,13734,,,1,12,,13735,,,1,52,,13736,,,1,12,,13737,,,1,12,,13738,,,1,12,,13739,,,1,12,,13740,,,1,52,,13741,,,1,12,,13742,,,1,12,,13743,,,1,12,,13744,,,1,12,,13745,,,1,52,,13746,,,1,23,,13747,,,1,26,,13748,,,1,70,,13749,,,1,30,,13750,,,1,70,,13751,,,1,30,,13752,,,1,70,,13753,,,1,30,,13754,,,1,68,,13755,,,1,100,,13756,,,1,100,,13757,,,1
90200,'902-Weekday-2-26-02-1111100',543,,78909,,,1,70,,78910,,,1,34,,78911,,,1,70,,78912,,,1,30,,78913,,,1,64,,78914,,,1,24,,78915,,,1,24,,78916,,,1,65,,78917,,,1,23,,78958,,,1,65,,78959,,,1,22,,78918,,,1,20,,78919,,,1,60,,78920,,,1,20,,78921,,,1,20,,78922,,,1,60,,78923,,,1,20,,78924,,,1,20,,78925,,,1,60,,78926,,,1,20,,78927,,,1,20,,78928,,,1,60,,78929,,,1,20,,78930,,,1,25,,78931,,,1,54,,78932,,,1,13,,78933,,,1,12,,78934,,,1,12,,78935,,,1,52,,78936,,,1,12,,78937,,,1,12,,78938,,,1,12,,78939,,,1,12,,78940,,,1,52,,78941,,,1,12,,78942,,,1,12,,78943,,,1,12,,78944,,,1,12,,78945,,,1,52,,78946,,,1,23,,78947,,,1,26,,78948,,,1,70,,78949,,,1,30,,78950,,,1,70,,78951,,,1,30,,78952,,,1,70,,78953,,,1,30,,78954,,,1,68,,78955,,,1,100,,78956,,,1,100,,78957,,,1
90200,'902-Weekday-4-26-02-1111100',543,,78960,,,1,70,,78961,,,1,34,,78962,,,1,70,,78963,,,1,30,,78964,,,1,64,,78965,,,1,24,,78966,,,1,24,,78967,,,1,65,,78968,,,1,23,,79009,,,1,65,,79010,,,1,22,,78969,,,1,20,,78970,,,1,60,,78971,,,1,20,,78972,,,1,20,,78973,,,1,60,,78974,,,1,20,,78975,,,1,20,,78976,,,1,60,,78977,,,1,20,,78978,,,1,20,,78979,,,1,60,,78980,,,1,20,,78981,,,1,25,,78982,,,1,54,,78983,,,1,13,,78984,,,1,12,,78985,,,1,12,,78986,,,1,52,,78987,,,1,12,,78988,,,1,12,,78989,,,1,12,,78990,,,1,12,,78991,,,1,52,,78992,,,1,12,,78993,,,1,12,,78994,,,1,12,,78995,,,1,12,,78996,,,1,52,,78997,,,1,23,,78998,,,1,26,,78999,,,1,70,,79000,,,1,30,,79001,,,1,70,,79002,,,1,30,,79003,,,1,70,,79004,,,1,30,,79005,,,1,68,,79006,,,1,100,,79007,,,1,100,,79008,,,1
90200,'902-Weekday-5-26-02-1111100',543,,79011,,,1,70,,79012,,,1,34,,79013,,,1,70,,79014,,,1,30,,79015,,,1,64,,79016,,,1,24,,79017,,,1,24,,79018,,,1,65,,79019,,,1,23,,79060,,,1,65,,79061,,,1,22,,79020,,,1,20,,79021,,,1,60,,79022,,,1,20,,79023,,,1,20,,79024,,,1,60,,79025,,,1,20,,79026,,,1,20,,79027,,,1,60,,79028,,,1,20,,79029,,,1,20,,79030,,,1,60,,79031,,,1,20,,79032,,,1,25,,79033,,,1,54,,79034,,,1,13,,79035,,,1,12,,79036,,,1,12,,79037,,,1,52,,79038,,,1,12,,79039,,,1,12,,79040,,,1,12,,79041,,,1,12,,79042,,,1,52,,79043,,,1,12,,79044,,,1,12,,79045,,,1,12,,79046,,,1,12,,79047,,,1,52,,79048,,,1,23,,79049,,,1,26,,79050,,,1,70,,79051,,,1,30,,79052,,,1,70,,79053,,,1,30,,79054,,,1,70,,79055,,,1,30,,79056,,,1,68,,79057,,,1,100,,79058,,,1,100,,79059,,,1
90200,'902-Weekday-6-26-02-1111100',543,,79062,,,1,70,,79063,,,1,34,,79064,,,1,70,,79065,,,1,30,,79066,,,1,64,,79067,,,1,24,,79068,,,1,24,,79069,,,1,65,,79070,,,1,23,,79111,,,1,65,,79112,,,1,22,,79071,,,1,20,,79072,,,1,60,,79073,,,1,20,,79074,,,1,20,,79075,,,1,60,,79076,,,1,20,,79077,,,1,20,,79078,,,1,60,,79079,,,1,20,,79080,,,1,20,,79081,,,1,60,,79082,,,1,20,,79083,,,1,25,,79084,,,1,54,,79085,,,1,13,,79086,,,1,12,,79087,,,1,12,,79088,,,1,52,,79089,,,1,12,,79090,,,1,12,,79091,,,1,12,,79092,,,1,12,,79093,,,1,52,,79094,,,1,12,,79095,,,1,12,,79096,,,1,12,,79097,,,1,12,,79098,,,1,52,,79099,,,1,23,,79100,,,1,26,,79101,,,1,70,,79102,,,1,30,,79103,,,1,70,,79104,,,1,30,,79105,,,1,70,,79106,,,1,30,,79107,,,1,68,,79108,,,1,100,,79109,,,1,100,,79110,,,1
90200,'902-Weekday-7-26-02-1111100',543,,79113,,,1,70,,79114,,,1,34,,79115,,,1,70,,79116,,,1,30,,79117,,,1,64,,79118,,,1,24,,79119,,,1,24,,79120,,,1,65,,79121,,,1,23,,79162,,,1,65,,79163,,,1,22,,79122,,,1,20,,79123,,,1,60,,79124,,,1,20,,79125,,,1,20,,79126,,,1,60,,79127,,,1,20,,79128,,,1,20,,79129,,,1,60,,79130,,,1,20,,79131,,,1,20,,79132,,,1,60,,79133,,,1,20,,79134,,,1,25,,79135,,,1,54,,79136,,,1,13,,79137,,,1,12,,79138,,,1,12,,79139,,,1,52,,79140,,,1,12,,79141,,,1,12,,79142,,,1,12,,79143,,,1,12,,79144,,,1,52,,79145,,,1,12,,79146,,,1,12,,79147,,,1,12,,79148,,,1,12,,79149,,,1,52,,79150,,,1,23,,79151,,,1,26,,79152,,,1,70,,79153,,,1,30,,79154,,,1,70,,79155,,,1,30,,79156,,,1,70,,79157,,,1,30,,79158,,,1,68,,79159,,,1,100,,79160,,,1,100,,79161,,,1
90200,'902-Weekday-8-26-02-1111100',543,,79164,,,1,70,,79165,,,1,34,,79166,,,1,70,,79167,,,1,30,,79168,,,1,64,,79169,,,1,24,,79170,,,1,24,,79171,,,1,65,,79172,,,1,23,,79213,,,1,65,,79214,,,1,22,,79173,,,1,20,,79174,,,1,60,,79175,,,1,20,,79176,,,1,20,,79177,,,1,60,,79178,,,1,20,,79179,,,1,20,,79180,,,1,60,,79181,,,1,20,,79182,,,1,20,,79183,,,1,60,,79184,,,1,20,,79185,,,1,25,,79186,,,1,54,,79187,,,1,13,,79188,,,1,12,,79189,,,1,12,,79190,,,1,52,,79191,,,1,12,,79192,,,1,12,,79193,,,1,12,,79194,,,1,12,,79195,,,1,52,,79196,,,1,12,,79197,,,1,12,,79198,,,1,12,,79199,,,1,12,,79200,,,1,52,,79201,,,1,23,,79202,,,1,26,,79203,,,1,70,,79204,,,1,30,,79205,,,1,70,,79206,,,1,30,,79207,,,1,70,,79208,,,1,30,,79209,,,1,68,,79210,,,1,100,,79211,,,1,100,,79212,,,1
90200,'902-Weekday-9-26-02-1111100',543,,79215,,,1,70,,79216,,,1,34,,79217,,,1,70,,79218,,,1,30,,79219,,,1,64,,79220,,,1,24,,79221,,,1,24,,79222,,,1,65,,79223,,,1,23,,79264,,,1,65,,79265,,,1,22,,79224,,,1,20,,79225,,,1,60,,79226,,,1,20,,79227,,,1,20,,79228,,,1,60,,79229,,,1,20,,79230,,,1,20,,79231,,,1,60,,79232,,,1,20,,79233,,,1,20,,79234,,,1,60,,79235,,,1,20,,79236,,,1,25,,79237,,,1,54,,79238,,,1,13,,79239,,,1,12,,79240,,,1,12,,79241,,,1,52,,79242,,,1,12,,79243,,,1,12,,79244,,,1,12,,79245,,,1,12,,79246,,,1,52,,79247,,,1,12,,79248,,,1,12,,79249,,,1,12,,79250,,,1,12,,79251,,,1,52,,79252,,,1,23,,79253,,,1,26,,79254,,,1,70,,79255,,,1,30,,79256,,,1,70,,79257,,,1,30,,79258,,,1,70,,79259,,,1,30,,79260,,,1,68,,79261,,,1,100,,79262,,,1,100,,79263,,,1
90200,'902-Saturday-1-26-02-0000010',601,,13760,,,1,100,,13761,,,1,100,,13762,,,1,37,,13763,,,1,72,,13764,,,1,31,,13765,,,1,70,,13766,,,1,30,,13767,,,1,70,,13768,,,1,30,,13769,,,1,70,,13770,,,1,30,,13771,,,1,70,,13772,,,1,30,,13773,,,1,70,,13774,,,1,30,,13775,,,1,70,,13776,,,1,30,,13777,,,1,70,,13778,,,1,30,,13779,,,1,69,,13780,,,1,33,,13786,,,1,70,,13787,,,1,30,,13788,,,1,100,,13781,,,1,100,,13782,,,1,100,,13783,,,1,100,,13784,,,1,100,,13785,,,1
90200,'902-Sunday-1-26-02-0000001',603,,79266,,,1,100,,79267,,,1,100,,79268,,,1,100,,79291,,,1,100,,79292,,,1,45,,79293,,,1,70,,79269,,,1,30,,79270,,,1,70,,79271,,,1,30,,79272,,,1,70,,79273,,,1,30,,79274,,,1,70,,79275,,,1,30,,79276,,,1,70,,79277,,,1,30,,79278,,,1,70,,79279,,,1,30,,79280,,,1,69,,79281,,,1,30,,79282,,,1,70,,79283,,,1,30,,79284,,,1,70,,79285,,,1,100,,79286,,,1,100,,79287,,,1,100,,79288,,,1,100,,79289,,,1,100,,79290,,,1
