10100,'101-Weekday-1-26-06-1111100',523,,157673,32,4,,1,30,,157674,32,4,,1,70,,157675,32,4,,1,31,,157694,32,4,,1,70,,157695,32,4,,1,30,,157696,32,4,,1,70,,157697,32,4,,1,30,,157698,32,4,,1,70,,157699,32,4,,1,30,,157700,32,4,,1,70,,157701,32,4,,1,30,,157702,32,4,,1,70,,157703,32,4,,1,30,,157704,32,4,,1,70,,157705,32,4,,1,30,,157706,32,4,,1,70,,157707,32,4,,1,30,,157708,32,4,,1,70,,157709,32,4,,1,30,,157676,32,4,,1,61,,157677,32,4,,1,21,,157678,32,4,,1,20,,157679,32,4,,1,60,,157680,32,4,,1,20,,157681,32,4,,1,20,,157682,32,4,,1,60,,157683,32,4,,1,20,,157684,32,4,,1,20,,157693,32,4,,1,70,,157685,32,4,,1,28,,157686,32,4,,1,70,,157687,32,4,,1,30,,157688,32,4,,1,70,,157689,32,4,,1,30,,157690,32,4,,1,70,,157691,32,4,,1,30,,157692,32,4,,1
10100,'101-Saturday-1-26-06-0000010',616,,157710,32,4,,1,100,,157711,32,4,,1,105,,157712,32,4,,1,32,,157713,32,4,,1,72,,157714,32,4,,1,30,,157715,32,4,,1,70,,157716,32,4,,1,30,,157717,32,4,,1,70,,157718,32,4,,1,30,,157719,32,4,,1,70,,157720,32,4,,1,30,,157721,32,4,,1,70,,157722,32,4,,1,30,,157723,32,4,,1,70,,157724,32,4,,1,30,,157725,32,4,,1,70,,157726,32,4,,1,30,,157727,32,4,,1,70,,157728,32,4,,1,30,,157729,32,4,,1,69,,157730,32,4,,1,30,,157731,32,4,,1,70,,157732,32,4,,1,30,,157733,32,4,,1,70,,157734,32,4,,1,80,,157735,32,4,,1,100,,157736,32,4,,1,100,,157737,32,4,,1
10100,'101-Sunday-1-26-06-0000001',1016,,157738,32,4,,1,36,,157739,32,4,,1,70,,157740,32,4,,1,30,,157741,32,4,,1,70,,157742,32,4,,1,30,,157743,32,4,,1,70,,157744,32,4,,1,30,,157745,32,4,,1,70,,157746,32,4,,1,30,,157747,32,4,,1,70,,157748,32,4,,1,30,,157749,32,4,,1,70,,157750,32,4,,1,30,,157751,32,4,,1,69,,157752,32,4,,1,30,,157756,32,4,,1,70,,157757,32,4,,1,30,,157758,32,4,,1,70,,157755,32,4,,1,30,,157753,32,4,,1,100,,157754,32,4,,1
10101,'101-Weekday-1-26-06-1111100',457,,157759,1,,,1,70,,157760,1,,,1,30,,157761,1,,,1,70,,157762,1,,,1,30,,157763,1,,,1,70,,157764,1,,,1,30,,157765,1,,,1,70,,157793,1,,,1,30,,157766,1,,,1,70,,157767,1,,,1,30,,157768,1,,,1,70,,157769,1,,,1,30,,157770,1,,,1,70,,157771,1,,,1,30,,157772,1,,,1,70,,157773,1,,,1,30,,157774,1,,,1,70,,157775,1,,,1,30,,157776,1,,,1,72,,157777,1,,,1,30,,157778,1,,,1,70,,157779,1,,,1,30,,157780,1,,,1,70,,157781,1,,,1,30,,157782,1,,,1,70,,157783,1,,,1,30,,157784,1,,,1,70,,157786,1,,,1,28,,157787,1,,,1,70,,157788,1,,,1,30,,157789,1,,,1,70,,157790,1,,,1,30,,157791,1,,,1,70,,157785,1,,,1,30,,157792,1,,,1
10101,'101-Saturday-1-26-06-0000010',618,,157794,1,,,1,100,,157795,1,,,1,90,,157796,1,,,1,29,,157797,1,,,1,69,,157798,1,,,1,30,,157799,1,,,1,70,,157800,1,,,1,30,,157801,1,,,1,70,,157802,1,,,1,30,,157803,1,,,1,70,,157804,1,,,1,30,,157805,1,,,1,70,,157806,1,,,1,30,,157807,1,,,1,70,,157808,1,,,1,30,,157809,1,,,1,70,,157810,1,,,1,30,,157811,1,,,1,70,,157812,1,,,1,30,,157813,1,,,1,70,,157814,1,,,1,30,,157815,1,,,1,70,,157816,1,,,1,30,,157817,1,,,1,80,,157818,1,,,1,100,,157819,1,,,1,100,,157820,1,,,1,100,,157821,1,,,1
10101,'101-Sunday-1-26-06-0000001',1002,,157823,1,,,1,29,,157824,1,,,1,70,,157825,1,,,1,30,,157826,1,,,1,70,,157827,1,,,1,30,,157828,1,,,1,70,,157829,1,,,1,30,,157830,1,,,1,70,,157831,1,,,1,30,,157832,1,,,1,70,,157833,1,,,1,30,,157834,1,,,1,70,,157835,1,,,1,30,,157836,1,,,1,72,,157837,1,,,1,30,,157838,1,,,1,69,,157839,1,,,1,30,,157840,1,,,1,70,,157841,1,,,1,100,,157842,1,,,1,100,,157822,1,,,1
10200,'102-Weekday-1-26-06-1111100',601,,157843,47,4,,1,30,,157844,47,4,,1,76,,157864,47,4,,1,30,,157865,47,4,,1,70,,157866,47,4,,1,30,,157867,47,4,,1,70,,157868,47,4,,1,31,,157869,47,4,,1,70,,157870,47,4,,1,30,,157871,47,4,,1,70,,157872,47,4,,1,30,,157873,47,4,,1,70,,157874,47,4,,1,30,,157875,47,4,,1,70,,157876,47,4,,1,30,,157877,47,4,,1,70,,157878,47,4,,1,30,,157879,47,4,,1,71,,157845,47,4,,1,23,,157846,47,4,,1,21,,157847,47,4,,1,60,,157848,47,4,,1,20,,157849,47,4,,1,20,,157850,47,4,,1,60,,157851,47,4,,1,20,,157852,47,4,,1,20,,157853,47,4,,1,60,,157854,47,4,,1,28,,157855,47,4,,1,65,,157856,47,4,,1,30,,157857,47,4,,1,70,,157858,47,4,,1,30,,157859,47,4,,1,70,,157860,47,4,,1,30,,157861,47,4,,1,70,,157862,47,4,,1,30,,157863,47,4,,1
10200,'102-Saturday-1-26-06-0000010',625,,157880,47,4,,1,100,,157881,47,4,,1,100,,157882,47,4,,1,75,,157883,47,4,,1,38,,157884,47,4,,1,72,,157885,47,4,,1,30,,157886,47,4,,1,70,,157887,47,4,,1,30,,157888,47,4,,1,70,,157889,47,4,,1,30,,157890,47,4,,1,70,,157891,47,4,,1,30,,157892,47,4,,1,70,,157893,47,4,,1,30,,157894,47,4,,1,70,,157895,47,4,,1,30,,157896,47,4,,1,70,,157897,47,4,,1,30,,157898,47,4,,1,69,,157899,47,4,,1,29,,157900,47,4,,1,70,,157901,47,4,,1,30,,157902,47,4,,1,70,,157903,47,4,,1,30,,157904,47,4,,1
10200,'102-Sunday-1-26-06-0000001',1037,,157905,47,4,,1,70,,157906,47,4,,1,30,,157907,47,4,,1,70,,157908,47,4,,1,30,,157909,47,4,,1,70,,157910,47,4,,1,30,,157911,47,4,,1,70,,157912,47,4,,1,30,,157913,47,4,,1,70,,157914,47,4,,1,30,,157915,47,4,,1,70,,157916,47,4,,1,30,,157917,47,4,,1,70,,157918,47,4,,1,29,,157919,47,4,,1,68,,157920,47,4,,1,30,,157921,47,4,,1,70,,157922,47,4,,1
10201,'102-Weekday-1-26-06-1111100',535,,157950,1,,,1,70,,157923,1,,,1,25,,157924,1,,,1,20,,157925,1,,,1,60,,157951,1,,,1,20,,157926,1,,,1,20,,157927,1,,,1,60,,157949,1,,,1,20,,157928,1,,,1,20,,157948,1,,,1,63,,157941,1,,,1,30,,157929,1,,,1,70,,157930,1,,,1,30,,157931,1,,,1,70,,157932,1,,,1,30,,157933,1,,,1,70,,157934,1,,,1,30,,157935,1,,,1,70,,157936,1,,,1,30,,157937,1,,,1,70,,157938,1,,,1,30,,157939,1,,,1,70,,157940,1,,,1,34,,157947,1,,,1,70,,157946,1,,,1,30,,157945,1,,,1,70,,157944,1,,,1,30,,157943,1,,,1,70,,157942,1,,,1,30,,157958,1,,,1,68,,157952,1,,,1,30,,157953,1,,,1,70,,157954,1,,,1,30,,157955,1,,,1,70,,157956,1,,,1,30,,157957,1,,,1
10201,'102-Saturday-1-26-06-0000010',603,,157959,1,,,1,100,,157960,1,,,1,100,,157961,1,,,1,36,,157962,1,,,1,70,,157963,1,,,1,33,,157964,1,,,1,72,,157965,1,,,1,30,,157966,1,,,1,70,,157967,1,,,1,30,,157968,1,,,1,70,,157969,1,,,1,30,,157970,1,,,1,70,,157971,1,,,1,30,,157972,1,,,1,70,,157973,1,,,1,30,,157974,1,,,1,70,,157975,1,,,1,30,,157976,1,,,1,70,,157977,1,,,1,30,,157978,1,,,1,70,,157979,1,,,1,28,,157980,1,,,1,69,,157981,1,,,1,30,,157982,1,,,1,70,,157983,1,,,1
10201,'102-Sunday-1-26-06-0000001',1011,,157984,1,,,1,30,,157985,1,,,1,70,,157986,1,,,1,30,,157987,1,,,1,70,,157988,1,,,1,30,,157989,1,,,1,70,,157990,1,,,1,30,,157991,1,,,1,70,,157992,1,,,1,30,,157993,1,,,1,70,,157994,1,,,1,30,,157995,1,,,1,70,,157996,1,,,1,30,,157997,1,,,1,70,,157998,1,,,1,30,,157999,1,,,1,70,,158000,1,,,1,30,,158001,1,,,1
