50801,'508-Weekday-1-26-04-1111100',537,,117626,6,,,1,70,,117627,6,,,1,31,,117628,6,,,1,70,,117629,6,,,1,20,,117630,6,,,1,20,,117648,6,,,1,60,,117631,6,,,1,20,,117633,6,,,1,25,,117649,6,,,1,68,,117647,6,,,1,30,,117650,6,,,1,70,,117651,6,,,1,30,,117652,6,,,1,70,,117653,6,,,1,30,,117654,6,,,1,70,,117655,6,,,1,30,,117656,6,,,1,70,,117657,6,,,1,30,,117658,6,,,1,70,,117659,6,,,1,30,,117660,6,,,1,60,,117635,6,,,1,20,,117636,6,,,1,20,,117661,6,,,1,60,,117638,6,,,1,20,,117639,6,,,1,20,,117640,6,,,1,60,,117642,6,,,1,25,,117663,6,,,1,70,,117644,6,,,1,30,,117645,6,,,1,70,,117646,6,,,1,30,,117643,6,,,1,70,,117641,6,,,1,30,,117637,6,,,1,70,,117634,6,,,1,30,,117632,6,,,1,70,,117662,6,,,1
50801,'508-Weekday-2-26-04-1111100',537,,139497,6,,,1,70,,139498,6,,,1,31,,139499,6,,,1,70,,139500,6,,,1,20,,139501,6,,,1,20,,139519,6,,,1,60,,139502,6,,,1,20,,139504,6,,,1,25,,139520,6,,,1,68,,139518,6,,,1,30,,139521,6,,,1,70,,139522,6,,,1,30,,139523,6,,,1,70,,139524,6,,,1,30,,139525,6,,,1,70,,139526,6,,,1,30,,139527,6,,,1,70,,139528,6,,,1,30,,139529,6,,,1,70,,139530,6,,,1,30,,139531,6,,,1,60,,139506,6,,,1,20,,139507,6,,,1,20,,139532,6,,,1,60,,139509,6,,,1,20,,139510,6,,,1,20,,139511,6,,,1,60,,139513,6,,,1,25,,139534,6,,,1,70,,139515,6,,,1,30,,139516,6,,,1,70,,139517,6,,,1,30,,139514,6,,,1,70,,139512,6,,,1,30,,139508,6,,,1,70,,139505,6,,,1,30,,139503,6,,,1,70,,139533,6,,,1
50801,'508-Weekday-3-26-04-1111100',537,,139535,6,,,1,70,,139536,6,,,1,31,,139537,6,,,1,70,,139538,6,,,1,20,,139539,6,,,1,20,,139557,6,,,1,60,,139540,6,,,1,20,,139542,6,,,1,25,,139558,6,,,1,68,,139556,6,,,1,30,,139559,6,,,1,70,,139560,6,,,1,30,,139561,6,,,1,70,,139562,6,,,1,30,,139563,6,,,1,70,,139564,6,,,1,30,,139565,6,,,1,70,,139566,6,,,1,30,,139567,6,,,1,70,,139568,6,,,1,30,,139569,6,,,1,60,,139544,6,,,1,20,,139545,6,,,1,20,,139570,6,,,1,60,,139547,6,,,1,20,,139548,6,,,1,20,,139549,6,,,1,60,,139551,6,,,1,25,,139572,6,,,1,70,,139553,6,,,1,30,,139554,6,,,1,70,,139555,6,,,1,30,,139552,6,,,1,70,,139550,6,,,1,30,,139546,6,,,1,70,,139543,6,,,1,30,,139541,6,,,1,70,,139571,6,,,1
50801,'508-Saturday-1-26-04-0000010',609,,117664,6,,,1,100,,117665,6,,,1,100,,117666,6,,,1,30,,117667,6,,,1,70,,117668,6,,,1,30,,117669,6,,,1,70,,117670,6,,,1,30,,117671,6,,,1,70,,117672,6,,,1,30,,117673,6,,,1,70,,117674,6,,,1,30,,117675,6,,,1,70,,117676,6,,,1,30,,117677,6,,,1,70,,117678,6,,,1,30,,117679,6,,,1,70,,117680,6,,,1,30,,117681,6,,,1,70,,117682,6,,,1,30,,117683,6,,,1,70,,117684,6,,,1,30,,117685,6,,,1,70,,117686,6,,,1,30,,117687,6,,,1,70,,117688,6,,,1
50801,'508-Sunday-1-26-04-0000001',1011,,117689,6,,,1,30,,117690,6,,,1,70,,117691,6,,,1,30,,117692,6,,,1,70,,117693,6,,,1,30,,117694,6,,,1,70,,117695,6,,,1,30,,117696,6,,,1,70,,117697,6,,,1,30,,117698,6,,,1,70,,117699,6,,,1,30,,117700,6,,,1,70,,117701,6,,,1,30,,117702,6,,,1,70,,117703,6,,,1,30,,117704,6,,,1,70,,117705,6,,,1,30,,117706,6,,,1
63001,'630-Weekday-1-26-04-0001000',1251,,120408,25,,,1,203,,120409,22,,,1
63001,'630-Weekday-1-26-04-1110100',1553,,120410,25,,,1
63001,'630-Weekday-2-26-04-1110100',1553,,142018,25,,,1
63001,'630-Weekday-3-26-04-0001000',1251,,142019,25,,,1
63001,'630-Weekday-3-26-04-1110100',1553,,142020,25,,,1
63501,'635-Weekday-1-26-04-1111100',1549,,120438,35,,,1
63501,'635-Weekday-2-26-04-1111100',1549,,142046,35,,,1
