51101,'511-Weekday-1-26-02-1111100',2527,,8152,,,1,30,,8153,,,1,70,,8154,,,1,30,,8155,,,1
51101,'511-Weekday-2-26-02-1111100',2527,,53484,,,1,30,,53485,,,1,70,,53486,,,1,30,,53487,,,1
51101,'511-Weekday-4-26-02-1111100',2527,,53488,,,1,30,,53489,,,1,70,,53490,,,1,30,,53491,,,1
51101,'511-Weekday-5-26-02-1111100',2527,,53492,,,1,30,,53493,,,1,70,,53494,,,1,30,,53495,,,1
51101,'511-Weekday-6-26-02-1111100',2527,,53496,,,1,30,,53497,,,1,70,,53498,,,1,30,,53499,,,1
51101,'511-Weekday-7-26-02-1111100',2527,,53500,,,1,30,,53501,,,1,70,,53502,,,1,30,,53503,,,1
51101,'511-Weekday-8-26-02-1111100',2527,,53504,,,1,30,,53505,,,1,70,,53506,,,1,30,,53507,,,1
51101,'511-Weekday-9-26-02-1111100',2527,,53508,,,1,30,,53509,,,1,70,,53510,,,1,30,,53511,,,1
51101,'511-Saturday-1-26-02-0000010',2526,,8156,,,1,30,,8157,,,1,70,,8158,,,1,30,,8159,,,1
51101,'511-Sunday-1-26-02-0000001',2525,,53512,,,1,30,,53513,,,1,70,,53514,,,1,30,,53515,,,1
