92300,'923-Weekday-1-26-09-1111100',613,,242005,1,,,1,29,,242006,1,,,1,70,,242007,1,,,1,30,,242008,1,,,1,70,,242009,1,,,1,30,,242010,1,,,1,70,,242011,1,,,1,30,,242021,1,,,1,70,,242022,1,,,1,30,,242023,1,,,1,70,,242024,1,,,1,30,,242025,1,,,1,70,,242026,1,,,1,30,,242027,1,,,1,70,,242028,1,,,1,30,,242029,1,,,1,70,,242030,1,,,1,32,,242019,1,,,1,71,,242013,1,,,1,30,,242014,1,,,1,70,,242015,1,,,1,30,,242012,1,,,1,70,,242016,1,,,1,30,,242017,1,,,1,70,,242018,1,,,1,29,,242020,1,,,1,68,,242031,1,,,1,30,,242032,1,,,1,70,,242033,1,,,1,30,,242034,1,,,1,70,,242035,1,,,1,30,,242036,1,,,1,70,,242037,1,,,1
92300,'923-Weekday-2-26-09-1111100',613,,242038,1,,,1,29,,242039,1,,,1,70,,242040,1,,,1,30,,242041,1,,,1,70,,242042,1,,,1,30,,242043,1,,,1,70,,242044,1,,,1,30,,242054,1,,,1,70,,242055,1,,,1,30,,242056,1,,,1,70,,242057,1,,,1,30,,242058,1,,,1,70,,242059,1,,,1,30,,242060,1,,,1,70,,242061,1,,,1,30,,242062,1,,,1,70,,242063,1,,,1,32,,242052,1,,,1,71,,242046,1,,,1,30,,242047,1,,,1,70,,242048,1,,,1,30,,242045,1,,,1,70,,242049,1,,,1,30,,242050,1,,,1,70,,242051,1,,,1,29,,242053,1,,,1,68,,242064,1,,,1,30,,242065,1,,,1,70,,242066,1,,,1,30,,242067,1,,,1,70,,242068,1,,,1,30,,242069,1,,,1,70,,242070,1,,,1
92300,'923-Weekday-4-26-09-1111100',613,,242071,1,,,1,29,,242072,1,,,1,70,,242073,1,,,1,30,,242074,1,,,1,70,,242075,1,,,1,30,,242076,1,,,1,70,,242077,1,,,1,30,,242087,1,,,1,70,,242088,1,,,1,30,,242089,1,,,1,70,,242090,1,,,1,30,,242091,1,,,1,70,,242092,1,,,1,30,,242093,1,,,1,70,,242094,1,,,1,30,,242095,1,,,1,70,,242096,1,,,1,32,,242085,1,,,1,71,,242079,1,,,1,30,,242080,1,,,1,70,,242081,1,,,1,30,,242078,1,,,1,70,,242082,1,,,1,30,,242083,1,,,1,70,,242084,1,,,1,29,,242086,1,,,1,68,,242097,1,,,1,30,,242098,1,,,1,70,,242099,1,,,1,30,,242100,1,,,1,70,,242101,1,,,1,30,,242102,1,,,1,70,,242103,1,,,1
92300,'923-Saturday-1-26-09-0000010',818,,242104,1,,,1,30,,242105,1,,,1,72,,242106,1,,,1,30,,242107,1,,,1,70,,242108,1,,,1,30,,242109,1,,,1,70,,242110,1,,,1,30,,242111,1,,,1,70,,242112,1,,,1,30,,242113,1,,,1,70,,242114,1,,,1,30,,242115,1,,,1,70,,242116,1,,,1,30,,242117,1,,,1,70,,242118,1,,,1,30,,242119,1,,,1,70,,242120,1,,,1,30,,242121,1,,,1,70,,242122,1,,,1,30,,242123,1,,,1,70,,242124,1,,,1,30,,242125,1,,,1,70,,242126,1,,,1
92300,'923-Sunday-1-26-09-0000001',1020,,242127,1,,,1,30,,242128,1,,,1,70,,242129,1,,,1,30,,242130,1,,,1,70,,242131,1,,,1,30,,242132,1,,,1,70,,242133,1,,,1,30,,242134,1,,,1,70,,242135,1,,,1,30,,242136,1,,,1,70,,242137,1,,,1,30,,242138,1,,,1,70,,242139,1,,,1,30,,242140,1,,,1,70,,242141,1,,,1,30,,242142,1,,,1,70,,242143,1,,,1,30,,242144,1,,,1,70,,242145,1,,,1
92301,'923-Weekday-1-26-09-1111100',613,,242146,14,4,,1,29,,242147,14,4,,1,70,,242148,14,4,,1,30,,242149,14,4,,1,70,,242150,14,4,,1,30,,242151,14,4,,1,70,,242152,14,4,,1,30,,242162,14,4,,1,70,,242163,14,4,,1,30,,242164,14,4,,1,70,,242165,14,4,,1,30,,242166,14,4,,1,70,,242167,14,4,,1,30,,242168,14,4,,1,70,,242169,14,4,,1,30,,242170,14,4,,1,70,,242171,14,4,,1,32,,242160,14,4,,1,71,,242153,14,4,,1,30,,242154,14,4,,1,70,,242155,14,4,,1,30,,242156,14,4,,1,70,,242157,14,4,,1,30,,242158,14,4,,1,70,,242159,14,4,,1,29,,242161,14,4,,1,68,,242172,14,4,,1,30,,242173,14,4,,1,70,,242174,14,4,,1,30,,242175,14,4,,1,70,,242176,14,4,,1,30,,242177,14,4,,1,70,,242178,14,4,,1
92301,'923-Weekday-2-26-09-1111100',613,,242179,14,4,,1,29,,242180,14,4,,1,70,,242181,14,4,,1,30,,242182,14,4,,1,70,,242183,14,4,,1,30,,242184,14,4,,1,70,,242185,14,4,,1,30,,242195,14,4,,1,70,,242196,14,4,,1,30,,242197,14,4,,1,70,,242198,14,4,,1,30,,242199,14,4,,1,70,,242200,14,4,,1,30,,242201,14,4,,1,70,,242202,14,4,,1,30,,242203,14,4,,1,70,,242204,14,4,,1,32,,242193,14,4,,1,71,,242186,14,4,,1,30,,242187,14,4,,1,70,,242188,14,4,,1,30,,242189,14,4,,1,70,,242190,14,4,,1,30,,242191,14,4,,1,70,,242192,14,4,,1,29,,242194,14,4,,1,68,,242205,14,4,,1,30,,242206,14,4,,1,70,,242207,14,4,,1,30,,242208,14,4,,1,70,,242209,14,4,,1,30,,242210,14,4,,1,70,,242211,14,4,,1
92301,'923-Weekday-4-26-09-1111100',613,,242212,14,4,,1,29,,242213,14,4,,1,70,,242214,14,4,,1,30,,242215,14,4,,1,70,,242216,14,4,,1,30,,242217,14,4,,1,70,,242218,14,4,,1,30,,242228,14,4,,1,70,,242229,14,4,,1,30,,242230,14,4,,1,70,,242231,14,4,,1,30,,242232,14,4,,1,70,,242233,14,4,,1,30,,242234,14,4,,1,70,,242235,14,4,,1,30,,242236,14,4,,1,70,,242237,14,4,,1,32,,242226,14,4,,1,71,,242219,14,4,,1,30,,242220,14,4,,1,70,,242221,14,4,,1,30,,242222,14,4,,1,70,,242223,14,4,,1,30,,242224,14,4,,1,70,,242225,14,4,,1,29,,242227,14,4,,1,68,,242238,14,4,,1,30,,242239,14,4,,1,70,,242240,14,4,,1,30,,242241,14,4,,1,70,,242242,14,4,,1,30,,242243,14,4,,1,70,,242244,14,4,,1
92301,'923-Saturday-1-26-09-0000010',818,,242245,14,4,,1,30,,242246,14,4,,1,72,,242247,14,4,,1,30,,242248,14,4,,1,70,,242249,14,4,,1,30,,242250,14,4,,1,70,,242251,14,4,,1,30,,242252,14,4,,1,70,,242253,14,4,,1,30,,242254,14,4,,1,70,,242255,14,4,,1,30,,242256,14,4,,1,70,,242257,14,4,,1,30,,242258,14,4,,1,70,,242259,14,4,,1,30,,242260,14,4,,1,70,,242261,14,4,,1,30,,242262,14,4,,1,70,,242263,14,4,,1,30,,242264,14,4,,1,70,,242265,14,4,,1,30,,242266,14,4,,1,70,,242267,14,4,,1
92301,'923-Sunday-1-26-09-0000001',1020,,242268,14,4,,1,30,,242269,14,4,,1,70,,242270,14,4,,1,30,,242271,14,4,,1,70,,242272,14,4,,1,30,,242273,14,4,,1,70,,242274,14,4,,1,30,,242275,14,4,,1,70,,242276,14,4,,1,30,,242277,14,4,,1,70,,242278,14,4,,1,30,,242279,14,4,,1,70,,242280,14,4,,1,30,,242281,14,4,,1,70,,242282,14,4,,1,30,,242283,14,4,,1,70,,242284,14,4,,1,30,,242285,14,4,,1,70,,242286,14,4,,1
