2091801,'918-Weekday-1-26-09-1111100',519,,244060,16,,,1,30,,244061,16,,,1,70,,244062,16,,,1,25,,244064,16,,,1,15,,244065,16,,,1,55,,244066,16,,,1,15,,244067,16,,,1,15,,244068,16,,,1,15,,244069,16,,,1,55,,244070,16,,,1,15,,244071,16,,,1,15,,244063,16,,,1,15,,244096,16,,,1,55,,244072,16,,,1,25,,244081,16,,,1,70,,244082,16,,,1,30,,244083,16,,,1,70,,244084,16,,,1,30,,244085,16,,,1,70,,244086,16,,,1,30,,244073,16,,,1,70,,244074,16,,,1,30,,244075,16,,,1,70,,244076,16,,,1,30,,244077,16,,,1,73,,244078,16,,,1,30,,244087,16,,,1,15,,244088,16,,,1,55,,244080,16,,,1,15,,244056,16,,,1,15,,244057,16,,,1,15,,244058,16,,,1,55,,244059,16,,,1,15,,244054,16,,,1,15,,244079,16,,,1,15,,244097,16,,,1,55,,244055,16,,,1,28,,244089,16,,,1,70,,244090,16,,,1,30,,244091,16,,,1,70,,244051,16,,,1,30,,244052,16,,,1,70,,244053,16,,,1,30,,244092,16,,,1,99,,244093,16,,,1,100,,244094,16,,,1,100,,244095,16,,,1
2091801,'918-Weekday-2-26-09-1111100',519,,244107,16,,,1,30,,244108,16,,,1,70,,244109,16,,,1,25,,244111,16,,,1,15,,244112,16,,,1,55,,244113,16,,,1,15,,244114,16,,,1,15,,244115,16,,,1,15,,244116,16,,,1,55,,244117,16,,,1,15,,244118,16,,,1,15,,244110,16,,,1,15,,244143,16,,,1,55,,244119,16,,,1,25,,244128,16,,,1,70,,244129,16,,,1,30,,244130,16,,,1,70,,244131,16,,,1,30,,244132,16,,,1,70,,244133,16,,,1,30,,244120,16,,,1,70,,244121,16,,,1,30,,244122,16,,,1,70,,244123,16,,,1,30,,244124,16,,,1,73,,244125,16,,,1,30,,244134,16,,,1,15,,244135,16,,,1,55,,244127,16,,,1,15,,244103,16,,,1,15,,244104,16,,,1,15,,244105,16,,,1,55,,244106,16,,,1,15,,244101,16,,,1,15,,244126,16,,,1,15,,244144,16,,,1,55,,244102,16,,,1,28,,244136,16,,,1,70,,244137,16,,,1,30,,244138,16,,,1,70,,244098,16,,,1,30,,244099,16,,,1,70,,244100,16,,,1,30,,244139,16,,,1,99,,244140,16,,,1,100,,244141,16,,,1,100,,244142,16,,,1
2091801,'918-Weekday-4-26-09-1111100',519,,244154,16,,,1,30,,244155,16,,,1,70,,244156,16,,,1,25,,244158,16,,,1,15,,244159,16,,,1,55,,244160,16,,,1,15,,244161,16,,,1,15,,244162,16,,,1,15,,244163,16,,,1,55,,244164,16,,,1,15,,244165,16,,,1,15,,244157,16,,,1,15,,244190,16,,,1,55,,244166,16,,,1,25,,244175,16,,,1,70,,244176,16,,,1,30,,244177,16,,,1,70,,244178,16,,,1,30,,244179,16,,,1,70,,244180,16,,,1,30,,244167,16,,,1,70,,244168,16,,,1,30,,244169,16,,,1,70,,244170,16,,,1,30,,244171,16,,,1,73,,244172,16,,,1,30,,244181,16,,,1,15,,244182,16,,,1,55,,244174,16,,,1,15,,244150,16,,,1,15,,244151,16,,,1,15,,244152,16,,,1,55,,244153,16,,,1,15,,244148,16,,,1,15,,244173,16,,,1,15,,244191,16,,,1,55,,244149,16,,,1,28,,244183,16,,,1,70,,244184,16,,,1,30,,244185,16,,,1,70,,244145,16,,,1,30,,244146,16,,,1,70,,244147,16,,,1,30,,244186,16,,,1,99,,244187,16,,,1,100,,244188,16,,,1,100,,244189,16,,,1
2091801,'918-Saturday-1-26-09-0000010',532,,244192,16,,,1,100,,244193,16,,,1,100,,244194,16,,,1,100,,244195,16,,,1,70,,244196,16,,,1,29,,244197,16,,,1,70,,244198,16,,,1,30,,244199,16,,,1,70,,244200,16,,,1,30,,244201,16,,,1,70,,244202,16,,,1,30,,244203,16,,,1,70,,244204,16,,,1,30,,244205,16,,,1,70,,244206,16,,,1,30,,244207,16,,,1,70,,244208,16,,,1,30,,244209,16,,,1,70,,244210,16,,,1,30,,244211,16,,,1,71,,244212,16,,,1,31,,244213,16,,,1,70,,244214,16,,,1,30,,244215,16,,,1,70,,244216,16,,,1,30,,244217,16,,,1,100,,244218,16,,,1,100,,244219,16,,,1,100,,244220,16,,,1,100,,244221,16,,,1
2091801,'918-Sunday-1-26-09-0000001',529,,244227,16,,,1,100,,244228,16,,,1,100,,244229,16,,,1,100,,244230,16,,,1,101,,244231,16,,,1,101,,244238,16,,,1,70,,244239,16,,,1,30,,244240,16,,,1,70,,244241,16,,,1,30,,244242,16,,,1,70,,244243,16,,,1,30,,244244,16,,,1,70,,244237,16,,,1,30,,244222,16,,,1,70,,244223,16,,,1,30,,244233,16,,,1,70,,244234,16,,,1,30,,244232,16,,,1,71,,244235,16,,,1,29,,244224,16,,,1,70,,244225,16,,,1,30,,244236,16,,,1,72,,244226,16,,,1,34,,244245,16,,,1,100,,244246,16,,,1,100,,244247,16,,,1,100,,244248,16,,,1,100,,244249,16,,,1,100,,244250,16,,,1
24091000,'910X-Weekday-1-26-09-1111100',556,,246227,17,,,1,70,,246229,17,,,1,12,,246230,17,,,1,12,,246231,17,,,1,52,,246234,17,,,1,12,,246232,17,,,1,12,,246228,17,,,1,12,,246224,17,,,1,12,,246223,17,,,1,52,,246235,17,,,1,12,,246222,17,,,1,12,,246233,17,,,1,12,,246225,17,,,1,12,,246226,17,,,1,52,,246236,17,,,1
24091000,'910X-Weekday-2-26-09-1111100',556,,246242,17,,,1,70,,246244,17,,,1,12,,246245,17,,,1,12,,246246,17,,,1,52,,246249,17,,,1,12,,246247,17,,,1,12,,246243,17,,,1,12,,246239,17,,,1,12,,246238,17,,,1,52,,246250,17,,,1,12,,246237,17,,,1,12,,246248,17,,,1,12,,246240,17,,,1,12,,246241,17,,,1,52,,246251,17,,,1
24091000,'910X-Weekday-4-26-09-1111100',556,,246257,17,,,1,70,,246259,17,,,1,12,,246260,17,,,1,12,,246261,17,,,1,52,,246264,17,,,1,12,,246262,17,,,1,12,,246258,17,,,1,12,,246254,17,,,1,12,,246253,17,,,1,52,,246265,17,,,1,12,,246252,17,,,1,12,,246263,17,,,1,12,,246255,17,,,1,12,,246256,17,,,1,52,,246266,17,,,1
24091001,'910X-Weekday-1-26-09-1111100',1542,,246267,23,,,1,15,,246268,23,,,1,55,,246275,23,,,1,15,,246273,23,,,1,15,,246269,23,,,1,15,,246270,23,,,1,55,,246276,23,,,1,15,,246274,23,,,1,15,,246271,23,,,1,15,,246272,23,,,1
24091001,'910X-Weekday-2-26-09-1111100',1542,,246277,23,,,1,15,,246278,23,,,1,55,,246285,23,,,1,15,,246283,23,,,1,15,,246279,23,,,1,15,,246280,23,,,1,55,,246286,23,,,1,15,,246284,23,,,1,15,,246281,23,,,1,15,,246282,23,,,1
24091001,'910X-Weekday-4-26-09-1111100',1542,,246287,23,,,1,15,,246288,23,,,1,55,,246295,23,,,1,15,,246293,23,,,1,15,,246289,23,,,1,15,,246290,23,,,1,55,,246296,23,,,1,15,,246294,23,,,1,15,,246291,23,,,1,15,,246292,23,,,1
