10901,'109-Weekday-1-26-09-1111100',550,,217037,53,0,18 14,1,70,,217038,53,0,18 14,1,34,,217039,53,0,18 14,1,64,,217040,53,0,18 14,1,15,,217041,53,0,18 14,1,15,,217042,53,0,18 14,1,55,,217043,53,0,18 14,1,15,,217045,53,0,18 14,1,15,,217044,53,0,18 14,1,15,,217079,53,0,18 14,1,56,,217077,53,0,18 14,1,20,,217046,53,0,18 14,1,29,,217047,53,0,18 14,1,70,,217048,53,0,18 14,1,30,,217049,53,0,18 14,1,70,,217050,53,0,18 14,1,30,,217051,53,0,18 14,1,70,,217052,53,0,18 14,1,30,,217053,53,0,18 14,1,70,,217054,53,0,18 14,1,30,,217055,53,0,18 14,1,70,,217056,53,0,18 14,1,30,,217057,53,0,18 14,1,72,,217058,53,0,18 14,1,25,,217059,53,0,18 14,1,55,,217060,53,0,18 14,1,15,,217061,53,0,18 14,1,15,,217062,53,0,18 14,1,15,,217075,53,0,18 14,1,55,,217063,53,0,18 14,1,15,,217080,53,0,18 14,1,15,,217078,53,0,18 14,1,22,,217064,53,0,18 14,1,70,,217065,53,0,18 14,1,27,,217066,53,0,18 14,1,68,,217067,53,0,18 14,1,30,,217068,53,0,18 14,1,70,,217069,53,0,18 14,1,30,,217070,53,0,18 14,1,70,,217071,53,0,18 14,1,30,,217072,53,0,18 14,1,67,,217076,53,0,18 14,1,99,,217073,53,0,18 14,1,100,,217074,53,0,18 14,1
10901,'109-Weekday-2-26-09-1111100',550,,217081,53,0,18 14,1,70,,217082,53,0,18 14,1,34,,217083,53,0,18 14,1,64,,217084,53,0,18 14,1,15,,217085,53,0,18 14,1,15,,217086,53,0,18 14,1,55,,217087,53,0,18 14,1,15,,217089,53,0,18 14,1,15,,217088,53,0,18 14,1,15,,217123,53,0,18 14,1,56,,217121,53,0,18 14,1,20,,217090,53,0,18 14,1,29,,217091,53,0,18 14,1,70,,217092,53,0,18 14,1,30,,217093,53,0,18 14,1,70,,217094,53,0,18 14,1,30,,217095,53,0,18 14,1,70,,217096,53,0,18 14,1,30,,217097,53,0,18 14,1,70,,217098,53,0,18 14,1,30,,217099,53,0,18 14,1,70,,217100,53,0,18 14,1,30,,217101,53,0,18 14,1,72,,217102,53,0,18 14,1,25,,217103,53,0,18 14,1,55,,217104,53,0,18 14,1,15,,217105,53,0,18 14,1,15,,217106,53,0,18 14,1,15,,217119,53,0,18 14,1,55,,217107,53,0,18 14,1,15,,217124,53,0,18 14,1,15,,217122,53,0,18 14,1,22,,217108,53,0,18 14,1,70,,217109,53,0,18 14,1,27,,217110,53,0,18 14,1,68,,217111,53,0,18 14,1,30,,217112,53,0,18 14,1,70,,217113,53,0,18 14,1,30,,217114,53,0,18 14,1,70,,217115,53,0,18 14,1,30,,217116,53,0,18 14,1,67,,217120,53,0,18 14,1,99,,217117,53,0,18 14,1,100,,217118,53,0,18 14,1
10901,'109-Weekday-4-26-09-1111100',550,,217125,53,0,18 14,1,70,,217126,53,0,18 14,1,34,,217127,53,0,18 14,1,64,,217128,53,0,18 14,1,15,,217129,53,0,18 14,1,15,,217130,53,0,18 14,1,55,,217131,53,0,18 14,1,15,,217133,53,0,18 14,1,15,,217132,53,0,18 14,1,15,,217167,53,0,18 14,1,56,,217165,53,0,18 14,1,20,,217134,53,0,18 14,1,29,,217135,53,0,18 14,1,70,,217136,53,0,18 14,1,30,,217137,53,0,18 14,1,70,,217138,53,0,18 14,1,30,,217139,53,0,18 14,1,70,,217140,53,0,18 14,1,30,,217141,53,0,18 14,1,70,,217142,53,0,18 14,1,30,,217143,53,0,18 14,1,70,,217144,53,0,18 14,1,30,,217145,53,0,18 14,1,72,,217146,53,0,18 14,1,25,,217147,53,0,18 14,1,55,,217148,53,0,18 14,1,15,,217149,53,0,18 14,1,15,,217150,53,0,18 14,1,15,,217163,53,0,18 14,1,55,,217151,53,0,18 14,1,15,,217168,53,0,18 14,1,15,,217166,53,0,18 14,1,22,,217152,53,0,18 14,1,70,,217153,53,0,18 14,1,27,,217154,53,0,18 14,1,68,,217155,53,0,18 14,1,30,,217156,53,0,18 14,1,70,,217157,53,0,18 14,1,30,,217158,53,0,18 14,1,70,,217159,53,0,18 14,1,30,,217160,53,0,18 14,1,67,,217164,53,0,18 14,1,99,,217161,53,0,18 14,1,100,,217162,53,0,18 14,1
10901,'109-Saturday-1-26-09-0000010',842,,217169,53,0,18 14,1,71,,217170,53,0,18 14,1,30,,217171,53,0,18 14,1,70,,217172,53,0,18 14,1,30,,217173,53,0,18 14,1,70,,217174,53,0,18 14,1,30,,217175,53,0,18 14,1,70,,217176,53,0,18 14,1,30,,217177,53,0,18 14,1,70,,217178,53,0,18 14,1,30,,217179,53,0,18 14,1,70,,217180,53,0,18 14,1,30,,217181,53,0,18 14,1,70,,217182,53,0,18 14,1,30,,217183,53,0,18 14,1,70,,217184,53,0,18 14,1,30,,217185,53,0,18 14,1,69,,217186,53,0,18 14,1,30,,217187,53,0,18 14,1,70,,217188,53,0,18 14,1,30,,217189,53,0,18 14,1,70,,217190,53,0,18 14,1,30,,217191,53,0,18 14,1,70,,217192,53,0,18 14,1,30,,217193,53,0,18 14,1,70,,217194,53,0,18 14,1,30,,217195,53,0,18 14,1,70,,217196,53,0,18 14,1
10901,'109-Sunday-1-26-09-0000001',1053,,217197,53,0,18 14,1,70,,217198,53,0,18 14,1,30,,217199,53,0,18 14,1,70,,217200,53,0,18 14,1,30,,217201,53,0,18 14,1,70,,217202,53,0,18 14,1,30,,217203,53,0,18 14,1,70,,217204,53,0,18 14,1,30,,217205,53,0,18 14,1,70,,217206,53,0,18 14,1,30,,217207,53,0,18 14,1,70,,217208,53,0,18 14,1,30,,217209,53,0,18 14,1,69,,217210,53,0,18 14,1,30,,217211,53,0,18 14,1,70,,217212,53,0,18 14,1,30,,217213,53,0,18 14,1,70,,217214,53,0,18 14,1
61501,'615-Weekday-1-26-09-0001000',1252,,227427,26,,,1
61501,'615-Weekday-1-26-09-1110100',1556,,227428,26,,,1
61801,'618-Weekday-1-26-09-1111100',823,,227449,38,,,1
68301,'683-Weekday-1-26-09-1111100',753,,227878,32,,,1,5,,227879,32,,,1,45,,227880,32,,,1,5,,227881,32,,,1
68301,'683-Weekday-3-26-09-1111100',753,,227882,32,,,1,5,,227883,32,,,1,45,,227884,32,,,1,5,,227885,32,,,1
