91701,'917-Weekday-1-26-04-0001000',1514,,127109,30,,,1
91701,'917-Weekday-1-26-04-1110100',1644,,127110,30,,,1
91701,'917-Weekday-1-26-04-1111100',515,,127111,30,,,1,30,,127112,30,,,1,70,,127150,30,,,1,31,,127152,30,,,1,70,,127151,30,,,1,30,,127113,30,,,1,70,,127146,30,,,1,30,,127114,30,,,1,71,,127115,30,,,1,30,,127116,30,,,1,70,,127117,30,,,1,30,,127118,30,,,1,70,,127119,30,,,1,30,,127120,30,,,1,70,,127121,30,,,1,30,,127122,30,,,1,70,,127123,30,,,1,30,,127124,30,,,1,70,,127125,30,,,1,30,,127126,30,,,1,74,,127127,30,,,1,31,,127149,30,,,1,55,,127128,30,,,1,15,,127129,30,,,1,15,,127130,30,,,1,15,,127147,30,,,1,55,,127131,30,,,1,15,,127132,30,,,1,15,,127133,30,,,1,15,,127148,30,,,1,55,,127134,30,,,1,15,,127135,30,,,1,26,,127136,30,,,1,69,,127137,30,,,1,30,,127138,30,,,1,70,,127139,30,,,1,30,,127140,30,,,1,70,,127141,30,,,1,30,,127142,30,,,1,69,,127143,30,,,1,100,,127144,30,,,1,100,,127145,30,,,1
91701,'917-Weekday-2-26-04-1110100',1644,,148333,30,,,1
91701,'917-Weekday-2-26-04-1111100',515,,148334,30,,,1,30,,148335,30,,,1,70,,148373,30,,,1,31,,148375,30,,,1,70,,148374,30,,,1,30,,148336,30,,,1,70,,148369,30,,,1,30,,148337,30,,,1,71,,148338,30,,,1,30,,148339,30,,,1,70,,148340,30,,,1,30,,148341,30,,,1,70,,148342,30,,,1,30,,148343,30,,,1,70,,148344,30,,,1,30,,148345,30,,,1,70,,148346,30,,,1,30,,148347,30,,,1,70,,148348,30,,,1,30,,148349,30,,,1,74,,148350,30,,,1,31,,148372,30,,,1,55,,148351,30,,,1,15,,148352,30,,,1,15,,148353,30,,,1,15,,148370,30,,,1,55,,148354,30,,,1,15,,148355,30,,,1,15,,148356,30,,,1,15,,148371,30,,,1,55,,148357,30,,,1,15,,148358,30,,,1,26,,148359,30,,,1,69,,148360,30,,,1,30,,148361,30,,,1,70,,148362,30,,,1,30,,148363,30,,,1,70,,148364,30,,,1,30,,148365,30,,,1,69,,148366,30,,,1,100,,148367,30,,,1,100,,148368,30,,,1
91701,'917-Weekday-3-26-04-1111100',515,,148376,30,,,1,30,,148377,30,,,1,70,,148415,30,,,1,31,,148417,30,,,1,70,,148416,30,,,1,30,,148378,30,,,1,70,,148411,30,,,1,30,,148379,30,,,1,71,,148380,30,,,1,30,,148381,30,,,1,70,,148382,30,,,1,30,,148383,30,,,1,70,,148384,30,,,1,30,,148385,30,,,1,70,,148386,30,,,1,30,,148387,30,,,1,70,,148388,30,,,1,30,,148389,30,,,1,70,,148390,30,,,1,30,,148391,30,,,1,74,,148392,30,,,1,31,,148414,30,,,1,55,,148393,30,,,1,15,,148394,30,,,1,15,,148395,30,,,1,15,,148412,30,,,1,55,,148396,30,,,1,15,,148397,30,,,1,15,,148398,30,,,1,15,,148413,30,,,1,55,,148399,30,,,1,15,,148400,30,,,1,26,,148401,30,,,1,69,,148402,30,,,1,30,,148403,30,,,1,70,,148404,30,,,1,30,,148405,30,,,1,70,,148406,30,,,1,30,,148407,30,,,1,69,,148408,30,,,1,100,,148409,30,,,1,100,,148410,30,,,1
91701,'917-Saturday-1-26-04-0000010',640,,127153,30,,,1,100,,127154,30,,,1,70,,127179,30,,,1,30,,127180,30,,,1,71,,127155,30,,,1,31,,127156,30,,,1,70,,127157,30,,,1,30,,127158,30,,,1,70,,127159,30,,,1,30,,127160,30,,,1,70,,127161,30,,,1,30,,127162,30,,,1,70,,127163,30,,,1,30,,127164,30,,,1,70,,127165,30,,,1,30,,127166,30,,,1,70,,127167,30,,,1,30,,127168,30,,,1,70,,127169,30,,,1,30,,127170,30,,,1,70,,127171,30,,,1,30,,127172,30,,,1,70,,127173,30,,,1,30,,127174,30,,,1,70,,127175,30,,,1,100,,127176,30,,,1,100,,127177,30,,,1,100,,127178,30,,,1
91701,'917-Sunday-1-26-04-0000001',637,,127181,30,,,1,100,,127182,30,,,1,100,,127183,30,,,1,102,,127184,30,,,1,103,,127185,30,,,1,70,,127186,30,,,1,30,,127187,30,,,1,70,,127188,30,,,1,30,,127189,30,,,1,70,,127190,30,,,1,30,,127191,30,,,1,70,,127192,30,,,1,30,,127193,30,,,1,70,,127194,30,,,1,30,,127195,30,,,1,70,,127196,30,,,1,30,,127197,30,,,1,70,,127198,30,,,1,31,,127199,30,,,1,70,,127200,30,,,1,30,,127201,30,,,1,70,,127202,30,,,1,30,,127203,30,,,1,100,,127204,30,,,1
24093000,'930X-Weekday-1-26-04-1111100',610,,129689,20,,,1,30,,129690,20,,,1,15,,129691,20,,,1,55,,129694,20,,,1,15,,129692,20,,,1,15,,129693,20,,,1,15,,129688,20,,,1,55,,129695,20,,,1,15,,129686,20,,,1,15,,129687,20,,,1,15,,129696,20,,,1,55,,129697,20,,,1
24093000,'930X-Weekday-2-26-04-1111100',610,,151373,20,,,1,30,,151374,20,,,1,15,,151375,20,,,1,55,,151378,20,,,1,15,,151376,20,,,1,15,,151377,20,,,1,15,,151372,20,,,1,55,,151379,20,,,1,15,,151370,20,,,1,15,,151371,20,,,1,15,,151380,20,,,1,55,,151381,20,,,1
24093000,'930X-Weekday-3-26-04-1111100',610,,151385,20,,,1,30,,151386,20,,,1,15,,151387,20,,,1,55,,151390,20,,,1,15,,151388,20,,,1,15,,151389,20,,,1,15,,151384,20,,,1,55,,151391,20,,,1,15,,151382,20,,,1,15,,151383,20,,,1,15,,151392,20,,,1,55,,151393,20,,,1
