56001,'560-Weekday-1-26-09-1111100',1702,,227274,3,4,,1,20,,227277,3,4,,1,20,,227279,3,4,,1,75,,227282,3,4,,1,15,,227283,3,4,,1,15,,227287,3,4,,1,77,,227285,3,4,,1,296,,227280,3,4,,1
56001,'560-Weekday-2-26-09-1111100',1702,,227312,3,4,,1,20,,227315,3,4,,1,20,,227317,3,4,,1,75,,227320,3,4,,1,15,,227321,3,4,,1,15,,227325,3,4,,1,77,,227323,3,4,,1,296,,227318,3,4,,1
56001,'560-Weekday-4-26-09-1111100',1702,,227350,3,4,,1,20,,227353,3,4,,1,20,,227355,3,4,,1,75,,227358,3,4,,1,15,,227359,3,4,,1,15,,227363,3,4,,1,77,,227361,3,4,,1,296,,227356,3,4,,1
90600,'906-Weekday-1-26-09-1111100',553,,237822,31,,,1,70,,237823,31,,,1,34,,237824,31,,,1,70,,237825,31,,,1,30,,237826,31,,,1,70,,237827,31,,,1,30,,237828,31,,,1,70,,237829,31,,,1,602,,237830,31,,,1,30,,237831,31,,,1,70,,237832,31,,,1,30,,237833,31,,,1,70,,237834,31,,,1,30,,237835,31,,,1
90600,'906-Weekday-2-26-09-1111100',553,,237836,31,,,1,70,,237837,31,,,1,34,,237838,31,,,1,70,,237839,31,,,1,30,,237840,31,,,1,70,,237841,31,,,1,30,,237842,31,,,1,70,,237843,31,,,1,602,,237844,31,,,1,30,,237845,31,,,1,70,,237846,31,,,1,30,,237847,31,,,1,70,,237848,31,,,1,30,,237849,31,,,1
90600,'906-Weekday-4-26-09-1111100',553,,237850,31,,,1,70,,237851,31,,,1,34,,237852,31,,,1,70,,237853,31,,,1,30,,237854,31,,,1,70,,237855,31,,,1,30,,237856,31,,,1,70,,237857,31,,,1,602,,237858,31,,,1,30,,237859,31,,,1,70,,237860,31,,,1,30,,237861,31,,,1,70,,237862,31,,,1,30,,237863,31,,,1
90700,'907-Weekday-1-26-09-1111100',547,,237900,33,,,1,70,,237901,33,,,1,34,,237902,33,,,1,55,,237903,33,,,1,15,,237904,33,,,1,15,,237905,33,,,1,15,,237906,33,,,1,55,,237907,33,,,1,15,,237908,33,,,1,15,,237909,33,,,1,15,,237910,33,,,1,68,,237911,33,,,1,30,,237912,33,,,1,70,,237913,33,,,1,30,,237914,33,,,1,70,,237915,33,,,1,30,,237916,33,,,1,70,,237917,33,,,1,30,,237918,33,,,1,70,,237919,33,,,1,30,,237920,33,,,1,70,,237921,33,,,1,30,,237922,33,,,1,73,,237923,33,,,1,30,,237924,33,,,1,55,,237925,33,,,1,15,,237926,33,,,1,15,,237927,33,,,1,15,,237928,33,,,1,55,,237929,33,,,1,15,,237930,33,,,1,15,,237931,33,,,1,15,,237932,33,,,1,70,,237933,33,,,1,25,,237934,33,,,1,70,,237935,33,,,1,30,,237936,33,,,1,70,,237937,33,,,1,30,,237938,33,,,1,70,,237939,33,,,1,30,,237940,33,,,1,70,,237941,33,,,1,100,,237942,33,,,1,100,,237943,33,,,1
90700,'907-Weekday-2-26-09-1111100',547,,237944,33,,,1,70,,237945,33,,,1,34,,237946,33,,,1,55,,237947,33,,,1,15,,237948,33,,,1,15,,237949,33,,,1,15,,237950,33,,,1,55,,237951,33,,,1,15,,237952,33,,,1,15,,237953,33,,,1,15,,237954,33,,,1,68,,237955,33,,,1,30,,237956,33,,,1,70,,237957,33,,,1,30,,237958,33,,,1,70,,237959,33,,,1,30,,237960,33,,,1,70,,237961,33,,,1,30,,237962,33,,,1,70,,237963,33,,,1,30,,237964,33,,,1,70,,237965,33,,,1,30,,237966,33,,,1,73,,237967,33,,,1,30,,237968,33,,,1,55,,237969,33,,,1,15,,237970,33,,,1,15,,237971,33,,,1,15,,237972,33,,,1,55,,237973,33,,,1,15,,237974,33,,,1,15,,237975,33,,,1,15,,237976,33,,,1,70,,237977,33,,,1,25,,237978,33,,,1,70,,237979,33,,,1,30,,237980,33,,,1,70,,237981,33,,,1,30,,237982,33,,,1,70,,237983,33,,,1,30,,237984,33,,,1,70,,237985,33,,,1,100,,237986,33,,,1,100,,237987,33,,,1
90700,'907-Weekday-4-26-09-1111100',547,,237988,33,,,1,70,,237989,33,,,1,34,,237990,33,,,1,55,,237991,33,,,1,15,,237992,33,,,1,15,,237993,33,,,1,15,,237994,33,,,1,55,,237995,33,,,1,15,,237996,33,,,1,15,,237997,33,,,1,15,,237998,33,,,1,68,,237999,33,,,1,30,,238000,33,,,1,70,,238001,33,,,1,30,,238002,33,,,1,70,,238003,33,,,1,30,,238004,33,,,1,70,,238005,33,,,1,30,,238006,33,,,1,70,,238007,33,,,1,30,,238008,33,,,1,70,,238009,33,,,1,30,,238010,33,,,1,73,,238011,33,,,1,30,,238012,33,,,1,55,,238013,33,,,1,15,,238014,33,,,1,15,,238015,33,,,1,15,,238016,33,,,1,55,,238017,33,,,1,15,,238018,33,,,1,15,,238019,33,,,1,15,,238020,33,,,1,70,,238021,33,,,1,25,,238022,33,,,1,70,,238023,33,,,1,30,,238024,33,,,1,70,,238025,33,,,1,30,,238026,33,,,1,70,,238027,33,,,1,30,,238028,33,,,1,70,,238029,33,,,1,100,,238030,33,,,1,100,,238031,33,,,1
90700,'907-Saturday-1-26-09-0000010',717,,238032,33,,,1,100,,238033,33,,,1,30,,238038,33,,,1,74,,238039,33,,,1,30,,238040,33,,,1,70,,238041,33,,,1,30,,238042,33,,,1,70,,238043,33,,,1,30,,238044,33,,,1,72,,238045,33,,,1,30,,238046,33,,,1,70,,238047,33,,,1,30,,238048,33,,,1,70,,238049,33,,,1,30,,238050,33,,,1,70,,238051,33,,,1,30,,238052,33,,,1,70,,238053,33,,,1,30,,238054,33,,,1,70,,238055,33,,,1,30,,238056,33,,,1,70,,238057,33,,,1,30,,238058,33,,,1,68,,238034,33,,,1,100,,238035,33,,,1,100,,238036,33,,,1,100,,238037,33,,,1
90700,'907-Sunday-1-26-09-0000001',1024,,238059,33,,,1,30,,238060,33,,,1,70,,238061,33,,,1,30,,238062,33,,,1,70,,238063,33,,,1,30,,238064,33,,,1,70,,238065,33,,,1,30,,238066,33,,,1,70,,238067,33,,,1,30,,238068,33,,,1,70,,238069,33,,,1,30,,238070,33,,,1,70,,238071,33,,,1,30,,238072,33,,,1,69,,238073,33,,,1,30,,238074,33,,,1,70,,238075,33,,,1,30,,238076,33,,,1,70,,238077,33,,,1
