'DX-518-Weekday-1-25-09-0001000',51801,123200,,'',1
'DX-518-Weekday-1-25-09-1111100',51800,55600,4,'',1,7000,4,'',1,2400,4,'',1,5800,4,'',1,1200,4,'',1,1200,4,'',1,1200,4,'',1,1100,4,'',1,100,4,'',1,5200,4,'',1,1200,4,'',1,1200,4,'',1,1200,4,'',1,1200,4,'',1,5200,4,'',1,1200,4,'',1,2000,4,'',1,6200,4,'',1,3000,4,'',1,7000,4,'',1,3000,4,'',1,7000,4,'',1,3000,4,'',1,7000,4,'',1,3000,4,'',1,7000,4,'',1,3000,4,'',1,7000,4,'',1,3500,4,'',1,1300,4,'',1,5200,4,'',1,1200,4,'',1,1200,4,'',1,1200,4,'',1,1200,4,'',1,5200,4,'',1,1200,4,'',1,1200,4,'',1,1200,4,'',1,1200,4,'',1,5200,4,'',1,1200,4,'',1,1200,4,'',1,1100,4,'',1,6600,4,'',1,2900,4,'',1,7000,4,'',1,3000,4,'',1,7000,4,'',1,3000,4,'',1,7000,4,'',1,2700,4,'',1,8300,4,'',1,10000,4,'',1
'DX-518-Weekday-1-25-09-1111100',51801,51700,,'',1,3000,,'',1,6300,,'',1,2000,,'',1,1200,,'',1,1200,,'',1,5200,,'',1,1200,,'',1,1200,,'',1,1200,,'',1,1200,,'',1,5200,,'',1,1200,,'',1,1200,,'',1,1200,,'',1,7500,,'',1,3000,,'',1,7000,,'',1,3000,,'',1,7000,,'',1,3000,,'',1,7000,,'',1,3000,,'',1,7000,,'',1,3000,,'',1,7000,,'',1,3000,,'',1,1200,,'',1,5200,,'',1,1200,,'',1,1200,,'',1,500,,'',1,700,,'',1,1200,,'',1,5200,,'',1,1200,,'',1,1200,,'',1,1200,,'',1,1200,,'',1,5200,,'',1,1200,,'',1,1200,,'',1,1200,,'',1,1200,,'',1,5800,,'',1,3000,,'',1,7000,,'',1,3000,,'',1,7000,,'',1,3000,,'',1,7000,,'',1,3000,,'',1,10000,,'',1,10000,,'',1
'DX-518-Weekday-2-25-09-1111100',51800,55600,4,'',1,7000,4,'',1,2400,4,'',1,5800,4,'',1,1200,4,'',1,1200,4,'',1,1200,4,'',1,1200,4,'',1,5200,4,'',1,1200,4,'',1,1200,4,'',1,1200,4,'',1,1200,4,'',1,5200,4,'',1,1200,4,'',1,2000,4,'',1,6200,4,'',1,3000,4,'',1,7000,4,'',1,3000,4,'',1,7000,4,'',1,3000,4,'',1,7000,4,'',1,3000,4,'',1,7000,4,'',1,3000,4,'',1,7000,4,'',1,3500,4,'',1,1300,4,'',1,5200,4,'',1,1200,4,'',1,1200,4,'',1,1200,4,'',1,1200,4,'',1,5200,4,'',1,1200,4,'',1,1200,4,'',1,1200,4,'',1,1200,4,'',1,5200,4,'',1,1200,4,'',1,1200,4,'',1,1100,4,'',1,6600,4,'',1,2900,4,'',1,7000,4,'',1,3000,4,'',1,7000,4,'',1,3000,4,'',1,7000,4,'',1,2700,4,'',1,8300,4,'',1,10000,4,'',1
'DX-518-Weekday-2-25-09-1111100',51801,51700,,'',1,3000,,'',1,6300,,'',1,2000,,'',1,1200,,'',1,1200,,'',1,5200,,'',1,1200,,'',1,1200,,'',1,1200,,'',1,1200,,'',1,5200,,'',1,1200,,'',1,1200,,'',1,1200,,'',1,7500,,'',1,3000,,'',1,7000,,'',1,3000,,'',1,7000,,'',1,3000,,'',1,7000,,'',1,3000,,'',1,7000,,'',1,3000,,'',1,7000,,'',1,3000,,'',1,1200,,'',1,5200,,'',1,1200,,'',1,1200,,'',1,1200,,'',1,1200,,'',1,5200,,'',1,1200,,'',1,1200,,'',1,1200,,'',1,1200,,'',1,5200,,'',1,1200,,'',1,1200,,'',1,1200,,'',1,1200,,'',1,5800,,'',1,3000,,'',1,7000,,'',1,3000,,'',1,7000,,'',1,3000,,'',1,7000,,'',1,3000,,'',1,10000,,'',1,10000,,'',1
'DX-518-Weekday-8-25-09-0001000',51801,123200,,'',1
'DX-518-Weekday-8-25-09-1111100',51800,55600,4,'',1,7000,4,'',1,2400,4,'',1,5800,4,'',1,1200,4,'',1,1200,4,'',1,1200,4,'',1,1100,4,'',1,100,4,'',1,5200,4,'',1,1200,4,'',1,1200,4,'',1,1200,4,'',1,1200,4,'',1,5200,4,'',1,1200,4,'',1,2000,4,'',1,6200,4,'',1,3000,4,'',1,7000,4,'',1,3000,4,'',1,7000,4,'',1,3000,4,'',1,7000,4,'',1,3000,4,'',1,7000,4,'',1,3000,4,'',1,7000,4,'',1,3500,4,'',1,1300,4,'',1,5200,4,'',1,1200,4,'',1,1200,4,'',1,1200,4,'',1,1200,4,'',1,5200,4,'',1,1200,4,'',1,1200,4,'',1,1200,4,'',1,1200,4,'',1,5200,4,'',1,1200,4,'',1,1200,4,'',1,1100,4,'',1,6600,4,'',1,2900,4,'',1,7000,4,'',1,3000,4,'',1,7000,4,'',1,3000,4,'',1,7000,4,'',1,2700,4,'',1,8300,4,'',1,10000,4,'',1
'DX-518-Weekday-8-25-09-1111100',51801,51700,,'',1,3000,,'',1,6300,,'',1,2000,,'',1,1200,,'',1,1200,,'',1,5200,,'',1,1200,,'',1,1200,,'',1,1200,,'',1,1200,,'',1,5200,,'',1,1200,,'',1,1200,,'',1,1200,,'',1,7500,,'',1,3000,,'',1,7000,,'',1,3000,,'',1,7000,,'',1,3000,,'',1,7000,,'',1,3000,,'',1,7000,,'',1,3000,,'',1,7000,,'',1,3000,,'',1,1200,,'',1,5200,,'',1,1200,,'',1,1200,,'',1,500,,'',1,700,,'',1,1200,,'',1,5200,,'',1,1200,,'',1,1200,,'',1,1200,,'',1,1200,,'',1,5200,,'',1,1200,,'',1,1200,,'',1,1200,,'',1,1200,,'',1,5800,,'',1,3000,,'',1,7000,,'',1,3000,,'',1,7000,,'',1,3000,,'',1,7000,,'',1,3000,,'',1,10000,,'',1,10000,,'',1
'SA-518-Saturday-1-25-09-0000010',51800,64800,4,'',1,10000,4,'',1,10000,4,'',1,7200,4,'',1,3600,4,'',1,7000,4,'',1,3000,4,'',1,7000,4,'',1,3000,4,'',1,7000,4,'',1,3000,4,'',1,7000,4,'',1,3000,4,'',1,7000,4,'',1,3000,4,'',1,7000,4,'',1,3000,4,'',1,7000,4,'',1,3000,4,'',1,6900,4,'',1,2700,4,'',1,7000,4,'',1,3000,4,'',1,7000,4,'',1,3000,4,'',1,7000,4,'',1,3000,4,'',1,7000,4,'',1,3000,4,'',1,7000,4,'',1,3000,4,'',1,10000,4,'',1,10000,4,'',1
'SA-518-Saturday-1-25-09-0000010',51801,61500,,'',1,10000,,'',1,8500,,'',1,3000,,'',1,7000,,'',1,3000,,'',1,7000,,'',1,3000,,'',1,7000,,'',1,3000,,'',1,7000,,'',1,3000,,'',1,7000,,'',1,3000,,'',1,7000,,'',1,3000,,'',1,7000,,'',1,3000,,'',1,7000,,'',1,3000,,'',1,7000,,'',1,3000,,'',1,7000,,'',1,3000,,'',1,7000,,'',1,3000,,'',1,7000,,'',1,3000,,'',1,7000,,'',1,3000,,'',1,7000,,'',1,10000,,'',1,10000,,'',1
'SU-518-Sunday-1-25-09-0000001',51800,65700,4,'',1,10000,4,'',1,10000,4,'',1,10200,4,'',1,8700,4,'',1,7000,4,'',1,3000,4,'',1,7000,4,'',1,3000,4,'',1,7000,4,'',1,3000,4,'',1,7000,4,'',1,3000,4,'',1,7000,4,'',1,3000,4,'',1,7000,4,'',1,3000,4,'',1,6900,4,'',1,2900,4,'',1,7000,4,'',1,3000,4,'',1,7000,4,'',1,4000,4,'',1,10000,4,'',1,10000,4,'',1,10000,4,'',1,10000,4,'',1
'SU-518-Sunday-1-25-09-0000001',51801,60800,,'',1,10000,,'',1,10000,,'',1,10000,,'',1,4500,,'',1,7000,,'',1,3000,,'',1,7000,,'',1,3000,,'',1,7000,,'',1,3000,,'',1,7000,,'',1,3000,,'',1,7000,,'',1,3000,,'',1,7000,,'',1,3000,,'',1,7000,,'',1,3200,,'',1,7000,,'',1,3000,,'',1,7700,,'',1,8600,,'',1,9900,,'',1,10000,,'',1,10000,,'',1,10000,,'',1
