65900,'659-Weekday-1-26-09-0001000',1246,,227702,17,,,1
65900,'659-Weekday-1-26-09-1110100',1538,,227704,17,,,1,2,,227703,17,,,1
66700,'667-Weekday-1-26-09-0001000',1446,,227776,21,,,1,3,,227777,21,,,1
66700,'667-Weekday-1-26-09-1110100',1525,,227778,21,,,1,3,,227779,21,,,1
66700,'667-Weekday-3-26-09-1110100',1525,,227780,21,,,1,3,,227781,21,,,1
71900,'719-Weekday-1-26-09-1111100',502,,233411,30,,,1,30,,233413,30,,,1,70,,233366,30,,,1,8,,233414,30,,,1,7,,233422,30,,,1,9,,233437,30,,,1,8,,233434,30,,,1,10,,233412,30,,,1,10,,233367,30,,,1,50,,233438,30,,,1,14,,233420,30,,,1,8,,233426,30,,,1,7,,233368,30,,,1,8,,233427,30,,,1,7,,233435,30,,,1,8,,233432,30,,,1,47,,233369,30,,,1,8,,233428,30,,,1,7,,233371,30,,,1,7,,233429,30,,,1,6,,233370,30,,,1,6,,233430,30,,,1,6,,233436,30,,,1,8,,233439,30,,,1,8,,233421,30,,,1,59,,233372,30,,,1,18,,233373,30,,,1,20,,233374,30,,,1,60,,233375,30,,,1,20,,233376,30,,,1,20,,233377,30,,,1,60,,233378,30,,,1,20,,233379,30,,,1,20,,233380,30,,,1,60,,233381,30,,,1,20,,233382,30,,,1,20,,233383,30,,,1,60,,233384,30,,,1,20,,233385,30,,,1,20,,233386,30,,,1,60,,233387,30,,,1,20,,233388,30,,,1,20,,233389,30,,,1,61,,233390,30,,,1,25,,233391,30,,,1,61,,233392,30,,,1,20,,233393,30,,,1,20,,233433,30,,,1,60,,233423,30,,,1,20,,233394,30,,,1,20,,233396,30,,,1,60,,233395,30,,,1,20,,233397,30,,,1,20,,233398,30,,,1,16,,233399,30,,,1,58,,233400,30,,,1,20,,233401,30,,,1,20,,233402,30,,,1,60,,233403,30,,,1,20,,233404,30,,,1,20,,233405,30,,,1,60,,233406,30,,,1,20,,233407,30,,,1,20,,233415,30,,,1,67,,233408,30,,,1,99,,233409,30,,,1,100,,233410,30,,,1
71900,'719-Weekday-2-26-09-1111100',502,,233487,30,,,1,30,,233489,30,,,1,70,,233442,30,,,1,8,,233490,30,,,1,7,,233498,30,,,1,9,,233513,30,,,1,8,,233510,30,,,1,10,,233488,30,,,1,10,,233443,30,,,1,50,,233514,30,,,1,14,,233496,30,,,1,8,,233502,30,,,1,7,,233444,30,,,1,8,,233503,30,,,1,7,,233511,30,,,1,8,,233508,30,,,1,47,,233445,30,,,1,8,,233504,30,,,1,7,,233447,30,,,1,7,,233505,30,,,1,6,,233446,30,,,1,6,,233506,30,,,1,6,,233512,30,,,1,8,,233515,30,,,1,8,,233497,30,,,1,59,,233448,30,,,1,18,,233449,30,,,1,20,,233450,30,,,1,60,,233451,30,,,1,20,,233452,30,,,1,20,,233453,30,,,1,60,,233454,30,,,1,20,,233455,30,,,1,20,,233456,30,,,1,60,,233457,30,,,1,20,,233458,30,,,1,20,,233459,30,,,1,60,,233460,30,,,1,20,,233461,30,,,1,20,,233462,30,,,1,60,,233463,30,,,1,20,,233464,30,,,1,20,,233465,30,,,1,61,,233466,30,,,1,25,,233467,30,,,1,61,,233468,30,,,1,20,,233469,30,,,1,20,,233509,30,,,1,60,,233499,30,,,1,20,,233470,30,,,1,20,,233472,30,,,1,60,,233471,30,,,1,20,,233473,30,,,1,20,,233474,30,,,1,16,,233475,30,,,1,58,,233476,30,,,1,20,,233477,30,,,1,20,,233478,30,,,1,60,,233479,30,,,1,20,,233480,30,,,1,20,,233481,30,,,1,60,,233482,30,,,1,20,,233483,30,,,1,20,,233491,30,,,1,67,,233484,30,,,1,99,,233485,30,,,1,100,,233486,30,,,1
71900,'719-Weekday-4-26-09-1111100',502,,233563,30,,,1,30,,233565,30,,,1,70,,233518,30,,,1,8,,233566,30,,,1,7,,233574,30,,,1,9,,233589,30,,,1,8,,233586,30,,,1,10,,233564,30,,,1,10,,233519,30,,,1,50,,233590,30,,,1,14,,233572,30,,,1,8,,233578,30,,,1,7,,233520,30,,,1,8,,233579,30,,,1,7,,233587,30,,,1,8,,233584,30,,,1,47,,233521,30,,,1,8,,233580,30,,,1,7,,233523,30,,,1,7,,233581,30,,,1,6,,233522,30,,,1,6,,233582,30,,,1,6,,233588,30,,,1,8,,233591,30,,,1,8,,233573,30,,,1,59,,233524,30,,,1,18,,233525,30,,,1,20,,233526,30,,,1,60,,233527,30,,,1,20,,233528,30,,,1,20,,233529,30,,,1,60,,233530,30,,,1,20,,233531,30,,,1,20,,233532,30,,,1,60,,233533,30,,,1,20,,233534,30,,,1,20,,233535,30,,,1,60,,233536,30,,,1,20,,233537,30,,,1,20,,233538,30,,,1,60,,233539,30,,,1,20,,233540,30,,,1,20,,233541,30,,,1,61,,233542,30,,,1,25,,233543,30,,,1,61,,233544,30,,,1,20,,233545,30,,,1,20,,233585,30,,,1,60,,233575,30,,,1,20,,233546,30,,,1,20,,233548,30,,,1,60,,233547,30,,,1,20,,233549,30,,,1,20,,233550,30,,,1,16,,233551,30,,,1,58,,233552,30,,,1,20,,233553,30,,,1,20,,233554,30,,,1,60,,233555,30,,,1,20,,233556,30,,,1,20,,233557,30,,,1,60,,233558,30,,,1,20,,233559,30,,,1,20,,233567,30,,,1,67,,233560,30,,,1,99,,233561,30,,,1,100,,233562,30,,,1
71900,'719-Saturday-1-26-09-0000010',610,,233594,30,,,1,30,,233595,30,,,1,70,,233596,30,,,1,30,,233597,30,,,1,70,,233598,30,,,1,30,,233599,30,,,1,72,,233600,30,,,1,34,,233601,30,,,1,70,,233602,30,,,1,30,,233603,30,,,1,70,,233604,30,,,1,30,,233605,30,,,1,70,,233606,30,,,1,30,,233607,30,,,1,70,,233608,30,,,1,30,,233609,30,,,1,70,,233610,30,,,1,30,,233611,30,,,1,70,,233612,30,,,1,30,,233613,30,,,1,70,,233614,30,,,1,30,,233615,30,,,1,68,,233616,30,,,1,29,,233617,30,,,1,70,,233618,30,,,1,30,,233619,30,,,1,70,,233620,30,,,1,30,,233621,30,,,1,70,,233622,30,,,1,30,,233623,30,,,1,70,,233624,30,,,1,30,,233625,30,,,1,70,,233626,30,,,1,30,,233627,30,,,1,70,,233628,30,,,1,30,,233629,30,,,1,70,,233630,30,,,1
71900,'719-Sunday-1-26-09-0000001',611,,233631,30,,,1,100,,233632,30,,,1,100,,233633,30,,,1,102,,233634,30,,,1,102,,233635,30,,,1,100,,233636,30,,,1,30,,233637,30,,,1,70,,233638,30,,,1,30,,233639,30,,,1,70,,233640,30,,,1,30,,233641,30,,,1,70,,233642,30,,,1,30,,233643,30,,,1,70,,233644,30,,,1,30,,233645,30,,,1,70,,233646,30,,,1,30,,233647,30,,,1,68,,233648,30,,,1,29,,233649,30,,,1,70,,233650,30,,,1,30,,233651,30,,,1,70,,233652,30,,,1,30,,233653,30,,,1,85,,233654,30,,,1,100,,233655,30,,,1,100,,233656,30,,,1,100,,233657,30,,,1,100,,233658,30,,,1
