50601,'506-Weekday-1-26-09-1111100',537,,222159,20,,,1,69,,222120,20,,,1,30,,222121,20,,,1,73,,222122,20,,,1,16,,222123,20,,,1,15,,222160,20,,,1,15,,222124,20,,,1,55,,222125,20,,,1,15,,222126,20,,,1,15,,222162,20,,,1,15,,222163,20,,,1,55,,222127,20,,,1,29,,222128,20,,,1,70,,222129,20,,,1,30,,222130,20,,,1,70,,222131,20,,,1,30,,222132,20,,,1,70,,222133,20,,,1,30,,222134,20,,,1,70,,222135,20,,,1,30,,222136,20,,,1,70,,222137,20,,,1,30,,222138,20,,,1,72,,222139,20,,,1,35,,222140,20,,,1,70,,222141,20,,,1,15,,222142,20,,,1,15,,222161,20,,,1,55,,222143,20,,,1,15,,222144,20,,,1,15,,222145,20,,,1,15,,222164,20,,,1,55,,222165,20,,,1,15,,222146,20,,,1,28,,222147,20,,,1,65,,222148,20,,,1,29,,222149,20,,,1,70,,222150,20,,,1,30,,222151,20,,,1,70,,222152,20,,,1,30,,222153,20,,,1,69,,222154,20,,,1,28,,222155,20,,,1,69,,222156,20,,,1,100,,222157,20,,,1
50601,'506-Weekday-2-26-09-1111100',537,,222207,20,,,1,69,,222168,20,,,1,30,,222169,20,,,1,73,,222170,20,,,1,16,,222171,20,,,1,15,,222208,20,,,1,15,,222172,20,,,1,55,,222173,20,,,1,15,,222174,20,,,1,15,,222210,20,,,1,15,,222211,20,,,1,55,,222175,20,,,1,29,,222176,20,,,1,70,,222177,20,,,1,30,,222178,20,,,1,70,,222179,20,,,1,30,,222180,20,,,1,70,,222181,20,,,1,30,,222182,20,,,1,70,,222183,20,,,1,30,,222184,20,,,1,70,,222185,20,,,1,30,,222186,20,,,1,72,,222187,20,,,1,35,,222188,20,,,1,70,,222189,20,,,1,15,,222190,20,,,1,15,,222209,20,,,1,55,,222191,20,,,1,15,,222192,20,,,1,15,,222193,20,,,1,15,,222212,20,,,1,55,,222213,20,,,1,15,,222194,20,,,1,28,,222195,20,,,1,65,,222196,20,,,1,29,,222197,20,,,1,70,,222198,20,,,1,30,,222199,20,,,1,70,,222200,20,,,1,30,,222201,20,,,1,69,,222202,20,,,1,28,,222203,20,,,1,69,,222204,20,,,1,100,,222205,20,,,1
50601,'506-Weekday-4-26-09-1111100',537,,222255,20,,,1,69,,222216,20,,,1,30,,222217,20,,,1,73,,222218,20,,,1,16,,222219,20,,,1,15,,222256,20,,,1,15,,222220,20,,,1,55,,222221,20,,,1,15,,222222,20,,,1,15,,222258,20,,,1,15,,222259,20,,,1,55,,222223,20,,,1,29,,222224,20,,,1,70,,222225,20,,,1,30,,222226,20,,,1,70,,222227,20,,,1,30,,222228,20,,,1,70,,222229,20,,,1,30,,222230,20,,,1,70,,222231,20,,,1,30,,222232,20,,,1,70,,222233,20,,,1,30,,222234,20,,,1,72,,222235,20,,,1,35,,222236,20,,,1,70,,222237,20,,,1,15,,222238,20,,,1,15,,222257,20,,,1,55,,222239,20,,,1,15,,222240,20,,,1,15,,222241,20,,,1,15,,222260,20,,,1,55,,222261,20,,,1,15,,222242,20,,,1,28,,222243,20,,,1,65,,222244,20,,,1,29,,222245,20,,,1,70,,222246,20,,,1,30,,222247,20,,,1,70,,222248,20,,,1,30,,222249,20,,,1,69,,222250,20,,,1,28,,222251,20,,,1,69,,222252,20,,,1,100,,222253,20,,,1
50601,'506-Saturday-1-26-09-0000010',553,,222262,20,,,1,100,,222263,20,,,1,100,,222264,20,,,1,70,,222265,20,,,1,28,,222266,20,,,1,70,,222267,20,,,1,33,,222268,20,,,1,70,,222269,20,,,1,30,,222270,20,,,1,70,,222271,20,,,1,30,,222272,20,,,1,70,,222273,20,,,1,30,,222274,20,,,1,70,,222275,20,,,1,30,,222276,20,,,1,70,,222277,20,,,1,30,,222278,20,,,1,70,,222279,20,,,1,30,,222280,20,,,1,70,,222281,20,,,1,30,,222282,20,,,1,70,,222283,20,,,1,29,,222284,20,,,1,70,,222285,20,,,1,30,,222286,20,,,1,70,,222287,20,,,1,30,,222288,20,,,1,85,,222289,20,,,1,100,,222290,20,,,1,100,,222291,20,,,1,100,,222292,20,,,1
50601,'506-Sunday-1-26-09-0000001',556,,222294,20,,,1,98,,222295,20,,,1,100,,222296,20,,,1,100,,222297,20,,,1,100,,222298,20,,,1,70,,222299,20,,,1,30,,222300,20,,,1,70,,222301,20,,,1,30,,222302,20,,,1,70,,222303,20,,,1,30,,222304,20,,,1,70,,222305,20,,,1,30,,222306,20,,,1,70,,222307,20,,,1,30,,222308,20,,,1,70,,222309,20,,,1,30,,222310,20,,,1,70,,222311,20,,,1,30,,222312,20,,,1,70,,222313,20,,,1,31,,222314,20,,,1,70,,222315,20,,,1,30,,222316,20,,,1,85,,222317,20,,,1,100,,222318,20,,,1,100,,222319,20,,,1,100,,222320,20,,,1,100,,222321,20,,,1
63100,'631-Weekday-1-26-09-1111100',746,,227574,21,,,1
63100,'631-Weekday-3-26-09-1111100',746,,227575,21,,,1
63400,'634-Weekday-1-26-09-0000100',934,,227590,20,,,1
63400,'634-Weekday-1-26-09-1111000',807,,227591,20,,,1,2,,227592,20,,,1
63400,'634-Weekday-3-26-09-1111000',807,,227593,20,,,1,2,,227594,20,,,1
