61801,'618-Weekday-1-26-02-1111100',806,,9990,,,1
61801,'618-Weekday-2-26-02-1111100',806,,61720,,,1
61801,'618-Weekday-5-26-02-1111100',806,,61721,,,1
61801,'618-Weekday-6-26-02-1111100',806,,61722,,,1
61801,'618-Weekday-8-26-02-1111100',806,,61723,,,1
68301,'683-Weekday-1-26-02-1111100',743,,10277,,,1,5,,10278,,,1,5,,10279,,,1
68301,'683-Weekday-2-26-02-1111100',743,,62648,,,1,5,,62649,,,1,5,,62650,,,1
68301,'683-Weekday-4-26-02-1111100',743,,62651,,,1,5,,62652,,,1,5,,62653,,,1
68301,'683-Weekday-5-26-02-1111100',743,,62654,,,1,5,,62655,,,1,5,,62656,,,1
68301,'683-Weekday-6-26-02-1111100',743,,62657,,,1,5,,62658,,,1
68301,'683-Weekday-8-26-02-1111100',743,,62659,,,1,5,,62660,,,1
