10901,'109-Weekday-1-26-09-1111100',537,,217037,29,0,18 14,1,70,,217038,29,0,18 14,1,33,,217039,29,0,18 14,1,64,,217040,29,0,18 14,1,15,,217041,29,0,18 14,1,15,,217042,29,0,18 14,1,15,,217043,29,0,18 14,1,55,,217045,29,0,18 14,1,15,,217044,29,0,18 14,1,15,,217079,29,0,18 14,1,16,,217077,29,0,18 14,1,61,,217046,29,0,18 14,1,29,,217047,29,0,18 14,1,70,,217048,29,0,18 14,1,30,,217049,29,0,18 14,1,70,,217050,29,0,18 14,1,30,,217051,29,0,18 14,1,70,,217052,29,0,18 14,1,30,,217053,29,0,18 14,1,70,,217054,29,0,18 14,1,30,,217055,29,0,18 14,1,70,,217056,29,0,18 14,1,30,,217057,29,0,18 14,1,72,,217058,29,0,18 14,1,25,,217059,29,0,18 14,1,15,,217060,29,0,18 14,1,55,,217061,29,0,18 14,1,15,,217062,29,0,18 14,1,15,,217075,29,0,18 14,1,15,,217063,29,0,18 14,1,55,,217080,29,0,18 14,1,15,,217078,29,0,18 14,1,22,,217064,29,0,18 14,1,70,,217065,29,0,18 14,1,27,,217066,29,0,18 14,1,68,,217067,29,0,18 14,1,30,,217068,29,0,18 14,1,70,,217069,29,0,18 14,1,30,,217070,29,0,18 14,1,70,,217071,29,0,18 14,1,30,,217072,29,0,18 14,1,69,,217076,29,0,18 14,1,99,,217073,29,0,18 14,1,100,,217074,29,0,18 14,1
10901,'109-Weekday-2-26-09-1111100',537,,217081,29,0,18 14,1,70,,217082,29,0,18 14,1,33,,217083,29,0,18 14,1,64,,217084,29,0,18 14,1,15,,217085,29,0,18 14,1,15,,217086,29,0,18 14,1,15,,217087,29,0,18 14,1,55,,217089,29,0,18 14,1,15,,217088,29,0,18 14,1,15,,217123,29,0,18 14,1,16,,217121,29,0,18 14,1,61,,217090,29,0,18 14,1,29,,217091,29,0,18 14,1,70,,217092,29,0,18 14,1,30,,217093,29,0,18 14,1,70,,217094,29,0,18 14,1,30,,217095,29,0,18 14,1,70,,217096,29,0,18 14,1,30,,217097,29,0,18 14,1,70,,217098,29,0,18 14,1,30,,217099,29,0,18 14,1,70,,217100,29,0,18 14,1,30,,217101,29,0,18 14,1,72,,217102,29,0,18 14,1,25,,217103,29,0,18 14,1,15,,217104,29,0,18 14,1,55,,217105,29,0,18 14,1,15,,217106,29,0,18 14,1,15,,217119,29,0,18 14,1,15,,217107,29,0,18 14,1,55,,217124,29,0,18 14,1,15,,217122,29,0,18 14,1,22,,217108,29,0,18 14,1,70,,217109,29,0,18 14,1,27,,217110,29,0,18 14,1,68,,217111,29,0,18 14,1,30,,217112,29,0,18 14,1,70,,217113,29,0,18 14,1,30,,217114,29,0,18 14,1,70,,217115,29,0,18 14,1,30,,217116,29,0,18 14,1,69,,217120,29,0,18 14,1,99,,217117,29,0,18 14,1,100,,217118,29,0,18 14,1
10901,'109-Weekday-4-26-09-1111100',537,,217125,29,0,18 14,1,70,,217126,29,0,18 14,1,33,,217127,29,0,18 14,1,64,,217128,29,0,18 14,1,15,,217129,29,0,18 14,1,15,,217130,29,0,18 14,1,15,,217131,29,0,18 14,1,55,,217133,29,0,18 14,1,15,,217132,29,0,18 14,1,15,,217167,29,0,18 14,1,16,,217165,29,0,18 14,1,61,,217134,29,0,18 14,1,29,,217135,29,0,18 14,1,70,,217136,29,0,18 14,1,30,,217137,29,0,18 14,1,70,,217138,29,0,18 14,1,30,,217139,29,0,18 14,1,70,,217140,29,0,18 14,1,30,,217141,29,0,18 14,1,70,,217142,29,0,18 14,1,30,,217143,29,0,18 14,1,70,,217144,29,0,18 14,1,30,,217145,29,0,18 14,1,72,,217146,29,0,18 14,1,25,,217147,29,0,18 14,1,15,,217148,29,0,18 14,1,55,,217149,29,0,18 14,1,15,,217150,29,0,18 14,1,15,,217163,29,0,18 14,1,15,,217151,29,0,18 14,1,55,,217168,29,0,18 14,1,15,,217166,29,0,18 14,1,22,,217152,29,0,18 14,1,70,,217153,29,0,18 14,1,27,,217154,29,0,18 14,1,68,,217155,29,0,18 14,1,30,,217156,29,0,18 14,1,70,,217157,29,0,18 14,1,30,,217158,29,0,18 14,1,70,,217159,29,0,18 14,1,30,,217160,29,0,18 14,1,69,,217164,29,0,18 14,1,99,,217161,29,0,18 14,1,100,,217162,29,0,18 14,1
10901,'109-Saturday-1-26-09-0000010',830,,217169,29,0,18 14,1,70,,217170,29,0,18 14,1,30,,217171,29,0,18 14,1,70,,217172,29,0,18 14,1,30,,217173,29,0,18 14,1,70,,217174,29,0,18 14,1,30,,217175,29,0,18 14,1,70,,217176,29,0,18 14,1,30,,217177,29,0,18 14,1,70,,217178,29,0,18 14,1,30,,217179,29,0,18 14,1,70,,217180,29,0,18 14,1,30,,217181,29,0,18 14,1,70,,217182,29,0,18 14,1,30,,217183,29,0,18 14,1,70,,217184,29,0,18 14,1,30,,217185,29,0,18 14,1,70,,217186,29,0,18 14,1,30,,217187,29,0,18 14,1,70,,217188,29,0,18 14,1,30,,217189,29,0,18 14,1,70,,217190,29,0,18 14,1,30,,217191,29,0,18 14,1,70,,217192,29,0,18 14,1,30,,217193,29,0,18 14,1,70,,217194,29,0,18 14,1,30,,217195,29,0,18 14,1,70,,217196,29,0,18 14,1
10901,'109-Sunday-1-26-09-0000001',1040,,217197,29,0,18 14,1,70,,217198,29,0,18 14,1,30,,217199,29,0,18 14,1,70,,217200,29,0,18 14,1,30,,217201,29,0,18 14,1,70,,217202,29,0,18 14,1,30,,217203,29,0,18 14,1,70,,217204,29,0,18 14,1,30,,217205,29,0,18 14,1,70,,217206,29,0,18 14,1,30,,217207,29,0,18 14,1,70,,217208,29,0,18 14,1,30,,217209,29,0,18 14,1,70,,217210,29,0,18 14,1,30,,217211,29,0,18 14,1,70,,217212,29,0,18 14,1,30,,217213,29,0,18 14,1,70,,217214,29,0,18 14,1
61801,'618-Weekday-1-26-09-1111100',814,,227449,24,,,1
62501,'625-Weekday-1-26-09-1111100',722,,227552,7,,,1
68301,'683-Weekday-1-26-09-1111100',742,,227878,18,,,1,5,,227879,18,,,1,5,,227880,18,,,1,5,,227881,18,,,1
68301,'683-Weekday-3-26-09-1111100',742,,227882,18,,,1,5,,227883,18,,,1,5,,227884,18,,,1,5,,227885,18,,,1
24014001,'140X-Weekday-1-26-09-1111100',603,,245062,8,,,1,20,,245067,8,,,1,20,,245061,8,,,1,60,,245063,8,,,1,20,,245064,8,,,1,20,,245065,8,,,1,60,,245066,8,,,1,20,,245068,8,,,1
24014001,'140X-Weekday-2-26-09-1111100',603,,245070,8,,,1,20,,245075,8,,,1,20,,245069,8,,,1,60,,245071,8,,,1,20,,245072,8,,,1,20,,245073,8,,,1,60,,245074,8,,,1,20,,245076,8,,,1
24014001,'140X-Weekday-4-26-09-1111100',603,,245078,8,,,1,20,,245083,8,,,1,20,,245077,8,,,1,60,,245079,8,,,1,20,,245080,8,,,1,20,,245081,8,,,1,60,,245082,8,,,1,20,,245084,8,,,1
