11200,'112-Weekday-1-26-09-0001000',1217,,217271,1,,,1
11200,'112-Weekday-1-26-09-1110100',1524,,217272,1,,,1
11200,'112-Weekday-1-26-09-1111100',520,,217273,1,,,1,30,,217274,1,,,1,70,,217275,1,,,1,30,,217302,1,,,1,60,,217301,1,,,1,20,,217304,1,,,1,20,,217276,1,,,1,60,,217305,1,,,1,20,,217303,1,,,1,20,,217277,1,,,1,70,,217278,1,,,1,30,,217279,1,,,1,70,,217280,1,,,1,30,,217281,1,,,1,70,,217282,1,,,1,30,,217283,1,,,1,70,,217300,1,,,1,30,,217284,1,,,1,70,,217285,1,,,1,30,,217299,1,,,1,70,,217286,1,,,1,30,,217287,1,,,1,70,,217308,1,,,1,20,,217288,1,,,1,60,,217289,1,,,1,20,,217290,1,,,1,20,,217291,1,,,1,60,,217309,1,,,1,20,,217306,1,,,1,30,,217307,1,,,1,70,,217292,1,,,1,30,,217293,1,,,1,70,,217294,1,,,1,30,,217295,1,,,1,70,,217296,1,,,1,30,,217297,1,,,1,70,,217298,1,,,1
11200,'112-Weekday-2-26-09-1111100',520,,217310,1,,,1,30,,217311,1,,,1,70,,217312,1,,,1,30,,217339,1,,,1,60,,217338,1,,,1,20,,217341,1,,,1,20,,217313,1,,,1,60,,217342,1,,,1,20,,217340,1,,,1,20,,217314,1,,,1,70,,217315,1,,,1,30,,217316,1,,,1,70,,217317,1,,,1,30,,217318,1,,,1,70,,217319,1,,,1,30,,217320,1,,,1,70,,217337,1,,,1,30,,217321,1,,,1,70,,217322,1,,,1,30,,217336,1,,,1,70,,217323,1,,,1,30,,217324,1,,,1,70,,217345,1,,,1,20,,217325,1,,,1,60,,217326,1,,,1,20,,217327,1,,,1,20,,217328,1,,,1,60,,217346,1,,,1,20,,217343,1,,,1,30,,217344,1,,,1,70,,217329,1,,,1,30,,217330,1,,,1,70,,217331,1,,,1,30,,217332,1,,,1,70,,217333,1,,,1,30,,217334,1,,,1,70,,217335,1,,,1
11200,'112-Weekday-4-26-09-1111100',520,,217347,1,,,1,30,,217348,1,,,1,70,,217349,1,,,1,30,,217376,1,,,1,60,,217375,1,,,1,20,,217378,1,,,1,20,,217350,1,,,1,60,,217379,1,,,1,20,,217377,1,,,1,20,,217351,1,,,1,70,,217352,1,,,1,30,,217353,1,,,1,70,,217354,1,,,1,30,,217355,1,,,1,70,,217356,1,,,1,30,,217357,1,,,1,70,,217374,1,,,1,30,,217358,1,,,1,70,,217359,1,,,1,30,,217373,1,,,1,70,,217360,1,,,1,30,,217361,1,,,1,70,,217382,1,,,1,20,,217362,1,,,1,60,,217363,1,,,1,20,,217364,1,,,1,20,,217365,1,,,1,60,,217383,1,,,1,20,,217380,1,,,1,30,,217381,1,,,1,70,,217366,1,,,1,30,,217367,1,,,1,70,,217368,1,,,1,30,,217369,1,,,1,70,,217370,1,,,1,30,,217371,1,,,1,70,,217372,1,,,1
11200,'112-Saturday-1-26-09-0000010',751,,217384,1,,,1,70,,217385,1,,,1,30,,217386,1,,,1,70,,217387,1,,,1,30,,217388,1,,,1,70,,217389,1,,,1,30,,217390,1,,,1,70,,217391,1,,,1,30,,217392,1,,,1,70,,217393,1,,,1,30,,217394,1,,,1,70,,217395,1,,,1,30,,217396,1,,,1,70,,217397,1,,,1,30,,217398,1,,,1,70,,217399,1,,,1,30,,217400,1,,,1,70,,217401,1,,,1,30,,217402,1,,,1,70,,217403,1,,,1,30,,217404,1,,,1,70,,217405,1,,,1,30,,217406,1,,,1
11200,'112-Sunday-1-26-09-0000001',957,,217407,1,,,1,70,,217408,1,,,1,30,,217409,1,,,1,70,,217410,1,,,1,30,,217411,1,,,1,70,,217412,1,,,1,30,,217413,1,,,1,70,,217414,1,,,1,30,,217415,1,,,1,70,,217416,1,,,1,30,,217417,1,,,1,70,,217418,1,,,1,30,,217419,1,,,1,70,,217420,1,,,1,30,,217421,1,,,1,70,,217422,1,,,1,30,,217423,1,,,1,70,,217424,1,,,1
11201,'112-Weekday-1-26-09-1111100',608,,217425,28,4,,1,31,,217426,28,4,,1,71,,217455,28,4,,1,20,,217462,28,4,,1,20,,217445,28,4,,1,60,,217446,28,4,,1,5,,217461,28,4,,1,15,,217442,28,4,,1,20,,217459,28,4,,1,69,,217458,28,4,,1,19,,217427,28,4,,1,70,,217428,28,4,,1,30,,217447,28,4,,1,70,,217448,28,4,,1,30,,217449,28,4,,1,70,,217450,28,4,,1,30,,217451,28,4,,1,70,,217452,28,4,,1,30,,217453,28,4,,1,70,,217454,28,4,,1,30,,217444,28,4,,1,71,,217443,28,4,,1,30,,217429,28,4,,1,20,,217430,28,4,,1,60,,217456,28,4,,1,20,,217431,28,4,,1,20,,217432,28,4,,1,60,,217457,28,4,,1,12,,217441,28,4,,1,20,,217460,28,4,,1,60,,217433,28,4,,1,28,,217434,28,4,,1,69,,217435,28,4,,1,29,,217436,28,4,,1,70,,217437,28,4,,1,30,,217438,28,4,,1,70,,217439,28,4,,1,30,,217440,28,4,,1
11201,'112-Weekday-2-26-09-1111100',608,,217463,28,4,,1,31,,217464,28,4,,1,71,,217493,28,4,,1,20,,217499,28,4,,1,20,,217483,28,4,,1,60,,217484,28,4,,1,20,,217480,28,4,,1,20,,217497,28,4,,1,69,,217496,28,4,,1,19,,217465,28,4,,1,70,,217466,28,4,,1,30,,217485,28,4,,1,70,,217486,28,4,,1,30,,217487,28,4,,1,70,,217488,28,4,,1,30,,217489,28,4,,1,70,,217490,28,4,,1,30,,217491,28,4,,1,70,,217492,28,4,,1,30,,217482,28,4,,1,71,,217481,28,4,,1,30,,217467,28,4,,1,20,,217468,28,4,,1,60,,217494,28,4,,1,20,,217469,28,4,,1,20,,217470,28,4,,1,60,,217495,28,4,,1,12,,217479,28,4,,1,20,,217498,28,4,,1,60,,217471,28,4,,1,28,,217472,28,4,,1,69,,217473,28,4,,1,29,,217474,28,4,,1,70,,217475,28,4,,1,30,,217476,28,4,,1,70,,217477,28,4,,1,30,,217478,28,4,,1
11201,'112-Weekday-4-26-09-1111100',608,,217500,28,4,,1,31,,217501,28,4,,1,71,,217530,28,4,,1,20,,217536,28,4,,1,20,,217520,28,4,,1,60,,217521,28,4,,1,20,,217517,28,4,,1,20,,217534,28,4,,1,69,,217533,28,4,,1,19,,217502,28,4,,1,70,,217503,28,4,,1,30,,217522,28,4,,1,70,,217523,28,4,,1,30,,217524,28,4,,1,70,,217525,28,4,,1,30,,217526,28,4,,1,70,,217527,28,4,,1,30,,217528,28,4,,1,70,,217529,28,4,,1,30,,217519,28,4,,1,71,,217518,28,4,,1,30,,217504,28,4,,1,20,,217505,28,4,,1,60,,217531,28,4,,1,20,,217506,28,4,,1,20,,217507,28,4,,1,60,,217532,28,4,,1,12,,217516,28,4,,1,20,,217535,28,4,,1,60,,217508,28,4,,1,28,,217509,28,4,,1,69,,217510,28,4,,1,29,,217511,28,4,,1,70,,217512,28,4,,1,30,,217513,28,4,,1,70,,217514,28,4,,1,30,,217515,28,4,,1
11201,'112-Saturday-1-26-09-0000010',816,,217537,28,4,,1,30,,217538,28,4,,1,70,,217539,28,4,,1,30,,217540,28,4,,1,70,,217541,28,4,,1,30,,217542,28,4,,1,70,,217543,28,4,,1,30,,217544,28,4,,1,70,,217545,28,4,,1,30,,217546,28,4,,1,70,,217547,28,4,,1,30,,217548,28,4,,1,70,,217549,28,4,,1,30,,217550,28,4,,1,70,,217551,28,4,,1,30,,217552,28,4,,1,70,,217553,28,4,,1,30,,217554,28,4,,1,70,,217555,28,4,,1,30,,217556,28,4,,1,70,,217557,28,4,,1,30,,217558,28,4,,1,70,,217559,28,4,,1
11201,'112-Sunday-1-26-09-0000001',1022,,217560,28,4,,1,30,,217561,28,4,,1,70,,217562,28,4,,1,30,,217563,28,4,,1,70,,217564,28,4,,1,30,,217565,28,4,,1,70,,217566,28,4,,1,30,,217567,28,4,,1,70,,217568,28,4,,1,30,,217569,28,4,,1,70,,217570,28,4,,1,30,,217571,28,4,,1,70,,217572,28,4,,1,30,,217573,28,4,,1,70,,217574,28,4,,1,29,,217576,28,4,,1,70,,217577,28,4,,1,30,,217575,28,4,,1
