68400,'684-Weekday-1-26-09-0001000',1243,,227886,4,0,29 30,1,3,,227887,4,,,1
68400,'684-Weekday-1-26-09-1110100',1543,,227889,4,0,29 30,1,3,,227888,4,,,1
68400,'684-Weekday-1-26-09-1111100',1529,,227890,8,0,29 30,1,5,,227891,8,,,1
68400,'684-Weekday-3-26-09-1111100',1529,,227892,8,0,29 30,1,5,,227893,8,,,1
90300,'903-Weekday-1-26-09-1111100',521,,236928,18,,,1,30,,236929,18,,,1,70,,236930,18,,,1,23,,236931,18,,,1,63,,236932,18,,,1,22,,236933,18,,,1,20,,236934,18,,,1,60,,236935,18,,,1,20,,236936,18,,,1,20,,236937,18,,,1,60,,236938,18,,,1,20,,236939,18,,,1,19,,236940,18,,,1,60,,236941,18,,,1,20,,236942,18,,,1,20,,236943,18,,,1,60,,236944,18,,,1,20,,236945,18,,,1,20,,236946,18,,,1,60,,236947,18,,,1,20,,236948,18,,,1,20,,236949,18,,,1,60,,236950,18,,,1,20,,236951,18,,,1,20,,236952,18,,,1,60,,236953,18,,,1,20,,236954,18,,,1,20,,236955,18,,,1,61,,236956,18,,,1,16,,236957,18,,,1,17,,236958,18,,,1,15,,236959,18,,,1,55,,236960,18,,,1,15,,236961,18,,,1,15,,236962,18,,,1,15,,236963,18,,,1,55,,236964,18,,,1,15,,236968,18,,,1,15,,236969,18,,,1,63,,236965,18,,,1,23,,236966,18,,,1,21,,236967,18,,,1,65,,236976,18,,,1,30,,236977,18,,,1,70,,236972,18,,,1,30,,236973,18,,,1,70,,236974,18,,,1,99,,236975,18,,,1,100,,236971,18,,,1,100,,236970,18,,,1,100,,236978,18,,,1
90300,'903-Weekday-2-26-09-1111100',521,,236979,18,,,1,30,,236980,18,,,1,70,,236981,18,,,1,23,,236982,18,,,1,63,,236983,18,,,1,22,,236984,18,,,1,20,,236985,18,,,1,60,,236986,18,,,1,20,,236987,18,,,1,20,,236988,18,,,1,60,,236989,18,,,1,20,,236990,18,,,1,19,,236991,18,,,1,60,,236992,18,,,1,20,,236993,18,,,1,20,,236994,18,,,1,60,,236995,18,,,1,20,,236996,18,,,1,20,,236997,18,,,1,60,,236998,18,,,1,20,,236999,18,,,1,20,,237000,18,,,1,60,,237001,18,,,1,20,,237002,18,,,1,20,,237003,18,,,1,60,,237004,18,,,1,20,,237005,18,,,1,20,,237006,18,,,1,61,,237007,18,,,1,16,,237008,18,,,1,17,,237009,18,,,1,15,,237010,18,,,1,55,,237011,18,,,1,15,,237012,18,,,1,15,,237013,18,,,1,15,,237014,18,,,1,55,,237015,18,,,1,15,,237019,18,,,1,15,,237020,18,,,1,63,,237016,18,,,1,23,,237017,18,,,1,21,,237018,18,,,1,65,,237027,18,,,1,30,,237028,18,,,1,70,,237023,18,,,1,30,,237024,18,,,1,70,,237025,18,,,1,99,,237026,18,,,1,100,,237022,18,,,1,100,,237021,18,,,1,100,,237029,18,,,1
90300,'903-Weekday-4-26-09-1111100',521,,237030,18,,,1,30,,237031,18,,,1,70,,237032,18,,,1,23,,237033,18,,,1,63,,237034,18,,,1,22,,237035,18,,,1,20,,237036,18,,,1,60,,237037,18,,,1,20,,237038,18,,,1,20,,237039,18,,,1,60,,237040,18,,,1,20,,237041,18,,,1,19,,237042,18,,,1,60,,237043,18,,,1,20,,237044,18,,,1,20,,237045,18,,,1,60,,237046,18,,,1,20,,237047,18,,,1,20,,237048,18,,,1,60,,237049,18,,,1,20,,237050,18,,,1,20,,237051,18,,,1,60,,237052,18,,,1,20,,237053,18,,,1,20,,237054,18,,,1,60,,237055,18,,,1,20,,237056,18,,,1,20,,237057,18,,,1,61,,237058,18,,,1,16,,237059,18,,,1,17,,237060,18,,,1,15,,237061,18,,,1,55,,237062,18,,,1,15,,237063,18,,,1,15,,237064,18,,,1,15,,237065,18,,,1,55,,237066,18,,,1,15,,237070,18,,,1,15,,237071,18,,,1,63,,237067,18,,,1,23,,237068,18,,,1,21,,237069,18,,,1,65,,237078,18,,,1,30,,237079,18,,,1,70,,237074,18,,,1,30,,237075,18,,,1,70,,237076,18,,,1,99,,237077,18,,,1,100,,237073,18,,,1,100,,237072,18,,,1,100,,237080,18,,,1
90300,'903-Saturday-1-26-09-0000010',554,,237090,18,,,1,100,,237091,18,,,1,89,,237089,18,,,1,70,,237092,18,,,1,20,,237093,18,,,1,20,,237086,18,,,1,60,,237094,18,,,1,20,,237095,18,,,1,20,,237096,18,,,1,60,,237097,18,,,1,20,,237098,18,,,1,20,,237099,18,,,1,60,,237100,18,,,1,20,,237101,18,,,1,20,,237102,18,,,1,60,,237103,18,,,1,20,,237104,18,,,1,20,,237105,18,,,1,60,,237106,18,,,1,20,,237107,18,,,1,20,,237108,18,,,1,60,,237109,18,,,1,20,,237110,18,,,1,20,,237111,18,,,1,60,,237112,18,,,1,20,,237113,18,,,1,20,,237114,18,,,1,60,,237115,18,,,1,20,,237116,18,,,1,20,,237117,18,,,1,60,,237118,18,,,1,20,,237119,18,,,1,20,,237084,18,,,1,60,,237081,18,,,1,20,,237085,18,,,1,20,,237087,18,,,1,60,,237088,18,,,1,30,,237120,18,,,1,70,,237121,18,,,1,30,,237122,18,,,1,70,,237082,18,,,1,30,,237083,18,,,1,100,,237123,18,,,1,100,,237124,18,,,1
90300,'903-Sunday-1-26-09-0000001',611,,237127,18,,,1,96,,237128,18,,,1,100,,237129,18,,,1,98,,237130,18,,,1,31,,237131,18,,,1,70,,237132,18,,,1,30,,237133,18,,,1,70,,237134,18,,,1,30,,237135,18,,,1,70,,237136,18,,,1,30,,237137,18,,,1,70,,237138,18,,,1,30,,237139,18,,,1,70,,237140,18,,,1,30,,237141,18,,,1,70,,237142,18,,,1,30,,237143,18,,,1,70,,237144,18,,,1,30,,237145,18,,,1,70,,237146,18,,,1,29,,237147,18,,,1,70,,237148,18,,,1,30,,237149,18,,,1,70,,237150,18,,,1,30,,237151,18,,,1,70,,237152,18,,,1,30,,237153,18,,,1,70,,237154,18,,,1,30,,237155,18,,,1,72,,237156,18,,,1,102,,237125,18,,,1,100,,237126,18,,,1
90700,'907-Weekday-1-26-09-1111100',552,,237900,41,,,1,70,,237901,41,,,1,35,,237902,41,,,1,55,,237903,41,,,1,15,,237904,41,,,1,15,,237905,41,,,1,15,,237906,41,,,1,55,,237907,41,,,1,15,,237908,41,,,1,15,,237909,41,,,1,15,,237910,41,,,1,67,,237911,41,,,1,30,,237912,41,,,1,70,,237913,41,,,1,30,,237914,41,,,1,70,,237915,41,,,1,30,,237916,41,,,1,70,,237917,41,,,1,30,,237918,41,,,1,70,,237919,41,,,1,30,,237920,41,,,1,70,,237921,41,,,1,30,,237922,41,,,1,74,,237923,41,,,1,30,,237924,41,,,1,55,,237925,41,,,1,15,,237926,41,,,1,15,,237927,41,,,1,15,,237928,41,,,1,55,,237929,41,,,1,15,,237930,41,,,1,15,,237931,41,,,1,15,,237932,41,,,1,70,,237933,41,,,1,24,,237934,41,,,1,70,,237935,41,,,1,30,,237936,41,,,1,70,,237937,41,,,1,30,,237938,41,,,1,70,,237939,41,,,1,30,,237940,41,,,1,70,,237941,41,,,1,100,,237942,41,,,1,100,,237943,41,,,1
90700,'907-Weekday-2-26-09-1111100',552,,237944,41,,,1,70,,237945,41,,,1,35,,237946,41,,,1,55,,237947,41,,,1,15,,237948,41,,,1,15,,237949,41,,,1,15,,237950,41,,,1,55,,237951,41,,,1,15,,237952,41,,,1,15,,237953,41,,,1,15,,237954,41,,,1,67,,237955,41,,,1,30,,237956,41,,,1,70,,237957,41,,,1,30,,237958,41,,,1,70,,237959,41,,,1,30,,237960,41,,,1,70,,237961,41,,,1,30,,237962,41,,,1,70,,237963,41,,,1,30,,237964,41,,,1,70,,237965,41,,,1,30,,237966,41,,,1,74,,237967,41,,,1,30,,237968,41,,,1,55,,237969,41,,,1,15,,237970,41,,,1,15,,237971,41,,,1,15,,237972,41,,,1,55,,237973,41,,,1,15,,237974,41,,,1,15,,237975,41,,,1,15,,237976,41,,,1,70,,237977,41,,,1,24,,237978,41,,,1,70,,237979,41,,,1,30,,237980,41,,,1,70,,237981,41,,,1,30,,237982,41,,,1,70,,237983,41,,,1,30,,237984,41,,,1,70,,237985,41,,,1,100,,237986,41,,,1,100,,237987,41,,,1
90700,'907-Weekday-4-26-09-1111100',552,,237988,41,,,1,70,,237989,41,,,1,35,,237990,41,,,1,55,,237991,41,,,1,15,,237992,41,,,1,15,,237993,41,,,1,15,,237994,41,,,1,55,,237995,41,,,1,15,,237996,41,,,1,15,,237997,41,,,1,15,,237998,41,,,1,67,,237999,41,,,1,30,,238000,41,,,1,70,,238001,41,,,1,30,,238002,41,,,1,70,,238003,41,,,1,30,,238004,41,,,1,70,,238005,41,,,1,30,,238006,41,,,1,70,,238007,41,,,1,30,,238008,41,,,1,70,,238009,41,,,1,30,,238010,41,,,1,74,,238011,41,,,1,30,,238012,41,,,1,55,,238013,41,,,1,15,,238014,41,,,1,15,,238015,41,,,1,15,,238016,41,,,1,55,,238017,41,,,1,15,,238018,41,,,1,15,,238019,41,,,1,15,,238020,41,,,1,70,,238021,41,,,1,24,,238022,41,,,1,70,,238023,41,,,1,30,,238024,41,,,1,70,,238025,41,,,1,30,,238026,41,,,1,70,,238027,41,,,1,30,,238028,41,,,1,70,,238029,41,,,1,100,,238030,41,,,1,100,,238031,41,,,1
90700,'907-Saturday-1-26-09-0000010',721,,238032,41,,,1,100,,238033,41,,,1,30,,238038,41,,,1,75,,238039,41,,,1,30,,238040,41,,,1,70,,238041,41,,,1,30,,238042,41,,,1,70,,238043,41,,,1,30,,238044,41,,,1,72,,238045,41,,,1,30,,238046,41,,,1,70,,238047,41,,,1,30,,238048,41,,,1,70,,238049,41,,,1,30,,238050,41,,,1,70,,238051,41,,,1,30,,238052,41,,,1,70,,238053,41,,,1,30,,238054,41,,,1,69,,238055,41,,,1,30,,238056,41,,,1,70,,238057,41,,,1,30,,238058,41,,,1,68,,238034,41,,,1,100,,238035,41,,,1,100,,238036,41,,,1,100,,238037,41,,,1
90700,'907-Sunday-1-26-09-0000001',1029,,238059,41,,,1,30,,238060,41,,,1,70,,238061,41,,,1,30,,238062,41,,,1,70,,238063,41,,,1,30,,238064,41,,,1,70,,238065,41,,,1,30,,238066,41,,,1,70,,238067,41,,,1,30,,238068,41,,,1,70,,238069,41,,,1,30,,238070,41,,,1,70,,238071,41,,,1,30,,238072,41,,,1,68,,238073,41,,,1,30,,238074,41,,,1,70,,238075,41,,,1,30,,238076,41,,,1,70,,238077,41,,,1
