50900,'509-Weekday-1-26-04-1111000',813,,117709,5,,,1
50900,'509-Weekday-1-26-04-1111100',511,,117710,5,,,1,30,,117711,5,,,1,70,,117712,5,,,1,32,,117713,5,,,1,71,,117714,5,,,1,15,,117715,5,,,1,15,,117750,5,,,1,15,,117716,5,,,1,55,,117717,5,,,1,15,,117718,5,,,1,18,,117719,5,,,1,59,,117720,5,,,1,20,,117721,5,,,1,20,,117722,5,,,1,60,,117723,5,,,1,20,,117724,5,,,1,20,,117725,5,,,1,60,,117726,5,,,1,20,,117727,5,,,1,20,,117728,5,,,1,60,,117729,5,,,1,20,,117730,5,,,1,20,,117731,5,,,1,60,,117732,5,,,1,20,,117733,5,,,1,20,,117734,5,,,1,60,,117735,5,,,1,20,,117736,5,,,1,20,,117737,5,,,1,56,,117762,5,,,1,12,,117761,5,,,1,3,,117751,5,,,1,15,,117752,5,,,1,15,,117753,5,,,1,55,,117754,5,,,1,15,,117755,5,,,1,15,,117756,5,,,1,15,,117757,5,,,1,55,,117758,5,,,1,15,,117759,5,,,1,15,,117760,5,,,1,24,,117749,5,,,1,70,,117738,5,,,1,28,,117739,5,,,1,70,,117740,5,,,1,30,,117741,5,,,1,70,,117742,5,,,1,30,,117743,5,,,1,70,,117744,5,,,1,30,,117745,5,,,1,85,,117746,5,,,1,85,,117747,5,,,1,85,,117748,5,,,1
50900,'509-Weekday-2-26-04-1111100',511,,139574,5,,,1,30,,139575,5,,,1,70,,139576,5,,,1,32,,139577,5,,,1,71,,139578,5,,,1,15,,139579,5,,,1,15,,139614,5,,,1,15,,139580,5,,,1,55,,139581,5,,,1,15,,139582,5,,,1,18,,139583,5,,,1,59,,139584,5,,,1,20,,139585,5,,,1,20,,139586,5,,,1,60,,139587,5,,,1,20,,139588,5,,,1,20,,139589,5,,,1,60,,139590,5,,,1,20,,139591,5,,,1,20,,139592,5,,,1,60,,139593,5,,,1,20,,139594,5,,,1,20,,139595,5,,,1,60,,139596,5,,,1,20,,139597,5,,,1,20,,139598,5,,,1,60,,139599,5,,,1,20,,139600,5,,,1,20,,139601,5,,,1,56,,139626,5,,,1,12,,139625,5,,,1,3,,139615,5,,,1,15,,139616,5,,,1,15,,139617,5,,,1,55,,139618,5,,,1,15,,139619,5,,,1,15,,139620,5,,,1,15,,139621,5,,,1,55,,139622,5,,,1,15,,139623,5,,,1,15,,139624,5,,,1,24,,139613,5,,,1,70,,139602,5,,,1,28,,139603,5,,,1,70,,139604,5,,,1,30,,139605,5,,,1,70,,139606,5,,,1,30,,139607,5,,,1,70,,139608,5,,,1,30,,139609,5,,,1,85,,139610,5,,,1,85,,139611,5,,,1,85,,139612,5,,,1
50900,'509-Weekday-3-26-04-1111100',511,,139627,5,,,1,30,,139628,5,,,1,70,,139629,5,,,1,32,,139630,5,,,1,71,,139631,5,,,1,15,,139632,5,,,1,15,,139667,5,,,1,15,,139633,5,,,1,55,,139634,5,,,1,15,,139635,5,,,1,18,,139636,5,,,1,59,,139637,5,,,1,20,,139638,5,,,1,20,,139639,5,,,1,60,,139640,5,,,1,20,,139641,5,,,1,20,,139642,5,,,1,60,,139643,5,,,1,20,,139644,5,,,1,20,,139645,5,,,1,60,,139646,5,,,1,20,,139647,5,,,1,20,,139648,5,,,1,60,,139649,5,,,1,20,,139650,5,,,1,20,,139651,5,,,1,60,,139652,5,,,1,20,,139653,5,,,1,20,,139654,5,,,1,56,,139679,5,,,1,12,,139678,5,,,1,3,,139668,5,,,1,15,,139669,5,,,1,15,,139670,5,,,1,55,,139671,5,,,1,15,,139672,5,,,1,15,,139673,5,,,1,15,,139674,5,,,1,55,,139675,5,,,1,15,,139676,5,,,1,15,,139677,5,,,1,24,,139666,5,,,1,70,,139655,5,,,1,28,,139656,5,,,1,70,,139657,5,,,1,30,,139658,5,,,1,70,,139659,5,,,1,30,,139660,5,,,1,70,,139661,5,,,1,30,,139662,5,,,1,85,,139663,5,,,1,85,,139664,5,,,1,85,,139665,5,,,1
50900,'509-Saturday-1-26-04-0000010',633,,117763,5,,,1,85,,117764,5,,,1,36,,117765,5,,,1,70,,117766,5,,,1,30,,117767,5,,,1,70,,117768,5,,,1,30,,117769,5,,,1,70,,117770,5,,,1,30,,117771,5,,,1,70,,117772,5,,,1,30,,117773,5,,,1,70,,117774,5,,,1,30,,117775,5,,,1,70,,117776,5,,,1,30,,117777,5,,,1,70,,117778,5,,,1,30,,117779,5,,,1,70,,117780,5,,,1,30,,117781,5,,,1,70,,117782,5,,,1,30,,117783,5,,,1,70,,117784,5,,,1,30,,117785,5,,,1,70,,117786,5,,,1,30,,117787,5,,,1,70,,117788,5,,,1,92,,117789,5,,,1,85,,117790,5,,,1,45,,117791,5,,,1,85,,117792,5,,,1,85,,117793,5,,,1,85,,117794,5,,,1,45,,117795,5,,,1
50900,'509-Sunday-1-26-04-0000001',604,,117796,5,,,1,43,,117797,5,,,1,84,,117798,5,,,1,84,,117799,5,,,1,44,,117800,5,,,1,84,,117801,5,,,1,77,,117826,5,,,1,30,,117802,5,,,1,70,,117803,5,,,1,30,,117804,5,,,1,70,,117805,5,,,1,30,,117806,5,,,1,70,,117807,5,,,1,30,,117808,5,,,1,70,,117809,5,,,1,30,,117810,5,,,1,70,,117811,5,,,1,30,,117812,5,,,1,70,,117813,5,,,1,30,,117814,5,,,1,70,,117815,5,,,1,30,,117816,5,,,1,70,,117817,5,,,1,30,,117818,5,,,1,66,,117820,5,,,1,39,,117821,5,,,1,85,,117822,5,,,1,85,,117819,5,,,1,85,,117823,5,,,1,45,,117824,5,,,1,85,,117825,5,,,1
52601,'526-Saturday-1-26-04-0000010',851,,120093,5,,,1,100,,120094,5,,,1,100,,120095,5,,,1,100,,120096,5,,,1,100,,120097,5,,,1,100,,120098,5,,,1,100,,120099,5,,,1,100,,120092,5,,,1
52601,'526-Sunday-1-26-04-0000001',851,,120100,5,,,1,100,,120101,5,,,1,100,,120102,5,,,1,100,,120103,5,,,1,100,,120104,5,,,1,100,,120105,5,,,1,100,,120106,5,,,1,100,,120107,5,,,1
66101,'661-Weekday-1-26-04-1111100',809,,120514,3,,,1,2,,120515,3,,,1,5,,120516,3,,,1
66101,'661-Weekday-2-26-04-1111100',809,,142116,3,,,1,2,,142117,3,,,1,5,,142118,3,,,1
