200,'002-Weekday-1-26-06-1111100',2519,,150862,75,0,28 37,1,30,,150863,75,0,28 37,1,70,,150864,75,0,28 37,1,30,,150865,75,0,28 37,1,70,,150866,75,0,28 37,1
200,'002-Saturday-1-26-06-0000010',2522,,150938,75,0,28 37,1,30,,150939,75,0,28 37,1,70,,150940,75,0,28 37,1,30,,150941,75,0,28 37,1,70,,150942,75,0,28 37,1
200,'002-Sunday-1-26-06-0000001',2421,,151010,75,0,28 37,1,30,,151011,75,0,28 37,1,70,,151012,75,0,28 37,1,30,,151013,75,0,28 37,1,70,,151014,75,0,28 37,1,30,,151015,75,0,28 37,1,70,,151017,75,0,28 37,1
5300,'053-Weekday-1-26-06-1111100',611,,155433,49,,,1,30,,155434,49,,,1,77,,155435,49,,,1,16,,155463,49,,,1,15,,155436,49,,,1,55,,155464,49,,,1,15,,155437,49,,,1,15,,155438,49,,,1,15,,155469,49,,,1,55,,155470,49,,,1,15,,155439,49,,,1,32,,155475,49,,,1,68,,155440,49,,,1,30,,155441,49,,,1,70,,155442,49,,,1,30,,155443,49,,,1,70,,155444,49,,,1,30,,155445,49,,,1,70,,155446,49,,,1,30,,155447,49,,,1,70,,155448,49,,,1,30,,155449,49,,,1,71,,155450,49,,,1,20,,155467,49,,,1,60,,155451,49,,,1,18,,155468,49,,,1,16,,155452,49,,,1,15,,155465,49,,,1,55,,155466,49,,,1,15,,155453,49,,,1,15,,155471,49,,,1,15,,155472,49,,,1,55,,155454,49,,,1,15,,155476,49,,,1,15,,155477,49,,,1,24,,155455,49,,,1,64,,155456,49,,,1,28,,155457,49,,,1,66,,155458,49,,,1,30,,155459,49,,,1,70,,155460,49,,,1,30,,155461,49,,,1,70,,155462,49,,,1,29,,155432,49,,,1,92,,155473,49,,,1,100,,155474,49,,,1
5300,'053-Weekday-2-26-06-1111100',611,,176344,49,,,1,30,,176345,49,,,1,77,,176346,49,,,1,16,,176374,49,,,1,15,,176347,49,,,1,55,,176375,49,,,1,15,,176348,49,,,1,15,,176349,49,,,1,15,,176380,49,,,1,55,,176381,49,,,1,15,,176350,49,,,1,32,,176386,49,,,1,68,,176351,49,,,1,30,,176352,49,,,1,70,,176353,49,,,1,30,,176354,49,,,1,70,,176355,49,,,1,30,,176356,49,,,1,70,,176357,49,,,1,30,,176358,49,,,1,70,,176359,49,,,1,30,,176360,49,,,1,71,,176361,49,,,1,20,,176378,49,,,1,60,,176362,49,,,1,18,,176379,49,,,1,16,,176363,49,,,1,15,,176376,49,,,1,55,,176377,49,,,1,15,,176364,49,,,1,15,,176382,49,,,1,15,,176383,49,,,1,55,,176365,49,,,1,15,,176387,49,,,1,15,,176388,49,,,1,24,,176366,49,,,1,64,,176367,49,,,1,28,,176368,49,,,1,66,,176369,49,,,1,30,,176370,49,,,1,70,,176371,49,,,1,30,,176372,49,,,1,70,,176373,49,,,1,29,,176343,49,,,1,92,,176384,49,,,1,100,,176385,49,,,1
5300,'053-Saturday-1-26-06-0000010',644,,155478,49,,,1,100,,155479,49,,,1,100,,155480,49,,,1,65,,155508,49,,,1,27,,155481,49,,,1,70,,155482,49,,,1,30,,155483,49,,,1,70,,155484,49,,,1,30,,155485,49,,,1,70,,155486,49,,,1,30,,155487,49,,,1,70,,155488,49,,,1,30,,155489,49,,,1,70,,155490,49,,,1,30,,155491,49,,,1,70,,155492,49,,,1,30,,155493,49,,,1,70,,155494,49,,,1,30,,155495,49,,,1,70,,155496,49,,,1,30,,155497,49,,,1,70,,155498,49,,,1,30,,155499,49,,,1,70,,155500,49,,,1,30,,155501,49,,,1,70,,155502,49,,,1,39,,155503,49,,,1,100,,155504,49,,,1,100,,155505,49,,,1,100,,155506,49,,,1,100,,155507,49,,,1
5300,'053-Saturday-2-26-06-0000010',644,,176389,49,,,1,100,,176390,49,,,1,100,,176391,49,,,1,65,,176419,49,,,1,27,,176392,49,,,1,70,,176393,49,,,1,30,,176394,49,,,1,70,,176395,49,,,1,30,,176396,49,,,1,70,,176397,49,,,1,30,,176398,49,,,1,70,,176399,49,,,1,30,,176400,49,,,1,70,,176401,49,,,1,30,,176402,49,,,1,70,,176403,49,,,1,30,,176404,49,,,1,70,,176405,49,,,1,30,,176406,49,,,1,70,,176407,49,,,1,30,,176408,49,,,1,70,,176409,49,,,1,30,,176410,49,,,1,70,,176411,49,,,1,30,,176412,49,,,1,70,,176413,49,,,1,39,,176414,49,,,1,100,,176415,49,,,1,100,,176416,49,,,1,100,,176417,49,,,1,100,,176418,49,,,1
5300,'053-Saturday-3-26-06-0000010',644,,176422,49,,,1,100,,176423,49,,,1,100,,176424,49,,,1,65,,176452,49,,,1,27,,176425,49,,,1,70,,176426,49,,,1,30,,176427,49,,,1,70,,176428,49,,,1,30,,176429,49,,,1,70,,176430,49,,,1,30,,176431,49,,,1,70,,176432,49,,,1,30,,176433,49,,,1,70,,176434,49,,,1,30,,176435,49,,,1,70,,176436,49,,,1,30,,176437,49,,,1,70,,176438,49,,,1,30,,176439,49,,,1,70,,176440,49,,,1,30,,176441,49,,,1,70,,176442,49,,,1,30,,176443,49,,,1,70,,176444,49,,,1,30,,176445,49,,,1,70,,176446,49,,,1,39,,176447,49,,,1,100,,176448,49,,,1,100,,176449,49,,,1,100,,176450,49,,,1,100,,176451,49,,,1
5300,'053-Sunday-1-26-06-0000001',743,,155509,49,,,1,100,,155510,49,,,1,101,,155511,49,,,1,104,,155512,49,,,1,70,,155513,49,,,1,30,,155514,49,,,1,70,,155515,49,,,1,30,,155516,49,,,1,70,,155517,49,,,1,30,,155518,49,,,1,70,,155519,49,,,1,30,,155520,49,,,1,70,,155521,49,,,1,30,,155522,49,,,1,70,,155523,49,,,1,30,,155524,49,,,1,70,,155525,49,,,1,30,,155526,49,,,1,70,,155527,49,,,1,30,,155528,49,,,1,70,,155529,49,,,1,30,,155530,49,,,1,96,,155531,49,,,1,100,,155532,49,,,1,100,,155533,49,,,1,100,,155534,49,,,1
5300,'053-Sunday-2-26-06-0000001',743,,176455,49,,,1,100,,176456,49,,,1,101,,176457,49,,,1,104,,176458,49,,,1,70,,176459,49,,,1,30,,176460,49,,,1,70,,176461,49,,,1,30,,176462,49,,,1,70,,176463,49,,,1,30,,176464,49,,,1,70,,176465,49,,,1,30,,176466,49,,,1,70,,176467,49,,,1,30,,176468,49,,,1,70,,176469,49,,,1,30,,176470,49,,,1,70,,176471,49,,,1,30,,176472,49,,,1,70,,176473,49,,,1,30,,176474,49,,,1,70,,176475,49,,,1,30,,176476,49,,,1,66,,176481,49,,,1,30,,176477,49,,,1,70,,176482,49,,,1,30,,176478,49,,,1,70,,176483,49,,,1,30,,176479,49,,,1,70,,176484,49,,,1,30,,176480,49,,,1
63300,'633-Weekday-3-26-06-1110100',1548,,165196,29,,,1,2,,165195,29,,,1
