61300,'613-Weekday-1-26-02-1111100',732,,9959,,,1,9,,9960,,,1,77,,9961,,,1,10,,9962,,,1
61300,'613-Weekday-2-26-02-1111100',732,,61631,,,1,9,,61632,,,1,77,,61633,,,1,10,,61634,,,1
61300,'613-Weekday-4-26-02-1111100',818,,61635,,,1,10,,61636,,,1
61300,'613-Weekday-5-26-02-1111100',732,,61637,,,1,9,,61638,,,1,77,,61639,,,1,10,,61640,,,1
61300,'613-Weekday-6-26-02-1111100',732,,61641,,,1,9,,61642,,,1
61300,'613-Weekday-8-26-02-1111100',732,,61643,,,1,9,,61644,,,1
24015001,'150X-Weekday-1-26-02-1111100',607,,16610,,,1,20,,16608,,,1,20,,16609,,,1,60,,16611,,,1,15,,16612,,,1,15,,16613,,,1,15,,16614,,,1,55,,16615,,,1,15,,16616,,,1,15,,16617,,,1
24015001,'150X-Weekday-2-26-02-1111100',607,,92813,,,1,20,,92811,,,1,20,,92812,,,1,60,,92814,,,1,15,,92815,,,1,15,,92816,,,1,15,,92817,,,1,55,,92818,,,1,15,,92819,,,1,15,,92820,,,1
24015001,'150X-Weekday-4-26-02-1111100',607,,92823,,,1,20,,92821,,,1,20,,92822,,,1,60,,92824,,,1,15,,92825,,,1,15,,92826,,,1,15,,92827,,,1,55,,92828,,,1,15,,92829,,,1,15,,92830,,,1
24015001,'150X-Weekday-5-26-02-1111100',607,,92833,,,1,20,,92831,,,1,20,,92832,,,1,60,,92834,,,1,15,,92835,,,1,15,,92836,,,1,15,,92837,,,1,55,,92838,,,1,15,,92839,,,1,15,,92840,,,1
24015001,'150X-Weekday-6-26-02-1111100',607,,92843,,,1,20,,92841,,,1,20,,92842,,,1,60,,92844,,,1,15,,92845,,,1,15,,92846,,,1,15,,92847,,,1,55,,92848,,,1,15,,92849,,,1,15,,92850,,,1
24015001,'150X-Weekday-7-26-02-1111100',607,,92853,,,1,20,,92851,,,1,20,,92852,,,1,60,,92854,,,1,15,,92855,,,1,15,,92856,,,1,15,,92857,,,1,55,,92858,,,1,15,,92859,,,1,15,,92860,,,1
24015001,'150X-Weekday-8-26-02-1111100',607,,92863,,,1,20,,92861,,,1,20,,92862,,,1,60,,92864,,,1,15,,92865,,,1,15,,92866,,,1,15,,92867,,,1,55,,92868,,,1,15,,92869,,,1,15,,92870,,,1
24015001,'150X-Weekday-9-26-02-1111100',607,,92873,,,1,20,,92871,,,1,20,,92872,,,1,60,,92874,,,1,15,,92875,,,1,15,,92876,,,1,15,,92877,,,1,55,,92878,,,1,15,,92879,,,1,15,,92880,,,1
