90601,'906-Weekday-1-26-02-1111100',628,,14240,,,1,30,,14241,,,1,70,,14242,,,1,30,,14243,,,1,70,,14244,,,1,30,,14245,,,1,670,,14246,,,1,30,,14247,,,1,70,,14248,,,1,30,,14249,,,1,70,,14250,,,1,30,,14251,,,1
90601,'906-Weekday-2-26-02-1111100',628,,81360,,,1,30,,81361,,,1,70,,81362,,,1,30,,81363,,,1,70,,81364,,,1,30,,81365,,,1,670,,81366,,,1,30,,81367,,,1,70,,81368,,,1,30,,81369,,,1,70,,81370,,,1,30,,81371,,,1
90601,'906-Weekday-4-26-02-1111100',628,,81372,,,1,30,,81373,,,1,70,,81374,,,1,30,,81375,,,1,70,,81376,,,1,30,,81377,,,1,670,,81378,,,1,30,,81379,,,1,70,,81380,,,1,30,,81381,,,1,70,,81382,,,1,30,,81383,,,1
90601,'906-Weekday-5-26-02-1111100',628,,81384,,,1,30,,81385,,,1,70,,81386,,,1,30,,81387,,,1,70,,81388,,,1,30,,81389,,,1,670,,81390,,,1,30,,81391,,,1,70,,81392,,,1,30,,81393,,,1,70,,81394,,,1,30,,81395,,,1
90601,'906-Weekday-6-26-02-1111100',628,,81396,,,1,30,,81397,,,1,70,,81398,,,1,30,,81399,,,1,70,,81400,,,1,30,,81401,,,1,670,,81402,,,1,30,,81403,,,1,70,,81404,,,1,30,,81405,,,1,70,,81406,,,1,30,,81407,,,1
90601,'906-Weekday-7-26-02-1111100',628,,81408,,,1,30,,81409,,,1,70,,81410,,,1,30,,81411,,,1,70,,81412,,,1,30,,81413,,,1,670,,81414,,,1,30,,81415,,,1,70,,81416,,,1,30,,81417,,,1,70,,81418,,,1,30,,81419,,,1
90601,'906-Weekday-8-26-02-1111100',628,,81420,,,1,30,,81421,,,1,70,,81422,,,1,30,,81423,,,1,70,,81424,,,1,30,,81425,,,1,670,,81426,,,1,30,,81427,,,1,70,,81428,,,1,30,,81429,,,1,70,,81430,,,1,30,,81431,,,1
90601,'906-Weekday-9-26-02-1111100',628,,81432,,,1,30,,81433,,,1,70,,81434,,,1,30,,81435,,,1,70,,81436,,,1,30,,81437,,,1,670,,81438,,,1,30,,81439,,,1,70,,81440,,,1,30,,81441,,,1,70,,81442,,,1,30,,81443,,,1
90701,'907-Weekday-1-26-02-1111100',540,,14323,,,1,70,,14324,,,1,27,,14325,,,1,16,,14326,,,1,55,,14327,,,1,15,,14328,,,1,15,,14329,,,1,15,,14330,,,1,55,,14331,,,1,15,,14332,,,1,15,,14333,,,1,71,,14334,,,1,30,,14335,,,1,70,,14336,,,1,30,,14337,,,1,70,,14338,,,1,30,,14339,,,1,70,,14340,,,1,30,,14341,,,1,70,,14342,,,1,30,,14343,,,1,70,,14344,,,1,30,,14345,,,1,71,,14346,,,1,22,,14347,,,1,17,,14348,,,1,55,,14349,,,1,15,,14350,,,1,15,,14351,,,1,15,,14352,,,1,55,,14353,,,1,15,,14354,,,1,15,,14355,,,1,15,,14356,,,1,67,,14357,,,1,23,,14358,,,1,70,,14359,,,1,30,,14360,,,1,70,,14361,,,1,30,,14362,,,1,70,,14363,,,1,30,,14364,,,1,73,,14365,,,1,100,,14366,,,1,100,,14367,,,1
90701,'907-Weekday-2-26-02-1111100',540,,81771,,,1,70,,81772,,,1,27,,81773,,,1,16,,81774,,,1,55,,81775,,,1,15,,81776,,,1,15,,81777,,,1,15,,81778,,,1,55,,81779,,,1,15,,81780,,,1,15,,81781,,,1,71,,81782,,,1,30,,81783,,,1,70,,81784,,,1,30,,81785,,,1,70,,81786,,,1,30,,81787,,,1,70,,81788,,,1,30,,81789,,,1,70,,81790,,,1,30,,81791,,,1,70,,81792,,,1,30,,81793,,,1,71,,81794,,,1,22,,81795,,,1,17,,81796,,,1,55,,81797,,,1,15,,81798,,,1,15,,81799,,,1,15,,81800,,,1,55,,81801,,,1,15,,81802,,,1,15,,81803,,,1,15,,81804,,,1,67,,81805,,,1,23,,81806,,,1,70,,81807,,,1,30,,81808,,,1,70,,81809,,,1,30,,81810,,,1,70,,81811,,,1,30,,81812,,,1,73,,81813,,,1,100,,81814,,,1,100,,81815,,,1
90701,'907-Weekday-4-26-02-1111100',540,,81816,,,1,70,,81817,,,1,27,,81818,,,1,16,,81819,,,1,55,,81820,,,1,15,,81821,,,1,15,,81822,,,1,15,,81823,,,1,55,,81824,,,1,15,,81825,,,1,15,,81826,,,1,71,,81827,,,1,30,,81828,,,1,70,,81829,,,1,30,,81830,,,1,70,,81831,,,1,30,,81832,,,1,70,,81833,,,1,30,,81834,,,1,70,,81835,,,1,30,,81836,,,1,70,,81837,,,1,30,,81838,,,1,71,,81839,,,1,22,,81840,,,1,17,,81841,,,1,55,,81842,,,1,15,,81843,,,1,15,,81844,,,1,15,,81845,,,1,55,,81846,,,1,15,,81847,,,1,15,,81848,,,1,15,,81849,,,1,67,,81850,,,1,23,,81851,,,1,70,,81852,,,1,30,,81853,,,1,70,,81854,,,1,30,,81855,,,1,70,,81856,,,1,30,,81857,,,1,73,,81858,,,1,100,,81859,,,1,100,,81860,,,1
90701,'907-Weekday-5-26-02-1111100',540,,81861,,,1,70,,81862,,,1,27,,81863,,,1,16,,81864,,,1,55,,81865,,,1,15,,81866,,,1,15,,81867,,,1,15,,81868,,,1,55,,81869,,,1,15,,81870,,,1,15,,81871,,,1,71,,81872,,,1,30,,81873,,,1,70,,81874,,,1,30,,81875,,,1,70,,81876,,,1,30,,81877,,,1,70,,81878,,,1,30,,81879,,,1,70,,81880,,,1,30,,81881,,,1,70,,81882,,,1,30,,81883,,,1,71,,81884,,,1,22,,81885,,,1,17,,81886,,,1,55,,81887,,,1,15,,81888,,,1,15,,81889,,,1,15,,81890,,,1,55,,81891,,,1,15,,81892,,,1,15,,81893,,,1,15,,81894,,,1,67,,81895,,,1,23,,81896,,,1,70,,81897,,,1,30,,81898,,,1,70,,81899,,,1,30,,81900,,,1,70,,81901,,,1,30,,81902,,,1,73,,81903,,,1,100,,81904,,,1,100,,81905,,,1
90701,'907-Weekday-6-26-02-1111100',540,,81906,,,1,70,,81907,,,1,27,,81908,,,1,16,,81909,,,1,55,,81910,,,1,15,,81911,,,1,15,,81912,,,1,15,,81913,,,1,55,,81914,,,1,15,,81915,,,1,15,,81916,,,1,71,,81917,,,1,30,,81918,,,1,70,,81919,,,1,30,,81920,,,1,70,,81921,,,1,30,,81922,,,1,70,,81923,,,1,30,,81924,,,1,70,,81925,,,1,30,,81926,,,1,70,,81927,,,1,30,,81928,,,1,71,,81929,,,1,22,,81930,,,1,17,,81931,,,1,55,,81932,,,1,15,,81933,,,1,15,,81934,,,1,15,,81935,,,1,55,,81936,,,1,15,,81937,,,1,15,,81938,,,1,15,,81939,,,1,67,,81940,,,1,23,,81941,,,1,70,,81942,,,1,30,,81943,,,1,70,,81944,,,1,30,,81945,,,1,70,,81946,,,1,30,,81947,,,1,73,,81948,,,1,100,,81949,,,1,100,,81950,,,1
90701,'907-Weekday-7-26-02-1111100',540,,81951,,,1,70,,81952,,,1,27,,81953,,,1,16,,81954,,,1,55,,81955,,,1,15,,81956,,,1,15,,81957,,,1,15,,81958,,,1,55,,81959,,,1,15,,81960,,,1,15,,81961,,,1,71,,81962,,,1,30,,81963,,,1,70,,81964,,,1,30,,81965,,,1,70,,81966,,,1,30,,81967,,,1,70,,81968,,,1,30,,81969,,,1,70,,81970,,,1,30,,81971,,,1,70,,81972,,,1,30,,81973,,,1,71,,81974,,,1,22,,81975,,,1,17,,81976,,,1,55,,81977,,,1,15,,81978,,,1,15,,81979,,,1,15,,81980,,,1,55,,81981,,,1,15,,81982,,,1,15,,81983,,,1,15,,81984,,,1,67,,81985,,,1,23,,81986,,,1,70,,81987,,,1,30,,81988,,,1,70,,81989,,,1,30,,81990,,,1,70,,81991,,,1,30,,81992,,,1,73,,81993,,,1,100,,81994,,,1,100,,81995,,,1
90701,'907-Weekday-8-26-02-1111100',540,,81996,,,1,70,,81997,,,1,27,,81998,,,1,16,,81999,,,1,55,,82000,,,1,15,,82001,,,1,15,,82002,,,1,15,,82003,,,1,55,,82004,,,1,15,,82005,,,1,15,,82006,,,1,71,,82007,,,1,30,,82008,,,1,70,,82009,,,1,30,,82010,,,1,70,,82011,,,1,30,,82012,,,1,70,,82013,,,1,30,,82014,,,1,70,,82015,,,1,30,,82016,,,1,70,,82017,,,1,30,,82018,,,1,71,,82019,,,1,22,,82020,,,1,17,,82021,,,1,55,,82022,,,1,15,,82023,,,1,15,,82024,,,1,15,,82025,,,1,55,,82026,,,1,15,,82027,,,1,15,,82028,,,1,15,,82029,,,1,67,,82030,,,1,23,,82031,,,1,70,,82032,,,1,30,,82033,,,1,70,,82034,,,1,30,,82035,,,1,70,,82036,,,1,30,,82037,,,1,73,,82038,,,1,100,,82039,,,1,100,,82040,,,1
90701,'907-Weekday-9-26-02-1111100',540,,82041,,,1,70,,82042,,,1,27,,82043,,,1,16,,82044,,,1,55,,82045,,,1,15,,82046,,,1,15,,82047,,,1,15,,82048,,,1,55,,82049,,,1,15,,82050,,,1,15,,82051,,,1,71,,82052,,,1,30,,82053,,,1,70,,82054,,,1,30,,82055,,,1,70,,82056,,,1,30,,82057,,,1,70,,82058,,,1,30,,82059,,,1,70,,82060,,,1,30,,82061,,,1,70,,82062,,,1,30,,82063,,,1,71,,82064,,,1,22,,82065,,,1,17,,82066,,,1,55,,82067,,,1,15,,82068,,,1,15,,82069,,,1,15,,82070,,,1,55,,82071,,,1,15,,82072,,,1,15,,82073,,,1,15,,82074,,,1,67,,82075,,,1,23,,82076,,,1,70,,82077,,,1,30,,82078,,,1,70,,82079,,,1,30,,82080,,,1,70,,82081,,,1,30,,82082,,,1,73,,82083,,,1,100,,82084,,,1,100,,82085,,,1
90701,'907-Saturday-1-26-02-0000010',642,,14368,,,1,100,,14369,,,1,100,,14370,,,1,67,,14371,,,1,30,,14372,,,1,70,,14373,,,1,30,,14374,,,1,70,,14375,,,1,30,,14376,,,1,70,,14377,,,1,30,,14378,,,1,70,,14379,,,1,30,,14380,,,1,70,,14381,,,1,30,,14382,,,1,70,,14383,,,1,30,,14384,,,1,70,,14385,,,1,30,,14386,,,1,72,,14387,,,1,30,,14388,,,1,70,,14389,,,1,30,,14390,,,1,70,,14391,,,1,100,,14392,,,1,100,,14393,,,1,100,,14394,,,1
90701,'907-Sunday-1-26-02-0000001',1043,,82086,,,1,70,,82087,,,1,30,,82088,,,1,70,,82089,,,1,30,,82090,,,1,70,,82091,,,1,30,,82092,,,1,70,,82093,,,1,30,,82094,,,1,70,,82095,,,1,30,,82096,,,1,70,,82097,,,1,30,,82098,,,1,70,,82099,,,1,30,,82100,,,1,70,,82101,,,1,30,,82102,,,1,70,,82103,,,1,30,,82104,,,1
