5300,'053-Weekday-1-26-04-1111100',529,,111867,3,,,1,30,,111868,3,,,1,71,,111869,3,,,1,15,,111897,3,,,1,55,,111870,3,,,1,15,,111898,3,,,1,15,,111871,3,,,1,15,,111872,3,,,1,55,,111903,3,,,1,15,,111904,3,,,1,15,,111873,3,,,1,74,,111909,3,,,1,28,,111874,3,,,1,70,,111875,3,,,1,30,,111876,3,,,1,70,,111877,3,,,1,30,,111878,3,,,1,70,,111879,3,,,1,30,,111880,3,,,1,70,,111881,3,,,1,30,,111882,3,,,1,70,,111883,3,,,1,29,,111884,3,,,1,18,,111901,3,,,1,58,,111885,3,,,1,18,,111902,3,,,1,16,,111886,3,,,1,15,,111899,3,,,1,55,,111900,3,,,1,15,,111887,3,,,1,15,,111905,3,,,1,15,,111906,3,,,1,55,,111888,3,,,1,15,,111910,3,,,1,15,,111911,3,,,1,69,,111889,3,,,1,29,,111890,3,,,1,68,,111891,3,,,1,26,,111892,3,,,1,70,,111893,3,,,1,30,,111894,3,,,1,70,,111895,3,,,1,30,,111896,3,,,1,70,,111866,3,,,1,52,,111907,3,,,1,100,,111908,3,,,1
5300,'053-Saturday-1-26-04-0000010',602,,111912,3,,,1,100,,111913,3,,,1,100,,111914,3,,,1,51,,111915,3,,,1,70,,111916,3,,,1,30,,111917,3,,,1,70,,111918,3,,,1,30,,111919,3,,,1,70,,111920,3,,,1,30,,111921,3,,,1,70,,111922,3,,,1,30,,111923,3,,,1,70,,111924,3,,,1,30,,111925,3,,,1,70,,111926,3,,,1,30,,111927,3,,,1,70,,111928,3,,,1,30,,111929,3,,,1,70,,111930,3,,,1,30,,111931,3,,,1,70,,111932,3,,,1,30,,111933,3,,,1,70,,111934,3,,,1,30,,111935,3,,,1,70,,111936,3,,,1,79,,111937,3,,,1,100,,111938,3,,,1,100,,111939,3,,,1,100,,111940,3,,,1
5300,'053-Sunday-1-26-04-0000001',701,,111941,3,,,1,100,,111942,3,,,1,100,,111943,3,,,1,104,,111944,3,,,1,30,,111945,3,,,1,70,,111946,3,,,1,30,,111947,3,,,1,70,,111948,3,,,1,30,,111949,3,,,1,70,,111950,3,,,1,30,,111951,3,,,1,70,,111952,3,,,1,30,,111953,3,,,1,70,,111954,3,,,1,30,,111955,3,,,1,70,,111956,3,,,1,30,,111957,3,,,1,70,,111958,3,,,1,30,,111959,3,,,1,70,,111960,3,,,1,30,,111961,3,,,1,70,,111962,3,,,1,96,,111963,3,,,1,100,,111964,3,,,1,100,,111965,3,,,1,100,,111966,3,,,1
50800,'508-Weekday-1-26-04-1111100',531,,117547,3,,,1,70,,117548,3,,,1,30,,117552,3,,,1,70,,117574,3,,,1,25,,117549,3,,,1,20,,117571,3,,,1,60,,117550,3,,,1,20,,117551,3,,,1,18,,117582,3,,,1,72,,117553,3,,,1,30,,117554,3,,,1,70,,117555,3,,,1,30,,117556,3,,,1,70,,117557,3,,,1,30,,117558,3,,,1,70,,117559,3,,,1,30,,117560,3,,,1,70,,117561,3,,,1,30,,117562,3,,,1,70,,117563,3,,,1,30,,117564,3,,,1,65,,117565,3,,,1,20,,117572,3,,,1,20,,117566,3,,,1,60,,117567,3,,,1,20,,117568,3,,,1,20,,117569,3,,,1,60,,117570,3,,,1,20,,117584,3,,,1,70,,117583,3,,,1,29,,117575,3,,,1,70,,117576,3,,,1,30,,117577,3,,,1,70,,117578,3,,,1,31,,117579,3,,,1,70,,117580,3,,,1,30,,117581,3,,,1,70,,117573,3,,,1
50800,'508-Saturday-1-26-04-0000010',635,,117585,3,,,1,100,,117586,3,,,1,100,,117587,3,,,1,70,,117588,3,,,1,30,,117589,3,,,1,70,,117590,3,,,1,30,,117591,3,,,1,70,,117592,3,,,1,30,,117593,3,,,1,70,,117594,3,,,1,30,,117595,3,,,1,70,,117596,3,,,1,30,,117597,3,,,1,70,,117598,3,,,1,30,,117599,3,,,1,70,,117600,3,,,1,30,,117601,3,,,1,70,,117602,3,,,1,30,,117603,3,,,1,70,,117604,3,,,1,30,,117605,3,,,1,70,,117606,3,,,1,30,,117607,3,,,1,70,,117608,3,,,1
50800,'508-Sunday-1-26-04-0000001',1037,,117609,3,,,1,70,,117610,3,,,1,30,,117611,3,,,1,70,,117612,3,,,1,30,,117613,3,,,1,70,,117614,3,,,1,30,,117615,3,,,1,70,,117616,3,,,1,30,,117617,3,,,1,70,,117618,3,,,1,30,,117619,3,,,1,70,,117620,3,,,1,30,,117621,3,,,1,70,,117622,3,,,1,30,,117623,3,,,1,70,,117624,3,,,1,30,,117625,3,,,1
51500,'515-Weekday-1-26-04-0001000',1235,,118222,3,,,1
51500,'515-Weekday-1-26-04-1110100',1524,,118223,3,,,1,26,,118224,3,,,1
51500,'515-Weekday-1-26-04-1111100',539,,118225,3,,,1,70,,118271,3,,,1,30,,118260,3,,,1,15,,118266,3,,,1,55,,118267,3,,,1,15,,118226,3,,,1,15,,118227,3,,,1,15,,118228,3,,,1,55,,118262,3,,,1,15,,118229,3,,,1,20,,118230,3,,,1,60,,118254,3,,,1,20,,118231,3,,,1,20,,118232,3,,,1,60,,118255,3,,,1,20,,118233,3,,,1,20,,118234,3,,,1,60,,118256,3,,,1,20,,118235,3,,,1,20,,118236,3,,,1,60,,118257,3,,,1,20,,118237,3,,,1,20,,118238,3,,,1,60,,118258,3,,,1,20,,118239,3,,,1,20,,118240,3,,,1,60,,118259,3,,,1,20,,118241,3,,,1,20,,118242,3,,,1,56,,118275,3,,,1,15,,118264,3,,,1,15,,118272,3,,,1,15,,118265,3,,,1,55,,118261,3,,,1,15,,118273,3,,,1,15,,118274,3,,,1,15,,118269,3,,,1,55,,118263,3,,,1,15,,118243,3,,,1,15,,118244,3,,,1,70,,118268,3,,,1,30,,118245,3,,,1,29,,118246,3,,,1,70,,118247,3,,,1,30,,118248,3,,,1,70,,118249,3,,,1,30,,118250,3,,,1,70,,118251,3,,,1,30,,118270,3,,,1,100,,118252,3,,,1,100,,118253,3,,,1
51500,'515-Saturday-1-26-04-0000010',618,,118276,3,,,1,99,,118277,3,,,1,84,,118278,3,,,1,20,,118308,3,,,1,21,,118279,3,,,1,61,,118280,3,,,1,20,,118281,3,,,1,20,,118309,3,,,1,60,,118282,3,,,1,20,,118283,3,,,1,20,,118310,3,,,1,60,,118284,3,,,1,20,,118285,3,,,1,20,,118311,3,,,1,60,,118286,3,,,1,20,,118287,3,,,1,20,,118312,3,,,1,60,,118288,3,,,1,20,,118289,3,,,1,20,,118313,3,,,1,60,,118290,3,,,1,20,,118291,3,,,1,20,,118314,3,,,1,60,,118292,3,,,1,20,,118293,3,,,1,20,,118315,3,,,1,60,,118294,3,,,1,20,,118295,3,,,1,20,,118316,3,,,1,60,,118296,3,,,1,20,,118297,3,,,1,20,,118317,3,,,1,60,,118298,3,,,1,20,,118299,3,,,1,20,,118318,3,,,1,60,,118300,3,,,1,30,,118301,3,,,1,70,,118306,3,,,1,30,,118303,3,,,1,70,,118307,3,,,1,30,,118304,3,,,1,100,,118302,3,,,1,100,,118305,3,,,1
51500,'515-Sunday-1-26-04-0000001',618,,118319,3,,,1,100,,118320,3,,,1,100,,118321,3,,,1,98,,118322,3,,,1,85,,118323,3,,,1,20,,118324,3,,,1,20,,118348,3,,,1,60,,118325,3,,,1,20,,118326,3,,,1,20,,118349,3,,,1,60,,118327,3,,,1,20,,118328,3,,,1,20,,118350,3,,,1,60,,118329,3,,,1,20,,118330,3,,,1,20,,118351,3,,,1,60,,118331,3,,,1,20,,118332,3,,,1,20,,118352,3,,,1,60,,118333,3,,,1,20,,118334,3,,,1,20,,118353,3,,,1,60,,118335,3,,,1,20,,118336,3,,,1,20,,118354,3,,,1,60,,118337,3,,,1,22,,118338,3,,,1,20,,118355,3,,,1,60,,118339,3,,,1,20,,118340,3,,,1,20,,118356,3,,,1,60,,118341,3,,,1,30,,118344,3,,,1,70,,118342,3,,,1,30,,118345,3,,,1,70,,118346,3,,,1,100,,118343,3,,,1,100,,118347,3,,,1,100,,118357,3,,,1
52701,'527-Weekday-1-26-04-1111100',537,,120189,3,,,1,70,,120190,3,,,1,30,,120191,3,,,1,70,,120192,3,,,1,20,,120193,3,,,1,20,,120194,3,,,1,60,,120195,3,,,1,20,,120196,3,,,1,20,,120197,3,,,1,60,,120198,3,,,1,30,,120199,3,,,1,70,,120200,3,,,1,30,,120201,3,,,1,70,,120202,3,,,1,30,,120203,3,,,1,70,,120204,3,,,1,30,,120205,3,,,1,70,,120206,3,,,1,30,,120207,3,,,1,70,,120208,3,,,1,30,,120209,3,,,1,70,,120210,3,,,1,20,,120211,3,,,1,20,,120212,3,,,1,60,,120213,3,,,1,20,,120214,3,,,1,20,,120215,3,,,1,60,,120216,3,,,1,20,,120217,3,,,1,20,,120218,3,,,1,60,,120219,3,,,1,30,,120220,3,,,1,70,,120221,3,,,1,30,,120222,3,,,1,70,,120223,3,,,1,30,,120224,3,,,1,70,,120225,3,,,1,30,,120226,3,,,1
52701,'527-Saturday-1-26-04-0000010',613,,120228,3,,,1,100,,120229,3,,,1,100,,120230,3,,,1,30,,120231,3,,,1,70,,120232,3,,,1,30,,120233,3,,,1,70,,120234,3,,,1,30,,120235,3,,,1,70,,120236,3,,,1,30,,120237,3,,,1,70,,120238,3,,,1,30,,120239,3,,,1,70,,120240,3,,,1,30,,120241,3,,,1,70,,120242,3,,,1,30,,120243,3,,,1,70,,120244,3,,,1,30,,120245,3,,,1,70,,120246,3,,,1,30,,120247,3,,,1,70,,120248,3,,,1,30,,120249,3,,,1,70,,120250,3,,,1,30,,120251,3,,,1
52701,'527-Sunday-1-26-04-0000001',1017,,120252,3,,,1,30,,120253,3,,,1,70,,120254,3,,,1,30,,120255,3,,,1,70,,120256,3,,,1,30,,120257,3,,,1,70,,120258,3,,,1,30,,120259,3,,,1,70,,120260,3,,,1,30,,120261,3,,,1,70,,120262,3,,,1,30,,120263,3,,,1,70,,120264,3,,,1,30,,120265,3,,,1,70,,120266,3,,,1,30,,120267,3,,,1,70,,120268,3,,,1,30,,120269,3,,,1
