52101,'521-Weekday-1-26-09-1111100',548,,225883,21,,,1,70,,225884,21,,,1,13,,225885,21,,,1,14,,225886,21,,,1,14,,225927,21,,,1,52,,225922,21,,,1,12,,225887,21,,,1,12,,225888,21,,,1,12,,225889,21,,,1,12,,225928,21,,,1,52,,225921,21,,,1,12,,225890,21,,,1,12,,225891,21,,,1,12,,225926,21,,,1,67,,225892,21,,,1,29,,225893,21,,,1,70,,225894,21,,,1,30,,225895,21,,,1,70,,225896,21,,,1,30,,225897,21,,,1,70,,225898,21,,,1,30,,225899,21,,,1,70,,225900,21,,,1,30,,225901,21,,,1,70,,225902,21,,,1,30,,225903,21,,,1,76,,225925,21,,,1,35,,225924,21,,,1,55,,225904,21,,,1,1,,225931,21,,,1,14,,225905,21,,,1,15,,225906,21,,,1,15,,225907,21,,,1,55,,225908,21,,,1,15,,225909,21,,,1,15,,225910,21,,,1,15,,225911,21,,,1,55,,225912,21,,,1,15,,225913,21,,,1,23,,225923,21,,,1,68,,225914,21,,,1,30,,225915,21,,,1,70,,225916,21,,,1,30,,225917,21,,,1,70,,225918,21,,,1,30,,225919,21,,,1,69,,225920,21,,,1,100,,225929,21,,,1,100,,225930,21,,,1
52101,'521-Weekday-2-26-09-1111100',548,,225932,21,,,1,70,,225933,21,,,1,13,,225934,21,,,1,14,,225935,21,,,1,14,,225976,21,,,1,52,,225971,21,,,1,12,,225936,21,,,1,12,,225937,21,,,1,12,,225938,21,,,1,12,,225977,21,,,1,52,,225970,21,,,1,12,,225939,21,,,1,12,,225940,21,,,1,12,,225975,21,,,1,67,,225941,21,,,1,29,,225942,21,,,1,70,,225943,21,,,1,30,,225944,21,,,1,70,,225945,21,,,1,30,,225946,21,,,1,70,,225947,21,,,1,30,,225948,21,,,1,70,,225949,21,,,1,30,,225950,21,,,1,70,,225951,21,,,1,30,,225952,21,,,1,76,,225974,21,,,1,35,,225973,21,,,1,55,,225953,21,,,1,1,,225980,21,,,1,14,,225954,21,,,1,15,,225955,21,,,1,15,,225956,21,,,1,55,,225957,21,,,1,15,,225958,21,,,1,15,,225959,21,,,1,15,,225960,21,,,1,55,,225961,21,,,1,15,,225962,21,,,1,23,,225972,21,,,1,68,,225963,21,,,1,30,,225964,21,,,1,70,,225965,21,,,1,30,,225966,21,,,1,70,,225967,21,,,1,30,,225968,21,,,1,69,,225969,21,,,1,100,,225978,21,,,1,100,,225979,21,,,1
52101,'521-Weekday-4-26-09-1111100',548,,225981,21,,,1,70,,225982,21,,,1,13,,225983,21,,,1,14,,225984,21,,,1,14,,226025,21,,,1,52,,226020,21,,,1,12,,225985,21,,,1,12,,225986,21,,,1,12,,225987,21,,,1,12,,226026,21,,,1,52,,226019,21,,,1,12,,225988,21,,,1,12,,225989,21,,,1,12,,226024,21,,,1,67,,225990,21,,,1,29,,225991,21,,,1,70,,225992,21,,,1,30,,225993,21,,,1,70,,225994,21,,,1,30,,225995,21,,,1,70,,225996,21,,,1,30,,225997,21,,,1,70,,225998,21,,,1,30,,225999,21,,,1,70,,226000,21,,,1,30,,226001,21,,,1,76,,226023,21,,,1,35,,226022,21,,,1,55,,226002,21,,,1,15,,226003,21,,,1,15,,226004,21,,,1,15,,226005,21,,,1,55,,226006,21,,,1,15,,226007,21,,,1,15,,226008,21,,,1,15,,226009,21,,,1,55,,226010,21,,,1,15,,226011,21,,,1,23,,226021,21,,,1,68,,226012,21,,,1,30,,226013,21,,,1,70,,226014,21,,,1,30,,226015,21,,,1,70,,226016,21,,,1,30,,226017,21,,,1,69,,226018,21,,,1,100,,226027,21,,,1,100,,226028,21,,,1
52101,'521-Saturday-1-26-09-0000010',811,,226029,21,,,1,30,,226030,21,,,1,71,,226031,21,,,1,32,,226032,21,,,1,70,,226033,21,,,1,30,,226034,21,,,1,70,,226035,21,,,1,30,,226036,21,,,1,70,,226037,21,,,1,30,,226038,21,,,1,70,,226039,21,,,1,30,,226040,21,,,1,70,,226041,21,,,1,30,,226042,21,,,1,70,,226043,21,,,1,30,,226044,21,,,1,70,,226045,21,,,1,30,,226046,21,,,1,70,,226047,21,,,1,30,,226048,21,,,1,70,,226049,21,,,1,30,,226050,21,,,1,70,,226051,21,,,1
52101,'521-Sunday-1-26-09-0000001',1014,,226052,21,,,1,30,,226053,21,,,1,70,,226054,21,,,1,30,,226055,21,,,1,70,,226056,21,,,1,30,,226057,21,,,1,70,,226058,21,,,1,30,,226059,21,,,1,70,,226060,21,,,1,30,,226061,21,,,1,70,,226062,21,,,1,30,,226063,21,,,1,70,,226064,21,,,1,30,,226065,21,,,1,69,,226066,21,,,1,30,,226067,21,,,1,70,,226068,21,,,1,30,,226069,21,,,1,70,,226070,21,,,1
63800,'638-Weekday-1-26-09-0000100',927,,227612,4,,,1,3,,227611,4,,,1
63800,'638-Weekday-1-26-09-1111000',800,,227614,4,,,1,2,,227613,4,,,1
63800,'638-Weekday-1-26-09-1111100',727,,227615,4,,,1,3,,227616,4,,,1
63800,'638-Weekday-3-26-09-1111000',800,,227618,4,,,1,2,,227617,4,,,1
66401,'664-Weekday-1-26-09-1111100',806,,227762,10,0,21 22,1,3,,227763,10,0,21 22,1
66401,'664-Weekday-3-26-09-1111100',806,,227764,10,0,21 22,1,3,,227765,10,0,21 22,1
