10900,'109-Weekday-1-26-04-1111100',529,,114512,49,,,1,30,,114513,49,,,1,70,,114514,49,,,1,73,,114555,49,,,1,15,,114515,49,,,1,15,,114551,49,,,1,15,,114516,49,,,1,55,,114517,49,,,1,15,,114518,49,,,1,15,,114552,49,,,1,15,,114519,49,,,1,54,,114520,49,,,1,29,,114521,49,,,1,70,,114522,49,,,1,30,,114523,49,,,1,70,,114524,49,,,1,30,,114525,49,,,1,70,,114526,49,,,1,30,,114527,49,,,1,70,,114528,49,,,1,30,,114529,49,,,1,70,,114530,49,,,1,30,,114531,49,,,1,70,,114532,49,,,1,34,,114533,49,,,1,15,,114534,49,,,1,55,,114553,49,,,1,15,,114535,49,,,1,15,,114536,49,,,1,15,,114537,49,,,1,55,,114554,49,,,1,15,,114538,49,,,1,15,,114539,49,,,1,70,,114540,49,,,1,30,,114541,49,,,1,25,,114542,49,,,1,70,,114543,49,,,1,30,,114544,49,,,1,70,,114545,49,,,1,30,,114546,49,,,1,70,,114547,49,,,1,30,,114548,49,,,1,70,,114556,49,,,1,100,,114549,49,,,1,100,,114550,49,,,1
10900,'109-Saturday-1-26-04-0000010',819,,114557,49,,,1,30,,114558,49,,,1,72,,114559,49,,,1,31,,114560,49,,,1,70,,114561,49,,,1,30,,114562,49,,,1,70,,114563,49,,,1,30,,114564,49,,,1,70,,114565,49,,,1,30,,114566,49,,,1,70,,114567,49,,,1,30,,114568,49,,,1,70,,114569,49,,,1,30,,114570,49,,,1,70,,114571,49,,,1,30,,114572,49,,,1,70,,114573,49,,,1,30,,114574,49,,,1,69,,114575,49,,,1,30,,114576,49,,,1,70,,114577,49,,,1,30,,114578,49,,,1,70,,114579,49,,,1,30,,114580,49,,,1,70,,114581,49,,,1,30,,114582,49,,,1,70,,114583,49,,,1,30,,114584,49,,,1,70,,114585,49,,,1
10900,'109-Sunday-1-26-04-0000001',1032,,114586,49,,,1,70,,114587,49,,,1,30,,114588,49,,,1,70,,114589,49,,,1,30,,114590,49,,,1,70,,114591,49,,,1,30,,114592,49,,,1,70,,114593,49,,,1,30,,114594,49,,,1,70,,114595,49,,,1,30,,114596,49,,,1,70,,114597,49,,,1,30,,114598,49,,,1,70,,114599,49,,,1,29,,114600,49,,,1,70,,114601,49,,,1,30,,114602,49,,,1,70,,114603,49,,,1
12400,'124-Weekday-1-26-04-1111100',558,,116575,37,,,1,70,,116578,37,,,1,73,,116542,37,,,1,15,,116543,37,,,1,15,,116544,37,,,1,15,,116545,37,,,1,55,,116546,37,,,1,15,,116547,37,,,1,15,,116548,37,,,1,15,,116549,37,,,1,55,,116569,37,,,1,30,,116570,37,,,1,70,,116571,37,,,1,30,,116550,37,,,1,70,,116551,37,,,1,30,,116552,37,,,1,70,,116553,37,,,1,30,,116554,37,,,1,70,,116555,37,,,1,30,,116556,37,,,1,70,,116574,37,,,1,30,,116576,37,,,1,70,,116577,37,,,1,34,,116572,37,,,1,8,,116538,37,,,1,7,,116557,37,,,1,55,,116558,37,,,1,15,,116559,37,,,1,15,,116560,37,,,1,15,,116561,37,,,1,55,,116562,37,,,1,15,,116563,37,,,1,15,,116564,37,,,1,15,,116565,37,,,1,55,,116573,37,,,1,29,,116568,37,,,1,67,,116579,37,,,1,30,,116580,37,,,1,70,,116539,37,,,1,30,,116540,37,,,1,70,,116541,37,,,1,30,,116566,37,,,1,70,,116567,37,,,1
12400,'124-Saturday-1-26-04-0000010',808,,116581,37,,,1,30,,116582,37,,,1,72,,116583,37,,,1,30,,116584,37,,,1,70,,116585,37,,,1,30,,116586,37,,,1,70,,116587,37,,,1,30,,116588,37,,,1,70,,116589,37,,,1,30,,116590,37,,,1,70,,116591,37,,,1,30,,116592,37,,,1,70,,116593,37,,,1,30,,116594,37,,,1,70,,116595,37,,,1,30,,116596,37,,,1,70,,116597,37,,,1,30,,116598,37,,,1,69,,116599,37,,,1,30,,116600,37,,,1,70,,116601,37,,,1,30,,116602,37,,,1,70,,116603,37,,,1
12400,'124-Sunday-1-26-04-0000001',1028,,116604,37,,,1,27,,116605,37,,,1,70,,116606,37,,,1,30,,116607,37,,,1,70,,116608,37,,,1,30,,116609,37,,,1,70,,116610,37,,,1,30,,116611,37,,,1,70,,116612,37,,,1,30,,116613,37,,,1,70,,116614,37,,,1,30,,116615,37,,,1,70,,116616,37,,,1,31,,116617,37,,,1,70,,116618,37,,,1,30,,116619,37,,,1,70,,116620,37,,,1,33,,116621,37,,,1,70,,116622,37,,,1
61800,'618-Weekday-1-26-04-0001000',1252,,120370,28,,,1
61800,'618-Weekday-1-26-04-1110100',1543,,120371,28,,,1
68300,'683-Weekday-1-26-04-0001000',1331,,120628,39,,,1,4,,120629,39,,,1
68300,'683-Weekday-1-26-04-1110100',1629,,120630,39,,,1,4,,120631,39,,,1
68300,'683-Weekday-1-26-04-1111100',1601,,120632,39,,,1,6,,120633,39,,,1
