10101,'101-Weekday-1-26-09-1111100',511,,214016,28,,,1,30,,214017,28,,,1,70,,214018,28,,,1,32,,214019,28,,,1,60,,214020,28,,,1,20,,214051,28,,,1,20,,214021,28,,,1,60,,214022,28,,,1,20,,214052,28,,,1,20,,214047,28,,,1,70,,214049,28,,,1,30,,214023,28,,,1,70,,214024,28,,,1,30,,214025,28,,,1,70,,214026,28,,,1,30,,214027,28,,,1,70,,214028,28,,,1,30,,214029,28,,,1,70,,214030,28,,,1,30,,214031,28,,,1,70,,214032,28,,,1,30,,214048,28,,,1,71,,214050,28,,,1,31,,214033,28,,,1,70,,214034,28,,,1,30,,214035,28,,,1,70,,214036,28,,,1,30,,214037,28,,,1,70,,214038,28,,,1,28,,214040,28,,,1,68,,214041,28,,,1,30,,214042,28,,,1,70,,214043,28,,,1,30,,214044,28,,,1,70,,214045,28,,,1,30,,214039,28,,,1,69,,214046,28,,,1
10101,'101-Weekday-2-26-09-1111100',511,,214053,28,,,1,30,,214054,28,,,1,70,,214055,28,,,1,32,,214056,28,,,1,60,,214057,28,,,1,20,,214088,28,,,1,20,,214058,28,,,1,60,,214059,28,,,1,20,,214089,28,,,1,20,,214084,28,,,1,70,,214086,28,,,1,30,,214060,28,,,1,70,,214061,28,,,1,30,,214062,28,,,1,70,,214063,28,,,1,30,,214064,28,,,1,70,,214065,28,,,1,30,,214066,28,,,1,70,,214067,28,,,1,30,,214068,28,,,1,70,,214069,28,,,1,30,,214085,28,,,1,71,,214087,28,,,1,31,,214070,28,,,1,70,,214071,28,,,1,30,,214072,28,,,1,70,,214073,28,,,1,30,,214074,28,,,1,70,,214075,28,,,1,28,,214077,28,,,1,68,,214078,28,,,1,30,,214079,28,,,1,70,,214080,28,,,1,30,,214081,28,,,1,70,,214082,28,,,1,30,,214076,28,,,1,69,,214083,28,,,1
10101,'101-Weekday-4-26-09-1111100',511,,214090,28,,,1,30,,214091,28,,,1,70,,214092,28,,,1,32,,214093,28,,,1,60,,214094,28,,,1,20,,214125,28,,,1,20,,214095,28,,,1,60,,214096,28,,,1,20,,214126,28,,,1,20,,214121,28,,,1,70,,214123,28,,,1,30,,214097,28,,,1,70,,214098,28,,,1,30,,214099,28,,,1,70,,214100,28,,,1,30,,214101,28,,,1,70,,214102,28,,,1,30,,214103,28,,,1,70,,214104,28,,,1,30,,214105,28,,,1,70,,214106,28,,,1,30,,214122,28,,,1,71,,214124,28,,,1,31,,214107,28,,,1,70,,214108,28,,,1,30,,214109,28,,,1,70,,214110,28,,,1,30,,214111,28,,,1,70,,214112,28,,,1,28,,214114,28,,,1,68,,214115,28,,,1,30,,214116,28,,,1,70,,214117,28,,,1,30,,214118,28,,,1,70,,214119,28,,,1,30,,214113,28,,,1,69,,214120,28,,,1
10101,'101-Saturday-1-26-09-0000010',632,,214127,28,,,1,100,,214128,28,,,1,100,,214129,28,,,1,87,,214130,28,,,1,31,,214131,28,,,1,70,,214132,28,,,1,30,,214133,28,,,1,70,,214134,28,,,1,30,,214135,28,,,1,70,,214136,28,,,1,30,,214137,28,,,1,70,,214138,28,,,1,30,,214139,28,,,1,70,,214140,28,,,1,30,,214141,28,,,1,70,,214142,28,,,1,30,,214143,28,,,1,70,,214144,28,,,1,30,,214145,28,,,1,70,,214146,28,,,1,30,,214147,28,,,1,70,,214148,28,,,1,30,,214149,28,,,1,70,,214152,28,,,1,100,,214150,28,,,1,100,,214151,28,,,1,100,,214153,28,,,1
10101,'101-Sunday-1-26-09-0000001',1017,,214168,28,,,1,29,,214155,28,,,1,70,,214156,28,,,1,30,,214157,28,,,1,70,,214158,28,,,1,30,,214159,28,,,1,70,,214160,28,,,1,30,,214161,28,,,1,70,,214162,28,,,1,30,,214163,28,,,1,70,,214164,28,,,1,30,,214165,28,,,1,70,,214166,28,,,1,30,,214169,28,,,1,69,,214167,28,,,1,30,,214154,28,,,1,71,,214170,28,,,1,30,,214171,28,,,1,70,,214172,28,,,1,100,,214173,28,,,1,100,,214174,28,,,1
11101,'111-Weekday-1-26-09-1111100',913,,217243,4,,,1,100,,217244,4,,,1,100,,217245,4,,,1,100,,217246,4,,,1,100,,217247,4,,,1,100,,217248,4,,,1,100,,217249,4,,,1
11101,'111-Weekday-2-26-09-1111100',913,,217250,4,,,1,100,,217251,4,,,1,100,,217252,4,,,1,100,,217253,4,,,1,100,,217254,4,,,1,100,,217255,4,,,1,100,,217256,4,,,1
11101,'111-Weekday-4-26-09-1111100',913,,217257,4,,,1,100,,217258,4,,,1,100,,217259,4,,,1,100,,217260,4,,,1,100,,217261,4,,,1,100,,217262,4,,,1,100,,217263,4,,,1
62201,'622-Weekday-1-26-09-1111100',734,,227513,4,,,1,20,,227514,4,,,1,60,,227509,4,,,1,20,,227510,4,,,1,20,,227511,4,,,1,60,,227512,4,,,1,587,,227515,4,,,1,20,,227516,4,,,1,20,,227517,4,,,1,60,,227518,4,,,1,20,,227519,4,,,1,20,,227520,4,,,1,59,,227521,4,,,1
62201,'622-Weekday-2-26-09-1111100',734,,227526,4,,,1,20,,227527,4,,,1,60,,227522,4,,,1,20,,227523,4,,,1,20,,227524,4,,,1,60,,227525,4,,,1,587,,227528,4,,,1,20,,227529,4,,,1,20,,227530,4,,,1,60,,227531,4,,,1,20,,227532,4,,,1,20,,227533,4,,,1,59,,227534,4,,,1
62201,'622-Weekday-4-26-09-1111100',734,,227539,4,,,1,20,,227540,4,,,1,60,,227535,4,,,1,20,,227536,4,,,1,20,,227537,4,,,1,60,,227538,4,,,1,587,,227541,4,,,1,20,,227542,4,,,1,20,,227543,4,,,1,60,,227544,4,,,1,20,,227545,4,,,1,20,,227546,4,,,1,59,,227547,4,,,1
