50800,'508-Weekday-1-26-09-1111100',532,,222691,4,,,1,70,,222692,4,,,1,31,,222696,4,,,1,70,,222718,4,,,1,25,,222693,4,,,1,20,,222715,4,,,1,60,,222694,4,,,1,20,,222695,4,,,1,18,,222726,4,,,1,71,,222697,4,,,1,30,,222698,4,,,1,70,,222699,4,,,1,30,,222700,4,,,1,70,,222701,4,,,1,30,,222702,4,,,1,70,,222703,4,,,1,30,,222704,4,,,1,70,,222705,4,,,1,30,,222706,4,,,1,70,,222707,4,,,1,30,,222708,4,,,1,67,,222709,4,,,1,20,,222716,4,,,1,20,,222710,4,,,1,60,,222711,4,,,1,20,,222712,4,,,1,20,,222713,4,,,1,60,,222714,4,,,1,20,,222728,4,,,1,70,,222727,4,,,1,27,,222719,4,,,1,70,,222720,4,,,1,30,,222721,4,,,1,70,,222722,4,,,1,31,,222723,4,,,1,70,,222724,4,,,1,30,,222725,4,,,1,70,,222717,4,,,1
50800,'508-Weekday-2-26-09-1111100',532,,222729,4,,,1,70,,222730,4,,,1,31,,222734,4,,,1,70,,222756,4,,,1,25,,222731,4,,,1,20,,222753,4,,,1,60,,222732,4,,,1,20,,222733,4,,,1,18,,222764,4,,,1,71,,222735,4,,,1,30,,222736,4,,,1,70,,222737,4,,,1,30,,222738,4,,,1,70,,222739,4,,,1,30,,222740,4,,,1,70,,222741,4,,,1,30,,222742,4,,,1,70,,222743,4,,,1,30,,222744,4,,,1,70,,222745,4,,,1,30,,222746,4,,,1,67,,222747,4,,,1,20,,222754,4,,,1,20,,222748,4,,,1,60,,222749,4,,,1,20,,222750,4,,,1,20,,222751,4,,,1,60,,222752,4,,,1,20,,222766,4,,,1,70,,222765,4,,,1,27,,222757,4,,,1,70,,222758,4,,,1,30,,222759,4,,,1,70,,222760,4,,,1,31,,222761,4,,,1,70,,222762,4,,,1,30,,222763,4,,,1,70,,222755,4,,,1
50800,'508-Weekday-4-26-09-1111100',532,,222767,4,,,1,70,,222768,4,,,1,31,,222772,4,,,1,70,,222794,4,,,1,25,,222769,4,,,1,20,,222791,4,,,1,60,,222770,4,,,1,20,,222771,4,,,1,18,,222802,4,,,1,71,,222773,4,,,1,30,,222774,4,,,1,70,,222775,4,,,1,30,,222776,4,,,1,70,,222777,4,,,1,30,,222778,4,,,1,70,,222779,4,,,1,30,,222780,4,,,1,70,,222781,4,,,1,30,,222782,4,,,1,70,,222783,4,,,1,30,,222784,4,,,1,67,,222785,4,,,1,20,,222792,4,,,1,20,,222786,4,,,1,60,,222787,4,,,1,20,,222788,4,,,1,20,,222789,4,,,1,60,,222790,4,,,1,20,,222804,4,,,1,70,,222803,4,,,1,27,,222795,4,,,1,70,,222796,4,,,1,30,,222797,4,,,1,70,,222798,4,,,1,31,,222799,4,,,1,70,,222800,4,,,1,30,,222801,4,,,1,70,,222793,4,,,1
50800,'508-Saturday-1-26-09-0000010',636,,222805,4,,,1,100,,222806,4,,,1,100,,222807,4,,,1,70,,222808,4,,,1,30,,222809,4,,,1,70,,222810,4,,,1,30,,222811,4,,,1,70,,222812,4,,,1,30,,222813,4,,,1,70,,222814,4,,,1,30,,222815,4,,,1,70,,222816,4,,,1,30,,222817,4,,,1,70,,222818,4,,,1,30,,222819,4,,,1,70,,222820,4,,,1,30,,222821,4,,,1,70,,222822,4,,,1,30,,222823,4,,,1,70,,222824,4,,,1,30,,222825,4,,,1,70,,222826,4,,,1,30,,222827,4,,,1,70,,222828,4,,,1
50800,'508-Sunday-1-26-09-0000001',1038,,222829,4,,,1,70,,222830,4,,,1,30,,222831,4,,,1,70,,222832,4,,,1,30,,222833,4,,,1,70,,222834,4,,,1,30,,222835,4,,,1,70,,222836,4,,,1,30,,222837,4,,,1,70,,222838,4,,,1,30,,222839,4,,,1,70,,222840,4,,,1,30,,222841,4,,,1,70,,222842,4,,,1,30,,222843,4,,,1,70,,222844,4,,,1,30,,222845,4,,,1
51500,'515-Weekday-1-26-09-1110100',1526,,223522,5,,,1
51500,'515-Weekday-1-26-09-1111100',540,,223523,5,,,1,70,,223564,5,,,1,31,,223556,5,,,1,15,,223569,5,,,1,55,,223560,5,,,1,15,,223561,5,,,1,15,,223524,5,,,1,15,,223570,5,,,1,55,,223525,5,,,1,15,,223526,5,,,1,20,,223527,5,,,1,60,,223550,5,,,1,20,,223528,5,,,1,20,,223529,5,,,1,60,,223551,5,,,1,20,,223530,5,,,1,20,,223531,5,,,1,60,,223552,5,,,1,20,,223532,5,,,1,20,,223533,5,,,1,60,,223553,5,,,1,20,,223534,5,,,1,20,,223535,5,,,1,60,,223554,5,,,1,20,,223536,5,,,1,20,,223537,5,,,1,60,,223555,5,,,1,20,,223538,5,,,1,20,,223539,5,,,1,55,,223568,5,,,1,16,,223571,5,,,1,15,,223558,5,,,1,15,,223565,5,,,1,55,,223559,5,,,1,15,,223572,5,,,1,15,,223557,5,,,1,15,,223566,5,,,1,55,,223567,5,,,1,15,,223573,5,,,1,15,,223540,5,,,1,70,,223562,5,,,1,29,,223541,5,,,1,70,,223542,5,,,1,30,,223543,5,,,1,70,,223544,5,,,1,30,,223545,5,,,1,70,,223546,5,,,1,30,,223547,5,,,1,70,,223563,5,,,1,100,,223548,5,,,1,100,,223549,5,,,1
51500,'515-Weekday-2-26-09-1110100',1526,,223574,5,,,1
51500,'515-Weekday-2-26-09-1111100',540,,223575,5,,,1,70,,223616,5,,,1,31,,223608,5,,,1,15,,223621,5,,,1,55,,223612,5,,,1,15,,223613,5,,,1,15,,223576,5,,,1,15,,223622,5,,,1,55,,223577,5,,,1,15,,223578,5,,,1,20,,223579,5,,,1,60,,223602,5,,,1,20,,223580,5,,,1,20,,223581,5,,,1,60,,223603,5,,,1,20,,223582,5,,,1,20,,223583,5,,,1,60,,223604,5,,,1,20,,223584,5,,,1,20,,223585,5,,,1,60,,223605,5,,,1,20,,223586,5,,,1,20,,223587,5,,,1,60,,223606,5,,,1,20,,223588,5,,,1,20,,223589,5,,,1,60,,223607,5,,,1,20,,223590,5,,,1,20,,223591,5,,,1,55,,223620,5,,,1,16,,223623,5,,,1,15,,223610,5,,,1,15,,223617,5,,,1,55,,223611,5,,,1,15,,223624,5,,,1,15,,223609,5,,,1,15,,223618,5,,,1,55,,223619,5,,,1,15,,223625,5,,,1,15,,223592,5,,,1,70,,223614,5,,,1,29,,223593,5,,,1,70,,223594,5,,,1,30,,223595,5,,,1,70,,223596,5,,,1,30,,223597,5,,,1,70,,223598,5,,,1,30,,223599,5,,,1,70,,223615,5,,,1,100,,223600,5,,,1,100,,223601,5,,,1
51500,'515-Weekday-4-26-09-1111100',540,,223626,5,,,1,70,,223667,5,,,1,31,,223659,5,,,1,15,,223672,5,,,1,55,,223663,5,,,1,15,,223664,5,,,1,15,,223627,5,,,1,15,,223673,5,,,1,55,,223628,5,,,1,15,,223629,5,,,1,20,,223630,5,,,1,60,,223653,5,,,1,20,,223631,5,,,1,20,,223632,5,,,1,60,,223654,5,,,1,20,,223633,5,,,1,20,,223634,5,,,1,60,,223655,5,,,1,20,,223635,5,,,1,20,,223636,5,,,1,60,,223656,5,,,1,20,,223637,5,,,1,20,,223638,5,,,1,60,,223657,5,,,1,20,,223639,5,,,1,20,,223640,5,,,1,60,,223658,5,,,1,20,,223641,5,,,1,20,,223642,5,,,1,55,,223671,5,,,1,16,,223674,5,,,1,15,,223661,5,,,1,15,,223668,5,,,1,55,,223662,5,,,1,15,,223675,5,,,1,15,,223660,5,,,1,15,,223669,5,,,1,55,,223670,5,,,1,15,,223676,5,,,1,15,,223643,5,,,1,70,,223665,5,,,1,29,,223644,5,,,1,70,,223645,5,,,1,30,,223646,5,,,1,70,,223647,5,,,1,30,,223648,5,,,1,70,,223649,5,,,1,30,,223650,5,,,1,70,,223666,5,,,1,100,,223651,5,,,1,100,,223652,5,,,1
51500,'515-Saturday-1-26-09-0000010',619,,223677,5,,,1,99,,223678,5,,,1,84,,223679,5,,,1,20,,223709,5,,,1,21,,223680,5,,,1,62,,223681,5,,,1,20,,223682,5,,,1,20,,223710,5,,,1,60,,223683,5,,,1,20,,223684,5,,,1,20,,223711,5,,,1,60,,223685,5,,,1,20,,223686,5,,,1,20,,223712,5,,,1,60,,223687,5,,,1,20,,223688,5,,,1,20,,223713,5,,,1,60,,223689,5,,,1,20,,223690,5,,,1,20,,223714,5,,,1,60,,223691,5,,,1,20,,223692,5,,,1,20,,223715,5,,,1,60,,223693,5,,,1,20,,223694,5,,,1,20,,223716,5,,,1,60,,223695,5,,,1,20,,223696,5,,,1,20,,223717,5,,,1,60,,223697,5,,,1,20,,223698,5,,,1,20,,223718,5,,,1,60,,223699,5,,,1,20,,223700,5,,,1,20,,223719,5,,,1,60,,223701,5,,,1,30,,223702,5,,,1,70,,223707,5,,,1,30,,223704,5,,,1,70,,223708,5,,,1,30,,223705,5,,,1,100,,223703,5,,,1,100,,223706,5,,,1
51500,'515-Sunday-1-26-09-0000001',619,,223720,5,,,1,100,,223721,5,,,1,100,,223722,5,,,1,99,,223723,5,,,1,85,,223724,5,,,1,20,,223725,5,,,1,20,,223749,5,,,1,60,,223726,5,,,1,20,,223727,5,,,1,20,,223750,5,,,1,60,,223728,5,,,1,20,,223729,5,,,1,20,,223751,5,,,1,60,,223730,5,,,1,20,,223731,5,,,1,20,,223752,5,,,1,60,,223732,5,,,1,20,,223733,5,,,1,20,,223753,5,,,1,60,,223734,5,,,1,20,,223735,5,,,1,20,,223754,5,,,1,60,,223736,5,,,1,20,,223737,5,,,1,20,,223755,5,,,1,60,,223738,5,,,1,22,,223739,5,,,1,20,,223756,5,,,1,60,,223740,5,,,1,20,,223741,5,,,1,20,,223757,5,,,1,60,,223742,5,,,1,30,,223745,5,,,1,70,,223743,5,,,1,30,,223746,5,,,1,70,,223747,5,,,1,100,,223744,5,,,1,100,,223748,5,,,1,100,,223758,5,,,1
