11101,'111-Weekday-1-26-02-1111100',913,,5674,,,1,100,,5675,,,1,100,,5676,,,1,100,,5677,,,1,100,,5678,,,1,100,,5679,,,1,100,,5680,,,1
11101,'111-Weekday-2-26-02-1111100',913,,42143,,,1,100,,42144,,,1,100,,42145,,,1,100,,42146,,,1,100,,42147,,,1,100,,42148,,,1,100,,42149,,,1
11101,'111-Weekday-4-26-02-1111100',913,,42150,,,1,100,,42151,,,1,100,,42152,,,1,100,,42153,,,1,100,,42154,,,1,100,,42155,,,1,100,,42156,,,1
11101,'111-Weekday-5-26-02-1111100',913,,42157,,,1,100,,42158,,,1,100,,42159,,,1,100,,42160,,,1,100,,42161,,,1,100,,42162,,,1,100,,42163,,,1
11101,'111-Weekday-6-26-02-1111100',913,,42164,,,1,100,,42165,,,1,100,,42166,,,1,100,,42167,,,1,100,,42168,,,1,100,,42169,,,1,100,,42170,,,1
11101,'111-Weekday-7-26-02-1111100',913,,42171,,,1,100,,42172,,,1,100,,42173,,,1,100,,42174,,,1,100,,42175,,,1,100,,42176,,,1,100,,42177,,,1
11101,'111-Weekday-8-26-02-1111100',913,,42178,,,1,100,,42179,,,1,100,,42180,,,1,100,,42181,,,1,100,,42182,,,1,100,,42183,,,1,100,,42184,,,1
11101,'111-Weekday-9-26-02-1111100',913,,42185,,,1,100,,42186,,,1,100,,42187,,,1,100,,42188,,,1,100,,42189,,,1,100,,42190,,,1,100,,42191,,,1
62201,'622-Weekday-1-26-02-1111100',733,,10018,,,1,20,,10019,,,1,60,,10020,,,1,20,,10021,,,1,20,,10022,,,1,60,,10017,,,1,587,,10023,,,1,20,,10024,,,1,20,,10025,,,1,60,,10026,,,1,20,,10027,,,1,20,,10028,,,1,60,,10029,,,1
62201,'622-Weekday-4-26-02-1111100',733,,61819,,,1,20,,61820,,,1,60,,61821,,,1,20,,61822,,,1,20,,61823,,,1,60,,61818,,,1,587,,61824,,,1,20,,61825,,,1,20,,61826,,,1,60,,61827,,,1,20,,61828,,,1,20,,61829,,,1,60,,61830,,,1
62201,'622-Weekday-5-26-02-1111100',733,,61832,,,1,20,,61833,,,1,60,,61834,,,1,20,,61835,,,1,20,,61836,,,1,60,,61831,,,1,587,,61837,,,1,20,,61838,,,1,20,,61839,,,1,60,,61840,,,1,20,,61841,,,1,20,,61842,,,1,60,,61843,,,1
62201,'622-Weekday-6-26-02-1111100',733,,61845,,,1,20,,61846,,,1,60,,61847,,,1,20,,61848,,,1,20,,61849,,,1,60,,61844,,,1,587,,61850,,,1,20,,61851,,,1,20,,61852,,,1,60,,61853,,,1,20,,61854,,,1,20,,61855,,,1,60,,61856,,,1
62201,'622-Weekday-7-26-02-1111100',733,,61858,,,1,20,,61859,,,1,60,,61860,,,1,20,,61861,,,1,20,,61862,,,1,60,,61857,,,1,587,,61863,,,1,20,,61864,,,1,20,,61865,,,1,60,,61866,,,1,20,,61867,,,1,20,,61868,,,1,60,,61869,,,1
