51701,'517-Weekday-1-26-02-1101100',802,,8824,0,37 38,1
51701,'517-Weekday-1-26-02-1111100',542,,8825,0,37 38,1,70,,8826,0,37 38,1,31,,8827,0,37 38,1,60,,8828,0,37 38,1,20,,8829,0,37 38,1,20,,8830,0,37 38,1,60,,8831,0,37 38,1,20,,8832,0,37 38,1,20,,8833,0,37 38,1,70,,8834,0,37 38,1,30,,8835,0,37 38,1,70,,8836,0,37 38,1,30,,8837,0,37 38,1,70,,8838,0,37 38,1,30,,8839,0,37 38,1,70,,8840,0,37 38,1,30,,8841,0,37 38,1,70,,8842,0,37 38,1,30,,8843,0,37 38,1,70,,8844,0,37 38,1,30,,8845,0,37 38,1,71,,8846,0,37 38,1,30,,8847,0,37 38,1,15,,8863,0,37 38,1,45,,8848,0,37 38,1,20,,8849,0,37 38,1,20,,8850,0,37 38,1,60,,8851,0,37 38,1,20,,8852,0,37 38,1,20,,8853,0,37 38,1,70,,8854,0,37 38,1,28,,8855,0,37 38,1,70,,8856,0,37 38,1,30,,8857,0,37 38,1,70,,8858,0,37 38,1,30,,8859,0,37 38,1,70,,8860,0,37 38,1,30,,8861,0,37 38,1,69,,8862,0,37 38,1
51701,'517-Weekday-2-26-02-1101100',802,,56374,0,37 38,1
51701,'517-Weekday-2-26-02-1111100',542,,56375,0,37 38,1,70,,56376,0,37 38,1,31,,56377,0,37 38,1,60,,56378,0,37 38,1,20,,56379,0,37 38,1,20,,56380,0,37 38,1,60,,56381,0,37 38,1,20,,56382,0,37 38,1,20,,56383,0,37 38,1,70,,56384,0,37 38,1,30,,56385,0,37 38,1,70,,56386,0,37 38,1,30,,56387,0,37 38,1,70,,56388,0,37 38,1,30,,56389,0,37 38,1,70,,56390,0,37 38,1,30,,56391,0,37 38,1,70,,56392,0,37 38,1,30,,56393,0,37 38,1,70,,56394,0,37 38,1,30,,56395,0,37 38,1,71,,56396,0,37 38,1,30,,56397,0,37 38,1,15,,56413,0,37 38,1,45,,56398,0,37 38,1,20,,56399,0,37 38,1,20,,56400,0,37 38,1,60,,56401,0,37 38,1,20,,56402,0,37 38,1,20,,56403,0,37 38,1,70,,56404,0,37 38,1,28,,56405,0,37 38,1,70,,56406,0,37 38,1,30,,56407,0,37 38,1,70,,56408,0,37 38,1,30,,56409,0,37 38,1,70,,56410,0,37 38,1,30,,56411,0,37 38,1,69,,56412,0,37 38,1
51701,'517-Weekday-4-26-02-1111100',542,,56414,0,37 38,1,70,,56415,0,37 38,1,31,,56416,0,37 38,1,60,,56417,0,37 38,1,20,,56418,0,37 38,1,20,,56419,0,37 38,1,60,,56420,0,37 38,1,20,,56421,0,37 38,1,20,,56422,0,37 38,1,70,,56423,0,37 38,1,30,,56424,0,37 38,1,70,,56425,0,37 38,1,30,,56426,0,37 38,1,70,,56427,0,37 38,1,30,,56428,0,37 38,1,70,,56429,0,37 38,1,30,,56430,0,37 38,1,70,,56431,0,37 38,1,30,,56432,0,37 38,1,70,,56433,0,37 38,1,30,,56434,0,37 38,1,71,,56435,0,37 38,1,30,,56436,0,37 38,1,60,,56437,0,37 38,1,20,,56438,0,37 38,1,20,,56439,0,37 38,1,60,,56440,0,37 38,1,20,,56441,0,37 38,1,20,,56442,0,37 38,1,70,,56443,0,37 38,1,28,,56444,0,37 38,1,70,,56445,0,37 38,1,30,,56446,0,37 38,1,70,,56447,0,37 38,1,30,,56448,0,37 38,1,70,,56449,0,37 38,1,30,,56450,0,37 38,1,69,,56451,0,37 38,1
51701,'517-Weekday-5-26-02-1101100',802,,56452,0,37 38,1
51701,'517-Weekday-5-26-02-1111100',542,,56453,0,37 38,1,70,,56454,0,37 38,1,31,,56455,0,37 38,1,60,,56456,0,37 38,1,20,,56457,0,37 38,1,20,,56458,0,37 38,1,60,,56459,0,37 38,1,20,,56460,0,37 38,1,20,,56461,0,37 38,1,70,,56462,0,37 38,1,30,,56463,0,37 38,1,70,,56464,0,37 38,1,30,,56465,0,37 38,1,70,,56466,0,37 38,1,30,,56467,0,37 38,1,70,,56468,0,37 38,1,30,,56469,0,37 38,1,70,,56470,0,37 38,1,30,,56471,0,37 38,1,70,,56472,0,37 38,1,30,,56473,0,37 38,1,71,,56474,0,37 38,1,30,,56475,0,37 38,1,15,,56491,0,37 38,1,45,,56476,0,37 38,1,20,,56477,0,37 38,1,20,,56478,0,37 38,1,60,,56479,0,37 38,1,20,,56480,0,37 38,1,20,,56481,0,37 38,1,70,,56482,0,37 38,1,28,,56483,0,37 38,1,70,,56484,0,37 38,1,30,,56485,0,37 38,1,70,,56486,0,37 38,1,30,,56487,0,37 38,1,70,,56488,0,37 38,1,30,,56489,0,37 38,1,69,,56490,0,37 38,1
51701,'517-Weekday-6-26-02-1111100',542,,56492,0,37 38,1,70,,56493,0,37 38,1,31,,56494,0,37 38,1,60,,56495,0,37 38,1,20,,56496,0,37 38,1,20,,56497,0,37 38,1,60,,56498,0,37 38,1,20,,56499,0,37 38,1,20,,56500,0,37 38,1,70,,56501,0,37 38,1,30,,56502,0,37 38,1,70,,56503,0,37 38,1,30,,56504,0,37 38,1,70,,56505,0,37 38,1,30,,56506,0,37 38,1,70,,56507,0,37 38,1,30,,56508,0,37 38,1,70,,56509,0,37 38,1,30,,56510,0,37 38,1,70,,56511,0,37 38,1,30,,56512,0,37 38,1,71,,56513,0,37 38,1,30,,56514,0,37 38,1,60,,56515,0,37 38,1,20,,56516,0,37 38,1,20,,56517,0,37 38,1,60,,56518,0,37 38,1,20,,56519,0,37 38,1,20,,56520,0,37 38,1,70,,56521,0,37 38,1,28,,56522,0,37 38,1,70,,56523,0,37 38,1,30,,56524,0,37 38,1,70,,56525,0,37 38,1,30,,56526,0,37 38,1,70,,56527,0,37 38,1,30,,56528,0,37 38,1,69,,56529,0,37 38,1
51701,'517-Weekday-7-26-02-1111100',542,,56530,0,37 38,1,70,,56531,0,37 38,1,31,,56532,0,37 38,1,60,,56533,0,37 38,1,20,,56534,0,37 38,1,20,,56535,0,37 38,1,60,,56536,0,37 38,1,20,,56537,0,37 38,1,20,,56538,0,37 38,1,70,,56539,0,37 38,1,30,,56540,0,37 38,1,70,,56541,0,37 38,1,30,,56542,0,37 38,1,70,,56543,0,37 38,1,30,,56544,0,37 38,1,70,,56545,0,37 38,1,30,,56546,0,37 38,1,70,,56547,0,37 38,1,30,,56548,0,37 38,1,70,,56549,0,37 38,1,30,,56550,0,37 38,1,71,,56551,0,37 38,1,30,,56552,0,37 38,1,60,,56553,0,37 38,1,20,,56554,0,37 38,1,20,,56555,0,37 38,1,60,,56556,0,37 38,1,20,,56557,0,37 38,1,20,,56558,0,37 38,1,70,,56559,0,37 38,1,28,,56560,0,37 38,1,70,,56561,0,37 38,1,30,,56562,0,37 38,1,70,,56563,0,37 38,1,30,,56564,0,37 38,1,70,,56565,0,37 38,1,30,,56566,0,37 38,1,69,,56567,0,37 38,1
51701,'517-Weekday-8-26-02-1111100',542,,56568,0,37 38,1,70,,56569,0,37 38,1,31,,56570,0,37 38,1,60,,56571,0,37 38,1,20,,56572,0,37 38,1,20,,56573,0,37 38,1,60,,56574,0,37 38,1,20,,56575,0,37 38,1,20,,56576,0,37 38,1,70,,56577,0,37 38,1,30,,56578,0,37 38,1,70,,56579,0,37 38,1,30,,56580,0,37 38,1,70,,56581,0,37 38,1,30,,56582,0,37 38,1,70,,56583,0,37 38,1,30,,56584,0,37 38,1,70,,56585,0,37 38,1,30,,56586,0,37 38,1,70,,56587,0,37 38,1,30,,56588,0,37 38,1,71,,56589,0,37 38,1,30,,56590,0,37 38,1,60,,56591,0,37 38,1,20,,56592,0,37 38,1,20,,56593,0,37 38,1,60,,56594,0,37 38,1,20,,56595,0,37 38,1,20,,56596,0,37 38,1,70,,56597,0,37 38,1,28,,56598,0,37 38,1,70,,56599,0,37 38,1,30,,56600,0,37 38,1,70,,56601,0,37 38,1,30,,56602,0,37 38,1,70,,56603,0,37 38,1,30,,56604,0,37 38,1,69,,56605,0,37 38,1
51701,'517-Weekday-9-26-02-1111100',542,,56606,0,37 38,1,70,,56607,0,37 38,1,31,,56608,0,37 38,1,60,,56609,0,37 38,1,20,,56610,0,37 38,1,20,,56611,0,37 38,1,60,,56612,0,37 38,1,20,,56613,0,37 38,1,20,,56614,0,37 38,1,70,,56615,0,37 38,1,30,,56616,0,37 38,1,70,,56617,0,37 38,1,30,,56618,0,37 38,1,70,,56619,0,37 38,1,30,,56620,0,37 38,1,70,,56621,0,37 38,1,30,,56622,0,37 38,1,70,,56623,0,37 38,1,30,,56624,0,37 38,1,70,,56625,0,37 38,1,30,,56626,0,37 38,1,71,,56627,0,37 38,1,30,,56628,0,37 38,1,15,,56644,0,37 38,1,45,,56629,0,37 38,1,20,,56630,0,37 38,1,20,,56631,0,37 38,1,60,,56632,0,37 38,1,20,,56633,0,37 38,1,20,,56634,0,37 38,1,70,,56635,0,37 38,1,28,,56636,0,37 38,1,70,,56637,0,37 38,1,30,,56638,0,37 38,1,70,,56639,0,37 38,1,30,,56640,0,37 38,1,70,,56641,0,37 38,1,30,,56642,0,37 38,1,69,,56643,0,37 38,1
51701,'517-Saturday-1-26-02-0000010',805,,8864,0,37 38,1,30,,8865,0,37 38,1,70,,8866,0,37 38,1,31,,8867,0,37 38,1,70,,8868,0,37 38,1,30,,8869,0,37 38,1,70,,8870,0,37 38,1,30,,8871,0,37 38,1,70,,8872,0,37 38,1,30,,8873,0,37 38,1,70,,8874,0,37 38,1,30,,8875,0,37 38,1,70,,8876,0,37 38,1,30,,8877,0,37 38,1,70,,8878,0,37 38,1,30,,8879,0,37 38,1,70,,8880,0,37 38,1,30,,8881,0,37 38,1,70,,8882,0,37 38,1,29,,8883,0,37 38,1,70,,8884,0,37 38,1,30,,8885,0,37 38,1,70,,8886,0,37 38,1
51701,'517-Sunday-1-26-02-0000001',1013,,56645,0,37 38,1,30,,56646,0,37 38,1,70,,56647,0,37 38,1,30,,56648,0,37 38,1,70,,56649,0,37 38,1,30,,56650,0,37 38,1,70,,56651,0,37 38,1,30,,56652,0,37 38,1,70,,56653,0,37 38,1,30,,56654,0,37 38,1,70,,56655,0,37 38,1,30,,56656,0,37 38,1,70,,56657,0,37 38,1,30,,56658,0,37 38,1,69,,56659,0,37 38,1,30,,56660,0,37 38,1,70,,56661,0,37 38,1,30,,56662,0,37 38,1,70,,56663,0,37 38,1
