11701,'117-Weekday-1-26-09-1111100',544,,219132,22,,,1,70,,219137,22,,,1,33,,219136,22,,,1,60,,219126,22,,,1,20,,219102,22,,,1,20,,219103,22,,,1,60,,219104,22,,,1,20,,219133,22,,,1,20,,219138,22,,,1,68,,219105,22,,,1,30,,219106,22,,,1,70,,219107,22,,,1,30,,219108,22,,,1,70,,219109,22,,,1,30,,219110,22,,,1,70,,219111,22,,,1,30,,219112,22,,,1,70,,219113,22,,,1,30,,219114,22,,,1,70,,219115,22,,,1,30,,219127,22,,,1,71,,219130,22,,,1,20,,219116,22,,,1,20,,219117,22,,,1,60,,219134,22,,,1,20,,219118,22,,,1,20,,219135,22,,,1,60,,219128,22,,,1,30,,219129,22,,,1,70,,219119,22,,,1,30,,219120,22,,,1,70,,219121,22,,,1,30,,219122,22,,,1,70,,219123,22,,,1,30,,219124,22,,,1,70,,219125,22,,,1,30,,219131,22,,,1
11701,'117-Weekday-2-26-09-1111100',544,,219169,22,,,1,70,,219174,22,,,1,33,,219173,22,,,1,60,,219163,22,,,1,20,,219139,22,,,1,20,,219140,22,,,1,60,,219141,22,,,1,20,,219170,22,,,1,20,,219175,22,,,1,68,,219142,22,,,1,30,,219143,22,,,1,70,,219144,22,,,1,30,,219145,22,,,1,70,,219146,22,,,1,30,,219147,22,,,1,70,,219148,22,,,1,30,,219149,22,,,1,70,,219150,22,,,1,30,,219151,22,,,1,70,,219152,22,,,1,30,,219164,22,,,1,71,,219167,22,,,1,20,,219153,22,,,1,20,,219154,22,,,1,60,,219171,22,,,1,20,,219155,22,,,1,20,,219172,22,,,1,60,,219165,22,,,1,30,,219166,22,,,1,70,,219156,22,,,1,30,,219157,22,,,1,70,,219158,22,,,1,30,,219159,22,,,1,70,,219160,22,,,1,30,,219161,22,,,1,70,,219162,22,,,1,30,,219168,22,,,1
11701,'117-Weekday-4-26-09-1111100',544,,219206,22,,,1,70,,219211,22,,,1,33,,219210,22,,,1,60,,219200,22,,,1,20,,219176,22,,,1,20,,219177,22,,,1,60,,219178,22,,,1,20,,219207,22,,,1,20,,219212,22,,,1,68,,219179,22,,,1,30,,219180,22,,,1,70,,219181,22,,,1,30,,219182,22,,,1,70,,219183,22,,,1,30,,219184,22,,,1,70,,219185,22,,,1,30,,219186,22,,,1,70,,219187,22,,,1,30,,219188,22,,,1,70,,219189,22,,,1,30,,219201,22,,,1,71,,219204,22,,,1,20,,219190,22,,,1,20,,219191,22,,,1,60,,219208,22,,,1,20,,219192,22,,,1,20,,219209,22,,,1,60,,219202,22,,,1,30,,219203,22,,,1,70,,219193,22,,,1,30,,219194,22,,,1,70,,219195,22,,,1,30,,219196,22,,,1,70,,219197,22,,,1,30,,219198,22,,,1,70,,219199,22,,,1,30,,219205,22,,,1
11701,'117-Saturday-1-26-09-0000010',632,,219213,22,,,1,100,,219214,22,,,1,100,,219215,22,,,1,79,,219216,22,,,1,29,,219217,22,,,1,70,,219218,22,,,1,30,,219219,22,,,1,70,,219220,22,,,1,30,,219221,22,,,1,70,,219222,22,,,1,30,,219223,22,,,1,70,,219224,22,,,1,30,,219225,22,,,1,70,,219226,22,,,1,30,,219227,22,,,1,70,,219228,22,,,1,30,,219229,22,,,1,70,,219230,22,,,1,30,,219231,22,,,1,70,,219232,22,,,1,30,,219233,22,,,1,70,,219234,22,,,1,30,,219235,22,,,1,70,,219236,22,,,1,30,,219237,22,,,1,70,,219238,22,,,1,30,,219239,22,,,1,70,,219240,22,,,1,30,,219241,22,,,1,70,,219242,22,,,1
11701,'117-Sunday-1-26-09-0000001',646,,219243,22,,,1,100,,219244,22,,,1,100,,219245,22,,,1,101,,219246,22,,,1,70,,219247,22,,,1,30,,219248,22,,,1,70,,219249,22,,,1,30,,219250,22,,,1,70,,219251,22,,,1,30,,219252,22,,,1,70,,219253,22,,,1,30,,219254,22,,,1,70,,219255,22,,,1,30,,219256,22,,,1,70,,219257,22,,,1,30,,219258,22,,,1,70,,219259,22,,,1,30,,219260,22,,,1,69,,219261,22,,,1,28,,219262,22,,,1,70,,219263,22,,,1,30,,219264,22,,,1,70,,219265,22,,,1,100,,219266,22,,,1,100,,219267,22,,,1
61201,'612-Weekday-1-26-09-1111100',741,,227410,30,,,1
62100,'621-Weekday-1-26-09-0001000',1211,,227461,11,,,1
62100,'621-Weekday-1-26-09-1110100',1515,,227462,11,,,1,4,,227463,11,,,1
62100,'621-Weekday-1-26-09-1111100',1543,,227464,11,,,1
62100,'621-Weekday-3-26-09-1111100',1543,,227465,11,,,1
