10900,'109-Weekday-1-26-09-1111100',519,,216855,31,,,1,30,,216856,31,,,1,70,,216857,31,,,1,32,,216895,31,,,1,55,,216858,31,,,1,15,,216890,31,,,1,15,,216860,31,,,1,15,,216859,31,,,1,55,,216891,31,,,1,15,,216861,31,,,1,15,,216899,31,,,1,15,,216898,31,,,1,69,,216862,31,,,1,30,,216863,31,,,1,70,,216864,31,,,1,30,,216865,31,,,1,70,,216866,31,,,1,30,,216867,31,,,1,70,,216868,31,,,1,30,,216869,31,,,1,70,,216870,31,,,1,30,,216871,31,,,1,70,,216872,31,,,1,30,,216873,31,,,1,74,,216874,31,,,1,15,,216875,31,,,1,15,,216892,31,,,1,55,,216877,31,,,1,15,,216876,31,,,1,15,,216893,31,,,1,15,,216878,31,,,1,55,,216897,31,,,1,15,,216896,31,,,1,30,,216879,31,,,1,70,,216880,31,,,1,25,,216881,31,,,1,70,,216882,31,,,1,30,,216883,31,,,1,70,,216884,31,,,1,30,,216885,31,,,1,70,,216886,31,,,1,30,,216887,31,,,1,70,,216894,31,,,1,100,,216888,31,,,1,100,,216889,31,,,1
10900,'109-Weekday-2-26-09-1111100',519,,216900,31,,,1,30,,216901,31,,,1,70,,216902,31,,,1,32,,216940,31,,,1,55,,216903,31,,,1,15,,216935,31,,,1,15,,216905,31,,,1,15,,216904,31,,,1,55,,216936,31,,,1,15,,216906,31,,,1,15,,216944,31,,,1,15,,216943,31,,,1,69,,216907,31,,,1,30,,216908,31,,,1,70,,216909,31,,,1,30,,216910,31,,,1,70,,216911,31,,,1,30,,216912,31,,,1,70,,216913,31,,,1,30,,216914,31,,,1,70,,216915,31,,,1,30,,216916,31,,,1,70,,216917,31,,,1,30,,216918,31,,,1,74,,216919,31,,,1,15,,216920,31,,,1,15,,216937,31,,,1,55,,216922,31,,,1,15,,216921,31,,,1,15,,216938,31,,,1,15,,216923,31,,,1,55,,216942,31,,,1,15,,216941,31,,,1,30,,216924,31,,,1,70,,216925,31,,,1,25,,216926,31,,,1,70,,216927,31,,,1,30,,216928,31,,,1,70,,216929,31,,,1,30,,216930,31,,,1,70,,216931,31,,,1,30,,216932,31,,,1,70,,216939,31,,,1,100,,216933,31,,,1,100,,216934,31,,,1
10900,'109-Weekday-4-26-09-1111100',519,,216945,31,,,1,30,,216946,31,,,1,70,,216947,31,,,1,32,,216985,31,,,1,55,,216948,31,,,1,15,,216980,31,,,1,15,,216950,31,,,1,15,,216949,31,,,1,55,,216981,31,,,1,15,,216951,31,,,1,15,,216989,31,,,1,15,,216988,31,,,1,69,,216952,31,,,1,30,,216953,31,,,1,70,,216954,31,,,1,30,,216955,31,,,1,70,,216956,31,,,1,30,,216957,31,,,1,70,,216958,31,,,1,30,,216959,31,,,1,70,,216960,31,,,1,30,,216961,31,,,1,70,,216962,31,,,1,30,,216963,31,,,1,74,,216964,31,,,1,15,,216965,31,,,1,15,,216982,31,,,1,55,,216967,31,,,1,15,,216966,31,,,1,15,,216983,31,,,1,15,,216968,31,,,1,55,,216987,31,,,1,15,,216986,31,,,1,30,,216969,31,,,1,70,,216970,31,,,1,25,,216971,31,,,1,70,,216972,31,,,1,30,,216973,31,,,1,70,,216974,31,,,1,30,,216975,31,,,1,70,,216976,31,,,1,30,,216977,31,,,1,70,,216984,31,,,1,100,,216978,31,,,1,100,,216979,31,,,1
10900,'109-Saturday-1-26-09-0000010',810,,216990,31,,,1,30,,216991,31,,,1,71,,216992,31,,,1,31,,216993,31,,,1,70,,216994,31,,,1,30,,216995,31,,,1,70,,216996,31,,,1,30,,216997,31,,,1,70,,216998,31,,,1,30,,216999,31,,,1,70,,217000,31,,,1,30,,217001,31,,,1,70,,217002,31,,,1,30,,217003,31,,,1,70,,217004,31,,,1,30,,217005,31,,,1,70,,217006,31,,,1,30,,217007,31,,,1,69,,217008,31,,,1,30,,217009,31,,,1,70,,217010,31,,,1,30,,217011,31,,,1,70,,217012,31,,,1,30,,217013,31,,,1,70,,217014,31,,,1,30,,217015,31,,,1,70,,217016,31,,,1,30,,217017,31,,,1,70,,217018,31,,,1
10900,'109-Sunday-1-26-09-0000001',1022,,217019,31,,,1,30,,217020,31,,,1,70,,217021,31,,,1,30,,217022,31,,,1,70,,217023,31,,,1,30,,217024,31,,,1,70,,217025,31,,,1,30,,217026,31,,,1,70,,217027,31,,,1,30,,217028,31,,,1,70,,217029,31,,,1,30,,217030,31,,,1,70,,217031,31,,,1,30,,217032,31,,,1,70,,217033,31,,,1,30,,217034,31,,,1,70,,217035,31,,,1,30,,217036,31,,,1
61500,'615-Weekday-1-26-09-1111100',753,,227426,7,,,1
61800,'618-Weekday-1-26-09-0001000',1240,,227447,12,,,1
61800,'618-Weekday-1-26-09-1110100',1531,,227448,12,,,1
68300,'683-Weekday-1-26-09-0001000',1314,,227870,13,,,1,3,,227871,13,,,1
68300,'683-Weekday-1-26-09-1110100',1612,,227873,13,,,1,3,,227872,13,,,1
68300,'683-Weekday-1-26-09-1111100',1559,,227874,13,,,1,45,,227875,13,,,1
68300,'683-Weekday-3-26-09-1111100',1559,,227876,13,,,1,45,,227877,13,,,1
