51500,'515-Weekday-1-26-09-1110100',1538,,223522,18,,,1
51500,'515-Weekday-1-26-09-1111100',549,,223523,18,,,1,70,,223564,18,,,1,32,,223556,18,,,1,55,,223569,18,,,1,15,,223560,18,,,1,15,,223561,18,,,1,15,,223524,18,,,1,55,,223570,18,,,1,15,,223525,18,,,1,15,,223526,18,,,1,20,,223527,18,,,1,60,,223550,18,,,1,20,,223528,18,,,1,20,,223529,18,,,1,60,,223551,18,,,1,20,,223530,18,,,1,20,,223531,18,,,1,60,,223552,18,,,1,20,,223532,18,,,1,20,,223533,18,,,1,60,,223553,18,,,1,20,,223534,18,,,1,20,,223535,18,,,1,60,,223554,18,,,1,20,,223536,18,,,1,20,,223537,18,,,1,60,,223555,18,,,1,20,,223538,18,,,1,20,,223539,18,,,1,57,,223568,18,,,1,16,,223571,18,,,1,15,,223558,18,,,1,15,,223565,18,,,1,55,,223559,18,,,1,15,,223572,18,,,1,15,,223557,18,,,1,15,,223566,18,,,1,55,,223567,18,,,1,15,,223573,18,,,1,15,,223540,18,,,1,70,,223562,18,,,1,28,,223541,18,,,1,69,,223542,18,,,1,30,,223543,18,,,1,70,,223544,18,,,1,30,,223545,18,,,1,70,,223546,18,,,1,30,,223547,18,,,1,69,,223563,18,,,1,100,,223548,18,,,1,100,,223549,18,,,1
51500,'515-Weekday-2-26-09-1110100',1538,,223574,18,,,1
51500,'515-Weekday-2-26-09-1111100',549,,223575,18,,,1,70,,223616,18,,,1,32,,223608,18,,,1,55,,223621,18,,,1,15,,223612,18,,,1,15,,223613,18,,,1,15,,223576,18,,,1,55,,223622,18,,,1,15,,223577,18,,,1,15,,223578,18,,,1,20,,223579,18,,,1,60,,223602,18,,,1,20,,223580,18,,,1,20,,223581,18,,,1,60,,223603,18,,,1,20,,223582,18,,,1,20,,223583,18,,,1,60,,223604,18,,,1,20,,223584,18,,,1,20,,223585,18,,,1,60,,223605,18,,,1,20,,223586,18,,,1,20,,223587,18,,,1,60,,223606,18,,,1,20,,223588,18,,,1,20,,223589,18,,,1,60,,223607,18,,,1,20,,223590,18,,,1,20,,223591,18,,,1,57,,223620,18,,,1,16,,223623,18,,,1,15,,223610,18,,,1,15,,223617,18,,,1,55,,223611,18,,,1,15,,223624,18,,,1,15,,223609,18,,,1,15,,223618,18,,,1,55,,223619,18,,,1,15,,223625,18,,,1,15,,223592,18,,,1,70,,223614,18,,,1,28,,223593,18,,,1,69,,223594,18,,,1,30,,223595,18,,,1,70,,223596,18,,,1,30,,223597,18,,,1,70,,223598,18,,,1,30,,223599,18,,,1,69,,223615,18,,,1,100,,223600,18,,,1,100,,223601,18,,,1
51500,'515-Weekday-4-26-09-1111100',549,,223626,18,,,1,70,,223667,18,,,1,32,,223659,18,,,1,55,,223672,18,,,1,15,,223663,18,,,1,15,,223664,18,,,1,15,,223627,18,,,1,55,,223673,18,,,1,15,,223628,18,,,1,15,,223629,18,,,1,20,,223630,18,,,1,60,,223653,18,,,1,20,,223631,18,,,1,20,,223632,18,,,1,60,,223654,18,,,1,20,,223633,18,,,1,20,,223634,18,,,1,60,,223655,18,,,1,20,,223635,18,,,1,20,,223636,18,,,1,60,,223656,18,,,1,20,,223637,18,,,1,20,,223638,18,,,1,60,,223657,18,,,1,20,,223639,18,,,1,20,,223640,18,,,1,60,,223658,18,,,1,20,,223641,18,,,1,20,,223642,18,,,1,57,,223671,18,,,1,16,,223674,18,,,1,15,,223661,18,,,1,15,,223668,18,,,1,55,,223662,18,,,1,15,,223675,18,,,1,15,,223660,18,,,1,15,,223669,18,,,1,55,,223670,18,,,1,15,,223676,18,,,1,15,,223643,18,,,1,70,,223665,18,,,1,28,,223644,18,,,1,69,,223645,18,,,1,30,,223646,18,,,1,70,,223647,18,,,1,30,,223648,18,,,1,70,,223649,18,,,1,30,,223650,18,,,1,69,,223666,18,,,1,100,,223651,18,,,1,100,,223652,18,,,1
51500,'515-Saturday-1-26-09-0000010',629,,223677,18,,,1,99,,223678,18,,,1,84,,223679,18,,,1,20,,223709,18,,,1,21,,223680,18,,,1,62,,223681,18,,,1,20,,223682,18,,,1,20,,223710,18,,,1,60,,223683,18,,,1,20,,223684,18,,,1,20,,223711,18,,,1,60,,223685,18,,,1,20,,223686,18,,,1,20,,223712,18,,,1,60,,223687,18,,,1,20,,223688,18,,,1,20,,223713,18,,,1,60,,223689,18,,,1,20,,223690,18,,,1,20,,223714,18,,,1,60,,223691,18,,,1,20,,223692,18,,,1,20,,223715,18,,,1,60,,223693,18,,,1,20,,223694,18,,,1,20,,223716,18,,,1,60,,223695,18,,,1,20,,223696,18,,,1,20,,223717,18,,,1,60,,223697,18,,,1,20,,223698,18,,,1,20,,223718,18,,,1,60,,223699,18,,,1,20,,223700,18,,,1,20,,223719,18,,,1,60,,223701,18,,,1,30,,223702,18,,,1,70,,223707,18,,,1,30,,223704,18,,,1,70,,223708,18,,,1,30,,223705,18,,,1,100,,223703,18,,,1,100,,223706,18,,,1
51500,'515-Sunday-1-26-09-0000001',628,,223720,18,,,1,100,,223721,18,,,1,100,,223722,18,,,1,100,,223723,18,,,1,85,,223724,18,,,1,20,,223725,18,,,1,20,,223749,18,,,1,60,,223726,18,,,1,20,,223727,18,,,1,20,,223750,18,,,1,60,,223728,18,,,1,20,,223729,18,,,1,20,,223751,18,,,1,60,,223730,18,,,1,20,,223731,18,,,1,20,,223752,18,,,1,60,,223732,18,,,1,20,,223733,18,,,1,20,,223753,18,,,1,60,,223734,18,,,1,20,,223735,18,,,1,20,,223754,18,,,1,60,,223736,18,,,1,20,,223737,18,,,1,20,,223755,18,,,1,60,,223738,18,,,1,22,,223739,18,,,1,20,,223756,18,,,1,60,,223740,18,,,1,20,,223741,18,,,1,20,,223757,18,,,1,60,,223742,18,,,1,30,,223745,18,,,1,70,,223743,18,,,1,30,,223746,18,,,1,70,,223747,18,,,1,100,,223744,18,,,1,100,,223748,18,,,1,100,,223758,18,,,1
63001,'630-Weekday-1-26-09-1110100',1604,,227572,39,,,1
63001,'630-Weekday-3-26-09-1110100',1604,,227573,39,,,1
63501,'635-Weekday-1-26-09-1111100',1624,,227602,49,,,1
63501,'635-Weekday-3-26-09-1111100',1624,,227603,49,,,1
