50601,'506-Weekday-1-26-09-1111100',532,,222159,11,,,1,69,,222120,11,,,1,30,,222121,11,,,1,73,,222122,11,,,1,16,,222123,11,,,1,15,,222160,11,,,1,15,,222124,11,,,1,55,,222125,11,,,1,15,,222126,11,,,1,15,,222162,11,,,1,15,,222163,11,,,1,55,,222127,11,,,1,29,,222128,11,,,1,70,,222129,11,,,1,30,,222130,11,,,1,70,,222131,11,,,1,30,,222132,11,,,1,70,,222133,11,,,1,30,,222134,11,,,1,70,,222135,11,,,1,30,,222136,11,,,1,70,,222137,11,,,1,30,,222138,11,,,1,71,,222139,11,,,1,35,,222140,11,,,1,70,,222141,11,,,1,15,,222142,11,,,1,15,,222161,11,,,1,15,,222143,11,,,1,55,,222144,11,,,1,15,,222145,11,,,1,15,,222164,11,,,1,15,,222165,11,,,1,55,,222146,11,,,1,29,,222147,11,,,1,65,,222148,11,,,1,29,,222149,11,,,1,70,,222150,11,,,1,30,,222151,11,,,1,70,,222152,11,,,1,30,,222153,11,,,1,70,,222154,11,,,1,28,,222155,11,,,1,69,,222156,11,,,1,100,,222157,11,,,1
50601,'506-Weekday-2-26-09-1111100',532,,222207,11,,,1,69,,222168,11,,,1,30,,222169,11,,,1,73,,222170,11,,,1,16,,222171,11,,,1,15,,222208,11,,,1,15,,222172,11,,,1,55,,222173,11,,,1,15,,222174,11,,,1,15,,222210,11,,,1,15,,222211,11,,,1,55,,222175,11,,,1,29,,222176,11,,,1,70,,222177,11,,,1,30,,222178,11,,,1,70,,222179,11,,,1,30,,222180,11,,,1,70,,222181,11,,,1,30,,222182,11,,,1,70,,222183,11,,,1,30,,222184,11,,,1,70,,222185,11,,,1,30,,222186,11,,,1,71,,222187,11,,,1,35,,222188,11,,,1,70,,222189,11,,,1,15,,222190,11,,,1,15,,222209,11,,,1,15,,222191,11,,,1,55,,222192,11,,,1,15,,222193,11,,,1,15,,222212,11,,,1,15,,222213,11,,,1,55,,222194,11,,,1,29,,222195,11,,,1,65,,222196,11,,,1,29,,222197,11,,,1,70,,222198,11,,,1,30,,222199,11,,,1,70,,222200,11,,,1,30,,222201,11,,,1,70,,222202,11,,,1,28,,222203,11,,,1,69,,222204,11,,,1,100,,222205,11,,,1
50601,'506-Weekday-4-26-09-1111100',532,,222255,11,,,1,69,,222216,11,,,1,30,,222217,11,,,1,73,,222218,11,,,1,16,,222219,11,,,1,15,,222256,11,,,1,15,,222220,11,,,1,55,,222221,11,,,1,15,,222222,11,,,1,15,,222258,11,,,1,15,,222259,11,,,1,55,,222223,11,,,1,29,,222224,11,,,1,70,,222225,11,,,1,30,,222226,11,,,1,70,,222227,11,,,1,30,,222228,11,,,1,70,,222229,11,,,1,30,,222230,11,,,1,70,,222231,11,,,1,30,,222232,11,,,1,70,,222233,11,,,1,30,,222234,11,,,1,71,,222235,11,,,1,35,,222236,11,,,1,70,,222237,11,,,1,15,,222238,11,,,1,15,,222257,11,,,1,15,,222239,11,,,1,55,,222240,11,,,1,15,,222241,11,,,1,15,,222260,11,,,1,15,,222261,11,,,1,55,,222242,11,,,1,29,,222243,11,,,1,65,,222244,11,,,1,29,,222245,11,,,1,70,,222246,11,,,1,30,,222247,11,,,1,70,,222248,11,,,1,30,,222249,11,,,1,70,,222250,11,,,1,28,,222251,11,,,1,69,,222252,11,,,1,100,,222253,11,,,1
50601,'506-Saturday-1-26-09-0000010',548,,222262,11,,,1,100,,222263,11,,,1,100,,222264,11,,,1,70,,222265,11,,,1,28,,222266,11,,,1,70,,222267,11,,,1,33,,222268,11,,,1,70,,222269,11,,,1,30,,222270,11,,,1,70,,222271,11,,,1,30,,222272,11,,,1,70,,222273,11,,,1,30,,222274,11,,,1,70,,222275,11,,,1,30,,222276,11,,,1,70,,222277,11,,,1,30,,222278,11,,,1,70,,222279,11,,,1,30,,222280,11,,,1,70,,222281,11,,,1,30,,222282,11,,,1,70,,222283,11,,,1,29,,222284,11,,,1,70,,222285,11,,,1,30,,222286,11,,,1,70,,222287,11,,,1,30,,222288,11,,,1,85,,222289,11,,,1,100,,222290,11,,,1,100,,222291,11,,,1,100,,222292,11,,,1
50601,'506-Sunday-1-26-09-0000001',552,,222294,11,,,1,98,,222295,11,,,1,100,,222296,11,,,1,100,,222297,11,,,1,99,,222298,11,,,1,70,,222299,11,,,1,30,,222300,11,,,1,70,,222301,11,,,1,30,,222302,11,,,1,70,,222303,11,,,1,30,,222304,11,,,1,70,,222305,11,,,1,30,,222306,11,,,1,70,,222307,11,,,1,30,,222308,11,,,1,70,,222309,11,,,1,30,,222310,11,,,1,70,,222311,11,,,1,30,,222312,11,,,1,70,,222313,11,,,1,31,,222314,11,,,1,70,,222315,11,,,1,30,,222316,11,,,1,85,,222317,11,,,1,100,,222318,11,,,1,100,,222319,11,,,1,100,,222320,11,,,1,100,,222321,11,,,1
63100,'631-Weekday-1-26-09-1111100',740,,227574,12,,,1
63100,'631-Weekday-3-26-09-1111100',740,,227575,12,,,1
63400,'634-Weekday-1-26-09-0000100',928,,227590,11,,,1
63400,'634-Weekday-1-26-09-1111000',801,,227591,11,,,1,2,,227592,11,,,1
63400,'634-Weekday-3-26-09-1111000',801,,227593,11,,,1,2,,227594,11,,,1
