201,'002-Weekday-1-26-09-1111100',2513,,204084,9,0,28 41 7 42,1,30,,204085,9,0,28 41 7 42,1,70,,204086,9,0,28 41 7 42,1,30,,204087,9,0,28 41 7 42,1
201,'002-Weekday-2-26-09-1111100',2513,,204173,9,0,28 41 7 42,1,30,,204174,9,0,28 41 7 42,1,70,,204175,9,0,28 41 7 42,1,30,,204176,9,0,28 41 7 42,1
201,'002-Weekday-4-26-09-1111100',2513,,204262,9,0,28 41 7 42,1,30,,204263,9,0,28 41 7 42,1,70,,204264,9,0,28 41 7 42,1,30,,204265,9,0,28 41 7 42,1
201,'002-Saturday-1-26-09-0000010',2413,,204359,9,0,28 41 7 42,1,30,,204353,9,0,28 41 7 42,1,70,,204354,9,0,28 41 7 42,1,30,,204351,9,0,28 41 7 42,1,70,,204355,9,0,28 41 7 42,1,30,,204356,9,0,28 41 7 42,1
201,'002-Sunday-1-26-09-0000001',2412,,204427,9,0,28 41 7 42,1,30,,204428,9,0,28 41 7 42,1,70,,204429,9,0,28 41 7 42,1,30,,204430,9,0,28 41 7 42,1,70,,204431,9,0,28 41 7 42,1,30,,204432,9,0,28 41 7 42,1
5301,'053-Weekday-1-26-09-1111100',509,,211981,9,,,1,30,,211939,9,,,1,70,,211940,9,,,1,29,,211970,9,,,1,16,,211941,9,,,1,56,,211942,9,,,1,16,,211968,9,,,1,15,,211943,9,,,1,18,,211977,9,,,1,55,,211978,9,,,1,15,,211973,9,,,1,15,,211985,9,,,1,59,,211986,9,,,1,21,,211969,9,,,1,20,,211944,9,,,1,59,,211987,9,,,1,20,,211945,9,,,1,20,,211946,9,,,1,60,,211988,9,,,1,20,,211947,9,,,1,20,,211948,9,,,1,60,,211989,9,,,1,20,,211949,9,,,1,20,,211950,9,,,1,60,,211990,9,,,1,20,,211951,9,,,1,20,,211952,9,,,1,60,,211982,9,,,1,20,,211953,9,,,1,20,,211954,9,,,1,60,,211983,9,,,1,16,,211955,9,,,1,15,,211956,9,,,1,15,,211957,9,,,1,55,,211971,9,,,1,16,,211958,9,,,1,15,,211959,9,,,1,15,,211972,9,,,1,55,,211960,9,,,1,15,,211974,9,,,1,19,,211979,9,,,1,71,,211980,9,,,1,29,,211975,9,,,1,70,,211961,9,,,1,30,,211962,9,,,1,70,,211963,9,,,1,30,,211964,9,,,1,70,,211965,9,,,1,30,,211966,9,,,1,69,,211984,9,,,1,100,,211967,9,,,1,100,,211976,9,,,1
5301,'053-Weekday-2-26-09-1111100',509,,212033,9,,,1,30,,211991,9,,,1,70,,211992,9,,,1,29,,212022,9,,,1,16,,211993,9,,,1,56,,211994,9,,,1,16,,212020,9,,,1,15,,211995,9,,,1,18,,212029,9,,,1,55,,212030,9,,,1,15,,212025,9,,,1,15,,212037,9,,,1,59,,212038,9,,,1,21,,212021,9,,,1,20,,211996,9,,,1,59,,212039,9,,,1,20,,211997,9,,,1,20,,211998,9,,,1,60,,212040,9,,,1,20,,211999,9,,,1,20,,212000,9,,,1,60,,212041,9,,,1,20,,212001,9,,,1,20,,212002,9,,,1,60,,212042,9,,,1,20,,212003,9,,,1,20,,212004,9,,,1,60,,212034,9,,,1,20,,212005,9,,,1,20,,212006,9,,,1,60,,212035,9,,,1,16,,212007,9,,,1,15,,212008,9,,,1,15,,212009,9,,,1,55,,212023,9,,,1,16,,212010,9,,,1,15,,212011,9,,,1,15,,212024,9,,,1,55,,212012,9,,,1,15,,212026,9,,,1,19,,212031,9,,,1,71,,212032,9,,,1,29,,212027,9,,,1,70,,212013,9,,,1,30,,212014,9,,,1,70,,212015,9,,,1,30,,212016,9,,,1,70,,212017,9,,,1,30,,212018,9,,,1,69,,212036,9,,,1,100,,212019,9,,,1,100,,212028,9,,,1
5301,'053-Weekday-4-26-09-1111100',509,,212085,9,,,1,30,,212043,9,,,1,70,,212044,9,,,1,29,,212074,9,,,1,16,,212045,9,,,1,56,,212046,9,,,1,16,,212072,9,,,1,15,,212047,9,,,1,18,,212081,9,,,1,55,,212082,9,,,1,15,,212077,9,,,1,15,,212089,9,,,1,59,,212090,9,,,1,21,,212073,9,,,1,20,,212048,9,,,1,59,,212091,9,,,1,20,,212049,9,,,1,20,,212050,9,,,1,60,,212092,9,,,1,20,,212051,9,,,1,20,,212052,9,,,1,60,,212093,9,,,1,20,,212053,9,,,1,20,,212054,9,,,1,60,,212094,9,,,1,20,,212055,9,,,1,20,,212056,9,,,1,60,,212086,9,,,1,20,,212057,9,,,1,20,,212058,9,,,1,60,,212087,9,,,1,16,,212059,9,,,1,15,,212060,9,,,1,15,,212061,9,,,1,55,,212075,9,,,1,16,,212062,9,,,1,15,,212063,9,,,1,15,,212076,9,,,1,55,,212064,9,,,1,15,,212078,9,,,1,19,,212083,9,,,1,71,,212084,9,,,1,29,,212079,9,,,1,70,,212065,9,,,1,30,,212066,9,,,1,70,,212067,9,,,1,30,,212068,9,,,1,70,,212069,9,,,1,30,,212070,9,,,1,69,,212088,9,,,1,100,,212071,9,,,1,100,,212080,9,,,1
5301,'053-Saturday-1-26-09-0000010',613,,212095,9,,,1,100,,212096,9,,,1,100,,212097,9,,,1,24,,212125,9,,,1,64,,212098,9,,,1,30,,212099,9,,,1,70,,212100,9,,,1,30,,212101,9,,,1,70,,212102,9,,,1,30,,212103,9,,,1,70,,212104,9,,,1,30,,212105,9,,,1,70,,212106,9,,,1,30,,212107,9,,,1,70,,212108,9,,,1,30,,212109,9,,,1,70,,212110,9,,,1,30,,212111,9,,,1,70,,212112,9,,,1,30,,212113,9,,,1,70,,212114,9,,,1,30,,212115,9,,,1,70,,212116,9,,,1,30,,212117,9,,,1,70,,212118,9,,,1,30,,212123,9,,,1,82,,212119,9,,,1,100,,212120,9,,,1,100,,212121,9,,,1,100,,212122,9,,,1,100,,212124,9,,,1
5301,'053-Sunday-1-26-09-0000001',707,,212126,9,,,1,100,,212127,9,,,1,100,,212147,9,,,1,100,,212128,9,,,1,30,,212149,9,,,1,70,,212129,9,,,1,30,,212150,9,,,1,70,,212148,9,,,1,30,,212151,9,,,1,70,,212141,9,,,1,30,,212152,9,,,1,70,,212140,9,,,1,30,,212146,9,,,1,70,,212139,9,,,1,30,,212145,9,,,1,70,,212138,9,,,1,30,,212144,9,,,1,70,,212137,9,,,1,30,,212143,9,,,1,70,,212136,9,,,1,30,,212142,9,,,1,70,,212135,9,,,1,100,,212130,9,,,1,100,,212131,9,,,1,100,,212132,9,,,1,100,,212133,9,,,1,100,,212134,9,,,1
63301,'633-Weekday-1-26-09-1111100',734,,227586,8,,,1,6,,227587,8,,,1,4,,227588,8,,,1,4,,227589,8,,,1
