10900,'109-Weekday-1-26-06-1111100',533,,159204,56,,,1,70,,159205,56,,,1,31,,159206,56,,,1,73,,159244,56,,,1,20,,159207,56,,,1,20,,159239,56,,,1,60,,159208,56,,,1,20,,159209,56,,,1,20,,159240,56,,,1,59,,159210,56,,,1,29,,159211,56,,,1,70,,159212,56,,,1,30,,159213,56,,,1,70,,159214,56,,,1,30,,159215,56,,,1,70,,159216,56,,,1,30,,159217,56,,,1,70,,159218,56,,,1,30,,159219,56,,,1,70,,159220,56,,,1,30,,159221,56,,,1,70,,159222,56,,,1,34,,159223,56,,,1,20,,159224,56,,,1,60,,159241,56,,,1,20,,159225,56,,,1,20,,159226,56,,,1,60,,159242,56,,,1,20,,159227,56,,,1,70,,159228,56,,,1,30,,159229,56,,,1,65,,159230,56,,,1,30,,159231,56,,,1,70,,159232,56,,,1,30,,159233,56,,,1,70,,159234,56,,,1,30,,159235,56,,,1,70,,159236,56,,,1,30,,159243,56,,,1,100,,159237,56,,,1,100,,159238,56,,,1
10900,'109-Saturday-1-26-06-0000010',823,,159245,56,,,1,30,,159246,56,,,1,73,,159247,56,,,1,31,,159248,56,,,1,70,,159249,56,,,1,30,,159250,56,,,1,70,,159251,56,,,1,30,,159252,56,,,1,70,,159253,56,,,1,30,,159254,56,,,1,70,,159255,56,,,1,30,,159256,56,,,1,70,,159257,56,,,1,30,,159258,56,,,1,70,,159259,56,,,1,30,,159260,56,,,1,70,,159261,56,,,1,30,,159262,56,,,1,68,,159263,56,,,1,30,,159264,56,,,1,70,,159265,56,,,1,30,,159266,56,,,1,70,,159267,56,,,1,30,,159268,56,,,1,70,,159269,56,,,1,30,,159270,56,,,1,70,,159271,56,,,1,30,,159272,56,,,1,70,,159273,56,,,1
10900,'109-Sunday-1-26-06-0000001',1036,,159274,56,,,1,70,,159275,56,,,1,30,,159276,56,,,1,70,,159277,56,,,1,30,,159278,56,,,1,70,,159279,56,,,1,30,,159280,56,,,1,70,,159281,56,,,1,30,,159282,56,,,1,70,,159283,56,,,1,30,,159284,56,,,1,70,,159285,56,,,1,30,,159286,56,,,1,69,,159287,56,,,1,29,,159288,56,,,1,70,,159289,56,,,1,30,,159290,56,,,1,70,,159291,56,,,1
12400,'124-Weekday-1-26-06-1111100',601,,161294,42,,,1,30,,161297,42,,,1,74,,161266,42,,,1,20,,161267,42,,,1,20,,161268,42,,,1,60,,161269,42,,,1,20,,161270,42,,,1,20,,161271,42,,,1,60,,161289,42,,,1,30,,161290,42,,,1,70,,161291,42,,,1,30,,161272,42,,,1,70,,161273,42,,,1,30,,161274,42,,,1,70,,161275,42,,,1,30,,161276,42,,,1,70,,161277,42,,,1,30,,161278,42,,,1,70,,161293,42,,,1,30,,161295,42,,,1,70,,161296,42,,,1,23,,161300,42,,,1,21,,161279,42,,,1,60,,161280,42,,,1,20,,161281,42,,,1,20,,161282,42,,,1,60,,161283,42,,,1,20,,161284,42,,,1,20,,161285,42,,,1,60,,161292,42,,,1,29,,161288,42,,,1,66,,161298,42,,,1,30,,161299,42,,,1,70,,161263,42,,,1,30,,161264,42,,,1,70,,161265,42,,,1,30,,161286,42,,,1,70,,161287,42,,,1
12400,'124-Saturday-1-26-06-0000010',811,,161301,42,,,1,30,,161302,42,,,1,72,,161303,42,,,1,30,,161304,42,,,1,70,,161305,42,,,1,30,,161306,42,,,1,70,,161307,42,,,1,30,,161308,42,,,1,70,,161309,42,,,1,30,,161310,42,,,1,70,,161311,42,,,1,30,,161312,42,,,1,70,,161313,42,,,1,30,,161314,42,,,1,70,,161315,42,,,1,30,,161316,42,,,1,70,,161317,42,,,1,30,,161318,42,,,1,69,,161319,42,,,1,30,,161320,42,,,1,70,,161321,42,,,1,30,,161322,42,,,1,70,,161323,42,,,1
12400,'124-Sunday-1-26-06-0000001',1031,,161324,42,,,1,27,,161325,42,,,1,70,,161326,42,,,1,30,,161327,42,,,1,70,,161328,42,,,1,30,,161329,42,,,1,70,,161330,42,,,1,30,,161331,42,,,1,70,,161332,42,,,1,30,,161333,42,,,1,70,,161334,42,,,1,30,,161335,42,,,1,70,,161336,42,,,1,31,,161337,42,,,1,70,,161338,42,,,1,30,,161339,42,,,1,70,,161340,42,,,1,73,,161341,42,,,1,30,,161342,42,,,1
61300,'613-Weekday-3-26-06-1111100',735,,165159,9,,,1,87,,165160,9,,,1
68300,'683-Weekday-3-26-06-1110100',1636,,165280,47,,,1
68300,'683-Weekday-3-26-06-1111100',1614,,165281,47,,,1
24015001,'150X-Weekday-1-26-06-1111100',604,,174669,7,,,1,20,,174667,7,,,1,20,,174668,7,,,1,60,,174670,7,,,1,15,,174671,7,,,1,15,,174672,7,,,1,15,,174673,7,,,1,55,,174674,7,,,1,15,,174675,7,,,1,15,,174676,7,,,1
