65901,'659-Weekday-1-26-02-1111100',758,,61399,13,,,1
65901,'659-Weekday-10-26-02-1111100',758,,116826,13,,,1
65901,'659-Weekday-9-26-02-1111100',758,,61404,13,,,1
66701,'667-Weekday-1-26-02-1111100',828,,61658,17,,,1,13,,61659,17,,,1
66701,'667-Weekday-10-26-02-1111100',828,,116865,17,,,1,13,,116866,17,,,1
66701,'667-Weekday-9-26-02-1111100',828,,61666,17,,,1,13,,61667,17,,,1
72101,'721-Weekday-1-26-02-1111100',609,,77994,16,,,1,20,,77995,16,,,1,24,,77996,16,,,1,55,,77997,16,,,1,15,,77998,16,,,1,15,,77999,16,,,1,15,,78000,16,,,1,55,,78001,16,,,1,15,,78002,16,,,1,8,,78061,16,0,21 22,1,7,,78003,16,,,1,1,,78060,16,0,21 22,1,14,,78004,16,,,1,54,,78005,16,,,1,20,,78006,16,,,1,20,,78007,16,,,1,60,,78008,16,,,1,20,,78009,16,,,1,20,,78010,16,,,1,60,,78011,16,,,1,20,,78012,16,,,1,20,,78013,16,,,1,60,,78014,16,,,1,20,,78015,16,,,1,20,,78016,16,,,1,60,,78017,16,,,1,20,,78018,16,,,1,20,,78019,16,,,1,60,,78020,16,,,1,20,,78021,16,,,1,20,,78022,16,,,1,62,,78023,16,,,1,12,,78024,16,,,1,10,,78025,16,,,1,10,,78026,16,,,1,10,,78027,16,,,1,50,,78028,16,,,1,10,,78029,16,,,1,10,,78030,16,,,1,10,,78031,16,,,1,10,,78032,16,,,1,10,,78033,16,,,1,50,,78034,16,,,1,10,,78035,16,,,1,10,,78036,16,,,1,10,,78037,16,,,1,10,,78038,16,,,1,10,,78039,16,,,1,50,,78040,16,,,1,10,,78041,16,,,1,21,,78042,16,,,1,17,,78043,16,,,1,60,,78044,16,,,1,20,,78045,16,,,1,20,,78046,16,,,1,60,,78047,16,,,1,20,,78048,16,,,1,20,,78049,16,,,1,60,,78050,16,,,1,20,,78051,16,,,1,20,,78052,16,,,1,70,,78053,16,,,1,30,,78054,16,,,1,70,,78055,16,,,1,30,,78056,16,,,1,70,,78057,16,,,1,30,,78058,16,,,1,70,,78059,16,,,1
72101,'721-Weekday-10-26-02-1111100',609,,78062,16,,,1,20,,78063,16,,,1,24,,78064,16,,,1,55,,78065,16,,,1,15,,78066,16,,,1,15,,78067,16,,,1,15,,78068,16,,,1,55,,78069,16,,,1,15,,78070,16,,,1,8,,78129,16,0,21 22,1,7,,78071,16,,,1,1,,78128,16,0,21 22,1,14,,78072,16,,,1,54,,78073,16,,,1,20,,78074,16,,,1,20,,78075,16,,,1,60,,78076,16,,,1,20,,78077,16,,,1,20,,78078,16,,,1,60,,78079,16,,,1,20,,78080,16,,,1,20,,78081,16,,,1,60,,78082,16,,,1,20,,78083,16,,,1,20,,78084,16,,,1,60,,78085,16,,,1,20,,78086,16,,,1,20,,78087,16,,,1,60,,78088,16,,,1,20,,78089,16,,,1,20,,78090,16,,,1,62,,78091,16,,,1,12,,78092,16,,,1,10,,78093,16,,,1,10,,78094,16,,,1,10,,78095,16,,,1,50,,78096,16,,,1,10,,78097,16,,,1,10,,78098,16,,,1,10,,78099,16,,,1,10,,78100,16,,,1,10,,78101,16,,,1,50,,78102,16,,,1,10,,78103,16,,,1,10,,78104,16,,,1,10,,78105,16,,,1,10,,78106,16,,,1,10,,78107,16,,,1,50,,78108,16,,,1,10,,78109,16,,,1,21,,78110,16,,,1,17,,78111,16,,,1,60,,78112,16,,,1,20,,78113,16,,,1,20,,78114,16,,,1,60,,78115,16,,,1,20,,78116,16,,,1,20,,78117,16,,,1,60,,78118,16,,,1,20,,78119,16,,,1,20,,78120,16,,,1,70,,78121,16,,,1,30,,78122,16,,,1,70,,78123,16,,,1,30,,78124,16,,,1,70,,78125,16,,,1,30,,78126,16,,,1,70,,78127,16,,,1
72101,'721-Weekday-11-26-02-1111100',609,,119296,16,,,1,20,,119297,16,,,1,24,,119298,16,,,1,55,,119299,16,,,1,15,,119300,16,,,1,15,,119301,16,,,1,15,,119302,16,,,1,55,,119303,16,,,1,15,,119304,16,,,1,8,,119363,16,0,21 22,1,7,,119305,16,,,1,1,,119362,16,0,21 22,1,14,,119306,16,,,1,54,,119307,16,,,1,20,,119308,16,,,1,20,,119309,16,,,1,60,,119310,16,,,1,20,,119311,16,,,1,20,,119312,16,,,1,60,,119313,16,,,1,20,,119314,16,,,1,20,,119315,16,,,1,60,,119316,16,,,1,20,,119317,16,,,1,20,,119318,16,,,1,60,,119319,16,,,1,20,,119320,16,,,1,20,,119321,16,,,1,60,,119322,16,,,1,20,,119323,16,,,1,20,,119324,16,,,1,62,,119325,16,,,1,12,,119326,16,,,1,10,,119327,16,,,1,10,,119328,16,,,1,10,,119329,16,,,1,50,,119330,16,,,1,10,,119331,16,,,1,10,,119332,16,,,1,10,,119333,16,,,1,10,,119334,16,,,1,10,,119335,16,,,1,50,,119336,16,,,1,10,,119337,16,,,1,10,,119338,16,,,1,10,,119339,16,,,1,10,,119340,16,,,1,10,,119341,16,,,1,50,,119342,16,,,1,10,,119343,16,,,1,21,,119344,16,,,1,17,,119345,16,,,1,60,,119346,16,,,1,20,,119347,16,,,1,20,,119348,16,,,1,60,,119349,16,,,1,20,,119350,16,,,1,20,,119351,16,,,1,60,,119352,16,,,1,20,,119353,16,,,1,20,,119354,16,,,1,70,,119355,16,,,1,30,,119356,16,,,1,70,,119357,16,,,1,30,,119358,16,,,1,70,,119359,16,,,1,30,,119360,16,,,1,70,,119361,16,,,1
72101,'721-Saturday-1-26-02-0000010',606,,78604,16,,,1,30,,78601,16,,,1,70,,78608,16,,,1,30,,78611,16,,,1,70,,78614,16,,,1,25,,78598,16,,,1,20,,78599,16,,,1,61,,78618,16,,,1,20,,78619,16,,,1,20,,78620,16,,,1,60,,78621,16,,,1,20,,78622,16,,,1,20,,78623,16,,,1,60,,78624,16,,,1,20,,78625,16,,,1,20,,78626,16,,,1,60,,78627,16,,,1,20,,78628,16,,,1,20,,78629,16,,,1,60,,78630,16,,,1,20,,78631,16,,,1,20,,78632,16,,,1,60,,78633,16,,,1,20,,78634,16,,,1,20,,78635,16,,,1,60,,78636,16,,,1,20,,78637,16,,,1,20,,78638,16,,,1,60,,78639,16,,,1,20,,78640,16,,,1,20,,78641,16,,,1,60,,78642,16,,,1,20,,78643,16,,,1,20,,78644,16,,,1,60,,78645,16,,,1,20,,78616,16,,,1,20,,78617,16,,,1,70,,78603,16,,,1,30,,78613,16,,,1,70,,78615,16,,,1,30,,78607,16,,,1,70,,78600,16,,,1,30,,78606,16,,,1,70,,78612,16,,,1,30,,78605,16,,,1,70,,78610,16,,,1,30,,78602,16,,,1,70,,78609,16,,,1
72101,'721-Sunday-2-26-02-0000001',627,,119364,16,,,1,30,,119365,16,,,1,70,,119366,16,,,1,30,,119367,16,,,1,70,,119368,16,,,1,28,,119369,16,,,1,70,,119370,16,,,1,30,,119371,16,,,1,70,,119372,16,,,1,30,,119373,16,,,1,70,,119374,16,,,1,30,,119375,16,,,1,70,,119376,16,,,1,27,,119377,16,,,1,70,,119378,16,,,1,30,,119379,16,,,1,70,,119380,16,,,1,30,,119381,16,,,1,70,,119382,16,,,1,30,,119383,16,,,1,70,,119384,16,,,1,30,,119385,16,,,1,71,,119386,16,,,1,30,,119387,16,,,1,70,,119388,16,,,1,30,,119389,16,,,1,70,,119390,16,,,1,30,,119391,16,,,1,70,,119392,16,,,1,30,,119393,16,,,1,70,,119394,16,,,1,30,,119395,16,,,1,70,,119396,16,,,1,30,,119397,16,,,1,70,,119398,16,,,1,30,,119399,16,,,1,70,,119400,16,,,1
