52201,'522-Weekday-1-26-04-1111100',626,,130272,21,,,1,31,,130273,21,,,1,70,,130274,21,,,1,30,,130275,21,,,1,70,,130276,21,,,1,30,,130277,21,,,1,99,,130278,21,,,1,100,,130279,21,,,1,100,,130280,21,,,1,100,,130281,21,,,1,100,,130282,21,,,1,100,,130283,21,,,1,71,,130284,21,,,1,30,,130285,21,,,1,70,,130286,21,,,1,30,,130287,21,,,1,70,,130288,21,,,1,30,,130289,21,,,1,99,,130290,21,,,1,100,,130291,21,,,1,100,,130292,21,,,1,100,,130293,21,,,1
52201,'522-Weekday-2-26-04-1111100',626,,130294,21,,,1,31,,130295,21,,,1,70,,130296,21,,,1,30,,130297,21,,,1,70,,130298,21,,,1,30,,130299,21,,,1,99,,130300,21,,,1,100,,130301,21,,,1,100,,130302,21,,,1,100,,130303,21,,,1,100,,130304,21,,,1,100,,130305,21,,,1,71,,130306,21,,,1,30,,130307,21,,,1,70,,130308,21,,,1,30,,130309,21,,,1,70,,130310,21,,,1,30,,130311,21,,,1,99,,130312,21,,,1,100,,130313,21,,,1,100,,130314,21,,,1,100,,130315,21,,,1
52201,'522-Weekday-3-26-04-1111100',626,,130316,21,,,1,31,,130317,21,,,1,70,,130318,21,,,1,30,,130319,21,,,1,70,,130320,21,,,1,30,,130321,21,,,1,99,,130322,21,,,1,100,,130323,21,,,1,100,,130324,21,,,1,100,,130325,21,,,1,100,,130326,21,,,1,100,,130327,21,,,1,71,,130328,21,,,1,30,,130329,21,,,1,70,,130330,21,,,1,30,,130331,21,,,1,70,,130332,21,,,1,30,,130333,21,,,1,99,,130334,21,,,1,100,,130335,21,,,1,100,,130336,21,,,1,100,,130337,21,,,1
52201,'522-Saturday-1-26-04-0000010',811,,130349,21,,,1,100,,130338,21,,,1,100,,130339,21,,,1,100,,130340,21,,,1,100,,130341,21,,,1,100,,130342,21,,,1,100,,130343,21,,,1,100,,130344,21,,,1,100,,130345,21,,,1,99,,130346,21,,,1,100,,130347,21,,,1,100,,130348,21,,,1
52201,'522-Sunday-1-26-04-0000001',1042,,130350,21,,,1,100,,130351,21,,,1,100,,130352,21,,,1,100,,130353,21,,,1,100,,130354,21,,,1,100,,130355,21,,,1,100,,130356,21,,,1,100,,130357,21,,,1,100,,130358,21,,,1
63500,'635-Weekday-1-26-04-0000100',1004,,131813,56,,,1
63500,'635-Weekday-1-26-04-1111000',834,,131814,56,,,1
63500,'635-Weekday-2-26-04-0000100',1004,,131815,56,,,1
1000101,'001-Weekday-1-26-04-1111100',535,,147479,14,,,1,80,,147480,14,,,1,41,,147481,14,,,1,70,,147482,14,,,1,20,,147483,14,,,1,60,,147484,14,,,1,20,,147485,14,,,1,20,,147486,14,,,1,61,,147487,14,,,1,30,,147488,14,,,1,70,,147489,14,,,1,30,,147490,14,,,1,70,,147491,14,,,1,30,,147492,14,,,1,70,,147493,14,,,1,30,,147494,14,,,1,70,,147495,14,,,1,30,,147496,14,,,1,70,,147497,14,,,1,30,,147498,14,,,1,68,,147499,14,,,1,25,,147500,14,,,1,20,,147501,14,,,1,60,,147502,14,,,1,20,,147503,14,,,1,20,,147504,14,,,1,65,,147505,14,,,1,30,,147506,14,,,1,70,,147507,14,,,1,29,,147508,14,,,1,70,,147509,14,,,1,30,,147510,14,,,1,70,,147511,14,,,1,30,,147512,14,,,1,70,,147513,14,,,1,30,,147514,14,,,1,68,,147515,14,,,1,38,,147516,14,,,1,80,,147517,14,,,1,80,,147518,14,,,1
1000101,'001-Weekday-2-26-04-1111100',535,,147519,14,,,1,80,,147520,14,,,1,41,,147521,14,,,1,70,,147522,14,,,1,20,,147523,14,,,1,60,,147524,14,,,1,20,,147525,14,,,1,20,,147526,14,,,1,61,,147527,14,,,1,30,,147528,14,,,1,70,,147529,14,,,1,30,,147530,14,,,1,70,,147531,14,,,1,30,,147532,14,,,1,70,,147533,14,,,1,30,,147534,14,,,1,70,,147535,14,,,1,30,,147536,14,,,1,70,,147537,14,,,1,30,,147538,14,,,1,68,,147539,14,,,1,25,,147540,14,,,1,20,,147541,14,,,1,60,,147542,14,,,1,20,,147543,14,,,1,20,,147544,14,,,1,65,,147545,14,,,1,30,,147546,14,,,1,70,,147547,14,,,1,29,,147548,14,,,1,70,,147549,14,,,1,30,,147550,14,,,1,70,,147551,14,,,1,30,,147552,14,,,1,70,,147553,14,,,1,30,,147554,14,,,1,68,,147555,14,,,1,38,,147556,14,,,1,80,,147557,14,,,1,80,,147558,14,,,1
1000101,'001-Weekday-3-26-04-1111100',535,,147559,14,,,1,80,,147560,14,,,1,41,,147561,14,,,1,70,,147562,14,,,1,20,,147563,14,,,1,60,,147564,14,,,1,20,,147565,14,,,1,20,,147566,14,,,1,61,,147567,14,,,1,30,,147568,14,,,1,70,,147569,14,,,1,30,,147570,14,,,1,70,,147571,14,,,1,30,,147572,14,,,1,70,,147573,14,,,1,30,,147574,14,,,1,70,,147575,14,,,1,30,,147576,14,,,1,70,,147577,14,,,1,30,,147578,14,,,1,68,,147579,14,,,1,25,,147580,14,,,1,20,,147581,14,,,1,60,,147582,14,,,1,20,,147583,14,,,1,20,,147584,14,,,1,65,,147585,14,,,1,30,,147586,14,,,1,70,,147587,14,,,1,29,,147588,14,,,1,70,,147589,14,,,1,30,,147590,14,,,1,70,,147591,14,,,1,30,,147592,14,,,1,70,,147593,14,,,1,30,,147594,14,,,1,68,,147595,14,,,1,38,,147596,14,,,1,80,,147597,14,,,1,80,,147598,14,,,1
1000101,'001-Saturday-1-26-04-0000010',540,,147599,14,,,1,80,,147600,14,,,1,80,,147601,14,,,1,40,,147602,14,,,1,70,,147603,14,,,1,30,,147604,14,,,1,71,,147605,14,,,1,30,,147606,14,,,1,70,,147607,14,,,1,30,,147608,14,,,1,70,,147609,14,,,1,30,,147610,14,,,1,70,,147611,14,,,1,30,,147612,14,,,1,70,,147613,14,,,1,30,,147614,14,,,1,70,,147615,14,,,1,30,,147616,14,,,1,70,,147617,14,,,1,30,,147618,14,,,1,70,,147619,14,,,1,30,,147620,14,,,1,69,,147621,14,,,1,30,,147622,14,,,1,70,,147623,14,,,1,30,,147624,14,,,1,70,,147625,14,,,1,30,,147626,14,,,1,70,,147627,14,,,1,30,,147628,14,,,1,70,,147629,14,,,1,30,,147630,14,,,1,70,,147631,14,,,1,30,,147632,14,,,1,80,,147633,14,,,1,80,,147634,14,,,1
1000101,'001-Sunday-1-26-04-0000001',559,,147635,14,,,1,80,,147636,14,,,1,80,,147637,14,,,1,40,,147638,14,,,1,80,,147639,14,,,1,78,,147640,14,,,1,40,,147641,14,,,1,70,,147642,14,,,1,30,,147643,14,,,1,70,,147644,14,,,1,30,,147645,14,,,1,70,,147646,14,,,1,30,,147647,14,,,1,70,,147648,14,,,1,30,,147649,14,,,1,70,,147650,14,,,1,30,,147651,14,,,1,70,,147652,14,,,1,30,,147653,14,,,1,70,,147654,14,,,1,31,,147655,14,,,1,71,,147656,14,,,1,30,,147657,14,,,1,70,,147658,14,,,1,73,,147659,14,,,1,40,,147660,14,,,1,80,,147661,14,,,1,80,,147662,14,,,1,40,,147663,14,,,1,80,,147664,14,,,1,81,,147665,14,,,1,42,,147666,14,,,1
