5101,'DX-051-Weekday-10-25-12-1111100',536,,11186,,,1,70,,11187,,,1,34,,11188,,,1,62,,11200,,,1,10,,11189,,,1,10,,11190,,,1,10,,11191,,,1,10,,11192,,,1,10,,11193,,,1,50,,11194,,,1,7,,11195,,,1,3,,11185,,,1,2,,11196,,,1,8,,11153,,,1,10,,11154,,,1,5,,11197,,,1,5,,11155,,,1,10,,11156,,,1,48,,11157,,,1,17,,11184,,,1,20,,11158,,,1,20,,11201,,,1,60,,11159,,,1,8,,11198,,,1,12,,11160,,,1,20,,11202,,,1,60,,11161,,,1,20,,11162,,,1,20,,11203,,,1,60,,11163,,,1,20,,11164,,,1,20,,11204,,,1,60,,11165,,,1,20,,11166,,,1,20,,11205,,,1,60,,11167,,,1,20,,11199,,,1,70,,11168,,,1,30,,11169,,,1,71,,11170,,,1,30,,11171,,,1,70,,11172,,,1,30,,11173,,,1,70,,11174,,,1,28,,11175,,,1,69,,11176,,,1,30,,11177,,,1,70,,11178,,,1,30,,11179,,,1,70,,11180,,,1,30,,11181,,,1,70,,11182,,,1,100,,11183,,,1
5101,'DX-051-Weekday-6-25-12-1111100',536,,11239,,,1,70,,11240,,,1,34,,11241,,,1,62,,11253,,,1,10,,11242,,,1,10,,11243,,,1,10,,11244,,,1,10,,11245,,,1,10,,11246,,,1,50,,11247,,,1,7,,11248,,,1,3,,11238,,,1,2,,11249,,,1,8,,11206,,,1,10,,11207,,,1,5,,11250,,,1,5,,11208,,,1,10,,11209,,,1,48,,11210,,,1,17,,11237,,,1,20,,11211,,,1,20,,11254,,,1,60,,11212,,,1,8,,11251,,,1,12,,11213,,,1,20,,11255,,,1,60,,11214,,,1,20,,11215,,,1,20,,11256,,,1,60,,11216,,,1,20,,11217,,,1,20,,11257,,,1,60,,11218,,,1,20,,11219,,,1,20,,11258,,,1,60,,11220,,,1,20,,11252,,,1,70,,11221,,,1,30,,11222,,,1,71,,11223,,,1,30,,11224,,,1,70,,11225,,,1,30,,11226,,,1,70,,11227,,,1,28,,11228,,,1,69,,11229,,,1,30,,11230,,,1,70,,11231,,,1,30,,11232,,,1,70,,11233,,,1,30,,11234,,,1,70,,11235,,,1,100,,11236,,,1
5101,'DX-051-Weekday-8-25-12-1111100',536,,11286,,,1,70,,11287,,,1,34,,11288,,,1,62,,11296,,,1,20,,11289,,,1,20,,11290,,,1,60,,11291,,,1,20,,11292,,,1,20,,11293,,,1,58,,11294,,,1,17,,11285,,,1,20,,11259,,,1,20,,11297,,,1,60,,11260,,,1,20,,11261,,,1,20,,11298,,,1,60,,11262,,,1,20,,11263,,,1,20,,11299,,,1,60,,11264,,,1,20,,11265,,,1,20,,11300,,,1,60,,11266,,,1,20,,11267,,,1,20,,11301,,,1,60,,11268,,,1,25,,11295,,,1,70,,11269,,,1,31,,11270,,,1,70,,11271,,,1,30,,11272,,,1,70,,11273,,,1,30,,11274,,,1,70,,11275,,,1,27,,11276,,,1,70,,11277,,,1,30,,11278,,,1,70,,11279,,,1,30,,11280,,,1,70,,11281,,,1,30,,11282,,,1,70,,11283,,,1,95,,11284,,,1
5101,'DX-051-Weekday-9-25-12-1111100',536,,11329,,,1,70,,11330,,,1,34,,11331,,,1,62,,11339,,,1,20,,11332,,,1,20,,11333,,,1,60,,11334,,,1,20,,11335,,,1,20,,11336,,,1,58,,11337,,,1,17,,11328,,,1,20,,11302,,,1,20,,11340,,,1,60,,11303,,,1,20,,11304,,,1,20,,11341,,,1,60,,11305,,,1,20,,11306,,,1,20,,11342,,,1,60,,11307,,,1,20,,11308,,,1,20,,11343,,,1,60,,11309,,,1,20,,11310,,,1,20,,11344,,,1,60,,11311,,,1,25,,11338,,,1,70,,11312,,,1,31,,11313,,,1,70,,11314,,,1,30,,11315,,,1,70,,11316,,,1,30,,11317,,,1,70,,11318,,,1,27,,11319,,,1,70,,11320,,,1,30,,11321,,,1,70,,11322,,,1,30,,11323,,,1,70,,11324,,,1,30,,11325,,,1,70,,11326,,,1,95,,11327,,,1,100,,11345,,,1,100,,11346,,,1,100,,11347,,,1,100,,11348,,,1
5101,'SA-051-Saturday-2-25-12-0000010',616,,11349,,,1,100,,11350,,,1,100,,11351,,,1,30,,11352,,,1,70,,11353,,,1,30,,11354,,,1,70,,11355,,,1,30,,11356,,,1,70,,11357,,,1,30,,11358,,,1,70,,11359,,,1,30,,11360,,,1,70,,11361,,,1,30,,11362,,,1,70,,11363,,,1,30,,11364,,,1,70,,11365,,,1,30,,11366,,,1,70,,11367,,,1,30,,11368,,,1,69,,11369,,,1,30,,11370,,,1,70,,11371,,,1,30,,11372,,,1,70,,11373,,,1,100,,11374,,,1,100,,11375,,,1
5101,'SU-051-Sunday-1-26-02-0000001',716,,11395,,,1,100,,11396,,,1,101,,11397,,,1,30,,11400,,,1,70,,11376,,,1,30,,11377,,,1,70,,11378,,,1,30,,11379,,,1,70,,11380,,,1,30,,11381,,,1,70,,11382,,,1,30,,11383,,,1,70,,11384,,,1,30,,11385,,,1,70,,11386,,,1,30,,11387,,,1,70,,11388,,,1,30,,11389,,,1,69,,11390,,,1,30,,11391,,,1,70,,11392,,,1,30,,11393,,,1,70,,11394,,,1,100,,11398,,,1,100,,11399,,,1,100,,11401,,,1
5101,'SU-051-Sunday-3-25-12-0000001',716,,11421,,,1,100,,11422,,,1,101,,11423,,,1,30,,11426,,,1,70,,11402,,,1,30,,11403,,,1,70,,11404,,,1,30,,11405,,,1,70,,11406,,,1,30,,11407,,,1,70,,11408,,,1,30,,11409,,,1,70,,11410,,,1,30,,11411,,,1,70,,11412,,,1,30,,11413,,,1,70,,11414,,,1,30,,11415,,,1,69,,11416,,,1,30,,11417,,,1,70,,11418,,,1,30,,11419,,,1,70,,11420,,,1,100,,11424,,,1,100,,11425,,,1,100,,11427,,,1
24014001,'DX-140X-Weekday-1-25-12-1111100',625,,55674,,,1,21,,55679,,,1,61,,55673,,,1,20,,55675,,,1,20,,55676,,,1,60,,55677,,,1,20,,55678,,,1,20,,55680,,,1
24014001,'DX-140X-Weekday-2-25-12-1111100',625,,55682,,,1,21,,55687,,,1,61,,55681,,,1,20,,55683,,,1,20,,55684,,,1,60,,55685,,,1,20,,55686,,,1,20,,55688,,,1
24014001,'DX-140X-Weekday-3-25-12-1111100',625,,55690,,,1,21,,55695,,,1,61,,55689,,,1,20,,55691,,,1,20,,55692,,,1,60,,55693,,,1,20,,55694,,,1,20,,55696,,,1
24014001,'DX-140X-Weekday-5-25-12-1111100',625,,55698,,,1,21,,55703,,,1,61,,55697,,,1,20,,55699,,,1,20,,55700,,,1,60,,55701,,,1,20,,55702,,,1,20,,55704,,,1
