91601,'916-Weekday-1-26-04-0001000',1237,,144391,34,,,1
91601,'916-Weekday-1-26-04-1110100',1543,,144392,34,,,1,93,,144393,34,,,1
91601,'916-Weekday-1-26-04-1111100',604,,144394,34,,,1,31,,144429,34,,,1,21,,144430,34,,,1,59,,144431,34,,,1,20,,144432,34,,,1,20,,144433,34,,,1,60,,144434,34,,,1,24,,144395,34,,,1,65,,144428,34,,,1,31,,144396,34,,,1,72,,144397,34,,,1,30,,144398,34,,,1,70,,144399,34,,,1,30,,144400,34,,,1,70,,144401,34,,,1,30,,144402,34,,,1,70,,144403,34,,,1,30,,144404,34,,,1,70,,144405,34,,,1,30,,144406,34,,,1,71,,144407,34,,,1,20,,144408,34,,,1,12,,144409,34,,,1,12,,144410,34,,,1,52,,144435,34,,,1,12,,144411,34,,,1,12,,144412,34,,,1,12,,144413,34,,,1,12,,144414,34,,,1,52,,144436,34,,,1,12,,144415,34,,,1,12,,144416,34,,,1,12,,144417,34,,,1,12,,144418,34,,,1,56,,144427,34,,,1,29,,144419,34,,,1,68,,144420,34,,,1,30,,144421,34,,,1,70,,144422,34,,,1,30,,144423,34,,,1,70,,144424,34,,,1,30,,144425,34,,,1,69,,144426,34,,,1,28,,144437,34,,,1,26,,144438,34,,,1,100,,144439,34,,,1
91601,'916-Weekday-2-26-04-1110100',1636,,144440,34,,,1
91601,'916-Weekday-2-26-04-1111100',604,,144441,34,,,1,31,,144476,34,,,1,21,,144477,34,,,1,59,,144478,34,,,1,20,,144479,34,,,1,20,,144480,34,,,1,60,,144481,34,,,1,24,,144442,34,,,1,65,,144475,34,,,1,31,,144443,34,,,1,72,,144444,34,,,1,30,,144445,34,,,1,70,,144446,34,,,1,30,,144447,34,,,1,70,,144448,34,,,1,30,,144449,34,,,1,70,,144450,34,,,1,30,,144451,34,,,1,70,,144452,34,,,1,30,,144453,34,,,1,71,,144454,34,,,1,20,,144455,34,,,1,12,,144456,34,,,1,12,,144457,34,,,1,52,,144482,34,,,1,12,,144458,34,,,1,12,,144459,34,,,1,12,,144460,34,,,1,12,,144461,34,,,1,52,,144483,34,,,1,12,,144462,34,,,1,12,,144463,34,,,1,12,,144464,34,,,1,12,,144465,34,,,1,56,,144474,34,,,1,29,,144466,34,,,1,68,,144467,34,,,1,30,,144468,34,,,1,70,,144469,34,,,1,30,,144470,34,,,1,70,,144471,34,,,1,30,,144472,34,,,1,69,,144473,34,,,1,28,,144484,34,,,1,26,,144485,34,,,1,100,,144486,34,,,1
91601,'916-Weekday-3-26-04-0001000',1237,,144487,34,,,1
91601,'916-Weekday-3-26-04-1110100',1543,,144488,34,,,1
91601,'916-Weekday-3-26-04-1111100',604,,144489,34,,,1,31,,144524,34,,,1,21,,144525,34,,,1,59,,144526,34,,,1,20,,144527,34,,,1,20,,144528,34,,,1,60,,144529,34,,,1,24,,144490,34,,,1,65,,144523,34,,,1,31,,144491,34,,,1,72,,144492,34,,,1,30,,144493,34,,,1,70,,144494,34,,,1,30,,144495,34,,,1,70,,144496,34,,,1,30,,144497,34,,,1,70,,144498,34,,,1,30,,144499,34,,,1,70,,144500,34,,,1,30,,144501,34,,,1,71,,144502,34,,,1,20,,144503,34,,,1,12,,144504,34,,,1,12,,144505,34,,,1,52,,144530,34,,,1,12,,144506,34,,,1,12,,144507,34,,,1,12,,144508,34,,,1,12,,144509,34,,,1,52,,144531,34,,,1,12,,144510,34,,,1,12,,144511,34,,,1,12,,144512,34,,,1,12,,144513,34,,,1,56,,144522,34,,,1,29,,144514,34,,,1,68,,144515,34,,,1,30,,144516,34,,,1,70,,144517,34,,,1,30,,144518,34,,,1,70,,144519,34,,,1,30,,144520,34,,,1,69,,144521,34,,,1,28,,144532,34,,,1,26,,144533,34,,,1,100,,144534,34,,,1
91601,'916-Saturday-1-26-04-0000010',656,,144535,34,,,1,100,,144536,34,,,1,70,,144537,34,,,1,30,,144538,34,,,1,73,,144539,34,,,1,71,,144540,34,,,1,32,,144541,34,,,1,70,,144542,34,,,1,30,,144543,34,,,1,70,,144544,34,,,1,30,,144545,34,,,1,70,,144546,34,,,1,30,,144547,34,,,1,70,,144548,34,,,1,30,,144549,34,,,1,70,,144550,34,,,1,30,,144551,34,,,1,70,,144552,34,,,1,30,,144553,34,,,1,70,,144554,34,,,1,29,,144555,34,,,1,28,,144556,34,,,1,70,,144557,34,,,1,30,,144558,34,,,1,70,,144559,34,,,1,100,,144560,34,,,1,100,,144561,34,,,1,100,,144562,34,,,1,100,,144563,34,,,1,100,,144564,34,,,1
91601,'916-Sunday-1-26-04-0000001',656,,144565,34,,,1,100,,144566,34,,,1,100,,144567,34,,,1,145,,144568,34,,,1,101,,144569,34,,,1,30,,144570,34,,,1,70,,144571,34,,,1,30,,144572,34,,,1,70,,144573,34,,,1,30,,144574,34,,,1,70,,144575,34,,,1,30,,144576,34,,,1,70,,144577,34,,,1,30,,144578,34,,,1,70,,144579,34,,,1,30,,144580,34,,,1,70,,144581,34,,,1,29,,144582,34,,,1,69,,144583,34,,,1,30,,144584,34,,,1,70,,144585,34,,,1,30,,144586,34,,,1,70,,144587,34,,,1,100,,144588,34,,,1,100,,144589,34,,,1,100,,144590,34,,,1,100,,144591,34,,,1
