91701,'917-Weekday-1-26-02-1110100',1646,,94040,34,,,1
91701,'917-Weekday-1-26-02-1111100',517,,94041,34,,,1,30,,94042,34,,,1,70,,94083,34,,,1,20,,94085,34,,,1,21,,94084,34,,,1,60,,94043,34,,,1,20,,94078,34,,,1,20,,94044,34,,,1,60,,94045,34,,,1,20,,94079,34,,,1,20,,94046,34,,,1,61,,94047,34,,,1,30,,94048,34,,,1,70,,94049,34,,,1,30,,94050,34,,,1,70,,94051,34,,,1,30,,94052,34,,,1,70,,94053,34,,,1,30,,94054,34,,,1,70,,94055,34,,,1,30,,94056,34,,,1,70,,94057,34,,,1,30,,94058,34,,,1,74,,94059,34,,,1,31,,94082,34,,,1,55,,94060,34,,,1,15,,94061,34,,,1,15,,94062,34,,,1,15,,94080,34,,,1,55,,94063,34,,,1,15,,94064,34,,,1,15,,94065,34,,,1,15,,94081,34,,,1,55,,94066,34,,,1,15,,94067,34,,,1,26,,94068,34,,,1,69,,94069,34,,,1,30,,94070,34,,,1,70,,94071,34,,,1,30,,94072,34,,,1,70,,94073,34,,,1,30,,94074,34,,,1,68,,94075,34,,,1,100,,94076,34,,,1,100,,94077,34,,,1
91701,'917-Weekday-10-26-02-0001000',1516,,94086,34,,,1
91701,'917-Weekday-10-26-02-1111100',517,,94087,34,,,1,30,,94088,34,,,1,70,,94129,34,,,1,20,,94131,34,,,1,21,,94130,34,,,1,60,,94089,34,,,1,20,,94124,34,,,1,20,,94090,34,,,1,60,,94091,34,,,1,20,,94125,34,,,1,20,,94092,34,,,1,61,,94093,34,,,1,30,,94094,34,,,1,70,,94095,34,,,1,30,,94096,34,,,1,70,,94097,34,,,1,30,,94098,34,,,1,70,,94099,34,,,1,30,,94100,34,,,1,70,,94101,34,,,1,30,,94102,34,,,1,70,,94103,34,,,1,30,,94104,34,,,1,74,,94105,34,,,1,31,,94128,34,,,1,55,,94106,34,,,1,15,,94107,34,,,1,15,,94108,34,,,1,15,,94126,34,,,1,55,,94109,34,,,1,15,,94110,34,,,1,15,,94111,34,,,1,15,,94127,34,,,1,55,,94112,34,,,1,15,,94113,34,,,1,26,,94114,34,,,1,69,,94115,34,,,1,30,,94116,34,,,1,70,,94117,34,,,1,30,,94118,34,,,1,70,,94119,34,,,1,30,,94120,34,,,1,68,,94121,34,,,1,100,,94122,34,,,1,100,,94123,34,,,1
91701,'917-Saturday-1-26-02-0000010',641,,94452,34,,,1,100,,94453,34,,,1,70,,94480,34,,,1,30,,94481,34,,,1,72,,94454,34,,,1,31,,94455,34,,,1,70,,94456,34,,,1,30,,94457,34,,,1,70,,94458,34,,,1,30,,94459,34,,,1,70,,94460,34,,,1,30,,94461,34,,,1,70,,94462,34,,,1,30,,94463,34,,,1,70,,94464,34,,,1,30,,94465,34,,,1,70,,94466,34,,,1,30,,94467,34,,,1,70,,94468,34,,,1,30,,94469,34,,,1,70,,94470,34,,,1,30,,94471,34,,,1,70,,94472,34,,,1,30,,94473,34,,,1,70,,94474,34,,,1,100,,94475,34,,,1,100,,94476,34,,,1,100,,94477,34,,,1,100,,94478,34,,,1,100,,94479,34,,,1
92600,'926-Weekday-1-26-02-1111100',635,,100289,56,0,5 6,1,23,,100290,56,0,5 6,1,63,,100291,56,0,5 6,1,20,,100292,56,0,5 6,1,60,,100293,56,0,5 6,1,20,,100294,56,0,5 6,1,20,,100295,56,0,5 6,1,59,,100296,56,0,5 6,1,18,,100297,56,0,5 6,1,16,,100298,56,0,5 6,1,70,,100299,56,0,5 6,1,30,,100300,56,0,5 6,1,70,,100301,56,0,5 6,1,30,,100302,56,0,5 6,1,70,,100303,56,0,5 6,1,30,,100304,56,0,5 6,1,70,,100305,56,0,5 6,1,30,,100306,56,0,5 6,1,70,,100307,56,0,5 6,1,30,,100308,56,0,5 6,1,71,,100309,56,0,5 6,1,23,,100310,56,0,5 6,1,25,,100311,56,0,5 6,1,60,,100312,56,0,5 6,1,20,,100313,56,0,5 6,1,20,,100314,56,0,5 6,1,60,,100315,56,0,5 6,1,20,,100316,56,0,5 6,1,20,,100317,56,0,5 6,1,60,,100318,56,0,5 6,1,19,,100319,56,0,5 6,1,18,,100320,56,0,5 6,1,57,,100321,56,0,5 6,1,30,,100322,56,0,5 6,1,70,,100323,56,0,5 6,1,30,,100324,56,0,5 6,1,70,,100325,56,0,5 6,1,30,,100326,56,0,5 6,1,70,,100327,56,0,5 6,1,29,,100328,56,0,5 6,1
92600,'926-Weekday-10-26-02-1111100',635,,100329,56,0,5 6,1,23,,100330,56,0,5 6,1,63,,100331,56,0,5 6,1,20,,100332,56,0,5 6,1,60,,100333,56,0,5 6,1,20,,100334,56,0,5 6,1,20,,100335,56,0,5 6,1,59,,100336,56,0,5 6,1,18,,100337,56,0,5 6,1,16,,100338,56,0,5 6,1,70,,100339,56,0,5 6,1,30,,100340,56,0,5 6,1,70,,100341,56,0,5 6,1,30,,100342,56,0,5 6,1,70,,100343,56,0,5 6,1,30,,100344,56,0,5 6,1,70,,100345,56,0,5 6,1,30,,100346,56,0,5 6,1,70,,100347,56,0,5 6,1,30,,100348,56,0,5 6,1,71,,100349,56,0,5 6,1,23,,100350,56,0,5 6,1,25,,100351,56,0,5 6,1,60,,100352,56,0,5 6,1,20,,100353,56,0,5 6,1,20,,100354,56,0,5 6,1,60,,100355,56,0,5 6,1,20,,100356,56,0,5 6,1,20,,100357,56,0,5 6,1,60,,100358,56,0,5 6,1,19,,100359,56,0,5 6,1,18,,100360,56,0,5 6,1,57,,100361,56,0,5 6,1,30,,100362,56,0,5 6,1,70,,100363,56,0,5 6,1,30,,100364,56,0,5 6,1,70,,100365,56,0,5 6,1,30,,100366,56,0,5 6,1,70,,100367,56,0,5 6,1,29,,100368,56,0,5 6,1
92600,'926-Saturday-1-26-02-0000010',831,,100649,56,0,5 6,1,70,,100650,56,0,5 6,1,32,,100651,56,0,5 6,1,70,,100652,56,0,5 6,1,30,,100653,56,0,5 6,1,70,,100654,56,0,5 6,1,30,,100655,56,0,5 6,1,70,,100656,56,0,5 6,1,30,,100657,56,0,5 6,1,70,,100658,56,0,5 6,1,30,,100659,56,0,5 6,1,70,,100660,56,0,5 6,1,30,,100661,56,0,5 6,1,70,,100662,56,0,5 6,1,30,,100663,56,0,5 6,1,70,,100664,56,0,5 6,1,30,,100665,56,0,5 6,1,70,,100666,56,0,5 6,1,28,,100667,56,0,5 6,1,70,,100668,56,0,5 6,1,30,,100669,56,0,5 6,1,70,,100670,56,0,5 6,1,30,,100671,56,0,5 6,1
24093000,'930X-Weekday-1-26-02-1111100',612,,106954,24,,,1,30,,106955,24,,,1,15,,106956,24,,,1,55,,106959,24,,,1,15,,106957,24,,,1,15,,106958,24,,,1,15,,106953,24,,,1,55,,106960,24,,,1,15,,106951,24,,,1,15,,106952,24,,,1,15,,106961,24,,,1,55,,106962,24,,,1
24093000,'930X-Weekday-10-26-02-1111100',612,,106966,24,,,1,30,,106967,24,,,1,15,,106968,24,,,1,55,,106971,24,,,1,15,,106969,24,,,1,15,,106970,24,,,1,15,,106965,24,,,1,55,,106972,24,,,1,15,,106963,24,,,1,15,,106964,24,,,1,15,,106973,24,,,1,55,,106974,24,,,1
