67600,'676-Weekday-1-26-02-1111100',819,,61830,7,,,1
67600,'676-Weekday-2-26-02-1111100',819,,61831,7,,,1
67600,'676-Weekday-4-26-02-1111100',819,,61832,7,,,1
67600,'676-Weekday-5-26-02-1111100',819,,61833,7,,,1
67600,'676-Weekday-9-26-02-1111100',819,,61834,7,,,1
91400,'914-Weekday-1-26-02-1111100',541,,90650,16,,,1,70,,90651,16,,,1,32,,90689,16,,,1,60,,90652,16,,,1,20,,90653,16,,,1,20,,90654,16,,,1,60,,90655,16,,,1,20,,90656,16,,,1,20,,90670,16,,,1,69,,90657,16,,,1,30,,90658,16,,,1,70,,90659,16,,,1,30,,90660,16,,,1,70,,90661,16,,,1,30,,90662,16,,,1,70,,90663,16,,,1,30,,90664,16,,,1,70,,90665,16,,,1,30,,90666,16,,,1,70,,90667,16,,,1,30,,90668,16,,,1,73,,90669,16,,,1,30,,90690,16,,,1,55,,90671,16,,,1,15,,90691,16,,,1,15,,90672,16,,,1,15,,90673,16,,,1,55,,90674,16,,,1,15,,90675,16,,,1,15,,90676,16,,,1,15,,90685,16,,,1,70,,90677,16,,,1,27,,90678,16,,,1,70,,90679,16,,,1,30,,90680,16,,,1,70,,90681,16,,,1,30,,90682,16,,,1,70,,90683,16,,,1,30,,90684,16,,,1,68,,90688,16,,,1,100,,90686,16,,,1,100,,90687,16,,,1
91400,'914-Weekday-10-26-02-1111100',541,,90692,16,,,1,70,,90693,16,,,1,32,,90731,16,,,1,60,,90694,16,,,1,20,,90695,16,,,1,20,,90696,16,,,1,60,,90697,16,,,1,20,,90698,16,,,1,20,,90712,16,,,1,69,,90699,16,,,1,30,,90700,16,,,1,70,,90701,16,,,1,30,,90702,16,,,1,70,,90703,16,,,1,30,,90704,16,,,1,70,,90705,16,,,1,30,,90706,16,,,1,70,,90707,16,,,1,30,,90708,16,,,1,70,,90709,16,,,1,30,,90710,16,,,1,73,,90711,16,,,1,30,,90732,16,,,1,55,,90713,16,,,1,15,,90733,16,,,1,15,,90714,16,,,1,15,,90715,16,,,1,55,,90716,16,,,1,15,,90717,16,,,1,15,,90718,16,,,1,15,,90727,16,,,1,70,,90719,16,,,1,27,,90720,16,,,1,70,,90721,16,,,1,30,,90722,16,,,1,70,,90723,16,,,1,30,,90724,16,,,1,70,,90725,16,,,1,30,,90726,16,,,1,68,,90730,16,,,1,100,,90728,16,,,1,100,,90729,16,,,1
91400,'914-Weekday-2-26-02-1111100',541,,90734,16,,,1,70,,90735,16,,,1,32,,90773,16,,,1,60,,90736,16,,,1,20,,90737,16,,,1,20,,90738,16,,,1,60,,90739,16,,,1,20,,90740,16,,,1,20,,90754,16,,,1,69,,90741,16,,,1,30,,90742,16,,,1,70,,90743,16,,,1,30,,90744,16,,,1,70,,90745,16,,,1,30,,90746,16,,,1,70,,90747,16,,,1,30,,90748,16,,,1,70,,90749,16,,,1,30,,90750,16,,,1,70,,90751,16,,,1,30,,90752,16,,,1,73,,90753,16,,,1,30,,90774,16,,,1,55,,90755,16,,,1,15,,90775,16,,,1,15,,90756,16,,,1,15,,90757,16,,,1,55,,90758,16,,,1,15,,90759,16,,,1,15,,90760,16,,,1,15,,90769,16,,,1,70,,90761,16,,,1,27,,90762,16,,,1,70,,90763,16,,,1,30,,90764,16,,,1,70,,90765,16,,,1,30,,90766,16,,,1,70,,90767,16,,,1,30,,90768,16,,,1,68,,90772,16,,,1,100,,90770,16,,,1,100,,90771,16,,,1
91400,'914-Weekday-4-26-02-1111100',541,,90776,16,,,1,70,,90777,16,,,1,32,,90815,16,,,1,60,,90778,16,,,1,20,,90779,16,,,1,20,,90780,16,,,1,60,,90781,16,,,1,20,,90782,16,,,1,20,,90796,16,,,1,69,,90783,16,,,1,30,,90784,16,,,1,70,,90785,16,,,1,30,,90786,16,,,1,70,,90787,16,,,1,30,,90788,16,,,1,70,,90789,16,,,1,30,,90790,16,,,1,70,,90791,16,,,1,30,,90792,16,,,1,70,,90793,16,,,1,30,,90794,16,,,1,73,,90795,16,,,1,30,,90816,16,,,1,55,,90797,16,,,1,15,,90817,16,,,1,15,,90798,16,,,1,15,,90799,16,,,1,55,,90800,16,,,1,15,,90801,16,,,1,15,,90802,16,,,1,15,,90811,16,,,1,70,,90803,16,,,1,27,,90804,16,,,1,70,,90805,16,,,1,30,,90806,16,,,1,70,,90807,16,,,1,30,,90808,16,,,1,70,,90809,16,,,1,30,,90810,16,,,1,68,,90814,16,,,1,100,,90812,16,,,1,100,,90813,16,,,1
91400,'914-Weekday-5-26-02-1111100',541,,90818,16,,,1,70,,90819,16,,,1,32,,90857,16,,,1,60,,90820,16,,,1,20,,90821,16,,,1,20,,90822,16,,,1,60,,90823,16,,,1,20,,90824,16,,,1,20,,90838,16,,,1,69,,90825,16,,,1,30,,90826,16,,,1,70,,90827,16,,,1,30,,90828,16,,,1,70,,90829,16,,,1,30,,90830,16,,,1,70,,90831,16,,,1,30,,90832,16,,,1,70,,90833,16,,,1,30,,90834,16,,,1,70,,90835,16,,,1,30,,90836,16,,,1,73,,90837,16,,,1,30,,90858,16,,,1,55,,90839,16,,,1,15,,90859,16,,,1,15,,90840,16,,,1,15,,90841,16,,,1,55,,90842,16,,,1,15,,90843,16,,,1,15,,90844,16,,,1,15,,90853,16,,,1,70,,90845,16,,,1,27,,90846,16,,,1,70,,90847,16,,,1,30,,90848,16,,,1,70,,90849,16,,,1,30,,90850,16,,,1,70,,90851,16,,,1,30,,90852,16,,,1,68,,90856,16,,,1,100,,90854,16,,,1,100,,90855,16,,,1
91400,'914-Weekday-6-26-02-1111100',541,,90860,16,,,1,70,,90861,16,,,1,32,,90899,16,,,1,60,,90862,16,,,1,20,,90863,16,,,1,20,,90864,16,,,1,60,,90865,16,,,1,20,,90866,16,,,1,20,,90880,16,,,1,69,,90867,16,,,1,30,,90868,16,,,1,70,,90869,16,,,1,30,,90870,16,,,1,70,,90871,16,,,1,30,,90872,16,,,1,70,,90873,16,,,1,30,,90874,16,,,1,70,,90875,16,,,1,30,,90876,16,,,1,70,,90877,16,,,1,30,,90878,16,,,1,73,,90879,16,,,1,30,,90900,16,,,1,55,,90881,16,,,1,15,,90901,16,,,1,15,,90882,16,,,1,15,,90883,16,,,1,55,,90884,16,,,1,15,,90885,16,,,1,15,,90886,16,,,1,15,,90895,16,,,1,70,,90887,16,,,1,27,,90888,16,,,1,70,,90889,16,,,1,30,,90890,16,,,1,70,,90891,16,,,1,30,,90892,16,,,1,70,,90893,16,,,1,30,,90894,16,,,1,68,,90898,16,,,1,100,,90896,16,,,1,100,,90897,16,,,1
91400,'914-Weekday-7-26-02-1111100',541,,90902,16,,,1,70,,90903,16,,,1,32,,90941,16,,,1,60,,90904,16,,,1,20,,90905,16,,,1,20,,90906,16,,,1,60,,90907,16,,,1,20,,90908,16,,,1,20,,90922,16,,,1,69,,90909,16,,,1,30,,90910,16,,,1,70,,90911,16,,,1,30,,90912,16,,,1,70,,90913,16,,,1,30,,90914,16,,,1,70,,90915,16,,,1,30,,90916,16,,,1,70,,90917,16,,,1,30,,90918,16,,,1,70,,90919,16,,,1,30,,90920,16,,,1,73,,90921,16,,,1,30,,90942,16,,,1,55,,90923,16,,,1,15,,90943,16,,,1,15,,90924,16,,,1,15,,90925,16,,,1,55,,90926,16,,,1,15,,90927,16,,,1,15,,90928,16,,,1,15,,90937,16,,,1,70,,90929,16,,,1,27,,90930,16,,,1,70,,90931,16,,,1,30,,90932,16,,,1,70,,90933,16,,,1,30,,90934,16,,,1,70,,90935,16,,,1,30,,90936,16,,,1,68,,90940,16,,,1,100,,90938,16,,,1,100,,90939,16,,,1
91400,'914-Weekday-8-26-02-1111100',541,,90944,16,,,1,70,,90945,16,,,1,32,,90983,16,,,1,60,,90946,16,,,1,20,,90947,16,,,1,20,,90948,16,,,1,60,,90949,16,,,1,20,,90950,16,,,1,20,,90964,16,,,1,69,,90951,16,,,1,30,,90952,16,,,1,70,,90953,16,,,1,30,,90954,16,,,1,70,,90955,16,,,1,30,,90956,16,,,1,70,,90957,16,,,1,30,,90958,16,,,1,70,,90959,16,,,1,30,,90960,16,,,1,70,,90961,16,,,1,30,,90962,16,,,1,73,,90963,16,,,1,30,,90984,16,,,1,55,,90965,16,,,1,15,,90985,16,,,1,15,,90966,16,,,1,15,,90967,16,,,1,55,,90968,16,,,1,15,,90969,16,,,1,15,,90970,16,,,1,15,,90979,16,,,1,70,,90971,16,,,1,27,,90972,16,,,1,70,,90973,16,,,1,30,,90974,16,,,1,70,,90975,16,,,1,30,,90976,16,,,1,70,,90977,16,,,1,30,,90978,16,,,1,68,,90982,16,,,1,100,,90980,16,,,1,100,,90981,16,,,1
91400,'914-Weekday-9-26-02-1111100',541,,90986,16,,,1,70,,90987,16,,,1,32,,91025,16,,,1,60,,90988,16,,,1,20,,90989,16,,,1,20,,90990,16,,,1,60,,90991,16,,,1,20,,90992,16,,,1,20,,91006,16,,,1,69,,90993,16,,,1,30,,90994,16,,,1,70,,90995,16,,,1,30,,90996,16,,,1,70,,90997,16,,,1,30,,90998,16,,,1,70,,90999,16,,,1,30,,91000,16,,,1,70,,91001,16,,,1,30,,91002,16,,,1,70,,91003,16,,,1,30,,91004,16,,,1,73,,91005,16,,,1,30,,91026,16,,,1,55,,91007,16,,,1,15,,91027,16,,,1,15,,91008,16,,,1,15,,91009,16,,,1,55,,91010,16,,,1,15,,91011,16,,,1,15,,91012,16,,,1,15,,91021,16,,,1,70,,91013,16,,,1,27,,91014,16,,,1,70,,91015,16,,,1,30,,91016,16,,,1,70,,91017,16,,,1,30,,91018,16,,,1,70,,91019,16,,,1,30,,91020,16,,,1,68,,91024,16,,,1,100,,91022,16,,,1,100,,91023,16,,,1
91400,'914-Saturday-1-26-02-0000010',611,,91028,16,,,1,100,,91029,16,,,1,100,,91030,16,,,1,30,,91031,16,,,1,71,,91032,16,,,1,30,,91033,16,,,1,70,,91034,16,,,1,30,,91035,16,,,1,70,,91036,16,,,1,30,,91037,16,,,1,70,,91038,16,,,1,30,,91039,16,,,1,70,,91040,16,,,1,30,,91041,16,,,1,70,,91042,16,,,1,30,,91043,16,,,1,70,,91044,16,,,1,30,,91045,16,,,1,70,,91046,16,,,1,30,,91047,16,,,1,70,,91048,16,,,1,30,,91049,16,,,1,70,,91050,16,,,1,30,,91051,16,,,1,100,,91052,16,,,1,100,,91053,16,,,1,100,,91054,16,,,1,100,,91055,16,,,1
91400,'914-Sunday-1-26-02-0000001',710,,91056,16,,,1,100,,91057,16,,,1,98,,91058,16,,,1,103,,91059,16,,,1,100,,91060,16,,,1,30,,91061,16,,,1,70,,91062,16,,,1,30,,91063,16,,,1,70,,91064,16,,,1,30,,91065,16,,,1,70,,91066,16,,,1,30,,91067,16,,,1,70,,91068,16,,,1,30,,91069,16,,,1,70,,91070,16,,,1,30,,91071,16,,,1,70,,91072,16,,,1,28,,91073,16,,,1,70,,91074,16,,,1,30,,91075,16,,,1,70,,91076,16,,,1,30,,91077,16,,,1,100,,91078,16,,,1
