11701,'117-Weekday-1-26-06-1111100',542,,172812,17,,,1,70,,172813,17,,,1,32,,172838,17,,,1,70,,172814,17,,,1,30,,172815,17,,,1,70,,172816,17,,,1,30,,172840,17,,,1,68,,172817,17,,,1,30,,172818,17,,,1,70,,172819,17,,,1,30,,172820,17,,,1,70,,172821,17,,,1,30,,172822,17,,,1,70,,172823,17,,,1,30,,172824,17,,,1,70,,172825,17,,,1,30,,172826,17,,,1,70,,172827,17,,,1,30,,172839,17,,,1,71,,172843,17,,,1,30,,172828,17,,,1,70,,172829,17,,,1,30,,172830,17,,,1,70,,172841,17,,,1,30,,172842,17,,,1,70,,172831,17,,,1,30,,172832,17,,,1,70,,172833,17,,,1,30,,172834,17,,,1,70,,172835,17,,,1,30,,172836,17,,,1,70,,172837,17,,,1,30,,172844,17,,,1
11701,'117-Weekday-3-26-06-1111100',542,,194209,17,,,1,70,,194210,17,,,1,32,,194235,17,,,1,70,,194211,17,,,1,30,,194212,17,,,1,70,,194213,17,,,1,30,,194237,17,,,1,68,,194214,17,,,1,30,,194215,17,,,1,70,,194216,17,,,1,30,,194217,17,,,1,70,,194218,17,,,1,30,,194219,17,,,1,70,,194220,17,,,1,30,,194221,17,,,1,70,,194222,17,,,1,30,,194223,17,,,1,70,,194224,17,,,1,30,,194236,17,,,1,71,,194240,17,,,1,30,,194225,17,,,1,70,,194226,17,,,1,30,,194227,17,,,1,70,,194238,17,,,1,30,,194239,17,,,1,70,,194228,17,,,1,30,,194229,17,,,1,70,,194230,17,,,1,30,,194231,17,,,1,70,,194232,17,,,1,30,,194233,17,,,1,70,,194234,17,,,1,30,,194241,17,,,1
11701,'117-Saturday-1-26-06-0000010',629,,172845,17,,,1,100,,172846,17,,,1,100,,172847,17,,,1,79,,172848,17,,,1,29,,172849,17,,,1,70,,172850,17,,,1,30,,172851,17,,,1,70,,172852,17,,,1,30,,172853,17,,,1,70,,172854,17,,,1,30,,172855,17,,,1,70,,172856,17,,,1,30,,172857,17,,,1,70,,172858,17,,,1,30,,172859,17,,,1,70,,172860,17,,,1,30,,172861,17,,,1,70,,172862,17,,,1,30,,172863,17,,,1,70,,172864,17,,,1,30,,172865,17,,,1,70,,172866,17,,,1,30,,172867,17,,,1,70,,172868,17,,,1,30,,172869,17,,,1,70,,172870,17,,,1,30,,172871,17,,,1,70,,172872,17,,,1,30,,172873,17,,,1,70,,172874,17,,,1
11701,'117-Sunday-1-26-06-0000001',643,,172875,17,,,1,100,,172876,17,,,1,100,,172877,17,,,1,101,,172878,17,,,1,70,,172879,17,,,1,30,,172880,17,,,1,70,,172881,17,,,1,30,,172882,17,,,1,70,,172883,17,,,1,30,,172884,17,,,1,70,,172885,17,,,1,30,,172886,17,,,1,70,,172887,17,,,1,30,,172888,17,,,1,70,,172889,17,,,1,30,,172890,17,,,1,70,,172891,17,,,1,30,,172892,17,,,1,69,,172893,17,,,1,28,,172894,17,,,1,70,,172895,17,,,1,30,,172896,17,,,1,70,,172897,17,,,1,100,,172898,17,,,1,100,,172899,17,,,1
11701,'117-Sunday-2-26-06-0000001',643,,194242,17,,,1,100,,194243,17,,,1,100,,194244,17,,,1,101,,194245,17,,,1,70,,194246,17,,,1,30,,194247,17,,,1,70,,194248,17,,,1,30,,194249,17,,,1,70,,194250,17,,,1,30,,194251,17,,,1,70,,194252,17,,,1,30,,194253,17,,,1,70,,194254,17,,,1,30,,194255,17,,,1,70,,194256,17,,,1,30,,194257,17,,,1,70,,194258,17,,,1,30,,194259,17,,,1,69,,194260,17,,,1,28,,194261,17,,,1,70,,194262,17,,,1,30,,194263,17,,,1,70,,194264,17,,,1,100,,194265,17,,,1,100,,194266,17,,,1
11801,'118-Weekday-1-26-06-1111100',541,,173013,26,,,1,70,,172985,26,,,1,31,,173016,26,,,1,75,,172986,26,,,1,20,,173010,26,,,1,20,,172987,26,,,1,60,,172988,26,,,1,20,,173011,26,,,1,20,,172990,26,,,1,60,,172989,26,,,1,27,,172991,26,,,1,70,,172992,26,,,1,30,,172993,26,,,1,70,,172994,26,,,1,30,,172995,26,,,1,70,,172996,26,,,1,30,,172997,26,,,1,70,,172998,26,,,1,30,,172999,26,,,1,70,,173000,26,,,1,30,,173001,26,,,1,73,,173017,26,,,1,33,,173005,26,,,1,70,,173002,26,,,1,20,,173003,26,,,1,60,,173012,26,,,1,20,,173004,26,,,1,20,,173009,26,,,1,60,,173008,26,,,1,20,,173006,26,,,1,27,,173007,26,,,1,66,,173018,26,,,1,30,,173019,26,,,1,70,,173020,26,,,1,30,,173021,26,,,1,70,,173015,26,,,1,30,,173014,26,,,1,70,,173022,26,,,1
11801,'118-Weekday-3-26-06-1111100',541,,194355,26,,,1,70,,194327,26,,,1,31,,194358,26,,,1,75,,194328,26,,,1,20,,194352,26,,,1,20,,194329,26,,,1,60,,194330,26,,,1,20,,194353,26,,,1,20,,194332,26,,,1,60,,194331,26,,,1,27,,194333,26,,,1,70,,194334,26,,,1,30,,194335,26,,,1,70,,194336,26,,,1,30,,194337,26,,,1,70,,194338,26,,,1,30,,194339,26,,,1,70,,194340,26,,,1,30,,194341,26,,,1,70,,194342,26,,,1,30,,194343,26,,,1,73,,194359,26,,,1,33,,194347,26,,,1,70,,194344,26,,,1,20,,194345,26,,,1,60,,194354,26,,,1,20,,194346,26,,,1,20,,194351,26,,,1,60,,194350,26,,,1,20,,194348,26,,,1,27,,194349,26,,,1,66,,194360,26,,,1,30,,194361,26,,,1,70,,194362,26,,,1,30,,194363,26,,,1,70,,194357,26,,,1,30,,194356,26,,,1,70,,194364,26,,,1
11801,'118-Saturday-1-26-06-0000010',702,,173023,26,,,1,100,,173024,26,,,1,45,,173025,26,,,1,77,,173026,26,,,1,29,,173027,26,,,1,70,,173028,26,,,1,30,,173029,26,,,1,70,,173030,26,,,1,30,,173031,26,,,1,70,,173032,26,,,1,30,,173033,26,,,1,70,,173034,26,,,1,30,,173035,26,,,1,70,,173036,26,,,1,30,,173037,26,,,1,70,,173038,26,,,1,30,,173039,26,,,1,70,,173040,26,,,1,30,,173041,26,,,1,70,,173042,26,,,1,30,,173043,26,,,1,70,,173044,26,,,1,30,,173045,26,,,1,70,,173046,26,,,1,30,,173047,26,,,1
11801,'118-Sunday-1-26-06-0000001',618,,173069,26,,,1,100,,173048,26,,,1,100,,173049,26,,,1,97,,173050,26,,,1,85,,173051,26,,,1,30,,173052,26,,,1,70,,173053,26,,,1,30,,173054,26,,,1,70,,173055,26,,,1,30,,173056,26,,,1,70,,173057,26,,,1,30,,173058,26,,,1,70,,173059,26,,,1,30,,173060,26,,,1,70,,173061,26,,,1,30,,173062,26,,,1,70,,173063,26,,,1,30,,173064,26,,,1,70,,173065,26,,,1,29,,173066,26,,,1,30,,173067,26,,,1,70,,173068,26,,,1
11801,'118-Sunday-2-26-06-0000001',618,,194386,26,,,1,100,,194365,26,,,1,100,,194366,26,,,1,97,,194367,26,,,1,85,,194368,26,,,1,30,,194369,26,,,1,70,,194370,26,,,1,30,,194371,26,,,1,70,,194372,26,,,1,30,,194373,26,,,1,70,,194374,26,,,1,30,,194375,26,,,1,70,,194376,26,,,1,30,,194377,26,,,1,70,,194378,26,,,1,30,,194379,26,,,1,70,,194380,26,,,1,30,,194381,26,,,1,70,,194382,26,,,1,29,,194383,26,,,1,30,,194384,26,,,1,70,,194385,26,,,1
