51800,'518-Weekday-1-26-04-1111100',537,,128973,23,,,1,70,,128974,23,,,1,22,,129012,23,,,1,18,,128975,23,,,1,12,,128976,23,,,1,52,,129015,23,,,1,12,,128977,23,,,1,11,,129026,23,,,1,1,,128978,23,,,1,12,,128979,23,,,1,12,,128980,23,,,1,52,,129016,23,,,1,12,,128981,23,,,1,12,,128982,23,,,1,12,,128983,23,,,1,12,,129017,23,,,1,59,,129025,23,,,1,22,,129020,23,,,1,70,,128984,23,,,1,30,,128985,23,,,1,70,,128986,23,,,1,30,,128987,23,,,1,70,,128988,23,,,1,30,,128989,23,,,1,70,,128990,23,,,1,30,,128991,23,,,1,70,,128992,23,,,1,30,,128993,23,,,1,73,,129021,23,,,1,14,,128994,23,,,1,12,,128995,23,,,1,12,,128996,23,,,1,52,,129018,23,,,1,12,,128997,23,,,1,12,,128998,23,,,1,12,,128999,23,,,1,12,,129000,23,,,1,52,,129019,23,,,1,12,,129001,23,,,1,12,,129002,23,,,1,12,,129003,23,,,1,12,,129004,23,,,1,52,,129013,23,,,1,12,,129005,23,,,1,28,,129006,23,,,1,68,,129007,23,,,1,30,,129008,23,,,1,70,,129009,23,,,1,30,,129022,23,,,1,70,,129023,23,,,1,30,,129024,23,,,1,68,,129014,23,,,1,43,,129011,23,,,1,100,,129010,23,,,1
51800,'518-Weekday-2-26-04-1111100',537,,129027,23,,,1,70,,129028,23,,,1,22,,129066,23,,,1,18,,129029,23,,,1,12,,129030,23,,,1,52,,129069,23,,,1,12,,129031,23,,,1,11,,129080,23,,,1,1,,129032,23,,,1,12,,129033,23,,,1,12,,129034,23,,,1,52,,129070,23,,,1,12,,129035,23,,,1,12,,129036,23,,,1,12,,129037,23,,,1,12,,129071,23,,,1,59,,129079,23,,,1,22,,129074,23,,,1,70,,129038,23,,,1,30,,129039,23,,,1,70,,129040,23,,,1,30,,129041,23,,,1,70,,129042,23,,,1,30,,129043,23,,,1,70,,129044,23,,,1,30,,129045,23,,,1,70,,129046,23,,,1,30,,129047,23,,,1,73,,129075,23,,,1,14,,129048,23,,,1,12,,129049,23,,,1,12,,129050,23,,,1,52,,129072,23,,,1,12,,129051,23,,,1,12,,129052,23,,,1,12,,129053,23,,,1,12,,129054,23,,,1,52,,129073,23,,,1,12,,129055,23,,,1,12,,129056,23,,,1,12,,129057,23,,,1,12,,129058,23,,,1,52,,129067,23,,,1,12,,129059,23,,,1,28,,129060,23,,,1,68,,129061,23,,,1,30,,129062,23,,,1,70,,129063,23,,,1,30,,129076,23,,,1,70,,129077,23,,,1,30,,129078,23,,,1,68,,129068,23,,,1,43,,129065,23,,,1,100,,129064,23,,,1
51800,'518-Weekday-3-26-04-1111100',537,,129081,23,,,1,70,,129082,23,,,1,22,,129120,23,,,1,18,,129083,23,,,1,12,,129084,23,,,1,52,,129123,23,,,1,12,,129085,23,,,1,11,,129134,23,,,1,1,,129086,23,,,1,12,,129087,23,,,1,12,,129088,23,,,1,52,,129124,23,,,1,12,,129089,23,,,1,12,,129090,23,,,1,12,,129091,23,,,1,12,,129125,23,,,1,59,,129133,23,,,1,22,,129128,23,,,1,70,,129092,23,,,1,30,,129093,23,,,1,70,,129094,23,,,1,30,,129095,23,,,1,70,,129096,23,,,1,30,,129097,23,,,1,70,,129098,23,,,1,30,,129099,23,,,1,70,,129100,23,,,1,30,,129101,23,,,1,73,,129129,23,,,1,14,,129102,23,,,1,12,,129103,23,,,1,12,,129104,23,,,1,52,,129126,23,,,1,12,,129105,23,,,1,12,,129106,23,,,1,12,,129107,23,,,1,12,,129108,23,,,1,52,,129127,23,,,1,12,,129109,23,,,1,12,,129110,23,,,1,12,,129111,23,,,1,12,,129112,23,,,1,52,,129121,23,,,1,12,,129113,23,,,1,28,,129114,23,,,1,68,,129115,23,,,1,30,,129116,23,,,1,70,,129117,23,,,1,30,,129130,23,,,1,70,,129131,23,,,1,30,,129132,23,,,1,68,,129122,23,,,1,43,,129119,23,,,1,100,,129118,23,,,1
51800,'518-Saturday-1-26-04-0000010',627,,129136,23,,,1,100,,129137,23,,,1,100,,129138,23,,,1,75,,129139,23,,,1,34,,129140,23,,,1,74,,129141,23,,,1,30,,129142,23,,,1,70,,129143,23,,,1,30,,129144,23,,,1,70,,129145,23,,,1,30,,129146,23,,,1,70,,129147,23,,,1,30,,129148,23,,,1,70,,129149,23,,,1,30,,129150,23,,,1,70,,129151,23,,,1,30,,129152,23,,,1,70,,129153,23,,,1,30,,129154,23,,,1,67,,129155,23,,,1,29,,129156,23,,,1,70,,129157,23,,,1,30,,129158,23,,,1,70,,129159,23,,,1,30,,129135,23,,,1,70,,129165,23,,,1,30,,129160,23,,,1,70,,129166,23,,,1,30,,129161,23,,,1,67,,129167,23,,,1,33,,129162,23,,,1,100,,129163,23,,,1,97,,129164,23,,,1
51800,'518-Sunday-1-26-04-0000001',641,,129189,23,,,1,100,,129190,23,,,1,100,,129191,23,,,1,103,,129192,23,,,1,87,,129168,23,,,1,72,,129169,23,,,1,30,,129170,23,,,1,70,,129171,23,,,1,30,,129172,23,,,1,70,,129173,23,,,1,30,,129174,23,,,1,70,,129175,23,,,1,30,,129176,23,,,1,70,,129177,23,,,1,30,,129178,23,,,1,70,,129179,23,,,1,30,,129180,23,,,1,70,,129181,23,,,1,28,,129182,23,,,1,70,,129183,23,,,1,30,,129184,23,,,1,70,,129185,23,,,1,38,,129186,23,,,1,100,,129187,23,,,1,100,,129188,23,,,1,100,,129193,23,,,1,100,,129194,23,,,1
63801,'638-Weekday-1-26-04-0001000',1242,,131834,8,,,1
63801,'638-Weekday-1-26-04-1110100',1530,,131835,8,,,1
63801,'638-Weekday-1-26-04-1111100',1543,,131836,8,,,1
63801,'638-Weekday-2-26-04-1111100',1543,,131837,8,,,1
63801,'638-Weekday-3-26-04-0001000',1242,,131838,8,,,1
63801,'638-Weekday-3-26-04-1110100',1530,,131839,8,,,1
