10901,'109-Weekday-1-26-04-1111100',540,,120704,33,0,18 14,1,70,,120705,33,0,18 14,1,33,,120706,33,0,18 14,1,64,,120707,33,0,18 14,1,15,,120708,33,0,18 14,1,15,,120743,33,0,18 14,1,15,,120709,33,0,18 14,1,55,,120710,33,0,18 14,1,15,,120711,33,0,18 14,1,15,,120744,33,0,18 14,1,15,,120712,33,0,18 14,1,61,,120713,33,0,18 14,1,29,,120714,33,0,18 14,1,70,,120715,33,0,18 14,1,30,,120716,33,0,18 14,1,70,,120717,33,0,18 14,1,30,,120718,33,0,18 14,1,70,,120719,33,0,18 14,1,30,,120720,33,0,18 14,1,70,,120721,33,0,18 14,1,30,,120722,33,0,18 14,1,70,,120723,33,0,18 14,1,30,,120724,33,0,18 14,1,72,,120725,33,0,18 14,1,25,,120726,33,0,18 14,1,15,,120727,33,0,18 14,1,55,,120745,33,0,18 14,1,15,,120728,33,0,18 14,1,15,,120729,33,0,18 14,1,15,,120730,33,0,18 14,1,55,,120731,33,0,18 14,1,15,,120746,33,0,18 14,1,22,,120732,33,0,18 14,1,70,,120733,33,0,18 14,1,28,,120734,33,0,18 14,1,68,,120735,33,0,18 14,1,30,,120736,33,0,18 14,1,70,,120737,33,0,18 14,1,30,,120738,33,0,18 14,1,70,,120739,33,0,18 14,1,30,,120740,33,0,18 14,1,69,,120747,33,0,18 14,1,99,,120741,33,0,18 14,1,100,,120742,33,0,18 14,1
10901,'109-Weekday-2-26-04-1111100',540,,120748,33,0,18 14,1,70,,120749,33,0,18 14,1,33,,120750,33,0,18 14,1,64,,120751,33,0,18 14,1,15,,120752,33,0,18 14,1,15,,120787,33,0,18 14,1,15,,120753,33,0,18 14,1,55,,120754,33,0,18 14,1,15,,120755,33,0,18 14,1,15,,120788,33,0,18 14,1,15,,120756,33,0,18 14,1,61,,120757,33,0,18 14,1,29,,120758,33,0,18 14,1,70,,120759,33,0,18 14,1,30,,120760,33,0,18 14,1,70,,120761,33,0,18 14,1,30,,120762,33,0,18 14,1,70,,120763,33,0,18 14,1,30,,120764,33,0,18 14,1,70,,120765,33,0,18 14,1,30,,120766,33,0,18 14,1,70,,120767,33,0,18 14,1,30,,120768,33,0,18 14,1,72,,120769,33,0,18 14,1,25,,120770,33,0,18 14,1,15,,120771,33,0,18 14,1,55,,120789,33,0,18 14,1,15,,120772,33,0,18 14,1,15,,120773,33,0,18 14,1,15,,120774,33,0,18 14,1,55,,120775,33,0,18 14,1,15,,120790,33,0,18 14,1,22,,120776,33,0,18 14,1,70,,120777,33,0,18 14,1,28,,120778,33,0,18 14,1,68,,120779,33,0,18 14,1,30,,120780,33,0,18 14,1,70,,120781,33,0,18 14,1,30,,120782,33,0,18 14,1,70,,120783,33,0,18 14,1,30,,120784,33,0,18 14,1,69,,120791,33,0,18 14,1,99,,120785,33,0,18 14,1,100,,120786,33,0,18 14,1
10901,'109-Weekday-3-26-04-1111100',540,,120792,33,0,18 14,1,70,,120793,33,0,18 14,1,33,,120794,33,0,18 14,1,64,,120795,33,0,18 14,1,15,,120796,33,0,18 14,1,15,,120831,33,0,18 14,1,15,,120797,33,0,18 14,1,55,,120798,33,0,18 14,1,15,,120799,33,0,18 14,1,15,,120832,33,0,18 14,1,15,,120800,33,0,18 14,1,61,,120801,33,0,18 14,1,29,,120802,33,0,18 14,1,70,,120803,33,0,18 14,1,30,,120804,33,0,18 14,1,70,,120805,33,0,18 14,1,30,,120806,33,0,18 14,1,70,,120807,33,0,18 14,1,30,,120808,33,0,18 14,1,70,,120809,33,0,18 14,1,30,,120810,33,0,18 14,1,70,,120811,33,0,18 14,1,30,,120812,33,0,18 14,1,72,,120813,33,0,18 14,1,25,,120814,33,0,18 14,1,15,,120815,33,0,18 14,1,55,,120833,33,0,18 14,1,15,,120816,33,0,18 14,1,15,,120817,33,0,18 14,1,15,,120818,33,0,18 14,1,55,,120819,33,0,18 14,1,15,,120834,33,0,18 14,1,22,,120820,33,0,18 14,1,70,,120821,33,0,18 14,1,28,,120822,33,0,18 14,1,68,,120823,33,0,18 14,1,30,,120824,33,0,18 14,1,70,,120825,33,0,18 14,1,30,,120826,33,0,18 14,1,70,,120827,33,0,18 14,1,30,,120828,33,0,18 14,1,69,,120835,33,0,18 14,1,99,,120829,33,0,18 14,1,100,,120830,33,0,18 14,1
10901,'109-Saturday-1-26-04-0000010',833,,120836,33,0,18 14,1,70,,120837,33,0,18 14,1,30,,120838,33,0,18 14,1,70,,120839,33,0,18 14,1,30,,120840,33,0,18 14,1,70,,120841,33,0,18 14,1,30,,120842,33,0,18 14,1,70,,120843,33,0,18 14,1,30,,120844,33,0,18 14,1,70,,120845,33,0,18 14,1,30,,120846,33,0,18 14,1,70,,120847,33,0,18 14,1,30,,120848,33,0,18 14,1,70,,120849,33,0,18 14,1,30,,120850,33,0,18 14,1,70,,120851,33,0,18 14,1,30,,120852,33,0,18 14,1,70,,120853,33,0,18 14,1,30,,120854,33,0,18 14,1,70,,120855,33,0,18 14,1,30,,120856,33,0,18 14,1,70,,120857,33,0,18 14,1,30,,120858,33,0,18 14,1,70,,120859,33,0,18 14,1,30,,120860,33,0,18 14,1,70,,120861,33,0,18 14,1,30,,120862,33,0,18 14,1,70,,120863,33,0,18 14,1
10901,'109-Sunday-1-26-04-0000001',1043,,120864,33,0,18 14,1,70,,120865,33,0,18 14,1,30,,120866,33,0,18 14,1,70,,120867,33,0,18 14,1,30,,120868,33,0,18 14,1,70,,120869,33,0,18 14,1,30,,120870,33,0,18 14,1,70,,120871,33,0,18 14,1,30,,120872,33,0,18 14,1,70,,120873,33,0,18 14,1,30,,120874,33,0,18 14,1,70,,120875,33,0,18 14,1,30,,120876,33,0,18 14,1,70,,120877,33,0,18 14,1,30,,120878,33,0,18 14,1,70,,120879,33,0,18 14,1,30,,120880,33,0,18 14,1,70,,120881,33,0,18 14,1
61801,'618-Weekday-1-26-04-1111100',813,,131685,28,,,1
61801,'618-Weekday-3-26-04-1111100',813,,131686,28,,,1
68301,'683-Weekday-1-26-04-1111100',750,,132188,22,,,1,5,,132189,22,,,1,45,,132190,22,,,1
68301,'683-Weekday-2-26-04-1111100',750,,132191,22,,,1,5,,132192,22,,,1,45,,132193,22,,,1
68301,'683-Weekday-3-26-04-1111100',750,,132194,22,,,1,5,,132195,22,,,1
