52100,'521-Weekday-1-26-02-1111100',549,,55770,7,,,1,70,,55806,7,,,1,16,,55816,7,,,1,15,,55771,7,,,1,52,,55774,7,,,1,12,,55772,7,,,1,10,,55815,7,,,1,2,,55773,7,,,1,12,,55775,7,,,1,12,,55776,7,,,1,52,,55777,7,,,1,12,,55778,7,,,1,12,,55779,7,,,1,12,,55780,7,,,1,15,,55807,7,,,1,67,,55808,7,,,1,30,,55791,7,,,1,70,,55781,7,,,1,30,,55782,7,,,1,70,,55783,7,,,1,30,,55784,7,,,1,70,,55785,7,,,1,30,,55786,7,,,1,70,,55787,7,,,1,30,,55788,7,,,1,70,,55789,7,,,1,30,,55790,7,,,1,74,,55809,7,,,1,15,,55792,7,,,1,15,,55793,7,,,1,55,,55794,7,,,1,15,,55795,7,,,1,15,,55796,7,,,1,15,,55797,7,,,1,55,,55798,7,,,1,15,,55799,7,,,1,15,,55800,7,,,1,15,,55801,7,,,1,58,,55802,7,,,1,15,,55810,7,,,1,25,,55804,7,,,1,71,,55805,7,,,1,30,,55803,7,,,1,70,,55811,7,,,1,30,,55812,7,,,1,70,,55813,7,,,1,30,,55814,7,,,1,69,,55817,7,,,1
52100,'521-Weekday-10-26-02-1111100',549,,55818,7,,,1,70,,55854,7,,,1,16,,55864,7,,,1,15,,55819,7,,,1,52,,55822,7,,,1,12,,55820,7,,,1,10,,55863,7,,,1,2,,55821,7,,,1,12,,55823,7,,,1,12,,55824,7,,,1,52,,55825,7,,,1,12,,55826,7,,,1,12,,55827,7,,,1,12,,55828,7,,,1,15,,55855,7,,,1,67,,55856,7,,,1,30,,55839,7,,,1,70,,55829,7,,,1,30,,55830,7,,,1,70,,55831,7,,,1,30,,55832,7,,,1,70,,55833,7,,,1,30,,55834,7,,,1,70,,55835,7,,,1,30,,55836,7,,,1,70,,55837,7,,,1,30,,55838,7,,,1,74,,55857,7,,,1,15,,55840,7,,,1,15,,55841,7,,,1,55,,55842,7,,,1,15,,55843,7,,,1,15,,55844,7,,,1,15,,55845,7,,,1,55,,55846,7,,,1,15,,55847,7,,,1,15,,55848,7,,,1,15,,55849,7,,,1,58,,55850,7,,,1,15,,55858,7,,,1,25,,55852,7,,,1,71,,55853,7,,,1,30,,55851,7,,,1,70,,55859,7,,,1,30,,55860,7,,,1,70,,55861,7,,,1,30,,55862,7,,,1,69,,55865,7,,,1
52100,'521-Weekday-4-26-02-1111100',549,,55914,7,,,1,70,,55950,7,,,1,16,,55959,7,,,1,15,,55915,7,,,1,52,,55918,7,,,1,12,,55916,7,,,1,12,,55917,7,,,1,12,,55919,7,,,1,12,,55920,7,,,1,52,,55921,7,,,1,12,,55922,7,,,1,12,,55923,7,,,1,12,,55924,7,,,1,15,,55951,7,,,1,67,,55952,7,,,1,30,,55935,7,,,1,70,,55925,7,,,1,30,,55926,7,,,1,70,,55927,7,,,1,30,,55928,7,,,1,70,,55929,7,,,1,30,,55930,7,,,1,70,,55931,7,,,1,30,,55932,7,,,1,70,,55933,7,,,1,30,,55934,7,,,1,74,,55953,7,,,1,15,,55936,7,,,1,15,,55937,7,,,1,55,,55938,7,,,1,15,,55939,7,,,1,15,,55940,7,,,1,15,,55941,7,,,1,55,,55942,7,,,1,15,,55943,7,,,1,15,,55944,7,,,1,15,,55945,7,,,1,58,,55946,7,,,1,15,,55954,7,,,1,25,,55948,7,,,1,71,,55949,7,,,1,30,,55947,7,,,1,70,,55955,7,,,1,30,,55956,7,,,1,70,,55957,7,,,1,30,,55958,7,,,1,69,,55960,7,,,1
52100,'521-Weekday-5-26-02-1111100',549,,55961,7,,,1,70,,55997,7,,,1,16,,56007,7,,,1,15,,55962,7,,,1,52,,55965,7,,,1,12,,55963,7,,,1,10,,56006,7,,,1,2,,55964,7,,,1,12,,55966,7,,,1,12,,55967,7,,,1,52,,55968,7,,,1,12,,55969,7,,,1,12,,55970,7,,,1,12,,55971,7,,,1,15,,55998,7,,,1,67,,55999,7,,,1,30,,55982,7,,,1,70,,55972,7,,,1,30,,55973,7,,,1,70,,55974,7,,,1,30,,55975,7,,,1,70,,55976,7,,,1,30,,55977,7,,,1,70,,55978,7,,,1,30,,55979,7,,,1,70,,55980,7,,,1,30,,55981,7,,,1,74,,56000,7,,,1,15,,55983,7,,,1,15,,55984,7,,,1,55,,55985,7,,,1,15,,55986,7,,,1,15,,55987,7,,,1,15,,55988,7,,,1,55,,55989,7,,,1,15,,55990,7,,,1,15,,55991,7,,,1,15,,55992,7,,,1,58,,55993,7,,,1,15,,56001,7,,,1,25,,55995,7,,,1,71,,55996,7,,,1,30,,55994,7,,,1,70,,56002,7,,,1,30,,56003,7,,,1,70,,56004,7,,,1,30,,56005,7,,,1,69,,56008,7,,,1
52100,'521-Weekday-6-26-02-1111100',549,,56009,7,,,1,70,,56045,7,,,1,16,,56055,7,,,1,15,,56010,7,,,1,52,,56013,7,,,1,12,,56011,7,,,1,10,,56054,7,,,1,2,,56012,7,,,1,12,,56014,7,,,1,12,,56015,7,,,1,52,,56016,7,,,1,12,,56017,7,,,1,12,,56018,7,,,1,12,,56019,7,,,1,15,,56046,7,,,1,67,,56047,7,,,1,30,,56030,7,,,1,70,,56020,7,,,1,30,,56021,7,,,1,70,,56022,7,,,1,30,,56023,7,,,1,70,,56024,7,,,1,30,,56025,7,,,1,70,,56026,7,,,1,30,,56027,7,,,1,70,,56028,7,,,1,30,,56029,7,,,1,74,,56048,7,,,1,15,,56031,7,,,1,15,,56032,7,,,1,55,,56033,7,,,1,15,,56034,7,,,1,15,,56035,7,,,1,15,,56036,7,,,1,55,,56037,7,,,1,15,,56038,7,,,1,15,,56039,7,,,1,15,,56040,7,,,1,58,,56041,7,,,1,15,,56049,7,,,1,25,,56043,7,,,1,71,,56044,7,,,1,30,,56042,7,,,1,70,,56050,7,,,1,30,,56051,7,,,1,70,,56052,7,,,1,30,,56053,7,,,1,69,,56056,7,,,1
52100,'521-Weekday-7-26-02-1111100',549,,56057,7,,,1,70,,56093,7,,,1,16,,56102,7,,,1,15,,56058,7,,,1,52,,56061,7,,,1,12,,56059,7,,,1,12,,56060,7,,,1,12,,56062,7,,,1,12,,56063,7,,,1,52,,56064,7,,,1,12,,56065,7,,,1,12,,56066,7,,,1,12,,56067,7,,,1,15,,56094,7,,,1,67,,56095,7,,,1,30,,56078,7,,,1,70,,56068,7,,,1,30,,56069,7,,,1,70,,56070,7,,,1,30,,56071,7,,,1,70,,56072,7,,,1,30,,56073,7,,,1,70,,56074,7,,,1,30,,56075,7,,,1,70,,56076,7,,,1,30,,56077,7,,,1,74,,56096,7,,,1,15,,56079,7,,,1,15,,56080,7,,,1,55,,56081,7,,,1,15,,56082,7,,,1,15,,56083,7,,,1,15,,56084,7,,,1,55,,56085,7,,,1,15,,56086,7,,,1,15,,56087,7,,,1,15,,56088,7,,,1,58,,56089,7,,,1,15,,56097,7,,,1,25,,56091,7,,,1,71,,56092,7,,,1,30,,56090,7,,,1,70,,56098,7,,,1,30,,56099,7,,,1,70,,56100,7,,,1,30,,56101,7,,,1,69,,56103,7,,,1
52100,'521-Saturday-1-26-02-0000010',816,,56219,7,,,1,28,,56220,7,,,1,69,,56221,7,,,1,30,,56222,7,,,1,70,,56200,7,,,1,30,,56201,7,,,1,70,,56202,7,,,1,30,,56203,7,,,1,70,,56204,7,,,1,30,,56205,7,,,1,70,,56206,7,,,1,30,,56207,7,,,1,70,,56208,7,,,1,30,,56209,7,,,1,70,,56210,7,,,1,30,,56211,7,,,1,70,,56213,7,,,1,31,,56214,7,,,1,70,,56215,7,,,1,30,,56212,7,,,1,70,,56216,7,,,1,30,,56217,7,,,1,70,,56218,7,,,1
52100,'521-Sunday-1-26-02-0000001',1013,,56223,7,,,1,30,,56224,7,,,1,70,,56225,7,,,1,30,,56226,7,,,1,70,,56227,7,,,1,30,,56228,7,,,1,70,,56229,7,,,1,30,,56230,7,,,1,70,,56231,7,,,1,30,,56232,7,,,1,73,,56233,7,,,1,27,,56234,7,,,1,70,,56235,7,,,1,30,,56236,7,,,1,70,,56237,7,,,1,30,,56238,7,,,1,70,,56239,7,,,1,30,,56240,7,,,1,70,,56241,7,,,1
66500,'665-Weekday-1-26-02-0001000',1445,,61616,17,,,1,3,,61617,17,,,1
66500,'665-Weekday-1-26-02-1110100',1524,,61618,17,,,1,3,,61619,17,,,1
66500,'665-Weekday-5-26-02-0001000',1445,,61626,17,,,1,3,,61627,17,,,1
66500,'665-Weekday-5-26-02-1110100',1524,,61628,17,,,1,3,,61629,17,,,1
66500,'665-Weekday-9-26-02-0001000',1445,,61630,17,,,1,3,,61631,17,,,1
