66900,'669-Weekday-1-26-02-1111100',754,,61700,19,,,1,3,,61699,19,,,1
66900,'669-Weekday-2-26-02-1111100',754,,61702,19,,,1,3,,61701,19,,,1
66900,'669-Weekday-5-26-02-1111100',754,,61704,19,,,1,3,,61703,19,,,1
66900,'669-Weekday-6-26-02-1111100',754,,61706,19,,,1,3,,61705,19,,,1
66900,'669-Weekday-8-26-02-1111100',754,,61708,19,,,1,3,,61707,19,,,1
66900,'669-Weekday-9-26-02-1111100',754,,61710,19,,,1,3,,61709,19,,,1
71901,'719-Weekday-1-26-02-1111100',543,,76644,17,,,1,15,,76700,17,,,1,55,,76645,17,,,1,15,,76646,17,,,1,20,,76701,17,,,1,55,,76647,17,,,1,15,,76648,17,,,1,15,,76702,17,,,1,15,,76649,17,,,1,55,,76703,17,,,1,15,,76650,17,,,1,15,,76694,17,,,1,22,,76651,17,,,1,58,,76652,17,,,1,20,,76653,17,,,1,20,,76654,17,,,1,60,,76655,17,,,1,20,,76656,17,,,1,20,,76657,17,,,1,60,,76658,17,,,1,20,,76659,17,,,1,20,,76660,17,,,1,60,,76661,17,,,1,20,,76662,17,,,1,20,,76663,17,,,1,60,,76664,17,,,1,20,,76665,17,,,1,20,,76666,17,,,1,60,,76667,17,,,1,20,,76668,17,,,1,20,,76669,17,,,1,65,,76670,17,,,1,10,,76691,17,,,1,10,,76672,17,,,1,10,,76698,17,,,1,10,,76674,17,,,1,50,,76705,17,,,1,10,,76704,17,,,1,10,,76696,17,,,1,10,,76676,17,,,1,10,,76697,17,,,1,10,,76678,17,,,1,50,,76692,17,,,1,10,,76680,17,,,1,10,,76693,17,,,1,10,,76682,17,,,1,10,,76699,17,,,1,10,,76684,17,,,1,50,,76706,17,,,1,12,,76685,17,,,1,18,,76686,17,,,1,18,,76687,17,,,1,60,,76688,17,,,1,20,,76689,17,,,1,20,,76690,17,,,1,60,,76683,17,,,1,20,,76681,17,,,1,20,,76679,17,,,1,60,,76677,17,,,1,20,,76695,17,,,1,69,,76675,17,,,1,99,,76673,17,,,1,100,,76671,17,,,1
71901,'719-Weekday-10-26-02-1111100',543,,76707,17,,,1,15,,76763,17,,,1,55,,76708,17,,,1,15,,76709,17,,,1,20,,76764,17,,,1,55,,76710,17,,,1,15,,76711,17,,,1,15,,76765,17,,,1,15,,76712,17,,,1,55,,76766,17,,,1,15,,76713,17,,,1,15,,76757,17,,,1,22,,76714,17,,,1,58,,76715,17,,,1,20,,76716,17,,,1,20,,76717,17,,,1,60,,76718,17,,,1,20,,76719,17,,,1,20,,76720,17,,,1,60,,76721,17,,,1,20,,76722,17,,,1,20,,76723,17,,,1,60,,76724,17,,,1,20,,76725,17,,,1,20,,76726,17,,,1,60,,76727,17,,,1,20,,76728,17,,,1,20,,76729,17,,,1,60,,76730,17,,,1,20,,76731,17,,,1,20,,76732,17,,,1,65,,76733,17,,,1,10,,76754,17,,,1,10,,76735,17,,,1,10,,76761,17,,,1,10,,76737,17,,,1,50,,76768,17,,,1,10,,76767,17,,,1,10,,76759,17,,,1,10,,76739,17,,,1,10,,76760,17,,,1,10,,76741,17,,,1,50,,76755,17,,,1,10,,76743,17,,,1,10,,76756,17,,,1,10,,76745,17,,,1,10,,76762,17,,,1,10,,76747,17,,,1,50,,76769,17,,,1,12,,76748,17,,,1,18,,76749,17,,,1,18,,76750,17,,,1,60,,76751,17,,,1,20,,76752,17,,,1,20,,76753,17,,,1,60,,76746,17,,,1,20,,76744,17,,,1,20,,76742,17,,,1,60,,76740,17,,,1,20,,76758,17,,,1,69,,76738,17,,,1,99,,76736,17,,,1,100,,76734,17,,,1
71901,'719-Weekday-2-26-02-1111100',543,,76770,17,,,1,15,,76826,17,,,1,55,,76771,17,,,1,15,,76772,17,,,1,20,,76827,17,,,1,55,,76773,17,,,1,15,,76774,17,,,1,15,,76828,17,,,1,15,,76775,17,,,1,55,,76829,17,,,1,15,,76776,17,,,1,15,,76820,17,,,1,22,,76777,17,,,1,58,,76778,17,,,1,20,,76779,17,,,1,20,,76780,17,,,1,60,,76781,17,,,1,20,,76782,17,,,1,20,,76783,17,,,1,60,,76784,17,,,1,20,,76785,17,,,1,20,,76786,17,,,1,60,,76787,17,,,1,20,,76788,17,,,1,20,,76789,17,,,1,60,,76790,17,,,1,20,,76791,17,,,1,20,,76792,17,,,1,60,,76793,17,,,1,20,,76794,17,,,1,20,,76795,17,,,1,65,,76796,17,,,1,10,,76817,17,,,1,10,,76798,17,,,1,10,,76824,17,,,1,10,,76800,17,,,1,50,,76831,17,,,1,10,,76830,17,,,1,10,,76822,17,,,1,10,,76802,17,,,1,10,,76823,17,,,1,10,,76804,17,,,1,50,,76818,17,,,1,10,,76806,17,,,1,10,,76819,17,,,1,10,,76808,17,,,1,10,,76825,17,,,1,10,,76810,17,,,1,50,,76832,17,,,1,12,,76811,17,,,1,18,,76812,17,,,1,18,,76813,17,,,1,60,,76814,17,,,1,20,,76815,17,,,1,20,,76816,17,,,1,60,,76809,17,,,1,20,,76807,17,,,1,20,,76805,17,,,1,60,,76803,17,,,1,20,,76821,17,,,1,69,,76801,17,,,1,99,,76799,17,,,1,100,,76797,17,,,1
71901,'719-Weekday-4-26-02-1111100',543,,76833,17,,,1,15,,76889,17,,,1,55,,76834,17,,,1,15,,76835,17,,,1,20,,76890,17,,,1,55,,76836,17,,,1,15,,76837,17,,,1,15,,76891,17,,,1,15,,76838,17,,,1,55,,76892,17,,,1,15,,76839,17,,,1,15,,76883,17,,,1,22,,76840,17,,,1,58,,76841,17,,,1,20,,76842,17,,,1,20,,76843,17,,,1,60,,76844,17,,,1,20,,76845,17,,,1,20,,76846,17,,,1,60,,76847,17,,,1,20,,76848,17,,,1,20,,76849,17,,,1,60,,76850,17,,,1,20,,76851,17,,,1,20,,76852,17,,,1,60,,76853,17,,,1,20,,76854,17,,,1,20,,76855,17,,,1,60,,76856,17,,,1,20,,76857,17,,,1,20,,76858,17,,,1,65,,76859,17,,,1,10,,76880,17,,,1,10,,76861,17,,,1,10,,76887,17,,,1,10,,76863,17,,,1,50,,76894,17,,,1,10,,76893,17,,,1,10,,76885,17,,,1,10,,76865,17,,,1,10,,76886,17,,,1,10,,76867,17,,,1,50,,76881,17,,,1,10,,76869,17,,,1,10,,76882,17,,,1,10,,76871,17,,,1,10,,76888,17,,,1,10,,76873,17,,,1,50,,76895,17,,,1,12,,76874,17,,,1,18,,76875,17,,,1,18,,76876,17,,,1,60,,76877,17,,,1,20,,76878,17,,,1,20,,76879,17,,,1,60,,76872,17,,,1,20,,76870,17,,,1,20,,76868,17,,,1,60,,76866,17,,,1,20,,76884,17,,,1,69,,76864,17,,,1,99,,76862,17,,,1,100,,76860,17,,,1
71901,'719-Weekday-5-26-02-1111100',543,,76896,17,,,1,15,,76952,17,,,1,55,,76897,17,,,1,15,,76898,17,,,1,20,,76953,17,,,1,55,,76899,17,,,1,15,,76900,17,,,1,15,,76954,17,,,1,15,,76901,17,,,1,55,,76955,17,,,1,15,,76902,17,,,1,15,,76946,17,,,1,22,,76903,17,,,1,58,,76904,17,,,1,20,,76905,17,,,1,20,,76906,17,,,1,60,,76907,17,,,1,20,,76908,17,,,1,20,,76909,17,,,1,60,,76910,17,,,1,20,,76911,17,,,1,20,,76912,17,,,1,60,,76913,17,,,1,20,,76914,17,,,1,20,,76915,17,,,1,60,,76916,17,,,1,20,,76917,17,,,1,20,,76918,17,,,1,60,,76919,17,,,1,20,,76920,17,,,1,20,,76921,17,,,1,65,,76922,17,,,1,10,,76943,17,,,1,10,,76924,17,,,1,10,,76950,17,,,1,10,,76926,17,,,1,50,,76957,17,,,1,10,,76956,17,,,1,10,,76948,17,,,1,10,,76928,17,,,1,10,,76949,17,,,1,10,,76930,17,,,1,50,,76944,17,,,1,10,,76932,17,,,1,10,,76945,17,,,1,10,,76934,17,,,1,10,,76951,17,,,1,10,,76936,17,,,1,50,,76958,17,,,1,12,,76937,17,,,1,18,,76938,17,,,1,18,,76939,17,,,1,60,,76940,17,,,1,20,,76941,17,,,1,20,,76942,17,,,1,60,,76935,17,,,1,20,,76933,17,,,1,20,,76931,17,,,1,60,,76929,17,,,1,20,,76947,17,,,1,69,,76927,17,,,1,99,,76925,17,,,1,100,,76923,17,,,1
71901,'719-Weekday-6-26-02-1111100',543,,76959,17,,,1,15,,77015,17,,,1,55,,76960,17,,,1,15,,76961,17,,,1,20,,77016,17,,,1,55,,76962,17,,,1,15,,76963,17,,,1,15,,77017,17,,,1,15,,76964,17,,,1,55,,77018,17,,,1,15,,76965,17,,,1,15,,77009,17,,,1,22,,76966,17,,,1,58,,76967,17,,,1,20,,76968,17,,,1,20,,76969,17,,,1,60,,76970,17,,,1,20,,76971,17,,,1,20,,76972,17,,,1,60,,76973,17,,,1,20,,76974,17,,,1,20,,76975,17,,,1,60,,76976,17,,,1,20,,76977,17,,,1,20,,76978,17,,,1,60,,76979,17,,,1,20,,76980,17,,,1,20,,76981,17,,,1,60,,76982,17,,,1,20,,76983,17,,,1,20,,76984,17,,,1,65,,76985,17,,,1,10,,77006,17,,,1,10,,76987,17,,,1,10,,77013,17,,,1,10,,76989,17,,,1,50,,77020,17,,,1,10,,77019,17,,,1,10,,77011,17,,,1,10,,76991,17,,,1,10,,77012,17,,,1,10,,76993,17,,,1,50,,77007,17,,,1,10,,76995,17,,,1,10,,77008,17,,,1,10,,76997,17,,,1,10,,77014,17,,,1,10,,76999,17,,,1,50,,77021,17,,,1,12,,77000,17,,,1,18,,77001,17,,,1,18,,77002,17,,,1,60,,77003,17,,,1,20,,77004,17,,,1,20,,77005,17,,,1,60,,76998,17,,,1,20,,76996,17,,,1,20,,76994,17,,,1,60,,76992,17,,,1,20,,77010,17,,,1,69,,76990,17,,,1,99,,76988,17,,,1,100,,76986,17,,,1
71901,'719-Weekday-7-26-02-1111100',543,,77022,17,,,1,15,,77078,17,,,1,55,,77023,17,,,1,15,,77024,17,,,1,20,,77079,17,,,1,55,,77025,17,,,1,15,,77026,17,,,1,15,,77080,17,,,1,15,,77027,17,,,1,55,,77081,17,,,1,15,,77028,17,,,1,15,,77072,17,,,1,22,,77029,17,,,1,58,,77030,17,,,1,20,,77031,17,,,1,20,,77032,17,,,1,60,,77033,17,,,1,20,,77034,17,,,1,20,,77035,17,,,1,60,,77036,17,,,1,20,,77037,17,,,1,20,,77038,17,,,1,60,,77039,17,,,1,20,,77040,17,,,1,20,,77041,17,,,1,60,,77042,17,,,1,20,,77043,17,,,1,20,,77044,17,,,1,60,,77045,17,,,1,20,,77046,17,,,1,20,,77047,17,,,1,65,,77048,17,,,1,10,,77069,17,,,1,10,,77050,17,,,1,10,,77076,17,,,1,10,,77052,17,,,1,50,,77083,17,,,1,10,,77082,17,,,1,10,,77074,17,,,1,10,,77054,17,,,1,10,,77075,17,,,1,10,,77056,17,,,1,50,,77070,17,,,1,10,,77058,17,,,1,10,,77071,17,,,1,10,,77060,17,,,1,10,,77077,17,,,1,10,,77062,17,,,1,50,,77084,17,,,1,12,,77063,17,,,1,18,,77064,17,,,1,18,,77065,17,,,1,60,,77066,17,,,1,20,,77067,17,,,1,20,,77068,17,,,1,60,,77061,17,,,1,20,,77059,17,,,1,20,,77057,17,,,1,60,,77055,17,,,1,20,,77073,17,,,1,69,,77053,17,,,1,99,,77051,17,,,1,100,,77049,17,,,1
71901,'719-Weekday-8-26-02-1111100',543,,77085,17,,,1,15,,77141,17,,,1,55,,77086,17,,,1,15,,77087,17,,,1,20,,77142,17,,,1,55,,77088,17,,,1,15,,77089,17,,,1,15,,77143,17,,,1,15,,77090,17,,,1,55,,77144,17,,,1,15,,77091,17,,,1,15,,77135,17,,,1,22,,77092,17,,,1,58,,77093,17,,,1,20,,77094,17,,,1,20,,77095,17,,,1,60,,77096,17,,,1,20,,77097,17,,,1,20,,77098,17,,,1,60,,77099,17,,,1,20,,77100,17,,,1,20,,77101,17,,,1,60,,77102,17,,,1,20,,77103,17,,,1,20,,77104,17,,,1,60,,77105,17,,,1,20,,77106,17,,,1,20,,77107,17,,,1,60,,77108,17,,,1,20,,77109,17,,,1,20,,77110,17,,,1,65,,77111,17,,,1,10,,77132,17,,,1,10,,77113,17,,,1,10,,77139,17,,,1,10,,77115,17,,,1,50,,77146,17,,,1,10,,77145,17,,,1,10,,77137,17,,,1,10,,77117,17,,,1,10,,77138,17,,,1,10,,77119,17,,,1,50,,77133,17,,,1,10,,77121,17,,,1,10,,77134,17,,,1,10,,77123,17,,,1,10,,77140,17,,,1,10,,77125,17,,,1,50,,77147,17,,,1,12,,77126,17,,,1,18,,77127,17,,,1,18,,77128,17,,,1,60,,77129,17,,,1,20,,77130,17,,,1,20,,77131,17,,,1,60,,77124,17,,,1,20,,77122,17,,,1,20,,77120,17,,,1,60,,77118,17,,,1,20,,77136,17,,,1,69,,77116,17,,,1,99,,77114,17,,,1,100,,77112,17,,,1
71901,'719-Weekday-9-26-02-1111100',543,,77148,17,,,1,15,,77204,17,,,1,55,,77149,17,,,1,15,,77150,17,,,1,20,,77205,17,,,1,55,,77151,17,,,1,15,,77152,17,,,1,15,,77206,17,,,1,15,,77153,17,,,1,55,,77207,17,,,1,15,,77154,17,,,1,15,,77198,17,,,1,22,,77155,17,,,1,58,,77156,17,,,1,20,,77157,17,,,1,20,,77158,17,,,1,60,,77159,17,,,1,20,,77160,17,,,1,20,,77161,17,,,1,60,,77162,17,,,1,20,,77163,17,,,1,20,,77164,17,,,1,60,,77165,17,,,1,20,,77166,17,,,1,20,,77167,17,,,1,60,,77168,17,,,1,20,,77169,17,,,1,20,,77170,17,,,1,60,,77171,17,,,1,20,,77172,17,,,1,20,,77173,17,,,1,65,,77174,17,,,1,10,,77195,17,,,1,10,,77176,17,,,1,10,,77202,17,,,1,10,,77178,17,,,1,50,,77209,17,,,1,10,,77208,17,,,1,10,,77200,17,,,1,10,,77180,17,,,1,10,,77201,17,,,1,10,,77182,17,,,1,50,,77196,17,,,1,10,,77184,17,,,1,10,,77197,17,,,1,10,,77186,17,,,1,10,,77203,17,,,1,10,,77188,17,,,1,50,,77210,17,,,1,12,,77189,17,,,1,18,,77190,17,,,1,18,,77191,17,,,1,60,,77192,17,,,1,20,,77193,17,,,1,20,,77194,17,,,1,60,,77187,17,,,1,20,,77185,17,,,1,20,,77183,17,,,1,60,,77181,17,,,1,20,,77199,17,,,1,69,,77179,17,,,1,99,,77177,17,,,1,100,,77175,17,,,1
71901,'719-Saturday-1-26-02-0000010',551,,77224,17,,,1,70,,77227,17,,,1,30,,77222,17,,,1,70,,77225,17,,,1,30,,77228,17,,,1,70,,77242,17,,,1,30,,77212,17,,,1,72,,77232,17,,,1,30,,77214,17,,,1,70,,77213,17,,,1,30,,77230,17,,,1,70,,77215,17,,,1,30,,77231,17,,,1,70,,77229,17,,,1,30,,77226,17,,,1,70,,77243,17,,,1,30,,77240,17,,,1,70,,77245,17,,,1,30,,77244,17,,,1,70,,77241,17,,,1,30,,77239,17,,,1,70,,77234,17,,,1,30,,77236,17,,,1,70,,77238,17,,,1,30,,77237,17,,,1,70,,77235,17,,,1,30,,77217,17,,,1,70,,77218,17,,,1,30,,77219,17,,,1,70,,77233,17,,,1,30,,77220,17,,,1,70,,77216,17,,,1,30,,77221,17,,,1,70,,77211,17,,,1,30,,77247,17,,,1,70,,77246,17,,,1,30,,77223,17,,,1
71901,'719-Sunday-1-26-02-0000001',651,,77261,17,,,1,100,,77264,17,,,1,100,,77254,17,,,1,100,,77257,17,,,1,100,,77260,17,,,1,70,,77262,17,,,1,30,,77263,17,,,1,70,,77251,17,,,1,30,,77252,17,,,1,70,,77255,17,,,1,30,,77249,17,,,1,70,,77273,17,,,1,30,,77271,17,,,1,70,,77266,17,,,1,30,,77270,17,,,1,70,,77269,17,,,1,30,,77268,17,,,1,71,,77272,17,,,1,30,,77267,17,,,1,70,,77258,17,,,1,30,,77256,17,,,1,70,,77253,17,,,1,100,,77250,17,,,1,100,,77248,17,,,1,100,,77259,17,,,1,100,,77265,17,,,1
