90701,'907-Weekday-1-26-02-1111100',549,,87936,35,,,1,70,,87937,35,,,1,28,,87938,35,,,1,56,,87939,35,,,1,15,,87940,35,,,1,15,,87941,35,,,1,15,,87942,35,,,1,55,,87943,35,,,1,15,,87944,35,,,1,15,,87945,35,,,1,15,,87946,35,,,1,70,,87947,35,,,1,30,,87948,35,,,1,70,,87949,35,,,1,30,,87950,35,,,1,70,,87951,35,,,1,30,,87952,35,,,1,70,,87953,35,,,1,30,,87954,35,,,1,70,,87955,35,,,1,30,,87956,35,,,1,70,,87957,35,,,1,30,,87958,35,,,1,73,,87959,35,,,1,22,,87960,35,,,1,57,,87961,35,,,1,15,,87962,35,,,1,15,,87963,35,,,1,15,,87964,35,,,1,55,,87965,35,,,1,15,,87966,35,,,1,15,,87967,35,,,1,15,,87968,35,,,1,55,,87969,35,,,1,27,,87970,35,,,1,21,,87971,35,,,1,70,,87972,35,,,1,30,,87973,35,,,1,70,,87974,35,,,1,30,,87975,35,,,1,70,,87976,35,,,1,30,,87977,35,,,1,71,,87978,35,,,1,100,,87979,35,,,1,100,,87980,35,,,1
90701,'907-Weekday-10-26-02-1111100',549,,87981,35,,,1,70,,87982,35,,,1,28,,87983,35,,,1,56,,87984,35,,,1,15,,87985,35,,,1,15,,87986,35,,,1,15,,87987,35,,,1,55,,87988,35,,,1,15,,87989,35,,,1,15,,87990,35,,,1,15,,87991,35,,,1,70,,87992,35,,,1,30,,87993,35,,,1,70,,87994,35,,,1,30,,87995,35,,,1,70,,87996,35,,,1,30,,87997,35,,,1,70,,87998,35,,,1,30,,87999,35,,,1,70,,88000,35,,,1,30,,88001,35,,,1,70,,88002,35,,,1,30,,88003,35,,,1,73,,88004,35,,,1,22,,88005,35,,,1,57,,88006,35,,,1,15,,88007,35,,,1,15,,88008,35,,,1,15,,88009,35,,,1,55,,88010,35,,,1,15,,88011,35,,,1,15,,88012,35,,,1,15,,88013,35,,,1,55,,88014,35,,,1,27,,88015,35,,,1,21,,88016,35,,,1,70,,88017,35,,,1,30,,88018,35,,,1,70,,88019,35,,,1,30,,88020,35,,,1,70,,88021,35,,,1,30,,88022,35,,,1,71,,88023,35,,,1,100,,88024,35,,,1,100,,88025,35,,,1
90701,'907-Weekday-4-26-02-1111100',549,,88071,35,,,1,70,,88072,35,,,1,28,,88073,35,,,1,56,,88074,35,,,1,15,,88075,35,,,1,15,,88076,35,,,1,15,,88077,35,,,1,55,,88078,35,,,1,15,,88079,35,,,1,15,,88080,35,,,1,15,,88081,35,,,1,70,,88082,35,,,1,30,,88083,35,,,1,70,,88084,35,,,1,30,,88085,35,,,1,70,,88086,35,,,1,30,,88087,35,,,1,70,,88088,35,,,1,30,,88089,35,,,1,70,,88090,35,,,1,30,,88091,35,,,1,70,,88092,35,,,1,30,,88093,35,,,1,73,,88094,35,,,1,22,,88095,35,,,1,57,,88096,35,,,1,15,,88097,35,,,1,15,,88098,35,,,1,15,,88099,35,,,1,55,,88100,35,,,1,15,,88101,35,,,1,15,,88102,35,,,1,15,,88103,35,,,1,55,,88104,35,,,1,27,,88105,35,,,1,21,,88106,35,,,1,70,,88107,35,,,1,30,,88108,35,,,1,70,,88109,35,,,1,30,,88110,35,,,1,70,,88111,35,,,1,30,,88112,35,,,1,71,,88113,35,,,1,100,,88114,35,,,1,100,,88115,35,,,1
90701,'907-Weekday-5-26-02-1111100',549,,88116,35,,,1,70,,88117,35,,,1,28,,88118,35,,,1,56,,88119,35,,,1,15,,88120,35,,,1,15,,88121,35,,,1,15,,88122,35,,,1,55,,88123,35,,,1,15,,88124,35,,,1,15,,88125,35,,,1,15,,88126,35,,,1,70,,88127,35,,,1,30,,88128,35,,,1,70,,88129,35,,,1,30,,88130,35,,,1,70,,88131,35,,,1,30,,88132,35,,,1,70,,88133,35,,,1,30,,88134,35,,,1,70,,88135,35,,,1,30,,88136,35,,,1,70,,88137,35,,,1,30,,88138,35,,,1,73,,88139,35,,,1,22,,88140,35,,,1,57,,88141,35,,,1,15,,88142,35,,,1,15,,88143,35,,,1,15,,88144,35,,,1,55,,88145,35,,,1,15,,88146,35,,,1,15,,88147,35,,,1,15,,88148,35,,,1,55,,88149,35,,,1,27,,88150,35,,,1,21,,88151,35,,,1,70,,88152,35,,,1,30,,88153,35,,,1,70,,88154,35,,,1,30,,88155,35,,,1,70,,88156,35,,,1,30,,88157,35,,,1,71,,88158,35,,,1,100,,88159,35,,,1,100,,88160,35,,,1
90701,'907-Weekday-7-26-02-1111100',549,,88206,35,,,1,70,,88207,35,,,1,28,,88208,35,,,1,56,,88209,35,,,1,15,,88210,35,,,1,15,,88211,35,,,1,15,,88212,35,,,1,55,,88213,35,,,1,15,,88214,35,,,1,15,,88215,35,,,1,15,,88216,35,,,1,70,,88217,35,,,1,30,,88218,35,,,1,70,,88219,35,,,1,30,,88220,35,,,1,70,,88221,35,,,1,30,,88222,35,,,1,70,,88223,35,,,1,30,,88224,35,,,1,70,,88225,35,,,1,30,,88226,35,,,1,70,,88227,35,,,1,30,,88228,35,,,1,73,,88229,35,,,1,22,,88230,35,,,1,57,,88231,35,,,1,15,,88232,35,,,1,15,,88233,35,,,1,15,,88234,35,,,1,55,,88235,35,,,1,15,,88236,35,,,1,15,,88237,35,,,1,15,,88238,35,,,1,55,,88239,35,,,1,27,,88240,35,,,1,21,,88241,35,,,1,70,,88242,35,,,1,30,,88243,35,,,1,70,,88244,35,,,1,30,,88245,35,,,1,70,,88246,35,,,1,30,,88247,35,,,1,71,,88248,35,,,1,100,,88249,35,,,1,100,,88250,35,,,1
90701,'907-Saturday-1-26-02-0000010',651,,88341,35,,,1,100,,88342,35,,,1,100,,88343,35,,,1,68,,88344,35,,,1,30,,88345,35,,,1,70,,88346,35,,,1,30,,88347,35,,,1,70,,88348,35,,,1,30,,88349,35,,,1,70,,88350,35,,,1,30,,88351,35,,,1,70,,88352,35,,,1,30,,88353,35,,,1,70,,88354,35,,,1,30,,88355,35,,,1,70,,88356,35,,,1,30,,88357,35,,,1,70,,88358,35,,,1,30,,88359,35,,,1,70,,88360,35,,,1,30,,88361,35,,,1,70,,88362,35,,,1,30,,88363,35,,,1,70,,88364,35,,,1,100,,88365,35,,,1,100,,88366,35,,,1,100,,88367,35,,,1
90701,'907-Sunday-1-26-02-0000001',1052,,88368,35,,,1,70,,88369,35,,,1,30,,88370,35,,,1,70,,88371,35,,,1,30,,88372,35,,,1,70,,88373,35,,,1,30,,88374,35,,,1,70,,88375,35,,,1,30,,88376,35,,,1,70,,88377,35,,,1,30,,88378,35,,,1,70,,88379,35,,,1,30,,88380,35,,,1,70,,88381,35,,,1,30,,88382,35,,,1,70,,88383,35,,,1,30,,88384,35,,,1,70,,88385,35,,,1,30,,88386,35,,,1
92501,'925-Weekday-1-26-02-1111100',843,,100217,12,,,1,101,,100218,12,,,1,100,,100219,12,,,1,100,,100220,12,,,1,100,,100221,12,,,1,100,,100222,12,,,1,100,,100223,12,,,1,100,,100224,12,,,1
92501,'925-Weekday-10-26-02-1111100',843,,100225,12,,,1,101,,100226,12,,,1,100,,100227,12,,,1,100,,100228,12,,,1,100,,100229,12,,,1,100,,100230,12,,,1,100,,100231,12,,,1,100,,100232,12,,,1
92501,'925-Weekday-4-26-02-1111100',843,,100241,12,,,1,101,,100242,12,,,1,100,,100243,12,,,1,100,,100244,12,,,1,100,,100245,12,,,1,100,,100246,12,,,1,100,,100247,12,,,1,100,,100248,12,,,1
92501,'925-Weekday-5-26-02-1111100',843,,100249,12,,,1,101,,100250,12,,,1,100,,100251,12,,,1,100,,100252,12,,,1,100,,100253,12,,,1,100,,100254,12,,,1,100,,100255,12,,,1,100,,100256,12,,,1
92501,'925-Weekday-7-26-02-1111100',843,,100265,12,,,1,101,,100266,12,,,1,100,,100267,12,,,1,100,,100268,12,,,1,100,,100269,12,,,1,100,,100270,12,,,1,100,,100271,12,,,1,100,,100272,12,,,1
