51501,'515-Weekday-1-26-02-1101100',745,,51134,14,,,1,13,,51135,14,,,1
51501,'515-Weekday-1-26-02-1111100',540,,51136,14,,,1,70,,51137,14,,,1,32,,51138,14,,,1,59,,51139,14,,,1,15,,51140,14,,,1,15,,51141,14,,,1,15,,51142,14,,,1,55,,51143,14,,,1,15,,51144,14,,,1,5,,51187,14,,,1,10,,51145,14,,,1,15,,51146,14,,,1,55,,51166,14,,,1,19,,51147,14,,,1,20,,51148,14,,,1,60,,51165,14,,,1,20,,51149,14,,,1,20,,51150,14,,,1,60,,51164,14,,,1,20,,51151,14,,,1,20,,51152,14,,,1,60,,51163,14,,,1,20,,51153,14,,,1,20,,51154,14,,,1,60,,51162,14,,,1,20,,51155,14,,,1,20,,51156,14,,,1,60,,51161,14,,,1,20,,51157,14,,,1,20,,51158,14,,,1,60,,51159,14,,,1,21,,51160,14,,,1,19,,51171,14,,,1,15,,51172,14,,,1,55,,51173,14,,,1,15,,51174,14,,,1,15,,51175,14,,,1,15,,51176,14,,,1,55,,51177,14,,,1,15,,51178,14,,,1,15,,51179,14,,,1,70,,51169,14,,,1,29,,51170,14,,,1,65,,51180,14,,,1,30,,51181,14,,,1,70,,51182,14,,,1,30,,51183,14,,,1,70,,51184,14,,,1,30,,51185,14,,,1,69,,51186,14,,,1,40,,51168,14,,,1,100,,51167,14,,,1
51501,'515-Weekday-10-26-02-1101100',745,,51188,14,,,1,13,,51189,14,,,1
51501,'515-Weekday-10-26-02-1111100',540,,51190,14,,,1,70,,51191,14,,,1,32,,51192,14,,,1,59,,51193,14,,,1,15,,51194,14,,,1,15,,51195,14,,,1,15,,51196,14,,,1,55,,51197,14,,,1,15,,51198,14,,,1,5,,51241,14,,,1,10,,51199,14,,,1,15,,51200,14,,,1,55,,51220,14,,,1,19,,51201,14,,,1,20,,51202,14,,,1,60,,51219,14,,,1,20,,51203,14,,,1,20,,51204,14,,,1,60,,51218,14,,,1,20,,51205,14,,,1,20,,51206,14,,,1,60,,51217,14,,,1,20,,51207,14,,,1,20,,51208,14,,,1,60,,51216,14,,,1,20,,51209,14,,,1,20,,51210,14,,,1,60,,51215,14,,,1,20,,51211,14,,,1,20,,51212,14,,,1,60,,51213,14,,,1,21,,51214,14,,,1,19,,51225,14,,,1,15,,51226,14,,,1,55,,51227,14,,,1,15,,51228,14,,,1,15,,51229,14,,,1,15,,51230,14,,,1,55,,51231,14,,,1,15,,51232,14,,,1,15,,51233,14,,,1,70,,51223,14,,,1,29,,51224,14,,,1,65,,51234,14,,,1,30,,51235,14,,,1,70,,51236,14,,,1,30,,51237,14,,,1,70,,51238,14,,,1,30,,51239,14,,,1,69,,51240,14,,,1,40,,51222,14,,,1,100,,51221,14,,,1
51501,'515-Weekday-2-26-02-1101100',745,,51242,14,,,1,13,,51243,14,,,1
51501,'515-Weekday-2-26-02-1111100',540,,51244,14,,,1,70,,51245,14,,,1,32,,51246,14,,,1,59,,51247,14,,,1,15,,51248,14,,,1,15,,51249,14,,,1,15,,51250,14,,,1,55,,51251,14,,,1,15,,51252,14,,,1,5,,51295,14,,,1,10,,51253,14,,,1,15,,51254,14,,,1,55,,51274,14,,,1,19,,51255,14,,,1,20,,51256,14,,,1,60,,51273,14,,,1,20,,51257,14,,,1,20,,51258,14,,,1,60,,51272,14,,,1,20,,51259,14,,,1,20,,51260,14,,,1,60,,51271,14,,,1,20,,51261,14,,,1,20,,51262,14,,,1,60,,51270,14,,,1,20,,51263,14,,,1,20,,51264,14,,,1,60,,51269,14,,,1,20,,51265,14,,,1,20,,51266,14,,,1,60,,51267,14,,,1,21,,51268,14,,,1,19,,51279,14,,,1,15,,51280,14,,,1,55,,51281,14,,,1,15,,51282,14,,,1,15,,51283,14,,,1,15,,51284,14,,,1,55,,51285,14,,,1,15,,51286,14,,,1,15,,51287,14,,,1,70,,51277,14,,,1,29,,51278,14,,,1,65,,51288,14,,,1,30,,51289,14,,,1,70,,51290,14,,,1,30,,51291,14,,,1,70,,51292,14,,,1,30,,51293,14,,,1,69,,51294,14,,,1,40,,51276,14,,,1,100,,51275,14,,,1
51501,'515-Weekday-4-26-02-1111100',540,,51296,14,,,1,70,,51297,14,,,1,32,,51298,14,,,1,59,,51299,14,,,1,15,,51300,14,,,1,15,,51301,14,,,1,15,,51302,14,,,1,55,,51303,14,,,1,15,,51304,14,,,1,15,,51305,14,,,1,15,,51306,14,,,1,55,,51326,14,,,1,19,,51307,14,,,1,20,,51308,14,,,1,60,,51325,14,,,1,20,,51309,14,,,1,20,,51310,14,,,1,60,,51324,14,,,1,20,,51311,14,,,1,20,,51312,14,,,1,60,,51323,14,,,1,20,,51313,14,,,1,20,,51314,14,,,1,60,,51322,14,,,1,20,,51315,14,,,1,20,,51316,14,,,1,60,,51321,14,,,1,20,,51317,14,,,1,20,,51318,14,,,1,60,,51319,14,,,1,21,,51320,14,,,1,19,,51331,14,,,1,15,,51332,14,,,1,55,,51333,14,,,1,15,,51334,14,,,1,15,,51335,14,,,1,15,,51336,14,,,1,55,,51337,14,,,1,15,,51338,14,,,1,15,,51339,14,,,1,70,,51329,14,,,1,29,,51330,14,,,1,65,,51340,14,,,1,30,,51341,14,,,1,70,,51342,14,,,1,30,,51343,14,,,1,70,,51344,14,,,1,30,,51345,14,,,1,69,,51346,14,,,1,40,,51328,14,,,1,100,,51327,14,,,1
51501,'515-Weekday-5-26-02-1101100',745,,51347,14,,,1,13,,51348,14,,,1
51501,'515-Weekday-5-26-02-1111100',540,,51349,14,,,1,70,,51350,14,,,1,32,,51351,14,,,1,59,,51352,14,,,1,15,,51353,14,,,1,15,,51354,14,,,1,15,,51355,14,,,1,55,,51356,14,,,1,15,,51357,14,,,1,5,,51400,14,,,1,10,,51358,14,,,1,15,,51359,14,,,1,55,,51379,14,,,1,19,,51360,14,,,1,20,,51361,14,,,1,60,,51378,14,,,1,20,,51362,14,,,1,20,,51363,14,,,1,60,,51377,14,,,1,20,,51364,14,,,1,20,,51365,14,,,1,60,,51376,14,,,1,20,,51366,14,,,1,20,,51367,14,,,1,60,,51375,14,,,1,20,,51368,14,,,1,20,,51369,14,,,1,60,,51374,14,,,1,20,,51370,14,,,1,20,,51371,14,,,1,60,,51372,14,,,1,21,,51373,14,,,1,19,,51384,14,,,1,15,,51385,14,,,1,55,,51386,14,,,1,15,,51387,14,,,1,15,,51388,14,,,1,15,,51389,14,,,1,55,,51390,14,,,1,15,,51391,14,,,1,15,,51392,14,,,1,70,,51382,14,,,1,29,,51383,14,,,1,65,,51393,14,,,1,30,,51394,14,,,1,70,,51395,14,,,1,30,,51396,14,,,1,70,,51397,14,,,1,30,,51398,14,,,1,69,,51399,14,,,1,40,,51381,14,,,1,100,,51380,14,,,1
51501,'515-Weekday-6-26-02-1111100',540,,51401,14,,,1,70,,51402,14,,,1,32,,51403,14,,,1,59,,51404,14,,,1,15,,51405,14,,,1,15,,51406,14,,,1,15,,51407,14,,,1,55,,51408,14,,,1,15,,51409,14,,,1,15,,51410,14,,,1,15,,51411,14,,,1,55,,51431,14,,,1,19,,51412,14,,,1,20,,51413,14,,,1,60,,51430,14,,,1,20,,51414,14,,,1,20,,51415,14,,,1,60,,51429,14,,,1,20,,51416,14,,,1,20,,51417,14,,,1,60,,51428,14,,,1,20,,51418,14,,,1,20,,51419,14,,,1,60,,51427,14,,,1,20,,51420,14,,,1,20,,51421,14,,,1,60,,51426,14,,,1,20,,51422,14,,,1,20,,51423,14,,,1,60,,51424,14,,,1,21,,51425,14,,,1,19,,51436,14,,,1,15,,51437,14,,,1,55,,51438,14,,,1,15,,51439,14,,,1,15,,51440,14,,,1,15,,51441,14,,,1,55,,51442,14,,,1,15,,51443,14,,,1,15,,51444,14,,,1,70,,51434,14,,,1,29,,51435,14,,,1,65,,51445,14,,,1,30,,51446,14,,,1,70,,51447,14,,,1,30,,51448,14,,,1,70,,51449,14,,,1,30,,51450,14,,,1,69,,51451,14,,,1,40,,51433,14,,,1,100,,51432,14,,,1
51501,'515-Weekday-7-26-02-1111100',540,,51452,14,,,1,70,,51453,14,,,1,32,,51454,14,,,1,59,,51455,14,,,1,15,,51456,14,,,1,15,,51457,14,,,1,15,,51458,14,,,1,55,,51459,14,,,1,15,,51460,14,,,1,15,,51461,14,,,1,15,,51462,14,,,1,55,,51482,14,,,1,19,,51463,14,,,1,20,,51464,14,,,1,60,,51481,14,,,1,20,,51465,14,,,1,20,,51466,14,,,1,60,,51480,14,,,1,20,,51467,14,,,1,20,,51468,14,,,1,60,,51479,14,,,1,20,,51469,14,,,1,20,,51470,14,,,1,60,,51478,14,,,1,20,,51471,14,,,1,20,,51472,14,,,1,60,,51477,14,,,1,20,,51473,14,,,1,20,,51474,14,,,1,60,,51475,14,,,1,21,,51476,14,,,1,19,,51487,14,,,1,15,,51488,14,,,1,55,,51489,14,,,1,15,,51490,14,,,1,15,,51491,14,,,1,15,,51492,14,,,1,55,,51493,14,,,1,15,,51494,14,,,1,15,,51495,14,,,1,70,,51485,14,,,1,29,,51486,14,,,1,65,,51496,14,,,1,30,,51497,14,,,1,70,,51498,14,,,1,30,,51499,14,,,1,70,,51500,14,,,1,30,,51501,14,,,1,69,,51502,14,,,1,40,,51484,14,,,1,100,,51483,14,,,1
51501,'515-Weekday-8-26-02-1111100',540,,51503,14,,,1,70,,51504,14,,,1,32,,51505,14,,,1,59,,51506,14,,,1,15,,51507,14,,,1,15,,51508,14,,,1,15,,51509,14,,,1,55,,51510,14,,,1,15,,51511,14,,,1,15,,51512,14,,,1,15,,51513,14,,,1,55,,51533,14,,,1,19,,51514,14,,,1,20,,51515,14,,,1,60,,51532,14,,,1,20,,51516,14,,,1,20,,51517,14,,,1,60,,51531,14,,,1,20,,51518,14,,,1,20,,51519,14,,,1,60,,51530,14,,,1,20,,51520,14,,,1,20,,51521,14,,,1,60,,51529,14,,,1,20,,51522,14,,,1,20,,51523,14,,,1,60,,51528,14,,,1,20,,51524,14,,,1,20,,51525,14,,,1,60,,51526,14,,,1,21,,51527,14,,,1,19,,51538,14,,,1,15,,51539,14,,,1,55,,51540,14,,,1,15,,51541,14,,,1,15,,51542,14,,,1,15,,51543,14,,,1,55,,51544,14,,,1,15,,51545,14,,,1,15,,51546,14,,,1,70,,51536,14,,,1,29,,51537,14,,,1,65,,51547,14,,,1,30,,51548,14,,,1,70,,51549,14,,,1,30,,51550,14,,,1,70,,51551,14,,,1,30,,51552,14,,,1,69,,51553,14,,,1,40,,51535,14,,,1,100,,51534,14,,,1
51501,'515-Weekday-9-26-02-1111100',540,,51554,14,,,1,70,,51555,14,,,1,32,,51556,14,,,1,59,,51557,14,,,1,15,,51558,14,,,1,15,,51559,14,,,1,15,,51560,14,,,1,55,,51561,14,,,1,15,,51562,14,,,1,5,,51605,14,,,1,10,,51563,14,,,1,15,,51564,14,,,1,55,,51584,14,,,1,19,,51565,14,,,1,20,,51566,14,,,1,60,,51583,14,,,1,20,,51567,14,,,1,20,,51568,14,,,1,60,,51582,14,,,1,20,,51569,14,,,1,20,,51570,14,,,1,60,,51581,14,,,1,20,,51571,14,,,1,20,,51572,14,,,1,60,,51580,14,,,1,20,,51573,14,,,1,20,,51574,14,,,1,60,,51579,14,,,1,20,,51575,14,,,1,20,,51576,14,,,1,60,,51577,14,,,1,21,,51578,14,,,1,19,,51589,14,,,1,15,,51590,14,,,1,55,,51591,14,,,1,15,,51592,14,,,1,15,,51593,14,,,1,15,,51594,14,,,1,55,,51595,14,,,1,15,,51596,14,,,1,15,,51597,14,,,1,70,,51587,14,,,1,29,,51588,14,,,1,65,,51598,14,,,1,30,,51599,14,,,1,70,,51600,14,,,1,30,,51601,14,,,1,70,,51602,14,,,1,30,,51603,14,,,1,69,,51604,14,,,1,40,,51586,14,,,1,100,,51585,14,,,1
51501,'515-Saturday-1-26-02-0000010',554,,51635,14,,,1,100,,51606,14,,,1,99,,51607,14,,,1,82,,51608,14,,,1,20,,51649,14,,,1,61,,51609,14,,,1,22,,51610,14,,,1,20,,51639,14,,,1,60,,51611,14,,,1,20,,51612,14,,,1,20,,51640,14,,,1,60,,51613,14,,,1,20,,51614,14,,,1,20,,51641,14,,,1,60,,51615,14,,,1,20,,51616,14,,,1,20,,51642,14,,,1,60,,51617,14,,,1,20,,51618,14,,,1,20,,51643,14,,,1,60,,51619,14,,,1,20,,51620,14,,,1,20,,51644,14,,,1,60,,51621,14,,,1,20,,51622,14,,,1,20,,51645,14,,,1,60,,51623,14,,,1,20,,51624,14,,,1,20,,51646,14,,,1,60,,51625,14,,,1,20,,51626,14,,,1,20,,51647,14,,,1,60,,51627,14,,,1,20,,51628,14,,,1,20,,51648,14,,,1,60,,51629,14,,,1,23,,51630,14,,,1,70,,51636,14,,,1,30,,51631,14,,,1,70,,51637,14,,,1,30,,51632,14,,,1,70,,51633,14,,,1,100,,51634,14,,,1,100,,51638,14,,,1
51501,'515-Sunday-1-26-02-0000001',554,,51650,14,,,1,100,,51651,14,,,1,100,,51652,14,,,1,100,,51653,14,,,1,100,,51654,14,,,1,65,,51680,14,,,1,20,,51655,14,,,1,20,,51656,14,,,1,60,,51681,14,,,1,20,,51657,14,,,1,20,,51658,14,,,1,60,,51682,14,,,1,20,,51659,14,,,1,20,,51660,14,,,1,60,,51683,14,,,1,20,,51661,14,,,1,20,,51662,14,,,1,60,,51684,14,,,1,20,,51663,14,,,1,20,,51664,14,,,1,60,,51685,14,,,1,20,,51666,14,,,1,20,,51667,14,,,1,60,,51686,14,,,1,20,,51668,14,,,1,62,,51665,14,,,1,20,,51687,14,,,1,20,,51669,14,,,1,60,,51670,14,,,1,20,,51688,14,,,1,20,,51671,14,,,1,60,,51689,14,,,1,20,,51672,14,,,1,20,,51673,14,,,1,70,,51678,14,,,1,30,,51674,14,,,1,70,,51679,14,,,1,100,,51675,14,,,1,100,,51676,14,,,1,100,,51677,14,,,1
63000,'630-Weekday-1-26-02-1111100',731,,60913,8,,,1
63000,'630-Weekday-2-26-02-1111100',731,,60914,8,,,1
63000,'630-Weekday-4-26-02-1111100',731,,60915,8,,,1
63000,'630-Weekday-5-26-02-1111100',731,,60916,8,,,1
63000,'630-Weekday-6-26-02-1111100',731,,60917,8,,,1
63000,'630-Weekday-8-26-02-1111100',731,,60918,8,,,1
63000,'630-Weekday-9-26-02-1111100',731,,60919,8,,,1
63500,'635-Weekday-1-26-02-0000100',919,,61058,8,,,1
63500,'635-Weekday-1-26-02-1111000',749,,61059,8,,,1
63500,'635-Weekday-2-26-02-0000100',919,,61060,8,,,1
63500,'635-Weekday-2-26-02-1111000',749,,61061,8,,,1
63500,'635-Weekday-4-26-02-1111000',749,,61062,8,,,1
63500,'635-Weekday-5-26-02-0000100',919,,61063,8,,,1
63500,'635-Weekday-5-26-02-1111000',749,,61064,8,,,1
63500,'635-Weekday-9-26-02-1111000',749,,61065,8,,,1
64400,'644-Weekday-1-26-02-1111100',1535,,61179,11,,,1
64400,'644-Weekday-2-26-02-1111100',1535,,61180,11,,,1
64400,'644-Weekday-4-26-02-1111100',1535,,61181,11,,,1
64400,'644-Weekday-5-26-02-1111100',1535,,61182,11,,,1
64400,'644-Weekday-9-26-02-1111100',1535,,61183,11,,,1
