10701,'107-Weekday-1-26-04-1111100',536,,119743,12,,,1,70,,119744,12,,,1,31,,119745,12,,,1,10,,119768,12,,,1,10,,119746,12,,,1,50,,119747,12,,,1,10,,119769,12,,,1,10,,119748,12,,,1,10,,119749,12,,,1,10,,119770,12,,,1,8,,119798,12,,,1,2,,119750,12,,,1,50,,119751,12,,,1,10,,119752,12,,,1,8,,119799,12,,,1,2,,119753,12,,,1,10,,119754,12,,,1,20,,119771,12,,,1,59,,119755,12,,,1,20,,119756,12,,,1,20,,119772,12,,,1,60,,119773,12,,,1,20,,119774,12,,,1,20,,119775,12,,,1,60,,119776,12,,,1,20,,119777,12,,,1,20,,119778,12,,,1,60,,119779,12,,,1,20,,119780,12,,,1,20,,119781,12,,,1,60,,119782,12,,,1,20,,119783,12,,,1,20,,119784,12,,,1,60,,119785,12,,,1,20,,119786,12,,,1,20,,119795,12,,,1,56,,119767,12,,,1,15,,119787,12,,,1,15,,119788,12,,,1,15,,119789,12,,,1,55,,119757,12,,,1,15,,119758,12,,,1,15,,119759,12,,,1,15,,119760,12,,,1,55,,119761,12,,,1,15,,119762,12,,,1,22,,119796,12,,,1,60,,119797,12,,,1,20,,119763,12,,,1,29,,119791,12,,,1,70,,119792,12,,,1,30,,119793,12,,,1,70,,119794,12,,,1,30,,119764,12,,,1,70,,119766,12,,,1,30,,119765,12,,,1,70,,119790,12,,,1
10701,'107-Weekday-2-26-04-1111100',536,,119800,12,,,1,70,,119801,12,,,1,31,,119802,12,,,1,10,,119825,12,,,1,10,,119803,12,,,1,50,,119804,12,,,1,10,,119826,12,,,1,10,,119805,12,,,1,10,,119806,12,,,1,10,,119827,12,,,1,8,,119855,12,,,1,2,,119807,12,,,1,50,,119808,12,,,1,10,,119809,12,,,1,8,,119856,12,,,1,2,,119810,12,,,1,10,,119811,12,,,1,20,,119828,12,,,1,59,,119812,12,,,1,20,,119813,12,,,1,20,,119829,12,,,1,60,,119830,12,,,1,20,,119831,12,,,1,20,,119832,12,,,1,60,,119833,12,,,1,20,,119834,12,,,1,20,,119835,12,,,1,60,,119836,12,,,1,20,,119837,12,,,1,20,,119838,12,,,1,60,,119839,12,,,1,20,,119840,12,,,1,20,,119841,12,,,1,60,,119842,12,,,1,20,,119843,12,,,1,20,,119852,12,,,1,56,,119824,12,,,1,15,,119844,12,,,1,15,,119845,12,,,1,15,,119846,12,,,1,55,,119814,12,,,1,15,,119815,12,,,1,15,,119816,12,,,1,15,,119817,12,,,1,55,,119818,12,,,1,15,,119819,12,,,1,22,,119853,12,,,1,60,,119854,12,,,1,20,,119820,12,,,1,29,,119848,12,,,1,70,,119849,12,,,1,30,,119850,12,,,1,70,,119851,12,,,1,30,,119821,12,,,1,70,,119823,12,,,1,30,,119822,12,,,1,70,,119847,12,,,1
10701,'107-Weekday-3-26-04-1111100',536,,119857,12,,,1,70,,119858,12,,,1,31,,119859,12,,,1,10,,119882,12,,,1,10,,119860,12,,,1,50,,119861,12,,,1,10,,119883,12,,,1,10,,119862,12,,,1,10,,119863,12,,,1,10,,119884,12,,,1,8,,119912,12,,,1,2,,119864,12,,,1,50,,119865,12,,,1,10,,119866,12,,,1,10,,119867,12,,,1,10,,119868,12,,,1,20,,119885,12,,,1,59,,119869,12,,,1,20,,119870,12,,,1,20,,119886,12,,,1,60,,119887,12,,,1,20,,119888,12,,,1,20,,119889,12,,,1,60,,119890,12,,,1,20,,119891,12,,,1,20,,119892,12,,,1,60,,119893,12,,,1,20,,119894,12,,,1,20,,119895,12,,,1,60,,119896,12,,,1,20,,119897,12,,,1,20,,119898,12,,,1,60,,119899,12,,,1,20,,119900,12,,,1,20,,119909,12,,,1,56,,119881,12,,,1,15,,119901,12,,,1,15,,119902,12,,,1,15,,119903,12,,,1,55,,119871,12,,,1,15,,119872,12,,,1,15,,119873,12,,,1,15,,119874,12,,,1,55,,119875,12,,,1,15,,119876,12,,,1,22,,119910,12,,,1,60,,119911,12,,,1,20,,119877,12,,,1,29,,119905,12,,,1,70,,119906,12,,,1,30,,119907,12,,,1,70,,119908,12,,,1,30,,119878,12,,,1,70,,119880,12,,,1,30,,119879,12,,,1,70,,119904,12,,,1
10701,'107-Saturday-1-26-04-0000010',759,,119913,12,,,1,70,,119914,12,,,1,30,,119915,12,,,1,71,,119916,12,,,1,70,,119917,12,,,1,30,,119918,12,,,1,70,,119919,12,,,1,30,,119920,12,,,1,70,,119921,12,,,1,30,,119922,12,,,1,70,,119923,12,,,1,30,,119924,12,,,1,70,,119925,12,,,1,30,,119926,12,,,1,70,,119927,12,,,1,30,,119928,12,,,1,70,,119929,12,,,1,30,,119930,12,,,1,70,,119931,12,,,1,29,,119932,12,,,1,30,,119933,12,,,1,70,,119934,12,,,1,30,,119935,12,,,1
10701,'107-Sunday-1-26-04-0000001',948,,119936,12,,,1,70,,119937,12,,,1,30,,119938,12,,,1,70,,119939,12,,,1,30,,119940,12,,,1,70,,119941,12,,,1,30,,119942,12,,,1,70,,119943,12,,,1,30,,119944,12,,,1,70,,119945,12,,,1,30,,119946,12,,,1,70,,119947,12,,,1,30,,119948,12,,,1,70,,119949,12,,,1,30,,119950,12,,,1,69,,119951,12,,,1,30,,119952,12,,,1,70,,119953,12,,,1,30,,119954,12,,,1,70,,119955,12,,,1
61200,'612-Weekday-1-26-04-0001000',1302,,131624,52,,,1
61200,'612-Weekday-1-26-04-1110100',1600,,131625,52,,,1
61200,'612-Weekday-3-26-04-0001000',1302,,131626,52,,,1
61200,'612-Weekday-3-26-04-1110100',1600,,131627,52,,,1
62000,'620-Weekday-1-26-04-0001000',1226,,131687,31,,,1
62000,'620-Weekday-1-26-04-1110100',1534,,131688,31,,,1
62000,'620-Weekday-1-26-04-1111100',1556,,131689,31,,,1,45,,131690,31,,,1
62000,'620-Weekday-2-26-04-1111100',1556,,131691,31,,,1,45,,131692,31,,,1
62000,'620-Weekday-3-26-04-0001000',1226,,131693,31,,,1
62000,'620-Weekday-3-26-04-1110100',1534,,131694,31,,,1
