50101,'501-Weekday-1-26-02-0001000',1437,,44096,31,,,1,2,,44097,31,,,1
50101,'501-Weekday-1-26-02-1110100',1531,,44098,31,,,1
50101,'501-Weekday-1-26-02-1111100',549,,44099,31,,,1,70,,44100,31,,,1,32,,44101,31,,,1,76,,44102,31,,,1,15,,44103,31,,,1,15,,44137,31,,,1,55,,44104,31,,,1,15,,44105,31,,,1,15,,44106,31,,,1,15,,44110,31,,,1,55,,44111,31,,,1,15,,44112,31,,,1,32,,44113,31,,,1,74,,44114,31,,,1,74,,44115,31,,,1,34,,44116,31,,,1,74,,44117,31,,,1,34,,44141,31,,,1,74,,44118,31,,,1,34,,44119,31,,,1,74,,44120,31,,,1,75,,44121,31,,,1,23,,44138,31,,,1,15,,44107,31,,,1,57,,44108,31,,,1,15,,44109,31,,,1,15,,44139,31,,,1,15,,44122,31,,,1,55,,44123,31,,,1,15,,44124,31,,,1,15,,44140,31,,,1,15,,44125,31,,,1,55,,44126,31,,,1,15,,44142,31,,,1,14,,44127,31,,,1,25,,44128,31,,,1,66,,44129,31,,,1,31,,44130,31,,,1,71,,44131,31,,,1,31,,44132,31,,,1,71,,44133,31,,,1,31,,44134,31,,,1,69,,44143,31,,,1,100,,44136,31,,,1,100,,44135,31,,,1
50101,'501-Weekday-10-26-02-0001000',1437,,44144,31,,,1,2,,44145,31,,,1
50101,'501-Weekday-10-26-02-1111100',549,,44146,31,,,1,70,,44147,31,,,1,32,,44148,31,,,1,76,,44149,31,,,1,15,,44150,31,,,1,15,,44184,31,,,1,55,,44151,31,,,1,15,,44152,31,,,1,15,,44153,31,,,1,15,,44157,31,,,1,55,,44158,31,,,1,15,,44159,31,,,1,32,,44160,31,,,1,74,,44161,31,,,1,74,,44162,31,,,1,34,,44163,31,,,1,74,,44164,31,,,1,34,,44188,31,,,1,74,,44165,31,,,1,34,,44166,31,,,1,74,,44167,31,,,1,75,,44168,31,,,1,23,,44185,31,,,1,15,,44154,31,,,1,57,,44155,31,,,1,15,,44156,31,,,1,15,,44186,31,,,1,15,,44169,31,,,1,55,,44170,31,,,1,15,,44171,31,,,1,15,,44187,31,,,1,15,,44172,31,,,1,55,,44173,31,,,1,15,,44189,31,,,1,14,,44174,31,,,1,25,,44175,31,,,1,66,,44176,31,,,1,31,,44177,31,,,1,71,,44178,31,,,1,31,,44179,31,,,1,71,,44180,31,,,1,31,,44181,31,,,1,69,,44190,31,,,1,100,,44183,31,,,1,100,,44182,31,,,1
50101,'501-Weekday-4-26-02-1111100',549,,44239,31,,,1,70,,44240,31,,,1,32,,44241,31,,,1,76,,44242,31,,,1,15,,44243,31,,,1,15,,44277,31,,,1,55,,44244,31,,,1,15,,44245,31,,,1,15,,44246,31,,,1,15,,44250,31,,,1,55,,44251,31,,,1,15,,44252,31,,,1,32,,44253,31,,,1,74,,44254,31,,,1,74,,44255,31,,,1,34,,44256,31,,,1,74,,44257,31,,,1,34,,44281,31,,,1,74,,44258,31,,,1,34,,44259,31,,,1,74,,44260,31,,,1,75,,44261,31,,,1,23,,44278,31,,,1,15,,44247,31,,,1,57,,44248,31,,,1,15,,44249,31,,,1,15,,44279,31,,,1,15,,44262,31,,,1,55,,44263,31,,,1,15,,44264,31,,,1,15,,44280,31,,,1,15,,44265,31,,,1,55,,44266,31,,,1,15,,44282,31,,,1,14,,44267,31,,,1,25,,44268,31,,,1,66,,44269,31,,,1,31,,44270,31,,,1,71,,44271,31,,,1,31,,44272,31,,,1,71,,44273,31,,,1,31,,44274,31,,,1,69,,44283,31,,,1,100,,44276,31,,,1,100,,44275,31,,,1
50101,'501-Weekday-5-26-02-0001000',1437,,44284,31,,,1,2,,44285,31,,,1
50101,'501-Weekday-5-26-02-1110100',1531,,44286,31,,,1
50101,'501-Weekday-5-26-02-1111100',549,,44287,31,,,1,70,,44288,31,,,1,32,,44289,31,,,1,76,,44290,31,,,1,15,,44291,31,,,1,15,,44325,31,,,1,55,,44292,31,,,1,15,,44293,31,,,1,15,,44294,31,,,1,15,,44298,31,,,1,55,,44299,31,,,1,15,,44300,31,,,1,32,,44301,31,,,1,74,,44302,31,,,1,74,,44303,31,,,1,34,,44304,31,,,1,74,,44305,31,,,1,34,,44329,31,,,1,74,,44306,31,,,1,34,,44307,31,,,1,74,,44308,31,,,1,75,,44309,31,,,1,23,,44326,31,,,1,15,,44295,31,,,1,57,,44296,31,,,1,15,,44297,31,,,1,15,,44327,31,,,1,15,,44310,31,,,1,55,,44311,31,,,1,15,,44312,31,,,1,15,,44328,31,,,1,15,,44313,31,,,1,55,,44314,31,,,1,15,,44330,31,,,1,14,,44315,31,,,1,25,,44316,31,,,1,66,,44317,31,,,1,31,,44318,31,,,1,71,,44319,31,,,1,31,,44320,31,,,1,71,,44321,31,,,1,31,,44322,31,,,1,69,,44331,31,,,1,100,,44324,31,,,1,100,,44323,31,,,1
50101,'501-Weekday-7-26-02-1111100',549,,44377,31,,,1,70,,44378,31,,,1,32,,44379,31,,,1,76,,44380,31,,,1,15,,44381,31,,,1,15,,44415,31,,,1,55,,44382,31,,,1,15,,44383,31,,,1,15,,44384,31,,,1,15,,44388,31,,,1,55,,44389,31,,,1,15,,44390,31,,,1,32,,44391,31,,,1,74,,44392,31,,,1,74,,44393,31,,,1,34,,44394,31,,,1,74,,44395,31,,,1,34,,44419,31,,,1,74,,44396,31,,,1,34,,44397,31,,,1,74,,44398,31,,,1,75,,44399,31,,,1,23,,44416,31,,,1,15,,44385,31,,,1,57,,44386,31,,,1,15,,44387,31,,,1,15,,44417,31,,,1,15,,44400,31,,,1,55,,44401,31,,,1,15,,44402,31,,,1,15,,44418,31,,,1,15,,44403,31,,,1,55,,44404,31,,,1,15,,44420,31,,,1,14,,44405,31,,,1,25,,44406,31,,,1,66,,44407,31,,,1,31,,44408,31,,,1,71,,44409,31,,,1,31,,44410,31,,,1,71,,44411,31,,,1,31,,44412,31,,,1,69,,44421,31,,,1,100,,44414,31,,,1,100,,44413,31,,,1
50101,'501-Saturday-1-26-02-0000010',617,,44538,31,,,1,30,,44535,31,,,1,70,,44536,31,,,1,30,,44537,31,,,1,70,,44513,31,,,1,30,,44514,31,,,1,72,,44515,31,,,1,32,,44516,31,,,1,72,,44517,31,,,1,32,,44518,31,,,1,72,,44519,31,,,1,32,,44520,31,,,1,72,,44521,31,,,1,72,,44522,31,,,1,32,,44523,31,,,1,72,,44524,31,,,1,32,,44525,31,,,1,72,,44526,31,,,1,32,,44527,31,,,1,72,,44528,31,,,1,32,,44529,31,,,1,72,,44530,31,,,1,32,,44531,31,,,1,72,,44533,31,,,1,32,,44532,31,,,1,72,,44534,31,,,1
50101,'501-Sunday-1-26-02-0000001',625,,44539,31,,,1,30,,44540,31,,,1,70,,44541,31,,,1,30,,44542,31,,,1,70,,44543,31,,,1,30,,44544,31,,,1,70,,44545,31,,,1,32,,44546,31,,,1,70,,44547,31,,,1,30,,44548,31,,,1,70,,44549,31,,,1,30,,44550,31,,,1,70,,44551,31,,,1,30,,44552,31,,,1,70,,44553,31,,,1,30,,44554,31,,,1,70,,44555,31,,,1,30,,44556,31,,,1,70,,44557,31,,,1,30,,44558,31,,,1,70,,44559,31,,,1,30,,44560,31,,,1,70,,44561,31,,,1,30,,44562,31,,,1,70,,44563,31,,,1,30,,44564,31,,,1,70,,44565,31,,,1
65600,'656-Weekday-1-26-02-1111100',1550,,61320,18,,,1,2,,61321,18,,,1
65600,'656-Weekday-5-26-02-1111100',1550,,61326,18,,,1,2,,61327,18,,,1
65600,'656-Weekday-9-26-02-1111100',1550,,61328,18,,,1,2,,61329,18,,,1
65601,'656-Weekday-1-26-02-1111100',804,,61330,10,,,1,5,,61331,10,,,1
65601,'656-Weekday-5-26-02-1111100',804,,61336,10,,,1,5,,61337,10,,,1
65601,'656-Weekday-9-26-02-1111100',804,,61338,10,,,1,5,,61339,10,,,1
