63000,'630-Weekday-1-26-02-1111100',806,,112423,,,1
63000,'630-Weekday-2-26-02-1111100',806,,112424,,,1
63000,'630-Weekday-4-26-02-1111100',806,,112425,,,1
63000,'630-Weekday-5-26-02-1111100',806,,112426,,,1
63000,'630-Weekday-6-26-02-1111100',806,,112427,,,1
63000,'630-Weekday-8-26-02-1111100',806,,112428,,,1
63100,'631-Weekday-1-26-02-1111100',807,,112441,,,1
63100,'631-Weekday-2-26-02-1111100',807,,112442,,,1
63100,'631-Weekday-4-26-02-1111100',807,,112443,,,1
63100,'631-Weekday-5-26-02-1111100',807,,112444,,,1
63100,'631-Weekday-6-26-02-1111100',807,,112445,,,1
63100,'631-Weekday-8-26-02-1111100',807,,112446,,,1
63200,'632-Weekday-1-26-02-1111100',804,,112459,,,1
63200,'632-Weekday-2-26-02-1111100',804,,112460,,,1
63200,'632-Weekday-4-26-02-1111100',804,,112461,,,1
63200,'632-Weekday-5-26-02-1111100',804,,112462,,,1
63200,'632-Weekday-6-26-02-1111100',804,,112463,,,1
63200,'632-Weekday-8-26-02-1111100',804,,112464,,,1
63700,'637-Weekday-1-26-02-1111100',845,,112573,4,,1
63700,'637-Weekday-2-26-02-1111100',845,,112574,4,,1
63700,'637-Weekday-4-26-02-1111100',845,,112575,4,,1
63700,'637-Weekday-5-26-02-1111100',845,,112576,4,,1
