10700,'107-Weekday-1-26-02-1111100',533,,30584,21,,,1,70,,30585,21,,,1,31,,30586,21,,,1,17,,30587,21,,,1,55,,30588,21,,,1,15,,30589,21,,,1,15,,30590,21,,,1,15,,30591,21,,,1,55,,30592,21,,,1,15,,30593,21,,,1,15,,30594,21,,,1,20,,30595,21,,,1,60,,30596,21,,,1,20,,30597,21,,,1,20,,30598,21,,,1,60,,30599,21,,,1,20,,30600,21,,,1,20,,30601,21,,,1,60,,30602,21,,,1,20,,30603,21,,,1,20,,30604,21,,,1,60,,30605,21,,,1,20,,30606,21,,,1,20,,30607,21,,,1,60,,30608,21,,,1,20,,30609,21,,,1,20,,30610,21,,,1,60,,30611,21,,,1,20,,30612,21,,,1,20,,30640,21,,,1,52,,30632,21,,,1,10,,30613,21,,,1,10,,30614,21,,,1,10,,30633,21,,,1,2,,30639,21,,,1,8,,30615,21,,,1,10,,30616,21,,,1,50,,30634,21,,,1,10,,30617,21,,,1,10,,30618,21,,,1,10,,30635,21,,,1,10,,30619,21,,,1,10,,30620,21,,,1,50,,30631,21,,,1,10,,30621,21,,,1,10,,30636,21,,,1,20,,30637,21,,,1,60,,30638,21,,,1,20,,30623,21,,,1,27,,30624,21,,,1,70,,30625,21,,,1,30,,30626,21,,,1,70,,30627,21,,,1,30,,30628,21,,,1,70,,30629,21,,,1,30,,30630,21,,,1,70,,30622,21,,,1
10700,'107-Weekday-10-26-02-1111100',533,,30641,21,,,1,70,,30642,21,,,1,31,,30643,21,,,1,17,,30644,21,,,1,55,,30645,21,,,1,15,,30646,21,,,1,15,,30647,21,,,1,15,,30648,21,,,1,55,,30649,21,,,1,15,,30650,21,,,1,15,,30651,21,,,1,20,,30652,21,,,1,60,,30653,21,,,1,20,,30654,21,,,1,20,,30655,21,,,1,60,,30656,21,,,1,20,,30657,21,,,1,20,,30658,21,,,1,60,,30659,21,,,1,20,,30660,21,,,1,20,,30661,21,,,1,60,,30662,21,,,1,20,,30663,21,,,1,20,,30664,21,,,1,60,,30665,21,,,1,20,,30666,21,,,1,20,,30667,21,,,1,60,,30668,21,,,1,20,,30669,21,,,1,20,,30697,21,,,1,52,,30689,21,,,1,10,,30670,21,,,1,10,,30671,21,,,1,10,,30690,21,,,1,2,,30696,21,,,1,8,,30672,21,,,1,10,,30673,21,,,1,50,,30691,21,,,1,10,,30674,21,,,1,10,,30675,21,,,1,10,,30692,21,,,1,10,,30676,21,,,1,10,,30677,21,,,1,50,,30688,21,,,1,10,,30678,21,,,1,10,,30693,21,,,1,20,,30694,21,,,1,60,,30695,21,,,1,20,,30680,21,,,1,27,,30681,21,,,1,70,,30682,21,,,1,30,,30683,21,,,1,70,,30684,21,,,1,30,,30685,21,,,1,70,,30686,21,,,1,30,,30687,21,,,1,70,,30679,21,,,1
10700,'107-Weekday-11-26-02-1111100',533,,112136,21,,,1,70,,112137,21,,,1,31,,112138,21,,,1,17,,112139,21,,,1,55,,112140,21,,,1,15,,112141,21,,,1,15,,112142,21,,,1,15,,112143,21,,,1,55,,112144,21,,,1,15,,112145,21,,,1,15,,112146,21,,,1,20,,112147,21,,,1,60,,112148,21,,,1,20,,112149,21,,,1,20,,112150,21,,,1,60,,112151,21,,,1,20,,112152,21,,,1,20,,112153,21,,,1,60,,112154,21,,,1,20,,112155,21,,,1,20,,112156,21,,,1,60,,112157,21,,,1,20,,112158,21,,,1,20,,112159,21,,,1,60,,112160,21,,,1,20,,112161,21,,,1,20,,112162,21,,,1,60,,112163,21,,,1,20,,112164,21,,,1,20,,112192,21,,,1,52,,112184,21,,,1,10,,112165,21,,,1,10,,112166,21,,,1,10,,112185,21,,,1,2,,112191,21,,,1,8,,112167,21,,,1,10,,112168,21,,,1,50,,112186,21,,,1,10,,112169,21,,,1,10,,112170,21,,,1,10,,112187,21,,,1,10,,112171,21,,,1,10,,112172,21,,,1,50,,112183,21,,,1,10,,112173,21,,,1,10,,112188,21,,,1,20,,112189,21,,,1,60,,112190,21,,,1,20,,112175,21,,,1,27,,112176,21,,,1,70,,112177,21,,,1,30,,112178,21,,,1,70,,112179,21,,,1,30,,112180,21,,,1,70,,112181,21,,,1,30,,112182,21,,,1,70,,112174,21,,,1
10700,'107-Saturday-1-26-02-0000010',827,,31093,21,,,1,28,,31094,21,,,1,70,,31095,21,,,1,30,,31096,21,,,1,70,,31097,21,,,1,30,,31098,21,,,1,70,,31099,21,,,1,30,,31100,21,,,1,70,,31101,21,,,1,30,,31102,21,,,1,70,,31103,21,,,1,30,,31104,21,,,1,70,,31105,21,,,1,30,,31106,21,,,1,70,,31107,21,,,1,30,,31108,21,,,1,70,,31109,21,,,1,32,,31110,21,,,1,70,,31111,21,,,1,30,,31112,21,,,1,70,,31113,21,,,1,30,,31114,21,,,1,70,,31115,21,,,1
10700,'107-Sunday-2-26-02-0000001',1014,,112193,21,,,1,30,,112194,21,,,1,70,,112195,21,,,1,30,,112196,21,,,1,70,,112197,21,,,1,30,,112198,21,,,1,70,,112199,21,,,1,30,,112200,21,,,1,70,,112201,21,,,1,30,,112202,21,,,1,70,,112203,21,,,1,30,,112204,21,,,1,70,,112205,21,,,1,30,,112206,21,,,1,71,,112207,21,,,1,30,,112208,21,,,1,70,,112209,21,,,1,30,,112210,21,,,1,70,,112211,21,,,1
62601,'626-Weekday-1-26-02-1111100',721,,60869,9,,,1,2,,60870,9,,,1,8,,60871,9,,,1,3,,60872,9,,,1
62601,'626-Weekday-10-26-02-1111100',721,,116740,9,,,1,2,,116741,9,,,1,8,,116742,9,,,1,3,,116743,9,,,1
62601,'626-Weekday-9-26-02-1111100',721,,60889,9,,,1,2,,60890,9,,,1,8,,60891,9,,,1,3,,60892,9,,,1
62800,'628-Weekday-1-26-02-1111100',1525,,60903,13,,,1
62800,'628-Weekday-10-26-02-1111100',1525,,116746,13,,,1
62800,'628-Weekday-9-26-02-1111100',1525,,60907,13,,,1
