65801,'658-Weekday-1-26-02-1111100',758,,61378,21,,,1,42,,61379,21,,,1
65801,'658-Weekday-10-26-02-1111100',758,,116823,21,,,1,42,,116824,21,,,1
65801,'658-Weekday-9-26-02-1111100',758,,61388,21,,,1,42,,61389,21,,,1
66401,'664-Weekday-1-26-02-1111100',757,,61600,15,,,1
66401,'664-Weekday-10-26-02-1111100',757,,116856,15,,,1
66401,'664-Weekday-9-26-02-1111100',757,,61613,15,,,1
72100,'721-Weekday-1-26-02-0001000',1428,,77274,2,,,1
72100,'721-Weekday-1-26-02-1110100',1511,,77275,2,,,1,3,,77276,2,,,1
72100,'721-Weekday-1-26-02-1111100',501,,77331,8,,,1,20,,77332,8,,,1,20,,77333,8,,,1,60,,77334,8,,,1,18,,77277,2,,,1,11,,77335,8,,,1,10,,77278,2,,,1,9,,77344,8,,,1,8,,77336,8,,,1,47,,77279,2,,,1,8,,77337,8,,,1,7,,77280,2,,,1,8,,77338,8,,,1,7,,77281,2,,,1,8,,77339,8,,,1,7,,77282,2,,,1,8,,77340,8,,,1,47,,77283,2,,,1,8,,77341,8,,,1,7,,77284,2,,,1,8,,77342,8,,,1,7,,77285,2,,,1,8,,77343,8,,,1,7,,77286,2,,,1,55,,77287,2,,,1,14,,77288,2,,,1,20,,77289,2,,,1,20,,77290,2,,,1,60,,77291,2,,,1,20,,77292,2,,,1,20,,77293,2,,,1,60,,77294,2,,,1,20,,77295,2,,,1,20,,77296,2,,,1,60,,77297,2,,,1,20,,77298,2,,,1,20,,77299,2,,,1,60,,77300,2,,,1,20,,77301,2,,,1,20,,77302,2,,,1,60,,77303,2,,,1,20,,77304,2,,,1,20,,77305,2,,,1,63,,77306,2,,,1,22,,77322,2,,,1,60,,77323,2,,,1,20,,77324,2,,,1,20,,77325,2,,,1,60,,77326,2,,,1,20,,77327,2,,,1,20,,77328,2,,,1,60,,77329,2,,,1,20,,77330,2,,,1,20,,77345,2,,,1,57,,77307,2,,,1,20,,77308,2,,,1,20,,77309,2,,,1,60,,77310,2,,,1,20,,77311,2,,,1,20,,77312,2,,,1,60,,77313,2,,,1,20,,77314,2,,,1,20,,77315,2,,,1,60,,77316,2,,,1,30,,77317,2,,,1,70,,77318,2,,,1,30,,77319,2,,,1,70,,77320,2,,,1,30,,77321,2,,,1
72100,'721-Weekday-10-26-02-0001000',1428,,77346,2,,,1
72100,'721-Weekday-10-26-02-1111100',501,,77401,8,,,1,20,,77402,8,,,1,20,,77403,8,,,1,60,,77404,8,,,1,18,,77347,2,,,1,11,,77405,8,,,1,10,,77348,2,,,1,9,,77414,8,,,1,8,,77406,8,,,1,47,,77349,2,,,1,8,,77407,8,,,1,7,,77350,2,,,1,8,,77408,8,,,1,7,,77351,2,,,1,8,,77409,8,,,1,7,,77352,2,,,1,8,,77410,8,,,1,47,,77353,2,,,1,8,,77411,8,,,1,7,,77354,2,,,1,8,,77412,8,,,1,7,,77355,2,,,1,8,,77413,8,,,1,7,,77356,2,,,1,55,,77357,2,,,1,14,,77358,2,,,1,20,,77359,2,,,1,20,,77360,2,,,1,60,,77361,2,,,1,20,,77362,2,,,1,20,,77363,2,,,1,60,,77364,2,,,1,20,,77365,2,,,1,20,,77366,2,,,1,60,,77367,2,,,1,20,,77368,2,,,1,20,,77369,2,,,1,60,,77370,2,,,1,20,,77371,2,,,1,20,,77372,2,,,1,60,,77373,2,,,1,20,,77374,2,,,1,20,,77375,2,,,1,63,,77376,2,,,1,22,,77392,2,,,1,60,,77393,2,,,1,20,,77394,2,,,1,20,,77395,2,,,1,60,,77396,2,,,1,20,,77397,2,,,1,20,,77398,2,,,1,60,,77399,2,,,1,20,,77400,2,,,1,20,,77415,2,,,1,57,,77377,2,,,1,20,,77378,2,,,1,20,,77379,2,,,1,60,,77380,2,,,1,20,,77381,2,,,1,20,,77382,2,,,1,60,,77383,2,,,1,20,,77384,2,,,1,20,,77385,2,,,1,60,,77386,2,,,1,30,,77387,2,,,1,70,,77388,2,,,1,30,,77389,2,,,1,70,,77390,2,,,1,30,,77391,2,,,1
72100,'721-Weekday-11-26-02-1110100',1511,,119187,2,,,1,3,,119188,2,,,1
72100,'721-Weekday-11-26-02-1111100',501,,119243,8,,,1,20,,119244,8,,,1,20,,119245,8,,,1,60,,119246,8,,,1,18,,119189,2,,,1,11,,119247,8,,,1,10,,119190,2,,,1,9,,119256,8,,,1,8,,119248,8,,,1,47,,119191,2,,,1,8,,119249,8,,,1,7,,119192,2,,,1,8,,119250,8,,,1,7,,119193,2,,,1,8,,119251,8,,,1,7,,119194,2,,,1,8,,119252,8,,,1,47,,119195,2,,,1,8,,119253,8,,,1,7,,119196,2,,,1,8,,119254,8,,,1,7,,119197,2,,,1,8,,119255,8,,,1,7,,119198,2,,,1,55,,119199,2,,,1,14,,119200,2,,,1,20,,119201,2,,,1,20,,119202,2,,,1,60,,119203,2,,,1,20,,119204,2,,,1,20,,119205,2,,,1,60,,119206,2,,,1,20,,119207,2,,,1,20,,119208,2,,,1,60,,119209,2,,,1,20,,119210,2,,,1,20,,119211,2,,,1,60,,119212,2,,,1,20,,119213,2,,,1,20,,119214,2,,,1,60,,119215,2,,,1,20,,119216,2,,,1,20,,119217,2,,,1,63,,119218,2,,,1,22,,119234,2,,,1,60,,119235,2,,,1,20,,119236,2,,,1,20,,119237,2,,,1,60,,119238,2,,,1,20,,119239,2,,,1,20,,119240,2,,,1,60,,119241,2,,,1,20,,119242,2,,,1,20,,119257,2,,,1,57,,119219,2,,,1,20,,119220,2,,,1,20,,119221,2,,,1,60,,119222,2,,,1,20,,119223,2,,,1,20,,119224,2,,,1,60,,119225,2,,,1,20,,119226,2,,,1,20,,119227,2,,,1,60,,119228,2,,,1,30,,119229,2,,,1,70,,119230,2,,,1,30,,119231,2,,,1,70,,119232,2,,,1,30,,119233,2,,,1
72100,'721-Saturday-1-26-02-0000010',546,,77954,8,,,1,70,,77907,8,,,1,30,,77908,8,,,1,70,,77909,8,,,1,30,,77910,8,,,1,70,,77911,8,,,1,25,,77912,8,,,1,60,,77913,8,,,1,22,,77914,8,,,1,20,,77915,8,,,1,60,,77916,8,,,1,20,,77917,8,,,1,20,,77918,8,,,1,60,,77919,8,,,1,20,,77920,8,,,1,20,,77921,8,,,1,60,,77922,8,,,1,20,,77923,8,,,1,20,,77924,8,,,1,60,,77925,8,,,1,20,,77926,8,,,1,20,,77927,8,,,1,60,,77928,8,,,1,20,,77929,8,,,1,20,,77930,8,,,1,60,,77931,8,,,1,20,,77932,8,,,1,20,,77933,8,,,1,60,,77934,8,,,1,20,,77935,8,,,1,20,,77936,8,,,1,60,,77937,8,,,1,20,,77938,8,,,1,20,,77939,8,,,1,60,,77940,8,,,1,20,,77941,8,,,1,20,,77942,8,,,1,60,,77943,8,,,1,30,,77944,8,,,1,70,,77945,8,,,1,30,,77946,8,,,1,70,,77947,8,,,1,30,,77948,8,,,1,70,,77949,8,,,1,30,,77950,8,,,1,70,,77951,8,,,1,30,,77952,8,,,1,70,,77955,8,,,1
72100,'721-Sunday-2-26-02-0000001',607,,119295,8,,,1,30,,119258,8,,,1,70,,119259,8,,,1,30,,119260,8,,,1,70,,119261,8,,,1,30,,119262,8,,,1,69,,119263,8,,,1,30,,119264,8,,,1,70,,119265,8,,,1,30,,119266,8,,,1,70,,119267,8,,,1,30,,119269,8,,,1,70,,119270,8,,,1,30,,119271,8,,,1,67,,119268,8,,,1,30,,119272,8,,,1,70,,119273,8,,,1,30,,119274,8,,,1,70,,119275,8,,,1,30,,119276,8,,,1,70,,119277,8,,,1,30,,119278,8,,,1,70,,119279,8,,,1,31,,119280,8,,,1,70,,119281,8,,,1,30,,119282,8,,,1,70,,119283,8,,,1,30,,119284,8,,,1,70,,119285,8,,,1,30,,119286,8,,,1,70,,119287,8,,,1,30,,119288,8,,,1,70,,119289,8,,,1,30,,119290,8,,,1,70,,119291,8,,,1,30,,119292,8,,,1,70,,119293,8,,,1,30,,119294,8,,,1
