62501,'625-Weekday-1-26-02-1111100',716,,60830,3,,,1,7,,60831,3,,,1
62501,'625-Weekday-2-26-02-1111100',716,,60832,3,,,1,7,,60833,3,,,1
62501,'625-Weekday-5-26-02-1111100',716,,60834,3,,,1,7,,60835,3,,,1
62501,'625-Weekday-6-26-02-1111100',716,,60836,3,,,1,7,,60837,3,,,1
62501,'625-Weekday-8-26-02-1111100',716,,60838,3,,,1,7,,60839,3,,,1
62501,'625-Weekday-9-26-02-1111100',716,,60840,3,,,1,7,,60841,3,,,1
24014001,'140X-Weekday-1-26-02-1111100',601,,102977,4,,,1,20,,102982,4,,,1,20,,102976,4,,,1,60,,102978,4,,,1,20,,102979,4,,,1,20,,102980,4,,,1,60,,102981,4,,,1,20,,102983,4,,,1
24014001,'140X-Weekday-10-26-02-1111100',601,,102985,4,,,1,20,,102990,4,,,1,20,,102984,4,,,1,60,,102986,4,,,1,20,,102987,4,,,1,20,,102988,4,,,1,60,,102989,4,,,1,20,,102991,4,,,1
24014001,'140X-Weekday-2-26-02-1111100',601,,102993,4,,,1,20,,102998,4,,,1,20,,102992,4,,,1,60,,102994,4,,,1,20,,102995,4,,,1,20,,102996,4,,,1,60,,102997,4,,,1,20,,102999,4,,,1
24014001,'140X-Weekday-4-26-02-1111100',601,,103001,4,,,1,20,,103006,4,,,1,20,,103000,4,,,1,60,,103002,4,,,1,20,,103003,4,,,1,20,,103004,4,,,1,60,,103005,4,,,1,20,,103007,4,,,1
24014001,'140X-Weekday-5-26-02-1111100',601,,103009,4,,,1,20,,103014,4,,,1,20,,103008,4,,,1,60,,103010,4,,,1,20,,103011,4,,,1,20,,103012,4,,,1,60,,103013,4,,,1,20,,103015,4,,,1
24014001,'140X-Weekday-6-26-02-1111100',601,,103017,4,,,1,20,,103022,4,,,1,20,,103016,4,,,1,60,,103018,4,,,1,20,,103019,4,,,1,20,,103020,4,,,1,60,,103021,4,,,1,20,,103023,4,,,1
24014001,'140X-Weekday-7-26-02-1111100',601,,103025,4,,,1,20,,103030,4,,,1,20,,103024,4,,,1,60,,103026,4,,,1,20,,103027,4,,,1,20,,103028,4,,,1,60,,103029,4,,,1,20,,103031,4,,,1
24014001,'140X-Weekday-8-26-02-1111100',601,,103033,4,,,1,20,,103038,4,,,1,20,,103032,4,,,1,60,,103034,4,,,1,20,,103035,4,,,1,20,,103036,4,,,1,60,,103037,4,,,1,20,,103039,4,,,1
24014001,'140X-Weekday-9-26-02-1111100',601,,103041,4,,,1,20,,103046,4,,,1,20,,103040,4,,,1,60,,103042,4,,,1,20,,103043,4,,,1,20,,103044,4,,,1,60,,103045,4,,,1,20,,103047,4,,,1
