12400,'124-Weekday-1-26-02-1111100',556,,42396,33,,,1,70,,42397,33,,,1,33,,42436,33,,,1,55,,42398,33,,,1,15,,42439,33,,,1,15,,42399,33,,,1,15,,42400,33,,,1,55,,42401,33,,,1,15,,42402,33,,,1,15,,42403,33,,,1,15,,42416,33,,,1,70,,42404,33,,,1,30,,42405,33,,,1,70,,42406,33,,,1,30,,42407,33,,,1,70,,42408,33,,,1,30,,42409,33,,,1,70,,42410,33,,,1,30,,42411,33,,,1,70,,42412,33,,,1,30,,42413,33,,,1,70,,42414,33,,,1,30,,42415,33,,,1,74,,42438,33,,,1,8,,42440,33,,,1,7,,42417,33,,,1,55,,42437,33,,,1,15,,42418,33,,,1,15,,42419,33,,,1,15,,42420,33,,,1,55,,42435,33,,,1,15,,42421,33,,,1,15,,42422,33,,,1,15,,42423,33,,,1,55,,42424,33,,,1,29,,42425,33,,,1,27,,42426,33,,,1,70,,42427,33,,,1,30,,42428,33,,,1,70,,42429,33,,,1,30,,42430,33,,,1,70,,42431,33,,,1,30,,42432,33,,,1,70,,42433,33,,,1,100,,42434,33,,,1
12400,'124-Weekday-10-26-02-1111100',556,,42441,33,,,1,70,,42442,33,,,1,33,,42481,33,,,1,55,,42443,33,,,1,15,,42484,33,,,1,15,,42444,33,,,1,15,,42445,33,,,1,55,,42446,33,,,1,15,,42447,33,,,1,15,,42448,33,,,1,15,,42461,33,,,1,70,,42449,33,,,1,30,,42450,33,,,1,70,,42451,33,,,1,30,,42452,33,,,1,70,,42453,33,,,1,30,,42454,33,,,1,70,,42455,33,,,1,30,,42456,33,,,1,70,,42457,33,,,1,30,,42458,33,,,1,70,,42459,33,,,1,30,,42460,33,,,1,74,,42483,33,,,1,8,,42485,33,,,1,7,,42462,33,,,1,55,,42482,33,,,1,15,,42463,33,,,1,15,,42464,33,,,1,15,,42465,33,,,1,55,,42480,33,,,1,15,,42466,33,,,1,15,,42467,33,,,1,15,,42468,33,,,1,55,,42469,33,,,1,29,,42470,33,,,1,27,,42471,33,,,1,70,,42472,33,,,1,30,,42473,33,,,1,70,,42474,33,,,1,30,,42475,33,,,1,70,,42476,33,,,1,30,,42477,33,,,1,70,,42478,33,,,1,100,,42479,33,,,1
12400,'124-Weekday-11-26-02-1111100',556,,113926,33,,,1,70,,113927,33,,,1,33,,113966,33,,,1,55,,113928,33,,,1,15,,113969,33,,,1,15,,113929,33,,,1,15,,113930,33,,,1,55,,113931,33,,,1,15,,113932,33,,,1,15,,113933,33,,,1,15,,113946,33,,,1,70,,113934,33,,,1,30,,113935,33,,,1,70,,113936,33,,,1,30,,113937,33,,,1,70,,113938,33,,,1,30,,113939,33,,,1,70,,113940,33,,,1,30,,113941,33,,,1,70,,113942,33,,,1,30,,113943,33,,,1,70,,113944,33,,,1,30,,113945,33,,,1,74,,113968,33,,,1,8,,113970,33,,,1,7,,113947,33,,,1,55,,113967,33,,,1,15,,113948,33,,,1,15,,113949,33,,,1,15,,113950,33,,,1,55,,113965,33,,,1,15,,113951,33,,,1,15,,113952,33,,,1,15,,113953,33,,,1,55,,113954,33,,,1,29,,113955,33,,,1,27,,113956,33,,,1,70,,113957,33,,,1,30,,113958,33,,,1,70,,113959,33,,,1,30,,113960,33,,,1,70,,113961,33,,,1,30,,113962,33,,,1,70,,113963,33,,,1,100,,113964,33,,,1
12400,'124-Saturday-1-26-02-0000010',812,,42797,33,,,1,30,,42798,33,,,1,71,,42799,33,,,1,30,,42800,33,,,1,70,,42801,33,,,1,30,,42802,33,,,1,70,,42803,33,,,1,30,,42804,33,,,1,70,,42805,33,,,1,30,,42806,33,,,1,70,,42807,33,,,1,30,,42808,33,,,1,70,,42809,33,,,1,30,,42810,33,,,1,70,,42811,33,,,1,30,,42812,33,,,1,70,,42813,33,,,1,30,,42814,33,,,1,69,,42815,33,,,1,30,,42816,33,,,1,70,,42817,33,,,1,30,,42818,33,,,1,70,,42819,33,,,1
12400,'124-Sunday-2-26-02-0000001',1026,,113971,33,,,1,30,,113972,33,,,1,70,,113973,33,,,1,30,,113974,33,,,1,70,,113975,33,,,1,30,,113976,33,,,1,70,,113977,33,,,1,30,,113978,33,,,1,70,,113979,33,,,1,30,,113980,33,,,1,70,,113981,33,,,1,30,,113982,33,,,1,70,,113983,33,,,1,31,,113984,33,,,1,70,,113985,33,,,1,30,,113986,33,,,1,70,,113987,33,,,1,30,,113988,33,,,1,70,,113989,33,,,1
62500,'625-Weekday-1-26-02-0001000',1242,,60821,34,,,1
62500,'625-Weekday-1-26-02-1110100',1543,,60822,34,,,1
62500,'625-Weekday-10-26-02-1110100',1543,,116734,34,,,1
62500,'625-Weekday-9-26-02-0001000',1242,,60829,34,,,1
24014000,'140X-Weekday-1-26-02-1111100',1529,,102895,28,,,1,20,,102896,28,,,1,60,,102897,28,,,1,20,,102898,28,,,1,20,,102899,28,,,1,60,,102900,28,,,1,20,,102901,28,,,1,20,,102902,28,,,1,60,,102903,28,,,1
24014000,'140X-Weekday-10-26-02-1111100',1529,,102904,28,,,1,20,,102905,28,,,1,60,,102906,28,,,1,20,,102907,28,,,1,20,,102908,28,,,1,60,,102909,28,,,1,20,,102910,28,,,1,20,,102911,28,,,1,60,,102912,28,,,1
24014000,'140X-Weekday-11-26-02-1111100',1529,,122828,28,,,1,20,,122829,28,,,1,60,,122830,28,,,1,20,,122831,28,,,1,20,,122832,28,,,1,60,,122833,28,,,1,20,,122834,28,,,1,20,,122835,28,,,1,60,,122836,28,,,1
