10901,'109-Weekday-1-26-02-1111100',541,,33535,36,0,18 14,1,70,,33536,36,0,18 14,1,33,,33537,36,0,18 14,1,64,,33538,36,0,18 14,1,15,,33539,36,0,18 14,1,15,,33575,36,0,18 14,1,15,,33540,36,0,18 14,1,55,,33541,36,0,18 14,1,15,,33542,36,0,18 14,1,15,,33576,36,0,18 14,1,15,,33543,36,0,18 14,1,62,,33544,36,0,18 14,1,29,,33545,36,0,18 14,1,70,,33546,36,0,18 14,1,30,,33547,36,0,18 14,1,70,,33548,36,0,18 14,1,30,,33549,36,0,18 14,1,70,,33550,36,0,18 14,1,30,,33551,36,0,18 14,1,70,,33552,36,0,18 14,1,30,,33553,36,0,18 14,1,70,,33554,36,0,18 14,1,30,,33555,36,0,18 14,1,72,,33556,36,0,18 14,1,25,,33557,36,0,18 14,1,15,,33558,36,0,18 14,1,55,,33577,36,0,18 14,1,15,,33559,36,0,18 14,1,15,,33560,36,0,18 14,1,15,,33561,36,0,18 14,1,55,,33562,36,0,18 14,1,15,,33578,36,0,18 14,1,22,,33563,36,0,18 14,1,70,,33564,36,0,18 14,1,27,,33565,36,0,18 14,1,68,,33566,36,0,18 14,1,30,,33567,36,0,18 14,1,70,,33568,36,0,18 14,1,30,,33569,36,0,18 14,1,70,,33570,36,0,18 14,1,30,,33571,36,0,18 14,1,69,,33572,36,0,18 14,1,99,,33573,36,0,18 14,1,100,,33574,36,0,18 14,1
10901,'109-Weekday-10-26-02-1111100',541,,33579,36,0,18 14,1,70,,33580,36,0,18 14,1,33,,33581,36,0,18 14,1,64,,33582,36,0,18 14,1,15,,33583,36,0,18 14,1,15,,33619,36,0,18 14,1,15,,33584,36,0,18 14,1,55,,33585,36,0,18 14,1,15,,33586,36,0,18 14,1,15,,33620,36,0,18 14,1,15,,33587,36,0,18 14,1,62,,33588,36,0,18 14,1,29,,33589,36,0,18 14,1,70,,33590,36,0,18 14,1,30,,33591,36,0,18 14,1,70,,33592,36,0,18 14,1,30,,33593,36,0,18 14,1,70,,33594,36,0,18 14,1,30,,33595,36,0,18 14,1,70,,33596,36,0,18 14,1,30,,33597,36,0,18 14,1,70,,33598,36,0,18 14,1,30,,33599,36,0,18 14,1,72,,33600,36,0,18 14,1,25,,33601,36,0,18 14,1,15,,33602,36,0,18 14,1,55,,33621,36,0,18 14,1,15,,33603,36,0,18 14,1,15,,33604,36,0,18 14,1,15,,33605,36,0,18 14,1,55,,33606,36,0,18 14,1,15,,33622,36,0,18 14,1,22,,33607,36,0,18 14,1,70,,33608,36,0,18 14,1,27,,33609,36,0,18 14,1,68,,33610,36,0,18 14,1,30,,33611,36,0,18 14,1,70,,33612,36,0,18 14,1,30,,33613,36,0,18 14,1,70,,33614,36,0,18 14,1,30,,33615,36,0,18 14,1,69,,33616,36,0,18 14,1,99,,33617,36,0,18 14,1,100,,33618,36,0,18 14,1
10901,'109-Weekday-11-26-02-1111100',541,,112566,36,0,18 14,1,70,,112567,36,0,18 14,1,33,,112568,36,0,18 14,1,64,,112569,36,0,18 14,1,15,,112570,36,0,18 14,1,15,,112606,36,0,18 14,1,15,,112571,36,0,18 14,1,55,,112572,36,0,18 14,1,15,,112573,36,0,18 14,1,15,,112607,36,0,18 14,1,15,,112574,36,0,18 14,1,62,,112575,36,0,18 14,1,29,,112576,36,0,18 14,1,70,,112577,36,0,18 14,1,30,,112578,36,0,18 14,1,70,,112579,36,0,18 14,1,30,,112580,36,0,18 14,1,70,,112581,36,0,18 14,1,30,,112582,36,0,18 14,1,70,,112583,36,0,18 14,1,30,,112584,36,0,18 14,1,70,,112585,36,0,18 14,1,30,,112586,36,0,18 14,1,72,,112587,36,0,18 14,1,25,,112588,36,0,18 14,1,15,,112589,36,0,18 14,1,55,,112608,36,0,18 14,1,15,,112590,36,0,18 14,1,15,,112591,36,0,18 14,1,15,,112592,36,0,18 14,1,55,,112593,36,0,18 14,1,15,,112609,36,0,18 14,1,22,,112594,36,0,18 14,1,70,,112595,36,0,18 14,1,27,,112596,36,0,18 14,1,68,,112597,36,0,18 14,1,30,,112598,36,0,18 14,1,70,,112599,36,0,18 14,1,30,,112600,36,0,18 14,1,70,,112601,36,0,18 14,1,30,,112602,36,0,18 14,1,69,,112603,36,0,18 14,1,99,,112604,36,0,18 14,1,100,,112605,36,0,18 14,1
10901,'109-Saturday-1-26-02-0000010',834,,33931,36,0,18 14,1,70,,33932,36,0,18 14,1,30,,33933,36,0,18 14,1,70,,33934,36,0,18 14,1,30,,33935,36,0,18 14,1,70,,33936,36,0,18 14,1,30,,33937,36,0,18 14,1,70,,33938,36,0,18 14,1,30,,33939,36,0,18 14,1,70,,33940,36,0,18 14,1,30,,33941,36,0,18 14,1,70,,33942,36,0,18 14,1,30,,33943,36,0,18 14,1,70,,33944,36,0,18 14,1,30,,33945,36,0,18 14,1,70,,33946,36,0,18 14,1,30,,33947,36,0,18 14,1,70,,33948,36,0,18 14,1,30,,33949,36,0,18 14,1,70,,33950,36,0,18 14,1,30,,33951,36,0,18 14,1,70,,33952,36,0,18 14,1,30,,33953,36,0,18 14,1,70,,33954,36,0,18 14,1,30,,33955,36,0,18 14,1,70,,33956,36,0,18 14,1,30,,33957,36,0,18 14,1,70,,33958,36,0,18 14,1
10901,'109-Sunday-2-26-02-0000001',1044,,112610,36,0,18 14,1,70,,112611,36,0,18 14,1,30,,112612,36,0,18 14,1,70,,112613,36,0,18 14,1,30,,112614,36,0,18 14,1,70,,112615,36,0,18 14,1,30,,112616,36,0,18 14,1,70,,112617,36,0,18 14,1,30,,112618,36,0,18 14,1,70,,112619,36,0,18 14,1,30,,112620,36,0,18 14,1,70,,112621,36,0,18 14,1,30,,112622,36,0,18 14,1,70,,112623,36,0,18 14,1,30,,112624,36,0,18 14,1,70,,112625,36,0,18 14,1,30,,112626,36,0,18 14,1,70,,112627,36,0,18 14,1
61801,'618-Weekday-1-26-02-1111100',814,,60578,31,,,1
61801,'618-Weekday-10-26-02-1111100',814,,116694,31,,,1
61801,'618-Weekday-9-26-02-1111100',814,,60583,31,,,1
62501,'625-Weekday-1-26-02-1111100',729,,60830,21,,,1,7,,60831,21,,,1
62501,'625-Weekday-10-26-02-1111100',729,,116735,21,,,1,7,,116736,21,,,1
62501,'625-Weekday-9-26-02-1111100',729,,60840,21,,,1,7,,60841,21,,,1
68301,'683-Weekday-1-26-02-1111100',751,,62016,25,,,1,5,,62017,25,,,1,45,,62018,25,,,1
68301,'683-Weekday-10-26-02-1111100',751,,116920,25,,,1,5,,116921,25,,,1,45,,116922,25,,,1
68301,'683-Weekday-9-26-02-1111100',751,,62032,25,,,1,5,,62033,25,,,1,45,,62034,25,,,1
