5101,'051-Weekday-1-26-02-1111100',523,,19662,2,,,1,30,,19663,2,,,1,70,,19664,2,,,1,21,,19676,2,,,1,10,,19665,2,,,1,50,,19666,2,,,1,10,,19667,2,,,1,10,,19668,2,,,1,10,,19669,2,,,1,10,,19670,2,,,1,7,,19671,2,,,1,3,,19661,2,,,1,2,,19672,2,,,1,48,,19629,2,,,1,10,,19630,2,,,1,5,,19673,2,,,1,5,,19631,2,,,1,10,,19632,2,,,1,10,,19633,2,,,1,59,,19660,2,,,1,20,,19634,2,,,1,20,,19677,2,,,1,60,,19635,2,,,1,8,,19674,2,,,1,12,,19636,2,,,1,20,,19678,2,,,1,60,,19637,2,,,1,20,,19638,2,,,1,20,,19679,2,,,1,60,,19639,2,,,1,20,,19640,2,,,1,20,,19680,2,,,1,60,,19641,2,,,1,20,,19642,2,,,1,20,,19681,2,,,1,60,,19643,2,,,1,20,,19675,2,,,1,30,,19644,2,,,1,70,,19645,2,,,1,30,,19646,2,,,1,70,,19647,2,,,1,30,,19648,2,,,1,70,,19649,2,,,1,30,,19650,2,,,1,70,,19651,2,,,1,30,,19652,2,,,1,70,,19653,2,,,1,30,,19654,2,,,1,70,,19655,2,,,1,30,,19656,2,,,1,70,,19657,2,,,1,30,,19658,2,,,1,100,,19659,2,,,1
5101,'051-Weekday-10-26-02-1111100',523,,19715,2,,,1,30,,19716,2,,,1,70,,19717,2,,,1,21,,19729,2,,,1,10,,19718,2,,,1,50,,19719,2,,,1,10,,19720,2,,,1,10,,19721,2,,,1,10,,19722,2,,,1,10,,19723,2,,,1,7,,19724,2,,,1,3,,19714,2,,,1,2,,19725,2,,,1,48,,19682,2,,,1,10,,19683,2,,,1,5,,19726,2,,,1,5,,19684,2,,,1,10,,19685,2,,,1,10,,19686,2,,,1,59,,19713,2,,,1,20,,19687,2,,,1,20,,19730,2,,,1,60,,19688,2,,,1,8,,19727,2,,,1,12,,19689,2,,,1,20,,19731,2,,,1,60,,19690,2,,,1,20,,19691,2,,,1,20,,19732,2,,,1,60,,19692,2,,,1,20,,19693,2,,,1,20,,19733,2,,,1,60,,19694,2,,,1,20,,19695,2,,,1,20,,19734,2,,,1,60,,19696,2,,,1,20,,19728,2,,,1,30,,19697,2,,,1,70,,19698,2,,,1,30,,19699,2,,,1,70,,19700,2,,,1,30,,19701,2,,,1,70,,19702,2,,,1,30,,19703,2,,,1,70,,19704,2,,,1,30,,19705,2,,,1,70,,19706,2,,,1,30,,19707,2,,,1,70,,19708,2,,,1,30,,19709,2,,,1,70,,19710,2,,,1,30,,19711,2,,,1,100,,19712,2,,,1
5101,'051-Saturday-1-26-02-0000010',603,,20099,2,,,1,100,,20100,2,,,1,100,,20101,2,,,1,30,,20102,2,,,1,69,,20103,2,,,1,30,,20104,2,,,1,70,,20105,2,,,1,30,,20106,2,,,1,70,,20107,2,,,1,30,,20108,2,,,1,70,,20109,2,,,1,30,,20110,2,,,1,70,,20111,2,,,1,30,,20112,2,,,1,70,,20113,2,,,1,30,,20114,2,,,1,70,,20115,2,,,1,30,,20116,2,,,1,70,,20117,2,,,1,30,,20118,2,,,1,70,,20119,2,,,1,30,,20120,2,,,1,70,,20121,2,,,1,30,,20122,2,,,1,70,,20123,2,,,1,100,,20124,2,,,1,100,,20125,2,,,1
10301,'103-Weekday-1-26-02-1111100',544,,27856,19,,,1,70,,27857,19,,,1,17,,27862,2,,,1,15,,27858,19,,,1,55,,27863,2,,,1,15,,27859,19,,,1,15,,27864,2,,,1,15,,27860,19,,,1,55,,27865,2,,,1,15,,27861,19,,,1,15,,27866,2,,,1,13,,27867,19,,,1,60,,27868,19,,,1,19,,27869,19,,,1,20,,27870,19,,,1,60,,27871,19,,,1,20,,27872,19,,,1,20,,27873,19,,,1,60,,27874,19,,,1,20,,27875,19,,,1,20,,27876,19,,,1,60,,27877,19,,,1,20,,27878,19,,,1,20,,27879,19,,,1,60,,27880,19,,,1,20,,27881,19,,,1,20,,27882,19,,,1,60,,27883,19,,,1,20,,27884,19,,,1,20,,27885,19,,,1,60,,27886,19,,,1,26,,27887,19,,,1,30,,27888,19,,,1,70,,27889,19,,,1,30,,27890,19,,,1,70,,27891,19,,,1,30,,27892,19,,,1,70,,27893,19,,,1,29,,27894,19,,,1,70,,27895,19,,,1,30,,27896,19,,,1,70,,27897,19,,,1,30,,27898,19,,,1,70,,27899,19,,,1,30,,27900,19,,,1,69,,27901,19,,,1,73,,27902,19,,,1,30,,27903,19,,,1,70,,27904,19,,,1
10301,'103-Weekday-10-26-02-1111100',544,,27905,19,,,1,70,,27906,19,,,1,17,,27911,2,,,1,15,,27907,19,,,1,55,,27912,2,,,1,15,,27908,19,,,1,15,,27913,2,,,1,15,,27909,19,,,1,55,,27914,2,,,1,15,,27910,19,,,1,15,,27915,2,,,1,13,,27916,19,,,1,60,,27917,19,,,1,19,,27918,19,,,1,20,,27919,19,,,1,60,,27920,19,,,1,20,,27921,19,,,1,20,,27922,19,,,1,60,,27923,19,,,1,20,,27924,19,,,1,20,,27925,19,,,1,60,,27926,19,,,1,20,,27927,19,,,1,20,,27928,19,,,1,60,,27929,19,,,1,20,,27930,19,,,1,20,,27931,19,,,1,60,,27932,19,,,1,20,,27933,19,,,1,20,,27934,19,,,1,60,,27935,19,,,1,26,,27936,19,,,1,30,,27937,19,,,1,70,,27938,19,,,1,30,,27939,19,,,1,70,,27940,19,,,1,30,,27941,19,,,1,70,,27942,19,,,1,29,,27943,19,,,1,70,,27944,19,,,1,30,,27945,19,,,1,70,,27946,19,,,1,30,,27947,19,,,1,70,,27948,19,,,1,30,,27949,19,,,1,69,,27950,19,,,1,73,,27951,19,,,1,30,,27952,19,,,1,70,,27953,19,,,1
10301,'103-Saturday-1-26-02-0000010',617,,28297,19,,,1,30,,28298,19,,,1,70,,28299,19,,,1,30,,28300,19,,,1,70,,28301,19,,,1,30,,28302,19,,,1,69,,28303,19,,,1,30,,28304,19,,,1,70,,28305,19,,,1,30,,28306,19,,,1,70,,28307,19,,,1,30,,28308,19,,,1,70,,28309,19,,,1,30,,28310,19,,,1,70,,28311,19,,,1,30,,28312,19,,,1,70,,28313,19,,,1,30,,28314,19,,,1,70,,28315,19,,,1,30,,28316,19,,,1,70,,28317,19,,,1,30,,28318,19,,,1,72,,28319,19,,,1,30,,28320,19,,,1,70,,28321,19,,,1,30,,28322,19,,,1,70,,28323,19,,,1,30,,28324,19,,,1,70,,28325,19,,,1,30,,28326,19,,,1,70,,28327,19,,,1,30,,28328,19,,,1,70,,28329,19,,,1,30,,28330,19,,,1,70,,28331,19,,,1,30,,28332,19,,,1,70,,28333,19,,,1
61300,'613-Weekday-1-26-02-1111100',733,,60438,14,,,1,9,,60439,14,,,1,77,,60440,14,,,1,10,,60441,14,,,1
61300,'613-Weekday-9-26-02-1111100',733,,60456,14,,,1,9,,60457,14,,,1,77,,60458,14,,,1,10,,60459,14,,,1
62401,'624-Weekday-1-26-02-1111100',741,,60815,17,,,1
62401,'624-Weekday-9-26-02-1111100',741,,60820,17,,,1
