91601,'916-Weekday-1-26-06-1111100',547,,184861,21,,,1,70,,184899,21,,,1,22,,184889,21,,,1,61,,184890,21,,,1,20,,184891,21,,,1,20,,184892,21,,,1,60,,184893,21,,,1,20,,184898,21,,,1,30,,184897,21,,,1,71,,184862,21,,,1,30,,184863,21,,,1,70,,184864,21,,,1,30,,184865,21,,,1,70,,184866,21,,,1,30,,184867,21,,,1,70,,184868,21,,,1,30,,184869,21,,,1,70,,184870,21,,,1,30,,184871,21,,,1,70,,184872,21,,,1,30,,184873,21,,,1,72,,184874,21,,,1,15,,184875,21,,,1,15,,184894,21,,,1,55,,184876,21,,,1,15,,184877,21,,,1,15,,184878,21,,,1,15,,184895,21,,,1,55,,184879,21,,,1,15,,184880,21,,,1,15,,184881,21,,,1,15,,184900,21,,,1,70,,184901,21,,,1,28,,184882,21,,,1,70,,184883,21,,,1,30,,184884,21,,,1,70,,184885,21,,,1,30,,184886,21,,,1,70,,184887,21,,,1,30,,184888,21,,,1,73,,184902,21,,,1,95,,184896,21,,,1,100,,184903,21,,,1
91601,'916-Weekday-2-26-06-1111100',547,,201517,21,,,1,70,,201555,21,,,1,22,,201545,21,,,1,61,,201546,21,,,1,20,,201547,21,,,1,20,,201548,21,,,1,60,,201549,21,,,1,20,,201554,21,,,1,30,,201553,21,,,1,71,,201518,21,,,1,30,,201519,21,,,1,70,,201520,21,,,1,30,,201521,21,,,1,70,,201522,21,,,1,30,,201523,21,,,1,70,,201524,21,,,1,30,,201525,21,,,1,70,,201526,21,,,1,30,,201527,21,,,1,70,,201528,21,,,1,30,,201529,21,,,1,72,,201530,21,,,1,15,,201531,21,,,1,15,,201550,21,,,1,55,,201532,21,,,1,15,,201533,21,,,1,15,,201534,21,,,1,15,,201551,21,,,1,55,,201535,21,,,1,15,,201536,21,,,1,15,,201537,21,,,1,15,,201556,21,,,1,70,,201557,21,,,1,28,,201538,21,,,1,70,,201539,21,,,1,30,,201540,21,,,1,70,,201541,21,,,1,30,,201542,21,,,1,70,,201543,21,,,1,30,,201544,21,,,1,73,,201558,21,,,1,95,,201552,21,,,1,100,,201559,21,,,1
91601,'916-Saturday-1-26-06-0000010',650,,184904,21,,,1,100,,184905,21,,,1,70,,184906,21,,,1,30,,184907,21,,,1,72,,184908,21,,,1,31,,184909,21,,,1,72,,184910,21,,,1,30,,184911,21,,,1,70,,184912,21,,,1,30,,184913,21,,,1,70,,184914,21,,,1,30,,184915,21,,,1,70,,184916,21,,,1,30,,184917,21,,,1,70,,184918,21,,,1,30,,184919,21,,,1,70,,184920,21,,,1,30,,184921,21,,,1,70,,184922,21,,,1,30,,184923,21,,,1,69,,184924,21,,,1,28,,184925,21,,,1,70,,184926,21,,,1,30,,184927,21,,,1,70,,184928,21,,,1,100,,184929,21,,,1,100,,184930,21,,,1,100,,184931,21,,,1,100,,184932,21,,,1,100,,184933,21,,,1
91601,'916-Sunday-1-26-06-0000001',650,,184934,21,,,1,100,,184935,21,,,1,100,,184936,21,,,1,104,,184937,21,,,1,101,,184938,21,,,1,70,,184939,21,,,1,30,,184940,21,,,1,70,,184941,21,,,1,30,,184942,21,,,1,70,,184943,21,,,1,30,,184944,21,,,1,70,,184945,21,,,1,30,,184946,21,,,1,70,,184947,21,,,1,30,,184948,21,,,1,70,,184949,21,,,1,30,,184950,21,,,1,69,,184951,21,,,1,29,,184952,21,,,1,70,,184953,21,,,1,30,,184954,21,,,1,70,,184955,21,,,1,30,,184956,21,,,1,100,,184957,21,,,1,100,,184958,21,,,1,100,,184959,21,,,1,100,,184960,21,,,1
91601,'916-Sunday-2-26-06-0000001',650,,201560,21,,,1,100,,201561,21,,,1,100,,201562,21,,,1,104,,201563,21,,,1,101,,201564,21,,,1,70,,201565,21,,,1,30,,201566,21,,,1,70,,201567,21,,,1,30,,201568,21,,,1,70,,201569,21,,,1,30,,201570,21,,,1,70,,201571,21,,,1,30,,201572,21,,,1,70,,201573,21,,,1,30,,201574,21,,,1,70,,201575,21,,,1,30,,201576,21,,,1,69,,201577,21,,,1,29,,201578,21,,,1,70,,201579,21,,,1,30,,201580,21,,,1,70,,201581,21,,,1,30,,201582,21,,,1,100,,201583,21,,,1,100,,201584,21,,,1,100,,201585,21,,,1,100,,201586,21,,,1
92600,'926-Weekday-1-26-06-1111100',611,,186190,18,,,1,20,,186191,18,,,1,23,,186192,18,,,1,60,,186193,18,,,1,20,,186194,18,,,1,20,,186195,18,,,1,60,,186196,18,,,1,20,,186197,18,,,1,20,,186198,18,,,1,56,,186199,18,,,1,30,,186200,18,,,1,70,,186201,18,,,1,30,,186202,18,,,1,70,,186203,18,,,1,30,,186204,18,,,1,70,,186205,18,,,1,30,,186206,18,,,1,70,,186207,18,,,1,30,,186208,18,,,1,70,,186209,18,,,1,30,,186210,18,,,1,73,,186211,18,,,1,13,,186212,18,,,1,20,,186213,18,,,1,60,,186214,18,,,1,20,,186215,18,,,1,20,,186216,18,,,1,60,,186217,18,,,1,20,,186218,18,,,1,20,,186219,18,,,1,60,,186220,18,,,1,20,,186221,18,,,1,17,,186222,18,,,1,70,,186223,18,,,1,30,,186224,18,,,1,70,,186225,18,,,1,30,,186226,18,,,1,70,,186227,18,,,1,30,,186228,18,,,1,70,,186229,18,,,1
92600,'926-Weekday-2-26-06-1111100',611,,202458,18,,,1,20,,202459,18,,,1,23,,202460,18,,,1,60,,202461,18,,,1,20,,202462,18,,,1,20,,202463,18,,,1,60,,202464,18,,,1,20,,202465,18,,,1,20,,202466,18,,,1,56,,202467,18,,,1,30,,202468,18,,,1,70,,202469,18,,,1,30,,202470,18,,,1,70,,202471,18,,,1,30,,202472,18,,,1,70,,202473,18,,,1,30,,202474,18,,,1,70,,202475,18,,,1,30,,202476,18,,,1,70,,202477,18,,,1,30,,202478,18,,,1,73,,202479,18,,,1,13,,202480,18,,,1,20,,202481,18,,,1,60,,202482,18,,,1,20,,202483,18,,,1,20,,202484,18,,,1,60,,202485,18,,,1,20,,202486,18,,,1,20,,202487,18,,,1,60,,202488,18,,,1,20,,202489,18,,,1,17,,202490,18,,,1,70,,202491,18,,,1,30,,202492,18,,,1,70,,202493,18,,,1,30,,202494,18,,,1,70,,202495,18,,,1,30,,202496,18,,,1,70,,202497,18,,,1
92600,'926-Saturday-1-26-06-0000010',807,,186230,18,,,1,30,,186231,18,,,1,71,,186232,18,,,1,30,,186233,18,,,1,70,,186234,18,,,1,30,,186235,18,,,1,70,,186236,18,,,1,30,,186237,18,,,1,70,,186238,18,,,1,30,,186239,18,,,1,70,,186240,18,,,1,30,,186241,18,,,1,70,,186242,18,,,1,30,,186243,18,,,1,70,,186244,18,,,1,30,,186245,18,,,1,70,,186246,18,,,1,30,,186247,18,,,1,69,,186248,18,,,1,30,,186249,18,,,1,70,,186250,18,,,1,30,,186251,18,,,1,70,,186252,18,,,1
92600,'926-Sunday-1-26-06-0000001',1010,,186253,18,,,1,30,,186254,18,,,1,70,,186255,18,,,1,30,,186256,18,,,1,70,,186257,18,,,1,30,,186258,18,,,1,70,,186259,18,,,1,30,,186260,18,,,1,70,,186261,18,,,1,31,,186262,18,,,1,69,,186263,18,,,1,30,,186264,18,,,1,70,,186265,18,,,1,30,,186266,18,,,1,69,,186267,18,,,1,30,,186268,18,,,1,70,,186269,18,,,1,30,,186270,18,,,1,70,,186271,18,,,1
92600,'926-Sunday-2-26-06-0000001',1010,,202498,18,,,1,30,,202499,18,,,1,70,,202500,18,,,1,30,,202501,18,,,1,70,,202502,18,,,1,30,,202503,18,,,1,70,,202504,18,,,1,30,,202505,18,,,1,70,,202506,18,,,1,31,,202507,18,,,1,69,,202508,18,,,1,30,,202509,18,,,1,70,,202510,18,,,1,30,,202511,18,,,1,69,,202512,18,,,1,30,,202513,18,,,1,70,,202514,18,,,1,30,,202515,18,,,1,70,,202516,18,,,1
