67300,'673-Weekday-1-26-02-1111100',812,,61780,5,,,1,8,,61781,5,,,1
67300,'673-Weekday-5-26-02-1111100',812,,61786,5,,,1,8,,61787,5,,,1
67300,'673-Weekday-9-26-02-1111100',812,,61788,5,,,1,8,,61789,5,,,1
90400,'904-Weekday-1-26-02-1111100',503,,86136,5,,,1,30,,86137,5,,,1,70,,86138,5,,,1,31,,86139,5,,,1,20,,86140,5,,,1,60,,86175,5,,,1,20,,86141,5,,,1,19,,86177,5,,,1,1,,86142,5,,,1,4,,86178,5,,,1,47,,86179,5,,,1,9,,86176,5,,,1,20,,86143,5,,,1,69,,86144,5,,,1,30,,86145,5,,,1,70,,86146,5,,,1,30,,86147,5,,,1,70,,86148,5,,,1,30,,86149,5,,,1,70,,86150,5,,,1,30,,86151,5,,,1,70,,86152,5,,,1,30,,86153,5,,,1,70,,86154,5,,,1,30,,86155,5,,,1,20,,86156,5,,,1,61,,86174,5,,,1,20,,86157,5,,,1,20,,86158,5,,,1,60,,86172,5,,,1,20,,86159,5,,,1,20,,86160,5,,,1,60,,86173,5,,,1,20,,86161,5,,,1,70,,86162,5,,,1,29,,86163,5,,,1,70,,86164,5,,,1,30,,86165,5,,,1,70,,86166,5,,,1,30,,86167,5,,,1,70,,86168,5,,,1,30,,86169,5,,,1,70,,86170,5,,,1,100,,86171,5,,,1
90400,'904-Weekday-10-26-02-1111100',503,,86181,5,,,1,30,,86182,5,,,1,70,,86183,5,,,1,31,,86184,5,,,1,20,,86185,5,,,1,60,,86220,5,,,1,20,,86186,5,,,1,19,,86222,5,,,1,1,,86187,5,,,1,4,,86223,5,,,1,47,,86224,5,,,1,9,,86221,5,,,1,20,,86188,5,,,1,69,,86189,5,,,1,30,,86190,5,,,1,70,,86191,5,,,1,30,,86192,5,,,1,70,,86193,5,,,1,30,,86194,5,,,1,70,,86195,5,,,1,30,,86196,5,,,1,70,,86197,5,,,1,30,,86198,5,,,1,70,,86199,5,,,1,30,,86200,5,,,1,20,,86201,5,,,1,61,,86219,5,,,1,20,,86202,5,,,1,20,,86203,5,,,1,60,,86217,5,,,1,20,,86204,5,,,1,20,,86205,5,,,1,60,,86218,5,,,1,20,,86206,5,,,1,70,,86207,5,,,1,29,,86208,5,,,1,70,,86209,5,,,1,30,,86210,5,,,1,70,,86211,5,,,1,30,,86212,5,,,1,70,,86213,5,,,1,30,,86214,5,,,1,70,,86215,5,,,1,100,,86216,5,,,1
90400,'904-Weekday-4-26-02-1111100',503,,86270,5,,,1,30,,86271,5,,,1,70,,86272,5,,,1,31,,86273,5,,,1,20,,86274,5,,,1,60,,86309,5,,,1,20,,86275,5,,,1,20,,86276,5,,,1,60,,86310,5,,,1,20,,86277,5,,,1,69,,86278,5,,,1,30,,86279,5,,,1,70,,86280,5,,,1,30,,86281,5,,,1,70,,86282,5,,,1,30,,86283,5,,,1,70,,86284,5,,,1,30,,86285,5,,,1,70,,86286,5,,,1,30,,86287,5,,,1,70,,86288,5,,,1,30,,86289,5,,,1,20,,86290,5,,,1,61,,86308,5,,,1,20,,86291,5,,,1,20,,86292,5,,,1,60,,86306,5,,,1,20,,86293,5,,,1,20,,86294,5,,,1,60,,86307,5,,,1,20,,86295,5,,,1,70,,86296,5,,,1,29,,86297,5,,,1,70,,86298,5,,,1,30,,86299,5,,,1,70,,86300,5,,,1,30,,86301,5,,,1,70,,86302,5,,,1,30,,86303,5,,,1,70,,86304,5,,,1,100,,86305,5,,,1
90400,'904-Weekday-5-26-02-1111100',503,,86312,5,,,1,30,,86313,5,,,1,70,,86314,5,,,1,31,,86315,5,,,1,20,,86316,5,,,1,60,,86351,5,,,1,20,,86317,5,,,1,19,,86353,5,,,1,1,,86318,5,,,1,4,,86354,5,,,1,47,,86355,5,,,1,9,,86352,5,,,1,20,,86319,5,,,1,69,,86320,5,,,1,30,,86321,5,,,1,70,,86322,5,,,1,30,,86323,5,,,1,70,,86324,5,,,1,30,,86325,5,,,1,70,,86326,5,,,1,30,,86327,5,,,1,70,,86328,5,,,1,30,,86329,5,,,1,70,,86330,5,,,1,30,,86331,5,,,1,20,,86332,5,,,1,61,,86350,5,,,1,20,,86333,5,,,1,20,,86334,5,,,1,60,,86348,5,,,1,20,,86335,5,,,1,20,,86336,5,,,1,60,,86349,5,,,1,20,,86337,5,,,1,70,,86338,5,,,1,29,,86339,5,,,1,70,,86340,5,,,1,30,,86341,5,,,1,70,,86342,5,,,1,30,,86343,5,,,1,70,,86344,5,,,1,30,,86345,5,,,1,70,,86346,5,,,1,100,,86347,5,,,1
90400,'904-Weekday-7-26-02-1111100',503,,86400,5,,,1,30,,86401,5,,,1,70,,86402,5,,,1,31,,86403,5,,,1,20,,86404,5,,,1,60,,86439,5,,,1,20,,86405,5,,,1,20,,86406,5,,,1,60,,86440,5,,,1,20,,86407,5,,,1,69,,86408,5,,,1,30,,86409,5,,,1,70,,86410,5,,,1,30,,86411,5,,,1,70,,86412,5,,,1,30,,86413,5,,,1,70,,86414,5,,,1,30,,86415,5,,,1,70,,86416,5,,,1,30,,86417,5,,,1,70,,86418,5,,,1,30,,86419,5,,,1,20,,86420,5,,,1,61,,86438,5,,,1,20,,86421,5,,,1,20,,86422,5,,,1,60,,86436,5,,,1,20,,86423,5,,,1,20,,86424,5,,,1,60,,86437,5,,,1,20,,86425,5,,,1,70,,86426,5,,,1,29,,86427,5,,,1,70,,86428,5,,,1,30,,86429,5,,,1,70,,86430,5,,,1,30,,86431,5,,,1,70,,86432,5,,,1,30,,86433,5,,,1,70,,86434,5,,,1,100,,86435,5,,,1
90400,'904-Saturday-1-26-02-0000010',635,,86556,5,,,1,100,,86530,5,,,1,100,,86531,5,,,1,67,,86532,5,,,1,30,,86533,5,,,1,70,,86534,5,,,1,30,,86535,5,,,1,70,,86536,5,,,1,30,,86537,5,,,1,70,,86538,5,,,1,30,,86539,5,,,1,70,,86540,5,,,1,30,,86541,5,,,1,70,,86542,5,,,1,30,,86543,5,,,1,70,,86544,5,,,1,30,,86545,5,,,1,70,,86546,5,,,1,30,,86547,5,,,1,70,,86549,5,,,1,30,,86550,5,,,1,70,,86551,5,,,1,30,,86548,5,,,1,70,,86552,5,,,1,100,,86553,5,,,1,100,,86554,5,,,1,100,,86555,5,,,1,100,,86529,5,,,1
90400,'904-Sunday-1-26-02-0000001',701,,86557,5,,,1,100,,86558,5,,,1,101,,86559,5,,,1,100,,86560,5,,,1,30,,86561,5,,,1,70,,86562,5,,,1,30,,86563,5,,,1,70,,86564,5,,,1,30,,86566,5,,,1,70,,86567,5,,,1,30,,86568,5,,,1,70,,86565,5,,,1,30,,86569,5,,,1,70,,86570,5,,,1,30,,86571,5,,,1,70,,86572,5,,,1,30,,86573,5,,,1,70,,86574,5,,,1,30,,86575,5,,,1,70,,86576,5,,,1,30,,86577,5,,,1,70,,86578,5,,,1,100,,86579,5,,,1,100,,86580,5,,,1,100,,86581,5,,,1
