5300,'053-Weekday-1-26-04-1111100',553,,115130,33,,,1,70,,115131,33,,,1,36,,115132,33,,,1,56,,115160,33,,,1,15,,115133,33,,,1,15,,115161,33,,,1,55,,115134,33,,,1,15,,115135,33,,,1,15,,115166,33,,,1,15,,115167,33,,,1,55,,115136,33,,,1,32,,115172,33,,,1,68,,115137,33,,,1,30,,115138,33,,,1,70,,115139,33,,,1,30,,115140,33,,,1,70,,115141,33,,,1,30,,115142,33,,,1,70,,115143,33,,,1,30,,115144,33,,,1,70,,115145,33,,,1,30,,115146,33,,,1,70,,115147,33,,,1,20,,115164,33,,,1,20,,115148,33,,,1,18,,115165,33,,,1,56,,115149,33,,,1,15,,115162,33,,,1,15,,115163,33,,,1,15,,115150,33,,,1,55,,115168,33,,,1,15,,115169,33,,,1,15,,115151,33,,,1,15,,115173,33,,,1,55,,115174,33,,,1,26,,115152,33,,,1,64,,115153,33,,,1,28,,115154,33,,,1,26,,115155,33,,,1,70,,115156,33,,,1,30,,115157,33,,,1,70,,115158,33,,,1,30,,115159,33,,,1,69,,115129,33,,,1,92,,115170,33,,,1,100,,115171,33,,,1
5300,'053-Saturday-1-26-04-0000010',626,,115267,33,,,1,100,,115268,33,,,1,100,,115269,33,,,1,92,,115270,33,,,1,30,,115271,33,,,1,70,,115272,33,,,1,30,,115273,33,,,1,70,,115274,33,,,1,30,,115275,33,,,1,70,,115276,33,,,1,30,,115277,33,,,1,70,,115278,33,,,1,30,,115279,33,,,1,70,,115280,33,,,1,30,,115281,33,,,1,70,,115282,33,,,1,30,,115283,33,,,1,70,,115284,33,,,1,30,,115285,33,,,1,70,,115286,33,,,1,30,,115287,33,,,1,70,,115288,33,,,1,30,,115289,33,,,1,70,,115290,33,,,1,30,,115291,33,,,1,79,,115292,33,,,1,100,,115293,33,,,1,100,,115294,33,,,1,100,,115295,33,,,1
5300,'053-Sunday-1-26-04-0000001',725,,115296,33,,,1,100,,115297,33,,,1,101,,115298,33,,,1,104,,115299,33,,,1,70,,115300,33,,,1,30,,115301,33,,,1,70,,115302,33,,,1,30,,115303,33,,,1,70,,115304,33,,,1,30,,115305,33,,,1,70,,115306,33,,,1,30,,115307,33,,,1,70,,115308,33,,,1,30,,115309,33,,,1,70,,115310,33,,,1,30,,115311,33,,,1,70,,115312,33,,,1,30,,115313,33,,,1,70,,115314,33,,,1,30,,115315,33,,,1,70,,115316,33,,,1,30,,115317,33,,,1,96,,115318,33,,,1,100,,115319,33,,,1,100,,115320,33,,,1,100,,115321,33,,,1
52201,'522-Weekday-1-26-04-1111100',624,,130272,19,,,1,31,,130273,19,,,1,70,,130274,19,,,1,30,,130275,19,,,1,70,,130276,19,,,1,30,,130277,19,,,1,99,,130278,19,,,1,100,,130279,19,,,1,100,,130280,19,,,1,100,,130281,19,,,1,100,,130282,19,,,1,100,,130283,19,,,1,71,,130284,19,,,1,30,,130285,19,,,1,70,,130286,19,,,1,30,,130287,19,,,1,70,,130288,19,,,1,30,,130289,19,,,1,99,,130290,19,,,1,100,,130291,19,,,1,100,,130292,19,,,1,100,,130293,19,,,1
52201,'522-Saturday-1-26-04-0000010',809,,130349,19,,,1,100,,130338,19,,,1,100,,130339,19,,,1,100,,130340,19,,,1,100,,130341,19,,,1,100,,130342,19,,,1,100,,130343,19,,,1,100,,130344,19,,,1,100,,130345,19,,,1,99,,130346,19,,,1,100,,130347,19,,,1,100,,130348,19,,,1
52201,'522-Sunday-1-26-04-0000001',1040,,130350,19,,,1,100,,130351,19,,,1,100,,130352,19,,,1,100,,130353,19,,,1,100,,130354,19,,,1,100,,130355,19,,,1,100,,130356,19,,,1,100,,130357,19,,,1,100,,130358,19,,,1
63300,'633-Weekday-1-26-04-0001000',1224,,131776,13,,,1,2,,131777,13,,,1,2,,131778,13,,,1,2,,131779,13,,,1
63300,'633-Weekday-1-26-04-1110100',1524,,131780,13,,,1,2,,131781,13,,,1,2,,131782,13,,,1,2,,131783,13,,,1
63500,'635-Weekday-1-26-04-0000100',1001,,131813,54,,,1
63500,'635-Weekday-1-26-04-1111000',831,,131814,54,,,1
1000101,'001-Weekday-1-26-04-1111100',533,,147479,12,,,1,80,,147480,12,,,1,41,,147481,12,,,1,70,,147482,12,,,1,20,,147483,12,,,1,60,,147484,12,,,1,20,,147485,12,,,1,20,,147486,12,,,1,61,,147487,12,,,1,30,,147488,12,,,1,70,,147489,12,,,1,30,,147490,12,,,1,70,,147491,12,,,1,30,,147492,12,,,1,70,,147493,12,,,1,30,,147494,12,,,1,70,,147495,12,,,1,30,,147496,12,,,1,70,,147497,12,,,1,30,,147498,12,,,1,68,,147499,12,,,1,25,,147500,12,,,1,20,,147501,12,,,1,60,,147502,12,,,1,20,,147503,12,,,1,20,,147504,12,,,1,65,,147505,12,,,1,30,,147506,12,,,1,70,,147507,12,,,1,30,,147508,12,,,1,70,,147509,12,,,1,30,,147510,12,,,1,70,,147511,12,,,1,30,,147512,12,,,1,70,,147513,12,,,1,30,,147514,12,,,1,68,,147515,12,,,1,38,,147516,12,,,1,80,,147517,12,,,1,80,,147518,12,,,1
1000101,'001-Saturday-1-26-04-0000010',539,,147599,12,,,1,80,,147600,12,,,1,40,,147601,12,,,1,80,,147602,12,,,1,70,,147603,12,,,1,30,,147604,12,,,1,70,,147605,12,,,1,30,,147606,12,,,1,70,,147607,12,,,1,30,,147608,12,,,1,70,,147609,12,,,1,30,,147610,12,,,1,70,,147611,12,,,1,30,,147612,12,,,1,70,,147613,12,,,1,30,,147614,12,,,1,70,,147615,12,,,1,30,,147616,12,,,1,70,,147617,12,,,1,30,,147618,12,,,1,70,,147619,12,,,1,30,,147620,12,,,1,70,,147621,12,,,1,30,,147622,12,,,1,70,,147623,12,,,1,30,,147624,12,,,1,70,,147625,12,,,1,30,,147626,12,,,1,70,,147627,12,,,1,30,,147628,12,,,1,70,,147629,12,,,1,30,,147630,12,,,1,70,,147631,12,,,1,30,,147632,12,,,1,80,,147633,12,,,1,40,,147634,12,,,1
1000101,'001-Sunday-1-26-04-0000001',558,,147635,12,,,1,80,,147636,12,,,1,80,,147637,12,,,1,40,,147638,12,,,1,80,,147639,12,,,1,77,,147640,12,,,1,40,,147641,12,,,1,70,,147642,12,,,1,30,,147643,12,,,1,70,,147644,12,,,1,30,,147645,12,,,1,70,,147646,12,,,1,30,,147647,12,,,1,70,,147648,12,,,1,30,,147649,12,,,1,70,,147650,12,,,1,30,,147651,12,,,1,70,,147652,12,,,1,30,,147653,12,,,1,70,,147654,12,,,1,31,,147655,12,,,1,72,,147656,12,,,1,30,,147657,12,,,1,70,,147658,12,,,1,73,,147659,12,,,1,40,,147660,12,,,1,80,,147661,12,,,1,80,,147662,12,,,1,40,,147663,12,,,1,80,,147664,12,,,1,81,,147665,12,,,1,42,,147666,12,,,1
