72700,'727-Weekday-1-26-02-1111100',551,,130151,,,1,70,,130152,,,1,30,,130153,,,1,70,,130154,,,1,30,,130155,,,1,70,,130156,,,1,704,,130157,,,1,31,,130158,,,1,70,,130159,,,1,30,,130160,,,1,70,,130161,,,1,30,,130162,,,1
72700,'727-Weekday-10-26-02-1111100',551,,161443,,,1,70,,161444,,,1,30,,161445,,,1,70,,161446,,,1,30,,161447,,,1,70,,161448,,,1,704,,161449,,,1,31,,161450,,,1,70,,161451,,,1,30,,161452,,,1,70,,161453,,,1,30,,161454,,,1
72700,'727-Weekday-2-26-02-1111100',551,,130163,,,1,70,,130164,,,1,30,,130165,,,1,70,,130166,,,1,30,,130167,,,1,70,,130168,,,1,704,,130169,,,1,31,,130170,,,1,70,,130171,,,1,30,,130172,,,1,70,,130173,,,1,30,,130174,,,1
72700,'727-Weekday-4-26-02-1111100',551,,130175,,,1,70,,130176,,,1,30,,130177,,,1,70,,130178,,,1,30,,130179,,,1,70,,130180,,,1,704,,130181,,,1,31,,130182,,,1,70,,130183,,,1,30,,130184,,,1,70,,130185,,,1,30,,130186,,,1
72700,'727-Weekday-5-26-02-1111100',551,,130187,,,1,70,,130188,,,1,30,,130189,,,1,70,,130190,,,1,30,,130191,,,1,70,,130192,,,1,704,,130193,,,1,31,,130194,,,1,70,,130195,,,1,30,,130196,,,1,70,,130197,,,1,30,,130198,,,1
72700,'727-Weekday-6-26-02-1111100',551,,130199,,,1,70,,130200,,,1,30,,130201,,,1,70,,130202,,,1,30,,130203,,,1,70,,130204,,,1,704,,130205,,,1,31,,130206,,,1,70,,130207,,,1,30,,130208,,,1,70,,130209,,,1,30,,130210,,,1
72700,'727-Weekday-7-26-02-1111100',551,,130211,,,1,70,,130212,,,1,30,,130213,,,1,70,,130214,,,1,30,,130215,,,1,70,,130216,,,1,704,,130217,,,1,31,,130218,,,1,70,,130219,,,1,30,,130220,,,1,70,,130221,,,1,30,,130222,,,1
72700,'727-Weekday-8-26-02-1111100',551,,130223,,,1,70,,130224,,,1,30,,130225,,,1,70,,130226,,,1,30,,130227,,,1,70,,130228,,,1,704,,130229,,,1,31,,130230,,,1,70,,130231,,,1,30,,130232,,,1,70,,130233,,,1,30,,130234,,,1
72700,'727-Weekday-9-26-02-1111100',551,,130235,,,1,70,,130236,,,1,30,,130237,,,1,70,,130238,,,1,30,,130239,,,1,70,,130240,,,1,704,,130241,,,1,31,,130242,,,1,70,,130243,,,1,30,,130244,,,1,70,,130245,,,1,30,,130246,,,1
72701,'727-Weekday-1-26-02-0001000',1444,,130247,0,35 36,1
72701,'727-Weekday-1-26-02-1111100',551,,130248,4,,1,70,,130249,4,,1,30,,130250,4,,1,70,,130251,4,,1,30,,130252,4,,1,70,,130253,4,,1,704,,130254,4,,1,31,,130255,4,,1,70,,130256,4,,1,30,,130257,4,,1,70,,130258,4,,1,30,,130259,4,,1,68,,130260,,,1
72701,'727-Weekday-10-26-02-0001000',1444,,161455,0,35 36,1
72701,'727-Weekday-10-26-02-1111100',551,,161456,4,,1,70,,161457,4,,1,30,,161458,4,,1,70,,161459,4,,1,30,,161460,4,,1,70,,161461,4,,1,704,,161462,4,,1,31,,161463,4,,1,70,,161464,4,,1,30,,161465,4,,1,70,,161466,4,,1,30,,161467,4,,1,68,,161468,,,1
72701,'727-Weekday-2-26-02-0001000',1444,,130261,0,35 36,1
72701,'727-Weekday-2-26-02-1111100',551,,130262,4,,1,70,,130263,4,,1,30,,130264,4,,1,70,,130265,4,,1,30,,130266,4,,1,70,,130267,4,,1,704,,130268,4,,1,31,,130269,4,,1,70,,130270,4,,1,30,,130271,4,,1,70,,130272,4,,1,30,,130273,4,,1,68,,130274,,,1
72701,'727-Weekday-4-26-02-1111100',551,,130275,4,,1,70,,130276,4,,1,30,,130277,4,,1,70,,130278,4,,1,30,,130279,4,,1,70,,130280,4,,1,704,,130281,4,,1,31,,130282,4,,1,70,,130283,4,,1,30,,130284,4,,1,70,,130285,4,,1,30,,130286,4,,1,68,,130287,,,1
72701,'727-Weekday-5-26-02-0001000',1444,,130288,0,35 36,1
72701,'727-Weekday-5-26-02-1111100',551,,130289,4,,1,70,,130290,4,,1,30,,130291,4,,1,70,,130292,4,,1,30,,130293,4,,1,70,,130294,4,,1,704,,130295,4,,1,31,,130296,4,,1,70,,130297,4,,1,30,,130298,4,,1,70,,130299,4,,1,30,,130300,4,,1,68,,130301,,,1
72701,'727-Weekday-6-26-02-1111100',551,,130302,4,,1,70,,130303,4,,1,30,,130304,4,,1,70,,130305,4,,1,30,,130306,4,,1,70,,130307,4,,1,704,,130308,4,,1,31,,130309,4,,1,70,,130310,4,,1,30,,130311,4,,1,70,,130312,4,,1,30,,130313,4,,1,68,,130314,,,1
72701,'727-Weekday-7-26-02-1111100',551,,130315,4,,1,70,,130316,4,,1,30,,130317,4,,1,70,,130318,4,,1,30,,130319,4,,1,70,,130320,4,,1,704,,130321,4,,1,31,,130322,4,,1,70,,130323,4,,1,30,,130324,4,,1,70,,130325,4,,1,30,,130326,4,,1,68,,130327,,,1
72701,'727-Weekday-8-26-02-1111100',551,,130328,4,,1,70,,130329,4,,1,30,,130330,4,,1,70,,130331,4,,1,30,,130332,4,,1,70,,130333,4,,1,704,,130334,4,,1,31,,130335,4,,1,70,,130336,4,,1,30,,130337,4,,1,70,,130338,4,,1,30,,130339,4,,1,68,,130340,,,1
72701,'727-Weekday-9-26-02-1111100',551,,130341,4,,1,70,,130342,4,,1,30,,130343,4,,1,70,,130344,4,,1,30,,130345,4,,1,70,,130346,4,,1,704,,130347,4,,1,31,,130348,4,,1,70,,130349,4,,1,30,,130350,4,,1,70,,130351,4,,1,30,,130352,4,,1,68,,130353,,,1
