11700,'117-Weekday-1-26-06-1111100',540,,172724,19,,,1,70,,172725,19,,,1,32,,172753,19,,,1,70,,172754,19,,,1,30,,172755,19,,,1,70,,172756,19,,,1,30,,172726,19,,,1,69,,172727,19,,,1,30,,172728,19,,,1,70,,172729,19,,,1,30,,172730,19,,,1,70,,172731,19,,,1,30,,172732,19,,,1,70,,172733,19,,,1,30,,172734,19,,,1,70,,172735,19,,,1,30,,172736,19,,,1,70,,172737,19,,,1,30,,172738,19,,,1,71,,172739,19,,,1,30,,172740,19,,,1,70,,172741,19,,,1,30,,172742,19,,,1,70,,172743,19,,,1,30,,172744,19,,,1,70,,172745,19,,,1,28,,172746,19,,,1,70,,172747,19,,,1,30,,172748,19,,,1,70,,172749,19,,,1,30,,172750,19,,,1,70,,172751,19,,,1,30,,172752,19,,,1
11700,'117-Weekday-3-26-06-1111100',540,,194152,19,,,1,70,,194153,19,,,1,32,,194181,19,,,1,70,,194182,19,,,1,30,,194183,19,,,1,70,,194184,19,,,1,30,,194154,19,,,1,69,,194155,19,,,1,30,,194156,19,,,1,70,,194157,19,,,1,30,,194158,19,,,1,70,,194159,19,,,1,30,,194160,19,,,1,70,,194161,19,,,1,30,,194162,19,,,1,70,,194163,19,,,1,30,,194164,19,,,1,70,,194165,19,,,1,30,,194166,19,,,1,71,,194167,19,,,1,30,,194168,19,,,1,70,,194169,19,,,1,30,,194170,19,,,1,70,,194171,19,,,1,30,,194172,19,,,1,70,,194173,19,,,1,28,,194174,19,,,1,70,,194175,19,,,1,30,,194176,19,,,1,70,,194177,19,,,1,30,,194178,19,,,1,70,,194179,19,,,1,30,,194180,19,,,1
11700,'117-Saturday-1-26-06-0000010',555,,172757,19,,,1,100,,172758,19,,,1,100,,172759,19,,,1,85,,172760,19,,,1,70,,172787,19,,,1,30,,172778,19,,,1,70,,172779,19,,,1,30,,172780,19,,,1,70,,172781,19,,,1,30,,172782,19,,,1,70,,172783,19,,,1,30,,172784,19,,,1,70,,172785,19,,,1,30,,172786,19,,,1,70,,172777,19,,,1,30,,172762,19,,,1,70,,172763,19,,,1,30,,172764,19,,,1,70,,172765,19,,,1,30,,172766,19,,,1,70,,172767,19,,,1,30,,172768,19,,,1,70,,172769,19,,,1,30,,172770,19,,,1,70,,172771,19,,,1,30,,172772,19,,,1,70,,172773,19,,,1,30,,172774,19,,,1,70,,172775,19,,,1,30,,172776,19,,,1,70,,172761,19,,,1
11700,'117-Sunday-1-26-06-0000001',618,,172788,19,,,1,100,,172789,19,,,1,100,,172790,19,,,1,100,,172791,19,,,1,100,,172792,19,,,1,30,,172793,19,,,1,70,,172794,19,,,1,30,,172795,19,,,1,70,,172796,19,,,1,30,,172797,19,,,1,70,,172798,19,,,1,30,,172799,19,,,1,70,,172800,19,,,1,30,,172801,19,,,1,70,,172802,19,,,1,30,,172803,19,,,1,70,,172804,19,,,1,30,,172805,19,,,1,70,,172806,19,,,1,30,,172807,19,,,1,70,,172808,19,,,1,30,,172809,19,,,1,100,,172810,19,,,1,100,,172811,19,,,1
11700,'117-Sunday-2-26-06-0000001',618,,194185,19,,,1,100,,194186,19,,,1,100,,194187,19,,,1,100,,194188,19,,,1,100,,194189,19,,,1,30,,194190,19,,,1,70,,194191,19,,,1,30,,194192,19,,,1,70,,194193,19,,,1,30,,194194,19,,,1,70,,194195,19,,,1,30,,194196,19,,,1,70,,194197,19,,,1,30,,194198,19,,,1,70,,194199,19,,,1,30,,194200,19,,,1,70,,194201,19,,,1,30,,194202,19,,,1,70,,194203,19,,,1,30,,194204,19,,,1,70,,194205,19,,,1,30,,194206,19,,,1,100,,194207,19,,,1,100,,194208,19,,,1
11800,'118-Weekday-1-26-06-1111100',509,,172900,25,,,1,30,,172901,25,,,1,70,,172902,25,,,1,32,,172938,25,,,1,60,,172903,25,,,1,20,,172931,25,,,1,20,,172904,25,,,1,60,,172905,25,,,1,20,,172932,25,,,1,20,,172937,25,,,1,69,,172906,25,,,1,30,,172907,25,,,1,70,,172908,25,,,1,30,,172909,25,,,1,70,,172910,25,,,1,30,,172911,25,,,1,70,,172912,25,,,1,30,,172913,25,,,1,70,,172914,25,,,1,30,,172915,25,,,1,70,,172916,25,,,1,30,,172917,25,,,1,72,,172918,25,,,1,30,,172919,25,,,1,60,,172920,25,,,1,20,,172933,25,,,1,20,,172921,25,,,1,60,,172922,25,,,1,20,,172934,25,,,1,20,,172936,25,,,1,70,,172923,25,,,1,28,,172924,25,,,1,70,,172925,25,,,1,30,,172926,25,,,1,70,,172927,25,,,1,30,,172928,25,,,1,70,,172929,25,,,1,30,,172930,25,,,1,70,,172935,25,,,1
11800,'118-Weekday-3-26-06-1111100',509,,194267,25,,,1,30,,194268,25,,,1,70,,194269,25,,,1,32,,194305,25,,,1,60,,194270,25,,,1,20,,194298,25,,,1,20,,194271,25,,,1,60,,194272,25,,,1,20,,194299,25,,,1,20,,194304,25,,,1,69,,194273,25,,,1,30,,194274,25,,,1,70,,194275,25,,,1,30,,194276,25,,,1,70,,194277,25,,,1,30,,194278,25,,,1,70,,194279,25,,,1,30,,194280,25,,,1,70,,194281,25,,,1,30,,194282,25,,,1,70,,194283,25,,,1,30,,194284,25,,,1,72,,194285,25,,,1,30,,194286,25,,,1,60,,194287,25,,,1,20,,194300,25,,,1,20,,194288,25,,,1,60,,194289,25,,,1,20,,194301,25,,,1,20,,194303,25,,,1,70,,194290,25,,,1,28,,194291,25,,,1,70,,194292,25,,,1,30,,194293,25,,,1,70,,194294,25,,,1,30,,194295,25,,,1,70,,194296,25,,,1,30,,194297,25,,,1,70,,194302,25,,,1
11800,'118-Saturday-1-26-06-0000010',627,,172939,25,,,1,100,,172940,25,,,1,100,,172941,25,,,1,30,,172942,25,,,1,70,,172943,25,,,1,30,,172944,25,,,1,70,,172945,25,,,1,30,,172946,25,,,1,70,,172947,25,,,1,30,,172948,25,,,1,70,,172949,25,,,1,30,,172950,25,,,1,70,,172951,25,,,1,30,,172952,25,,,1,70,,172953,25,,,1,30,,172954,25,,,1,70,,172955,25,,,1,30,,172956,25,,,1,70,,172957,25,,,1,30,,172958,25,,,1,70,,172959,25,,,1,30,,172960,25,,,1,70,,172961,25,,,1,30,,172962,25,,,1,70,,172963,25,,,1
11800,'118-Sunday-1-26-06-0000001',649,,172984,25,,,1,100,,172964,25,,,1,100,,172965,25,,,1,101,,172966,25,,,1,100,,172967,25,,,1,85,,172968,25,,,1,70,,172969,25,,,1,30,,172970,25,,,1,70,,172971,25,,,1,30,,172972,25,,,1,70,,172973,25,,,1,30,,172974,25,,,1,70,,172975,25,,,1,30,,172976,25,,,1,70,,172977,25,,,1,30,,172978,25,,,1,70,,172979,25,,,1,29,,172980,25,,,1,70,,172981,25,,,1,30,,172982,25,,,1,70,,172983,25,,,1
11800,'118-Sunday-2-26-06-0000001',649,,194326,25,,,1,100,,194306,25,,,1,100,,194307,25,,,1,101,,194308,25,,,1,100,,194309,25,,,1,85,,194310,25,,,1,70,,194311,25,,,1,30,,194312,25,,,1,70,,194313,25,,,1,30,,194314,25,,,1,70,,194315,25,,,1,30,,194316,25,,,1,70,,194317,25,,,1,30,,194318,25,,,1,70,,194319,25,,,1,30,,194320,25,,,1,70,,194321,25,,,1,29,,194322,25,,,1,70,,194323,25,,,1,30,,194324,25,,,1,70,,194325,25,,,1
