62500,'625-Weekday-1-26-02-0001000',1246,,112345,,,1
62500,'625-Weekday-1-26-02-1110100',1547,,112346,,,1
62500,'625-Weekday-2-26-02-0001000',1246,,112347,,,1
62500,'625-Weekday-2-26-02-1110100',1547,,112348,,,1
62500,'625-Weekday-5-26-02-0000100',1246,,112349,,,1
62500,'625-Weekday-5-26-02-1111000',1547,,112350,,,1
62500,'625-Weekday-6-26-02-1110100',1547,,112351,,,1
62500,'625-Weekday-8-26-02-1110100',1547,,112352,,,1
62500,'625-Weekday-9-26-02-0001000',1246,,159434,,,1
24014000,'140X-Weekday-1-26-02-1111100',1532,,149635,,,1,20,,149636,,,1,60,,149637,,,1,20,,149638,,,1,20,,149639,,,1,60,,149640,,,1,20,,149641,,,1,20,,149642,,,1,60,,149643,,,1
24014000,'140X-Weekday-10-26-02-1111100',1532,,164218,,,1,20,,164219,,,1,60,,164220,,,1,20,,164221,,,1,20,,164222,,,1,60,,164223,,,1,20,,164224,,,1,20,,164225,,,1,60,,164226,,,1
24014000,'140X-Weekday-2-26-02-1111100',1532,,149644,,,1,20,,149645,,,1,60,,149646,,,1,20,,149647,,,1,20,,149648,,,1,60,,149649,,,1,20,,149650,,,1,20,,149651,,,1,60,,149652,,,1
24014000,'140X-Weekday-4-26-02-1111100',1532,,149653,,,1,20,,149654,,,1,60,,149655,,,1,20,,149656,,,1,20,,149657,,,1,60,,149658,,,1,20,,149659,,,1,20,,149660,,,1,60,,149661,,,1
24014000,'140X-Weekday-5-26-02-1111100',1532,,149662,,,1,20,,149663,,,1,60,,149664,,,1,20,,149665,,,1,20,,149666,,,1,60,,149667,,,1,20,,149668,,,1,20,,149669,,,1,60,,149670,,,1
24014000,'140X-Weekday-6-26-02-1111100',1532,,149671,,,1,20,,149672,,,1,60,,149673,,,1,20,,149674,,,1,20,,149675,,,1,60,,149676,,,1,20,,149677,,,1,20,,149678,,,1,60,,149679,,,1
24014000,'140X-Weekday-7-26-02-1111100',1532,,149680,,,1,20,,149681,,,1,60,,149682,,,1,20,,149683,,,1,20,,149684,,,1,60,,149685,,,1,20,,149686,,,1,20,,149687,,,1,60,,149688,,,1
24014000,'140X-Weekday-8-26-02-1111100',1532,,149689,,,1,20,,149690,,,1,60,,149691,,,1,20,,149692,,,1,20,,149693,,,1,60,,149694,,,1,20,,149695,,,1,20,,149696,,,1,60,,149697,,,1
24014000,'140X-Weekday-9-26-02-1111100',1532,,149698,,,1,20,,149699,,,1,60,,149700,,,1,20,,149701,,,1,20,,149702,,,1,60,,149703,,,1,20,,149704,,,1,20,,149705,,,1,60,,149706,,,1
