91600,'916-Weekday-1-26-06-1111100',539,,184762,4,,,1,70,,184763,4,,,1,15,,184801,4,,,1,15,,184764,4,,,1,15,,184795,4,,,1,55,,184765,4,,,1,15,,184766,4,,,1,15,,184796,4,,,1,17,,184802,4,,,1,63,,184803,4,,,1,30,,184767,4,,,1,71,,184768,4,,,1,30,,184769,4,,,1,70,,184770,4,,,1,30,,184771,4,,,1,70,,184772,4,,,1,30,,184773,4,,,1,70,,184774,4,,,1,30,,184775,4,,,1,70,,184776,4,,,1,30,,184777,4,,,1,70,,184778,4,,,1,30,,184800,4,,,1,60,,184779,4,,,1,20,,184797,4,,,1,20,,184780,4,,,1,60,,184781,4,,,1,20,,184798,4,,,1,20,,184782,4,,,1,60,,184799,4,,,1,20,,184783,4,,,1,15,,184804,4,,,1,59,,184784,4,,,1,30,,184785,4,,,1,70,,184786,4,,,1,30,,184787,4,,,1,70,,184788,4,,,1,30,,184789,4,,,1,70,,184790,4,,,1,30,,184791,4,,,1,69,,184792,4,,,1,100,,184793,4,,,1,100,,184794,4,,,1
91600,'916-Weekday-2-26-06-1111100',539,,201447,4,,,1,70,,201448,4,,,1,15,,201486,4,,,1,15,,201449,4,,,1,15,,201480,4,,,1,55,,201450,4,,,1,15,,201451,4,,,1,15,,201481,4,,,1,17,,201487,4,,,1,63,,201488,4,,,1,30,,201452,4,,,1,71,,201453,4,,,1,30,,201454,4,,,1,70,,201455,4,,,1,30,,201456,4,,,1,70,,201457,4,,,1,30,,201458,4,,,1,70,,201459,4,,,1,30,,201460,4,,,1,70,,201461,4,,,1,30,,201462,4,,,1,70,,201463,4,,,1,30,,201485,4,,,1,60,,201464,4,,,1,20,,201482,4,,,1,20,,201465,4,,,1,60,,201466,4,,,1,20,,201483,4,,,1,20,,201467,4,,,1,60,,201484,4,,,1,20,,201468,4,,,1,15,,201489,4,,,1,59,,201469,4,,,1,30,,201470,4,,,1,70,,201471,4,,,1,30,,201472,4,,,1,70,,201473,4,,,1,30,,201474,4,,,1,70,,201475,4,,,1,30,,201476,4,,,1,69,,201477,4,,,1,100,,201478,4,,,1,100,,201479,4,,,1
91600,'916-Saturday-1-26-06-0000010',600,,184805,4,,,1,100,,184806,4,,,1,100,,184807,4,,,1,30,,184808,4,,,1,27,,184809,4,,,1,70,,184810,4,,,1,30,,184811,4,,,1,70,,184812,4,,,1,30,,184813,4,,,1,70,,184814,4,,,1,30,,184815,4,,,1,70,,184816,4,,,1,30,,184817,4,,,1,70,,184818,4,,,1,30,,184819,4,,,1,70,,184820,4,,,1,30,,184821,4,,,1,70,,184822,4,,,1,30,,184823,4,,,1,70,,184824,4,,,1,74,,184825,4,,,1,30,,184826,4,,,1,70,,184827,4,,,1,30,,184828,4,,,1,70,,184829,4,,,1,100,,184830,4,,,1,100,,184831,4,,,1,100,,184832,4,,,1,100,,184833,4,,,1
91600,'916-Sunday-1-26-06-0000001',602,,184834,4,,,1,100,,184835,4,,,1,100,,184836,4,,,1,53,,184837,4,,,1,100,,184838,4,,,1,70,,184839,4,,,1,30,,184840,4,,,1,70,,184841,4,,,1,30,,184842,4,,,1,70,,184843,4,,,1,30,,184844,4,,,1,70,,184845,4,,,1,30,,184846,4,,,1,70,,184847,4,,,1,30,,184848,4,,,1,70,,184849,4,,,1,30,,184850,4,,,1,70,,184851,4,,,1,30,,184852,4,,,1,70,,184853,4,,,1,30,,184854,4,,,1,70,,184855,4,,,1,77,,184856,4,,,1,100,,184857,4,,,1,100,,184858,4,,,1,100,,184859,4,,,1,100,,184860,4,,,1
91600,'916-Sunday-2-26-06-0000001',602,,201490,4,,,1,100,,201491,4,,,1,100,,201492,4,,,1,53,,201493,4,,,1,100,,201494,4,,,1,70,,201495,4,,,1,30,,201496,4,,,1,70,,201497,4,,,1,30,,201498,4,,,1,70,,201499,4,,,1,30,,201500,4,,,1,70,,201501,4,,,1,30,,201502,4,,,1,70,,201503,4,,,1,30,,201504,4,,,1,70,,201505,4,,,1,30,,201506,4,,,1,70,,201507,4,,,1,30,,201508,4,,,1,70,,201509,4,,,1,30,,201510,4,,,1,70,,201511,4,,,1,77,,201512,4,,,1,100,,201513,4,,,1,100,,201514,4,,,1,100,,201515,4,,,1,100,,201516,4,,,1
91700,'917-Weekday-1-26-06-1111100',501,,184961,4,,,1,30,,184962,4,,,1,70,,184999,4,,,1,20,,184997,4,,,1,21,,184963,4,,,1,60,,184964,4,,,1,20,,184990,4,,,1,20,,184965,4,,,1,60,,184966,4,,,1,20,,184991,4,,,1,20,,185000,4,,,1,60,,184967,4,,,1,30,,184968,4,,,1,70,,184969,4,,,1,30,,184970,4,,,1,70,,184971,4,,,1,30,,184972,4,,,1,70,,184973,4,,,1,30,,184974,4,,,1,70,,184975,4,,,1,30,,184976,4,,,1,70,,184987,4,,,1,30,,184992,4,,,1,70,,184993,4,,,1,30,,184994,4,,,1,70,,184977,4,,,1,30,,184995,4,,,1,70,,184996,4,,,1,30,,184989,4,,,1,70,,184978,4,,,1,30,,184979,4,,,1,70,,184980,4,,,1,30,,184981,4,,,1,70,,184982,4,,,1,30,,184983,4,,,1,70,,184984,4,,,1,30,,184985,4,,,1,68,,184998,4,,,1,100,,184988,4,,,1,100,,184986,4,,,1
91700,'917-Weekday-5-26-06-1111100',501,,201587,4,,,1,30,,201588,4,,,1,70,,201625,4,,,1,20,,201623,4,,,1,21,,201589,4,,,1,60,,201590,4,,,1,20,,201616,4,,,1,20,,201591,4,,,1,60,,201592,4,,,1,20,,201617,4,,,1,20,,201626,4,,,1,60,,201593,4,,,1,30,,201594,4,,,1,70,,201595,4,,,1,30,,201596,4,,,1,70,,201597,4,,,1,30,,201598,4,,,1,70,,201599,4,,,1,30,,201600,4,,,1,70,,201601,4,,,1,30,,201602,4,,,1,70,,201613,4,,,1,30,,201618,4,,,1,70,,201619,4,,,1,30,,201620,4,,,1,70,,201603,4,,,1,30,,201621,4,,,1,70,,201622,4,,,1,30,,201615,4,,,1,70,,201604,4,,,1,30,,201605,4,,,1,70,,201606,4,,,1,30,,201607,4,,,1,70,,201608,4,,,1,30,,201609,4,,,1,70,,201610,4,,,1,30,,201611,4,,,1,68,,201624,4,,,1,100,,201614,4,,,1,100,,201612,4,,,1
91700,'917-Saturday-1-26-06-0000010',548,,185001,4,,,1,100,,185002,4,,,1,100,,185026,4,,,1,70,,185027,4,,,1,27,,185028,4,,,1,66,,185004,4,,,1,30,,185005,4,,,1,70,,185006,4,,,1,30,,185007,4,,,1,70,,185008,4,,,1,30,,185009,4,,,1,70,,185010,4,,,1,30,,185011,4,,,1,70,,185012,4,,,1,30,,185013,4,,,1,70,,185014,4,,,1,30,,185015,4,,,1,70,,185016,4,,,1,30,,185017,4,,,1,70,,185018,4,,,1,31,,185022,4,,,1,73,,185023,4,,,1,30,,185024,4,,,1,70,,185003,4,,,1,30,,185019,4,,,1,70,,185025,4,,,1,100,,185021,4,,,1,100,,185020,4,,,1
91700,'917-Sunday-1-26-06-0000001',548,,185029,4,,,1,100,,185030,4,,,1,100,,185031,4,,,1,97,,185032,4,,,1,99,,185033,4,,,1,70,,185034,4,,,1,30,,185035,4,,,1,70,,185036,4,,,1,30,,185037,4,,,1,70,,185038,4,,,1,30,,185039,4,,,1,70,,185040,4,,,1,30,,185041,4,,,1,70,,185042,4,,,1,30,,185043,4,,,1,70,,185044,4,,,1,30,,185045,4,,,1,70,,185046,4,,,1,32,,185047,4,,,1,70,,185048,4,,,1,30,,185049,4,,,1,70,,185050,4,,,1,30,,185051,4,,,1,100,,185052,4,,,1,100,,185053,4,,,1
91700,'917-Sunday-2-26-06-0000001',548,,201627,4,,,1,100,,201628,4,,,1,100,,201629,4,,,1,97,,201630,4,,,1,99,,201631,4,,,1,70,,201632,4,,,1,30,,201633,4,,,1,70,,201634,4,,,1,30,,201635,4,,,1,70,,201636,4,,,1,30,,201637,4,,,1,70,,201638,4,,,1,30,,201639,4,,,1,70,,201640,4,,,1,30,,201641,4,,,1,70,,201642,4,,,1,30,,201643,4,,,1,70,,201644,4,,,1,32,,201645,4,,,1,70,,201646,4,,,1,30,,201647,4,,,1,70,,201648,4,,,1,30,,201649,4,,,1,100,,201650,4,,,1,100,,201651,4,,,1
92600,'926-Weekday-1-26-06-1111100',603,,186190,4,,,1,20,,186191,4,,,1,20,,186192,4,,,1,60,,186193,4,,,1,20,,186194,4,,,1,20,,186195,4,,,1,60,,186196,4,,,1,20,,186197,4,,,1,20,,186198,4,,,1,57,,186199,4,,,1,30,,186200,4,,,1,70,,186201,4,,,1,30,,186202,4,,,1,70,,186203,4,,,1,30,,186204,4,,,1,70,,186205,4,,,1,30,,186206,4,,,1,70,,186207,4,,,1,30,,186208,4,,,1,70,,186209,4,,,1,30,,186210,4,,,1,71,,186211,4,,,1,13,,186212,4,,,1,20,,186213,4,,,1,20,,186214,4,,,1,60,,186215,4,,,1,20,,186216,4,,,1,20,,186217,4,,,1,60,,186218,4,,,1,20,,186219,4,,,1,20,,186220,4,,,1,60,,186221,4,,,1,19,,186222,4,,,1,70,,186223,4,,,1,30,,186224,4,,,1,70,,186225,4,,,1,30,,186226,4,,,1,70,,186227,4,,,1,30,,186228,4,,,1,70,,186229,4,,,1
92600,'926-Weekday-2-26-06-1111100',603,,202458,4,,,1,20,,202459,4,,,1,20,,202460,4,,,1,60,,202461,4,,,1,20,,202462,4,,,1,20,,202463,4,,,1,60,,202464,4,,,1,20,,202465,4,,,1,20,,202466,4,,,1,57,,202467,4,,,1,30,,202468,4,,,1,70,,202469,4,,,1,30,,202470,4,,,1,70,,202471,4,,,1,30,,202472,4,,,1,70,,202473,4,,,1,30,,202474,4,,,1,70,,202475,4,,,1,30,,202476,4,,,1,70,,202477,4,,,1,30,,202478,4,,,1,71,,202479,4,,,1,13,,202480,4,,,1,20,,202481,4,,,1,20,,202482,4,,,1,60,,202483,4,,,1,20,,202484,4,,,1,20,,202485,4,,,1,60,,202486,4,,,1,20,,202487,4,,,1,20,,202488,4,,,1,60,,202489,4,,,1,19,,202490,4,,,1,70,,202491,4,,,1,30,,202492,4,,,1,70,,202493,4,,,1,30,,202494,4,,,1,70,,202495,4,,,1,30,,202496,4,,,1,70,,202497,4,,,1
92600,'926-Saturday-1-26-06-0000010',758,,186230,4,,,1,70,,186231,4,,,1,30,,186232,4,,,1,70,,186233,4,,,1,30,,186234,4,,,1,70,,186235,4,,,1,30,,186236,4,,,1,70,,186237,4,,,1,30,,186238,4,,,1,70,,186239,4,,,1,30,,186240,4,,,1,70,,186241,4,,,1,30,,186242,4,,,1,70,,186243,4,,,1,30,,186244,4,,,1,70,,186245,4,,,1,30,,186246,4,,,1,70,,186247,4,,,1,30,,186248,4,,,1,70,,186249,4,,,1,30,,186250,4,,,1,70,,186251,4,,,1,30,,186252,4,,,1
92600,'926-Sunday-1-26-06-0000001',1000,,186253,4,,,1,30,,186254,4,,,1,70,,186255,4,,,1,30,,186256,4,,,1,70,,186257,4,,,1,30,,186258,4,,,1,70,,186259,4,,,1,30,,186260,4,,,1,70,,186261,4,,,1,31,,186262,4,,,1,69,,186263,4,,,1,30,,186264,4,,,1,70,,186265,4,,,1,30,,186266,4,,,1,70,,186267,4,,,1,30,,186268,4,,,1,70,,186269,4,,,1,30,,186270,4,,,1,70,,186271,4,,,1
92600,'926-Sunday-2-26-06-0000001',1000,,202498,4,,,1,30,,202499,4,,,1,70,,202500,4,,,1,30,,202501,4,,,1,70,,202502,4,,,1,30,,202503,4,,,1,70,,202504,4,,,1,30,,202505,4,,,1,70,,202506,4,,,1,31,,202507,4,,,1,69,,202508,4,,,1,30,,202509,4,,,1,70,,202510,4,,,1,30,,202511,4,,,1,70,,202512,4,,,1,30,,202513,4,,,1,70,,202514,4,,,1,30,,202515,4,,,1,70,,202516,4,,,1
