10901,'109-Weekday-1-26-02-1111100',528,,33535,11,,,1,30,,33536,11,,,1,70,,33537,11,,,1,24,,33538,11,,,1,55,,33539,11,,,1,15,,33575,11,,,1,15,,33540,11,,,1,15,,33541,11,,,1,55,,33542,11,,,1,15,,33576,11,,,1,15,,33543,11,,,1,22,,33544,11,,,1,69,,33545,11,,,1,30,,33546,11,,,1,70,,33547,11,,,1,30,,33548,11,,,1,70,,33549,11,,,1,30,,33550,11,,,1,70,,33551,11,,,1,30,,33552,11,,,1,70,,33553,11,,,1,30,,33554,11,,,1,70,,33555,11,,,1,30,,33556,11,,,1,65,,33557,11,,,1,15,,33558,11,,,1,15,,33577,11,,,1,55,,33559,11,,,1,15,,33560,11,,,1,15,,33561,11,,,1,15,,33562,11,,,1,55,,33578,11,,,1,22,,33563,11,,,1,70,,33564,11,,,1,30,,33565,11,,,1,28,,33566,11,,,1,70,,33567,11,,,1,30,,33568,11,,,1,70,,33569,11,,,1,30,,33570,11,,,1,70,,33571,11,,,1,30,,33572,11,,,1,99,,33573,11,,,1,100,,33574,11,,,1
10901,'109-Weekday-10-26-02-1111100',528,,33579,11,,,1,30,,33580,11,,,1,70,,33581,11,,,1,24,,33582,11,,,1,55,,33583,11,,,1,15,,33619,11,,,1,15,,33584,11,,,1,15,,33585,11,,,1,55,,33586,11,,,1,15,,33620,11,,,1,15,,33587,11,,,1,22,,33588,11,,,1,69,,33589,11,,,1,30,,33590,11,,,1,70,,33591,11,,,1,30,,33592,11,,,1,70,,33593,11,,,1,30,,33594,11,,,1,70,,33595,11,,,1,30,,33596,11,,,1,70,,33597,11,,,1,30,,33598,11,,,1,70,,33599,11,,,1,30,,33600,11,,,1,65,,33601,11,,,1,15,,33602,11,,,1,15,,33621,11,,,1,55,,33603,11,,,1,15,,33604,11,,,1,15,,33605,11,,,1,15,,33606,11,,,1,55,,33622,11,,,1,22,,33607,11,,,1,70,,33608,11,,,1,30,,33609,11,,,1,28,,33610,11,,,1,70,,33611,11,,,1,30,,33612,11,,,1,70,,33613,11,,,1,30,,33614,11,,,1,70,,33615,11,,,1,30,,33616,11,,,1,99,,33617,11,,,1,100,,33618,11,,,1
10901,'109-Weekday-4-26-02-1111100',528,,33667,11,,,1,30,,33668,11,,,1,70,,33669,11,,,1,24,,33670,11,,,1,55,,33671,11,,,1,15,,33707,11,,,1,15,,33672,11,,,1,15,,33673,11,,,1,55,,33674,11,,,1,15,,33708,11,,,1,15,,33675,11,,,1,22,,33676,11,,,1,69,,33677,11,,,1,30,,33678,11,,,1,70,,33679,11,,,1,30,,33680,11,,,1,70,,33681,11,,,1,30,,33682,11,,,1,70,,33683,11,,,1,30,,33684,11,,,1,70,,33685,11,,,1,30,,33686,11,,,1,70,,33687,11,,,1,30,,33688,11,,,1,65,,33689,11,,,1,15,,33690,11,,,1,15,,33709,11,,,1,55,,33691,11,,,1,15,,33692,11,,,1,15,,33693,11,,,1,15,,33694,11,,,1,55,,33710,11,,,1,22,,33695,11,,,1,70,,33696,11,,,1,30,,33697,11,,,1,28,,33698,11,,,1,70,,33699,11,,,1,30,,33700,11,,,1,70,,33701,11,,,1,30,,33702,11,,,1,70,,33703,11,,,1,30,,33704,11,,,1,99,,33705,11,,,1,100,,33706,11,,,1
10901,'109-Weekday-5-26-02-1111100',528,,33711,11,,,1,30,,33712,11,,,1,70,,33713,11,,,1,24,,33714,11,,,1,55,,33715,11,,,1,15,,33751,11,,,1,15,,33716,11,,,1,15,,33717,11,,,1,55,,33718,11,,,1,15,,33752,11,,,1,15,,33719,11,,,1,22,,33720,11,,,1,69,,33721,11,,,1,30,,33722,11,,,1,70,,33723,11,,,1,30,,33724,11,,,1,70,,33725,11,,,1,30,,33726,11,,,1,70,,33727,11,,,1,30,,33728,11,,,1,70,,33729,11,,,1,30,,33730,11,,,1,70,,33731,11,,,1,30,,33732,11,,,1,65,,33733,11,,,1,15,,33734,11,,,1,15,,33753,11,,,1,55,,33735,11,,,1,15,,33736,11,,,1,15,,33737,11,,,1,15,,33738,11,,,1,55,,33754,11,,,1,22,,33739,11,,,1,70,,33740,11,,,1,30,,33741,11,,,1,28,,33742,11,,,1,70,,33743,11,,,1,30,,33744,11,,,1,70,,33745,11,,,1,30,,33746,11,,,1,70,,33747,11,,,1,30,,33748,11,,,1,99,,33749,11,,,1,100,,33750,11,,,1
10901,'109-Weekday-6-26-02-1111100',528,,33755,11,,,1,30,,33756,11,,,1,70,,33757,11,,,1,24,,33758,11,,,1,55,,33759,11,,,1,15,,33795,11,,,1,15,,33760,11,,,1,15,,33761,11,,,1,55,,33762,11,,,1,15,,33796,11,,,1,15,,33763,11,,,1,22,,33764,11,,,1,69,,33765,11,,,1,30,,33766,11,,,1,70,,33767,11,,,1,30,,33768,11,,,1,70,,33769,11,,,1,30,,33770,11,,,1,70,,33771,11,,,1,30,,33772,11,,,1,70,,33773,11,,,1,30,,33774,11,,,1,70,,33775,11,,,1,30,,33776,11,,,1,65,,33777,11,,,1,15,,33778,11,,,1,15,,33797,11,,,1,55,,33779,11,,,1,15,,33780,11,,,1,15,,33781,11,,,1,15,,33782,11,,,1,55,,33798,11,,,1,22,,33783,11,,,1,70,,33784,11,,,1,30,,33785,11,,,1,28,,33786,11,,,1,70,,33787,11,,,1,30,,33788,11,,,1,70,,33789,11,,,1,30,,33790,11,,,1,70,,33791,11,,,1,30,,33792,11,,,1,99,,33793,11,,,1,100,,33794,11,,,1
10901,'109-Weekday-7-26-02-1111100',528,,33799,11,,,1,30,,33800,11,,,1,70,,33801,11,,,1,24,,33802,11,,,1,55,,33803,11,,,1,15,,33839,11,,,1,15,,33804,11,,,1,15,,33805,11,,,1,55,,33806,11,,,1,15,,33840,11,,,1,15,,33807,11,,,1,22,,33808,11,,,1,69,,33809,11,,,1,30,,33810,11,,,1,70,,33811,11,,,1,30,,33812,11,,,1,70,,33813,11,,,1,30,,33814,11,,,1,70,,33815,11,,,1,30,,33816,11,,,1,70,,33817,11,,,1,30,,33818,11,,,1,70,,33819,11,,,1,30,,33820,11,,,1,65,,33821,11,,,1,15,,33822,11,,,1,15,,33841,11,,,1,55,,33823,11,,,1,15,,33824,11,,,1,15,,33825,11,,,1,15,,33826,11,,,1,55,,33842,11,,,1,22,,33827,11,,,1,70,,33828,11,,,1,30,,33829,11,,,1,28,,33830,11,,,1,70,,33831,11,,,1,30,,33832,11,,,1,70,,33833,11,,,1,30,,33834,11,,,1,70,,33835,11,,,1,30,,33836,11,,,1,99,,33837,11,,,1,100,,33838,11,,,1
10901,'109-Saturday-1-26-02-0000010',820,,33931,11,,,1,30,,33932,11,,,1,70,,33933,11,,,1,30,,33934,11,,,1,70,,33935,11,,,1,30,,33936,11,,,1,70,,33937,11,,,1,30,,33938,11,,,1,70,,33939,11,,,1,30,,33940,11,,,1,70,,33941,11,,,1,30,,33942,11,,,1,70,,33943,11,,,1,30,,33944,11,,,1,70,,33945,11,,,1,30,,33946,11,,,1,70,,33947,11,,,1,30,,33948,11,,,1,70,,33949,11,,,1,30,,33950,11,,,1,70,,33951,11,,,1,30,,33952,11,,,1,70,,33953,11,,,1,30,,33954,11,,,1,70,,33955,11,,,1,30,,33956,11,,,1,70,,33957,11,,,1,30,,33958,11,,,1
10901,'109-Sunday-1-26-02-0000001',1030,,33959,11,,,1,70,,33960,11,,,1,30,,33961,11,,,1,70,,33962,11,,,1,30,,33963,11,,,1,70,,33964,11,,,1,30,,33965,11,,,1,70,,33966,11,,,1,30,,33967,11,,,1,70,,33968,11,,,1,30,,33969,11,,,1,70,,33970,11,,,1,30,,33971,11,,,1,70,,33972,11,,,1,30,,33973,11,,,1,70,,33974,11,,,1,30,,33975,11,,,1,70,,33976,11,,,1
61701,'617-Weekday-1-26-02-1111100',811,,60564,5,,,1
61701,'617-Weekday-5-26-02-1111100',811,,60567,5,,,1
61701,'617-Weekday-9-26-02-1111100',811,,60568,5,,,1
