11900,'119-Weekday-1-26-06-1111100',501,,173075,4,,,1,30,,173076,4,,,1,70,,173077,4,,,1,23,,173078,4,,,1,15,,173079,4,,,1,15,,173080,4,,,1,55,,173081,4,,,1,15,,173082,4,,,1,15,,173083,4,,,1,15,,173084,4,,,1,55,,173085,4,,,1,15,,173086,4,,,1,15,,173087,4,,,1,62,,173088,4,,,1,30,,173089,4,,,1,70,,173090,4,,,1,30,,173091,4,,,1,70,,173092,4,,,1,30,,173093,4,,,1,70,,173094,4,,,1,30,,173095,4,,,1,70,,173096,4,,,1,30,,173097,4,,,1,70,,173098,4,,,1,30,,173099,4,,,1,71,,173100,4,,,1,15,,173101,4,,,1,15,,173102,4,,,1,15,,173103,4,,,1,55,,173104,4,,,1,15,,173105,4,,,1,15,,173106,4,,,1,15,,173107,4,,,1,55,,173108,4,,,1,30,,173109,4,,,1,70,,173110,4,,,1,30,,173111,4,,,1,70,,173112,4,,,1,30,,173113,4,,,1,70,,173114,4,,,1,30,,173115,4,,,1,70,,173116,4,,,1,32,,173117,4,,,1,71,,173071,4,,,1,32,,173072,4,,,1,70,,173073,4,,,1,30,,173074,4,,,1,70,,173070,4,,,1
11900,'119-Weekday-3-26-06-1111100',501,,194392,4,,,1,30,,194393,4,,,1,70,,194394,4,,,1,23,,194395,4,,,1,15,,194396,4,,,1,15,,194397,4,,,1,55,,194398,4,,,1,15,,194399,4,,,1,15,,194400,4,,,1,15,,194401,4,,,1,55,,194402,4,,,1,15,,194403,4,,,1,15,,194404,4,,,1,62,,194405,4,,,1,30,,194406,4,,,1,70,,194407,4,,,1,30,,194408,4,,,1,70,,194409,4,,,1,30,,194410,4,,,1,70,,194411,4,,,1,30,,194412,4,,,1,70,,194413,4,,,1,30,,194414,4,,,1,70,,194415,4,,,1,30,,194416,4,,,1,71,,194417,4,,,1,15,,194418,4,,,1,15,,194419,4,,,1,15,,194420,4,,,1,55,,194421,4,,,1,15,,194422,4,,,1,15,,194423,4,,,1,15,,194424,4,,,1,55,,194425,4,,,1,30,,194426,4,,,1,70,,194427,4,,,1,30,,194428,4,,,1,70,,194429,4,,,1,30,,194430,4,,,1,70,,194431,4,,,1,30,,194432,4,,,1,70,,194433,4,,,1,32,,194434,4,,,1,71,,194388,4,,,1,32,,194389,4,,,1,70,,194390,4,,,1,30,,194391,4,,,1,70,,194387,4,,,1
11900,'119-Saturday-1-26-06-0000010',601,,173118,4,,,1,30,,173119,4,,,1,70,,173120,4,,,1,30,,173121,4,,,1,25,,173122,4,,,1,70,,173123,4,,,1,30,,173124,4,,,1,70,,173125,4,,,1,30,,173126,4,,,1,70,,173127,4,,,1,30,,173128,4,,,1,70,,173129,4,,,1,30,,173130,4,,,1,70,,173131,4,,,1,30,,173132,4,,,1,70,,173133,4,,,1,30,,173134,4,,,1,70,,173135,4,,,1,30,,173136,4,,,1,70,,173137,4,,,1,30,,173138,4,,,1,72,,173139,4,,,1,30,,173140,4,,,1,70,,173141,4,,,1,30,,173142,4,,,1,70,,173143,4,,,1,30,,173144,4,,,1,70,,173145,4,,,1,30,,173146,4,,,1,70,,173147,4,,,1,30,,173148,4,,,1,70,,173149,4,,,1,30,,173150,4,,,1,70,,173151,4,,,1,100,,173152,4,,,1
11900,'119-Sunday-1-26-06-0000001',559,,173176,4,,,1,70,,173179,4,,,1,30,,173177,4,,,1,70,,173180,4,,,1,30,,173178,4,,,1,70,,173181,4,,,1,30,,173153,4,,,1,70,,173182,4,,,1,30,,173154,4,,,1,70,,173155,4,,,1,30,,173156,4,,,1,70,,173157,4,,,1,30,,173158,4,,,1,70,,173159,4,,,1,30,,173160,4,,,1,70,,173161,4,,,1,30,,173162,4,,,1,70,,173163,4,,,1,30,,173164,4,,,1,70,,173165,4,,,1,30,,173166,4,,,1,70,,173167,4,,,1,30,,173168,4,,,1,70,,173169,4,,,1,30,,173170,4,,,1,70,,173183,4,,,1,30,,173171,4,,,1,70,,173184,4,,,1,30,,173172,4,,,1,70,,173185,4,,,1,30,,173173,4,,,1,100,,173174,4,,,1,100,,173175,4,,,1
11900,'119-Sunday-3-26-06-0000001',559,,194458,4,,,1,70,,194461,4,,,1,30,,194459,4,,,1,70,,194462,4,,,1,30,,194460,4,,,1,70,,194463,4,,,1,30,,194435,4,,,1,70,,194464,4,,,1,30,,194436,4,,,1,70,,194437,4,,,1,30,,194438,4,,,1,70,,194439,4,,,1,30,,194440,4,,,1,70,,194441,4,,,1,30,,194442,4,,,1,70,,194443,4,,,1,30,,194444,4,,,1,70,,194445,4,,,1,30,,194446,4,,,1,70,,194447,4,,,1,30,,194448,4,,,1,70,,194449,4,,,1,30,,194450,4,,,1,70,,194451,4,,,1,30,,194452,4,,,1,70,,194465,4,,,1,30,,194453,4,,,1,70,,194466,4,,,1,30,,194454,4,,,1,70,,194467,4,,,1,30,,194455,4,,,1,100,,194456,4,,,1,100,,194457,4,,,1
12201,'122-Weekday-1-26-06-1111100',535,,173662,4,,,1,70,,173663,4,,,1,30,,173664,4,,,1,70,,173673,4,,,1,30,,173674,4,,,1,70,,173675,4,,,1,30,,173676,4,,,1,70,,173682,4,,,1,30,,173683,4,,,1,70,,173684,4,,,1,30,,173685,4,,,1,70,,173681,4,,,1,30,,173680,4,,,1,70,,173679,4,,,1,30,,173678,4,,,1,70,,173677,4,,,1,30,,173665,4,,,1,70,,173666,4,,,1,30,,173667,4,,,1,70,,173668,4,,,1,30,,173669,4,,,1,70,,173670,4,,,1,30,,173671,4,,,1,70,,173672,4,,,1,30,,173686,4,,,1,70,,173687,4,,,1,30,,173688,4,,,1,70,,173689,4,,,1,30,,173690,4,,,1,70,,173691,4,,,1,30,,173692,4,,,1,70,,173693,4,,,1,30,,173694,4,,,1
12201,'122-Weekday-2-26-06-1111100',535,,194700,4,,,1,70,,194701,4,,,1,30,,194702,4,,,1,70,,194711,4,,,1,30,,194712,4,,,1,70,,194713,4,,,1,30,,194714,4,,,1,70,,194720,4,,,1,30,,194721,4,,,1,70,,194722,4,,,1,30,,194723,4,,,1,70,,194719,4,,,1,30,,194718,4,,,1,70,,194717,4,,,1,30,,194716,4,,,1,70,,194715,4,,,1,30,,194703,4,,,1,70,,194704,4,,,1,30,,194705,4,,,1,70,,194706,4,,,1,30,,194707,4,,,1,70,,194708,4,,,1,30,,194709,4,,,1,70,,194710,4,,,1,30,,194724,4,,,1,70,,194725,4,,,1,30,,194726,4,,,1,70,,194727,4,,,1,30,,194728,4,,,1,70,,194729,4,,,1,30,,194730,4,,,1,70,,194731,4,,,1,30,,194732,4,,,1
12201,'122-Saturday-1-26-06-0000010',811,,173695,4,,,1,30,,173696,4,,,1,70,,173697,4,,,1,30,,173698,4,,,1,70,,173699,4,,,1,30,,173700,4,,,1,70,,173701,4,,,1,30,,173702,4,,,1,70,,173703,4,,,1,30,,173704,4,,,1,70,,173705,4,,,1,30,,173706,4,,,1,70,,173707,4,,,1,30,,173708,4,,,1,70,,173709,4,,,1,30,,173710,4,,,1,70,,173711,4,,,1,30,,173712,4,,,1,70,,173713,4,,,1,30,,173714,4,,,1,70,,173715,4,,,1,30,,173716,4,,,1,70,,173717,4,,,1
12201,'122-Sunday-1-26-06-0000001',1004,,173718,4,,,1,30,,173728,4,,,1,70,,173719,4,,,1,30,,173729,4,,,1,70,,173720,4,,,1,30,,173730,4,,,1,70,,173721,4,,,1,30,,173731,4,,,1,70,,173722,4,,,1,30,,173732,4,,,1,70,,173723,4,,,1,30,,173733,4,,,1,70,,173724,4,,,1,30,,173734,4,,,1,70,,173725,4,,,1,30,,173735,4,,,1,70,,173726,4,,,1,30,,173736,4,,,1,70,,173727,4,,,1
12201,'122-Sunday-2-26-06-0000001',1004,,194733,4,,,1,30,,194743,4,,,1,70,,194734,4,,,1,30,,194744,4,,,1,70,,194735,4,,,1,30,,194745,4,,,1,70,,194736,4,,,1,30,,194746,4,,,1,70,,194737,4,,,1,30,,194747,4,,,1,70,,194738,4,,,1,30,,194748,4,,,1,70,,194739,4,,,1,30,,194749,4,,,1,70,,194740,4,,,1,30,,194750,4,,,1,70,,194741,4,,,1,30,,194751,4,,,1,70,,194742,4,,,1
