50100,'501-Weekday-1-26-02-1111100',534,,96926,,,1,70,,96927,,,1,30,,96928,,,1,70,,96929,,,1,15,,96930,,,1,15,,96963,,,1,15,,96931,,,1,55,,96933,,,1,15,,96932,,,1,15,,96935,,,1,74,,96936,,,1,34,,96937,,,1,74,,96938,,,1,34,,96939,,,1,74,,96940,,,1,34,,96941,,,1,74,,96942,,,1,74,,96943,,,1,34,,96944,,,1,74,,96962,,,1,35,,96967,,,1,56,,96964,,,1,15,,96945,,,1,15,,96946,,,1,15,,96947,,,1,55,,96965,,,1,15,,96949,,,1,15,,96948,,,1,15,,96950,,,1,55,,96966,,,1,15,,96953,,,1,15,,96952,,,1,70,,96954,,,1,31,,96955,,,1,71,,96956,,,1,31,,96957,,,1,71,,96958,,,1,31,,96959,,,1,71,,96960,,,1,31,,96961,,,1,99,,96951,,,1,100,,96934,,,1
50100,'501-Weekday-2-26-02-1111100',534,,96968,,,1,70,,96969,,,1,30,,96970,,,1,70,,96971,,,1,15,,96972,,,1,15,,97005,,,1,15,,96973,,,1,55,,96975,,,1,15,,96974,,,1,15,,96977,,,1,74,,96978,,,1,34,,96979,,,1,74,,96980,,,1,34,,96981,,,1,74,,96982,,,1,34,,96983,,,1,74,,96984,,,1,74,,96985,,,1,34,,96986,,,1,74,,97004,,,1,35,,97009,,,1,56,,97006,,,1,15,,96987,,,1,15,,96988,,,1,15,,96989,,,1,55,,97007,,,1,15,,96991,,,1,15,,96990,,,1,15,,96992,,,1,55,,97008,,,1,15,,96995,,,1,15,,96994,,,1,70,,96996,,,1,31,,96997,,,1,71,,96998,,,1,31,,96999,,,1,71,,97000,,,1,31,,97001,,,1,71,,97002,,,1,31,,97003,,,1,99,,96993,,,1,100,,96976,,,1
50100,'501-Weekday-4-26-02-1111100',534,,97010,,,1,70,,97011,,,1,30,,97012,,,1,70,,97013,,,1,15,,97014,,,1,15,,97047,,,1,15,,97015,,,1,55,,97017,,,1,15,,97016,,,1,15,,97019,,,1,74,,97020,,,1,34,,97021,,,1,74,,97022,,,1,34,,97023,,,1,74,,97024,,,1,34,,97025,,,1,74,,97026,,,1,74,,97027,,,1,34,,97028,,,1,74,,97046,,,1,35,,97051,,,1,56,,97048,,,1,15,,97029,,,1,15,,97030,,,1,15,,97031,,,1,55,,97049,,,1,15,,97033,,,1,15,,97032,,,1,15,,97034,,,1,55,,97050,,,1,15,,97037,,,1,15,,97036,,,1,70,,97038,,,1,31,,97039,,,1,71,,97040,,,1,31,,97041,,,1,71,,97042,,,1,31,,97043,,,1,71,,97044,,,1,31,,97045,,,1,99,,97035,,,1,100,,97018,,,1
50100,'501-Weekday-5-26-02-1111100',534,,97052,,,1,70,,97053,,,1,30,,97054,,,1,70,,97055,,,1,15,,97056,,,1,15,,97089,,,1,15,,97057,,,1,55,,97059,,,1,15,,97058,,,1,15,,97061,,,1,74,,97062,,,1,34,,97063,,,1,74,,97064,,,1,34,,97065,,,1,74,,97066,,,1,34,,97067,,,1,74,,97068,,,1,74,,97069,,,1,34,,97070,,,1,74,,97088,,,1,35,,97093,,,1,56,,97090,,,1,15,,97071,,,1,15,,97072,,,1,15,,97073,,,1,55,,97091,,,1,15,,97075,,,1,15,,97074,,,1,15,,97076,,,1,55,,97092,,,1,15,,97079,,,1,15,,97078,,,1,70,,97080,,,1,31,,97081,,,1,71,,97082,,,1,31,,97083,,,1,71,,97084,,,1,31,,97085,,,1,71,,97086,,,1,31,,97087,,,1,99,,97077,,,1,100,,97060,,,1
50100,'501-Weekday-6-26-02-1111100',534,,97094,,,1,70,,97095,,,1,30,,97096,,,1,70,,97097,,,1,15,,97098,,,1,15,,97131,,,1,15,,97099,,,1,55,,97101,,,1,15,,97100,,,1,15,,97103,,,1,74,,97104,,,1,34,,97105,,,1,74,,97106,,,1,34,,97107,,,1,74,,97108,,,1,34,,97109,,,1,74,,97110,,,1,74,,97111,,,1,34,,97112,,,1,74,,97130,,,1,35,,97135,,,1,56,,97132,,,1,15,,97113,,,1,15,,97114,,,1,15,,97115,,,1,55,,97133,,,1,15,,97117,,,1,15,,97116,,,1,15,,97118,,,1,55,,97134,,,1,15,,97121,,,1,15,,97120,,,1,70,,97122,,,1,31,,97123,,,1,71,,97124,,,1,31,,97125,,,1,71,,97126,,,1,31,,97127,,,1,71,,97128,,,1,31,,97129,,,1,99,,97119,,,1,100,,97102,,,1
50100,'501-Weekday-7-26-02-1111100',534,,97136,,,1,70,,97137,,,1,30,,97138,,,1,70,,97139,,,1,15,,97140,,,1,15,,97173,,,1,15,,97141,,,1,55,,97143,,,1,15,,97142,,,1,15,,97145,,,1,74,,97146,,,1,34,,97147,,,1,74,,97148,,,1,34,,97149,,,1,74,,97150,,,1,34,,97151,,,1,74,,97152,,,1,74,,97153,,,1,34,,97154,,,1,74,,97172,,,1,35,,97177,,,1,56,,97174,,,1,15,,97155,,,1,15,,97156,,,1,15,,97157,,,1,55,,97175,,,1,15,,97159,,,1,15,,97158,,,1,15,,97160,,,1,55,,97176,,,1,15,,97163,,,1,15,,97162,,,1,70,,97164,,,1,31,,97165,,,1,71,,97166,,,1,31,,97167,,,1,71,,97168,,,1,31,,97169,,,1,71,,97170,,,1,31,,97171,,,1,99,,97161,,,1,100,,97144,,,1
50100,'501-Weekday-8-26-02-1111100',534,,97178,,,1,70,,97179,,,1,30,,97180,,,1,70,,97181,,,1,15,,97182,,,1,15,,97215,,,1,15,,97183,,,1,55,,97185,,,1,15,,97184,,,1,15,,97187,,,1,74,,97188,,,1,34,,97189,,,1,74,,97190,,,1,34,,97191,,,1,74,,97192,,,1,34,,97193,,,1,74,,97194,,,1,74,,97195,,,1,34,,97196,,,1,74,,97214,,,1,35,,97219,,,1,56,,97216,,,1,15,,97197,,,1,15,,97198,,,1,15,,97199,,,1,55,,97217,,,1,15,,97201,,,1,15,,97200,,,1,15,,97202,,,1,55,,97218,,,1,15,,97205,,,1,15,,97204,,,1,70,,97206,,,1,31,,97207,,,1,71,,97208,,,1,31,,97209,,,1,71,,97210,,,1,31,,97211,,,1,71,,97212,,,1,31,,97213,,,1,99,,97203,,,1,100,,97186,,,1
50100,'501-Weekday-9-26-02-1111100',534,,97220,,,1,70,,97221,,,1,30,,97222,,,1,70,,97223,,,1,15,,97224,,,1,15,,97257,,,1,15,,97225,,,1,55,,97227,,,1,15,,97226,,,1,15,,97229,,,1,74,,97230,,,1,34,,97231,,,1,74,,97232,,,1,34,,97233,,,1,74,,97234,,,1,34,,97235,,,1,74,,97236,,,1,74,,97237,,,1,34,,97238,,,1,74,,97256,,,1,35,,97261,,,1,56,,97258,,,1,15,,97239,,,1,15,,97240,,,1,15,,97241,,,1,55,,97259,,,1,15,,97243,,,1,15,,97242,,,1,15,,97244,,,1,55,,97260,,,1,15,,97247,,,1,15,,97246,,,1,70,,97248,,,1,31,,97249,,,1,71,,97250,,,1,31,,97251,,,1,71,,97252,,,1,31,,97253,,,1,71,,97254,,,1,31,,97255,,,1,99,,97245,,,1,100,,97228,,,1
50100,'501-Saturday-1-26-02-0000010',604,,97285,,,1,30,,97286,,,1,70,,97287,,,1,30,,97262,,,1,70,,97263,,,1,30,,97264,,,1,71,,97265,,,1,32,,97266,,,1,72,,97267,,,1,32,,97268,,,1,72,,97269,,,1,32,,97270,,,1,72,,97271,,,1,32,,97272,,,1,72,,97273,,,1,32,,97274,,,1,72,,97275,,,1,32,,97276,,,1,72,,97277,,,1,72,,97278,,,1,32,,97279,,,1,72,,97280,,,1,32,,97281,,,1,72,,97282,,,1,32,,97283,,,1,72,,97284,,,1
50100,'501-Sunday-1-26-02-0000001',612,,97288,,,1,30,,97289,,,1,70,,97290,,,1,30,,97291,,,1,70,,97292,,,1,30,,97293,,,1,71,,97294,,,1,30,,97295,,,1,70,,97296,,,1,30,,97297,,,1,70,,97298,,,1,30,,97299,,,1,70,,97300,,,1,30,,97301,,,1,70,,97302,,,1,30,,97303,,,1,70,,97304,,,1,30,,97305,,,1,70,,97306,,,1,30,,97307,,,1,70,,97308,,,1,30,,97309,,,1,70,,97310,,,1,30,,97311,,,1,70,,97312,,,1,30,,97313,,,1,70,,97314,,,1
