11301,'113-Weekday-1-26-02-1111100',529,,35355,10,,,1,30,,35356,10,,,1,71,,35357,10,,,1,15,,35358,10,,,1,55,,35398,10,,,1,15,,35359,10,,,1,15,,35360,10,,,1,15,,35361,10,,,1,55,,35397,10,,,1,15,,35362,10,,,1,15,,35363,10,,,1,15,,35364,10,,,1,11,,35401,10,,,1,70,,35365,10,,,1,30,,35366,10,,,1,70,,35367,10,,,1,30,,35368,10,,,1,70,,35369,10,,,1,30,,35370,10,,,1,70,,35371,10,,,1,30,,35372,10,,,1,70,,35373,10,,,1,30,,35374,10,,,1,70,,35375,10,,,1,74,,35402,10,,,1,2,,35403,10,,,1,13,,35376,10,,,1,15,,35377,10,,,1,15,,35378,10,,,1,55,,35400,10,,,1,15,,35379,10,,,1,15,,35380,10,,,1,15,,35381,10,,,1,55,,35399,10,,,1,15,,35382,10,,,1,15,,35383,10,,,1,26,,35384,10,,,1,70,,35385,10,,,1,30,,35386,10,,,1,70,,35387,10,,,1,30,,35388,10,,,1,70,,35389,10,,,1,30,,35390,10,,,1,70,,35391,10,,,1,30,,35392,10,,,1,69,,35393,10,,,1,30,,35394,10,,,1,70,,35395,10,,,1,30,,35396,10,,,1
11301,'113-Weekday-10-26-02-1111100',529,,35404,10,,,1,30,,35405,10,,,1,71,,35406,10,,,1,15,,35407,10,,,1,55,,35447,10,,,1,15,,35408,10,,,1,15,,35409,10,,,1,15,,35410,10,,,1,55,,35446,10,,,1,15,,35411,10,,,1,15,,35412,10,,,1,15,,35413,10,,,1,11,,35450,10,,,1,70,,35414,10,,,1,30,,35415,10,,,1,70,,35416,10,,,1,30,,35417,10,,,1,70,,35418,10,,,1,30,,35419,10,,,1,70,,35420,10,,,1,30,,35421,10,,,1,70,,35422,10,,,1,30,,35423,10,,,1,70,,35424,10,,,1,74,,35451,10,,,1,2,,35452,10,,,1,13,,35425,10,,,1,15,,35426,10,,,1,15,,35427,10,,,1,55,,35449,10,,,1,15,,35428,10,,,1,15,,35429,10,,,1,15,,35430,10,,,1,55,,35448,10,,,1,15,,35431,10,,,1,15,,35432,10,,,1,26,,35433,10,,,1,70,,35434,10,,,1,30,,35435,10,,,1,70,,35436,10,,,1,30,,35437,10,,,1,70,,35438,10,,,1,30,,35439,10,,,1,70,,35440,10,,,1,30,,35441,10,,,1,69,,35442,10,,,1,30,,35443,10,,,1,70,,35444,10,,,1,30,,35445,10,,,1
11301,'113-Weekday-4-26-02-1111100',529,,35502,10,,,1,30,,35503,10,,,1,71,,35504,10,,,1,15,,35505,10,,,1,55,,35545,10,,,1,15,,35506,10,,,1,15,,35507,10,,,1,15,,35508,10,,,1,55,,35544,10,,,1,15,,35509,10,,,1,15,,35510,10,,,1,15,,35511,10,,,1,11,,35548,10,,,1,70,,35512,10,,,1,30,,35513,10,,,1,70,,35514,10,,,1,30,,35515,10,,,1,70,,35516,10,,,1,30,,35517,10,,,1,70,,35518,10,,,1,30,,35519,10,,,1,70,,35520,10,,,1,30,,35521,10,,,1,70,,35522,10,,,1,74,,35549,10,,,1,15,,35523,10,,,1,15,,35524,10,,,1,15,,35525,10,,,1,55,,35547,10,,,1,15,,35526,10,,,1,15,,35527,10,,,1,15,,35528,10,,,1,55,,35546,10,,,1,15,,35529,10,,,1,15,,35530,10,,,1,26,,35531,10,,,1,70,,35532,10,,,1,30,,35533,10,,,1,70,,35534,10,,,1,30,,35535,10,,,1,70,,35536,10,,,1,30,,35537,10,,,1,70,,35538,10,,,1,30,,35539,10,,,1,69,,35540,10,,,1,30,,35541,10,,,1,70,,35542,10,,,1,30,,35543,10,,,1
11301,'113-Weekday-5-26-02-1111100',529,,35550,10,,,1,30,,35551,10,,,1,71,,35552,10,,,1,15,,35553,10,,,1,55,,35593,10,,,1,15,,35554,10,,,1,15,,35555,10,,,1,15,,35556,10,,,1,55,,35592,10,,,1,15,,35557,10,,,1,15,,35558,10,,,1,15,,35559,10,,,1,11,,35596,10,,,1,70,,35560,10,,,1,30,,35561,10,,,1,70,,35562,10,,,1,30,,35563,10,,,1,70,,35564,10,,,1,30,,35565,10,,,1,70,,35566,10,,,1,30,,35567,10,,,1,70,,35568,10,,,1,30,,35569,10,,,1,70,,35570,10,,,1,74,,35597,10,,,1,2,,35598,10,,,1,13,,35571,10,,,1,15,,35572,10,,,1,15,,35573,10,,,1,55,,35595,10,,,1,15,,35574,10,,,1,15,,35575,10,,,1,15,,35576,10,,,1,55,,35594,10,,,1,15,,35577,10,,,1,15,,35578,10,,,1,26,,35579,10,,,1,70,,35580,10,,,1,30,,35581,10,,,1,70,,35582,10,,,1,30,,35583,10,,,1,70,,35584,10,,,1,30,,35585,10,,,1,70,,35586,10,,,1,30,,35587,10,,,1,69,,35588,10,,,1,30,,35589,10,,,1,70,,35590,10,,,1,30,,35591,10,,,1
11301,'113-Weekday-7-26-02-1111100',529,,35648,10,,,1,30,,35649,10,,,1,71,,35650,10,,,1,15,,35651,10,,,1,55,,35691,10,,,1,15,,35652,10,,,1,15,,35653,10,,,1,15,,35654,10,,,1,55,,35690,10,,,1,15,,35655,10,,,1,15,,35656,10,,,1,15,,35657,10,,,1,11,,35694,10,,,1,70,,35658,10,,,1,30,,35659,10,,,1,70,,35660,10,,,1,30,,35661,10,,,1,70,,35662,10,,,1,30,,35663,10,,,1,70,,35664,10,,,1,30,,35665,10,,,1,70,,35666,10,,,1,30,,35667,10,,,1,70,,35668,10,,,1,74,,35695,10,,,1,15,,35669,10,,,1,15,,35670,10,,,1,15,,35671,10,,,1,55,,35693,10,,,1,15,,35672,10,,,1,15,,35673,10,,,1,15,,35674,10,,,1,55,,35692,10,,,1,15,,35675,10,,,1,15,,35676,10,,,1,26,,35677,10,,,1,70,,35678,10,,,1,30,,35679,10,,,1,70,,35680,10,,,1,30,,35681,10,,,1,70,,35682,10,,,1,30,,35683,10,,,1,70,,35684,10,,,1,30,,35685,10,,,1,69,,35686,10,,,1,30,,35687,10,,,1,70,,35688,10,,,1,30,,35689,10,,,1
11301,'113-Saturday-1-26-02-0000010',602,,35794,10,,,1,30,,35795,10,,,1,70,,35796,10,,,1,30,,35797,10,,,1,70,,35798,10,,,1,30,,35799,10,,,1,71,,35800,10,,,1,30,,35801,10,,,1,70,,35802,10,,,1,30,,35803,10,,,1,70,,35804,10,,,1,30,,35805,10,,,1,70,,35806,10,,,1,30,,35807,10,,,1,70,,35808,10,,,1,30,,35809,10,,,1,70,,35810,10,,,1,30,,35811,10,,,1,70,,35812,10,,,1,30,,35813,10,,,1,70,,35814,10,,,1,30,,35815,10,,,1,69,,35816,10,,,1,30,,35817,10,,,1,70,,35818,10,,,1,30,,35819,10,,,1,70,,35820,10,,,1,30,,35821,10,,,1,70,,35822,10,,,1,30,,35823,10,,,1,70,,35824,10,,,1,30,,35825,10,,,1,71,,35826,10,,,1,30,,35827,10,,,1,70,,35828,10,,,1,30,,35829,10,,,1,71,,35830,10,,,1,30,,35831,10,,,1
11301,'113-Sunday-1-26-02-0000001',559,,35869,10,,,1,70,,35832,10,,,1,30,,35833,10,,,1,70,,35834,10,,,1,30,,35835,10,,,1,70,,35836,10,,,1,30,,35837,10,,,1,71,,35838,10,,,1,71,,35839,10,,,1,30,,35840,10,,,1,70,,35841,10,,,1,30,,35842,10,,,1,70,,35843,10,,,1,30,,35844,10,,,1,70,,35845,10,,,1,30,,35846,10,,,1,70,,35847,10,,,1,30,,35848,10,,,1,70,,35849,10,,,1,30,,35850,10,,,1,70,,35851,10,,,1,30,,35852,10,,,1,70,,35853,10,,,1,28,,35854,10,,,1,30,,35855,10,,,1,70,,35856,10,,,1,30,,35857,10,,,1,70,,35858,10,,,1,30,,35859,10,,,1,70,,35860,10,,,1,30,,35861,10,,,1,70,,35862,10,,,1,30,,35863,10,,,1,70,,35864,10,,,1,30,,35865,10,,,1,70,,35866,10,,,1,30,,35867,10,,,1,70,,35868,10,,,1
62800,'628-Weekday-1-26-02-1111100',1512,3,60903,1,,,1
62800,'628-Weekday-5-26-02-1111100',1512,3,60906,1,,,1
62800,'628-Weekday-9-26-02-1111100',1512,3,60907,1,,,1
