50401,'504-Weekday-1-26-02-1111100',545,,45212,19,,,1,70,,45213,19,,,1,33,,45214,19,,,1,70,,45215,19,,,1,30,,45216,19,,,1,70,,45217,19,,,1,30,,45218,19,,,1,68,,45219,19,,,1,100,,45220,19,,,1,100,,45221,19,,,1,100,,45222,19,,,1,100,,45223,19,,,1,100,,45224,19,,,1,86,,45225,19,,,1,31,,45226,19,,,1,72,,45227,19,,,1,30,,45228,19,,,1,70,,45229,19,,,1,100,,45230,19,,,1,97,,45231,19,,,1,100,,45232,19,,,1,100,,45233,19,,,1,100,,45234,19,,,1
50401,'504-Weekday-10-26-02-1111100',545,,45235,19,,,1,70,,45236,19,,,1,33,,45237,19,,,1,70,,45238,19,,,1,30,,45239,19,,,1,70,,45240,19,,,1,30,,45241,19,,,1,68,,45242,19,,,1,100,,45243,19,,,1,100,,45244,19,,,1,100,,45245,19,,,1,100,,45246,19,,,1,100,,45247,19,,,1,86,,45248,19,,,1,31,,45249,19,,,1,72,,45250,19,,,1,30,,45251,19,,,1,70,,45252,19,,,1,100,,45253,19,,,1,97,,45254,19,,,1,100,,45255,19,,,1,100,,45256,19,,,1,100,,45257,19,,,1
50401,'504-Weekday-2-26-02-1111100',545,,45258,19,,,1,70,,45259,19,,,1,33,,45260,19,,,1,70,,45261,19,,,1,30,,45262,19,,,1,70,,45263,19,,,1,30,,45264,19,,,1,68,,45265,19,,,1,100,,45266,19,,,1,100,,45267,19,,,1,100,,45268,19,,,1,100,,45269,19,,,1,100,,45270,19,,,1,86,,45271,19,,,1,31,,45272,19,,,1,72,,45273,19,,,1,30,,45274,19,,,1,70,,45275,19,,,1,100,,45276,19,,,1,97,,45277,19,,,1,100,,45278,19,,,1,100,,45279,19,,,1,100,,45280,19,,,1
50401,'504-Weekday-4-26-02-1111100',545,,45281,19,,,1,70,,45282,19,,,1,33,,45283,19,,,1,70,,45284,19,,,1,30,,45285,19,,,1,70,,45286,19,,,1,30,,45287,19,,,1,68,,45288,19,,,1,100,,45289,19,,,1,100,,45290,19,,,1,100,,45291,19,,,1,100,,45292,19,,,1,100,,45293,19,,,1,86,,45294,19,,,1,31,,45295,19,,,1,72,,45296,19,,,1,30,,45297,19,,,1,70,,45298,19,,,1,100,,45299,19,,,1,97,,45300,19,,,1,100,,45301,19,,,1,100,,45302,19,,,1,100,,45303,19,,,1
50401,'504-Weekday-5-26-02-1111100',545,,45304,19,,,1,70,,45305,19,,,1,33,,45306,19,,,1,70,,45307,19,,,1,30,,45308,19,,,1,70,,45309,19,,,1,30,,45310,19,,,1,68,,45311,19,,,1,100,,45312,19,,,1,100,,45313,19,,,1,100,,45314,19,,,1,100,,45315,19,,,1,100,,45316,19,,,1,86,,45317,19,,,1,31,,45318,19,,,1,72,,45319,19,,,1,30,,45320,19,,,1,70,,45321,19,,,1,100,,45322,19,,,1,97,,45323,19,,,1,100,,45324,19,,,1,100,,45325,19,,,1,100,,45326,19,,,1
50401,'504-Weekday-6-26-02-1111100',545,,45327,19,,,1,70,,45328,19,,,1,33,,45329,19,,,1,70,,45330,19,,,1,30,,45331,19,,,1,70,,45332,19,,,1,30,,45333,19,,,1,68,,45334,19,,,1,100,,45335,19,,,1,100,,45336,19,,,1,100,,45337,19,,,1,100,,45338,19,,,1,100,,45339,19,,,1,86,,45340,19,,,1,31,,45341,19,,,1,72,,45342,19,,,1,30,,45343,19,,,1,70,,45344,19,,,1,100,,45345,19,,,1,97,,45346,19,,,1,100,,45347,19,,,1,100,,45348,19,,,1,100,,45349,19,,,1
50401,'504-Weekday-7-26-02-1111100',545,,45350,19,,,1,70,,45351,19,,,1,33,,45352,19,,,1,70,,45353,19,,,1,30,,45354,19,,,1,70,,45355,19,,,1,30,,45356,19,,,1,68,,45357,19,,,1,100,,45358,19,,,1,100,,45359,19,,,1,100,,45360,19,,,1,100,,45361,19,,,1,100,,45362,19,,,1,86,,45363,19,,,1,31,,45364,19,,,1,72,,45365,19,,,1,30,,45366,19,,,1,70,,45367,19,,,1,100,,45368,19,,,1,97,,45369,19,,,1,100,,45370,19,,,1,100,,45371,19,,,1,100,,45372,19,,,1
50401,'504-Weekday-8-26-02-1111100',545,,45373,19,,,1,70,,45374,19,,,1,33,,45375,19,,,1,70,,45376,19,,,1,30,,45377,19,,,1,70,,45378,19,,,1,30,,45379,19,,,1,68,,45380,19,,,1,100,,45381,19,,,1,100,,45382,19,,,1,100,,45383,19,,,1,100,,45384,19,,,1,100,,45385,19,,,1,86,,45386,19,,,1,31,,45387,19,,,1,72,,45388,19,,,1,30,,45389,19,,,1,70,,45390,19,,,1,100,,45391,19,,,1,97,,45392,19,,,1,100,,45393,19,,,1,100,,45394,19,,,1,100,,45395,19,,,1
50401,'504-Weekday-9-26-02-1111100',545,,45396,19,,,1,70,,45397,19,,,1,33,,45398,19,,,1,70,,45399,19,,,1,30,,45400,19,,,1,70,,45401,19,,,1,30,,45402,19,,,1,68,,45403,19,,,1,100,,45404,19,,,1,100,,45405,19,,,1,100,,45406,19,,,1,100,,45407,19,,,1,100,,45408,19,,,1,86,,45409,19,,,1,31,,45410,19,,,1,72,,45411,19,,,1,30,,45412,19,,,1,70,,45413,19,,,1,100,,45414,19,,,1,97,,45415,19,,,1,100,,45416,19,,,1,100,,45417,19,,,1,100,,45418,19,,,1
50401,'504-Saturday-1-26-02-0000010',728,,45419,19,,,1,100,,45420,19,,,1,100,,45421,19,,,1,100,,45422,19,,,1,100,,45423,19,,,1,100,,45424,19,,,1,100,,45425,19,,,1,100,,45426,19,,,1,100,,45427,19,,,1,100,,45428,19,,,1,100,,45429,19,,,1,100,,45430,19,,,1,100,,45431,19,,,1
50401,'504-Sunday-1-26-02-0000001',824,,45432,19,,,1,100,,45433,19,,,1,100,,45434,19,,,1,100,,45435,19,,,1,100,,45436,19,,,1,100,,45437,19,,,1,100,,45438,19,,,1,100,,45439,19,,,1,100,,45440,19,,,1,100,,45441,19,,,1,100,,45442,19,,,1,100,,45443,19,,,1
