11200,'112-Weekday-1-26-02-1111100',529,,34117,14,,,1,30,,34118,14,,,1,70,,34119,14,,,1,71,,34120,14,,,1,20,,34151,14,,,1,20,,34152,14,,,1,60,,34121,14,,,1,20,,34122,14,,,1,30,,34123,14,,,1,70,,34124,14,,,1,30,,34125,14,,,1,70,,34126,14,,,1,30,,34127,14,,,1,70,,34128,14,,,1,30,,34129,14,,,1,70,,34150,14,,,1,30,,34130,14,,,1,70,,34131,14,,,1,30,,34149,14,,,1,70,,34132,14,,,1,30,,34133,14,,,1,70,,34134,14,,,1,20,,34135,14,,,1,60,,34136,14,,,1,20,,34137,14,,,1,20,,34138,14,,,1,60,,34139,14,,,1,20,,34140,14,,,1,30,,34141,14,,,1,70,,34142,14,,,1,30,,34143,14,,,1,70,,34144,14,,,1,30,,34145,14,,,1,70,,34146,14,,,1,30,,34147,14,,,1,70,,34148,14,,,1
11200,'112-Weekday-10-26-02-1111100',529,,34153,14,,,1,30,,34154,14,,,1,70,,34155,14,,,1,71,,34156,14,,,1,20,,34187,14,,,1,20,,34188,14,,,1,60,,34157,14,,,1,20,,34158,14,,,1,30,,34159,14,,,1,70,,34160,14,,,1,30,,34161,14,,,1,70,,34162,14,,,1,30,,34163,14,,,1,70,,34164,14,,,1,30,,34165,14,,,1,70,,34186,14,,,1,30,,34166,14,,,1,70,,34167,14,,,1,30,,34185,14,,,1,70,,34168,14,,,1,30,,34169,14,,,1,70,,34170,14,,,1,20,,34171,14,,,1,60,,34172,14,,,1,20,,34173,14,,,1,20,,34174,14,,,1,60,,34175,14,,,1,20,,34176,14,,,1,30,,34177,14,,,1,70,,34178,14,,,1,30,,34179,14,,,1,70,,34180,14,,,1,30,,34181,14,,,1,70,,34182,14,,,1,30,,34183,14,,,1,70,,34184,14,,,1
11200,'112-Weekday-11-26-02-1111100',529,,112642,14,,,1,30,,112643,14,,,1,70,,112644,14,,,1,71,,112645,14,,,1,20,,112676,14,,,1,20,,112677,14,,,1,60,,112646,14,,,1,20,,112647,14,,,1,30,,112648,14,,,1,70,,112649,14,,,1,30,,112650,14,,,1,70,,112651,14,,,1,30,,112652,14,,,1,70,,112653,14,,,1,30,,112654,14,,,1,70,,112675,14,,,1,30,,112655,14,,,1,70,,112656,14,,,1,30,,112674,14,,,1,70,,112657,14,,,1,30,,112658,14,,,1,70,,112659,14,,,1,20,,112660,14,,,1,60,,112661,14,,,1,20,,112662,14,,,1,20,,112663,14,,,1,60,,112664,14,,,1,20,,112665,14,,,1,30,,112666,14,,,1,70,,112667,14,,,1,30,,112668,14,,,1,70,,112669,14,,,1,30,,112670,14,,,1,70,,112671,14,,,1,30,,112672,14,,,1,70,,112673,14,,,1
11200,'112-Saturday-1-26-02-0000010',803,,34441,14,,,1,30,,34442,14,,,1,70,,34443,14,,,1,30,,34444,14,,,1,70,,34445,14,,,1,30,,34446,14,,,1,70,,34447,14,,,1,30,,34448,14,,,1,70,,34449,14,,,1,30,,34450,14,,,1,70,,34451,14,,,1,30,,34452,14,,,1,70,,34453,14,,,1,30,,34454,14,,,1,70,,34455,14,,,1,30,,34456,14,,,1,70,,34457,14,,,1,30,,34458,14,,,1,70,,34459,14,,,1,30,,34460,14,,,1,70,,34461,14,,,1,30,,34462,14,,,1,70,,34463,14,,,1
11200,'112-Sunday-2-26-02-0000001',1007,,112678,14,,,1,30,,112679,14,,,1,70,,112680,14,,,1,30,,112681,14,,,1,70,,112682,14,,,1,30,,112683,14,,,1,70,,112684,14,,,1,30,,112685,14,,,1,70,,112686,14,,,1,30,,112687,14,,,1,70,,112688,14,,,1,30,,112689,14,,,1,70,,112690,14,,,1,30,,112691,14,,,1,70,,112692,14,,,1,29,,112693,14,,,1,70,,112694,14,,,1,30,,112695,14,,,1,70,,112696,14,,,1
61801,'618-Weekday-1-26-02-1111100',754,,60578,4,,,1
61801,'618-Weekday-10-26-02-1111100',754,,116694,4,,,1
61801,'618-Weekday-9-26-02-1111100',754,,60583,4,,,1
62401,'624-Weekday-1-26-02-1111100',729,,60815,4,,,1
62401,'624-Weekday-10-26-02-1111100',729,,116733,4,,,1
62401,'624-Weekday-9-26-02-1111100',729,,60820,4,,,1
