11901,'119-Weekday-1-26-02-1111100',510,,40288,15,,,1,30,,40289,15,,,1,70,,40290,15,,,1,31,,40291,15,,,1,12,,40292,15,,,1,52,,40293,15,,,1,12,,40335,15,,,1,12,,40294,15,,,1,12,,40295,15,,,1,12,,40296,15,,,1,52,,40297,15,,,1,12,,40334,15,,,1,12,,40298,15,,,1,12,,40299,15,,,1,70,,40300,15,,,1,31,,40301,15,,,1,70,,40302,15,,,1,30,,40303,15,,,1,70,,40304,15,,,1,30,,40305,15,,,1,70,,40306,15,,,1,30,,40307,15,,,1,70,,40308,15,,,1,30,,40309,15,,,1,70,,40310,15,,,1,30,,40311,15,,,1,71,,40312,15,,,1,20,,40313,15,,,1,16,,40336,15,,,1,55,,40314,15,,,1,15,,40315,15,,,1,15,,40316,15,,,1,15,,40317,15,,,1,55,,40318,15,,,1,15,,40319,15,,,1,30,,40320,15,,,1,70,,40321,15,,,1,29,,40322,15,,,1,68,,40323,15,,,1,30,,40324,15,,,1,70,,40325,15,,,1,30,,40326,15,,,1,70,,40327,15,,,1,30,,40328,15,,,1,70,,40329,15,,,1,29,,40330,15,,,1,70,,40331,15,,,1,30,,40332,15,,,1,70,,40333,15,,,1
11901,'119-Weekday-10-26-02-1111100',510,,40337,15,,,1,30,,40338,15,,,1,70,,40339,15,,,1,31,,40340,15,,,1,12,,40341,15,,,1,52,,40342,15,,,1,12,,40384,15,,,1,12,,40343,15,,,1,12,,40344,15,,,1,12,,40345,15,,,1,52,,40346,15,,,1,12,,40383,15,,,1,12,,40347,15,,,1,12,,40348,15,,,1,70,,40349,15,,,1,31,,40350,15,,,1,70,,40351,15,,,1,30,,40352,15,,,1,70,,40353,15,,,1,30,,40354,15,,,1,70,,40355,15,,,1,30,,40356,15,,,1,70,,40357,15,,,1,30,,40358,15,,,1,70,,40359,15,,,1,30,,40360,15,,,1,71,,40361,15,,,1,20,,40362,15,,,1,16,,40385,15,,,1,55,,40363,15,,,1,15,,40364,15,,,1,15,,40365,15,,,1,15,,40366,15,,,1,55,,40367,15,,,1,15,,40368,15,,,1,30,,40369,15,,,1,70,,40370,15,,,1,29,,40371,15,,,1,68,,40372,15,,,1,30,,40373,15,,,1,70,,40374,15,,,1,30,,40375,15,,,1,70,,40376,15,,,1,30,,40377,15,,,1,70,,40378,15,,,1,29,,40379,15,,,1,70,,40380,15,,,1,30,,40381,15,,,1,70,,40382,15,,,1
11901,'119-Weekday-4-26-02-1111100',510,,40435,15,,,1,30,,40436,15,,,1,70,,40437,15,,,1,31,,40438,15,,,1,12,,40439,15,,,1,52,,40440,15,,,1,12,,40482,15,,,1,12,,40441,15,,,1,12,,40442,15,,,1,12,,40443,15,,,1,52,,40444,15,,,1,12,,40481,15,,,1,12,,40445,15,,,1,12,,40446,15,,,1,70,,40447,15,,,1,31,,40448,15,,,1,70,,40449,15,,,1,30,,40450,15,,,1,70,,40451,15,,,1,30,,40452,15,,,1,70,,40453,15,,,1,30,,40454,15,,,1,70,,40455,15,,,1,30,,40456,15,,,1,70,,40457,15,,,1,30,,40458,15,,,1,71,,40459,15,,,1,20,,40460,15,,,1,16,,40483,15,,,1,55,,40461,15,,,1,15,,40462,15,,,1,15,,40463,15,,,1,15,,40464,15,,,1,55,,40465,15,,,1,15,,40466,15,,,1,30,,40467,15,,,1,70,,40468,15,,,1,29,,40469,15,,,1,68,,40470,15,,,1,30,,40471,15,,,1,70,,40472,15,,,1,30,,40473,15,,,1,70,,40474,15,,,1,30,,40475,15,,,1,70,,40476,15,,,1,29,,40477,15,,,1,70,,40478,15,,,1,30,,40479,15,,,1,70,,40480,15,,,1
11901,'119-Weekday-5-26-02-1111100',510,,40484,15,,,1,30,,40485,15,,,1,70,,40486,15,,,1,31,,40487,15,,,1,12,,40488,15,,,1,52,,40489,15,,,1,12,,40531,15,,,1,12,,40490,15,,,1,12,,40491,15,,,1,12,,40492,15,,,1,52,,40493,15,,,1,12,,40530,15,,,1,12,,40494,15,,,1,12,,40495,15,,,1,70,,40496,15,,,1,31,,40497,15,,,1,70,,40498,15,,,1,30,,40499,15,,,1,70,,40500,15,,,1,30,,40501,15,,,1,70,,40502,15,,,1,30,,40503,15,,,1,70,,40504,15,,,1,30,,40505,15,,,1,70,,40506,15,,,1,30,,40507,15,,,1,71,,40508,15,,,1,20,,40509,15,,,1,16,,40532,15,,,1,55,,40510,15,,,1,15,,40511,15,,,1,15,,40512,15,,,1,15,,40513,15,,,1,55,,40514,15,,,1,15,,40515,15,,,1,30,,40516,15,,,1,70,,40517,15,,,1,29,,40518,15,,,1,68,,40519,15,,,1,30,,40520,15,,,1,70,,40521,15,,,1,30,,40522,15,,,1,70,,40523,15,,,1,30,,40524,15,,,1,70,,40525,15,,,1,29,,40526,15,,,1,70,,40527,15,,,1,30,,40528,15,,,1,70,,40529,15,,,1
11901,'119-Weekday-7-26-02-1111100',510,,40582,15,,,1,30,,40583,15,,,1,70,,40584,15,,,1,31,,40585,15,,,1,12,,40586,15,,,1,52,,40587,15,,,1,12,,40629,15,,,1,12,,40588,15,,,1,12,,40589,15,,,1,12,,40590,15,,,1,52,,40591,15,,,1,12,,40628,15,,,1,12,,40592,15,,,1,12,,40593,15,,,1,70,,40594,15,,,1,31,,40595,15,,,1,70,,40596,15,,,1,30,,40597,15,,,1,70,,40598,15,,,1,30,,40599,15,,,1,70,,40600,15,,,1,30,,40601,15,,,1,70,,40602,15,,,1,30,,40603,15,,,1,70,,40604,15,,,1,30,,40605,15,,,1,71,,40606,15,,,1,20,,40607,15,,,1,16,,40630,15,,,1,55,,40608,15,,,1,15,,40609,15,,,1,15,,40610,15,,,1,15,,40611,15,,,1,55,,40612,15,,,1,15,,40613,15,,,1,30,,40614,15,,,1,70,,40615,15,,,1,29,,40616,15,,,1,68,,40617,15,,,1,30,,40618,15,,,1,70,,40619,15,,,1,30,,40620,15,,,1,70,,40621,15,,,1,30,,40622,15,,,1,70,,40623,15,,,1,29,,40624,15,,,1,70,,40625,15,,,1,30,,40626,15,,,1,70,,40627,15,,,1
11901,'119-Saturday-1-26-02-0000010',625,,40729,15,,,1,30,,40730,15,,,1,70,,40731,15,,,1,30,,40732,15,,,1,70,,40763,15,,,1,31,,40733,15,,,1,71,,40734,15,,,1,30,,40735,15,,,1,70,,40736,15,,,1,30,,40737,15,,,1,70,,40738,15,,,1,30,,40739,15,,,1,70,,40740,15,,,1,30,,40741,15,,,1,70,,40742,15,,,1,30,,40743,15,,,1,70,,40744,15,,,1,30,,40745,15,,,1,70,,40746,15,,,1,30,,40747,15,,,1,70,,40748,15,,,1,30,,40749,15,,,1,69,,40750,15,,,1,30,,40751,15,,,1,70,,40752,15,,,1,30,,40753,15,,,1,70,,40754,15,,,1,30,,40755,15,,,1,70,,40756,15,,,1,30,,40757,15,,,1,70,,40758,15,,,1,30,,40759,15,,,1,70,,40760,15,,,1,100,,40761,15,,,1,100,,40762,15,,,1
11901,'119-Sunday-1-26-02-0000001',624,,40787,15,,,1,30,,40791,15,,,1,70,,40788,15,,,1,30,,40792,15,,,1,70,,40789,15,,,1,30,,40793,15,,,1,71,,40790,15,,,1,30,,40794,15,,,1,70,,40764,15,,,1,30,,40765,15,,,1,70,,40766,15,,,1,30,,40767,15,,,1,70,,40768,15,,,1,30,,40769,15,,,1,70,,40770,15,,,1,30,,40771,15,,,1,70,,40772,15,,,1,30,,40773,15,,,1,70,,40774,15,,,1,30,,40775,15,,,1,70,,40776,15,,,1,30,,40777,15,,,1,70,,40778,15,,,1,30,,40779,15,,,1,70,,40780,15,,,1,30,,40781,15,,,1,70,,40795,15,,,1,30,,40782,15,,,1,70,,40796,15,,,1,30,,40783,15,,,1,100,,40784,15,,,1,100,,40785,15,,,1,100,,40786,15,,,1
62601,'626-Weekday-1-26-02-1111100',731,,60869,22,,,1,2,,60870,22,,,1,8,,60871,22,,,1,3,,60872,22,,,1
62601,'626-Weekday-5-26-02-1111100',731,,60877,22,,,1,2,,60878,22,,,1,8,,60879,22,,,1,3,,60880,22,,,1
62601,'626-Weekday-9-26-02-1111100',731,,60889,22,,,1,2,,60890,22,,,1,8,,60891,22,,,1,3,,60892,22,,,1
