11801,'118-Weekday-1-26-02-1111100',539,,39363,21,,,1,70,,39364,21,,,1,36,,39402,21,,,1,60,,39398,21,,,1,20,,39366,21,,,1,22,,39399,21,,,1,58,,39367,21,,,1,20,,39368,21,,,1,22,,39400,21,,,1,69,,39370,21,,,1,29,,39369,21,,,1,70,,39371,21,,,1,30,,39372,21,,,1,70,,39373,21,,,1,30,,39374,21,,,1,70,,39375,21,,,1,30,,39376,21,,,1,70,,39377,21,,,1,30,,39378,21,,,1,70,,39379,21,,,1,30,,39380,21,,,1,72,,39381,21,,,1,31,,39382,21,,,1,55,,39383,21,,,1,15,,39384,21,,,1,15,,39385,21,,,1,15,,39401,21,,,1,55,,39386,21,,,1,15,,39387,21,,,1,14,,39388,21,,,1,15,,39397,21,,,1,71,,39389,21,,,1,28,,39390,21,,,1,69,,39391,21,,,1,30,,39392,21,,,1,70,,39393,21,,,1,30,,39394,21,,,1,70,,39395,21,,,1,30,,39396,21,,,1,69,,39365,21,,,1
11801,'118-Weekday-10-26-02-1111100',539,,39403,21,,,1,70,,39404,21,,,1,36,,39442,21,,,1,60,,39438,21,,,1,20,,39406,21,,,1,22,,39439,21,,,1,58,,39407,21,,,1,20,,39408,21,,,1,22,,39440,21,,,1,69,,39410,21,,,1,29,,39409,21,,,1,70,,39411,21,,,1,30,,39412,21,,,1,70,,39413,21,,,1,30,,39414,21,,,1,70,,39415,21,,,1,30,,39416,21,,,1,70,,39417,21,,,1,30,,39418,21,,,1,70,,39419,21,,,1,30,,39420,21,,,1,72,,39421,21,,,1,31,,39422,21,,,1,55,,39423,21,,,1,15,,39424,21,,,1,15,,39425,21,,,1,15,,39441,21,,,1,55,,39426,21,,,1,15,,39427,21,,,1,14,,39428,21,,,1,15,,39437,21,,,1,71,,39429,21,,,1,28,,39430,21,,,1,69,,39431,21,,,1,30,,39432,21,,,1,70,,39433,21,,,1,30,,39434,21,,,1,70,,39435,21,,,1,30,,39436,21,,,1,69,,39405,21,,,1
11801,'118-Weekday-11-26-02-1111100',539,,113467,21,,,1,70,,113468,21,,,1,36,,113506,21,,,1,60,,113502,21,,,1,20,,113470,21,,,1,22,,113503,21,,,1,58,,113471,21,,,1,20,,113472,21,,,1,22,,113504,21,,,1,69,,113474,21,,,1,29,,113473,21,,,1,70,,113475,21,,,1,30,,113476,21,,,1,70,,113477,21,,,1,30,,113478,21,,,1,70,,113479,21,,,1,30,,113480,21,,,1,70,,113481,21,,,1,30,,113482,21,,,1,70,,113483,21,,,1,30,,113484,21,,,1,72,,113485,21,,,1,31,,113486,21,,,1,55,,113487,21,,,1,15,,113488,21,,,1,15,,113489,21,,,1,15,,113505,21,,,1,55,,113490,21,,,1,15,,113491,21,,,1,14,,113492,21,,,1,15,,113501,21,,,1,71,,113493,21,,,1,28,,113494,21,,,1,69,,113495,21,,,1,30,,113496,21,,,1,70,,113497,21,,,1,30,,113498,21,,,1,70,,113499,21,,,1,30,,113500,21,,,1,69,,113469,21,,,1
11801,'118-Saturday-1-26-02-0000010',700,,39723,21,,,1,100,,39724,21,,,1,45,,39725,21,,,1,78,,39726,21,,,1,29,,39727,21,,,1,70,,39728,21,,,1,30,,39729,21,,,1,70,,39730,21,,,1,30,,39731,21,,,1,70,,39732,21,,,1,30,,39733,21,,,1,70,,39734,21,,,1,30,,39735,21,,,1,70,,39736,21,,,1,30,,39737,21,,,1,70,,39738,21,,,1,30,,39739,21,,,1,70,,39740,21,,,1,30,,39741,21,,,1,69,,39742,21,,,1,30,,39743,21,,,1,70,,39744,21,,,1,30,,39745,21,,,1,70,,39746,21,,,1,30,,39747,21,,,1
11801,'118-Sunday-2-26-02-0000001',616,,113528,21,,,1,100,,113507,21,,,1,100,,113508,21,,,1,98,,113509,21,,,1,45,,113510,21,,,1,70,,113511,21,,,1,30,,113512,21,,,1,70,,113513,21,,,1,30,,113514,21,,,1,70,,113515,21,,,1,30,,113516,21,,,1,70,,113517,21,,,1,30,,113518,21,,,1,70,,113519,21,,,1,30,,113520,21,,,1,70,,113521,21,,,1,30,,113522,21,,,1,70,,113523,21,,,1,29,,113524,21,,,1,69,,113525,21,,,1,30,,113526,21,,,1,70,,113527,21,,,1
61201,'612-Weekday-1-26-02-1111100',730,,60432,20,,,1
61201,'612-Weekday-10-26-02-1111100',730,,116673,20,,,1
61201,'612-Weekday-9-26-02-1111100',730,,60437,20,,,1
62001,'620-Weekday-1-26-02-1111100',751,,60603,20,,,1,76,,60604,20,,,1,5,,60605,20,,,1
62001,'620-Weekday-10-26-02-1111100',751,,116698,20,,,1,76,,116699,20,,,1,5,,116700,20,,,1
62001,'620-Weekday-9-26-02-1111100',751,,60616,20,,,1,76,,60617,20,,,1,5,,60618,20,,,1
