901,'009-Weekday-1-26-04-1111100',2520,,113733,48,0,28 39 40,1,29,,113734,48,0,28 39 40,1,71,,113735,48,0,28 39 40,1,29,,113736,48,0,28 39 40,1,71,,113737,48,0,28 39 40,1
901,'009-Saturday-1-26-04-0000010',2518,,114058,48,0,28 39 40,1,30,,114059,48,0,28 39 40,1,70,,114060,48,0,28 39 40,1,30,,114061,48,0,28 39 40,1,70,,114062,48,0,28 39 40,1
901,'009-Sunday-1-26-04-0000001',2519,,114130,48,0,28 39 40,1,30,,114131,48,0,28 39 40,1,70,,114132,48,0,28 39 40,1,30,,114133,48,0,28 39 40,1,70,,114134,48,0,28 39 40,1
66100,'661-Weekday-1-26-04-1111100',1503,3,131955,1,,,1,4,3,131956,1,,,1,5,3,131957,1,,,1
66100,'661-Weekday-4-26-04-0001000',1215,3,150324,1,,,1
66100,'661-Weekday-4-26-04-1111100',1503,3,150325,1,,,1,4,3,150326,1,,,1,5,3,150327,1,,,1
66101,'661-Weekday-1-26-04-1111100',828,,131962,10,4,,1,2,,131963,10,4,,1,5,,131964,10,4,,1
66101,'661-Weekday-4-26-04-1111100',828,,150328,10,4,,1,2,,150329,10,4,,1,5,,150330,10,4,,1
66201,'662-Weekday-1-26-04-0001000',1219,3,131980,1,,,1
66201,'662-Weekday-1-26-04-1110100',1523,3,131981,1,,,1,6,3,131982,1,,,1
66201,'662-Weekday-1-26-04-1111100',1502,43,131983,1,,,1,2,3,131984,1,,,1,2,3,131985,1,,,1,3,3,131986,1,,,1
70200,'702-Weekday-1-26-04-1111100',534,,132686,2,,,1,70,,132687,2,,,1,30,,132688,2,,,1,70,,132689,2,,,1,30,,132720,2,,,1,15,,132690,2,,,1,55,,132726,2,,,1,15,,132691,2,,,1,15,,132692,2,,,1,20,,132693,2,,,1,60,,132694,2,,,1,20,,132725,2,,,1,20,,132695,2,,,1,60,,132696,2,,,1,20,,132724,2,,,1,20,,132697,2,,,1,60,,132698,2,,,1,20,,132723,2,,,1,20,,132699,2,,,1,60,,132700,2,,,1,20,,132722,2,,,1,20,,132701,2,,,1,60,,132702,2,,,1,20,,132721,2,,,1,20,,132703,2,,,1,60,,132704,2,,,1,30,,132705,2,,,1,71,,132706,2,,,1,30,,132707,2,,,1,70,,132708,2,,,1,30,,132709,2,,,1,70,,132710,2,,,1,30,,132711,2,,,1,70,,132712,2,,,1,29,,132713,2,,,1,70,,132714,2,,,1,30,,132715,2,,,1,70,,132716,2,,,1,30,,132717,2,,,1,70,,132718,2,,,1,30,,132719,2,,,1
70200,'702-Saturday-1-26-04-0000010',755,,132809,2,,,1,70,,132810,2,,,1,30,,132811,2,,,1,70,,132812,2,,,1,30,,132813,2,,,1,70,,132814,2,,,1,30,,132815,2,,,1,70,,132816,2,,,1,30,,132817,2,,,1,70,,132818,2,,,1,30,,132819,2,,,1,70,,132820,2,,,1,30,,132821,2,,,1,70,,132822,2,,,1,30,,132823,2,,,1,70,,132824,2,,,1,30,,132825,2,,,1,70,,132826,2,,,1,30,,132827,2,,,1,70,,132828,2,,,1,30,,132829,2,,,1,70,,132830,2,,,1,30,,132831,2,,,1,70,,132832,2,,,1,30,,132834,2,,,1,70,,132833,2,,,1
70200,'702-Sunday-1-26-04-0000001',904,,132835,2,,,1,100,,132836,2,,,1,30,,132837,2,,,1,70,,132838,2,,,1,30,,132839,2,,,1,70,,132840,2,,,1,30,,132841,2,,,1,70,,132842,2,,,1,30,,132843,2,,,1,70,,132844,2,,,1,30,,132845,2,,,1,70,,132846,2,,,1,30,,132847,2,,,1,70,,132848,2,,,1,30,,132849,2,,,1,70,,132850,2,,,1,30,,132851,2,,,1,70,,132852,2,,,1,30,,132853,2,,,1,70,,132854,2,,,1
70701,'707-Weekday-1-26-04-1111100',536,,134568,2,,,1,70,,134569,2,,,1,31,,134570,2,,,1,70,,134571,2,,,1,31,,134610,2,,,1,64,,134611,2,,,1,24,,134612,2,,,1,20,,134613,2,,,1,59,,134614,2,,,1,20,,134572,2,,,1,20,,134573,2,,,1,60,,134574,2,,,1,20,,134575,2,,,1,20,,134576,2,,,1,60,,134577,2,,,1,20,,134578,2,,,1,20,,134579,2,,,1,60,,134580,2,,,1,20,,134581,2,,,1,20,,134582,2,,,1,60,,134583,2,,,1,20,,134584,2,,,1,20,,134585,2,,,1,60,,134586,2,,,1,20,,134587,2,,,1,20,,134588,2,,,1,60,,134617,2,,,1,1,,134589,2,,,1,19,,134590,2,,,1,15,,134591,2,,,1,15,,134592,2,,,1,55,,134593,2,,,1,15,,134594,2,,,1,15,,134595,2,,,1,15,,134596,2,,,1,55,,134597,2,,,1,20,,134609,2,,,1,70,,134598,2,,,1,29,,134599,2,,,1,30,,134600,2,,,1,70,,134601,2,,,1,30,,134602,2,,,1,70,,134603,2,,,1,30,,134604,2,,,1,70,,134608,2,,,1,30,,134605,2,,,1,94,,134606,2,,,1,100,,134607,2,,,1
70701,'707-Saturday-1-26-04-0000010',612,,134717,2,,,1,100,,134718,2,,,1,100,,134719,2,,,1,43,,134720,2,,,1,70,,134721,2,,,1,30,,134722,2,,,1,70,,134723,2,,,1,30,,134724,2,,,1,70,,134725,2,,,1,30,,134726,2,,,1,70,,134727,2,,,1,30,,134728,2,,,1,70,,134729,2,,,1,30,,134730,2,,,1,70,,134731,2,,,1,30,,134732,2,,,1,70,,134733,2,,,1,30,,134734,2,,,1,70,,134735,2,,,1,30,,134736,2,,,1,70,,134737,2,,,1,30,,134738,2,,,1,70,,134739,2,,,1,30,,134740,2,,,1,70,,134741,2,,,1,87,,134742,2,,,1,100,,134743,2,,,1,100,,134744,2,,,1
70701,'707-Sunday-1-26-04-0000001',616,,134747,2,,,1,106,,134761,2,,,1,100,,134748,2,,,1,100,,134762,2,,,1,98,,134749,2,,,1,30,,134763,2,,,1,70,,134750,2,,,1,30,,134764,2,,,1,70,,134751,2,,,1,30,,134765,2,,,1,70,,134752,2,,,1,30,,134766,2,,,1,70,,134753,2,,,1,30,,134767,2,,,1,70,,134754,2,,,1,30,,134768,2,,,1,70,,134755,2,,,1,32,,134745,2,,,1,70,,134756,2,,,1,30,,134759,2,,,1,70,,134757,2,,,1,30,,134746,2,,,1,70,,134758,2,,,1,100,,134760,2,,,1,100,,134769,2,,,1
70801,'708-Weekday-1-26-04-1111100',539,,134970,2,,,1,70,,134971,2,,,1,27,,134972,2,,,1,64,,134973,2,,,1,24,,134974,2,,,1,24,,134975,2,,,1,64,,134976,2,,,1,24,,134977,2,,,1,65,,134997,2,,,1,20,,134998,2,,,1,20,,134999,2,,,1,60,,135000,2,,,1,20,,135001,2,,,1,20,,135002,2,,,1,60,,135003,2,,,1,20,,135004,2,,,1,20,,135005,2,,,1,60,,135006,2,,,1,20,,135007,2,,,1,20,,135008,2,,,1,60,,135009,2,,,1,20,,135010,2,,,1,20,,135011,2,,,1,60,,135012,2,,,1,20,,135013,2,,,1,20,,134978,2,,,1,61,,135014,2,,,1,4,3,135017,1,,,1,15,,135018,2,,,1,18,,134989,2,,,1,15,,134990,2,,,1,55,,134991,2,,,1,15,,134992,2,,,1,15,,134993,2,,,1,15,,134994,2,,,1,55,,134995,2,,,1,15,,134996,2,,,1,15,,135016,2,,,1,63,,134979,2,,,1,29,,134980,2,,,1,70,,134981,2,,,1,30,,134982,2,,,1,70,,134983,2,,,1,30,,134984,2,,,1,70,,134985,2,,,1,30,,134986,2,,,1,70,,135015,2,,,1,50,,134987,2,,,1,100,,134988,2,,,1
70801,'708-Saturday-1-26-04-0000010',604,,135116,2,,,1,100,,135117,2,,,1,100,,135118,2,,,1,30,,135119,2,,,1,70,,135120,2,,,1,30,,135121,2,,,1,70,,135122,2,,,1,30,,135123,2,,,1,70,,135124,2,,,1,30,,135125,2,,,1,70,,135126,2,,,1,30,,135127,2,,,1,70,,135128,2,,,1,30,,135129,2,,,1,70,,135130,2,,,1,30,,135131,2,,,1,70,,135132,2,,,1,30,,135133,2,,,1,70,,135134,2,,,1,30,,135135,2,,,1,70,,135136,2,,,1,30,,135137,2,,,1,70,,135138,2,,,1,30,,135139,2,,,1,70,,135140,2,,,1,100,,135141,2,,,1,100,,135142,2,,,1,100,,135143,2,,,1,100,,135144,2,,,1
70801,'708-Sunday-1-26-04-0000001',615,,135145,2,,,1,100,,135146,2,,,1,100,,135147,2,,,1,100,,135148,2,,,1,100,,135149,2,,,1,30,,135150,2,,,1,70,,135151,2,,,1,30,,135152,2,,,1,70,,135154,2,,,1,30,,135155,2,,,1,70,,135156,2,,,1,30,,135153,2,,,1,70,,135157,2,,,1,30,,135158,2,,,1,70,,135159,2,,,1,30,,135160,2,,,1,70,,135161,2,,,1,30,,135162,2,,,1,70,,135163,2,,,1,30,,135164,2,,,1,70,,135165,2,,,1,30,,135166,2,,,1,70,,135167,2,,,1,100,,135168,2,,,1,100,,135169,2,,,1,100,,135170,2,,,1,100,,135171,2,,,1
70901,'709-Weekday-1-26-04-1111100',518,,135488,2,,,1,20,,135491,2,,,1,20,,135496,2,,,1,60,,135521,2,,,1,15,,135522,2,,,1,15,,135523,2,,,1,55,,135524,2,,,1,15,,135525,2,,,1,15,,135526,2,,,1,15,,135527,2,,,1,55,,135528,2,,,1,15,,135529,2,,,1,15,,135530,2,,,1,15,,135531,2,,,1,55,,135532,2,,,1,13,,135535,2,,,1,15,,135536,2,,,1,15,,135537,2,,,1,55,,135538,2,,,1,15,,135539,2,,,1,15,,135540,2,,,1,15,,135541,2,,,1,55,,135542,2,,,1,15,,135543,2,,,1,15,,135544,2,,,1,15,,135545,2,,,1,55,,135546,2,,,1,15,,135547,2,,,1,15,,135548,2,,,1,15,,135549,2,,,1,55,,135550,2,,,1,15,,135551,2,,,1,15,,135552,2,,,1,15,,135553,2,,,1,55,,135554,2,,,1,15,,135555,2,,,1,15,,135556,2,,,1,15,,135492,2,,,1,10,,135493,2,,,1,47,3,135559,1,,,1,3,3,135560,1,,,1,10,,135497,2,,,1,10,,135498,2,,,1,10,,135499,2,,,1,10,,135500,2,,,1,10,,135501,2,,,1,50,,135558,2,,,1,13,,135557,2,,,1,13,,135513,2,,,1,12,,135502,2,,,1,12,,135495,2,,,1,52,,135489,2,,,1,12,,135490,2,,,1,12,,135512,2,,,1,20,,135511,2,,,1,60,,135510,2,,,1,20,,135509,2,,,1,20,,135508,2,,,1,60,,135507,2,,,1,20,,135506,2,,,1,20,,135505,2,,,1,60,,135504,2,,,1,20,,135503,2,,,1,20,,135516,2,,,1,60,,135517,2,,,1,20,,135518,2,,,1,26,,135519,2,,,1,72,,135520,2,,,1,70,,135514,2,,,1,30,,135534,2,,,1,70,,135533,2,,,1,30,,135515,2,,,1
70901,'709-Weekday-4-26-04-0001000',1215,3,150409,1,,,1
70901,'709-Weekday-4-26-04-1111100',518,,150410,2,,,1,20,,150413,2,,,1,20,,150418,2,,,1,60,,150443,2,,,1,15,,150444,2,,,1,15,,150445,2,,,1,55,,150446,2,,,1,15,,150447,2,,,1,15,,150448,2,,,1,15,,150449,2,,,1,55,,150450,2,,,1,15,,150451,2,,,1,15,,150452,2,,,1,15,,150453,2,,,1,55,,150454,2,,,1,13,,150457,2,,,1,15,,150458,2,,,1,15,,150459,2,,,1,55,,150460,2,,,1,15,,150461,2,,,1,15,,150462,2,,,1,15,,150463,2,,,1,55,,150464,2,,,1,15,,150465,2,,,1,15,,150466,2,,,1,15,,150467,2,,,1,55,,150468,2,,,1,15,,150469,2,,,1,15,,150470,2,,,1,15,,150471,2,,,1,55,,150472,2,,,1,15,,150473,2,,,1,15,,150474,2,,,1,15,,150475,2,,,1,55,,150476,2,,,1,15,,150477,2,,,1,15,,150478,2,,,1,15,,150414,2,,,1,10,,150415,2,,,1,47,3,150481,1,,,1,3,3,150482,1,,,1,10,,150419,2,,,1,10,,150420,2,,,1,10,,150421,2,,,1,10,,150422,2,,,1,10,,150423,2,,,1,50,,150480,2,,,1,13,,150479,2,,,1,13,,150435,2,,,1,12,,150424,2,,,1,12,,150417,2,,,1,52,,150411,2,,,1,12,,150412,2,,,1,12,,150434,2,,,1,20,,150433,2,,,1,60,,150432,2,,,1,20,,150431,2,,,1,20,,150430,2,,,1,60,,150429,2,,,1,20,,150428,2,,,1,20,,150427,2,,,1,60,,150426,2,,,1,20,,150425,2,,,1,20,,150438,2,,,1,60,,150439,2,,,1,20,,150440,2,,,1,26,,150441,2,,,1,72,,150442,2,,,1,70,,150436,2,,,1,30,,150456,2,,,1,70,,150455,2,,,1,30,,150437,2,,,1
70901,'709-Saturday-1-26-04-0000010',559,,135708,2,,,1,70,,135709,2,,,1,30,,135710,2,,,1,70,,135711,2,,,1,30,,135712,2,,,1,70,,135713,2,,,1,20,,135714,2,,,1,58,,135715,2,,,1,20,,135716,2,,,1,20,,135717,2,,,1,60,,135718,2,,,1,20,,135719,2,,,1,20,,135720,2,,,1,60,,135721,2,,,1,20,,135722,2,,,1,20,,135723,2,,,1,60,,135724,2,,,1,20,,135726,2,,,1,20,,135727,2,,,1,60,,135728,2,,,1,20,,135725,2,,,1,20,,135729,2,,,1,60,,135730,2,,,1,20,,135731,2,,,1,20,,135732,2,,,1,60,,135733,2,,,1,20,,135734,2,,,1,20,,135735,2,,,1,60,,135736,2,,,1,20,,135737,2,,,1,20,,135738,2,,,1,60,,135739,2,,,1,18,,135740,2,,,1,20,,135741,2,,,1,60,,135742,2,,,1,20,,135743,2,,,1,20,,135744,2,,,1,60,,135745,2,,,1,25,,135746,2,,,1,70,,135747,2,,,1,30,,135748,2,,,1,70,,135749,2,,,1,30,,135750,2,,,1,70,,135751,2,,,1,30,,135752,2,,,1,70,,135753,2,,,1,30,,135754,2,,,1,70,,135755,2,,,1,30,,135756,2,,,1,70,,135757,2,,,1
70901,'709-Sunday-1-26-04-0000001',612,,135758,2,,,1,30,,135759,2,,,1,70,,135760,2,,,1,30,,135761,2,,,1,70,,135762,2,,,1,30,,135763,2,,,1,81,,135764,2,,,1,21,,135765,2,,,1,70,,135766,2,,,1,30,,135767,2,,,1,70,,135768,2,,,1,30,,135769,2,,,1,70,,135770,2,,,1,30,,135771,2,,,1,70,,135772,2,,,1,30,,135773,2,,,1,70,,135774,2,,,1,30,,135775,2,,,1,70,,135776,2,,,1,30,,135777,2,,,1,70,,135778,2,,,1,30,,135779,2,,,1,69,,135780,2,,,1,30,,135781,2,,,1,70,,135782,2,,,1,30,,135784,2,,,1,70,,135785,2,,,1,30,,135786,2,,,1,70,,135783,2,,,1,30,,135787,2,,,1,70,,135788,2,,,1,30,,135789,2,,,1,70,,135790,2,,,1,30,,135791,2,,,1,70,,135792,2,,,1,30,,135793,2,,,1,70,,135794,2,,,1
