52101,'521-Weekday-1-26-02-1111100',558,,56242,35,,,1,71,,56243,35,,,1,16,,56244,35,,,1,60,,56245,35,,,1,15,,56281,35,,,1,15,,56246,35,,,1,15,,56247,35,,,1,55,,56248,35,,,1,15,,56280,35,,,1,15,,56249,35,,,1,15,,56250,35,,,1,54,,56285,35,,,1,20,,56251,35,,,1,28,,56252,35,,,1,70,,56253,35,,,1,30,,56254,35,,,1,70,,56255,35,,,1,30,,56256,35,,,1,70,,56257,35,,,1,30,,56258,35,,,1,70,,56259,35,,,1,30,,56260,35,,,1,70,,56261,35,,,1,31,,56262,35,,,1,78,,56284,35,,,1,74,,56283,35,,,1,8,,56286,35,,,1,7,,56263,35,,,1,15,,56264,35,,,1,15,,56265,35,,,1,55,,56266,35,,,1,15,,56267,35,,,1,15,,56268,35,,,1,15,,56269,35,,,1,55,,56270,35,,,1,15,,56271,35,,,1,13,,56272,35,,,1,23,,56282,35,,,1,68,,56273,35,,,1,30,,56274,35,,,1,70,,56275,35,,,1,30,,56276,35,,,1,70,,56277,35,,,1,30,,56278,35,,,1,68,,56279,35,,,1
52101,'521-Weekday-10-26-02-1111100',558,,56287,35,,,1,71,,56288,35,,,1,16,,56289,35,,,1,60,,56290,35,,,1,15,,56326,35,,,1,15,,56291,35,,,1,15,,56292,35,,,1,55,,56293,35,,,1,15,,56325,35,,,1,15,,56294,35,,,1,15,,56295,35,,,1,54,,56330,35,,,1,20,,56296,35,,,1,28,,56297,35,,,1,70,,56298,35,,,1,30,,56299,35,,,1,70,,56300,35,,,1,30,,56301,35,,,1,70,,56302,35,,,1,30,,56303,35,,,1,70,,56304,35,,,1,30,,56305,35,,,1,70,,56306,35,,,1,31,,56307,35,,,1,78,,56329,35,,,1,74,,56328,35,,,1,8,,56331,35,,,1,7,,56308,35,,,1,15,,56309,35,,,1,15,,56310,35,,,1,55,,56311,35,,,1,15,,56312,35,,,1,15,,56313,35,,,1,15,,56314,35,,,1,55,,56315,35,,,1,15,,56316,35,,,1,13,,56317,35,,,1,23,,56327,35,,,1,68,,56318,35,,,1,30,,56319,35,,,1,70,,56320,35,,,1,30,,56321,35,,,1,70,,56322,35,,,1,30,,56323,35,,,1,68,,56324,35,,,1
52101,'521-Weekday-4-26-02-1111100',558,,56377,35,,,1,71,,56378,35,,,1,16,,56379,35,,,1,60,,56380,35,,,1,15,,56416,35,,,1,15,,56381,35,,,1,15,,56382,35,,,1,55,,56383,35,,,1,15,,56415,35,,,1,15,,56384,35,,,1,15,,56385,35,,,1,54,,56420,35,,,1,20,,56386,35,,,1,28,,56387,35,,,1,70,,56388,35,,,1,30,,56389,35,,,1,70,,56390,35,,,1,30,,56391,35,,,1,70,,56392,35,,,1,30,,56393,35,,,1,70,,56394,35,,,1,30,,56395,35,,,1,70,,56396,35,,,1,31,,56397,35,,,1,78,,56419,35,,,1,74,,56418,35,,,1,15,,56398,35,,,1,15,,56399,35,,,1,15,,56400,35,,,1,55,,56401,35,,,1,15,,56402,35,,,1,15,,56403,35,,,1,15,,56404,35,,,1,55,,56405,35,,,1,15,,56406,35,,,1,13,,56407,35,,,1,23,,56417,35,,,1,68,,56408,35,,,1,30,,56409,35,,,1,70,,56410,35,,,1,30,,56411,35,,,1,70,,56412,35,,,1,30,,56413,35,,,1,68,,56414,35,,,1
52101,'521-Weekday-5-26-02-1111100',558,,56421,35,,,1,71,,56422,35,,,1,16,,56423,35,,,1,60,,56424,35,,,1,15,,56460,35,,,1,15,,56425,35,,,1,15,,56426,35,,,1,55,,56427,35,,,1,15,,56459,35,,,1,15,,56428,35,,,1,15,,56429,35,,,1,54,,56464,35,,,1,20,,56430,35,,,1,28,,56431,35,,,1,70,,56432,35,,,1,30,,56433,35,,,1,70,,56434,35,,,1,30,,56435,35,,,1,70,,56436,35,,,1,30,,56437,35,,,1,70,,56438,35,,,1,30,,56439,35,,,1,70,,56440,35,,,1,31,,56441,35,,,1,78,,56463,35,,,1,74,,56462,35,,,1,8,,56465,35,,,1,7,,56442,35,,,1,15,,56443,35,,,1,15,,56444,35,,,1,55,,56445,35,,,1,15,,56446,35,,,1,15,,56447,35,,,1,15,,56448,35,,,1,55,,56449,35,,,1,15,,56450,35,,,1,13,,56451,35,,,1,23,,56461,35,,,1,68,,56452,35,,,1,30,,56453,35,,,1,70,,56454,35,,,1,30,,56455,35,,,1,70,,56456,35,,,1,30,,56457,35,,,1,68,,56458,35,,,1
52101,'521-Weekday-6-26-02-1111100',558,,56466,35,,,1,71,,56467,35,,,1,16,,56468,35,,,1,60,,56469,35,,,1,15,,56505,35,,,1,15,,56470,35,,,1,15,,56471,35,,,1,55,,56472,35,,,1,15,,56504,35,,,1,15,,56473,35,,,1,15,,56474,35,,,1,54,,56509,35,,,1,20,,56475,35,,,1,28,,56476,35,,,1,70,,56477,35,,,1,30,,56478,35,,,1,70,,56479,35,,,1,30,,56480,35,,,1,70,,56481,35,,,1,30,,56482,35,,,1,70,,56483,35,,,1,30,,56484,35,,,1,70,,56485,35,,,1,31,,56486,35,,,1,78,,56508,35,,,1,74,,56507,35,,,1,8,,56510,35,,,1,7,,56487,35,,,1,15,,56488,35,,,1,15,,56489,35,,,1,55,,56490,35,,,1,15,,56491,35,,,1,15,,56492,35,,,1,15,,56493,35,,,1,55,,56494,35,,,1,15,,56495,35,,,1,13,,56496,35,,,1,23,,56506,35,,,1,68,,56497,35,,,1,30,,56498,35,,,1,70,,56499,35,,,1,30,,56500,35,,,1,70,,56501,35,,,1,30,,56502,35,,,1,68,,56503,35,,,1
52101,'521-Weekday-7-26-02-1111100',558,,56511,35,,,1,71,,56512,35,,,1,16,,56513,35,,,1,60,,56514,35,,,1,15,,56550,35,,,1,15,,56515,35,,,1,15,,56516,35,,,1,55,,56517,35,,,1,15,,56549,35,,,1,15,,56518,35,,,1,15,,56519,35,,,1,54,,56554,35,,,1,20,,56520,35,,,1,28,,56521,35,,,1,70,,56522,35,,,1,30,,56523,35,,,1,70,,56524,35,,,1,30,,56525,35,,,1,70,,56526,35,,,1,30,,56527,35,,,1,70,,56528,35,,,1,30,,56529,35,,,1,70,,56530,35,,,1,31,,56531,35,,,1,78,,56553,35,,,1,74,,56552,35,,,1,15,,56532,35,,,1,15,,56533,35,,,1,15,,56534,35,,,1,55,,56535,35,,,1,15,,56536,35,,,1,15,,56537,35,,,1,15,,56538,35,,,1,55,,56539,35,,,1,15,,56540,35,,,1,13,,56541,35,,,1,23,,56551,35,,,1,68,,56542,35,,,1,30,,56543,35,,,1,70,,56544,35,,,1,30,,56545,35,,,1,70,,56546,35,,,1,30,,56547,35,,,1,68,,56548,35,,,1
52101,'521-Saturday-1-26-02-0000010',821,,56645,35,,,1,31,,56646,35,,,1,72,,56647,35,,,1,31,,56648,35,,,1,70,,56649,35,,,1,30,,56650,35,,,1,70,,56651,35,,,1,30,,56652,35,,,1,70,,56653,35,,,1,30,,56654,35,,,1,70,,56655,35,,,1,30,,56656,35,,,1,70,,56657,35,,,1,30,,56658,35,,,1,70,,56659,35,,,1,30,,56660,35,,,1,70,,56661,35,,,1,30,,56662,35,,,1,70,,56663,35,,,1,30,,56664,35,,,1,70,,56665,35,,,1,30,,56666,35,,,1,70,,56667,35,,,1
52101,'521-Sunday-1-26-02-0000001',1026,,56668,35,,,1,30,,56669,35,,,1,70,,56670,35,,,1,30,,56671,35,,,1,70,,56672,35,,,1,30,,56673,35,,,1,70,,56674,35,,,1,30,,56675,35,,,1,70,,56676,35,,,1,30,,56677,35,,,1,70,,56678,35,,,1,30,,56679,35,,,1,70,,56680,35,,,1,30,,56681,35,,,1,70,,56682,35,,,1,30,,56683,35,,,1,70,,56684,35,,,1,30,,56685,35,,,1,70,,56686,35,,,1
66401,'664-Weekday-1-26-02-1111100',825,,61601,22,0,35 36,1,3,,61602,22,0,35 36,1
66401,'664-Weekday-5-26-02-1111100',825,,61609,22,0,35 36,1,3,,61610,22,0,35 36,1
66401,'664-Weekday-9-26-02-1111100',825,,61614,22,0,35 36,1,3,,61615,22,0,35 36,1
