10701,'107-Weekday-1-26-02-1111100',543,,31135,22,,,1,70,,31136,22,,,1,31,,31137,22,,,1,10,,31160,22,,,1,50,,31138,22,,,1,10,,31139,22,,,1,10,,31161,22,,,1,10,,31140,22,,,1,10,,31141,22,,,1,10,,31162,22,,,1,48,,31190,22,,,1,2,,31142,22,,,1,10,,31143,22,,,1,10,,31144,22,,,1,8,,31191,22,,,1,2,,31145,22,,,1,10,,31146,22,,,1,60,,31163,22,,,1,19,,31147,22,,,1,20,,31148,22,,,1,60,,31164,22,,,1,20,,31165,22,,,1,20,,31166,22,,,1,60,,31167,22,,,1,20,,31168,22,,,1,20,,31169,22,,,1,60,,31170,22,,,1,20,,31171,22,,,1,20,,31172,22,,,1,60,,31173,22,,,1,20,,31174,22,,,1,20,,31175,22,,,1,60,,31176,22,,,1,20,,31177,22,,,1,20,,31178,22,,,1,60,,31187,22,,,1,16,,31159,22,,,1,15,,31179,22,,,1,15,,31180,22,,,1,55,,31181,22,,,1,15,,31149,22,,,1,15,,31150,22,,,1,15,,31151,22,,,1,55,,31152,22,,,1,15,,31153,22,,,1,15,,31154,22,,,1,22,,31188,22,,,1,60,,31189,22,,,1,20,,31155,22,,,1,69,,31183,22,,,1,30,,31184,22,,,1,70,,31185,22,,,1,30,,31186,22,,,1,70,,31156,22,,,1,30,,31158,22,,,1,70,,31157,22,,,1,30,,31182,22,,,1
10701,'107-Weekday-10-26-02-1111100',543,,31192,22,,,1,70,,31193,22,,,1,31,,31194,22,,,1,10,,31217,22,,,1,50,,31195,22,,,1,10,,31196,22,,,1,10,,31218,22,,,1,10,,31197,22,,,1,10,,31198,22,,,1,10,,31219,22,,,1,48,,31247,22,,,1,2,,31199,22,,,1,10,,31200,22,,,1,10,,31201,22,,,1,8,,31248,22,,,1,2,,31202,22,,,1,10,,31203,22,,,1,60,,31220,22,,,1,19,,31204,22,,,1,20,,31205,22,,,1,60,,31221,22,,,1,20,,31222,22,,,1,20,,31223,22,,,1,60,,31224,22,,,1,20,,31225,22,,,1,20,,31226,22,,,1,60,,31227,22,,,1,20,,31228,22,,,1,20,,31229,22,,,1,60,,31230,22,,,1,20,,31231,22,,,1,20,,31232,22,,,1,60,,31233,22,,,1,20,,31234,22,,,1,20,,31235,22,,,1,60,,31244,22,,,1,16,,31216,22,,,1,15,,31236,22,,,1,15,,31237,22,,,1,55,,31238,22,,,1,15,,31206,22,,,1,15,,31207,22,,,1,15,,31208,22,,,1,55,,31209,22,,,1,15,,31210,22,,,1,15,,31211,22,,,1,22,,31245,22,,,1,60,,31246,22,,,1,20,,31212,22,,,1,69,,31240,22,,,1,30,,31241,22,,,1,70,,31242,22,,,1,30,,31243,22,,,1,70,,31213,22,,,1,30,,31215,22,,,1,70,,31214,22,,,1,30,,31239,22,,,1
10701,'107-Weekday-11-26-02-1111100',543,,112212,22,,,1,70,,112213,22,,,1,31,,112214,22,,,1,10,,112237,22,,,1,50,,112215,22,,,1,10,,112216,22,,,1,10,,112238,22,,,1,10,,112217,22,,,1,10,,112218,22,,,1,10,,112239,22,,,1,48,,112267,22,,,1,2,,112219,22,,,1,10,,112220,22,,,1,10,,112221,22,,,1,8,,112268,22,,,1,2,,112222,22,,,1,10,,112223,22,,,1,60,,112240,22,,,1,19,,112224,22,,,1,20,,112225,22,,,1,60,,112241,22,,,1,20,,112242,22,,,1,20,,112243,22,,,1,60,,112244,22,,,1,20,,112245,22,,,1,20,,112246,22,,,1,60,,112247,22,,,1,20,,112248,22,,,1,20,,112249,22,,,1,60,,112250,22,,,1,20,,112251,22,,,1,20,,112252,22,,,1,60,,112253,22,,,1,20,,112254,22,,,1,20,,112255,22,,,1,60,,112264,22,,,1,16,,112236,22,,,1,15,,112256,22,,,1,15,,112257,22,,,1,55,,112258,22,,,1,15,,112226,22,,,1,15,,112227,22,,,1,15,,112228,22,,,1,55,,112229,22,,,1,15,,112230,22,,,1,15,,112231,22,,,1,22,,112265,22,,,1,60,,112266,22,,,1,20,,112232,22,,,1,69,,112260,22,,,1,30,,112261,22,,,1,70,,112262,22,,,1,30,,112263,22,,,1,70,,112233,22,,,1,30,,112235,22,,,1,70,,112234,22,,,1,30,,112259,22,,,1
10701,'107-Saturday-1-26-02-0000010',806,,31642,22,,,1,30,,31643,22,,,1,70,,31644,22,,,1,31,,31645,22,,,1,70,,31646,22,,,1,30,,31647,22,,,1,70,,31648,22,,,1,30,,31649,22,,,1,70,,31650,22,,,1,30,,31651,22,,,1,70,,31652,22,,,1,30,,31653,22,,,1,70,,31654,22,,,1,30,,31655,22,,,1,70,,31656,22,,,1,30,,31657,22,,,1,70,,31658,22,,,1,30,,31659,22,,,1,70,,31660,22,,,1,29,,31661,22,,,1,70,,31662,22,,,1,30,,31663,22,,,1,70,,31664,22,,,1
10701,'107-Sunday-2-26-02-0000001',955,,112269,22,,,1,70,,112270,22,,,1,30,,112271,22,,,1,70,,112272,22,,,1,30,,112273,22,,,1,70,,112274,22,,,1,30,,112275,22,,,1,70,,112276,22,,,1,30,,112277,22,,,1,70,,112278,22,,,1,30,,112279,22,,,1,70,,112280,22,,,1,30,,112281,22,,,1,70,,112282,22,,,1,30,,112283,22,,,1,69,,112284,22,,,1,30,,112285,22,,,1,70,,112286,22,,,1,30,,112287,22,,,1,70,,112288,22,,,1
62600,'626-Weekday-1-26-02-0001000',1239,,60842,29,,,1,4,,60843,29,,,1,4,,60844,29,,,1
62600,'626-Weekday-1-26-02-1110100',1537,,60845,29,,,1,4,,60846,29,,,1,4,,60847,29,,,1
62600,'626-Weekday-10-26-02-1110100',1537,,116737,29,,,1,4,,116738,29,,,1,4,,116739,29,,,1
62600,'626-Weekday-9-26-02-0001000',1239,,60866,29,,,1,4,,60867,29,,,1,4,,60868,29,,,1
62801,'628-Weekday-1-26-02-1111100',804,,60908,9,,,1
62801,'628-Weekday-10-26-02-1111100',804,,116747,9,,,1
62801,'628-Weekday-9-26-02-1111100',804,,60912,9,,,1
