51101,'511-Weekday-1-26-06-1111100',2508,,175227,4,,,1,30,,175228,4,,,1,70,,175229,4,,,1,30,,175230,4,,,1
51101,'511-Weekday-2-26-06-1111100',2508,,195722,4,,,1,30,,195723,4,,,1,70,,195724,4,,,1,30,,195725,4,,,1
51101,'511-Saturday-1-26-06-0000010',2507,,175231,4,,,1,30,,175232,4,,,1,70,,175233,4,,,1,30,,175234,4,,,1
51101,'511-Sunday-1-26-06-0000001',2506,,175235,4,,,1,30,,175236,4,,,1,70,,175237,4,,,1,30,,175238,4,,,1
51101,'511-Sunday-2-26-06-0000001',2506,,195726,4,,,1,30,,195727,4,,,1,70,,195728,4,,,1,30,,195729,4,,,1
52301,'523-Weekday-1-26-06-1111100',524,,177184,4,,,1,15,,177185,4,,,1,15,,177186,4,,,1,55,,177129,4,,,1,15,,177130,4,,,1,14,,177131,4,,,1,14,,177132,4,,,1,52,,177133,4,,,1,12,,177134,4,,,1,12,,177135,4,,,1,12,,177136,4,,,1,12,,177137,4,,,1,52,,177138,4,,,1,14,,177139,4,,,1,14,,177140,4,,,1,15,,177141,4,,,1,55,,177142,4,,,1,14,,177143,4,,,1,18,,177144,4,,,1,19,,177145,4,,,1,60,,177146,4,,,1,20,,177147,4,,,1,20,,177148,4,,,1,60,,177149,4,,,1,20,,177150,4,,,1,20,,177151,4,,,1,60,,177152,4,,,1,20,,177153,4,,,1,20,,177154,4,,,1,60,,177155,4,,,1,20,,177156,4,,,1,20,,177157,4,,,1,60,,177158,4,,,1,20,,177159,4,,,1,20,,177160,4,,,1,56,,177161,4,,,1,15,,177162,4,,,1,15,,177163,4,,,1,15,,177164,4,,,1,55,,177165,4,,,1,15,,177166,4,,,1,15,,177167,4,,,1,15,,177168,4,,,1,55,,177169,4,,,1,15,,177170,4,,,1,15,,177171,4,,,1,15,,177172,4,,,1,56,,177173,4,,,1,28,,177174,4,,,1,69,,177176,4,,,1,30,,177177,4,,,1,70,,177178,4,,,1,30,,177179,4,,,1,70,,177180,4,,,1,30,,177181,4,,,1,70,,177182,4,,,1,96,,177183,4,,,1,100,,177175,4,,,1
52301,'523-Weekday-2-26-06-1111100',524,,196961,4,,,1,15,,196962,4,,,1,15,,196963,4,,,1,55,,196906,4,,,1,15,,196907,4,,,1,14,,196908,4,,,1,14,,196909,4,,,1,52,,196910,4,,,1,12,,196911,4,,,1,12,,196912,4,,,1,12,,196913,4,,,1,12,,196914,4,,,1,52,,196915,4,,,1,14,,196916,4,,,1,14,,196917,4,,,1,15,,196918,4,,,1,55,,196919,4,,,1,14,,196920,4,,,1,18,,196921,4,,,1,19,,196922,4,,,1,60,,196923,4,,,1,20,,196924,4,,,1,20,,196925,4,,,1,60,,196926,4,,,1,20,,196927,4,,,1,20,,196928,4,,,1,60,,196929,4,,,1,20,,196930,4,,,1,20,,196931,4,,,1,60,,196932,4,,,1,20,,196933,4,,,1,20,,196934,4,,,1,60,,196935,4,,,1,20,,196936,4,,,1,20,,196937,4,,,1,56,,196938,4,,,1,15,,196939,4,,,1,15,,196940,4,,,1,15,,196941,4,,,1,55,,196942,4,,,1,15,,196943,4,,,1,15,,196944,4,,,1,15,,196945,4,,,1,55,,196946,4,,,1,15,,196947,4,,,1,15,,196948,4,,,1,15,,196949,4,,,1,56,,196950,4,,,1,28,,196951,4,,,1,69,,196953,4,,,1,30,,196954,4,,,1,70,,196955,4,,,1,30,,196956,4,,,1,70,,196957,4,,,1,30,,196958,4,,,1,70,,196959,4,,,1,96,,196960,4,,,1,100,,196952,4,,,1
52301,'523-Saturday-1-26-06-0000010',624,,177187,4,,,1,100,,177188,4,,,1,100,,177189,4,,,1,21,,177190,4,,,1,60,,177219,4,,,1,22,,177191,4,,,1,21,,177192,4,,,1,60,,177220,4,,,1,20,,177193,4,,,1,20,,177194,4,,,1,60,,177221,4,,,1,20,,177195,4,,,1,20,,177196,4,,,1,60,,177222,4,,,1,20,,177197,4,,,1,20,,177198,4,,,1,60,,177223,4,,,1,20,,177200,4,,,1,20,,177201,4,,,1,60,,177224,4,,,1,20,,177202,4,,,1,20,,177199,4,,,1,60,,177225,4,,,1,20,,177203,4,,,1,20,,177204,4,,,1,60,,177226,4,,,1,20,,177205,4,,,1,21,,177206,4,,,1,59,,177227,4,,,1,18,,177207,4,,,1,19,,177208,4,,,1,60,,177228,4,,,1,20,,177209,4,,,1,20,,177210,4,,,1,60,,177229,4,,,1,20,,177211,4,,,1,20,,177212,4,,,1,60,,177230,4,,,1,20,,177213,4,,,1,20,,177214,4,,,1,60,,177231,4,,,1,20,,177215,4,,,1,20,,177232,4,,,1,60,,177216,4,,,1,100,,177217,4,,,1,100,,177218,4,,,1
52301,'523-Sunday-1-26-06-0000001',625,,177233,4,,,1,100,,177234,4,,,1,100,,177235,4,,,1,102,,177236,4,,,1,100,,177237,4,,,1,20,,177238,4,,,1,60,,177239,4,,,1,20,,177240,4,,,1,20,,177242,4,,,1,60,,177243,4,,,1,20,,177244,4,,,1,20,,177241,4,,,1,60,,177245,4,,,1,20,,177246,4,,,1,20,,177247,4,,,1,60,,177248,4,,,1,20,,177249,4,,,1,20,,177251,4,,,1,60,,177252,4,,,1,20,,177253,4,,,1,20,,177250,4,,,1,60,,177254,4,,,1,20,,177255,4,,,1,20,,177262,4,,,1,60,,177256,4,,,1,19,,177263,4,,,1,19,,177257,4,,,1,60,,177266,4,,,1,20,,177267,4,,,1,20,,177268,4,,,1,60,,177269,4,,,1,30,,177265,4,,,1,70,,177264,4,,,1,30,,177261,4,,,1,70,,177259,4,,,1,100,,177260,4,,,1,100,,177258,4,,,1,100,,177270,4,,,1
52301,'523-Sunday-2-26-06-0000001',625,,196964,4,,,1,100,,196965,4,,,1,100,,196966,4,,,1,102,,196967,4,,,1,100,,196968,4,,,1,20,,196969,4,,,1,60,,196970,4,,,1,20,,196971,4,,,1,20,,196973,4,,,1,60,,196974,4,,,1,20,,196975,4,,,1,20,,196972,4,,,1,60,,196976,4,,,1,20,,196977,4,,,1,20,,196978,4,,,1,60,,196979,4,,,1,20,,196980,4,,,1,20,,196982,4,,,1,60,,196983,4,,,1,20,,196984,4,,,1,20,,196981,4,,,1,60,,196985,4,,,1,20,,196986,4,,,1,20,,196993,4,,,1,60,,196987,4,,,1,19,,196994,4,,,1,19,,196988,4,,,1,60,,196997,4,,,1,20,,196998,4,,,1,20,,196999,4,,,1,60,,197000,4,,,1,30,,196996,4,,,1,70,,196995,4,,,1,30,,196992,4,,,1,70,,196990,4,,,1,100,,196991,4,,,1,100,,196989,4,,,1,100,,197001,4,,,1
24050000,'500X-Weekday-1-26-06-1111100',615,,187153,4,,,1,30,,187151,4,,,1,70,,187152,4,,,1,29,,187154,4,,,1,69,,187155,4,,,1,29,,187156,4,,,1,70,,187157,4,,,1,30,,187158,4,,,1,70,,187159,4,,,1,30,,187160,4,,,1,70,,187161,4,,,1,30,,187162,4,,,1,70,,187163,4,,,1,30,,187164,4,,,1,70,,187165,4,,,1,30,,187166,4,,,1,70,,187167,4,,,1,30,,187168,4,,,1,15,,187169,4,,,1,52,,187170,4,,,1,12,,187171,4,,,1,12,,187172,4,,,1,12,,187173,4,,,1,12,,187174,4,,,1,52,,187175,4,,,1,12,,187176,4,,,1,12,,187177,4,,,1,12,,187178,4,,,1,12,,187179,4,,,1,52,,187180,4,,,1,12,,187181,4,,,1,12,,187182,4,,,1,23,,187183,4,,,1,64,,187184,4,,,1,27,,187185,4,,,1,72,,187186,4,,,1,28,,187187,4,,,1,70,,187188,4,,,1,30,,187189,4,,,1,70,,187190,4,,,1
24050000,'500X-Weekday-2-26-06-1111100',615,,203057,4,,,1,30,,203055,4,,,1,70,,203056,4,,,1,29,,203058,4,,,1,69,,203059,4,,,1,29,,203060,4,,,1,70,,203061,4,,,1,30,,203062,4,,,1,70,,203063,4,,,1,30,,203064,4,,,1,70,,203065,4,,,1,30,,203066,4,,,1,70,,203067,4,,,1,30,,203068,4,,,1,70,,203069,4,,,1,30,,203070,4,,,1,70,,203071,4,,,1,30,,203072,4,,,1,15,,203073,4,,,1,52,,203074,4,,,1,12,,203075,4,,,1,12,,203076,4,,,1,12,,203077,4,,,1,12,,203078,4,,,1,52,,203079,4,,,1,12,,203080,4,,,1,12,,203081,4,,,1,12,,203082,4,,,1,12,,203083,4,,,1,52,,203084,4,,,1,12,,203085,4,,,1,12,,203086,4,,,1,23,,203087,4,,,1,64,,203088,4,,,1,27,,203089,4,,,1,72,,203090,4,,,1,28,,203091,4,,,1,70,,203092,4,,,1,30,,203093,4,,,1,70,,203094,4,,,1
