90600,'906-Weekday-1-26-02-1111100',552,,87260,29,,,1,70,,87261,29,,,1,33,,87262,29,,,1,70,,87263,29,,,1,30,,87264,29,,,1,70,,87265,29,,,1,30,,87266,29,,,1,70,,87267,29,,,1,602,,87268,29,,,1,30,,87269,29,,,1,70,,87270,29,,,1,30,,87271,29,,,1,70,,87272,29,,,1,30,,87273,29,,,1
90600,'906-Weekday-10-26-02-1111100',552,,87274,29,,,1,70,,87275,29,,,1,33,,87276,29,,,1,70,,87277,29,,,1,30,,87278,29,,,1,70,,87279,29,,,1,30,,87280,29,,,1,70,,87281,29,,,1,602,,87282,29,,,1,30,,87283,29,,,1,70,,87284,29,,,1,30,,87285,29,,,1,70,,87286,29,,,1,30,,87287,29,,,1
90600,'906-Weekday-4-26-02-1111100',552,,87302,29,,,1,70,,87303,29,,,1,33,,87304,29,,,1,70,,87305,29,,,1,30,,87306,29,,,1,70,,87307,29,,,1,30,,87308,29,,,1,70,,87309,29,,,1,602,,87310,29,,,1,30,,87311,29,,,1,70,,87312,29,,,1,30,,87313,29,,,1,70,,87314,29,,,1,30,,87315,29,,,1
90600,'906-Weekday-5-26-02-1111100',552,,87316,29,,,1,70,,87317,29,,,1,33,,87318,29,,,1,70,,87319,29,,,1,30,,87320,29,,,1,70,,87321,29,,,1,30,,87322,29,,,1,70,,87323,29,,,1,602,,87324,29,,,1,30,,87325,29,,,1,70,,87326,29,,,1,30,,87327,29,,,1,70,,87328,29,,,1,30,,87329,29,,,1
90600,'906-Weekday-6-26-02-1111100',552,,87330,29,,,1,70,,87331,29,,,1,33,,87332,29,,,1,70,,87333,29,,,1,30,,87334,29,,,1,70,,87335,29,,,1,30,,87336,29,,,1,70,,87337,29,,,1,602,,87338,29,,,1,30,,87339,29,,,1,70,,87340,29,,,1,30,,87341,29,,,1,70,,87342,29,,,1,30,,87343,29,,,1
90600,'906-Weekday-7-26-02-1111100',552,,87344,29,,,1,70,,87345,29,,,1,33,,87346,29,,,1,70,,87347,29,,,1,30,,87348,29,,,1,70,,87349,29,,,1,30,,87350,29,,,1,70,,87351,29,,,1,602,,87352,29,,,1,30,,87353,29,,,1,70,,87354,29,,,1,30,,87355,29,,,1,70,,87356,29,,,1,30,,87357,29,,,1
90700,'907-Weekday-1-26-02-1111100',546,,87494,31,,,1,70,,87495,31,,,1,33,,87496,31,,,1,55,,87497,31,,,1,15,,87498,31,,,1,15,,87499,31,,,1,15,,87500,31,,,1,55,,87501,31,,,1,15,,87502,31,,,1,15,,87503,31,,,1,15,,87504,31,,,1,69,,87505,31,,,1,30,,87506,31,,,1,70,,87507,31,,,1,30,,87508,31,,,1,70,,87509,31,,,1,30,,87510,31,,,1,70,,87511,31,,,1,30,,87512,31,,,1,70,,87513,31,,,1,30,,87514,31,,,1,70,,87515,31,,,1,30,,87516,31,,,1,72,,87517,31,,,1,30,,87518,31,,,1,55,,87519,31,,,1,15,,87520,31,,,1,15,,87521,31,,,1,15,,87522,31,,,1,55,,87523,31,,,1,15,,87524,31,,,1,15,,87525,31,,,1,15,,87526,31,,,1,70,,87527,31,,,1,26,,87528,31,,,1,70,,87529,31,,,1,30,,87530,31,,,1,70,,87531,31,,,1,30,,87532,31,,,1,70,,87533,31,,,1,30,,87534,31,,,1,70,,87535,31,,,1,100,,87536,31,,,1,100,,87537,31,,,1
90700,'907-Weekday-10-26-02-1111100',546,,87538,31,,,1,70,,87539,31,,,1,33,,87540,31,,,1,55,,87541,31,,,1,15,,87542,31,,,1,15,,87543,31,,,1,15,,87544,31,,,1,55,,87545,31,,,1,15,,87546,31,,,1,15,,87547,31,,,1,15,,87548,31,,,1,69,,87549,31,,,1,30,,87550,31,,,1,70,,87551,31,,,1,30,,87552,31,,,1,70,,87553,31,,,1,30,,87554,31,,,1,70,,87555,31,,,1,30,,87556,31,,,1,70,,87557,31,,,1,30,,87558,31,,,1,70,,87559,31,,,1,30,,87560,31,,,1,72,,87561,31,,,1,30,,87562,31,,,1,55,,87563,31,,,1,15,,87564,31,,,1,15,,87565,31,,,1,15,,87566,31,,,1,55,,87567,31,,,1,15,,87568,31,,,1,15,,87569,31,,,1,15,,87570,31,,,1,70,,87571,31,,,1,26,,87572,31,,,1,70,,87573,31,,,1,30,,87574,31,,,1,70,,87575,31,,,1,30,,87576,31,,,1,70,,87577,31,,,1,30,,87578,31,,,1,70,,87579,31,,,1,100,,87580,31,,,1,100,,87581,31,,,1
90700,'907-Weekday-4-26-02-1111100',546,,87626,31,,,1,70,,87627,31,,,1,33,,87628,31,,,1,55,,87629,31,,,1,15,,87630,31,,,1,15,,87631,31,,,1,15,,87632,31,,,1,55,,87633,31,,,1,15,,87634,31,,,1,15,,87635,31,,,1,15,,87636,31,,,1,69,,87637,31,,,1,30,,87638,31,,,1,70,,87639,31,,,1,30,,87640,31,,,1,70,,87641,31,,,1,30,,87642,31,,,1,70,,87643,31,,,1,30,,87644,31,,,1,70,,87645,31,,,1,30,,87646,31,,,1,70,,87647,31,,,1,30,,87648,31,,,1,72,,87649,31,,,1,30,,87650,31,,,1,55,,87651,31,,,1,15,,87652,31,,,1,15,,87653,31,,,1,15,,87654,31,,,1,55,,87655,31,,,1,15,,87656,31,,,1,15,,87657,31,,,1,15,,87658,31,,,1,70,,87659,31,,,1,26,,87660,31,,,1,70,,87661,31,,,1,30,,87662,31,,,1,70,,87663,31,,,1,30,,87664,31,,,1,70,,87665,31,,,1,30,,87666,31,,,1,70,,87667,31,,,1,100,,87668,31,,,1,100,,87669,31,,,1
90700,'907-Weekday-5-26-02-1111100',546,,87670,31,,,1,70,,87671,31,,,1,33,,87672,31,,,1,55,,87673,31,,,1,15,,87674,31,,,1,15,,87675,31,,,1,15,,87676,31,,,1,55,,87677,31,,,1,15,,87678,31,,,1,15,,87679,31,,,1,15,,87680,31,,,1,69,,87681,31,,,1,30,,87682,31,,,1,70,,87683,31,,,1,30,,87684,31,,,1,70,,87685,31,,,1,30,,87686,31,,,1,70,,87687,31,,,1,30,,87688,31,,,1,70,,87689,31,,,1,30,,87690,31,,,1,70,,87691,31,,,1,30,,87692,31,,,1,72,,87693,31,,,1,30,,87694,31,,,1,55,,87695,31,,,1,15,,87696,31,,,1,15,,87697,31,,,1,15,,87698,31,,,1,55,,87699,31,,,1,15,,87700,31,,,1,15,,87701,31,,,1,15,,87702,31,,,1,70,,87703,31,,,1,26,,87704,31,,,1,70,,87705,31,,,1,30,,87706,31,,,1,70,,87707,31,,,1,30,,87708,31,,,1,70,,87709,31,,,1,30,,87710,31,,,1,70,,87711,31,,,1,100,,87712,31,,,1,100,,87713,31,,,1
90700,'907-Weekday-6-26-02-1111100',546,,87714,31,,,1,70,,87715,31,,,1,33,,87716,31,,,1,55,,87717,31,,,1,15,,87718,31,,,1,15,,87719,31,,,1,15,,87720,31,,,1,55,,87721,31,,,1,15,,87722,31,,,1,15,,87723,31,,,1,15,,87724,31,,,1,69,,87725,31,,,1,30,,87726,31,,,1,70,,87727,31,,,1,30,,87728,31,,,1,70,,87729,31,,,1,30,,87730,31,,,1,70,,87731,31,,,1,30,,87732,31,,,1,70,,87733,31,,,1,30,,87734,31,,,1,70,,87735,31,,,1,30,,87736,31,,,1,72,,87737,31,,,1,30,,87738,31,,,1,55,,87739,31,,,1,15,,87740,31,,,1,15,,87741,31,,,1,15,,87742,31,,,1,55,,87743,31,,,1,15,,87744,31,,,1,15,,87745,31,,,1,15,,87746,31,,,1,70,,87747,31,,,1,26,,87748,31,,,1,70,,87749,31,,,1,30,,87750,31,,,1,70,,87751,31,,,1,30,,87752,31,,,1,70,,87753,31,,,1,30,,87754,31,,,1,70,,87755,31,,,1,100,,87756,31,,,1,100,,87757,31,,,1
90700,'907-Weekday-7-26-02-1111100',546,,87758,31,,,1,70,,87759,31,,,1,33,,87760,31,,,1,55,,87761,31,,,1,15,,87762,31,,,1,15,,87763,31,,,1,15,,87764,31,,,1,55,,87765,31,,,1,15,,87766,31,,,1,15,,87767,31,,,1,15,,87768,31,,,1,69,,87769,31,,,1,30,,87770,31,,,1,70,,87771,31,,,1,30,,87772,31,,,1,70,,87773,31,,,1,30,,87774,31,,,1,70,,87775,31,,,1,30,,87776,31,,,1,70,,87777,31,,,1,30,,87778,31,,,1,70,,87779,31,,,1,30,,87780,31,,,1,72,,87781,31,,,1,30,,87782,31,,,1,55,,87783,31,,,1,15,,87784,31,,,1,15,,87785,31,,,1,15,,87786,31,,,1,55,,87787,31,,,1,15,,87788,31,,,1,15,,87789,31,,,1,15,,87790,31,,,1,70,,87791,31,,,1,26,,87792,31,,,1,70,,87793,31,,,1,30,,87794,31,,,1,70,,87795,31,,,1,30,,87796,31,,,1,70,,87797,31,,,1,30,,87798,31,,,1,70,,87799,31,,,1,100,,87800,31,,,1,100,,87801,31,,,1
90700,'907-Saturday-1-26-02-0000010',716,,87890,31,,,1,100,,87891,31,,,1,30,,87896,31,,,1,74,,87897,31,,,1,30,,87898,31,,,1,70,,87899,31,,,1,30,,87900,31,,,1,70,,87901,31,,,1,30,,87902,31,,,1,70,,87903,31,,,1,30,,87904,31,,,1,70,,87905,31,,,1,30,,87906,31,,,1,70,,87907,31,,,1,30,,87908,31,,,1,70,,87909,31,,,1,30,,87910,31,,,1,70,,87911,31,,,1,30,,87912,31,,,1,70,,87913,31,,,1,30,,87914,31,,,1,70,,87915,31,,,1,30,,87916,31,,,1,70,,87892,31,,,1,100,,87893,31,,,1,100,,87894,31,,,1,100,,87895,31,,,1
90700,'907-Sunday-1-26-02-0000001',1024,,87917,31,,,1,30,,87918,31,,,1,70,,87919,31,,,1,30,,87920,31,,,1,70,,87921,31,,,1,30,,87922,31,,,1,70,,87923,31,,,1,30,,87924,31,,,1,70,,87925,31,,,1,30,,87926,31,,,1,70,,87927,31,,,1,30,,87928,31,,,1,70,,87929,31,,,1,30,,87930,31,,,1,69,,87931,31,,,1,30,,87932,31,,,1,70,,87933,31,,,1,30,,87934,31,,,1,70,,87935,31,,,1
