11400,'114-Weekday-1-26-04-1111100',523,,121665,21,,,1,30,,121666,21,,,1,70,,121667,21,,,1,18,,121668,21,,,1,14,,121669,21,,,1,52,,121670,21,,,1,12,,121671,21,,,1,12,,121673,21,,,1,12,,121672,21,,,1,12,,121674,21,,,1,52,,121675,21,,,1,12,,121676,21,,,1,12,,121677,21,,,1,11,,121687,21,,,1,11,,121727,21,,,1,50,,121688,21,,,1,14,,121689,21,,,1,15,,121690,21,,,1,15,,121691,21,,,1,55,,121692,21,,,1,15,,121693,21,,,1,15,,121694,21,,,1,15,,121695,21,,,1,55,,121696,21,,,1,15,,121697,21,,,1,15,,121698,21,,,1,15,,121699,21,,,1,55,,121700,21,,,1,15,,121701,21,,,1,15,,121678,21,,,1,15,,121679,21,,,1,55,,121680,21,,,1,15,,121681,21,,,1,15,,121682,21,,,1,15,,121683,21,,,1,55,,121684,21,,,1,15,,121663,21,,,1,15,,121664,21,,,1,14,,121702,21,,,1,13,,121703,21,,,1,54,,121704,21,,,1,8,,121728,3,,,1,6,,121705,21,,,1,9,,121729,3,,,1,3,,121706,21,,,1,12,,121707,21,,,1,52,,121708,21,,,1,12,,121709,21,,,1,12,,121710,21,,,1,12,,121711,21,,,1,12,,121712,21,,,1,52,,121713,21,,,1,12,,121714,21,,,1,12,,121685,21,,,1,12,,121686,21,,,1,12,,121715,21,,,1,63,,121716,21,,,1,27,,121717,21,,,1,68,,121718,21,,,1,30,,121719,21,,,1,70,,121720,21,,,1,30,,121721,21,,,1,70,,121722,21,,,1,30,,121723,21,,,1,69,,121724,21,,,1,98,,121725,21,,,1,100,,121726,21,,,1
11400,'114-Weekday-2-26-04-1111100',523,,121732,21,,,1,30,,121733,21,,,1,70,,121734,21,,,1,18,,121735,21,,,1,14,,121736,21,,,1,52,,121737,21,,,1,12,,121738,21,,,1,12,,121740,21,,,1,12,,121739,21,,,1,12,,121741,21,,,1,52,,121742,21,,,1,12,,121743,21,,,1,12,,121744,21,,,1,11,,121754,21,,,1,11,,121794,21,,,1,50,,121755,21,,,1,14,,121756,21,,,1,15,,121757,21,,,1,15,,121758,21,,,1,55,,121759,21,,,1,15,,121760,21,,,1,15,,121761,21,,,1,15,,121762,21,,,1,55,,121763,21,,,1,15,,121764,21,,,1,15,,121765,21,,,1,15,,121766,21,,,1,55,,121767,21,,,1,15,,121768,21,,,1,15,,121745,21,,,1,15,,121746,21,,,1,55,,121747,21,,,1,15,,121748,21,,,1,15,,121749,21,,,1,15,,121750,21,,,1,55,,121751,21,,,1,15,,121730,21,,,1,15,,121731,21,,,1,14,,121769,21,,,1,13,,121770,21,,,1,54,,121771,21,,,1,8,,121795,3,,,1,6,,121772,21,,,1,9,,121796,3,,,1,3,,121773,21,,,1,12,,121774,21,,,1,52,,121775,21,,,1,12,,121776,21,,,1,12,,121777,21,,,1,12,,121778,21,,,1,12,,121779,21,,,1,52,,121780,21,,,1,12,,121781,21,,,1,12,,121752,21,,,1,12,,121753,21,,,1,12,,121782,21,,,1,63,,121783,21,,,1,27,,121784,21,,,1,68,,121785,21,,,1,30,,121786,21,,,1,70,,121787,21,,,1,30,,121788,21,,,1,70,,121789,21,,,1,30,,121790,21,,,1,69,,121791,21,,,1,98,,121792,21,,,1,100,,121793,21,,,1
11400,'114-Weekday-3-26-04-1111100',523,,121799,21,,,1,30,,121800,21,,,1,70,,121801,21,,,1,18,,121802,21,,,1,14,,121803,21,,,1,52,,121804,21,,,1,12,,121805,21,,,1,12,,121807,21,,,1,12,,121806,21,,,1,12,,121808,21,,,1,52,,121809,21,,,1,12,,121810,21,,,1,12,,121811,21,,,1,11,,121821,21,,,1,11,,121861,21,,,1,50,,121822,21,,,1,14,,121823,21,,,1,15,,121824,21,,,1,15,,121825,21,,,1,55,,121826,21,,,1,15,,121827,21,,,1,15,,121828,21,,,1,15,,121829,21,,,1,55,,121830,21,,,1,15,,121831,21,,,1,15,,121832,21,,,1,15,,121833,21,,,1,55,,121834,21,,,1,15,,121835,21,,,1,15,,121812,21,,,1,15,,121813,21,,,1,55,,121814,21,,,1,15,,121815,21,,,1,15,,121816,21,,,1,15,,121817,21,,,1,55,,121818,21,,,1,15,,121797,21,,,1,15,,121798,21,,,1,14,,121836,21,,,1,13,,121837,21,,,1,54,,121838,21,,,1,8,,121862,3,,,1,6,,121839,21,,,1,9,,121863,3,,,1,3,,121840,21,,,1,12,,121841,21,,,1,52,,121842,21,,,1,12,,121843,21,,,1,12,,121844,21,,,1,12,,121845,21,,,1,12,,121846,21,,,1,52,,121847,21,,,1,12,,121848,21,,,1,12,,121819,21,,,1,12,,121820,21,,,1,12,,121849,21,,,1,63,,121850,21,,,1,27,,121851,21,,,1,68,,121852,21,,,1,30,,121853,21,,,1,70,,121854,21,,,1,30,,121855,21,,,1,70,,121856,21,,,1,30,,121857,21,,,1,69,,121858,21,,,1,98,,121859,21,,,1,100,,121860,21,,,1
11400,'114-Saturday-1-26-04-0000010',630,,121864,21,,,1,100,,121865,21,,,1,90,,121866,21,,,1,20,,121867,21,,,1,60,,121868,21,,,1,23,,121870,21,,,1,20,,121871,21,,,1,60,,121872,21,,,1,20,,121874,21,,,1,20,,121875,21,,,1,60,,121876,21,,,1,20,,121878,21,,,1,20,,121879,21,,,1,60,,121880,21,,,1,20,,121882,21,,,1,20,,121883,21,,,1,60,,121884,21,,,1,20,,121886,21,,,1,20,,121887,21,,,1,60,,121888,21,,,1,20,,121890,21,,,1,20,,121891,21,,,1,60,,121892,21,,,1,20,,121894,21,,,1,20,,121895,21,,,1,60,,121896,21,,,1,20,,121898,21,,,1,20,,121881,21,,,1,60,,121897,21,,,1,18,,121893,21,,,1,20,,121889,21,,,1,60,,121885,21,,,1,20,,121877,21,,,1,20,,121873,21,,,1,60,,121869,21,,,1,34,,121899,21,,,1,70,,121900,21,,,1,30,,121901,21,,,1,70,,121902,21,,,1,30,,121903,21,,,1,70,,121904,21,,,1,100,,121905,21,,,1,100,,121906,21,,,1
11400,'114-Sunday-1-26-04-0000001',639,,121910,21,,,1,100,,121909,21,,,1,100,,121908,21,,,1,103,,121907,21,,,1,89,,121911,21,,,1,20,,121912,21,,,1,60,,121913,21,,,1,20,,121914,21,,,1,20,,121915,21,,,1,60,,121916,21,,,1,20,,121917,21,,,1,20,,121918,21,,,1,60,,121919,21,,,1,20,,121920,21,,,1,20,,121921,21,,,1,60,,121922,21,,,1,20,,121923,21,,,1,20,,121924,21,,,1,60,,121925,21,,,1,20,,121926,21,,,1,20,,121927,21,,,1,60,,121928,21,,,1,20,,121929,21,,,1,20,,121930,21,,,1,59,,121931,21,,,1,20,,121932,21,,,1,20,,121933,21,,,1,60,,121934,21,,,1,20,,121935,21,,,1,20,,121936,21,,,1,60,,121937,21,,,1,31,,121938,21,,,1,70,,121939,21,,,1,30,,121940,21,,,1,70,,121941,21,,,1,30,,121942,21,,,1,70,,121943,21,,,1,100,,121944,21,,,1,100,,121945,21,,,1
61001,'610-Weekday-1-26-04-1111100',737,,131600,28,,,1,4,,131601,28,,,1,6,,131602,28,,,1,81,,131603,28,,,1,5,,131604,28,,,1,5,,131605,28,,,1
61001,'610-Weekday-2-26-04-1111100',828,,131606,28,,,1,5,,131607,28,,,1,5,,131608,28,,,1
61001,'610-Weekday-3-26-04-1111100',737,,131609,28,,,1,4,,131610,28,,,1,6,,131611,28,,,1
61101,'611-Weekday-1-26-04-1111100',746,,131620,28,,,1,11,,131621,28,,,1
61101,'611-Weekday-3-26-04-1111100',746,,131622,28,,,1,11,,131623,28,,,1
