50800,'508-Weekday-1-26-04-1111100',543,,126342,20,,,1,70,,126343,20,,,1,33,,126347,20,,,1,70,,126369,20,,,1,25,,126344,20,,,1,60,,126366,20,,,1,20,,126345,20,,,1,20,,126346,20,,,1,17,,126377,20,,,1,71,,126348,20,,,1,30,,126349,20,,,1,70,,126350,20,,,1,30,,126351,20,,,1,70,,126352,20,,,1,30,,126353,20,,,1,70,,126354,20,,,1,30,,126355,20,,,1,70,,126356,20,,,1,30,,126357,20,,,1,70,,126358,20,,,1,30,,126359,20,,,1,70,,126360,20,,,1,20,,126367,20,,,1,60,,126361,20,,,1,20,,126362,20,,,1,20,,126363,20,,,1,60,,126364,20,,,1,20,,126365,20,,,1,20,,126379,20,,,1,70,,126378,20,,,1,24,,126370,20,,,1,70,,126371,20,,,1,30,,126372,20,,,1,70,,126373,20,,,1,31,,126374,20,,,1,70,,126375,20,,,1,30,,126376,20,,,1,69,,126368,20,,,1
50800,'508-Weekday-2-26-04-1111100',543,,126380,20,,,1,70,,126381,20,,,1,33,,126385,20,,,1,70,,126407,20,,,1,25,,126382,20,,,1,60,,126404,20,,,1,20,,126383,20,,,1,20,,126384,20,,,1,17,,126415,20,,,1,71,,126386,20,,,1,30,,126387,20,,,1,70,,126388,20,,,1,30,,126389,20,,,1,70,,126390,20,,,1,30,,126391,20,,,1,70,,126392,20,,,1,30,,126393,20,,,1,70,,126394,20,,,1,30,,126395,20,,,1,70,,126396,20,,,1,30,,126397,20,,,1,70,,126398,20,,,1,20,,126405,20,,,1,60,,126399,20,,,1,20,,126400,20,,,1,20,,126401,20,,,1,60,,126402,20,,,1,20,,126403,20,,,1,20,,126417,20,,,1,70,,126416,20,,,1,24,,126408,20,,,1,70,,126409,20,,,1,30,,126410,20,,,1,70,,126411,20,,,1,31,,126412,20,,,1,70,,126413,20,,,1,30,,126414,20,,,1,69,,126406,20,,,1
50800,'508-Weekday-3-26-04-1111100',543,,126418,20,,,1,70,,126419,20,,,1,33,,126423,20,,,1,70,,126445,20,,,1,25,,126420,20,,,1,60,,126442,20,,,1,20,,126421,20,,,1,20,,126422,20,,,1,17,,126453,20,,,1,71,,126424,20,,,1,30,,126425,20,,,1,70,,126426,20,,,1,30,,126427,20,,,1,70,,126428,20,,,1,30,,126429,20,,,1,70,,126430,20,,,1,30,,126431,20,,,1,70,,126432,20,,,1,30,,126433,20,,,1,70,,126434,20,,,1,30,,126435,20,,,1,70,,126436,20,,,1,20,,126443,20,,,1,60,,126437,20,,,1,20,,126438,20,,,1,20,,126439,20,,,1,60,,126440,20,,,1,20,,126441,20,,,1,20,,126455,20,,,1,70,,126454,20,,,1,24,,126446,20,,,1,70,,126447,20,,,1,30,,126448,20,,,1,70,,126449,20,,,1,31,,126450,20,,,1,70,,126451,20,,,1,30,,126452,20,,,1,69,,126444,20,,,1
50800,'508-Saturday-1-26-04-0000010',648,,126456,20,,,1,100,,126457,20,,,1,100,,126458,20,,,1,70,,126459,20,,,1,30,,126460,20,,,1,70,,126461,20,,,1,30,,126462,20,,,1,70,,126463,20,,,1,30,,126464,20,,,1,70,,126465,20,,,1,30,,126466,20,,,1,70,,126467,20,,,1,30,,126468,20,,,1,70,,126469,20,,,1,30,,126470,20,,,1,70,,126471,20,,,1,30,,126472,20,,,1,70,,126473,20,,,1,30,,126474,20,,,1,70,,126475,20,,,1,30,,126476,20,,,1,70,,126477,20,,,1,30,,126478,20,,,1,70,,126479,20,,,1
50800,'508-Sunday-1-26-04-0000001',1050,,126480,20,,,1,70,,126481,20,,,1,30,,126482,20,,,1,70,,126483,20,,,1,30,,126484,20,,,1,70,,126485,20,,,1,30,,126486,20,,,1,70,,126487,20,,,1,30,,126488,20,,,1,70,,126489,20,,,1,30,,126490,20,,,1,70,,126491,20,,,1,30,,126492,20,,,1,70,,126493,20,,,1,30,,126494,20,,,1,70,,126495,20,,,1,30,,126496,20,,,1
63000,'630-Weekday-1-26-04-1111100',737,,131755,16,,,1
63000,'630-Weekday-2-26-04-1111100',737,,131756,16,,,1
63000,'630-Weekday-3-26-04-1111100',737,,131757,16,,,1
63500,'635-Weekday-1-26-04-0000100',925,,131813,16,,,1
63500,'635-Weekday-1-26-04-1111000',755,,131814,16,,,1
63500,'635-Weekday-2-26-04-0000100',925,,131815,16,,,1
64400,'644-Weekday-1-26-04-1111100',1542,,131861,19,,,1
64400,'644-Weekday-2-26-04-1111100',1542,,131862,19,,,1
