11101,'111-Weekday-1-26-02-1111100',1025,,34047,67,,,1,100,,34048,67,,,1,100,,34049,67,,,1,100,,34050,67,,,1,100,,34051,67,,,1,101,,34052,67,,,1,100,,34053,67,,,1
11101,'111-Weekday-10-26-02-1111100',1025,,34054,67,,,1,100,,34055,67,,,1,100,,34056,67,,,1,100,,34057,67,,,1,100,,34058,67,,,1,101,,34059,67,,,1,100,,34060,67,,,1
11101,'111-Weekday-4-26-02-1111100',1025,,34068,67,,,1,100,,34069,67,,,1,100,,34070,67,,,1,100,,34071,67,,,1,100,,34072,67,,,1,101,,34073,67,,,1,100,,34074,67,,,1
11101,'111-Weekday-5-26-02-1111100',1025,,34075,67,,,1,100,,34076,67,,,1,100,,34077,67,,,1,100,,34078,67,,,1,100,,34079,67,,,1,101,,34080,67,,,1,100,,34081,67,,,1
11101,'111-Weekday-6-26-02-1111100',1025,,34082,67,,,1,100,,34083,67,,,1,100,,34084,67,,,1,100,,34085,67,,,1,100,,34086,67,,,1,101,,34087,67,,,1,100,,34088,67,,,1
11101,'111-Weekday-7-26-02-1111100',1025,,34089,67,,,1,100,,34090,67,,,1,100,,34091,67,,,1,100,,34092,67,,,1,100,,34093,67,,,1,101,,34094,67,,,1,100,,34095,67,,,1
11101,'111-Saturday-1-26-02-0000010',1008,,34110,60,0,25,1,100,,34112,60,0,25,1,100,,34113,60,0,25,1,100,,34114,60,0,25,1,100,,34115,60,0,25,1,100,,34116,60,0,25,1,100,,34111,60,0,25,1
68301,'683-Weekday-1-26-02-1111100',833,,62016,54,,,1,5,,62017,54,,,1,5,,62018,54,,,1
68301,'683-Weekday-5-26-02-1111100',833,,62025,54,,,1,5,,62026,54,,,1,5,,62027,54,,,1
68301,'683-Weekday-6-26-02-1111100',833,,62028,54,,,1,5,,62029,54,,,1
68301,'683-Weekday-9-26-02-1111100',833,,62032,54,,,1,5,,62033,54,,,1,5,,62034,54,,,1
68401,'684-Weekday-1-26-02-1111100',833,,62073,62,,,1,5,,62074,38,,,1,5,,62075,38,,,1
68401,'684-Weekday-5-26-02-1111100',833,,62082,62,,,1,5,,62083,38,,,1,5,,62084,38,,,1
68401,'684-Weekday-6-26-02-1111100',833,,62085,62,,,1,5,,62086,38,,,1,5,,62087,38,,,1
68401,'684-Weekday-9-26-02-1111100',833,,62091,62,,,1,5,,62092,38,,,1,5,,62093,38,,,1
90401,'904-Weekday-1-26-02-1111100',530,,86582,5,,,1,70,,86583,5,,,1,30,,86610,5,,,1,21,,86601,5,,,1,60,,86600,5,,,1,20,,86609,5,,,1,20,,86599,5,,,1,60,,86608,5,,,1,20,,86607,5,,,1,24,,86587,5,,,1,70,,86588,5,,,1,30,,86589,5,,,1,70,,86590,5,,,1,30,,86591,5,,,1,70,,86592,5,,,1,30,,86593,5,,,1,70,,86594,5,,,1,30,,86595,5,,,1,70,,86596,5,,,1,30,,86597,5,,,1,70,,86598,5,,,1,20,,86602,5,,,1,61,,86586,5,,,1,8,,86621,5,,,1,12,,86585,5,,,1,20,,86603,5,,,1,60,,86604,5,,,1,20,,86605,5,,,1,20,,86606,5,,,1,72,,86611,5,,,1,30,,86612,5,,,1,70,,86613,5,,,1,28,,86614,5,,,1,70,,86615,5,,,1,30,,86616,5,,,1,70,,86617,5,,,1,30,,86618,5,,,1,70,,86619,5,,,1,30,,86584,5,,,1,100,,86620,5,,,1
90401,'904-Weekday-10-26-02-1111100',530,,86622,5,,,1,70,,86623,5,,,1,30,,86650,5,,,1,21,,86641,5,,,1,60,,86640,5,,,1,20,,86649,5,,,1,20,,86639,5,,,1,60,,86648,5,,,1,20,,86647,5,,,1,24,,86627,5,,,1,70,,86628,5,,,1,30,,86629,5,,,1,70,,86630,5,,,1,30,,86631,5,,,1,70,,86632,5,,,1,30,,86633,5,,,1,70,,86634,5,,,1,30,,86635,5,,,1,70,,86636,5,,,1,30,,86637,5,,,1,70,,86638,5,,,1,20,,86642,5,,,1,61,,86626,5,,,1,8,,86661,5,,,1,12,,86625,5,,,1,20,,86643,5,,,1,60,,86644,5,,,1,20,,86645,5,,,1,20,,86646,5,,,1,72,,86651,5,,,1,30,,86652,5,,,1,70,,86653,5,,,1,28,,86654,5,,,1,70,,86655,5,,,1,30,,86656,5,,,1,70,,86657,5,,,1,30,,86658,5,,,1,70,,86659,5,,,1,30,,86624,5,,,1,100,,86660,5,,,1
90401,'904-Weekday-4-26-02-1111100',530,,86702,5,,,1,70,,86703,5,,,1,30,,86730,5,,,1,21,,86721,5,,,1,60,,86720,5,,,1,20,,86729,5,,,1,20,,86719,5,,,1,60,,86728,5,,,1,20,,86727,5,,,1,24,,86707,5,,,1,70,,86708,5,,,1,30,,86709,5,,,1,70,,86710,5,,,1,30,,86711,5,,,1,70,,86712,5,,,1,30,,86713,5,,,1,70,,86714,5,,,1,30,,86715,5,,,1,70,,86716,5,,,1,30,,86717,5,,,1,70,,86718,5,,,1,20,,86722,5,,,1,61,,86706,5,,,1,20,,86705,5,,,1,20,,86723,5,,,1,60,,86724,5,,,1,20,,86725,5,,,1,20,,86726,5,,,1,72,,86731,5,,,1,30,,86732,5,,,1,70,,86733,5,,,1,28,,86734,5,,,1,70,,86735,5,,,1,30,,86736,5,,,1,70,,86737,5,,,1,30,,86738,5,,,1,70,,86739,5,,,1,30,,86704,5,,,1,100,,86740,5,,,1
90401,'904-Weekday-5-26-02-1111100',530,,86741,5,,,1,70,,86742,5,,,1,30,,86769,5,,,1,21,,86760,5,,,1,60,,86759,5,,,1,20,,86768,5,,,1,20,,86758,5,,,1,60,,86767,5,,,1,20,,86766,5,,,1,24,,86746,5,,,1,70,,86747,5,,,1,30,,86748,5,,,1,70,,86749,5,,,1,30,,86750,5,,,1,70,,86751,5,,,1,30,,86752,5,,,1,70,,86753,5,,,1,30,,86754,5,,,1,70,,86755,5,,,1,30,,86756,5,,,1,70,,86757,5,,,1,20,,86761,5,,,1,61,,86745,5,,,1,8,,86780,5,,,1,12,,86744,5,,,1,20,,86762,5,,,1,60,,86763,5,,,1,20,,86764,5,,,1,20,,86765,5,,,1,72,,86770,5,,,1,30,,86771,5,,,1,70,,86772,5,,,1,28,,86773,5,,,1,70,,86774,5,,,1,30,,86775,5,,,1,70,,86776,5,,,1,30,,86777,5,,,1,70,,86778,5,,,1,30,,86743,5,,,1,100,,86779,5,,,1
90401,'904-Weekday-6-26-02-1111100',530,,86781,5,,,1,70,,86782,5,,,1,30,,86809,5,,,1,21,,86800,5,,,1,60,,86799,5,,,1,20,,86808,5,,,1,20,,86798,5,,,1,60,,86807,5,,,1,20,,86806,5,,,1,24,,86786,5,,,1,70,,86787,5,,,1,30,,86788,5,,,1,70,,86789,5,,,1,30,,86790,5,,,1,70,,86791,5,,,1,30,,86792,5,,,1,70,,86793,5,,,1,30,,86794,5,,,1,70,,86795,5,,,1,30,,86796,5,,,1,70,,86797,5,,,1,20,,86801,5,,,1,61,,86785,5,,,1,20,,86784,5,,,1,20,,86802,5,,,1,60,,86803,5,,,1,20,,86804,5,,,1,20,,86805,5,,,1,72,,86810,5,,,1,30,,86811,5,,,1,70,,86812,5,,,1,28,,86813,5,,,1,70,,86814,5,,,1,30,,86815,5,,,1,70,,86816,5,,,1,30,,86817,5,,,1,70,,86818,5,,,1,30,,86783,5,,,1,100,,86819,5,,,1
90401,'904-Weekday-7-26-02-1111100',530,,86820,5,,,1,70,,86821,5,,,1,30,,86848,5,,,1,21,,86839,5,,,1,60,,86838,5,,,1,20,,86847,5,,,1,20,,86837,5,,,1,60,,86846,5,,,1,20,,86845,5,,,1,24,,86825,5,,,1,70,,86826,5,,,1,30,,86827,5,,,1,70,,86828,5,,,1,30,,86829,5,,,1,70,,86830,5,,,1,30,,86831,5,,,1,70,,86832,5,,,1,30,,86833,5,,,1,70,,86834,5,,,1,30,,86835,5,,,1,70,,86836,5,,,1,20,,86840,5,,,1,61,,86824,5,,,1,20,,86823,5,,,1,20,,86841,5,,,1,60,,86842,5,,,1,20,,86843,5,,,1,20,,86844,5,,,1,72,,86849,5,,,1,30,,86850,5,,,1,70,,86851,5,,,1,28,,86852,5,,,1,70,,86853,5,,,1,30,,86854,5,,,1,70,,86855,5,,,1,30,,86856,5,,,1,70,,86857,5,,,1,30,,86822,5,,,1,100,,86858,5,,,1
90401,'904-Saturday-1-26-02-0000010',703,,86938,5,,,1,100,,86939,5,,,1,27,,86940,5,,,1,27,,86941,5,,,1,68,,86942,5,,,1,30,,86943,5,,,1,70,,86944,5,,,1,30,,86945,5,,,1,70,,86946,5,,,1,30,,86947,5,,,1,70,,86948,5,,,1,30,,86949,5,,,1,70,,86950,5,,,1,30,,86951,5,,,1,70,,86952,5,,,1,30,,86953,5,,,1,70,,86954,5,,,1,30,,86955,5,,,1,70,,86956,5,,,1,30,,86957,5,,,1,70,,86958,5,,,1,30,,86959,5,,,1,70,,86960,5,,,1,30,,86961,5,,,1,70,,86962,5,,,1,100,,86963,5,,,1,100,,86964,5,,,1
90401,'904-Sunday-1-26-02-0000001',730,,86965,5,,,1,100,,86966,5,,,1,97,,86967,5,,,1,30,,86968,5,,,1,70,,86969,5,,,1,30,,86970,5,,,1,70,,86971,5,,,1,30,,86972,5,,,1,70,,86973,5,,,1,30,,86974,5,,,1,70,,86975,5,,,1,30,,86976,5,,,1,70,,86977,5,,,1,30,,86978,5,,,1,70,,86979,5,,,1,30,,86980,5,,,1,70,,86981,5,,,1,30,,86982,5,,,1,70,,86983,5,,,1,30,,86984,5,,,1,70,,86985,5,,,1,30,,86986,5,,,1,100,,86987,5,,,1,100,,86988,5,,,1,100,,86989,5,,,1
