67601,'676-Weekday-1-26-02-0001000',1242,,61835,13,,,1
67601,'676-Weekday-1-26-02-1110100',1550,,61836,13,,,1
67601,'676-Weekday-5-26-02-0001000',1242,,61840,13,,,1
67601,'676-Weekday-5-26-02-1110100',1550,,61841,13,,,1
67601,'676-Weekday-9-26-02-0001000',1242,,61842,13,,,1
91401,'914-Weekday-1-26-02-1111100',543,,91079,16,,,1,70,,91080,16,,,1,27,,91081,16,,,1,15,,91082,16,,,1,55,,91112,16,,,1,15,,91083,16,,,1,15,,91084,16,,,1,15,,91085,16,,,1,55,,91113,16,,,1,15,,91086,16,,,1,15,,91100,16,,,1,69,,91109,16,,,1,30,,91088,16,,,1,70,,91089,16,,,1,30,,91090,16,,,1,70,,91091,16,,,1,30,,91092,16,,,1,70,,91093,16,,,1,30,,91094,16,,,1,70,,91095,16,,,1,30,,91096,16,,,1,70,,91097,16,,,1,30,,91098,16,,,1,71,,91099,16,,,1,30,,91105,16,,,1,60,,91101,16,,,1,20,,91102,16,,,1,20,,91114,16,,,1,60,,91103,16,,,1,20,,91104,16,,,1,20,,91120,16,,,1,71,,91108,16,,,1,29,,91106,16,,,1,70,,91107,16,,,1,30,,91116,16,,,1,70,,91117,16,,,1,30,,91118,16,,,1,70,,91119,16,,,1,30,,91115,16,,,1,68,,91110,16,,,1,100,,91087,16,,,1,100,,91111,16,,,1
91401,'914-Weekday-10-26-02-1111100',543,,91121,16,,,1,70,,91122,16,,,1,27,,91123,16,,,1,15,,91124,16,,,1,55,,91154,16,,,1,15,,91125,16,,,1,15,,91126,16,,,1,15,,91127,16,,,1,55,,91155,16,,,1,15,,91128,16,,,1,15,,91142,16,,,1,69,,91151,16,,,1,30,,91130,16,,,1,70,,91131,16,,,1,30,,91132,16,,,1,70,,91133,16,,,1,30,,91134,16,,,1,70,,91135,16,,,1,30,,91136,16,,,1,70,,91137,16,,,1,30,,91138,16,,,1,70,,91139,16,,,1,30,,91140,16,,,1,71,,91141,16,,,1,30,,91147,16,,,1,60,,91143,16,,,1,20,,91144,16,,,1,20,,91156,16,,,1,60,,91145,16,,,1,20,,91146,16,,,1,20,,91162,16,,,1,71,,91150,16,,,1,29,,91148,16,,,1,70,,91149,16,,,1,30,,91158,16,,,1,70,,91159,16,,,1,30,,91160,16,,,1,70,,91161,16,,,1,30,,91157,16,,,1,68,,91152,16,,,1,100,,91129,16,,,1,100,,91153,16,,,1
91401,'914-Weekday-4-26-02-1111100',543,,91205,16,,,1,70,,91206,16,,,1,27,,91207,16,,,1,15,,91208,16,,,1,55,,91238,16,,,1,15,,91209,16,,,1,15,,91210,16,,,1,15,,91211,16,,,1,55,,91239,16,,,1,15,,91212,16,,,1,15,,91226,16,,,1,69,,91235,16,,,1,30,,91214,16,,,1,70,,91215,16,,,1,30,,91216,16,,,1,70,,91217,16,,,1,30,,91218,16,,,1,70,,91219,16,,,1,30,,91220,16,,,1,70,,91221,16,,,1,30,,91222,16,,,1,70,,91223,16,,,1,30,,91224,16,,,1,71,,91225,16,,,1,30,,91231,16,,,1,60,,91227,16,,,1,20,,91228,16,,,1,20,,91240,16,,,1,60,,91229,16,,,1,20,,91230,16,,,1,20,,91246,16,,,1,71,,91234,16,,,1,29,,91232,16,,,1,70,,91233,16,,,1,30,,91242,16,,,1,70,,91243,16,,,1,30,,91244,16,,,1,70,,91245,16,,,1,30,,91241,16,,,1,68,,91236,16,,,1,100,,91213,16,,,1,100,,91237,16,,,1
91401,'914-Weekday-5-26-02-1111100',543,,91247,16,,,1,70,,91248,16,,,1,27,,91249,16,,,1,15,,91250,16,,,1,55,,91280,16,,,1,15,,91251,16,,,1,15,,91252,16,,,1,15,,91253,16,,,1,55,,91281,16,,,1,15,,91254,16,,,1,15,,91268,16,,,1,69,,91277,16,,,1,30,,91256,16,,,1,70,,91257,16,,,1,30,,91258,16,,,1,70,,91259,16,,,1,30,,91260,16,,,1,70,,91261,16,,,1,30,,91262,16,,,1,70,,91263,16,,,1,30,,91264,16,,,1,70,,91265,16,,,1,30,,91266,16,,,1,71,,91267,16,,,1,30,,91273,16,,,1,60,,91269,16,,,1,20,,91270,16,,,1,20,,91282,16,,,1,60,,91271,16,,,1,20,,91272,16,,,1,20,,91288,16,,,1,71,,91276,16,,,1,29,,91274,16,,,1,70,,91275,16,,,1,30,,91284,16,,,1,70,,91285,16,,,1,30,,91286,16,,,1,70,,91287,16,,,1,30,,91283,16,,,1,68,,91278,16,,,1,100,,91255,16,,,1,100,,91279,16,,,1
91401,'914-Weekday-6-26-02-1111100',543,,91289,16,,,1,70,,91290,16,,,1,27,,91291,16,,,1,15,,91292,16,,,1,55,,91322,16,,,1,15,,91293,16,,,1,15,,91294,16,,,1,15,,91295,16,,,1,55,,91323,16,,,1,15,,91296,16,,,1,15,,91310,16,,,1,69,,91319,16,,,1,30,,91298,16,,,1,70,,91299,16,,,1,30,,91300,16,,,1,70,,91301,16,,,1,30,,91302,16,,,1,70,,91303,16,,,1,30,,91304,16,,,1,70,,91305,16,,,1,30,,91306,16,,,1,70,,91307,16,,,1,30,,91308,16,,,1,71,,91309,16,,,1,30,,91315,16,,,1,60,,91311,16,,,1,20,,91312,16,,,1,20,,91324,16,,,1,60,,91313,16,,,1,20,,91314,16,,,1,20,,91330,16,,,1,71,,91318,16,,,1,29,,91316,16,,,1,70,,91317,16,,,1,30,,91326,16,,,1,70,,91327,16,,,1,30,,91328,16,,,1,70,,91329,16,,,1,30,,91325,16,,,1,68,,91320,16,,,1,100,,91297,16,,,1,100,,91321,16,,,1
91401,'914-Weekday-7-26-02-1111100',543,,91331,16,,,1,70,,91332,16,,,1,27,,91333,16,,,1,15,,91334,16,,,1,55,,91364,16,,,1,15,,91335,16,,,1,15,,91336,16,,,1,15,,91337,16,,,1,55,,91365,16,,,1,15,,91338,16,,,1,15,,91352,16,,,1,69,,91361,16,,,1,30,,91340,16,,,1,70,,91341,16,,,1,30,,91342,16,,,1,70,,91343,16,,,1,30,,91344,16,,,1,70,,91345,16,,,1,30,,91346,16,,,1,70,,91347,16,,,1,30,,91348,16,,,1,70,,91349,16,,,1,30,,91350,16,,,1,71,,91351,16,,,1,30,,91357,16,,,1,60,,91353,16,,,1,20,,91354,16,,,1,20,,91366,16,,,1,60,,91355,16,,,1,20,,91356,16,,,1,20,,91372,16,,,1,71,,91360,16,,,1,29,,91358,16,,,1,70,,91359,16,,,1,30,,91368,16,,,1,70,,91369,16,,,1,30,,91370,16,,,1,70,,91371,16,,,1,30,,91367,16,,,1,68,,91362,16,,,1,100,,91339,16,,,1,100,,91363,16,,,1
91401,'914-Saturday-1-26-02-0000010',638,,91457,16,,,1,100,,91458,16,,,1,100,,91459,16,,,1,72,,91460,16,,,1,30,,91461,16,,,1,70,,91462,16,,,1,30,,91463,16,,,1,70,,91464,16,,,1,30,,91465,16,,,1,70,,91466,16,,,1,30,,91467,16,,,1,70,,91468,16,,,1,30,,91469,16,,,1,70,,91470,16,,,1,30,,91471,16,,,1,70,,91472,16,,,1,30,,91473,16,,,1,70,,91474,16,,,1,30,,91475,16,,,1,70,,91476,16,,,1,30,,91480,16,,,1,70,,91481,16,,,1,30,,91482,16,,,1,70,,91479,16,,,1,100,,91478,16,,,1,100,,91477,16,,,1,100,,91483,16,,,1
91401,'914-Sunday-1-26-02-0000001',641,,91486,16,,,1,100,,91487,16,,,1,97,,91484,16,,,1,101,,91485,16,,,1,100,,91488,16,,,1,70,,91489,16,,,1,30,,91490,16,,,1,70,,91491,16,,,1,30,,91492,16,,,1,70,,91493,16,,,1,30,,91494,16,,,1,70,,91495,16,,,1,30,,91496,16,,,1,70,,91497,16,,,1,30,,91498,16,,,1,70,,91499,16,,,1,30,,91500,16,,,1,70,,91501,16,,,1,30,,91502,16,,,1,69,,91503,16,,,1,30,,91504,16,,,1,70,,91505,16,,,1,100,,91506,16,,,1
