11201,'112-Weekday-1-26-02-1111100',555,,34483,16,,,1,70,,34484,16,,,1,33,,34485,16,,,1,70,,34486,16,,,1,20,,34487,16,,,1,60,,34488,16,,,1,20,,34489,16,,,1,22,,34490,16,,,1,70,,34491,16,,,1,30,,34492,16,,,1,70,,34493,16,,,1,30,,34494,16,,,1,70,,34495,16,,,1,30,,34496,16,,,1,70,,34497,16,,,1,30,,34498,16,,,1,70,,34499,16,,,1,30,,34500,16,,,1,70,,34501,16,,,1,30,,34502,16,,,1,71,,34503,16,,,1,16,,34504,16,,,1,20,,34505,16,,,1,60,,34506,16,,,1,20,,34507,16,,,1,20,,34508,16,,,1,60,,34509,16,,,1,20,,34518,16,,,1,22,,34510,16,,,1,70,,34511,16,,,1,29,,34512,16,,,1,70,,34513,16,,,1,30,,34514,16,,,1,70,,34515,16,,,1,30,,34516,16,,,1,70,,34517,16,,,1
11201,'112-Weekday-10-26-02-1111100',555,,34519,16,,,1,70,,34520,16,,,1,33,,34521,16,,,1,70,,34522,16,,,1,20,,34523,16,,,1,60,,34524,16,,,1,20,,34525,16,,,1,22,,34526,16,,,1,70,,34527,16,,,1,30,,34528,16,,,1,70,,34529,16,,,1,30,,34530,16,,,1,70,,34531,16,,,1,30,,34532,16,,,1,70,,34533,16,,,1,30,,34534,16,,,1,70,,34535,16,,,1,30,,34536,16,,,1,70,,34537,16,,,1,30,,34538,16,,,1,71,,34539,16,,,1,16,,34540,16,,,1,20,,34541,16,,,1,60,,34542,16,,,1,20,,34543,16,,,1,20,,34544,16,,,1,60,,34545,16,,,1,20,,34554,16,,,1,22,,34546,16,,,1,70,,34547,16,,,1,29,,34548,16,,,1,70,,34549,16,,,1,30,,34550,16,,,1,70,,34551,16,,,1,30,,34552,16,,,1,70,,34553,16,,,1
11201,'112-Weekday-4-26-02-1111100',555,,34591,16,,,1,70,,34592,16,,,1,33,,34593,16,,,1,70,,34594,16,,,1,20,,34595,16,,,1,60,,34596,16,,,1,20,,34597,16,,,1,22,,34598,16,,,1,70,,34599,16,,,1,30,,34600,16,,,1,70,,34601,16,,,1,30,,34602,16,,,1,70,,34603,16,,,1,30,,34604,16,,,1,70,,34605,16,,,1,30,,34606,16,,,1,70,,34607,16,,,1,30,,34608,16,,,1,70,,34609,16,,,1,30,,34610,16,,,1,71,,34611,16,,,1,16,,34612,16,,,1,20,,34613,16,,,1,60,,34614,16,,,1,20,,34615,16,,,1,20,,34616,16,,,1,60,,34617,16,,,1,20,,34626,16,,,1,22,,34618,16,,,1,70,,34619,16,,,1,29,,34620,16,,,1,70,,34621,16,,,1,30,,34622,16,,,1,70,,34623,16,,,1,30,,34624,16,,,1,70,,34625,16,,,1
11201,'112-Weekday-5-26-02-1111100',555,,34627,16,,,1,70,,34628,16,,,1,33,,34629,16,,,1,70,,34630,16,,,1,20,,34631,16,,,1,60,,34632,16,,,1,20,,34633,16,,,1,22,,34634,16,,,1,70,,34635,16,,,1,30,,34636,16,,,1,70,,34637,16,,,1,30,,34638,16,,,1,70,,34639,16,,,1,30,,34640,16,,,1,70,,34641,16,,,1,30,,34642,16,,,1,70,,34643,16,,,1,30,,34644,16,,,1,70,,34645,16,,,1,30,,34646,16,,,1,71,,34647,16,,,1,16,,34648,16,,,1,20,,34649,16,,,1,60,,34650,16,,,1,20,,34651,16,,,1,20,,34652,16,,,1,60,,34653,16,,,1,20,,34662,16,,,1,22,,34654,16,,,1,70,,34655,16,,,1,29,,34656,16,,,1,70,,34657,16,,,1,30,,34658,16,,,1,70,,34659,16,,,1,30,,34660,16,,,1,70,,34661,16,,,1
11201,'112-Weekday-7-26-02-1111100',555,,34699,16,,,1,70,,34700,16,,,1,33,,34701,16,,,1,70,,34702,16,,,1,20,,34703,16,,,1,60,,34704,16,,,1,20,,34705,16,,,1,22,,34706,16,,,1,70,,34707,16,,,1,30,,34708,16,,,1,70,,34709,16,,,1,30,,34710,16,,,1,70,,34711,16,,,1,30,,34712,16,,,1,70,,34713,16,,,1,30,,34714,16,,,1,70,,34715,16,,,1,30,,34716,16,,,1,70,,34717,16,,,1,30,,34718,16,,,1,71,,34719,16,,,1,16,,34720,16,,,1,20,,34721,16,,,1,60,,34722,16,,,1,20,,34723,16,,,1,20,,34724,16,,,1,60,,34725,16,,,1,20,,34734,16,,,1,22,,34726,16,,,1,70,,34727,16,,,1,29,,34728,16,,,1,70,,34729,16,,,1,30,,34730,16,,,1,70,,34731,16,,,1,30,,34732,16,,,1,70,,34733,16,,,1
11201,'112-Saturday-1-26-02-0000010',806,,34807,16,,,1,30,,34808,16,,,1,70,,34809,16,,,1,30,,34810,16,,,1,70,,34811,16,,,1,30,,34812,16,,,1,70,,34813,16,,,1,30,,34814,16,,,1,70,,34815,16,,,1,30,,34816,16,,,1,70,,34817,16,,,1,30,,34818,16,,,1,70,,34819,16,,,1,30,,34820,16,,,1,70,,34821,16,,,1,30,,34822,16,,,1,70,,34823,16,,,1,30,,34824,16,,,1,70,,34825,16,,,1,30,,34826,16,,,1,70,,34827,16,,,1,30,,34828,16,,,1,70,,34829,16,,,1
11201,'112-Sunday-1-26-02-0000001',1009,,34830,16,,,1,30,,34831,16,,,1,70,,34832,16,,,1,30,,34833,16,,,1,70,,34834,16,,,1,30,,34835,16,,,1,70,,34836,16,,,1,30,,34837,16,,,1,70,,34838,16,,,1,30,,34839,16,,,1,70,,34840,16,,,1,30,,34841,16,,,1,70,,34842,16,,,1,30,,34843,16,,,1,70,,34844,16,,,1,29,,34845,16,,,1,71,,34846,16,,,1,30,,34847,16,,,1,70,,34848,16,,,1
61800,'618-Weekday-1-26-02-0001000',1303,,60569,45,,,1
61800,'618-Weekday-1-26-02-1110100',1554,,60570,45,,,1
61800,'618-Weekday-5-26-02-0000100',1303,,60573,45,,,1
61800,'618-Weekday-5-26-02-1111000',1554,,60574,45,,,1
61800,'618-Weekday-9-26-02-0001000',1303,,60577,45,,,1
62400,'624-Weekday-1-26-02-0001000',1245,,60806,28,,,1
62400,'624-Weekday-1-26-02-1110100',1545,,60807,28,,,1
62400,'624-Weekday-5-26-02-0000100',1245,,60810,28,,,1
62400,'624-Weekday-5-26-02-1111000',1545,,60811,28,,,1
62400,'624-Weekday-9-26-02-0001000',1245,,60814,28,,,1
