5201,'052-Weekday-1-26-06-1111100',621,,166998,62,,,1,30,,166957,62,,,1,76,,166958,62,,,1,25,,166959,62,,,1,62,,166960,62,,,1,20,,166961,62,,,1,20,,166962,62,,,1,62,,166963,62,,,1,23,,166964,62,,,1,70,,166965,62,,,1,30,,166966,62,,,1,70,,166967,62,,,1,30,,166968,62,,,1,70,,166969,62,,,1,30,,166970,62,,,1,70,,166971,62,,,1,30,,166972,62,,,1,70,,166973,62,,,1,30,,166974,62,,,1,72,,166975,62,,,1,24,,166976,62,,,1,15,,166977,62,,,1,58,,166978,62,,,1,15,,166979,62,,,1,14,,166980,62,,,1,15,,166981,62,,,1,55,,166982,62,,,1,15,,166983,62,,,1,15,,166984,62,,,1,14,,166985,62,,,1,63,,166986,62,,,1,28,,166987,62,,,1,63,,166988,62,,,1,29,,166989,62,,,1,70,,166990,62,,,1,30,,166991,62,,,1,70,,166992,62,,,1,30,,166993,62,,,1,68,,166994,62,,,1,27,,166995,62,,,1,99,,166996,62,,,1,100,,166997,62,,,1
5201,'052-Weekday-2-26-06-1111100',621,,191649,62,,,1,30,,191608,62,,,1,76,,191609,62,,,1,25,,191610,62,,,1,62,,191611,62,,,1,20,,191612,62,,,1,20,,191613,62,,,1,62,,191614,62,,,1,23,,191615,62,,,1,70,,191616,62,,,1,30,,191617,62,,,1,70,,191618,62,,,1,30,,191619,62,,,1,70,,191620,62,,,1,30,,191621,62,,,1,70,,191622,62,,,1,30,,191623,62,,,1,70,,191624,62,,,1,30,,191625,62,,,1,72,,191626,62,,,1,24,,191627,62,,,1,15,,191628,62,,,1,58,,191629,62,,,1,15,,191630,62,,,1,14,,191631,62,,,1,15,,191632,62,,,1,55,,191633,62,,,1,15,,191634,62,,,1,15,,191635,62,,,1,14,,191636,62,,,1,63,,191637,62,,,1,28,,191638,62,,,1,63,,191639,62,,,1,29,,191640,62,,,1,70,,191641,62,,,1,30,,191642,62,,,1,70,,191643,62,,,1,30,,191644,62,,,1,68,,191645,62,,,1,27,,191646,62,,,1,99,,191647,62,,,1,100,,191648,62,,,1
5201,'052-Saturday-1-26-06-0000010',706,,166999,62,,,1,100,,167000,62,,,1,101,,167001,62,,,1,33,,167002,62,,,1,69,,167003,62,,,1,30,,167004,62,,,1,70,,167005,62,,,1,30,,167006,62,,,1,70,,167007,62,,,1,30,,167008,62,,,1,70,,167009,62,,,1,30,,167010,62,,,1,70,,167011,62,,,1,30,,167012,62,,,1,70,,167013,62,,,1,30,,167014,62,,,1,70,,167015,62,,,1,30,,167016,62,,,1,69,,167017,62,,,1,27,,167018,62,,,1,69,,167019,62,,,1,30,,167020,62,,,1,70,,167021,62,,,1,30,,167022,62,,,1,70,,167023,62,,,1,100,,167024,62,,,1,100,,167025,62,,,1,100,,167026,62,,,1,100,,167027,62,,,1
5201,'052-Sunday-1-26-06-0000001',804,,167051,62,,,1,101,,167028,62,,,1,103,,167029,62,,,1,100,,167030,62,,,1,30,,167031,62,,,1,70,,167032,62,,,1,30,,167033,62,,,1,70,,167034,62,,,1,30,,167035,62,,,1,70,,167036,62,,,1,30,,167037,62,,,1,70,,167038,62,,,1,30,,167039,62,,,1,70,,167040,62,,,1,30,,167041,62,,,1,73,,167042,62,,,1,31,,167043,62,,,1,70,,167044,62,,,1,30,,167045,62,,,1,70,,167046,62,,,1,30,,167050,62,,,1,70,,167047,62,,,1,100,,167048,62,,,1,100,,167049,62,,,1,100,,167052,62,,,1
5201,'052-Sunday-3-26-06-0000001',804,,191673,62,,,1,101,,191650,62,,,1,103,,191651,62,,,1,100,,191652,62,,,1,30,,191653,62,,,1,70,,191654,62,,,1,30,,191655,62,,,1,70,,191656,62,,,1,30,,191657,62,,,1,70,,191658,62,,,1,30,,191659,62,,,1,70,,191660,62,,,1,30,,191661,62,,,1,70,,191662,62,,,1,30,,191663,62,,,1,73,,191664,62,,,1,31,,191665,62,,,1,70,,191666,62,,,1,30,,191667,62,,,1,70,,191668,62,,,1,30,,191672,62,,,1,70,,191669,62,,,1,100,,191670,62,,,1,100,,191671,62,,,1,100,,191674,62,,,1
92401,'924-Weekday-1-26-06-1111100',656,,186142,15,,,1,70,,186143,15,,,1,30,,186152,15,,,1,70,,186151,15,,,1,30,,186153,15,,,1,100,,186144,15,,,1,100,,186148,15,,,1,100,,186147,15,,,1,100,,186139,15,,,1,100,,186146,15,,,1,100,,186141,15,,,1,100,,186138,15,,,1,70,,186137,15,,,1,30,,186145,15,,,1,70,,186140,15,,,1,30,,186150,15,,,1,70,,186149,15,,,1
92401,'924-Weekday-2-26-06-1111100',656,,202421,15,,,1,70,,202422,15,,,1,30,,202431,15,,,1,70,,202430,15,,,1,30,,202432,15,,,1,100,,202423,15,,,1,100,,202427,15,,,1,100,,202426,15,,,1,100,,202418,15,,,1,100,,202425,15,,,1,100,,202420,15,,,1,100,,202417,15,,,1,70,,202416,15,,,1,30,,202424,15,,,1,70,,202419,15,,,1,30,,202429,15,,,1,70,,202428,15,,,1
92401,'924-Saturday-1-26-06-0000010',826,,186154,15,,,1,100,,186155,15,,,1,100,,186156,15,,,1,100,,186157,15,,,1,100,,186158,15,,,1,100,,186159,15,,,1,100,,186160,15,,,1,100,,186161,15,,,1,100,,186162,15,,,1,100,,186163,15,,,1,100,,186164,15,,,1
92401,'924-Sunday-1-26-06-0000001',1026,,186165,15,,,1,100,,186166,15,,,1,100,,186167,15,,,1,100,,186168,15,,,1,100,,186169,15,,,1,100,,186170,15,,,1,100,,186171,15,,,1,100,,186172,15,,,1,100,,186173,15,,,1
92401,'924-Sunday-2-26-06-0000001',1026,,202433,15,,,1,100,,202434,15,,,1,100,,202435,15,,,1,100,,202436,15,,,1,100,,202437,15,,,1,100,,202438,15,,,1,100,,202439,15,,,1,100,,202440,15,,,1,100,,202441,15,,,1
