72200,'722-Weekday-1-26-06-1111100',529,,181923,10,,,1,20,,181924,10,,,1,60,,181869,10,,,1,20,,181870,10,,,1,14,,181917,10,,,1,12,,181871,10,,,1,52,,181918,10,,,1,12,,181872,10,,,1,12,,181919,10,,,1,12,,181873,10,,,1,12,,181920,10,,,1,52,,181874,10,,,1,12,,181921,10,,,1,12,,181875,10,,,1,12,,181922,10,,,1,12,,181879,10,,,1,58,,181876,10,,,1,16,,181877,10,,,1,20,,181878,10,,,1,60,,181880,10,,,1,20,,181881,10,,,1,20,,181882,10,,,1,60,,181883,10,,,1,20,,181884,10,,,1,20,,181885,10,,,1,60,,181886,10,,,1,20,,181887,10,,,1,20,,181888,10,,,1,60,,181889,10,,,1,20,,181890,10,,,1,20,,181891,10,,,1,60,,181892,10,,,1,20,,181893,10,,,1,20,,181894,10,,,1,61,,181895,10,,,1,28,,181896,10,,,1,66,,181897,10,,,1,24,,181925,10,,,1,24,,181898,10,,,1,64,,181900,10,,,1,23,,181899,10,,,1,63,,181926,10,,,1,30,,181901,10,,,1,18,,181902,10,,,1,60,,181903,10,,,1,20,,181904,10,,,1,20,,181905,10,,,1,60,,181906,10,,,1,20,,181907,10,,,1,20,,181908,10,,,1,60,,181909,10,,,1,20,,181910,10,,,1,20,,181911,10,,,1,60,,181912,10,,,1,30,,181913,10,,,1,70,,181914,10,,,1,30,,181915,10,,,1,70,,181916,10,,,1
72200,'722-Weekday-2-26-06-1111100',529,,199607,10,,,1,20,,199608,10,,,1,60,,199553,10,,,1,20,,199554,10,,,1,14,,199601,10,,,1,12,,199555,10,,,1,52,,199602,10,,,1,12,,199556,10,,,1,12,,199603,10,,,1,12,,199557,10,,,1,12,,199604,10,,,1,52,,199558,10,,,1,12,,199605,10,,,1,12,,199559,10,,,1,12,,199606,10,,,1,12,,199563,10,,,1,58,,199560,10,,,1,16,,199561,10,,,1,20,,199562,10,,,1,60,,199564,10,,,1,20,,199565,10,,,1,20,,199566,10,,,1,60,,199567,10,,,1,20,,199568,10,,,1,20,,199569,10,,,1,60,,199570,10,,,1,20,,199571,10,,,1,20,,199572,10,,,1,60,,199573,10,,,1,20,,199574,10,,,1,20,,199575,10,,,1,60,,199576,10,,,1,20,,199577,10,,,1,20,,199578,10,,,1,61,,199579,10,,,1,28,,199580,10,,,1,66,,199581,10,,,1,24,,199609,10,,,1,24,,199582,10,,,1,64,,199584,10,,,1,23,,199583,10,,,1,63,,199610,10,,,1,30,,199585,10,,,1,18,,199586,10,,,1,60,,199587,10,,,1,20,,199588,10,,,1,20,,199589,10,,,1,60,,199590,10,,,1,20,,199591,10,,,1,20,,199592,10,,,1,60,,199593,10,,,1,20,,199594,10,,,1,20,,199595,10,,,1,60,,199596,10,,,1,30,,199597,10,,,1,70,,199598,10,,,1,30,,199599,10,,,1,70,,199600,10,,,1
72200,'722-Saturday-1-26-06-0000010',632,,181927,10,,,1,70,,181928,10,,,1,30,,181929,10,,,1,70,,181930,10,,,1,30,,181931,10,,,1,20,,181932,10,,,1,60,,181933,10,,,1,19,,181934,10,,,1,20,,181935,10,,,1,60,,181936,10,,,1,20,,181937,10,,,1,20,,181938,10,,,1,60,,181939,10,,,1,20,,181940,10,,,1,20,,181941,10,,,1,60,,181942,10,,,1,20,,181943,10,,,1,20,,181944,10,,,1,60,,181945,10,,,1,20,,181946,10,,,1,20,,181947,10,,,1,60,,181948,10,,,1,20,,181949,10,,,1,20,,181950,10,,,1,60,,181951,10,,,1,20,,181952,10,,,1,20,,181953,10,,,1,60,,181954,10,,,1,20,,181955,10,,,1,20,,181956,10,,,1,60,,181957,10,,,1,21,,181958,10,,,1,20,,181959,10,,,1,60,,181960,10,,,1,20,,181961,10,,,1,20,,181962,10,,,1,60,,181963,10,,,1,20,,181964,10,,,1,70,,181965,10,,,1,30,,181966,10,,,1,70,,181967,10,,,1,30,,181968,10,,,1,70,,181969,10,,,1,30,,181970,10,,,1,70,,181971,10,,,1,30,,181972,10,,,1,70,,181973,10,,,1
72200,'722-Sunday-1-26-06-0000001',623,,181976,10,,,1,30,,181977,10,,,1,70,,181978,10,,,1,30,,181979,10,,,1,70,,181980,10,,,1,30,,181981,10,,,1,71,,181982,10,,,1,30,,181983,10,,,1,70,,181984,10,,,1,30,,181985,10,,,1,70,,181986,10,,,1,30,,181987,10,,,1,70,,181988,10,,,1,30,,181989,10,,,1,70,,181990,10,,,1,30,,181991,10,,,1,70,,181992,10,,,1,30,,181993,10,,,1,70,,181994,10,,,1,30,,181995,10,,,1,70,,181996,10,,,1,30,,181997,10,,,1,71,,181998,10,,,1,30,,181999,10,,,1,70,,182000,10,,,1,30,,182001,10,,,1,70,,182002,10,,,1,30,,182003,10,,,1,70,,182004,10,,,1,30,,182005,10,,,1,70,,182006,10,,,1,100,,182007,10,,,1,100,,182008,10,,,1
72200,'722-Sunday-3-26-06-0000001',623,,199611,10,,,1,30,,199612,10,,,1,70,,199613,10,,,1,30,,199614,10,,,1,70,,199615,10,,,1,30,,199616,10,,,1,71,,199617,10,,,1,30,,199618,10,,,1,70,,199619,10,,,1,30,,199620,10,,,1,70,,199621,10,,,1,30,,199622,10,,,1,70,,199623,10,,,1,30,,199624,10,,,1,70,,199625,10,,,1,30,,199626,10,,,1,70,,199627,10,,,1,30,,199628,10,,,1,70,,199629,10,,,1,30,,199630,10,,,1,70,,199631,10,,,1,30,,199632,10,,,1,71,,199633,10,,,1,30,,199634,10,,,1,70,,199635,10,,,1,30,,199636,10,,,1,70,,199637,10,,,1,30,,199638,10,,,1,70,,199639,10,,,1,30,,199640,10,,,1,70,,199641,10,,,1,100,,199642,10,,,1,100,,199643,10,,,1
72201,'722-Weekday-1-26-06-1111100',1525,,182086,27,,,1,27,,182087,27,,,1,64,,182088,27,,,1,24,,182089,27,,,1,64,,182090,27,,,1,24,,182091,27,,,1,21,,182092,27,,,1,64,,182101,27,,,1,627,,182093,27,,,1
72201,'722-Weekday-2-26-06-1111100',1525,,199687,27,,,1,27,,199688,27,,,1,64,,199689,27,,,1,24,,199690,27,,,1,64,,199691,27,,,1,24,,199692,27,,,1,21,,199693,27,,,1,64,,199702,27,,,1,627,,199694,27,,,1
72201,'722-Saturday-1-26-06-0000010',2431,,182149,27,,,1,70,,182150,27,,,1
72201,'722-Sunday-1-26-06-0000001',2424,,182181,27,,,1
72201,'722-Sunday-3-26-06-0000001',2424,,199733,27,,,1
