61000,'610-Weekday-1-26-02-0001000',1224,,60326,10,,,1,2,,60327,10,,,1,206,,60328,10,,,1,5,,60329,10,,,1
61000,'610-Weekday-1-26-02-1110100',1520,,60330,10,,,1,4,,60331,10,,,1,8,,60332,10,,,1,5,,60333,10,,,1
61000,'610-Weekday-2-26-02-0001000',1224,,60334,10,,,1,2,,60335,10,,,1,206,,60336,10,,,1,5,,60337,10,,,1
61000,'610-Weekday-2-26-02-1110100',1520,,60338,10,,,1,4,,60339,10,,,1,8,,60340,10,,,1,5,,60341,10,,,1
61000,'610-Weekday-4-26-02-1110100',1532,,60342,10,,,1,5,,60343,10,,,1
61000,'610-Weekday-5-26-02-0000100',1224,,60344,10,,,1,2,,60345,10,,,1
61000,'610-Weekday-5-26-02-0001000',1432,,60346,10,,,1,5,,60347,10,,,1
61000,'610-Weekday-5-26-02-1110100',1532,,60348,10,,,1,5,,60349,10,,,1
61000,'610-Weekday-5-26-02-1111000',1520,,60350,10,,,1,4,,60351,10,,,1
61000,'610-Weekday-6-26-02-1110100',1520,,60352,10,,,1,4,,60353,10,,,1
61000,'610-Weekday-8-26-02-1110100',1520,,60354,10,,,1,4,,60355,10,,,1
61000,'610-Weekday-9-26-02-0001000',1224,,60356,10,,,1,2,,60357,10,,,1,206,,60358,10,,,1,5,,60359,10,,,1
61200,'612-Weekday-1-26-02-0001000',1220,,60423,6,,,1
61200,'612-Weekday-1-26-02-1110100',1518,,60424,6,,,1
61200,'612-Weekday-2-26-02-0001000',1220,,60425,6,,,1
61200,'612-Weekday-2-26-02-1110100',1518,,60426,6,,,1
61200,'612-Weekday-5-26-02-0000100',1220,,60427,6,,,1
61200,'612-Weekday-5-26-02-1111000',1518,,60428,6,,,1
61200,'612-Weekday-6-26-02-1110100',1518,,60429,6,,,1
61200,'612-Weekday-8-26-02-1110100',1518,,60430,6,,,1
61200,'612-Weekday-9-26-02-0001000',1220,,60431,6,,,1
