61000,'610-Weekday-7-26-04-0001000',1246,,156383,26,,,1,2,,156382,26,,,1,203,,156384,26,,,1,5,,156385,26,,,1
61000,'610-Weekday-7-26-04-1110100',1543,,156386,26,,,1,4,,156387,26,,,1,6,,156388,26,,,1,5,,156389,26,,,1
61001,'610-Weekday-7-26-04-1111100',712,,156390,4,,,1,4,,156391,4,,,1,6,,156392,4,,,1,81,,156393,4,,,1,6,,156394,4,,,1,5,,156395,4,,,1
61100,'611-Weekday-7-26-04-0001000',1210,,156396,13,,,1,5,,156397,13,,,1
61100,'611-Weekday-7-26-04-1110100',1516,,156398,13,,,1,5,,156399,13,,,1
61101,'611-Weekday-7-26-04-1111100',721,,156400,4,,,1,11,,156401,4,,,1
61600,'616-Weekday-7-26-04-0001000',1427,,156423,15,,,1,4,,156424,15,,,1
61600,'616-Weekday-7-26-04-1110100',1526,,156426,15,,,1,4,,156425,15,,,1
61601,'616-Weekday-7-26-04-1111100',751,,156427,4,,,1,50,,156428,4,,,1
68400,'684-Weekday-7-26-04-0001000',1322,,156702,40,,,1
68400,'684-Weekday-7-26-04-1110100',1635,,156705,40,,,1
68400,'684-Weekday-7-26-04-1111100',1607,,156708,45,,,1
68401,'684-Weekday-7-26-04-1111100',731,,156709,4,,,1
