5200,'052-Weekday-1-26-02-1111100',611,,20152,38,,,1,35,,20153,38,,,1,74,,20154,38,,,1,22,,20155,38,,,1,15,,20156,38,,,1,55,,20157,38,,,1,15,,20158,38,,,1,15,,20159,38,,,1,15,,20160,38,,,1,53,,20161,38,,,1,15,,20162,38,,,1,30,,20163,38,,,1,70,,20164,38,,,1,30,,20165,38,,,1,70,,20166,38,,,1,30,,20167,38,,,1,70,,20168,38,,,1,30,,20169,38,,,1,70,,20170,38,,,1,30,,20171,38,,,1,70,,20172,38,,,1,30,,20173,38,,,1,66,,20197,11,,,1,4,,20174,38,,,1,16,,20175,38,,,1,16,,20176,38,,,1,56,,20177,38,,,1,17,,20178,38,,,1,16,,20179,38,,,1,56,,20180,38,,,1,15,,20181,38,,,1,14,,20182,38,,,1,12,,20183,38,,,1,13,,20184,38,,,1,68,,20185,38,,,1,25,,20186,38,,,1,68,,20187,38,,,1,30,,20188,38,,,1,70,,20189,38,,,1,30,,20190,38,,,1,70,,20191,38,,,1,30,,20192,38,,,1,69,,20193,38,,,1,29,,20194,38,,,1,100,,20195,38,,,1,100,,20196,38,,,1
5200,'052-Weekday-10-26-02-1111100',611,,20198,38,,,1,35,,20199,38,,,1,74,,20200,38,,,1,22,,20201,38,,,1,15,,20202,38,,,1,55,,20203,38,,,1,15,,20204,38,,,1,15,,20205,38,,,1,15,,20206,38,,,1,53,,20207,38,,,1,15,,20208,38,,,1,30,,20209,38,,,1,70,,20210,38,,,1,30,,20211,38,,,1,70,,20212,38,,,1,30,,20213,38,,,1,70,,20214,38,,,1,30,,20215,38,,,1,70,,20216,38,,,1,30,,20217,38,,,1,70,,20218,38,,,1,30,,20219,38,,,1,66,,20243,11,,,1,4,,20220,38,,,1,16,,20221,38,,,1,16,,20222,38,,,1,56,,20223,38,,,1,17,,20224,38,,,1,16,,20225,38,,,1,56,,20226,38,,,1,15,,20227,38,,,1,14,,20228,38,,,1,12,,20229,38,,,1,13,,20230,38,,,1,68,,20231,38,,,1,25,,20232,38,,,1,68,,20233,38,,,1,30,,20234,38,,,1,70,,20235,38,,,1,30,,20236,38,,,1,70,,20237,38,,,1,30,,20238,38,,,1,69,,20239,38,,,1,29,,20240,38,,,1,100,,20241,38,,,1,100,,20242,38,,,1
5200,'052-Weekday-4-26-02-1111100',611,,20290,38,,,1,35,,20291,38,,,1,74,,20292,38,,,1,22,,20293,38,,,1,15,,20294,38,,,1,55,,20295,38,,,1,15,,20296,38,,,1,15,,20297,38,,,1,15,,20298,38,,,1,53,,20299,38,,,1,15,,20300,38,,,1,30,,20301,38,,,1,70,,20302,38,,,1,30,,20303,38,,,1,70,,20304,38,,,1,30,,20305,38,,,1,70,,20306,38,,,1,30,,20307,38,,,1,70,,20308,38,,,1,30,,20309,38,,,1,70,,20310,38,,,1,30,,20311,38,,,1,70,,20312,38,,,1,16,,20313,38,,,1,16,,20314,38,,,1,56,,20315,38,,,1,17,,20316,38,,,1,16,,20317,38,,,1,56,,20318,38,,,1,15,,20319,38,,,1,14,,20320,38,,,1,12,,20321,38,,,1,13,,20322,38,,,1,68,,20323,38,,,1,25,,20324,38,,,1,68,,20325,38,,,1,30,,20326,38,,,1,70,,20327,38,,,1,30,,20328,38,,,1,70,,20329,38,,,1,30,,20330,38,,,1,69,,20331,38,,,1,29,,20332,38,,,1,100,,20333,38,,,1,100,,20334,38,,,1
5200,'052-Weekday-5-26-02-1111100',611,,20335,38,,,1,35,,20336,38,,,1,74,,20337,38,,,1,22,,20338,38,,,1,15,,20339,38,,,1,55,,20340,38,,,1,15,,20341,38,,,1,15,,20342,38,,,1,15,,20343,38,,,1,53,,20344,38,,,1,15,,20345,38,,,1,30,,20346,38,,,1,70,,20347,38,,,1,30,,20348,38,,,1,70,,20349,38,,,1,30,,20350,38,,,1,70,,20351,38,,,1,30,,20352,38,,,1,70,,20353,38,,,1,30,,20354,38,,,1,70,,20355,38,,,1,30,,20356,38,,,1,66,,20380,11,,,1,4,,20357,38,,,1,16,,20358,38,,,1,16,,20359,38,,,1,56,,20360,38,,,1,17,,20361,38,,,1,16,,20362,38,,,1,56,,20363,38,,,1,15,,20364,38,,,1,14,,20365,38,,,1,12,,20366,38,,,1,13,,20367,38,,,1,68,,20368,38,,,1,25,,20369,38,,,1,68,,20370,38,,,1,30,,20371,38,,,1,70,,20372,38,,,1,30,,20373,38,,,1,70,,20374,38,,,1,30,,20375,38,,,1,69,,20376,38,,,1,29,,20377,38,,,1,100,,20378,38,,,1,100,,20379,38,,,1
5200,'052-Weekday-7-26-02-1111100',611,,20426,38,,,1,35,,20427,38,,,1,74,,20428,38,,,1,22,,20429,38,,,1,15,,20430,38,,,1,55,,20431,38,,,1,15,,20432,38,,,1,15,,20433,38,,,1,15,,20434,38,,,1,53,,20435,38,,,1,15,,20436,38,,,1,30,,20437,38,,,1,70,,20438,38,,,1,30,,20439,38,,,1,70,,20440,38,,,1,30,,20441,38,,,1,70,,20442,38,,,1,30,,20443,38,,,1,70,,20444,38,,,1,30,,20445,38,,,1,70,,20446,38,,,1,30,,20447,38,,,1,70,,20448,38,,,1,16,,20449,38,,,1,16,,20450,38,,,1,56,,20451,38,,,1,17,,20452,38,,,1,16,,20453,38,,,1,56,,20454,38,,,1,15,,20455,38,,,1,14,,20456,38,,,1,12,,20457,38,,,1,13,,20458,38,,,1,68,,20459,38,,,1,25,,20460,38,,,1,68,,20461,38,,,1,30,,20462,38,,,1,70,,20463,38,,,1,30,,20464,38,,,1,70,,20465,38,,,1,30,,20466,38,,,1,69,,20467,38,,,1,29,,20468,38,,,1,100,,20469,38,,,1,100,,20470,38,,,1
5200,'052-Saturday-1-26-02-0000010',652,,20562,38,,,1,100,,20563,38,,,1,82,,20564,38,,,1,22,,20565,38,,,1,71,,20566,38,,,1,32,,20567,38,,,1,70,,20568,38,,,1,30,,20569,38,,,1,70,,20570,38,,,1,30,,20571,38,,,1,70,,20572,38,,,1,30,,20573,38,,,1,70,,20574,38,,,1,30,,20575,38,,,1,70,,20576,38,,,1,30,,20577,38,,,1,70,,20579,38,,,1,30,,20580,38,,,1,70,,20581,38,,,1,30,,20578,38,,,1,73,,20582,38,,,1,69,,20583,38,,,1,30,,20584,38,,,1,70,,20585,38,,,1,30,,20586,38,,,1,70,,20587,38,,,1,55,,20588,38,,,1,100,,20589,38,,,1,100,,20590,38,,,1,100,,20591,38,,,1
5200,'052-Sunday-1-26-02-0000001',754,,20592,38,,,1,100,,20593,38,,,1,104,,20594,38,,,1,100,,20595,38,,,1,70,,20596,38,,,1,30,,20598,38,,,1,70,,20599,38,,,1,30,,20600,38,,,1,70,,20597,38,,,1,30,,20601,38,,,1,70,,20603,38,,,1,30,,20604,38,,,1,70,,20605,38,,,1,30,,20602,38,,,1,70,,20606,38,,,1,30,,20607,38,,,1,71,,20608,38,,,1,30,,20609,38,,,1,70,,20610,38,,,1,30,,20611,38,,,1,70,,20615,38,,,1,30,,20612,38,,,1,100,,20613,38,,,1,100,,20614,38,,,1,100,,20616,38,,,1
68400,'684-Weekday-1-26-02-0001000',1248,,62035,11,0,29 30,1,3,,62036,11,,,1
68400,'684-Weekday-1-26-02-1110100',1551,,62037,11,0,29 30,1,4,,62038,11,0,29 30,1,3,,62039,11,,,1
68400,'684-Weekday-1-26-02-1111100',1522,,62040,15,0,29 30,1,4,,62041,15,0,29 30,1,5,,62042,15,,,1
68400,'684-Weekday-5-26-02-0000100',1248,,62054,11,0,29 30,1,3,,62055,11,,,1
68400,'684-Weekday-5-26-02-1111000',1551,,62056,11,0,29 30,1,4,,62057,11,0,29 30,1,3,,62058,11,,,1
68400,'684-Weekday-5-26-02-1111100',1522,,62059,15,0,29 30,1,4,,62060,15,0,29 30,1,5,,62061,15,,,1
68400,'684-Weekday-9-26-02-0001000',1248,,62068,11,0,29 30,1,3,,62069,11,,,1
68400,'684-Weekday-9-26-02-1111100',1522,,62070,15,0,29 30,1,4,,62071,15,0,29 30,1,5,,62072,15,,,1
