65800,'658-Weekday-1-26-04-0001000',1237,,131931,9,,,1,2,,131932,9,,,1
65800,'658-Weekday-1-26-04-1110100',1529,,131933,9,,,1,2,,131934,9,,,1
66400,'664-Weekday-1-26-04-0001000',1236,,132010,9,0,23,1,199,,132011,7,,,1,4,,132012,7,,,1
66400,'664-Weekday-1-26-04-1110100',1516,,132013,7,,,1,3,,132014,7,,,1,11,,132015,9,0,23,1
72200,'722-Weekday-1-26-04-1111100',528,,138869,8,,,1,20,,138870,8,,,1,60,,138804,8,,,1,20,,138805,8,,,1,19,,138859,8,,,1,7,,138806,8,,,1,48,,138860,8,,,1,7,,138807,8,,,1,8,,138861,8,,,1,7,,138808,8,,,1,8,,138862,8,,,1,7,,138809,8,,,1,8,,138863,8,,,1,7,,138810,8,,,1,48,,138864,8,,,1,7,,138811,8,,,1,8,,138865,8,,,1,7,,138812,8,,,1,8,,138866,8,,,1,7,,138813,8,,,1,8,,138867,8,,,1,7,,138814,8,,,1,47,,138868,8,,,1,5,,138815,8,,,1,22,,138816,8,,,1,20,,138817,8,,,1,60,,138818,8,,,1,20,,138819,8,,,1,20,,138820,8,,,1,60,,138821,8,,,1,20,,138822,8,,,1,20,,138823,8,,,1,60,,138824,8,,,1,20,,138825,8,,,1,20,,138826,8,,,1,60,,138827,8,,,1,20,,138828,8,,,1,20,,138829,8,,,1,60,,138830,8,,,1,20,,138831,8,,,1,20,,138832,8,,,1,61,,138833,8,,,1,26,,138834,8,,,1,20,,138835,8,,,1,60,,138837,8,,,1,20,,138836,8,,,1,20,,138838,8,,,1,60,,138841,8,,,1,20,,138839,8,,,1,20,,138840,8,,,1,60,,138842,8,,,1,16,,138843,8,,,1,18,,138844,8,,,1,60,,138845,8,,,1,20,,138846,8,,,1,20,,138847,8,,,1,60,,138848,8,,,1,20,,138849,8,,,1,20,,138850,8,,,1,60,,138851,8,,,1,20,,138852,8,,,1,20,,138853,8,,,1,60,,138854,8,,,1,30,,138855,8,,,1,70,,138856,8,,,1,30,,138857,8,,,1,70,,138858,8,,,1
72200,'722-Saturday-1-26-04-0000010',631,,139005,8,,,1,70,,139006,8,,,1,30,,139007,8,,,1,70,,139008,8,,,1,30,,139009,8,,,1,20,,139010,8,,,1,60,,139011,8,,,1,19,,139012,8,,,1,20,,139013,8,,,1,60,,139014,8,,,1,20,,139015,8,,,1,20,,139016,8,,,1,60,,139017,8,,,1,20,,139018,8,,,1,20,,139019,8,,,1,60,,139020,8,,,1,20,,139021,8,,,1,20,,139022,8,,,1,60,,139023,8,,,1,20,,139024,8,,,1,20,,139025,8,,,1,60,,139026,8,,,1,20,,139027,8,,,1,20,,139028,8,,,1,60,,139029,8,,,1,20,,139030,8,,,1,20,,139031,8,,,1,60,,139032,8,,,1,20,,139033,8,,,1,20,,139034,8,,,1,60,,139035,8,,,1,21,,139036,8,,,1,20,,139037,8,,,1,60,,139038,8,,,1,20,,139039,8,,,1,20,,139040,8,,,1,60,,139041,8,,,1,20,,139042,8,,,1,70,,139043,8,,,1,30,,139044,8,,,1,70,,139045,8,,,1,30,,139046,8,,,1,70,,139047,8,,,1,30,,139048,8,,,1,70,,139049,8,,,1,30,,139050,8,,,1,70,,139051,8,,,1
72200,'722-Sunday-1-26-04-0000001',622,,139054,8,,,1,30,,139055,8,,,1,70,,139056,8,,,1,30,,139057,8,,,1,70,,139058,8,,,1,30,,139059,8,,,1,71,,139060,8,,,1,30,,139061,8,,,1,70,,139062,8,,,1,30,,139063,8,,,1,70,,139064,8,,,1,30,,139065,8,,,1,70,,139066,8,,,1,30,,139067,8,,,1,70,,139068,8,,,1,30,,139069,8,,,1,70,,139070,8,,,1,30,,139071,8,,,1,70,,139072,8,,,1,30,,139073,8,,,1,70,,139074,8,,,1,30,,139075,8,,,1,70,,139076,8,,,1,30,,139077,8,,,1,70,,139078,8,,,1,30,,139079,8,,,1,70,,139080,8,,,1,30,,139081,8,,,1,70,,139082,8,,,1,30,,139083,8,,,1,70,,139084,8,,,1,100,,139085,8,,,1,100,,139086,8,,,1
72201,'722-Weekday-1-26-04-1111100',1524,,139143,25,,,1,20,,139144,25,,,1,60,,139145,25,,,1,20,,139146,25,,,1,20,,139147,25,,,1,60,,139148,25,,,1,20,,139149,25,,,1,20,,139150,25,,,1,60,,139142,25,,,1,635,,139151,25,,,1
72201,'722-Saturday-1-26-04-0000010',2430,,139329,25,,,1,70,,139330,25,,,1
72201,'722-Sunday-1-26-04-0000001',2423,,139361,25,,,1
