10801,'108-Weekday-1-26-02-0001000',1425,,32380,19,,,1
10801,'108-Weekday-1-26-02-1110100',1519,,32381,19,,,1
10801,'108-Weekday-1-26-02-1111100',549,,32385,19,,,1,60,,32382,19,,,1,20,,32384,19,,,1,21,,32383,19,,,1,53,,32386,19,,,1,10,,32387,19,,,1,10,,32388,19,,,1,10,,32389,19,,,1,10,,32390,19,,,1,10,,32391,19,,,1,50,,32392,19,,,1,10,,32393,19,,,1,10,,32394,19,,,1,10,,32395,19,,,1,10,,32396,19,,,1,10,,32397,19,,,1,61,,32398,19,,,1,20,,32399,19,,,1,20,,32400,19,,,1,60,,32401,19,,,1,20,,32402,19,,,1,20,,32403,19,,,1,60,,32404,19,,,1,20,,32405,19,,,1,20,,32406,19,,,1,60,,32407,19,,,1,20,,32408,19,,,1,20,,32409,19,,,1,60,,32410,19,,,1,20,,32411,19,,,1,20,,32412,19,,,1,60,,32413,19,,,1,20,,32414,19,,,1,20,,32415,19,,,1,51,,32416,19,,,1,10,,32417,19,,,1,10,,32418,19,,,1,10,,32419,19,,,1,10,,32420,19,,,1,10,,32421,19,,,1,50,,32422,19,,,1,10,,32423,19,,,1,10,,32424,19,,,1,10,,32425,19,,,1,10,,32426,19,,,1,10,,32427,19,,,1,50,,32428,19,,,1,10,,32429,19,,,1,10,,32430,19,,,1,10,,32431,19,,,1,10,,32432,19,,,1,10,,32433,19,,,1,50,,32434,19,,,1,20,,32435,19,,,1,18,,32436,19,,,1,60,,32437,19,,,1,20,,32438,19,,,1,20,,32439,19,,,1,60,,32440,19,,,1,20,,32441,19,,,1,20,,32442,19,,,1,60,,32443,19,,,1,20,,32444,19,,,1,20,,32445,19,,,1,64,,32450,19,,,1,30,,32446,19,,,1,70,,32447,19,,,1,30,,32448,19,,,1,70,,32449,19,,,1
10801,'108-Weekday-10-26-02-0001000',1425,,32451,19,,,1
10801,'108-Weekday-10-26-02-1111100',549,,32455,19,,,1,60,,32452,19,,,1,20,,32454,19,,,1,21,,32453,19,,,1,53,,32456,19,,,1,10,,32457,19,,,1,10,,32458,19,,,1,10,,32459,19,,,1,10,,32460,19,,,1,10,,32461,19,,,1,50,,32462,19,,,1,10,,32463,19,,,1,10,,32464,19,,,1,10,,32465,19,,,1,10,,32466,19,,,1,10,,32467,19,,,1,61,,32468,19,,,1,20,,32469,19,,,1,20,,32470,19,,,1,60,,32471,19,,,1,20,,32472,19,,,1,20,,32473,19,,,1,60,,32474,19,,,1,20,,32475,19,,,1,20,,32476,19,,,1,60,,32477,19,,,1,20,,32478,19,,,1,20,,32479,19,,,1,60,,32480,19,,,1,20,,32481,19,,,1,20,,32482,19,,,1,60,,32483,19,,,1,20,,32484,19,,,1,20,,32485,19,,,1,51,,32486,19,,,1,10,,32487,19,,,1,10,,32488,19,,,1,10,,32489,19,,,1,10,,32490,19,,,1,10,,32491,19,,,1,50,,32492,19,,,1,10,,32493,19,,,1,10,,32494,19,,,1,10,,32495,19,,,1,10,,32496,19,,,1,10,,32497,19,,,1,50,,32498,19,,,1,10,,32499,19,,,1,10,,32500,19,,,1,10,,32501,19,,,1,10,,32502,19,,,1,10,,32503,19,,,1,50,,32504,19,,,1,20,,32505,19,,,1,18,,32506,19,,,1,60,,32507,19,,,1,20,,32508,19,,,1,20,,32509,19,,,1,60,,32510,19,,,1,20,,32511,19,,,1,20,,32512,19,,,1,60,,32513,19,,,1,20,,32514,19,,,1,20,,32515,19,,,1,64,,32520,19,,,1,30,,32516,19,,,1,70,,32517,19,,,1,30,,32518,19,,,1,70,,32519,19,,,1
10801,'108-Weekday-2-26-02-0001000',1425,,32521,19,,,1
10801,'108-Weekday-2-26-02-1110100',1519,,32522,19,,,1
10801,'108-Weekday-2-26-02-1111100',549,,32526,19,,,1,60,,32523,19,,,1,20,,32525,19,,,1,21,,32524,19,,,1,53,,32527,19,,,1,10,,32528,19,,,1,10,,32529,19,,,1,10,,32530,19,,,1,10,,32531,19,,,1,10,,32532,19,,,1,50,,32533,19,,,1,10,,32534,19,,,1,10,,32535,19,,,1,10,,32536,19,,,1,10,,32537,19,,,1,10,,32538,19,,,1,61,,32539,19,,,1,20,,32540,19,,,1,20,,32541,19,,,1,60,,32542,19,,,1,20,,32543,19,,,1,20,,32544,19,,,1,60,,32545,19,,,1,20,,32546,19,,,1,20,,32547,19,,,1,60,,32548,19,,,1,20,,32549,19,,,1,20,,32550,19,,,1,60,,32551,19,,,1,20,,32552,19,,,1,20,,32553,19,,,1,60,,32554,19,,,1,20,,32555,19,,,1,20,,32556,19,,,1,51,,32557,19,,,1,10,,32558,19,,,1,10,,32559,19,,,1,10,,32560,19,,,1,10,,32561,19,,,1,10,,32562,19,,,1,50,,32563,19,,,1,10,,32564,19,,,1,10,,32565,19,,,1,10,,32566,19,,,1,10,,32567,19,,,1,10,,32568,19,,,1,50,,32569,19,,,1,10,,32570,19,,,1,10,,32571,19,,,1,10,,32572,19,,,1,10,,32573,19,,,1,10,,32574,19,,,1,50,,32575,19,,,1,20,,32576,19,,,1,18,,32577,19,,,1,60,,32578,19,,,1,20,,32579,19,,,1,20,,32580,19,,,1,60,,32581,19,,,1,20,,32582,19,,,1,20,,32583,19,,,1,60,,32584,19,,,1,20,,32585,19,,,1,20,,32586,19,,,1,64,,32591,19,,,1,30,,32587,19,,,1,70,,32588,19,,,1,30,,32589,19,,,1,70,,32590,19,,,1
10801,'108-Weekday-4-26-02-1111100',549,,32595,19,,,1,60,,32592,19,,,1,20,,32594,19,,,1,21,,32593,19,,,1,53,,32596,19,,,1,10,,32597,19,,,1,10,,32598,19,,,1,10,,32599,19,,,1,10,,32600,19,,,1,10,,32601,19,,,1,50,,32602,19,,,1,10,,32603,19,,,1,10,,32604,19,,,1,10,,32605,19,,,1,10,,32606,19,,,1,10,,32607,19,,,1,61,,32608,19,,,1,20,,32609,19,,,1,20,,32610,19,,,1,60,,32611,19,,,1,20,,32612,19,,,1,20,,32613,19,,,1,60,,32614,19,,,1,20,,32615,19,,,1,20,,32616,19,,,1,60,,32617,19,,,1,20,,32618,19,,,1,20,,32619,19,,,1,60,,32620,19,,,1,20,,32621,19,,,1,20,,32622,19,,,1,60,,32623,19,,,1,20,,32624,19,,,1,20,,32625,19,,,1,51,,32626,19,,,1,10,,32627,19,,,1,10,,32628,19,,,1,10,,32629,19,,,1,10,,32630,19,,,1,10,,32631,19,,,1,50,,32632,19,,,1,10,,32633,19,,,1,10,,32634,19,,,1,10,,32635,19,,,1,10,,32636,19,,,1,10,,32637,19,,,1,50,,32638,19,,,1,10,,32639,19,,,1,10,,32640,19,,,1,10,,32641,19,,,1,10,,32642,19,,,1,10,,32643,19,,,1,50,,32644,19,,,1,20,,32645,19,,,1,18,,32646,19,,,1,60,,32647,19,,,1,20,,32648,19,,,1,20,,32649,19,,,1,60,,32650,19,,,1,20,,32651,19,,,1,20,,32652,19,,,1,60,,32653,19,,,1,20,,32654,19,,,1,20,,32655,19,,,1,64,,32660,19,,,1,30,,32656,19,,,1,70,,32657,19,,,1,30,,32658,19,,,1,70,,32659,19,,,1
10801,'108-Weekday-5-26-02-0001000',1425,,32661,19,,,1
10801,'108-Weekday-5-26-02-1110100',1519,,32662,19,,,1
10801,'108-Weekday-5-26-02-1111100',549,,32666,19,,,1,60,,32663,19,,,1,20,,32665,19,,,1,21,,32664,19,,,1,53,,32667,19,,,1,10,,32668,19,,,1,10,,32669,19,,,1,10,,32670,19,,,1,10,,32671,19,,,1,10,,32672,19,,,1,50,,32673,19,,,1,10,,32674,19,,,1,10,,32675,19,,,1,10,,32676,19,,,1,10,,32677,19,,,1,10,,32678,19,,,1,61,,32679,19,,,1,20,,32680,19,,,1,20,,32681,19,,,1,60,,32682,19,,,1,20,,32683,19,,,1,20,,32684,19,,,1,60,,32685,19,,,1,20,,32686,19,,,1,20,,32687,19,,,1,60,,32688,19,,,1,20,,32689,19,,,1,20,,32690,19,,,1,60,,32691,19,,,1,20,,32692,19,,,1,20,,32693,19,,,1,60,,32694,19,,,1,20,,32695,19,,,1,20,,32696,19,,,1,51,,32697,19,,,1,10,,32698,19,,,1,10,,32699,19,,,1,10,,32700,19,,,1,10,,32701,19,,,1,10,,32702,19,,,1,50,,32703,19,,,1,10,,32704,19,,,1,10,,32705,19,,,1,10,,32706,19,,,1,10,,32707,19,,,1,10,,32708,19,,,1,50,,32709,19,,,1,10,,32710,19,,,1,10,,32711,19,,,1,10,,32712,19,,,1,10,,32713,19,,,1,10,,32714,19,,,1,50,,32715,19,,,1,20,,32716,19,,,1,18,,32717,19,,,1,60,,32718,19,,,1,20,,32719,19,,,1,20,,32720,19,,,1,60,,32721,19,,,1,20,,32722,19,,,1,20,,32723,19,,,1,60,,32724,19,,,1,20,,32725,19,,,1,20,,32726,19,,,1,64,,32731,19,,,1,30,,32727,19,,,1,70,,32728,19,,,1,30,,32729,19,,,1,70,,32730,19,,,1
10801,'108-Weekday-6-26-02-1111100',549,,32735,19,,,1,60,,32732,19,,,1,20,,32734,19,,,1,21,,32733,19,,,1,53,,32736,19,,,1,10,,32737,19,,,1,10,,32738,19,,,1,10,,32739,19,,,1,10,,32740,19,,,1,10,,32741,19,,,1,50,,32742,19,,,1,10,,32743,19,,,1,10,,32744,19,,,1,10,,32745,19,,,1,10,,32746,19,,,1,10,,32747,19,,,1,61,,32748,19,,,1,20,,32749,19,,,1,20,,32750,19,,,1,60,,32751,19,,,1,20,,32752,19,,,1,20,,32753,19,,,1,60,,32754,19,,,1,20,,32755,19,,,1,20,,32756,19,,,1,60,,32757,19,,,1,20,,32758,19,,,1,20,,32759,19,,,1,60,,32760,19,,,1,20,,32761,19,,,1,20,,32762,19,,,1,60,,32763,19,,,1,20,,32764,19,,,1,20,,32765,19,,,1,51,,32766,19,,,1,10,,32767,19,,,1,10,,32768,19,,,1,10,,32769,19,,,1,10,,32770,19,,,1,10,,32771,19,,,1,50,,32772,19,,,1,10,,32773,19,,,1,10,,32774,19,,,1,10,,32775,19,,,1,10,,32776,19,,,1,10,,32777,19,,,1,50,,32778,19,,,1,10,,32779,19,,,1,10,,32780,19,,,1,10,,32781,19,,,1,10,,32782,19,,,1,10,,32783,19,,,1,50,,32784,19,,,1,20,,32785,19,,,1,18,,32786,19,,,1,60,,32787,19,,,1,20,,32788,19,,,1,20,,32789,19,,,1,60,,32790,19,,,1,20,,32791,19,,,1,20,,32792,19,,,1,60,,32793,19,,,1,20,,32794,19,,,1,20,,32795,19,,,1,64,,32800,19,,,1,30,,32796,19,,,1,70,,32797,19,,,1,30,,32798,19,,,1,70,,32799,19,,,1
10801,'108-Weekday-7-26-02-1111100',549,,32804,19,,,1,60,,32801,19,,,1,20,,32803,19,,,1,21,,32802,19,,,1,53,,32805,19,,,1,10,,32806,19,,,1,10,,32807,19,,,1,10,,32808,19,,,1,10,,32809,19,,,1,10,,32810,19,,,1,50,,32811,19,,,1,10,,32812,19,,,1,10,,32813,19,,,1,10,,32814,19,,,1,10,,32815,19,,,1,10,,32816,19,,,1,61,,32817,19,,,1,20,,32818,19,,,1,20,,32819,19,,,1,60,,32820,19,,,1,20,,32821,19,,,1,20,,32822,19,,,1,60,,32823,19,,,1,20,,32824,19,,,1,20,,32825,19,,,1,60,,32826,19,,,1,20,,32827,19,,,1,20,,32828,19,,,1,60,,32829,19,,,1,20,,32830,19,,,1,20,,32831,19,,,1,60,,32832,19,,,1,20,,32833,19,,,1,20,,32834,19,,,1,51,,32835,19,,,1,10,,32836,19,,,1,10,,32837,19,,,1,10,,32838,19,,,1,10,,32839,19,,,1,10,,32840,19,,,1,50,,32841,19,,,1,10,,32842,19,,,1,10,,32843,19,,,1,10,,32844,19,,,1,10,,32845,19,,,1,10,,32846,19,,,1,50,,32847,19,,,1,10,,32848,19,,,1,10,,32849,19,,,1,10,,32850,19,,,1,10,,32851,19,,,1,10,,32852,19,,,1,50,,32853,19,,,1,20,,32854,19,,,1,18,,32855,19,,,1,60,,32856,19,,,1,20,,32857,19,,,1,20,,32858,19,,,1,60,,32859,19,,,1,20,,32860,19,,,1,20,,32861,19,,,1,60,,32862,19,,,1,20,,32863,19,,,1,20,,32864,19,,,1,64,,32869,19,,,1,30,,32865,19,,,1,70,,32866,19,,,1,30,,32867,19,,,1,70,,32868,19,,,1
10801,'108-Weekday-8-26-02-1111100',549,,32873,19,,,1,60,,32870,19,,,1,20,,32872,19,,,1,21,,32871,19,,,1,53,,32874,19,,,1,10,,32875,19,,,1,10,,32876,19,,,1,10,,32877,19,,,1,10,,32878,19,,,1,10,,32879,19,,,1,50,,32880,19,,,1,10,,32881,19,,,1,10,,32882,19,,,1,10,,32883,19,,,1,10,,32884,19,,,1,10,,32885,19,,,1,61,,32886,19,,,1,20,,32887,19,,,1,20,,32888,19,,,1,60,,32889,19,,,1,20,,32890,19,,,1,20,,32891,19,,,1,60,,32892,19,,,1,20,,32893,19,,,1,20,,32894,19,,,1,60,,32895,19,,,1,20,,32896,19,,,1,20,,32897,19,,,1,60,,32898,19,,,1,20,,32899,19,,,1,20,,32900,19,,,1,60,,32901,19,,,1,20,,32902,19,,,1,20,,32903,19,,,1,51,,32904,19,,,1,10,,32905,19,,,1,10,,32906,19,,,1,10,,32907,19,,,1,10,,32908,19,,,1,10,,32909,19,,,1,50,,32910,19,,,1,10,,32911,19,,,1,10,,32912,19,,,1,10,,32913,19,,,1,10,,32914,19,,,1,10,,32915,19,,,1,50,,32916,19,,,1,10,,32917,19,,,1,10,,32918,19,,,1,10,,32919,19,,,1,10,,32920,19,,,1,10,,32921,19,,,1,50,,32922,19,,,1,20,,32923,19,,,1,18,,32924,19,,,1,60,,32925,19,,,1,20,,32926,19,,,1,20,,32927,19,,,1,60,,32928,19,,,1,20,,32929,19,,,1,20,,32930,19,,,1,60,,32931,19,,,1,20,,32932,19,,,1,20,,32933,19,,,1,64,,32938,19,,,1,30,,32934,19,,,1,70,,32935,19,,,1,30,,32936,19,,,1,70,,32937,19,,,1
10801,'108-Weekday-9-26-02-1110100',1519,,32939,19,,,1
10801,'108-Weekday-9-26-02-1111100',549,,32943,19,,,1,60,,32940,19,,,1,20,,32942,19,,,1,21,,32941,19,,,1,53,,32944,19,,,1,10,,32945,19,,,1,10,,32946,19,,,1,10,,32947,19,,,1,10,,32948,19,,,1,10,,32949,19,,,1,50,,32950,19,,,1,10,,32951,19,,,1,10,,32952,19,,,1,10,,32953,19,,,1,10,,32954,19,,,1,10,,32955,19,,,1,61,,32956,19,,,1,20,,32957,19,,,1,20,,32958,19,,,1,60,,32959,19,,,1,20,,32960,19,,,1,20,,32961,19,,,1,60,,32962,19,,,1,20,,32963,19,,,1,20,,32964,19,,,1,60,,32965,19,,,1,20,,32966,19,,,1,20,,32967,19,,,1,60,,32968,19,,,1,20,,32969,19,,,1,20,,32970,19,,,1,60,,32971,19,,,1,20,,32972,19,,,1,20,,32973,19,,,1,51,,32974,19,,,1,10,,32975,19,,,1,10,,32976,19,,,1,10,,32977,19,,,1,10,,32978,19,,,1,10,,32979,19,,,1,50,,32980,19,,,1,10,,32981,19,,,1,10,,32982,19,,,1,10,,32983,19,,,1,10,,32984,19,,,1,10,,32985,19,,,1,50,,32986,19,,,1,10,,32987,19,,,1,10,,32988,19,,,1,10,,32989,19,,,1,10,,32990,19,,,1,10,,32991,19,,,1,50,,32992,19,,,1,20,,32993,19,,,1,18,,32994,19,,,1,60,,32995,19,,,1,20,,32996,19,,,1,20,,32997,19,,,1,60,,32998,19,,,1,20,,32999,19,,,1,20,,33000,19,,,1,60,,33001,19,,,1,20,,33002,19,,,1,20,,33003,19,,,1,64,,33008,19,,,1,30,,33004,19,,,1,70,,33005,19,,,1,30,,33006,19,,,1,70,,33007,19,,,1
10801,'108-Saturday-1-26-02-0000010',543,,33009,19,,,1,70,,33010,19,,,1,30,,33011,19,,,1,70,,33012,19,,,1,30,,33013,19,,,1,70,,33014,19,,,1,30,,33015,19,,,1,69,,33016,19,,,1,30,,33017,19,,,1,70,,33018,19,,,1,30,,33019,19,,,1,70,,33020,19,,,1,30,,33021,19,,,1,70,,33022,19,,,1,30,,33023,19,,,1,70,,33024,19,,,1,30,,33025,19,,,1,70,,33026,19,,,1,30,,33027,19,,,1,70,,33028,19,,,1,30,,33029,19,,,1,70,,33030,19,,,1,30,,33031,19,,,1,71,,33032,19,,,1,30,,33033,19,,,1,70,,33034,19,,,1,30,,33035,19,,,1,70,,33045,19,,,1,30,,33036,19,,,1,70,,33037,19,,,1,30,,33038,19,,,1,70,,33039,19,,,1,30,,33040,19,,,1,70,,33041,19,,,1,30,,33042,19,,,1,70,,33043,19,,,1,30,,33044,19,,,1
10801,'108-Sunday-1-26-02-0000001',559,,33046,19,,,1,70,,33047,19,,,1,30,,33048,19,,,1,70,,33049,19,,,1,30,,33050,19,,,1,69,,33051,19,,,1,72,,33052,19,,,1,30,,33053,19,,,1,70,,33054,19,,,1,30,,33055,19,,,1,70,,33056,19,,,1,30,,33057,19,,,1,70,,33058,19,,,1,30,,33059,19,,,1,70,,33060,19,,,1,30,,33061,19,,,1,70,,33062,19,,,1,30,,33063,19,,,1,70,,33064,19,,,1,30,,33065,19,,,1,70,,33066,19,,,1,30,,33067,19,,,1,28,,33068,19,,,1,70,,33069,19,,,1,30,,33070,19,,,1,70,,33071,19,,,1,30,,33072,19,,,1,70,,33073,19,,,1,30,,33074,19,,,1,70,,33075,19,,,1,30,,33076,19,,,1,70,,33077,19,,,1,30,,33078,19,,,1,70,,33079,19,,,1,30,,33080,19,,,1,70,,33081,19,,,1,30,,33082,19,,,1
