51500,'515-Weekday-1-26-02-0001000',1242,,50581,11,,,1
51500,'515-Weekday-1-26-02-1110100',1532,,50582,11,,,1,26,,50583,11,,,1
51500,'515-Weekday-1-26-02-1111100',545,,50584,11,,,1,70,,50630,11,,,1,31,,50619,11,,,1,55,,50625,11,,,1,15,,50626,11,,,1,15,,50585,11,,,1,15,,50586,11,,,1,55,,50587,11,,,1,15,,50621,11,,,1,15,,50588,11,,,1,20,,50589,11,,,1,60,,50613,11,,,1,20,,50590,11,,,1,20,,50591,11,,,1,60,,50614,11,,,1,20,,50592,11,,,1,20,,50593,11,,,1,60,,50615,11,,,1,20,,50594,11,,,1,20,,50595,11,,,1,60,,50616,11,,,1,20,,50596,11,,,1,20,,50597,11,,,1,60,,50617,11,,,1,20,,50598,11,,,1,20,,50599,11,,,1,60,,50618,11,,,1,20,,50600,11,,,1,20,,50601,11,,,1,56,,50634,11,,,1,16,,50623,11,,,1,15,,50631,11,,,1,15,,50624,11,,,1,55,,50620,11,,,1,15,,50632,11,,,1,15,,50633,11,,,1,15,,50628,11,,,1,55,,50622,11,,,1,15,,50602,11,,,1,15,,50603,11,,,1,70,,50627,11,,,1,29,,50604,11,,,1,69,,50605,11,,,1,30,,50606,11,,,1,70,,50607,11,,,1,30,,50608,11,,,1,70,,50609,11,,,1,30,,50610,11,,,1,70,,50629,11,,,1,100,,50611,11,,,1,100,,50612,11,,,1
51500,'515-Weekday-10-26-02-0001000',1242,,50635,11,,,1
51500,'515-Weekday-10-26-02-1111100',545,,50636,11,,,1,70,,50682,11,,,1,31,,50671,11,,,1,55,,50677,11,,,1,15,,50678,11,,,1,15,,50637,11,,,1,15,,50638,11,,,1,55,,50639,11,,,1,15,,50673,11,,,1,15,,50640,11,,,1,20,,50641,11,,,1,60,,50665,11,,,1,20,,50642,11,,,1,20,,50643,11,,,1,60,,50666,11,,,1,20,,50644,11,,,1,20,,50645,11,,,1,60,,50667,11,,,1,20,,50646,11,,,1,20,,50647,11,,,1,60,,50668,11,,,1,20,,50648,11,,,1,20,,50649,11,,,1,60,,50669,11,,,1,20,,50650,11,,,1,20,,50651,11,,,1,60,,50670,11,,,1,20,,50652,11,,,1,20,,50653,11,,,1,56,,50686,11,,,1,16,,50675,11,,,1,15,,50683,11,,,1,15,,50676,11,,,1,55,,50672,11,,,1,15,,50684,11,,,1,15,,50685,11,,,1,15,,50680,11,,,1,55,,50674,11,,,1,15,,50654,11,,,1,15,,50655,11,,,1,70,,50679,11,,,1,29,,50656,11,,,1,69,,50657,11,,,1,30,,50658,11,,,1,70,,50659,11,,,1,30,,50660,11,,,1,70,,50661,11,,,1,30,,50662,11,,,1,70,,50681,11,,,1,100,,50663,11,,,1,100,,50664,11,,,1
51500,'515-Weekday-2-26-02-0001000',1242,,50687,11,,,1
51500,'515-Weekday-2-26-02-1110100',1532,,50688,11,,,1,26,,50689,11,,,1
51500,'515-Weekday-2-26-02-1111100',545,,50690,11,,,1,70,,50736,11,,,1,31,,50725,11,,,1,55,,50731,11,,,1,15,,50732,11,,,1,15,,50691,11,,,1,15,,50692,11,,,1,55,,50693,11,,,1,15,,50727,11,,,1,15,,50694,11,,,1,20,,50695,11,,,1,60,,50719,11,,,1,20,,50696,11,,,1,20,,50697,11,,,1,60,,50720,11,,,1,20,,50698,11,,,1,20,,50699,11,,,1,60,,50721,11,,,1,20,,50700,11,,,1,20,,50701,11,,,1,60,,50722,11,,,1,20,,50702,11,,,1,20,,50703,11,,,1,60,,50723,11,,,1,20,,50704,11,,,1,20,,50705,11,,,1,60,,50724,11,,,1,20,,50706,11,,,1,20,,50707,11,,,1,56,,50740,11,,,1,16,,50729,11,,,1,15,,50737,11,,,1,15,,50730,11,,,1,55,,50726,11,,,1,15,,50738,11,,,1,15,,50739,11,,,1,15,,50734,11,,,1,55,,50728,11,,,1,15,,50708,11,,,1,15,,50709,11,,,1,70,,50733,11,,,1,29,,50710,11,,,1,69,,50711,11,,,1,30,,50712,11,,,1,70,,50713,11,,,1,30,,50714,11,,,1,70,,50715,11,,,1,30,,50716,11,,,1,70,,50735,11,,,1,100,,50717,11,,,1,100,,50718,11,,,1
51500,'515-Weekday-4-26-02-1111100',545,,50741,11,,,1,70,,50787,11,,,1,31,,50776,11,,,1,55,,50782,11,,,1,15,,50783,11,,,1,15,,50742,11,,,1,15,,50743,11,,,1,55,,50744,11,,,1,15,,50778,11,,,1,15,,50745,11,,,1,20,,50746,11,,,1,60,,50770,11,,,1,20,,50747,11,,,1,20,,50748,11,,,1,60,,50771,11,,,1,20,,50749,11,,,1,20,,50750,11,,,1,60,,50772,11,,,1,20,,50751,11,,,1,20,,50752,11,,,1,60,,50773,11,,,1,20,,50753,11,,,1,20,,50754,11,,,1,60,,50774,11,,,1,20,,50755,11,,,1,20,,50756,11,,,1,60,,50775,11,,,1,20,,50757,11,,,1,20,,50758,11,,,1,56,,50791,11,,,1,16,,50780,11,,,1,15,,50788,11,,,1,15,,50781,11,,,1,55,,50777,11,,,1,15,,50789,11,,,1,15,,50790,11,,,1,15,,50785,11,,,1,55,,50779,11,,,1,15,,50759,11,,,1,15,,50760,11,,,1,70,,50784,11,,,1,29,,50761,11,,,1,69,,50762,11,,,1,30,,50763,11,,,1,70,,50764,11,,,1,30,,50765,11,,,1,70,,50766,11,,,1,30,,50767,11,,,1,70,,50786,11,,,1,100,,50768,11,,,1,100,,50769,11,,,1
51500,'515-Weekday-5-26-02-0000100',1242,,50792,11,,,1
51500,'515-Weekday-5-26-02-1110100',1532,,50793,11,,,1,26,,50794,11,,,1
51500,'515-Weekday-5-26-02-1111100',545,,50795,11,,,1,70,,50841,11,,,1,31,,50830,11,,,1,55,,50836,11,,,1,15,,50837,11,,,1,15,,50796,11,,,1,15,,50797,11,,,1,55,,50798,11,,,1,15,,50832,11,,,1,15,,50799,11,,,1,20,,50800,11,,,1,60,,50824,11,,,1,20,,50801,11,,,1,20,,50802,11,,,1,60,,50825,11,,,1,20,,50803,11,,,1,20,,50804,11,,,1,60,,50826,11,,,1,20,,50805,11,,,1,20,,50806,11,,,1,60,,50827,11,,,1,20,,50807,11,,,1,20,,50808,11,,,1,60,,50828,11,,,1,20,,50809,11,,,1,20,,50810,11,,,1,60,,50829,11,,,1,20,,50811,11,,,1,20,,50812,11,,,1,56,,50845,11,,,1,16,,50834,11,,,1,15,,50842,11,,,1,15,,50835,11,,,1,55,,50831,11,,,1,15,,50843,11,,,1,15,,50844,11,,,1,15,,50839,11,,,1,55,,50833,11,,,1,15,,50813,11,,,1,15,,50814,11,,,1,70,,50838,11,,,1,29,,50815,11,,,1,69,,50816,11,,,1,30,,50817,11,,,1,70,,50818,11,,,1,30,,50819,11,,,1,70,,50820,11,,,1,30,,50821,11,,,1,70,,50840,11,,,1,100,,50822,11,,,1,100,,50823,11,,,1
51500,'515-Weekday-6-26-02-1111100',545,,50846,11,,,1,70,,50892,11,,,1,31,,50881,11,,,1,55,,50887,11,,,1,15,,50888,11,,,1,15,,50847,11,,,1,15,,50848,11,,,1,55,,50849,11,,,1,15,,50883,11,,,1,15,,50850,11,,,1,20,,50851,11,,,1,60,,50875,11,,,1,20,,50852,11,,,1,20,,50853,11,,,1,60,,50876,11,,,1,20,,50854,11,,,1,20,,50855,11,,,1,60,,50877,11,,,1,20,,50856,11,,,1,20,,50857,11,,,1,60,,50878,11,,,1,20,,50858,11,,,1,20,,50859,11,,,1,60,,50879,11,,,1,20,,50860,11,,,1,20,,50861,11,,,1,60,,50880,11,,,1,20,,50862,11,,,1,20,,50863,11,,,1,56,,50896,11,,,1,16,,50885,11,,,1,15,,50893,11,,,1,15,,50886,11,,,1,55,,50882,11,,,1,15,,50894,11,,,1,15,,50895,11,,,1,15,,50890,11,,,1,55,,50884,11,,,1,15,,50864,11,,,1,15,,50865,11,,,1,70,,50889,11,,,1,29,,50866,11,,,1,69,,50867,11,,,1,30,,50868,11,,,1,70,,50869,11,,,1,30,,50870,11,,,1,70,,50871,11,,,1,30,,50872,11,,,1,70,,50891,11,,,1,100,,50873,11,,,1,100,,50874,11,,,1
51500,'515-Weekday-7-26-02-1111100',545,,50897,11,,,1,70,,50943,11,,,1,31,,50932,11,,,1,55,,50938,11,,,1,15,,50939,11,,,1,15,,50898,11,,,1,15,,50899,11,,,1,55,,50900,11,,,1,15,,50934,11,,,1,15,,50901,11,,,1,20,,50902,11,,,1,60,,50926,11,,,1,20,,50903,11,,,1,20,,50904,11,,,1,60,,50927,11,,,1,20,,50905,11,,,1,20,,50906,11,,,1,60,,50928,11,,,1,20,,50907,11,,,1,20,,50908,11,,,1,60,,50929,11,,,1,20,,50909,11,,,1,20,,50910,11,,,1,60,,50930,11,,,1,20,,50911,11,,,1,20,,50912,11,,,1,60,,50931,11,,,1,20,,50913,11,,,1,20,,50914,11,,,1,56,,50947,11,,,1,16,,50936,11,,,1,15,,50944,11,,,1,15,,50937,11,,,1,55,,50933,11,,,1,15,,50945,11,,,1,15,,50946,11,,,1,15,,50941,11,,,1,55,,50935,11,,,1,15,,50915,11,,,1,15,,50916,11,,,1,70,,50940,11,,,1,29,,50917,11,,,1,69,,50918,11,,,1,30,,50919,11,,,1,70,,50920,11,,,1,30,,50921,11,,,1,70,,50922,11,,,1,30,,50923,11,,,1,70,,50942,11,,,1,100,,50924,11,,,1,100,,50925,11,,,1
51500,'515-Weekday-8-26-02-1111100',545,,50948,11,,,1,70,,50994,11,,,1,31,,50983,11,,,1,55,,50989,11,,,1,15,,50990,11,,,1,15,,50949,11,,,1,15,,50950,11,,,1,55,,50951,11,,,1,15,,50985,11,,,1,15,,50952,11,,,1,20,,50953,11,,,1,60,,50977,11,,,1,20,,50954,11,,,1,20,,50955,11,,,1,60,,50978,11,,,1,20,,50956,11,,,1,20,,50957,11,,,1,60,,50979,11,,,1,20,,50958,11,,,1,20,,50959,11,,,1,60,,50980,11,,,1,20,,50960,11,,,1,20,,50961,11,,,1,60,,50981,11,,,1,20,,50962,11,,,1,20,,50963,11,,,1,60,,50982,11,,,1,20,,50964,11,,,1,20,,50965,11,,,1,56,,50998,11,,,1,16,,50987,11,,,1,15,,50995,11,,,1,15,,50988,11,,,1,55,,50984,11,,,1,15,,50996,11,,,1,15,,50997,11,,,1,15,,50992,11,,,1,55,,50986,11,,,1,15,,50966,11,,,1,15,,50967,11,,,1,70,,50991,11,,,1,29,,50968,11,,,1,69,,50969,11,,,1,30,,50970,11,,,1,70,,50971,11,,,1,30,,50972,11,,,1,70,,50973,11,,,1,30,,50974,11,,,1,70,,50993,11,,,1,100,,50975,11,,,1,100,,50976,11,,,1
51500,'515-Weekday-9-26-02-1110100',1532,,50999,11,,,1,26,,51000,11,,,1
51500,'515-Weekday-9-26-02-1111100',545,,51001,11,,,1,70,,51047,11,,,1,31,,51036,11,,,1,55,,51042,11,,,1,15,,51043,11,,,1,15,,51002,11,,,1,15,,51003,11,,,1,55,,51004,11,,,1,15,,51038,11,,,1,15,,51005,11,,,1,20,,51006,11,,,1,60,,51030,11,,,1,20,,51007,11,,,1,20,,51008,11,,,1,60,,51031,11,,,1,20,,51009,11,,,1,20,,51010,11,,,1,60,,51032,11,,,1,20,,51011,11,,,1,20,,51012,11,,,1,60,,51033,11,,,1,20,,51013,11,,,1,20,,51014,11,,,1,60,,51034,11,,,1,20,,51015,11,,,1,20,,51016,11,,,1,60,,51035,11,,,1,20,,51017,11,,,1,20,,51018,11,,,1,56,,51051,11,,,1,16,,51040,11,,,1,15,,51048,11,,,1,15,,51041,11,,,1,55,,51037,11,,,1,15,,51049,11,,,1,15,,51050,11,,,1,15,,51045,11,,,1,55,,51039,11,,,1,15,,51019,11,,,1,15,,51020,11,,,1,70,,51044,11,,,1,29,,51021,11,,,1,69,,51022,11,,,1,30,,51023,11,,,1,70,,51024,11,,,1,30,,51025,11,,,1,70,,51026,11,,,1,30,,51027,11,,,1,70,,51046,11,,,1,100,,51028,11,,,1,100,,51029,11,,,1
51500,'515-Saturday-1-26-02-0000010',624,,51052,11,,,1,99,,51053,11,,,1,84,,51054,11,,,1,20,,51084,11,,,1,21,,51055,11,,,1,62,,51056,11,,,1,20,,51057,11,,,1,20,,51085,11,,,1,60,,51058,11,,,1,20,,51059,11,,,1,20,,51086,11,,,1,60,,51060,11,,,1,20,,51061,11,,,1,20,,51087,11,,,1,60,,51062,11,,,1,20,,51063,11,,,1,20,,51088,11,,,1,60,,51064,11,,,1,20,,51065,11,,,1,20,,51089,11,,,1,60,,51066,11,,,1,20,,51067,11,,,1,20,,51090,11,,,1,60,,51068,11,,,1,20,,51069,11,,,1,20,,51091,11,,,1,60,,51070,11,,,1,20,,51071,11,,,1,20,,51092,11,,,1,60,,51072,11,,,1,20,,51073,11,,,1,20,,51093,11,,,1,60,,51074,11,,,1,20,,51075,11,,,1,20,,51094,11,,,1,60,,51076,11,,,1,30,,51077,11,,,1,70,,51082,11,,,1,30,,51079,11,,,1,70,,51083,11,,,1,30,,51080,11,,,1,100,,51078,11,,,1,100,,51081,11,,,1
51500,'515-Sunday-1-26-02-0000001',624,,51095,11,,,1,100,,51096,11,,,1,100,,51097,11,,,1,99,,51098,11,,,1,85,,51099,11,,,1,20,,51100,11,,,1,20,,51124,11,,,1,60,,51101,11,,,1,20,,51102,11,,,1,20,,51125,11,,,1,60,,51103,11,,,1,20,,51104,11,,,1,20,,51126,11,,,1,60,,51105,11,,,1,20,,51106,11,,,1,20,,51127,11,,,1,60,,51107,11,,,1,20,,51108,11,,,1,20,,51128,11,,,1,60,,51109,11,,,1,20,,51110,11,,,1,20,,51129,11,,,1,60,,51111,11,,,1,20,,51112,11,,,1,20,,51130,11,,,1,60,,51113,11,,,1,22,,51114,11,,,1,20,,51131,11,,,1,60,,51115,11,,,1,20,,51116,11,,,1,20,,51132,11,,,1,60,,51117,11,,,1,30,,51120,11,,,1,70,,51118,11,,,1,30,,51121,11,,,1,70,,51122,11,,,1,100,,51119,11,,,1,100,,51123,11,,,1,100,,51133,11,,,1
