91601,'916-Weekday-1-26-02-0001000',1221,,93020,11,,,1
91601,'916-Weekday-1-26-02-1110100',1526,,93021,11,,,1,93,,93022,11,,,1
91601,'916-Weekday-1-26-02-1111100',551,,93023,11,,,1,70,,93065,11,,,1,11,,93024,11,,,1,10,,93066,11,,,1,10,,93025,11,,,1,50,,93067,11,,,1,10,,93026,11,,,1,10,,93068,11,,,1,10,,93027,11,,,1,10,,93069,11,,,1,10,,93028,11,,,1,50,,93070,11,,,1,10,,93029,11,,,1,10,,93030,11,,,1,10,,93031,11,,,1,10,,93064,11,,,1,77,,93032,11,,,1,32,,93033,11,,,1,70,,93034,11,,,1,30,,93035,11,,,1,70,,93036,11,,,1,30,,93037,11,,,1,70,,93038,11,,,1,30,,93039,11,,,1,70,,93040,11,,,1,30,,93041,11,,,1,70,,93042,11,,,1,30,,93043,11,,,1,60,,93044,11,,,1,12,,93045,11,,,1,12,,93046,11,,,1,12,,93071,11,,,1,12,,93047,11,,,1,52,,93048,11,,,1,12,,93049,11,,,1,12,,93050,11,,,1,12,,93072,11,,,1,12,,93051,11,,,1,52,,93052,11,,,1,12,,93053,11,,,1,12,,93054,11,,,1,16,,93063,11,,,1,70,,93055,11,,,1,28,,93056,11,,,1,70,,93057,11,,,1,30,,93058,11,,,1,70,,93059,11,,,1,30,,93060,11,,,1,70,,93061,11,,,1,30,,93062,11,,,1,69,,93073,11,,,1,26,,93074,11,,,1,100,,93075,11,,,1
91601,'916-Weekday-10-26-02-0001000',1221,,93076,11,,,1
91601,'916-Weekday-10-26-02-1111100',551,,93077,11,,,1,70,,93119,11,,,1,11,,93078,11,,,1,10,,93120,11,,,1,10,,93079,11,,,1,50,,93121,11,,,1,10,,93080,11,,,1,10,,93122,11,,,1,10,,93081,11,,,1,10,,93123,11,,,1,10,,93082,11,,,1,50,,93124,11,,,1,10,,93083,11,,,1,10,,93084,11,,,1,10,,93085,11,,,1,10,,93118,11,,,1,77,,93086,11,,,1,32,,93087,11,,,1,70,,93088,11,,,1,30,,93089,11,,,1,70,,93090,11,,,1,30,,93091,11,,,1,70,,93092,11,,,1,30,,93093,11,,,1,70,,93094,11,,,1,30,,93095,11,,,1,70,,93096,11,,,1,30,,93097,11,,,1,60,,93098,11,,,1,12,,93099,11,,,1,12,,93100,11,,,1,12,,93125,11,,,1,12,,93101,11,,,1,52,,93102,11,,,1,12,,93103,11,,,1,12,,93104,11,,,1,12,,93126,11,,,1,12,,93105,11,,,1,52,,93106,11,,,1,12,,93107,11,,,1,12,,93108,11,,,1,16,,93117,11,,,1,70,,93109,11,,,1,28,,93110,11,,,1,70,,93111,11,,,1,30,,93112,11,,,1,70,,93113,11,,,1,30,,93114,11,,,1,70,,93115,11,,,1,30,,93116,11,,,1,69,,93127,11,,,1,26,,93128,11,,,1,100,,93129,11,,,1
91601,'916-Weekday-2-26-02-0001000',1221,,93130,11,,,1
91601,'916-Weekday-2-26-02-1110100',1526,,93131,11,,,1,93,,93132,11,,,1
91601,'916-Weekday-2-26-02-1111100',551,,93133,11,,,1,70,,93175,11,,,1,11,,93134,11,,,1,10,,93176,11,,,1,10,,93135,11,,,1,50,,93177,11,,,1,10,,93136,11,,,1,10,,93178,11,,,1,10,,93137,11,,,1,10,,93179,11,,,1,10,,93138,11,,,1,50,,93180,11,,,1,10,,93139,11,,,1,10,,93140,11,,,1,10,,93141,11,,,1,10,,93174,11,,,1,77,,93142,11,,,1,32,,93143,11,,,1,70,,93144,11,,,1,30,,93145,11,,,1,70,,93146,11,,,1,30,,93147,11,,,1,70,,93148,11,,,1,30,,93149,11,,,1,70,,93150,11,,,1,30,,93151,11,,,1,70,,93152,11,,,1,30,,93153,11,,,1,60,,93154,11,,,1,12,,93155,11,,,1,12,,93156,11,,,1,12,,93181,11,,,1,12,,93157,11,,,1,52,,93158,11,,,1,12,,93159,11,,,1,12,,93160,11,,,1,12,,93182,11,,,1,12,,93161,11,,,1,52,,93162,11,,,1,12,,93163,11,,,1,12,,93164,11,,,1,16,,93173,11,,,1,70,,93165,11,,,1,28,,93166,11,,,1,70,,93167,11,,,1,30,,93168,11,,,1,70,,93169,11,,,1,30,,93170,11,,,1,70,,93171,11,,,1,30,,93172,11,,,1,69,,93183,11,,,1,26,,93184,11,,,1,100,,93185,11,,,1
91601,'916-Weekday-4-26-02-1111100',551,,93186,11,,,1,70,,93228,11,,,1,11,,93187,11,,,1,10,,93229,11,,,1,10,,93188,11,,,1,50,,93230,11,,,1,10,,93189,11,,,1,10,,93231,11,,,1,10,,93190,11,,,1,10,,93232,11,,,1,10,,93191,11,,,1,50,,93233,11,,,1,10,,93192,11,,,1,10,,93193,11,,,1,10,,93194,11,,,1,10,,93227,11,,,1,77,,93195,11,,,1,32,,93196,11,,,1,70,,93197,11,,,1,30,,93198,11,,,1,70,,93199,11,,,1,30,,93200,11,,,1,70,,93201,11,,,1,30,,93202,11,,,1,70,,93203,11,,,1,30,,93204,11,,,1,70,,93205,11,,,1,30,,93206,11,,,1,60,,93207,11,,,1,12,,93208,11,,,1,12,,93209,11,,,1,12,,93234,11,,,1,12,,93210,11,,,1,52,,93211,11,,,1,12,,93212,11,,,1,12,,93213,11,,,1,12,,93235,11,,,1,12,,93214,11,,,1,52,,93215,11,,,1,12,,93216,11,,,1,12,,93217,11,,,1,16,,93226,11,,,1,70,,93218,11,,,1,28,,93219,11,,,1,70,,93220,11,,,1,30,,93221,11,,,1,70,,93222,11,,,1,30,,93223,11,,,1,70,,93224,11,,,1,30,,93225,11,,,1,69,,93236,11,,,1,26,,93237,11,,,1,100,,93238,11,,,1
91601,'916-Weekday-5-26-02-0000100',1221,,93239,11,,,1
91601,'916-Weekday-5-26-02-1110100',1619,,93240,11,,,1
91601,'916-Weekday-5-26-02-1111000',1526,,93241,11,,,1
91601,'916-Weekday-5-26-02-1111100',551,,93242,11,,,1,70,,93284,11,,,1,11,,93243,11,,,1,10,,93285,11,,,1,10,,93244,11,,,1,50,,93286,11,,,1,10,,93245,11,,,1,10,,93287,11,,,1,10,,93246,11,,,1,10,,93288,11,,,1,10,,93247,11,,,1,50,,93289,11,,,1,10,,93248,11,,,1,10,,93249,11,,,1,10,,93250,11,,,1,10,,93283,11,,,1,77,,93251,11,,,1,32,,93252,11,,,1,70,,93253,11,,,1,30,,93254,11,,,1,70,,93255,11,,,1,30,,93256,11,,,1,70,,93257,11,,,1,30,,93258,11,,,1,70,,93259,11,,,1,30,,93260,11,,,1,70,,93261,11,,,1,30,,93262,11,,,1,60,,93263,11,,,1,12,,93264,11,,,1,12,,93265,11,,,1,12,,93290,11,,,1,12,,93266,11,,,1,52,,93267,11,,,1,12,,93268,11,,,1,12,,93269,11,,,1,12,,93291,11,,,1,12,,93270,11,,,1,52,,93271,11,,,1,12,,93272,11,,,1,12,,93273,11,,,1,16,,93282,11,,,1,70,,93274,11,,,1,28,,93275,11,,,1,70,,93276,11,,,1,30,,93277,11,,,1,70,,93278,11,,,1,30,,93279,11,,,1,70,,93280,11,,,1,30,,93281,11,,,1,69,,93292,11,,,1,26,,93293,11,,,1,100,,93294,11,,,1
91601,'916-Weekday-6-26-02-1110100',1526,,93295,11,,,1
91601,'916-Weekday-6-26-02-1111100',551,,93296,11,,,1,70,,93338,11,,,1,11,,93297,11,,,1,10,,93339,11,,,1,10,,93298,11,,,1,50,,93340,11,,,1,10,,93299,11,,,1,10,,93341,11,,,1,10,,93300,11,,,1,10,,93342,11,,,1,10,,93301,11,,,1,50,,93343,11,,,1,10,,93302,11,,,1,10,,93303,11,,,1,10,,93304,11,,,1,10,,93337,11,,,1,77,,93305,11,,,1,32,,93306,11,,,1,70,,93307,11,,,1,30,,93308,11,,,1,70,,93309,11,,,1,30,,93310,11,,,1,70,,93311,11,,,1,30,,93312,11,,,1,70,,93313,11,,,1,30,,93314,11,,,1,70,,93315,11,,,1,30,,93316,11,,,1,60,,93317,11,,,1,12,,93318,11,,,1,12,,93319,11,,,1,12,,93344,11,,,1,12,,93320,11,,,1,52,,93321,11,,,1,12,,93322,11,,,1,12,,93323,11,,,1,12,,93345,11,,,1,12,,93324,11,,,1,52,,93325,11,,,1,12,,93326,11,,,1,12,,93327,11,,,1,16,,93336,11,,,1,70,,93328,11,,,1,28,,93329,11,,,1,70,,93330,11,,,1,30,,93331,11,,,1,70,,93332,11,,,1,30,,93333,11,,,1,70,,93334,11,,,1,30,,93335,11,,,1,69,,93346,11,,,1,26,,93347,11,,,1,100,,93348,11,,,1
91601,'916-Weekday-7-26-02-1111100',551,,93349,11,,,1,70,,93391,11,,,1,11,,93350,11,,,1,10,,93392,11,,,1,10,,93351,11,,,1,50,,93393,11,,,1,10,,93352,11,,,1,10,,93394,11,,,1,10,,93353,11,,,1,10,,93395,11,,,1,10,,93354,11,,,1,50,,93396,11,,,1,10,,93355,11,,,1,10,,93356,11,,,1,10,,93357,11,,,1,10,,93390,11,,,1,77,,93358,11,,,1,32,,93359,11,,,1,70,,93360,11,,,1,30,,93361,11,,,1,70,,93362,11,,,1,30,,93363,11,,,1,70,,93364,11,,,1,30,,93365,11,,,1,70,,93366,11,,,1,30,,93367,11,,,1,70,,93368,11,,,1,30,,93369,11,,,1,60,,93370,11,,,1,12,,93371,11,,,1,12,,93372,11,,,1,12,,93397,11,,,1,12,,93373,11,,,1,52,,93374,11,,,1,12,,93375,11,,,1,12,,93376,11,,,1,12,,93398,11,,,1,12,,93377,11,,,1,52,,93378,11,,,1,12,,93379,11,,,1,12,,93380,11,,,1,16,,93389,11,,,1,70,,93381,11,,,1,28,,93382,11,,,1,70,,93383,11,,,1,30,,93384,11,,,1,70,,93385,11,,,1,30,,93386,11,,,1,70,,93387,11,,,1,30,,93388,11,,,1,69,,93399,11,,,1,26,,93400,11,,,1,100,,93401,11,,,1
91601,'916-Weekday-8-26-02-1110100',1526,,93402,11,,,1
91601,'916-Weekday-8-26-02-1111100',551,,93403,11,,,1,70,,93445,11,,,1,11,,93404,11,,,1,10,,93446,11,,,1,10,,93405,11,,,1,50,,93447,11,,,1,10,,93406,11,,,1,10,,93448,11,,,1,10,,93407,11,,,1,10,,93449,11,,,1,10,,93408,11,,,1,50,,93450,11,,,1,10,,93409,11,,,1,10,,93410,11,,,1,10,,93411,11,,,1,10,,93444,11,,,1,77,,93412,11,,,1,32,,93413,11,,,1,70,,93414,11,,,1,30,,93415,11,,,1,70,,93416,11,,,1,30,,93417,11,,,1,70,,93418,11,,,1,30,,93419,11,,,1,70,,93420,11,,,1,30,,93421,11,,,1,70,,93422,11,,,1,30,,93423,11,,,1,60,,93424,11,,,1,12,,93425,11,,,1,12,,93426,11,,,1,12,,93451,11,,,1,12,,93427,11,,,1,52,,93428,11,,,1,12,,93429,11,,,1,12,,93430,11,,,1,12,,93452,11,,,1,12,,93431,11,,,1,52,,93432,11,,,1,12,,93433,11,,,1,12,,93434,11,,,1,16,,93443,11,,,1,70,,93435,11,,,1,28,,93436,11,,,1,70,,93437,11,,,1,30,,93438,11,,,1,70,,93439,11,,,1,30,,93440,11,,,1,70,,93441,11,,,1,30,,93442,11,,,1,69,,93453,11,,,1,26,,93454,11,,,1,100,,93455,11,,,1
91601,'916-Weekday-9-26-02-1110100',1619,,93456,11,,,1
91601,'916-Weekday-9-26-02-1111100',551,,93457,11,,,1,70,,93499,11,,,1,11,,93458,11,,,1,10,,93500,11,,,1,10,,93459,11,,,1,50,,93501,11,,,1,10,,93460,11,,,1,10,,93502,11,,,1,10,,93461,11,,,1,10,,93503,11,,,1,10,,93462,11,,,1,50,,93504,11,,,1,10,,93463,11,,,1,10,,93464,11,,,1,10,,93465,11,,,1,10,,93498,11,,,1,77,,93466,11,,,1,32,,93467,11,,,1,70,,93468,11,,,1,30,,93469,11,,,1,70,,93470,11,,,1,30,,93471,11,,,1,70,,93472,11,,,1,30,,93473,11,,,1,70,,93474,11,,,1,30,,93475,11,,,1,70,,93476,11,,,1,30,,93477,11,,,1,60,,93478,11,,,1,12,,93479,11,,,1,12,,93480,11,,,1,12,,93505,11,,,1,12,,93481,11,,,1,52,,93482,11,,,1,12,,93483,11,,,1,12,,93484,11,,,1,12,,93506,11,,,1,12,,93485,11,,,1,52,,93486,11,,,1,12,,93487,11,,,1,12,,93488,11,,,1,16,,93497,11,,,1,70,,93489,11,,,1,28,,93490,11,,,1,70,,93491,11,,,1,30,,93492,11,,,1,70,,93493,11,,,1,30,,93494,11,,,1,70,,93495,11,,,1,30,,93496,11,,,1,69,,93507,11,,,1,26,,93508,11,,,1,100,,93509,11,,,1
91601,'916-Saturday-1-26-02-0000010',643,,93510,11,,,1,100,,93511,11,,,1,70,,93512,11,,,1,30,,93513,11,,,1,71,,93514,11,,,1,31,,93515,11,,,1,72,,93516,11,,,1,30,,93517,11,,,1,70,,93518,11,,,1,30,,93519,11,,,1,70,,93520,11,,,1,30,,93521,11,,,1,70,,93522,11,,,1,30,,93523,11,,,1,70,,93524,11,,,1,30,,93525,11,,,1,70,,93526,11,,,1,30,,93527,11,,,1,70,,93528,11,,,1,30,,93529,11,,,1,69,,93530,11,,,1,28,,93531,11,,,1,70,,93532,11,,,1,30,,93533,11,,,1,70,,93534,11,,,1,100,,93535,11,,,1,100,,93536,11,,,1,100,,93537,11,,,1,100,,93538,11,,,1,100,,93539,11,,,1
91601,'916-Sunday-1-26-02-0000001',643,,93540,11,,,1,100,,93541,11,,,1,100,,93542,11,,,1,103,,93543,11,,,1,101,,93544,11,,,1,70,,93545,11,,,1,30,,93546,11,,,1,70,,93547,11,,,1,30,,93548,11,,,1,70,,93549,11,,,1,30,,93550,11,,,1,70,,93551,11,,,1,30,,93552,11,,,1,70,,93553,11,,,1,30,,93554,11,,,1,70,,93555,11,,,1,30,,93556,11,,,1,69,,93557,11,,,1,29,,93558,11,,,1,70,,93559,11,,,1,30,,93560,11,,,1,70,,93561,11,,,1,30,,93562,11,,,1,100,,93563,11,,,1,100,,93564,11,,,1,100,,93565,11,,,1,100,,93566,11,,,1
24091000,'910X-Weekday-1-26-02-1111100',545,,106437,1,,,1,70,,106439,1,,,1,12,,106440,1,,,1,12,,106441,1,,,1,12,,106442,1,,,1,52,,106438,1,,,1,12,,106431,1,,,1,12,,106430,1,,,1,12,,106429,1,,,1,12,,106443,1,,,1,52,,106432,1,,,1,12,,106436,1,,,1,12,,106434,1,,,1,12,,106433,1,,,1,12,,106435,1,,,1
24091000,'910X-Weekday-10-26-02-1111100',545,,106452,1,,,1,70,,106454,1,,,1,12,,106455,1,,,1,12,,106456,1,,,1,12,,106457,1,,,1,52,,106453,1,,,1,12,,106446,1,,,1,12,,106445,1,,,1,12,,106444,1,,,1,12,,106458,1,,,1,52,,106447,1,,,1,12,,106451,1,,,1,12,,106449,1,,,1,12,,106448,1,,,1,12,,106450,1,,,1
24091000,'910X-Weekday-2-26-02-1111100',545,,106467,1,,,1,70,,106469,1,,,1,12,,106470,1,,,1,12,,106471,1,,,1,12,,106472,1,,,1,52,,106468,1,,,1,12,,106461,1,,,1,12,,106460,1,,,1,12,,106459,1,,,1,12,,106473,1,,,1,52,,106462,1,,,1,12,,106466,1,,,1,12,,106464,1,,,1,12,,106463,1,,,1,12,,106465,1,,,1
24091000,'910X-Weekday-4-26-02-1111100',545,,106482,1,,,1,70,,106484,1,,,1,12,,106485,1,,,1,12,,106486,1,,,1,12,,106487,1,,,1,52,,106483,1,,,1,12,,106476,1,,,1,12,,106475,1,,,1,12,,106474,1,,,1,12,,106488,1,,,1,52,,106477,1,,,1,12,,106481,1,,,1,12,,106479,1,,,1,12,,106478,1,,,1,12,,106480,1,,,1
24091000,'910X-Weekday-5-26-02-1111100',545,,106497,1,,,1,70,,106499,1,,,1,12,,106500,1,,,1,12,,106501,1,,,1,12,,106502,1,,,1,52,,106498,1,,,1,12,,106491,1,,,1,12,,106490,1,,,1,12,,106489,1,,,1,12,,106503,1,,,1,52,,106492,1,,,1,12,,106496,1,,,1,12,,106494,1,,,1,12,,106493,1,,,1,12,,106495,1,,,1
24091000,'910X-Weekday-6-26-02-1111100',545,,106512,1,,,1,70,,106514,1,,,1,12,,106515,1,,,1,12,,106516,1,,,1,12,,106517,1,,,1,52,,106513,1,,,1,12,,106506,1,,,1,12,,106505,1,,,1,12,,106504,1,,,1,12,,106518,1,,,1,52,,106507,1,,,1,12,,106511,1,,,1,12,,106509,1,,,1,12,,106508,1,,,1,12,,106510,1,,,1
24091000,'910X-Weekday-7-26-02-1111100',545,,106527,1,,,1,70,,106529,1,,,1,12,,106530,1,,,1,12,,106531,1,,,1,12,,106532,1,,,1,52,,106528,1,,,1,12,,106521,1,,,1,12,,106520,1,,,1,12,,106519,1,,,1,12,,106533,1,,,1,52,,106522,1,,,1,12,,106526,1,,,1,12,,106524,1,,,1,12,,106523,1,,,1,12,,106525,1,,,1
24091000,'910X-Weekday-8-26-02-1111100',545,,106542,1,,,1,70,,106544,1,,,1,12,,106545,1,,,1,12,,106546,1,,,1,12,,106547,1,,,1,52,,106543,1,,,1,12,,106536,1,,,1,12,,106535,1,,,1,12,,106534,1,,,1,12,,106548,1,,,1,52,,106537,1,,,1,12,,106541,1,,,1,12,,106539,1,,,1,12,,106538,1,,,1,12,,106540,1,,,1
24091000,'910X-Weekday-9-26-02-1111100',545,,106557,1,,,1,70,,106559,1,,,1,12,,106560,1,,,1,12,,106561,1,,,1,12,,106562,1,,,1,52,,106558,1,,,1,12,,106551,1,,,1,12,,106550,1,,,1,12,,106549,1,,,1,12,,106563,1,,,1,52,,106552,1,,,1,12,,106556,1,,,1,12,,106554,1,,,1,12,,106553,1,,,1,12,,106555,1,,,1
24091001,'910X-Weekday-1-26-02-1111100',1529,,106564,7,,,1,15,,106565,7,,,1,15,,106572,7,,,1,55,,106566,7,,,1,15,,106567,7,,,1,15,,106568,7,,,1,15,,106573,7,,,1,55,,106569,7,,,1,15,,106570,7,,,1,15,,106571,7,,,1
24091001,'910X-Weekday-10-26-02-1111100',1529,,106574,7,,,1,15,,106575,7,,,1,15,,106582,7,,,1,55,,106576,7,,,1,15,,106577,7,,,1,15,,106578,7,,,1,15,,106583,7,,,1,55,,106579,7,,,1,15,,106580,7,,,1,15,,106581,7,,,1
24091001,'910X-Weekday-2-26-02-1111100',1529,,106584,7,,,1,15,,106585,7,,,1,15,,106592,7,,,1,55,,106586,7,,,1,15,,106587,7,,,1,15,,106588,7,,,1,15,,106593,7,,,1,55,,106589,7,,,1,15,,106590,7,,,1,15,,106591,7,,,1
24091001,'910X-Weekday-4-26-02-1111100',1529,,106594,7,,,1,15,,106595,7,,,1,15,,106602,7,,,1,55,,106596,7,,,1,15,,106597,7,,,1,15,,106598,7,,,1,15,,106603,7,,,1,55,,106599,7,,,1,15,,106600,7,,,1,15,,106601,7,,,1
24091001,'910X-Weekday-5-26-02-1111100',1529,,106604,7,,,1,15,,106605,7,,,1,15,,106612,7,,,1,55,,106606,7,,,1,15,,106607,7,,,1,15,,106608,7,,,1,15,,106613,7,,,1,55,,106609,7,,,1,15,,106610,7,,,1,15,,106611,7,,,1
24091001,'910X-Weekday-6-26-02-1111100',1529,,106614,7,,,1,15,,106615,7,,,1,15,,106622,7,,,1,55,,106616,7,,,1,15,,106617,7,,,1,15,,106618,7,,,1,15,,106623,7,,,1,55,,106619,7,,,1,15,,106620,7,,,1,15,,106621,7,,,1
24091001,'910X-Weekday-7-26-02-1111100',1529,,106624,7,,,1,15,,106625,7,,,1,15,,106632,7,,,1,55,,106626,7,,,1,15,,106627,7,,,1,15,,106628,7,,,1,15,,106633,7,,,1,55,,106629,7,,,1,15,,106630,7,,,1,15,,106631,7,,,1
24091001,'910X-Weekday-8-26-02-1111100',1529,,106634,7,,,1,15,,106635,7,,,1,15,,106642,7,,,1,55,,106636,7,,,1,15,,106637,7,,,1,15,,106638,7,,,1,15,,106643,7,,,1,55,,106639,7,,,1,15,,106640,7,,,1,15,,106641,7,,,1
24091001,'910X-Weekday-9-26-02-1111100',1529,,106644,7,,,1,15,,106645,7,,,1,15,,106652,7,,,1,55,,106646,7,,,1,15,,106647,7,,,1,15,,106648,7,,,1,15,,106653,7,,,1,55,,106649,7,,,1,15,,106650,7,,,1,15,,106651,7,,,1
