10401,'104-Weekday-1-26-02-1111100',545,,28827,11,,,1,70,,28828,11,,,1,30,,28843,11,,,1,55,,28839,11,,,1,15,,28829,11,,,1,15,,28830,11,,,1,15,,28844,11,,,1,55,,28831,11,,,1,15,,28832,11,,,1,15,,28841,11,,,1,17,,28854,11,,,1,3,,28840,11,,,1,66,,28856,11,,,1,20,,28857,11,,,1,20,,28858,11,,,1,60,,28859,11,,,1,20,,28860,11,,,1,20,,28861,11,,,1,60,,28862,11,,,1,20,,28863,11,,,1,20,,28864,11,,,1,60,,28865,11,,,1,20,,28866,11,,,1,20,,28867,11,,,1,60,,28868,11,,,1,20,,28869,11,,,1,20,,28870,11,,,1,60,,28871,11,,,1,20,,28872,11,,,1,20,,28873,11,,,1,61,,28855,11,,,1,15,,28845,11,,,1,20,,28833,11,,,1,60,,28834,11,,,1,20,,28846,11,,,1,20,,28835,11,,,1,60,,28847,11,,,1,20,,28842,11,,,1,70,,28836,11,,,1,28,,28837,11,,,1,70,,28838,11,,,1,30,,28848,11,,,1,70,,28849,11,,,1,30,,28850,11,,,1,70,,28851,11,,,1,30,,28852,11,,,1,29,,28853,11,,,1
10401,'104-Weekday-10-26-02-1111100',545,,28874,11,,,1,70,,28875,11,,,1,30,,28890,11,,,1,55,,28886,11,,,1,15,,28876,11,,,1,15,,28877,11,,,1,15,,28891,11,,,1,55,,28878,11,,,1,15,,28879,11,,,1,15,,28888,11,,,1,17,,28901,11,,,1,3,,28887,11,,,1,66,,28903,11,,,1,20,,28904,11,,,1,20,,28905,11,,,1,60,,28906,11,,,1,20,,28907,11,,,1,20,,28908,11,,,1,60,,28909,11,,,1,20,,28910,11,,,1,20,,28911,11,,,1,60,,28912,11,,,1,20,,28913,11,,,1,20,,28914,11,,,1,60,,28915,11,,,1,20,,28916,11,,,1,20,,28917,11,,,1,60,,28918,11,,,1,20,,28919,11,,,1,20,,28920,11,,,1,61,,28902,11,,,1,15,,28892,11,,,1,20,,28880,11,,,1,60,,28881,11,,,1,20,,28893,11,,,1,20,,28882,11,,,1,60,,28894,11,,,1,20,,28889,11,,,1,70,,28883,11,,,1,28,,28884,11,,,1,70,,28885,11,,,1,30,,28895,11,,,1,70,,28896,11,,,1,30,,28897,11,,,1,70,,28898,11,,,1,30,,28899,11,,,1,29,,28900,11,,,1
10401,'104-Weekday-4-26-02-1111100',545,,28968,11,,,1,70,,28969,11,,,1,30,,28984,11,,,1,55,,28980,11,,,1,15,,28970,11,,,1,15,,28971,11,,,1,15,,28985,11,,,1,55,,28972,11,,,1,15,,28973,11,,,1,15,,28982,11,,,1,20,,28981,11,,,1,66,,28996,11,,,1,20,,28997,11,,,1,20,,28998,11,,,1,60,,28999,11,,,1,20,,29000,11,,,1,20,,29001,11,,,1,60,,29002,11,,,1,20,,29003,11,,,1,20,,29004,11,,,1,60,,29005,11,,,1,20,,29006,11,,,1,20,,29007,11,,,1,60,,29008,11,,,1,20,,29009,11,,,1,20,,29010,11,,,1,60,,29011,11,,,1,20,,29012,11,,,1,20,,29013,11,,,1,61,,28995,11,,,1,15,,28986,11,,,1,20,,28974,11,,,1,60,,28975,11,,,1,20,,28987,11,,,1,20,,28976,11,,,1,60,,28988,11,,,1,20,,28983,11,,,1,70,,28977,11,,,1,28,,28978,11,,,1,70,,28979,11,,,1,30,,28989,11,,,1,70,,28990,11,,,1,30,,28991,11,,,1,70,,28992,11,,,1,30,,28993,11,,,1,29,,28994,11,,,1
10401,'104-Weekday-5-26-02-1111100',545,,29014,11,,,1,70,,29015,11,,,1,30,,29030,11,,,1,55,,29026,11,,,1,15,,29016,11,,,1,15,,29017,11,,,1,15,,29031,11,,,1,55,,29018,11,,,1,15,,29019,11,,,1,15,,29028,11,,,1,17,,29041,11,,,1,3,,29027,11,,,1,66,,29043,11,,,1,20,,29044,11,,,1,20,,29045,11,,,1,60,,29046,11,,,1,20,,29047,11,,,1,20,,29048,11,,,1,60,,29049,11,,,1,20,,29050,11,,,1,20,,29051,11,,,1,60,,29052,11,,,1,20,,29053,11,,,1,20,,29054,11,,,1,60,,29055,11,,,1,20,,29056,11,,,1,20,,29057,11,,,1,60,,29058,11,,,1,20,,29059,11,,,1,20,,29060,11,,,1,61,,29042,11,,,1,15,,29032,11,,,1,20,,29020,11,,,1,60,,29021,11,,,1,20,,29033,11,,,1,20,,29022,11,,,1,60,,29034,11,,,1,20,,29029,11,,,1,70,,29023,11,,,1,28,,29024,11,,,1,70,,29025,11,,,1,30,,29035,11,,,1,70,,29036,11,,,1,30,,29037,11,,,1,70,,29038,11,,,1,30,,29039,11,,,1,29,,29040,11,,,1
10401,'104-Weekday-7-26-02-1111100',545,,29107,11,,,1,70,,29108,11,,,1,30,,29123,11,,,1,55,,29119,11,,,1,15,,29109,11,,,1,15,,29110,11,,,1,15,,29124,11,,,1,55,,29111,11,,,1,15,,29112,11,,,1,15,,29121,11,,,1,20,,29120,11,,,1,66,,29135,11,,,1,20,,29136,11,,,1,20,,29137,11,,,1,60,,29138,11,,,1,20,,29139,11,,,1,20,,29140,11,,,1,60,,29141,11,,,1,20,,29142,11,,,1,20,,29143,11,,,1,60,,29144,11,,,1,20,,29145,11,,,1,20,,29146,11,,,1,60,,29147,11,,,1,20,,29148,11,,,1,20,,29149,11,,,1,60,,29150,11,,,1,20,,29151,11,,,1,20,,29152,11,,,1,61,,29134,11,,,1,15,,29125,11,,,1,20,,29113,11,,,1,60,,29114,11,,,1,20,,29126,11,,,1,20,,29115,11,,,1,60,,29127,11,,,1,20,,29122,11,,,1,70,,29116,11,,,1,28,,29117,11,,,1,70,,29118,11,,,1,30,,29128,11,,,1,70,,29129,11,,,1,30,,29130,11,,,1,70,,29131,11,,,1,30,,29132,11,,,1,29,,29133,11,,,1
10401,'104-Saturday-1-26-02-0000010',823,,29246,11,,,1,30,,29247,11,,,1,72,,29248,11,,,1,30,,29249,11,,,1,70,,29250,11,,,1,30,,29251,11,,,1,70,,29252,11,,,1,30,,29253,11,,,1,70,,29254,11,,,1,30,,29255,11,,,1,70,,29256,11,,,1,30,,29257,11,,,1,70,,29258,11,,,1,30,,29259,11,,,1,70,,29260,11,,,1,30,,29261,11,,,1,70,,29262,11,,,1,30,,29263,11,,,1,69,,29264,11,,,1,30,,29265,11,,,1,70,,29266,11,,,1,30,,29267,11,,,1,70,,29268,11,,,1
10401,'104-Sunday-1-26-02-0000001',955,,29269,11,,,1,70,,29270,11,,,1,30,,29271,11,,,1,70,,29272,11,,,1,30,,29273,11,,,1,70,,29274,11,,,1,30,,29275,11,,,1,70,,29276,11,,,1,30,,29277,11,,,1,70,,29278,11,,,1,30,,29279,11,,,1,70,,29280,11,,,1,30,,29281,11,,,1,70,,29282,11,,,1,29,,29283,11,,,1,70,,29284,11,,,1,30,,29285,11,,,1,70,,29286,11,,,1,30,,29287,11,,,1
62701,'627-Weekday-1-26-02-1111100',850,,60898,37,,,1
62701,'627-Weekday-5-26-02-1111100',850,,60901,37,,,1
62701,'627-Weekday-9-26-02-1111100',850,,60902,37,,,1
