12401,'124-Weekday-1-26-06-1111100',542,,173822,30,,,1,70,,173823,30,,,1,34,,173847,30,,,1,62,,173824,30,,,1,20,,173825,30,,,1,20,,173826,30,,,1,60,,173827,30,,,1,20,,173828,30,,,1,20,,173817,30,,,1,69,,173839,30,,,1,29,,173840,30,,,1,70,,173841,30,,,1,30,,173842,30,,,1,70,,173843,30,,,1,30,,173829,30,,,1,70,,173830,30,,,1,30,,173831,30,,,1,70,,173832,30,,,1,30,,173833,30,,,1,70,,173834,30,,,1,30,,173835,30,,,1,70,,173818,30,,,1,25,,173844,30,,,1,60,,173845,30,,,1,20,,173846,30,,,1,20,,173837,30,,,1,60,,173838,30,,,1,20,,173836,30,,,1,20,,173819,30,,,1,70,,173821,30,,,1,29,,173820,30,,,1,66,,173848,30,,,1,27,,173849,30,,,1,68,,173850,30,,,1,30,,173851,30,,,1,70,,173852,30,,,1,30,,173853,30,,,1,69,,173854,30,,,1
12401,'124-Weekday-2-26-06-1111100',542,,194814,30,,,1,70,,194815,30,,,1,34,,194839,30,,,1,62,,194816,30,,,1,20,,194817,30,,,1,20,,194818,30,,,1,60,,194819,30,,,1,20,,194820,30,,,1,20,,194809,30,,,1,69,,194831,30,,,1,29,,194832,30,,,1,70,,194833,30,,,1,30,,194834,30,,,1,70,,194835,30,,,1,30,,194821,30,,,1,70,,194822,30,,,1,30,,194823,30,,,1,70,,194824,30,,,1,30,,194825,30,,,1,70,,194826,30,,,1,30,,194827,30,,,1,70,,194810,30,,,1,25,,194836,30,,,1,60,,194837,30,,,1,20,,194838,30,,,1,20,,194829,30,,,1,60,,194830,30,,,1,20,,194828,30,,,1,20,,194811,30,,,1,70,,194813,30,,,1,29,,194812,30,,,1,66,,194840,30,,,1,27,,194841,30,,,1,68,,194842,30,,,1,30,,194843,30,,,1,70,,194844,30,,,1,30,,194845,30,,,1,69,,194846,30,,,1
12401,'124-Saturday-1-26-06-0000010',818,,173855,30,,,1,30,,173856,30,,,1,72,,173857,30,,,1,30,,173858,30,,,1,70,,173859,30,,,1,30,,173860,30,,,1,70,,173861,30,,,1,30,,173862,30,,,1,70,,173863,30,,,1,30,,173864,30,,,1,70,,173865,30,,,1,30,,173866,30,,,1,70,,173867,30,,,1,30,,173868,30,,,1,70,,173869,30,,,1,30,,173870,30,,,1,70,,173871,30,,,1,30,,173872,30,,,1,75,,173873,30,,,1,30,,173874,30,,,1,70,,173875,30,,,1,28,,173876,30,,,1,69,,173877,30,,,1
12401,'124-Sunday-1-26-06-0000001',1008,,173878,30,,,1,30,,173879,30,,,1,70,,173880,30,,,1,29,,173881,30,,,1,70,,173882,30,,,1,30,,173883,30,,,1,70,,173884,30,,,1,30,,173885,30,,,1,70,,173886,30,,,1,30,,173887,30,,,1,70,,173888,30,,,1,30,,173889,30,,,1,70,,173891,30,,,1,30,,173892,30,,,1,69,,173893,30,,,1,31,,173890,30,,,1,70,,173894,30,,,1,30,,173895,30,,,1,71,,173896,30,,,1
12401,'124-Sunday-2-26-06-0000001',1008,,194847,30,,,1,30,,194848,30,,,1,70,,194849,30,,,1,29,,194850,30,,,1,70,,194851,30,,,1,30,,194852,30,,,1,70,,194853,30,,,1,30,,194854,30,,,1,70,,194855,30,,,1,30,,194856,30,,,1,70,,194857,30,,,1,30,,194858,30,,,1,70,,194860,30,,,1,30,,194861,30,,,1,69,,194862,30,,,1,31,,194859,30,,,1,70,,194863,30,,,1,30,,194864,30,,,1,71,,194865,30,,,1
12701,'127-Weekday-1-26-06-1111100',814,,173932,9,,,1,100,,173925,9,,,1,100,,173926,9,,,1,100,,173927,9,,,1,100,,173928,9,,,1,100,,173929,9,,,1,100,,173930,9,,,1,100,,173931,9,,,1,100,,173933,9,,,1,100,,173934,9,,,1
12701,'127-Weekday-2-26-06-1111100',814,,194892,9,,,1,100,,194885,9,,,1,100,,194886,9,,,1,100,,194887,9,,,1,100,,194888,9,,,1,100,,194889,9,,,1,100,,194890,9,,,1,100,,194891,9,,,1,100,,194893,9,,,1,100,,194894,9,,,1
12701,'127-Saturday-1-26-06-0000010',913,,173935,9,,,1,100,,173936,9,,,1,100,,173937,9,,,1,100,,173938,9,,,1,100,,173939,9,,,1,100,,173940,9,,,1,100,,173941,9,,,1,100,,173942,9,,,1,100,,173943,9,,,1
24014001,'140X-Weekday-1-26-06-1111100',616,,187125,30,,,1,20,,187130,30,,,1,21,,187124,30,,,1,60,,187126,30,,,1,20,,187127,30,,,1,20,,187128,30,,,1,60,,187129,30,,,1,20,,187131,30,,,1
24014001,'140X-Weekday-2-26-06-1111100',616,,203029,30,,,1,20,,203034,30,,,1,21,,203028,30,,,1,60,,203030,30,,,1,20,,203031,30,,,1,20,,203032,30,,,1,60,,203033,30,,,1,20,,203035,30,,,1
