10901,'109-Weekday-1-26-02-1111100',527,,33535,10,,,1,30,,33536,10,,,1,70,,33537,10,,,1,24,,33538,10,,,1,55,,33539,10,,,1,15,,33575,10,,,1,15,,33540,10,,,1,15,,33541,10,,,1,55,,33542,10,,,1,15,,33576,10,,,1,15,,33543,10,,,1,22,,33544,10,,,1,69,,33545,10,,,1,30,,33546,10,,,1,70,,33547,10,,,1,30,,33548,10,,,1,70,,33549,10,,,1,30,,33550,10,,,1,70,,33551,10,,,1,30,,33552,10,,,1,70,,33553,10,,,1,30,,33554,10,,,1,70,,33555,10,,,1,30,,33556,10,,,1,65,,33557,10,,,1,15,,33558,10,,,1,15,,33577,10,,,1,55,,33559,10,,,1,15,,33560,10,,,1,15,,33561,10,,,1,15,,33562,10,,,1,55,,33578,10,,,1,22,,33563,10,,,1,30,,33564,10,,,1,70,,33565,10,,,1,28,,33566,10,,,1,70,,33567,10,,,1,30,,33568,10,,,1,70,,33569,10,,,1,30,,33570,10,,,1,70,,33571,10,,,1,30,,33572,10,,,1,99,,33573,10,,,1,100,,33574,10,,,1
10901,'109-Weekday-10-26-02-1111100',527,,33579,10,,,1,30,,33580,10,,,1,70,,33581,10,,,1,24,,33582,10,,,1,55,,33583,10,,,1,15,,33619,10,,,1,15,,33584,10,,,1,15,,33585,10,,,1,55,,33586,10,,,1,15,,33620,10,,,1,15,,33587,10,,,1,22,,33588,10,,,1,69,,33589,10,,,1,30,,33590,10,,,1,70,,33591,10,,,1,30,,33592,10,,,1,70,,33593,10,,,1,30,,33594,10,,,1,70,,33595,10,,,1,30,,33596,10,,,1,70,,33597,10,,,1,30,,33598,10,,,1,70,,33599,10,,,1,30,,33600,10,,,1,65,,33601,10,,,1,15,,33602,10,,,1,15,,33621,10,,,1,55,,33603,10,,,1,15,,33604,10,,,1,15,,33605,10,,,1,15,,33606,10,,,1,55,,33622,10,,,1,22,,33607,10,,,1,30,,33608,10,,,1,70,,33609,10,,,1,28,,33610,10,,,1,70,,33611,10,,,1,30,,33612,10,,,1,70,,33613,10,,,1,30,,33614,10,,,1,70,,33615,10,,,1,30,,33616,10,,,1,99,,33617,10,,,1,100,,33618,10,,,1
10901,'109-Weekday-4-26-02-1111100',527,,33667,10,,,1,30,,33668,10,,,1,70,,33669,10,,,1,24,,33670,10,,,1,55,,33671,10,,,1,15,,33707,10,,,1,15,,33672,10,,,1,15,,33673,10,,,1,55,,33674,10,,,1,15,,33708,10,,,1,15,,33675,10,,,1,22,,33676,10,,,1,69,,33677,10,,,1,30,,33678,10,,,1,70,,33679,10,,,1,30,,33680,10,,,1,70,,33681,10,,,1,30,,33682,10,,,1,70,,33683,10,,,1,30,,33684,10,,,1,70,,33685,10,,,1,30,,33686,10,,,1,70,,33687,10,,,1,30,,33688,10,,,1,65,,33689,10,,,1,15,,33690,10,,,1,15,,33709,10,,,1,55,,33691,10,,,1,15,,33692,10,,,1,15,,33693,10,,,1,15,,33694,10,,,1,55,,33710,10,,,1,22,,33695,10,,,1,30,,33696,10,,,1,70,,33697,10,,,1,28,,33698,10,,,1,70,,33699,10,,,1,30,,33700,10,,,1,70,,33701,10,,,1,30,,33702,10,,,1,70,,33703,10,,,1,30,,33704,10,,,1,99,,33705,10,,,1,100,,33706,10,,,1
10901,'109-Weekday-5-26-02-1111100',527,,33711,10,,,1,30,,33712,10,,,1,70,,33713,10,,,1,24,,33714,10,,,1,55,,33715,10,,,1,15,,33751,10,,,1,15,,33716,10,,,1,15,,33717,10,,,1,55,,33718,10,,,1,15,,33752,10,,,1,15,,33719,10,,,1,22,,33720,10,,,1,69,,33721,10,,,1,30,,33722,10,,,1,70,,33723,10,,,1,30,,33724,10,,,1,70,,33725,10,,,1,30,,33726,10,,,1,70,,33727,10,,,1,30,,33728,10,,,1,70,,33729,10,,,1,30,,33730,10,,,1,70,,33731,10,,,1,30,,33732,10,,,1,65,,33733,10,,,1,15,,33734,10,,,1,15,,33753,10,,,1,55,,33735,10,,,1,15,,33736,10,,,1,15,,33737,10,,,1,15,,33738,10,,,1,55,,33754,10,,,1,22,,33739,10,,,1,30,,33740,10,,,1,70,,33741,10,,,1,28,,33742,10,,,1,70,,33743,10,,,1,30,,33744,10,,,1,70,,33745,10,,,1,30,,33746,10,,,1,70,,33747,10,,,1,30,,33748,10,,,1,99,,33749,10,,,1,100,,33750,10,,,1
10901,'109-Weekday-7-26-02-1111100',527,,33799,10,,,1,30,,33800,10,,,1,70,,33801,10,,,1,24,,33802,10,,,1,55,,33803,10,,,1,15,,33839,10,,,1,15,,33804,10,,,1,15,,33805,10,,,1,55,,33806,10,,,1,15,,33840,10,,,1,15,,33807,10,,,1,22,,33808,10,,,1,69,,33809,10,,,1,30,,33810,10,,,1,70,,33811,10,,,1,30,,33812,10,,,1,70,,33813,10,,,1,30,,33814,10,,,1,70,,33815,10,,,1,30,,33816,10,,,1,70,,33817,10,,,1,30,,33818,10,,,1,70,,33819,10,,,1,30,,33820,10,,,1,65,,33821,10,,,1,15,,33822,10,,,1,15,,33841,10,,,1,55,,33823,10,,,1,15,,33824,10,,,1,15,,33825,10,,,1,15,,33826,10,,,1,55,,33842,10,,,1,22,,33827,10,,,1,30,,33828,10,,,1,70,,33829,10,,,1,28,,33830,10,,,1,70,,33831,10,,,1,30,,33832,10,,,1,70,,33833,10,,,1,30,,33834,10,,,1,70,,33835,10,,,1,30,,33836,10,,,1,99,,33837,10,,,1,100,,33838,10,,,1
10901,'109-Saturday-1-26-02-0000010',819,,33931,10,,,1,30,,33932,10,,,1,70,,33933,10,,,1,30,,33934,10,,,1,70,,33935,10,,,1,30,,33936,10,,,1,70,,33937,10,,,1,30,,33938,10,,,1,70,,33939,10,,,1,30,,33940,10,,,1,70,,33941,10,,,1,30,,33942,10,,,1,70,,33943,10,,,1,30,,33944,10,,,1,70,,33945,10,,,1,30,,33946,10,,,1,70,,33947,10,,,1,30,,33948,10,,,1,70,,33949,10,,,1,30,,33950,10,,,1,70,,33951,10,,,1,30,,33952,10,,,1,70,,33953,10,,,1,30,,33954,10,,,1,70,,33955,10,,,1,30,,33956,10,,,1,70,,33957,10,,,1,30,,33958,10,,,1
10901,'109-Sunday-1-26-02-0000001',1029,,33959,10,,,1,30,,33960,10,,,1,70,,33961,10,,,1,30,,33962,10,,,1,70,,33963,10,,,1,30,,33964,10,,,1,70,,33965,10,,,1,30,,33966,10,,,1,70,,33967,10,,,1,30,,33968,10,,,1,70,,33969,10,,,1,30,,33970,10,,,1,70,,33971,10,,,1,30,,33972,10,,,1,70,,33973,10,,,1,30,,33974,10,,,1,70,,33975,10,,,1,30,,33976,10,,,1
61701,'617-Weekday-1-26-02-1111100',810,,60564,4,,,1
61701,'617-Weekday-5-26-02-1111100',810,,60567,4,,,1
61701,'617-Weekday-9-26-02-1111100',810,,60568,4,,,1
