52100,'521-Weekday-1-26-04-1111100',551,,129820,9,,,1,70,,129855,9,,,1,17,,129864,9,,,1,15,,129821,9,,,1,52,,129824,9,,,1,12,,129822,9,,,1,10,,129863,9,,,1,2,,129823,9,,,1,12,,129825,9,,,1,12,,129826,9,,,1,52,,129827,9,,,1,12,,129828,9,,,1,12,,129829,9,,,1,12,,129830,9,,,1,14,,129856,9,,,1,67,,129857,9,,,1,30,,129841,9,,,1,70,,129831,9,,,1,30,,129832,9,,,1,70,,129833,9,,,1,30,,129834,9,,,1,70,,129835,9,,,1,30,,129836,9,,,1,70,,129837,9,,,1,30,,129838,9,,,1,70,,129839,9,,,1,30,,129840,9,,,1,75,,129858,9,,,1,15,,129842,9,,,1,15,,129843,9,,,1,55,,129844,9,,,1,15,,129845,9,,,1,15,,129846,9,,,1,15,,129847,9,,,1,55,,129848,9,,,1,15,,129849,9,,,1,15,,129850,9,,,1,15,,129851,9,,,1,58,,129866,9,,,1,15,,129867,9,,,1,24,,129865,9,,,1,71,,129854,9,,,1,30,,129852,9,,,1,70,,129859,9,,,1,30,,129860,9,,,1,70,,129861,9,,,1,30,,129862,9,,,1,69,,129853,9,,,1
52100,'521-Weekday-2-26-04-1111100',551,,129868,9,,,1,70,,129903,9,,,1,17,,129912,9,,,1,15,,129869,9,,,1,52,,129872,9,,,1,12,,129870,9,,,1,10,,129911,9,,,1,2,,129871,9,,,1,12,,129873,9,,,1,12,,129874,9,,,1,52,,129875,9,,,1,12,,129876,9,,,1,12,,129877,9,,,1,12,,129878,9,,,1,14,,129904,9,,,1,67,,129905,9,,,1,30,,129889,9,,,1,70,,129879,9,,,1,30,,129880,9,,,1,70,,129881,9,,,1,30,,129882,9,,,1,70,,129883,9,,,1,30,,129884,9,,,1,70,,129885,9,,,1,30,,129886,9,,,1,70,,129887,9,,,1,30,,129888,9,,,1,75,,129906,9,,,1,15,,129890,9,,,1,15,,129891,9,,,1,55,,129892,9,,,1,15,,129893,9,,,1,15,,129894,9,,,1,15,,129895,9,,,1,55,,129896,9,,,1,15,,129897,9,,,1,15,,129898,9,,,1,15,,129899,9,,,1,58,,129914,9,,,1,15,,129915,9,,,1,24,,129913,9,,,1,71,,129902,9,,,1,30,,129900,9,,,1,70,,129907,9,,,1,30,,129908,9,,,1,70,,129909,9,,,1,30,,129910,9,,,1,69,,129901,9,,,1
52100,'521-Weekday-3-26-04-1111100',551,,129916,9,,,1,70,,129951,9,,,1,17,,129960,9,,,1,15,,129917,9,,,1,52,,129920,9,,,1,12,,129918,9,,,1,10,,129959,9,,,1,2,,129919,9,,,1,12,,129921,9,,,1,12,,129922,9,,,1,52,,129923,9,,,1,12,,129924,9,,,1,12,,129925,9,,,1,12,,129926,9,,,1,14,,129952,9,,,1,67,,129953,9,,,1,30,,129937,9,,,1,70,,129927,9,,,1,30,,129928,9,,,1,70,,129929,9,,,1,30,,129930,9,,,1,70,,129931,9,,,1,30,,129932,9,,,1,70,,129933,9,,,1,30,,129934,9,,,1,70,,129935,9,,,1,30,,129936,9,,,1,75,,129954,9,,,1,15,,129938,9,,,1,15,,129939,9,,,1,55,,129940,9,,,1,15,,129941,9,,,1,15,,129942,9,,,1,15,,129943,9,,,1,55,,129944,9,,,1,15,,129945,9,,,1,15,,129946,9,,,1,15,,129947,9,,,1,58,,129962,9,,,1,15,,129963,9,,,1,24,,129961,9,,,1,71,,129950,9,,,1,30,,129948,9,,,1,70,,129955,9,,,1,30,,129956,9,,,1,70,,129957,9,,,1,30,,129958,9,,,1,69,,129949,9,,,1
52100,'521-Saturday-1-26-04-0000010',818,,129983,9,,,1,28,,129984,9,,,1,69,,129985,9,,,1,30,,129986,9,,,1,70,,129964,9,,,1,30,,129965,9,,,1,70,,129966,9,,,1,30,,129967,9,,,1,70,,129968,9,,,1,30,,129969,9,,,1,70,,129970,9,,,1,30,,129971,9,,,1,70,,129972,9,,,1,30,,129973,9,,,1,70,,129974,9,,,1,30,,129975,9,,,1,70,,129977,9,,,1,31,,129978,9,,,1,71,,129979,9,,,1,30,,129976,9,,,1,70,,129980,9,,,1,30,,129981,9,,,1,70,,129982,9,,,1
52100,'521-Sunday-1-26-04-0000001',1015,,129987,9,,,1,30,,129988,9,,,1,70,,129989,9,,,1,30,,129990,9,,,1,70,,129991,9,,,1,30,,129992,9,,,1,70,,129993,9,,,1,30,,129994,9,,,1,70,,129995,9,,,1,30,,129996,9,,,1,73,,129997,9,,,1,27,,129998,9,,,1,70,,129999,9,,,1,30,,130000,9,,,1,71,,130001,9,,,1,30,,130002,9,,,1,70,,130003,9,,,1,30,,130004,9,,,1,70,,130005,9,,,1
66400,'664-Weekday-1-26-04-0001000',1445,,132011,16,,,1,4,,132012,16,,,1
66400,'664-Weekday-1-26-04-1110100',1526,,132013,16,,,1,3,,132014,16,,,1
66400,'664-Weekday-2-26-04-1110100',1526,,132016,16,,,1,3,,132017,16,,,1
66500,'665-Weekday-1-26-04-0001000',1447,,132026,19,,,1,3,,132027,19,,,1
66500,'665-Weekday-1-26-04-1110100',1526,,132028,19,,,1,3,,132029,19,,,1
66500,'665-Weekday-2-26-04-1110100',1526,,132030,19,,,1,3,,132031,19,,,1
