5101,'051-Weekday-1-26-06-1111100',535,,166756,20,,,1,70,,166757,20,,,1,32,,166768,20,,,1,22,,166767,20,,,1,60,,166758,20,,,1,20,,166759,20,,,1,20,,166760,20,,,1,60,,166761,20,,,1,20,,166762,20,,,1,19,,166741,20,,,1,67,,166755,20,,,1,30,,166742,20,,,1,70,,166763,20,,,1,30,,166743,20,,,1,70,,166744,20,,,1,30,,166764,20,,,1,70,,166745,20,,,1,30,,166746,20,,,1,70,,166765,20,,,1,30,,166747,20,,,1,70,,166766,20,,,1,30,,166748,20,,,1,70,,166749,20,,,1,31,,166750,20,,,1,70,,166751,20,,,1,30,,166752,20,,,1,70,,166753,20,,,1,30,,166770,20,,,1,70,,166771,20,,,1,28,,166772,20,,,1,70,,166773,20,,,1,30,,166774,20,,,1,70,,166775,20,,,1,30,,166776,20,,,1,70,,166777,20,,,1,30,,166754,20,,,1,100,,166769,20,,,1
5101,'051-Weekday-2-26-06-1111100',535,,191492,20,,,1,70,,191493,20,,,1,32,,191504,20,,,1,22,,191503,20,,,1,60,,191494,20,,,1,20,,191495,20,,,1,20,,191496,20,,,1,60,,191497,20,,,1,20,,191498,20,,,1,19,,191477,20,,,1,67,,191491,20,,,1,30,,191478,20,,,1,70,,191499,20,,,1,30,,191479,20,,,1,70,,191480,20,,,1,30,,191500,20,,,1,70,,191481,20,,,1,30,,191482,20,,,1,70,,191501,20,,,1,30,,191483,20,,,1,70,,191502,20,,,1,30,,191484,20,,,1,70,,191485,20,,,1,31,,191486,20,,,1,70,,191487,20,,,1,30,,191488,20,,,1,70,,191489,20,,,1,30,,191506,20,,,1,70,,191507,20,,,1,28,,191508,20,,,1,70,,191509,20,,,1,30,,191510,20,,,1,70,,191511,20,,,1,30,,191512,20,,,1,70,,191513,20,,,1,30,,191490,20,,,1,100,,191505,20,,,1
5101,'051-Saturday-1-26-06-0000010',614,,166778,20,,,1,100,,166779,20,,,1,100,,166780,20,,,1,30,,166781,20,,,1,70,,166782,20,,,1,30,,166783,20,,,1,70,,166784,20,,,1,30,,166785,20,,,1,70,,166786,20,,,1,30,,166787,20,,,1,70,,166788,20,,,1,30,,166789,20,,,1,70,,166790,20,,,1,30,,166791,20,,,1,70,,166792,20,,,1,30,,166793,20,,,1,70,,166794,20,,,1,30,,166795,20,,,1,70,,166796,20,,,1,30,,166797,20,,,1,69,,166798,20,,,1,30,,166799,20,,,1,70,,166800,20,,,1,30,,166801,20,,,1,70,,166802,20,,,1,100,,166803,20,,,1,100,,166804,20,,,1,100,,166805,20,,,1
5101,'051-Sunday-1-26-06-0000001',714,,166825,20,,,1,100,,166826,20,,,1,101,,166827,20,,,1,30,,166830,20,,,1,70,,166806,20,,,1,30,,166807,20,,,1,70,,166808,20,,,1,30,,166809,20,,,1,70,,166810,20,,,1,30,,166811,20,,,1,70,,166812,20,,,1,30,,166813,20,,,1,70,,166814,20,,,1,30,,166815,20,,,1,70,,166816,20,,,1,30,,166817,20,,,1,70,,166818,20,,,1,30,,166819,20,,,1,69,,166820,20,,,1,30,,166821,20,,,1,70,,166822,20,,,1,30,,166823,20,,,1,70,,166824,20,,,1,100,,166828,20,,,1,100,,166829,20,,,1,100,,166831,20,,,1
5101,'051-Sunday-2-26-06-0000001',714,,191533,20,,,1,100,,191534,20,,,1,101,,191535,20,,,1,30,,191538,20,,,1,70,,191514,20,,,1,30,,191515,20,,,1,70,,191516,20,,,1,30,,191517,20,,,1,70,,191518,20,,,1,30,,191519,20,,,1,70,,191520,20,,,1,30,,191521,20,,,1,70,,191522,20,,,1,30,,191523,20,,,1,70,,191524,20,,,1,30,,191525,20,,,1,70,,191526,20,,,1,30,,191527,20,,,1,69,,191528,20,,,1,30,,191529,20,,,1,70,,191530,20,,,1,30,,191531,20,,,1,70,,191532,20,,,1,100,,191536,20,,,1,100,,191537,20,,,1,100,,191539,20,,,1
12401,'124-Weekday-1-26-06-1111100',549,,173822,40,,,1,70,,173823,40,,,1,36,,173847,40,,,1,62,,173824,40,,,1,20,,173825,40,,,1,20,,173826,40,,,1,60,,173827,40,,,1,20,,173828,40,,,1,20,,173817,40,,,1,67,,173839,40,,,1,29,,173840,40,,,1,70,,173841,40,,,1,30,,173842,40,,,1,70,,173843,40,,,1,30,,173829,40,,,1,70,,173830,40,,,1,30,,173831,40,,,1,70,,173832,40,,,1,30,,173833,40,,,1,70,,173834,40,,,1,30,,173835,40,,,1,71,,173818,40,,,1,25,,173844,40,,,1,60,,173845,40,,,1,20,,173846,40,,,1,20,,173837,40,,,1,60,,173838,40,,,1,20,,173836,40,,,1,20,,173819,40,,,1,70,,173821,40,,,1,28,,173820,40,,,1,66,,173848,40,,,1,27,,173849,40,,,1,68,,173850,40,,,1,30,,173851,40,,,1,70,,173852,40,,,1,30,,173853,40,,,1,69,,173854,40,,,1
12401,'124-Weekday-2-26-06-1111100',549,,194814,40,,,1,70,,194815,40,,,1,36,,194839,40,,,1,62,,194816,40,,,1,20,,194817,40,,,1,20,,194818,40,,,1,60,,194819,40,,,1,20,,194820,40,,,1,20,,194809,40,,,1,67,,194831,40,,,1,29,,194832,40,,,1,70,,194833,40,,,1,30,,194834,40,,,1,70,,194835,40,,,1,30,,194821,40,,,1,70,,194822,40,,,1,30,,194823,40,,,1,70,,194824,40,,,1,30,,194825,40,,,1,70,,194826,40,,,1,30,,194827,40,,,1,71,,194810,40,,,1,25,,194836,40,,,1,60,,194837,40,,,1,20,,194838,40,,,1,20,,194829,40,,,1,60,,194830,40,,,1,20,,194828,40,,,1,20,,194811,40,,,1,70,,194813,40,,,1,28,,194812,40,,,1,66,,194840,40,,,1,27,,194841,40,,,1,68,,194842,40,,,1,30,,194843,40,,,1,70,,194844,40,,,1,30,,194845,40,,,1,69,,194846,40,,,1
12401,'124-Saturday-1-26-06-0000010',825,,173855,40,,,1,30,,173856,40,,,1,72,,173857,40,,,1,30,,173858,40,,,1,70,,173859,40,,,1,30,,173860,40,,,1,70,,173861,40,,,1,30,,173862,40,,,1,70,,173863,40,,,1,30,,173864,40,,,1,70,,173865,40,,,1,30,,173866,40,,,1,70,,173867,40,,,1,30,,173868,40,,,1,70,,173869,40,,,1,30,,173870,40,,,1,70,,173871,40,,,1,30,,173872,40,,,1,75,,173873,40,,,1,70,,173874,40,,,1,30,,173875,40,,,1,68,,173876,40,,,1,29,,173877,40,,,1
12401,'124-Sunday-1-26-06-0000001',1015,,173878,40,,,1,30,,173879,40,,,1,70,,173880,40,,,1,29,,173881,40,,,1,70,,173882,40,,,1,30,,173883,40,,,1,70,,173884,40,,,1,30,,173885,40,,,1,70,,173886,40,,,1,30,,173887,40,,,1,70,,173888,40,,,1,30,,173889,40,,,1,70,,173891,40,,,1,30,,173892,40,,,1,69,,173893,40,,,1,31,,173890,40,,,1,70,,173894,40,,,1,30,,173895,40,,,1,71,,173896,40,,,1
12401,'124-Sunday-2-26-06-0000001',1015,,194847,40,,,1,30,,194848,40,,,1,70,,194849,40,,,1,29,,194850,40,,,1,70,,194851,40,,,1,30,,194852,40,,,1,70,,194853,40,,,1,30,,194854,40,,,1,70,,194855,40,,,1,30,,194856,40,,,1,70,,194857,40,,,1,30,,194858,40,,,1,70,,194860,40,,,1,30,,194861,40,,,1,69,,194862,40,,,1,31,,194859,40,,,1,70,,194863,40,,,1,30,,194864,40,,,1,71,,194865,40,,,1
24014001,'140X-Weekday-1-26-06-1111100',624,,187125,40,,,1,21,,187130,40,,,1,61,,187124,40,,,1,20,,187126,40,,,1,20,,187127,40,,,1,60,,187128,40,,,1,20,,187129,40,,,1,20,,187131,40,,,1
24014001,'140X-Weekday-2-26-06-1111100',624,,203029,40,,,1,21,,203034,40,,,1,61,,203028,40,,,1,20,,203030,40,,,1,20,,203031,40,,,1,60,,203032,40,,,1,20,,203033,40,,,1,20,,203035,40,,,1
