65001,'650-Weekday-1-26-04-1111100',1534,,131883,32,,,1
65001,'650-Weekday-2-26-04-1111100',1534,,131884,32,,,1
70301,'703-Weekday-1-26-04-1111100',542,,133207,24,,,1,70,,133208,24,,,1,33,,133243,24,,,1,64,,133209,24,,,1,24,,133210,24,,,1,24,,133244,24,,,1,64,,133211,24,,,1,24,,133212,24,,,1,62,,133246,24,,,1,21,,133213,24,,,1,19,,133214,24,,,1,60,,133215,24,,,1,20,,133216,24,,,1,20,,133217,24,,,1,60,,133218,24,,,1,20,,133219,24,,,1,20,,133220,24,,,1,60,,133221,24,,,1,20,,133222,24,,,1,20,,133223,24,,,1,60,,133224,24,,,1,20,,133225,24,,,1,20,,133226,24,,,1,60,,133227,24,,,1,20,,133228,24,,,1,20,,133245,24,,,1,63,,133229,24,,,1,11,,133254,20,,,1,7,,133230,24,,,1,15,,133231,24,,,1,15,,133232,24,,,1,55,,133233,24,,,1,15,,133234,24,,,1,15,,133235,24,,,1,15,,133236,24,,,1,55,,133237,24,,,1,15,,133238,24,,,1,15,,133239,24,,,1,15,,133253,24,,,1,55,,133240,24,,,1,27,,133241,24,,,1,68,,133242,24,,,1,24,,133247,24,,,1,26,,133248,24,,,1,70,,133249,24,,,1,30,,133250,24,,,1,70,,133251,24,,,1,30,,133252,24,,,1
70301,'703-Weekday-2-26-04-1111100',542,,133255,24,,,1,70,,133256,24,,,1,33,,133291,24,,,1,64,,133257,24,,,1,24,,133258,24,,,1,24,,133292,24,,,1,64,,133259,24,,,1,24,,133260,24,,,1,62,,133294,24,,,1,21,,133261,24,,,1,19,,133262,24,,,1,60,,133263,24,,,1,20,,133264,24,,,1,20,,133265,24,,,1,60,,133266,24,,,1,20,,133267,24,,,1,20,,133268,24,,,1,60,,133269,24,,,1,20,,133270,24,,,1,20,,133271,24,,,1,60,,133272,24,,,1,20,,133273,24,,,1,20,,133274,24,,,1,60,,133275,24,,,1,20,,133276,24,,,1,20,,133293,24,,,1,63,,133277,24,,,1,11,,133302,20,,,1,7,,133278,24,,,1,15,,133279,24,,,1,15,,133280,24,,,1,55,,133281,24,,,1,15,,133282,24,,,1,15,,133283,24,,,1,15,,133284,24,,,1,55,,133285,24,,,1,15,,133286,24,,,1,15,,133287,24,,,1,15,,133301,24,,,1,55,,133288,24,,,1,27,,133289,24,,,1,68,,133290,24,,,1,24,,133295,24,,,1,26,,133296,24,,,1,70,,133297,24,,,1,30,,133298,24,,,1,70,,133299,24,,,1,30,,133300,24,,,1
70301,'703-Weekday-3-26-04-1111100',542,,133303,24,,,1,70,,133304,24,,,1,33,,133339,24,,,1,64,,133305,24,,,1,24,,133306,24,,,1,24,,133340,24,,,1,64,,133307,24,,,1,24,,133308,24,,,1,62,,133342,24,,,1,21,,133309,24,,,1,19,,133310,24,,,1,60,,133311,24,,,1,20,,133312,24,,,1,20,,133313,24,,,1,60,,133314,24,,,1,20,,133315,24,,,1,20,,133316,24,,,1,60,,133317,24,,,1,20,,133318,24,,,1,20,,133319,24,,,1,60,,133320,24,,,1,20,,133321,24,,,1,20,,133322,24,,,1,60,,133323,24,,,1,20,,133324,24,,,1,20,,133341,24,,,1,63,,133325,24,,,1,18,,133326,24,,,1,15,,133327,24,,,1,15,,133328,24,,,1,55,,133329,24,,,1,15,,133330,24,,,1,15,,133331,24,,,1,15,,133332,24,,,1,55,,133333,24,,,1,15,,133334,24,,,1,15,,133335,24,,,1,15,,133349,24,,,1,55,,133336,24,,,1,27,,133337,24,,,1,68,,133338,24,,,1,24,,133343,24,,,1,26,,133344,24,,,1,70,,133345,24,,,1,30,,133346,24,,,1,70,,133347,24,,,1,30,,133348,24,,,1
70301,'703-Saturday-1-26-04-0000010',829,,133350,24,,,1,30,,133351,24,,,1,70,,133352,24,,,1,71,,133353,24,,,1,30,,133354,24,,,1,70,,133355,24,,,1,30,,133356,24,,,1,70,,133357,24,,,1,30,,133358,24,,,1,70,,133359,24,,,1,30,,133360,24,,,1,70,,133361,24,,,1,30,,133362,24,,,1,70,,133363,24,,,1,30,,133364,24,,,1,70,,133365,24,,,1,30,,133366,24,,,1,70,,133367,24,,,1,29,,133368,24,,,1,30,,133369,24,,,1,70,,133370,24,,,1,30,,133371,24,,,1,70,,133372,24,,,1
70301,'703-Sunday-1-26-04-0000001',1045,,133382,24,,,1,70,,133383,24,,,1,30,,133384,24,,,1,70,,133385,24,,,1,30,,133386,24,,,1,70,,133387,24,,,1,30,,133388,24,,,1,70,,133389,24,,,1,30,,133390,24,,,1,70,,133381,24,,,1,30,,133373,24,,,1,70,,133374,24,,,1,30,,133375,24,,,1,69,,133376,24,,,1,28,,133377,24,,,1,70,,133378,24,,,1,30,,133379,24,,,1,73,,133380,24,,,1
72401,'724-Weekday-1-26-04-1111100',638,,139491,42,,,1,74,,139492,42,,,1,34,,139493,42,,,1,70,,139494,42,,,1,30,,139495,42,,,1,67,,139496,42,,,1,628,,139497,42,,,1,70,,139498,42,,,1,30,,139499,42,,,1,70,,139500,42,,,1,30,,139501,42,,,1,70,,139502,42,,,1,30,,139503,42,,,1
72401,'724-Weekday-2-26-04-1111100',638,,139504,42,,,1,74,,139505,42,,,1,34,,139506,42,,,1,70,,139507,42,,,1,30,,139508,42,,,1,67,,139509,42,,,1,628,,139510,42,,,1,70,,139511,42,,,1,30,,139512,42,,,1,70,,139513,42,,,1,30,,139514,42,,,1,70,,139515,42,,,1,30,,139516,42,,,1
72401,'724-Weekday-3-26-04-1111100',638,,139517,42,,,1,74,,139518,42,,,1,34,,139519,42,,,1,70,,139520,42,,,1,30,,139521,42,,,1,67,,139522,42,,,1,628,,139523,42,,,1,70,,139524,42,,,1,30,,139525,42,,,1,70,,139526,42,,,1,30,,139527,42,,,1,70,,139528,42,,,1,30,,139529,42,,,1
