65800,'658-Weekday-1-26-02-0001000',1240,,61360,13,,,1,2,,61361,13,,,1
65800,'658-Weekday-1-26-02-1110100',1532,,61362,13,,,1,2,,61363,13,,,1
65800,'658-Weekday-2-26-02-0001000',1240,,61364,13,,,1,2,,61365,13,,,1
65800,'658-Weekday-2-26-02-1110100',1532,,61366,13,,,1,2,,61367,13,,,1
65800,'658-Weekday-5-26-02-0000100',1240,,61368,13,,,1,2,,61369,13,,,1
65800,'658-Weekday-5-26-02-1111000',1532,,61370,13,,,1,2,,61371,13,,,1
65800,'658-Weekday-6-26-02-1110100',1532,,61372,13,,,1,2,,61373,13,,,1
65800,'658-Weekday-8-26-02-1110100',1532,,61374,13,,,1,2,,61375,13,,,1
65800,'658-Weekday-9-26-02-0001000',1240,,61376,13,,,1,2,,61377,13,,,1
66500,'665-Weekday-1-26-02-0001000',1434,,61616,6,,,1,3,,61617,6,,,1
66500,'665-Weekday-1-26-02-1110100',1513,,61618,6,,,1,3,,61619,6,,,1
66500,'665-Weekday-2-26-02-0001000',1434,,61620,6,,,1,3,,61621,6,,,1
66500,'665-Weekday-2-26-02-1110100',1513,,61622,6,,,1,3,,61623,6,,,1
66500,'665-Weekday-4-26-02-1110100',1513,,61624,6,,,1,3,,61625,6,,,1
66500,'665-Weekday-5-26-02-0001000',1434,,61626,6,,,1,3,,61627,6,,,1
66500,'665-Weekday-5-26-02-1110100',1513,,61628,6,,,1,3,,61629,6,,,1
66500,'665-Weekday-9-26-02-0001000',1434,,61630,6,,,1,3,,61631,6,,,1
72200,'722-Weekday-1-26-02-1111100',531,,78748,13,,,1,20,,78749,13,,,1,60,,78683,13,,,1,20,,78684,13,,,1,20,,78738,13,,,1,7,,78685,13,,,1,48,,78739,13,,,1,7,,78686,13,,,1,8,,78740,13,,,1,7,,78687,13,,,1,8,,78741,13,,,1,7,,78688,13,,,1,8,,78742,13,,,1,7,,78689,13,,,1,48,,78743,13,,,1,7,,78690,13,,,1,8,,78744,13,,,1,7,,78691,13,,,1,8,,78745,13,,,1,7,,78692,13,,,1,8,,78746,13,,,1,7,,78693,13,,,1,47,,78747,13,,,1,5,,78694,13,,,1,22,,78695,13,,,1,20,,78696,13,,,1,60,,78697,13,,,1,20,,78698,13,,,1,20,,78699,13,,,1,60,,78700,13,,,1,20,,78701,13,,,1,20,,78702,13,,,1,60,,78703,13,,,1,20,,78704,13,,,1,20,,78705,13,,,1,60,,78706,13,,,1,20,,78707,13,,,1,20,,78708,13,,,1,60,,78709,13,,,1,20,,78710,13,,,1,20,,78711,13,,,1,61,,78712,13,,,1,26,,78713,13,,,1,20,,78714,13,,,1,60,,78716,13,,,1,20,,78715,13,,,1,20,,78717,13,,,1,60,,78720,13,,,1,20,,78718,13,,,1,20,,78719,13,,,1,60,,78721,13,,,1,16,,78722,13,,,1,17,,78723,13,,,1,60,,78724,13,,,1,20,,78725,13,,,1,20,,78726,13,,,1,60,,78727,13,,,1,20,,78728,13,,,1,20,,78729,13,,,1,60,,78730,13,,,1,20,,78731,13,,,1,20,,78732,13,,,1,60,,78733,13,,,1,30,,78734,13,,,1,70,,78735,13,,,1,30,,78736,13,,,1,70,,78737,13,,,1
72200,'722-Weekday-10-26-02-1111100',531,,78815,13,,,1,20,,78816,13,,,1,60,,78750,13,,,1,20,,78751,13,,,1,20,,78805,13,,,1,7,,78752,13,,,1,48,,78806,13,,,1,7,,78753,13,,,1,8,,78807,13,,,1,7,,78754,13,,,1,8,,78808,13,,,1,7,,78755,13,,,1,8,,78809,13,,,1,7,,78756,13,,,1,48,,78810,13,,,1,7,,78757,13,,,1,8,,78811,13,,,1,7,,78758,13,,,1,8,,78812,13,,,1,7,,78759,13,,,1,8,,78813,13,,,1,7,,78760,13,,,1,47,,78814,13,,,1,5,,78761,13,,,1,22,,78762,13,,,1,20,,78763,13,,,1,60,,78764,13,,,1,20,,78765,13,,,1,20,,78766,13,,,1,60,,78767,13,,,1,20,,78768,13,,,1,20,,78769,13,,,1,60,,78770,13,,,1,20,,78771,13,,,1,20,,78772,13,,,1,60,,78773,13,,,1,20,,78774,13,,,1,20,,78775,13,,,1,60,,78776,13,,,1,20,,78777,13,,,1,20,,78778,13,,,1,61,,78779,13,,,1,26,,78780,13,,,1,20,,78781,13,,,1,60,,78783,13,,,1,20,,78782,13,,,1,20,,78784,13,,,1,60,,78787,13,,,1,20,,78785,13,,,1,20,,78786,13,,,1,60,,78788,13,,,1,16,,78789,13,,,1,17,,78790,13,,,1,60,,78791,13,,,1,20,,78792,13,,,1,20,,78793,13,,,1,60,,78794,13,,,1,20,,78795,13,,,1,20,,78796,13,,,1,60,,78797,13,,,1,20,,78798,13,,,1,20,,78799,13,,,1,60,,78800,13,,,1,30,,78801,13,,,1,70,,78802,13,,,1,30,,78803,13,,,1,70,,78804,13,,,1
72200,'722-Weekday-2-26-02-1111100',531,,78882,13,,,1,20,,78883,13,,,1,60,,78817,13,,,1,20,,78818,13,,,1,20,,78872,13,,,1,7,,78819,13,,,1,48,,78873,13,,,1,7,,78820,13,,,1,8,,78874,13,,,1,7,,78821,13,,,1,8,,78875,13,,,1,7,,78822,13,,,1,8,,78876,13,,,1,7,,78823,13,,,1,48,,78877,13,,,1,7,,78824,13,,,1,8,,78878,13,,,1,7,,78825,13,,,1,8,,78879,13,,,1,7,,78826,13,,,1,8,,78880,13,,,1,7,,78827,13,,,1,47,,78881,13,,,1,5,,78828,13,,,1,22,,78829,13,,,1,20,,78830,13,,,1,60,,78831,13,,,1,20,,78832,13,,,1,20,,78833,13,,,1,60,,78834,13,,,1,20,,78835,13,,,1,20,,78836,13,,,1,60,,78837,13,,,1,20,,78838,13,,,1,20,,78839,13,,,1,60,,78840,13,,,1,20,,78841,13,,,1,20,,78842,13,,,1,60,,78843,13,,,1,20,,78844,13,,,1,20,,78845,13,,,1,61,,78846,13,,,1,26,,78847,13,,,1,20,,78848,13,,,1,60,,78850,13,,,1,20,,78849,13,,,1,20,,78851,13,,,1,60,,78854,13,,,1,20,,78852,13,,,1,20,,78853,13,,,1,60,,78855,13,,,1,16,,78856,13,,,1,17,,78857,13,,,1,60,,78858,13,,,1,20,,78859,13,,,1,20,,78860,13,,,1,60,,78861,13,,,1,20,,78862,13,,,1,20,,78863,13,,,1,60,,78864,13,,,1,20,,78865,13,,,1,20,,78866,13,,,1,60,,78867,13,,,1,30,,78868,13,,,1,70,,78869,13,,,1,30,,78870,13,,,1,70,,78871,13,,,1
72200,'722-Weekday-4-26-02-1111100',531,,78949,13,,,1,20,,78950,13,,,1,60,,78884,13,,,1,20,,78885,13,,,1,20,,78939,13,,,1,7,,78886,13,,,1,48,,78940,13,,,1,7,,78887,13,,,1,8,,78941,13,,,1,7,,78888,13,,,1,8,,78942,13,,,1,7,,78889,13,,,1,8,,78943,13,,,1,7,,78890,13,,,1,48,,78944,13,,,1,7,,78891,13,,,1,8,,78945,13,,,1,7,,78892,13,,,1,8,,78946,13,,,1,7,,78893,13,,,1,8,,78947,13,,,1,7,,78894,13,,,1,47,,78948,13,,,1,5,,78895,13,,,1,22,,78896,13,,,1,20,,78897,13,,,1,60,,78898,13,,,1,20,,78899,13,,,1,20,,78900,13,,,1,60,,78901,13,,,1,20,,78902,13,,,1,20,,78903,13,,,1,60,,78904,13,,,1,20,,78905,13,,,1,20,,78906,13,,,1,60,,78907,13,,,1,20,,78908,13,,,1,20,,78909,13,,,1,60,,78910,13,,,1,20,,78911,13,,,1,20,,78912,13,,,1,61,,78913,13,,,1,26,,78914,13,,,1,20,,78915,13,,,1,60,,78917,13,,,1,20,,78916,13,,,1,20,,78918,13,,,1,60,,78921,13,,,1,20,,78919,13,,,1,20,,78920,13,,,1,60,,78922,13,,,1,16,,78923,13,,,1,17,,78924,13,,,1,60,,78925,13,,,1,20,,78926,13,,,1,20,,78927,13,,,1,60,,78928,13,,,1,20,,78929,13,,,1,20,,78930,13,,,1,60,,78931,13,,,1,20,,78932,13,,,1,20,,78933,13,,,1,60,,78934,13,,,1,30,,78935,13,,,1,70,,78936,13,,,1,30,,78937,13,,,1,70,,78938,13,,,1
72200,'722-Weekday-5-26-02-1111100',531,,79016,13,,,1,20,,79017,13,,,1,60,,78951,13,,,1,20,,78952,13,,,1,20,,79006,13,,,1,7,,78953,13,,,1,48,,79007,13,,,1,7,,78954,13,,,1,8,,79008,13,,,1,7,,78955,13,,,1,8,,79009,13,,,1,7,,78956,13,,,1,8,,79010,13,,,1,7,,78957,13,,,1,48,,79011,13,,,1,7,,78958,13,,,1,8,,79012,13,,,1,7,,78959,13,,,1,8,,79013,13,,,1,7,,78960,13,,,1,8,,79014,13,,,1,7,,78961,13,,,1,47,,79015,13,,,1,5,,78962,13,,,1,22,,78963,13,,,1,20,,78964,13,,,1,60,,78965,13,,,1,20,,78966,13,,,1,20,,78967,13,,,1,60,,78968,13,,,1,20,,78969,13,,,1,20,,78970,13,,,1,60,,78971,13,,,1,20,,78972,13,,,1,20,,78973,13,,,1,60,,78974,13,,,1,20,,78975,13,,,1,20,,78976,13,,,1,60,,78977,13,,,1,20,,78978,13,,,1,20,,78979,13,,,1,61,,78980,13,,,1,26,,78981,13,,,1,20,,78982,13,,,1,60,,78984,13,,,1,20,,78983,13,,,1,20,,78985,13,,,1,60,,78988,13,,,1,20,,78986,13,,,1,20,,78987,13,,,1,60,,78989,13,,,1,16,,78990,13,,,1,17,,78991,13,,,1,60,,78992,13,,,1,20,,78993,13,,,1,20,,78994,13,,,1,60,,78995,13,,,1,20,,78996,13,,,1,20,,78997,13,,,1,60,,78998,13,,,1,20,,78999,13,,,1,20,,79000,13,,,1,60,,79001,13,,,1,30,,79002,13,,,1,70,,79003,13,,,1,30,,79004,13,,,1,70,,79005,13,,,1
72200,'722-Weekday-6-26-02-1111100',531,,79083,13,,,1,20,,79084,13,,,1,60,,79018,13,,,1,20,,79019,13,,,1,20,,79073,13,,,1,7,,79020,13,,,1,48,,79074,13,,,1,7,,79021,13,,,1,8,,79075,13,,,1,7,,79022,13,,,1,8,,79076,13,,,1,7,,79023,13,,,1,8,,79077,13,,,1,7,,79024,13,,,1,48,,79078,13,,,1,7,,79025,13,,,1,8,,79079,13,,,1,7,,79026,13,,,1,8,,79080,13,,,1,7,,79027,13,,,1,8,,79081,13,,,1,7,,79028,13,,,1,47,,79082,13,,,1,5,,79029,13,,,1,22,,79030,13,,,1,20,,79031,13,,,1,60,,79032,13,,,1,20,,79033,13,,,1,20,,79034,13,,,1,60,,79035,13,,,1,20,,79036,13,,,1,20,,79037,13,,,1,60,,79038,13,,,1,20,,79039,13,,,1,20,,79040,13,,,1,60,,79041,13,,,1,20,,79042,13,,,1,20,,79043,13,,,1,60,,79044,13,,,1,20,,79045,13,,,1,20,,79046,13,,,1,61,,79047,13,,,1,26,,79048,13,,,1,20,,79049,13,,,1,60,,79051,13,,,1,20,,79050,13,,,1,20,,79052,13,,,1,60,,79055,13,,,1,20,,79053,13,,,1,20,,79054,13,,,1,60,,79056,13,,,1,16,,79057,13,,,1,17,,79058,13,,,1,60,,79059,13,,,1,20,,79060,13,,,1,20,,79061,13,,,1,60,,79062,13,,,1,20,,79063,13,,,1,20,,79064,13,,,1,60,,79065,13,,,1,20,,79066,13,,,1,20,,79067,13,,,1,60,,79068,13,,,1,30,,79069,13,,,1,70,,79070,13,,,1,30,,79071,13,,,1,70,,79072,13,,,1
72200,'722-Weekday-7-26-02-1111100',531,,79150,13,,,1,20,,79151,13,,,1,60,,79085,13,,,1,20,,79086,13,,,1,20,,79140,13,,,1,7,,79087,13,,,1,48,,79141,13,,,1,7,,79088,13,,,1,8,,79142,13,,,1,7,,79089,13,,,1,8,,79143,13,,,1,7,,79090,13,,,1,8,,79144,13,,,1,7,,79091,13,,,1,48,,79145,13,,,1,7,,79092,13,,,1,8,,79146,13,,,1,7,,79093,13,,,1,8,,79147,13,,,1,7,,79094,13,,,1,8,,79148,13,,,1,7,,79095,13,,,1,47,,79149,13,,,1,5,,79096,13,,,1,22,,79097,13,,,1,20,,79098,13,,,1,60,,79099,13,,,1,20,,79100,13,,,1,20,,79101,13,,,1,60,,79102,13,,,1,20,,79103,13,,,1,20,,79104,13,,,1,60,,79105,13,,,1,20,,79106,13,,,1,20,,79107,13,,,1,60,,79108,13,,,1,20,,79109,13,,,1,20,,79110,13,,,1,60,,79111,13,,,1,20,,79112,13,,,1,20,,79113,13,,,1,61,,79114,13,,,1,26,,79115,13,,,1,20,,79116,13,,,1,60,,79118,13,,,1,20,,79117,13,,,1,20,,79119,13,,,1,60,,79122,13,,,1,20,,79120,13,,,1,20,,79121,13,,,1,60,,79123,13,,,1,16,,79124,13,,,1,17,,79125,13,,,1,60,,79126,13,,,1,20,,79127,13,,,1,20,,79128,13,,,1,60,,79129,13,,,1,20,,79130,13,,,1,20,,79131,13,,,1,60,,79132,13,,,1,20,,79133,13,,,1,20,,79134,13,,,1,60,,79135,13,,,1,30,,79136,13,,,1,70,,79137,13,,,1,30,,79138,13,,,1,70,,79139,13,,,1
72200,'722-Weekday-8-26-02-1111100',531,,79217,13,,,1,20,,79218,13,,,1,60,,79152,13,,,1,20,,79153,13,,,1,20,,79207,13,,,1,7,,79154,13,,,1,48,,79208,13,,,1,7,,79155,13,,,1,8,,79209,13,,,1,7,,79156,13,,,1,8,,79210,13,,,1,7,,79157,13,,,1,8,,79211,13,,,1,7,,79158,13,,,1,48,,79212,13,,,1,7,,79159,13,,,1,8,,79213,13,,,1,7,,79160,13,,,1,8,,79214,13,,,1,7,,79161,13,,,1,8,,79215,13,,,1,7,,79162,13,,,1,47,,79216,13,,,1,5,,79163,13,,,1,22,,79164,13,,,1,20,,79165,13,,,1,60,,79166,13,,,1,20,,79167,13,,,1,20,,79168,13,,,1,60,,79169,13,,,1,20,,79170,13,,,1,20,,79171,13,,,1,60,,79172,13,,,1,20,,79173,13,,,1,20,,79174,13,,,1,60,,79175,13,,,1,20,,79176,13,,,1,20,,79177,13,,,1,60,,79178,13,,,1,20,,79179,13,,,1,20,,79180,13,,,1,61,,79181,13,,,1,26,,79182,13,,,1,20,,79183,13,,,1,60,,79185,13,,,1,20,,79184,13,,,1,20,,79186,13,,,1,60,,79189,13,,,1,20,,79187,13,,,1,20,,79188,13,,,1,60,,79190,13,,,1,16,,79191,13,,,1,17,,79192,13,,,1,60,,79193,13,,,1,20,,79194,13,,,1,20,,79195,13,,,1,60,,79196,13,,,1,20,,79197,13,,,1,20,,79198,13,,,1,60,,79199,13,,,1,20,,79200,13,,,1,20,,79201,13,,,1,60,,79202,13,,,1,30,,79203,13,,,1,70,,79204,13,,,1,30,,79205,13,,,1,70,,79206,13,,,1
72200,'722-Weekday-9-26-02-1111100',531,,79284,13,,,1,20,,79285,13,,,1,60,,79219,13,,,1,20,,79220,13,,,1,20,,79274,13,,,1,7,,79221,13,,,1,48,,79275,13,,,1,7,,79222,13,,,1,8,,79276,13,,,1,7,,79223,13,,,1,8,,79277,13,,,1,7,,79224,13,,,1,8,,79278,13,,,1,7,,79225,13,,,1,48,,79279,13,,,1,7,,79226,13,,,1,8,,79280,13,,,1,7,,79227,13,,,1,8,,79281,13,,,1,7,,79228,13,,,1,8,,79282,13,,,1,7,,79229,13,,,1,47,,79283,13,,,1,5,,79230,13,,,1,22,,79231,13,,,1,20,,79232,13,,,1,60,,79233,13,,,1,20,,79234,13,,,1,20,,79235,13,,,1,60,,79236,13,,,1,20,,79237,13,,,1,20,,79238,13,,,1,60,,79239,13,,,1,20,,79240,13,,,1,20,,79241,13,,,1,60,,79242,13,,,1,20,,79243,13,,,1,20,,79244,13,,,1,60,,79245,13,,,1,20,,79246,13,,,1,20,,79247,13,,,1,61,,79248,13,,,1,26,,79249,13,,,1,20,,79250,13,,,1,60,,79252,13,,,1,20,,79251,13,,,1,20,,79253,13,,,1,60,,79256,13,,,1,20,,79254,13,,,1,20,,79255,13,,,1,60,,79257,13,,,1,16,,79258,13,,,1,17,,79259,13,,,1,60,,79260,13,,,1,20,,79261,13,,,1,20,,79262,13,,,1,60,,79263,13,,,1,20,,79264,13,,,1,20,,79265,13,,,1,60,,79266,13,,,1,20,,79267,13,,,1,20,,79268,13,,,1,60,,79269,13,,,1,30,,79270,13,,,1,70,,79271,13,,,1,30,,79272,13,,,1,70,,79273,13,,,1
72200,'722-Saturday-1-26-02-0000010',527,,79333,1,,,1,30,,79334,1,,,1,70,,79286,13,,,1,30,,79287,13,,,1,70,,79288,13,,,1,30,,79289,13,,,1,70,,79290,13,,,1,20,,79291,13,,,1,60,,79292,13,,,1,19,,79293,13,,,1,20,,79294,13,,,1,60,,79295,13,,,1,20,,79296,13,,,1,20,,79297,13,,,1,60,,79298,13,,,1,20,,79299,13,,,1,20,,79300,13,,,1,60,,79301,13,,,1,20,,79302,13,,,1,20,,79303,13,,,1,60,,79304,13,,,1,20,,79305,13,,,1,20,,79306,13,,,1,60,,79307,13,,,1,20,,79308,13,,,1,20,,79309,13,,,1,60,,79310,13,,,1,20,,79311,13,,,1,20,,79312,13,,,1,60,,79313,13,,,1,20,,79314,13,,,1,20,,79315,13,,,1,60,,79316,13,,,1,21,,79317,13,,,1,20,,79318,13,,,1,60,,79319,13,,,1,20,,79320,13,,,1,20,,79321,13,,,1,60,,79322,13,,,1,20,,79323,13,,,1,30,,79324,13,,,1,70,,79325,13,,,1,30,,79326,13,,,1,70,,79327,13,,,1,30,,79328,13,,,1,70,,79329,13,,,1,30,,79330,13,,,1,70,,79331,13,,,1,30,,79332,13,,,1
72200,'722-Sunday-1-26-02-0000001',625,,79335,13,,,1,30,,79336,13,,,1,70,,79337,13,,,1,30,,79338,13,,,1,70,,79339,13,,,1,30,,79340,13,,,1,71,,79341,13,,,1,30,,79342,13,,,1,70,,79343,13,,,1,30,,79344,13,,,1,70,,79345,13,,,1,30,,79346,13,,,1,70,,79347,13,,,1,30,,79348,13,,,1,70,,79349,13,,,1,30,,79350,13,,,1,70,,79351,13,,,1,30,,79352,13,,,1,70,,79353,13,,,1,30,,79354,13,,,1,70,,79355,13,,,1,30,,79356,13,,,1,70,,79357,13,,,1,30,,79358,13,,,1,70,,79359,13,,,1,30,,79360,13,,,1,70,,79361,13,,,1,30,,79362,13,,,1,70,,79363,13,,,1,30,,79364,13,,,1,70,,79365,13,,,1,30,,79366,13,,,1,70,,79367,13,,,1,30,,79368,13,,,1,70,,79369,13,,,1,30,,79370,13,,,1
