91700,'917-Weekday-1-26-02-1111100',508,,93567,14,,,1,30,,93568,14,,,1,70,,93611,14,,,1,15,,93612,14,,,1,16,,93569,14,,,1,15,,93570,14,,,1,55,,93600,14,,,1,15,,93571,14,,,1,15,,93572,14,,,1,15,,93573,14,,,1,55,,93601,14,,,1,15,,93574,14,,,1,15,,93575,14,,,1,15,,93576,14,,,1,58,,93577,14,,,1,30,,93578,14,,,1,70,,93579,14,,,1,30,,93580,14,,,1,70,,93581,14,,,1,30,,93582,14,,,1,70,,93583,14,,,1,30,,93584,14,,,1,70,,93585,14,,,1,30,,93586,14,,,1,70,,93597,14,,,1,30,,93602,14,,,1,71,,93608,14,,,1,12,,93610,14,,,1,20,,93603,14,,,1,60,,93604,14,,,1,20,,93587,14,,,1,20,,93605,14,,,1,60,,93606,14,,,1,20,,93599,14,,,1,20,,93607,14,,,1,60,,93609,14,,,1,26,,93588,14,,,1,69,,93589,14,,,1,30,,93590,14,,,1,70,,93591,14,,,1,30,,93592,14,,,1,70,,93593,14,,,1,30,,93594,14,,,1,70,,93595,14,,,1,59,,93598,14,,,1,100,,93596,14,,,1
91700,'917-Weekday-10-26-02-1111100',508,,93613,14,,,1,30,,93614,14,,,1,70,,93657,14,,,1,15,,93658,14,,,1,16,,93615,14,,,1,15,,93616,14,,,1,55,,93646,14,,,1,15,,93617,14,,,1,15,,93618,14,,,1,15,,93619,14,,,1,55,,93647,14,,,1,15,,93620,14,,,1,15,,93621,14,,,1,15,,93622,14,,,1,58,,93623,14,,,1,30,,93624,14,,,1,70,,93625,14,,,1,30,,93626,14,,,1,70,,93627,14,,,1,30,,93628,14,,,1,70,,93629,14,,,1,30,,93630,14,,,1,70,,93631,14,,,1,30,,93632,14,,,1,70,,93643,14,,,1,30,,93648,14,,,1,71,,93654,14,,,1,12,,93656,14,,,1,20,,93649,14,,,1,60,,93650,14,,,1,20,,93633,14,,,1,20,,93651,14,,,1,60,,93652,14,,,1,20,,93645,14,,,1,20,,93653,14,,,1,60,,93655,14,,,1,26,,93634,14,,,1,69,,93635,14,,,1,30,,93636,14,,,1,70,,93637,14,,,1,30,,93638,14,,,1,70,,93639,14,,,1,30,,93640,14,,,1,70,,93641,14,,,1,59,,93644,14,,,1,100,,93642,14,,,1
91700,'917-Weekday-4-26-02-1111100',508,,93705,14,,,1,30,,93706,14,,,1,70,,93749,14,,,1,15,,93750,14,,,1,16,,93707,14,,,1,15,,93708,14,,,1,55,,93738,14,,,1,15,,93709,14,,,1,15,,93710,14,,,1,15,,93711,14,,,1,55,,93739,14,,,1,15,,93712,14,,,1,15,,93713,14,,,1,15,,93714,14,,,1,58,,93715,14,,,1,30,,93716,14,,,1,70,,93717,14,,,1,30,,93718,14,,,1,70,,93719,14,,,1,30,,93720,14,,,1,70,,93721,14,,,1,30,,93722,14,,,1,70,,93723,14,,,1,30,,93724,14,,,1,70,,93735,14,,,1,30,,93740,14,,,1,71,,93746,14,,,1,12,,93748,14,,,1,20,,93741,14,,,1,60,,93742,14,,,1,20,,93725,14,,,1,20,,93743,14,,,1,60,,93744,14,,,1,20,,93737,14,,,1,20,,93745,14,,,1,60,,93747,14,,,1,26,,93726,14,,,1,69,,93727,14,,,1,30,,93728,14,,,1,70,,93729,14,,,1,30,,93730,14,,,1,70,,93731,14,,,1,30,,93732,14,,,1,70,,93733,14,,,1,59,,93736,14,,,1,100,,93734,14,,,1
91700,'917-Weekday-5-26-02-1111100',508,,93751,14,,,1,30,,93752,14,,,1,70,,93795,14,,,1,15,,93796,14,,,1,16,,93753,14,,,1,15,,93754,14,,,1,55,,93784,14,,,1,15,,93755,14,,,1,15,,93756,14,,,1,15,,93757,14,,,1,55,,93785,14,,,1,15,,93758,14,,,1,15,,93759,14,,,1,15,,93760,14,,,1,58,,93761,14,,,1,30,,93762,14,,,1,70,,93763,14,,,1,30,,93764,14,,,1,70,,93765,14,,,1,30,,93766,14,,,1,70,,93767,14,,,1,30,,93768,14,,,1,70,,93769,14,,,1,30,,93770,14,,,1,70,,93781,14,,,1,30,,93786,14,,,1,71,,93792,14,,,1,12,,93794,14,,,1,20,,93787,14,,,1,60,,93788,14,,,1,20,,93771,14,,,1,20,,93789,14,,,1,60,,93790,14,,,1,20,,93783,14,,,1,20,,93791,14,,,1,60,,93793,14,,,1,26,,93772,14,,,1,69,,93773,14,,,1,30,,93774,14,,,1,70,,93775,14,,,1,30,,93776,14,,,1,70,,93777,14,,,1,30,,93778,14,,,1,70,,93779,14,,,1,59,,93782,14,,,1,100,,93780,14,,,1
91700,'917-Weekday-7-26-02-1111100',508,,93843,14,,,1,30,,93844,14,,,1,70,,93887,14,,,1,15,,93888,14,,,1,16,,93845,14,,,1,15,,93846,14,,,1,55,,93876,14,,,1,15,,93847,14,,,1,15,,93848,14,,,1,15,,93849,14,,,1,55,,93877,14,,,1,15,,93850,14,,,1,15,,93851,14,,,1,15,,93852,14,,,1,58,,93853,14,,,1,30,,93854,14,,,1,70,,93855,14,,,1,30,,93856,14,,,1,70,,93857,14,,,1,30,,93858,14,,,1,70,,93859,14,,,1,30,,93860,14,,,1,70,,93861,14,,,1,30,,93862,14,,,1,70,,93873,14,,,1,30,,93878,14,,,1,71,,93884,14,,,1,12,,93886,14,,,1,20,,93879,14,,,1,60,,93880,14,,,1,20,,93863,14,,,1,20,,93881,14,,,1,60,,93882,14,,,1,20,,93875,14,,,1,20,,93883,14,,,1,60,,93885,14,,,1,26,,93864,14,,,1,69,,93865,14,,,1,30,,93866,14,,,1,70,,93867,14,,,1,30,,93868,14,,,1,70,,93869,14,,,1,30,,93870,14,,,1,70,,93871,14,,,1,59,,93874,14,,,1,100,,93872,14,,,1
91700,'917-Saturday-1-26-02-0000010',555,,93981,14,,,1,100,,93982,14,,,1,100,,94008,14,,,1,70,,94009,14,,,1,27,,94010,14,,,1,69,,93984,14,,,1,30,,93985,14,,,1,70,,93986,14,,,1,30,,93987,14,,,1,70,,93988,14,,,1,30,,93989,14,,,1,70,,93990,14,,,1,30,,93991,14,,,1,70,,93992,14,,,1,30,,93993,14,,,1,70,,93994,14,,,1,30,,93995,14,,,1,70,,93996,14,,,1,30,,93997,14,,,1,70,,93998,14,,,1,31,,94004,14,,,1,71,,94005,14,,,1,30,,94006,14,,,1,70,,93983,14,,,1,30,,93999,14,,,1,70,,94007,14,,,1,100,,94003,14,,,1,100,,94002,14,,,1,100,,94001,14,,,1,100,,94000,14,,,1
91700,'917-Sunday-1-26-02-0000001',603,,94011,14,,,1,100,,94012,14,,,1,100,,94013,14,,,1,54,,94014,14,,,1,98,,94015,14,,,1,70,,94016,14,,,1,30,,94017,14,,,1,70,,94018,14,,,1,30,,94019,14,,,1,70,,94020,14,,,1,30,,94021,14,,,1,70,,94022,14,,,1,30,,94023,14,,,1,70,,94024,14,,,1,30,,94025,14,,,1,70,,94026,14,,,1,30,,94027,14,,,1,71,,94028,14,,,1,31,,94029,14,,,1,70,,94030,14,,,1,30,,94031,14,,,1,70,,94032,14,,,1,30,,94033,14,,,1,100,,94034,14,,,1,100,,94035,14,,,1,100,,94036,14,,,1,100,,94037,14,,,1,100,,94038,14,,,1
24093001,'930X-Weekday-1-26-02-1111100',1535,,107059,8,,,1,15,,107060,8,,,1,55,,107061,8,,,1,15,,107062,8,,,1,15,,107063,8,,,1,15,,107064,8,,,1,55,,107065,8,,,1,15,,107066,8,,,1,15,,107067,8,,,1,15,,107068,8,,,1,55,,107069,8,,,1
24093001,'930X-Weekday-10-26-02-1111100',1535,,107070,8,,,1,15,,107071,8,,,1,55,,107072,8,,,1,15,,107073,8,,,1,15,,107074,8,,,1,15,,107075,8,,,1,55,,107076,8,,,1,15,,107077,8,,,1,15,,107078,8,,,1,15,,107079,8,,,1,55,,107080,8,,,1
24093001,'930X-Weekday-4-26-02-1111100',1535,,107092,8,,,1,15,,107093,8,,,1,55,,107094,8,,,1,15,,107095,8,,,1,15,,107096,8,,,1,15,,107097,8,,,1,55,,107098,8,,,1,15,,107099,8,,,1,15,,107100,8,,,1,15,,107101,8,,,1,55,,107102,8,,,1
24093001,'930X-Weekday-5-26-02-1111100',1535,,107103,8,,,1,15,,107104,8,,,1,55,,107105,8,,,1,15,,107106,8,,,1,15,,107107,8,,,1,15,,107108,8,,,1,55,,107109,8,,,1,15,,107110,8,,,1,15,,107111,8,,,1,15,,107112,8,,,1,55,,107113,8,,,1
24093001,'930X-Weekday-7-26-02-1111100',1535,,107125,8,,,1,15,,107126,8,,,1,55,,107127,8,,,1,15,,107128,8,,,1,15,,107129,8,,,1,15,,107130,8,,,1,55,,107131,8,,,1,15,,107132,8,,,1,15,,107133,8,,,1,15,,107134,8,,,1,55,,107135,8,,,1
