52101,'521-Weekday-1-26-02-1111100',558,,56242,36,,,1,71,,56243,36,,,1,17,,56244,36,,,1,60,,56245,36,,,1,15,,56281,36,,,1,15,,56246,36,,,1,15,,56247,36,,,1,55,,56248,36,,,1,15,,56280,36,,,1,15,,56249,36,,,1,14,,56250,36,,,1,55,,56285,36,,,1,20,,56251,36,,,1,28,,56252,36,,,1,70,,56253,36,,,1,30,,56254,36,,,1,70,,56255,36,,,1,30,,56256,36,,,1,70,,56257,36,,,1,30,,56258,36,,,1,70,,56259,36,,,1,30,,56260,36,,,1,70,,56261,36,,,1,30,,56262,36,,,1,79,,56284,36,,,1,74,,56283,36,,,1,7,,56286,36,,,1,8,,56263,36,,,1,15,,56264,36,,,1,15,,56265,36,,,1,55,,56266,36,,,1,15,,56267,36,,,1,15,,56268,36,,,1,15,,56269,36,,,1,55,,56270,36,,,1,14,,56271,36,,,1,14,,56272,36,,,1,23,,56282,36,,,1,68,,56273,36,,,1,30,,56274,36,,,1,70,,56275,36,,,1,30,,56276,36,,,1,70,,56277,36,,,1,30,,56278,36,,,1,67,,56279,36,,,1
52101,'521-Weekday-10-26-02-1111100',558,,56287,36,,,1,71,,56288,36,,,1,17,,56289,36,,,1,60,,56290,36,,,1,15,,56326,36,,,1,15,,56291,36,,,1,15,,56292,36,,,1,55,,56293,36,,,1,15,,56325,36,,,1,15,,56294,36,,,1,14,,56295,36,,,1,55,,56330,36,,,1,20,,56296,36,,,1,28,,56297,36,,,1,70,,56298,36,,,1,30,,56299,36,,,1,70,,56300,36,,,1,30,,56301,36,,,1,70,,56302,36,,,1,30,,56303,36,,,1,70,,56304,36,,,1,30,,56305,36,,,1,70,,56306,36,,,1,30,,56307,36,,,1,79,,56329,36,,,1,74,,56328,36,,,1,7,,56331,36,,,1,8,,56308,36,,,1,15,,56309,36,,,1,15,,56310,36,,,1,55,,56311,36,,,1,15,,56312,36,,,1,15,,56313,36,,,1,15,,56314,36,,,1,55,,56315,36,,,1,14,,56316,36,,,1,14,,56317,36,,,1,23,,56327,36,,,1,68,,56318,36,,,1,30,,56319,36,,,1,70,,56320,36,,,1,30,,56321,36,,,1,70,,56322,36,,,1,30,,56323,36,,,1,67,,56324,36,,,1
52101,'521-Weekday-11-26-02-1111100',558,,116052,36,,,1,71,,116053,36,,,1,17,,116054,36,,,1,60,,116055,36,,,1,15,,116091,36,,,1,15,,116056,36,,,1,15,,116057,36,,,1,55,,116058,36,,,1,15,,116090,36,,,1,15,,116059,36,,,1,14,,116060,36,,,1,55,,116095,36,,,1,20,,116061,36,,,1,28,,116062,36,,,1,70,,116063,36,,,1,30,,116064,36,,,1,70,,116065,36,,,1,30,,116066,36,,,1,70,,116067,36,,,1,30,,116068,36,,,1,70,,116069,36,,,1,30,,116070,36,,,1,70,,116071,36,,,1,30,,116072,36,,,1,79,,116094,36,,,1,74,,116093,36,,,1,7,,116096,36,,,1,8,,116073,36,,,1,15,,116074,36,,,1,15,,116075,36,,,1,55,,116076,36,,,1,15,,116077,36,,,1,15,,116078,36,,,1,15,,116079,36,,,1,55,,116080,36,,,1,14,,116081,36,,,1,14,,116082,36,,,1,23,,116092,36,,,1,68,,116083,36,,,1,30,,116084,36,,,1,70,,116085,36,,,1,30,,116086,36,,,1,70,,116087,36,,,1,30,,116088,36,,,1,67,,116089,36,,,1
52101,'521-Saturday-1-26-02-0000010',822,,56645,36,,,1,30,,56646,36,,,1,72,,56647,36,,,1,31,,56648,36,,,1,70,,56649,36,,,1,30,,56650,36,,,1,70,,56651,36,,,1,30,,56652,36,,,1,70,,56653,36,,,1,30,,56654,36,,,1,70,,56655,36,,,1,30,,56656,36,,,1,70,,56657,36,,,1,30,,56658,36,,,1,70,,56659,36,,,1,30,,56660,36,,,1,70,,56661,36,,,1,30,,56662,36,,,1,70,,56663,36,,,1,30,,56664,36,,,1,70,,56665,36,,,1,30,,56666,36,,,1,70,,56667,36,,,1
52101,'521-Sunday-2-26-02-0000001',1026,,116097,36,,,1,30,,116098,36,,,1,70,,116099,36,,,1,30,,116100,36,,,1,70,,116101,36,,,1,30,,116102,36,,,1,70,,116103,36,,,1,30,,116104,36,,,1,70,,116105,36,,,1,30,,116106,36,,,1,70,,116107,36,,,1,30,,116108,36,,,1,70,,116109,36,,,1,30,,116110,36,,,1,70,,116111,36,,,1,30,,116112,36,,,1,70,,116113,36,,,1,30,,116114,36,,,1,70,,116115,36,,,1
66401,'664-Weekday-1-26-02-1111100',826,,61601,23,0,21 22,1,3,,61602,23,0,21 22,1
66401,'664-Weekday-10-26-02-1111100',826,,116857,23,0,21 22,1,3,,116858,23,0,21 22,1
66401,'664-Weekday-9-26-02-1111100',826,,61614,23,0,21 22,1,3,,61615,23,0,21 22,1
66501,'665-Weekday-1-26-02-1111100',825,,61632,29,,,1,2,,61633,29,,,1
66501,'665-Weekday-10-26-02-1111100',825,,116861,29,,,1,2,,116862,29,,,1
66501,'665-Weekday-9-26-02-1111100',825,,61640,29,,,1,2,,61641,29,,,1
