10101,'101-Weekday-1-26-02-1111100',511,,26127,28,,,1,30,,26128,28,,,1,70,,26129,28,,,1,32,,26130,28,,,1,60,,26131,28,,,1,20,,26132,28,,,1,20,,26133,28,,,1,60,,26134,28,,,1,20,,26135,28,,,1,20,,26136,28,,,1,70,,26137,28,,,1,30,,26138,28,,,1,70,,26139,28,,,1,30,,26140,28,,,1,70,,26141,28,,,1,30,,26142,28,,,1,70,,26143,28,,,1,30,,26144,28,,,1,70,,26145,28,,,1,30,,26146,28,,,1,70,,26147,28,,,1,32,,26148,28,,,1,70,,26149,28,,,1,30,,26150,28,,,1,70,,26151,28,,,1,30,,26152,28,,,1,70,,26153,28,,,1,30,,26154,28,,,1,70,,26155,28,,,1,28,,26159,28,,,1,68,,26160,28,,,1,30,,26161,28,,,1,70,,26162,28,,,1,30,,26163,28,,,1,70,,26164,28,,,1,30,,26156,28,,,1,69,,26165,28,,,1,100,,26157,28,,,1,100,,26158,28,,,1
10101,'101-Weekday-10-26-02-1111100',511,,26166,28,,,1,30,,26167,28,,,1,70,,26168,28,,,1,32,,26169,28,,,1,60,,26170,28,,,1,20,,26171,28,,,1,20,,26172,28,,,1,60,,26173,28,,,1,20,,26174,28,,,1,20,,26175,28,,,1,70,,26176,28,,,1,30,,26177,28,,,1,70,,26178,28,,,1,30,,26179,28,,,1,70,,26180,28,,,1,30,,26181,28,,,1,70,,26182,28,,,1,30,,26183,28,,,1,70,,26184,28,,,1,30,,26185,28,,,1,70,,26186,28,,,1,32,,26187,28,,,1,70,,26188,28,,,1,30,,26189,28,,,1,70,,26190,28,,,1,30,,26191,28,,,1,70,,26192,28,,,1,30,,26193,28,,,1,70,,26194,28,,,1,28,,26198,28,,,1,68,,26199,28,,,1,30,,26200,28,,,1,70,,26201,28,,,1,30,,26202,28,,,1,70,,26203,28,,,1,30,,26195,28,,,1,69,,26204,28,,,1,100,,26196,28,,,1,100,,26197,28,,,1
10101,'101-Weekday-4-26-02-1111100',511,,26244,28,,,1,30,,26245,28,,,1,70,,26246,28,,,1,32,,26247,28,,,1,60,,26248,28,,,1,20,,26249,28,,,1,20,,26250,28,,,1,60,,26251,28,,,1,20,,26252,28,,,1,20,,26253,28,,,1,70,,26254,28,,,1,30,,26255,28,,,1,70,,26256,28,,,1,30,,26257,28,,,1,70,,26258,28,,,1,30,,26259,28,,,1,70,,26260,28,,,1,30,,26261,28,,,1,70,,26262,28,,,1,30,,26263,28,,,1,70,,26264,28,,,1,32,,26265,28,,,1,70,,26266,28,,,1,30,,26267,28,,,1,70,,26268,28,,,1,30,,26269,28,,,1,70,,26270,28,,,1,30,,26271,28,,,1,70,,26272,28,,,1,28,,26276,28,,,1,68,,26277,28,,,1,30,,26278,28,,,1,70,,26279,28,,,1,30,,26280,28,,,1,70,,26281,28,,,1,30,,26273,28,,,1,69,,26282,28,,,1,100,,26274,28,,,1,100,,26275,28,,,1
10101,'101-Weekday-5-26-02-1111100',511,,26283,28,,,1,30,,26284,28,,,1,70,,26285,28,,,1,32,,26286,28,,,1,60,,26287,28,,,1,20,,26288,28,,,1,20,,26289,28,,,1,60,,26290,28,,,1,20,,26291,28,,,1,20,,26292,28,,,1,70,,26293,28,,,1,30,,26294,28,,,1,70,,26295,28,,,1,30,,26296,28,,,1,70,,26297,28,,,1,30,,26298,28,,,1,70,,26299,28,,,1,30,,26300,28,,,1,70,,26301,28,,,1,30,,26302,28,,,1,70,,26303,28,,,1,32,,26304,28,,,1,70,,26305,28,,,1,30,,26306,28,,,1,70,,26307,28,,,1,30,,26308,28,,,1,70,,26309,28,,,1,30,,26310,28,,,1,70,,26311,28,,,1,28,,26315,28,,,1,68,,26316,28,,,1,30,,26317,28,,,1,70,,26318,28,,,1,30,,26319,28,,,1,70,,26320,28,,,1,30,,26312,28,,,1,69,,26321,28,,,1,100,,26313,28,,,1,100,,26314,28,,,1
10101,'101-Weekday-7-26-02-1111100',511,,26361,28,,,1,30,,26362,28,,,1,70,,26363,28,,,1,32,,26364,28,,,1,60,,26365,28,,,1,20,,26366,28,,,1,20,,26367,28,,,1,60,,26368,28,,,1,20,,26369,28,,,1,20,,26370,28,,,1,70,,26371,28,,,1,30,,26372,28,,,1,70,,26373,28,,,1,30,,26374,28,,,1,70,,26375,28,,,1,30,,26376,28,,,1,70,,26377,28,,,1,30,,26378,28,,,1,70,,26379,28,,,1,30,,26380,28,,,1,70,,26381,28,,,1,32,,26382,28,,,1,70,,26383,28,,,1,30,,26384,28,,,1,70,,26385,28,,,1,30,,26386,28,,,1,70,,26387,28,,,1,30,,26388,28,,,1,70,,26389,28,,,1,28,,26393,28,,,1,68,,26394,28,,,1,30,,26395,28,,,1,70,,26396,28,,,1,30,,26397,28,,,1,70,,26398,28,,,1,30,,26390,28,,,1,69,,26399,28,,,1,100,,26391,28,,,1,100,,26392,28,,,1
10101,'101-Saturday-1-26-02-0000010',632,,26478,28,,,1,100,,26479,28,,,1,90,,26480,28,,,1,29,,26481,28,,,1,69,,26482,28,,,1,30,,26483,28,,,1,70,,26484,28,,,1,30,,26485,28,,,1,70,,26486,28,,,1,30,,26487,28,,,1,70,,26488,28,,,1,30,,26489,28,,,1,70,,26490,28,,,1,30,,26491,28,,,1,70,,26492,28,,,1,30,,26493,28,,,1,70,,26494,28,,,1,30,,26495,28,,,1,70,,26496,28,,,1,30,,26497,28,,,1,70,,26498,28,,,1,30,,26499,28,,,1,70,,26500,28,,,1,30,,26501,28,,,1,70,,26502,28,,,1,100,,26503,28,,,1,100,,26504,28,,,1,100,,26505,28,,,1,100,,26506,28,,,1,100,,26507,28,,,1
10101,'101-Sunday-1-26-02-0000001',630,,26511,28,,,1,100,,26512,28,,,1,100,,26513,28,,,1,102,,26514,28,,,1,85,,26515,28,,,1,29,,26516,28,,,1,70,,26517,28,,,1,30,,26518,28,,,1,70,,26519,28,,,1,30,,26520,28,,,1,70,,26521,28,,,1,30,,26522,28,,,1,70,,26523,28,,,1,30,,26524,28,,,1,70,,26525,28,,,1,30,,26526,28,,,1,70,,26527,28,,,1,30,,26528,28,,,1,71,,26529,28,,,1,30,,26530,28,,,1,69,,26531,28,,,1,30,,26532,28,,,1,70,,26533,28,,,1,100,,26534,28,,,1,100,,26510,28,,,1,100,,26509,28,,,1,100,,26508,28,,,1
11101,'111-Weekday-1-26-02-1111100',913,,34047,4,,,1,100,,34048,4,,,1,100,,34049,4,,,1,100,,34050,4,,,1,100,,34051,4,,,1,100,,34052,4,,,1,100,,34053,4,,,1
11101,'111-Weekday-10-26-02-1111100',913,,34054,4,,,1,100,,34055,4,,,1,100,,34056,4,,,1,100,,34057,4,,,1,100,,34058,4,,,1,100,,34059,4,,,1,100,,34060,4,,,1
11101,'111-Weekday-4-26-02-1111100',913,,34068,4,,,1,100,,34069,4,,,1,100,,34070,4,,,1,100,,34071,4,,,1,100,,34072,4,,,1,100,,34073,4,,,1,100,,34074,4,,,1
11101,'111-Weekday-5-26-02-1111100',913,,34075,4,,,1,100,,34076,4,,,1,100,,34077,4,,,1,100,,34078,4,,,1,100,,34079,4,,,1,100,,34080,4,,,1,100,,34081,4,,,1
11101,'111-Weekday-7-26-02-1111100',913,,34089,4,,,1,100,,34090,4,,,1,100,,34091,4,,,1,100,,34092,4,,,1,100,,34093,4,,,1,100,,34094,4,,,1,100,,34095,4,,,1
62201,'622-Weekday-1-26-02-1111100',734,,60729,4,,,1,20,,60730,4,,,1,60,,60731,4,,,1,20,,60732,4,,,1,20,,60733,4,,,1,60,,60728,4,,,1,587,,60734,4,,,1,20,,60735,4,,,1,20,,60736,4,,,1,60,,60737,4,,,1,20,,60738,4,,,1,20,,60739,4,,,1,60,,60740,4,,,1
62201,'622-Weekday-10-26-02-1111100',734,,60742,4,,,1,20,,60743,4,,,1,60,,60744,4,,,1,20,,60745,4,,,1,20,,60746,4,,,1,60,,60741,4,,,1,587,,60747,4,,,1,20,,60748,4,,,1,20,,60749,4,,,1,60,,60750,4,,,1,20,,60751,4,,,1,20,,60752,4,,,1,60,,60753,4,,,1
62201,'622-Weekday-4-26-02-1111100',734,,60755,4,,,1,20,,60756,4,,,1,60,,60757,4,,,1,20,,60758,4,,,1,20,,60759,4,,,1,60,,60754,4,,,1,587,,60760,4,,,1,20,,60761,4,,,1,20,,60762,4,,,1,60,,60763,4,,,1,20,,60764,4,,,1,20,,60765,4,,,1,60,,60766,4,,,1
62201,'622-Weekday-5-26-02-1111100',734,,60768,4,,,1,20,,60769,4,,,1,60,,60770,4,,,1,20,,60771,4,,,1,20,,60772,4,,,1,60,,60767,4,,,1,587,,60773,4,,,1,20,,60774,4,,,1,20,,60775,4,,,1,60,,60776,4,,,1,20,,60777,4,,,1,20,,60778,4,,,1,60,,60779,4,,,1
