5400,'054-Weekday-1-25-12-1111100',457,,12520,,,1,70,,12484,,,1,30,,12485,,,1,55,,12530,,,1,15,,12486,,,1,16,,12515,,,1,15,,12516,,,1,55,,12517,,,1,15,,12518,,,1,15,,12519,,,1,15,,12487,,,1,70,,12521,,,1,30,,12488,,,1,70,,12489,,,1,30,,12490,,,1,70,,12491,,,1,30,,12492,,,1,70,,12493,,,1,30,,12494,,,1,70,,12495,,,1,30,,12496,,,1,70,,12497,,,1,30,,12498,,,1,70,,12499,,,1,28,,12500,,,1,55,,12522,,,1,15,,12501,,,1,15,,12502,,,1,16,,12503,,,1,55,,12504,,,1,7,,12529,,,1,8,,12505,,,1,15,,12524,,,1,15,,12525,,,1,55,,12506,,,1,19,,12523,,,1,27,,12507,,,1,70,,12508,,,1,30,,12509,,,1,70,,12510,,,1,30,,12511,,,1,70,,12512,,,1,30,,12513,,,1,70,,12514,,,1,30,,12526,,,1,100,,12527,,,1,100,,12528,,,1
5400,'054-Weekday-5-25-12-1111100',457,,12664,,,1,70,,12628,,,1,30,,12629,,,1,55,,12674,,,1,15,,12630,,,1,16,,12659,,,1,15,,12660,,,1,55,,12661,,,1,15,,12662,,,1,15,,12663,,,1,15,,12631,,,1,70,,12665,,,1,30,,12632,,,1,70,,12633,,,1,30,,12634,,,1,70,,12635,,,1,30,,12636,,,1,70,,12637,,,1,30,,12638,,,1,70,,12639,,,1,30,,12640,,,1,70,,12641,,,1,30,,12642,,,1,70,,12643,,,1,28,,12644,,,1,55,,12666,,,1,15,,12645,,,1,15,,12646,,,1,16,,12647,,,1,55,,12648,,,1,7,,12673,,,1,8,,12649,,,1,15,,12668,,,1,15,,12669,,,1,55,,12650,,,1,19,,12667,,,1,27,,12651,,,1,70,,12652,,,1,30,,12653,,,1,70,,12654,,,1,30,,12655,,,1,70,,12656,,,1,30,,12657,,,1,70,,12658,,,1,30,,12670,,,1,100,,12671,,,1,100,,12672,,,1
5400,'054-Saturday-1-25-12-0000010',555,,12675,,,1,70,,12676,,,1,30,,12677,,,1,70,,12678,,,1,30,,12679,,,1,70,,12680,,,1,20,,12681,,,1,61,,12682,,,1,20,,12683,,,1,20,,12684,,,1,60,,12685,,,1,20,,12686,,,1,20,,12687,,,1,60,,12688,,,1,20,,12689,,,1,20,,12690,,,1,60,,12691,,,1,20,,12692,,,1,20,,12693,,,1,60,,12694,,,1,20,,12695,,,1,20,,12696,,,1,60,,12697,,,1,20,,12698,,,1,20,,12699,,,1,60,,12700,,,1,20,,12701,,,1,20,,12702,,,1,60,,12703,,,1,20,,12704,,,1,20,,12705,,,1,59,,12706,,,1,20,,12707,,,1,20,,12708,,,1,60,,12709,,,1,20,,12710,,,1,20,,12711,,,1,60,,12712,,,1,20,,12713,,,1,20,,12714,,,1,60,,12715,,,1,20,,12716,,,1,20,,12717,,,1,60,,12718,,,1,20,,12719,,,1,30,,12720,,,1,100,,12721,,,1,100,,12722,,,1
5400,'054-Sunday-1-25-12-0000001',657,,12723,,,1,70,,12724,,,1,30,,12725,,,1,70,,12726,,,1,30,,12727,,,1,70,,12728,,,1,30,,12729,,,1,60,,12730,,,1,20,,12731,,,1,20,,12732,,,1,60,,12733,,,1,20,,12734,,,1,20,,12735,,,1,60,,12736,,,1,20,,12737,,,1,20,,12738,,,1,60,,12739,,,1,20,,12740,,,1,20,,12741,,,1,60,,12742,,,1,20,,12743,,,1,20,,12744,,,1,60,,12745,,,1,20,,12746,,,1,20,,12747,,,1,60,,12748,,,1,20,,12749,,,1,20,,12750,,,1,60,,12751,,,1,20,,12752,,,1,20,,12753,,,1,60,,12754,,,1,20,,12755,,,1,20,,12756,,,1,70,,12757,,,1,30,,12758,,,1,70,,12759,,,1,30,,12760,,,1,70,,12761,,,1,30,,12762,,,1,100,,12763,,,1,100,,12764,,,1
90600,'906-Weekday-1-25-12-1111100',537,,47569,,,1,70,,47570,,,1,31,,47571,,,1,70,,47572,,,1,30,,47573,,,1,70,,47574,,,1,30,,47575,,,1,70,,47576,,,1,602,,47577,,,1,30,,47578,,,1,70,,47579,,,1,30,,47580,,,1,70,,47581,,,1,30,,47582,,,1
90600,'906-Weekday-5-25-12-1111100',537,,47611,,,1,70,,47612,,,1,31,,47613,,,1,70,,47614,,,1,30,,47615,,,1,70,,47616,,,1,30,,47617,,,1,70,,47618,,,1,602,,47619,,,1,30,,47620,,,1,70,,47621,,,1,30,,47622,,,1,70,,47623,,,1,30,,47624,,,1
91400,'914-Weekday-1-25-12-1111100',544,,49404,,,1,70,,49405,,,1,33,,49443,,,1,60,,49406,,,1,20,,49407,,,1,20,,49408,,,1,60,,49409,,,1,20,,49410,,,1,20,,49424,,,1,69,,49411,,,1,30,,49412,,,1,70,,49413,,,1,30,,49414,,,1,70,,49415,,,1,30,,49416,,,1,70,,49417,,,1,30,,49418,,,1,70,,49419,,,1,30,,49420,,,1,70,,49421,,,1,30,,49422,,,1,73,,49423,,,1,30,,49444,,,1,55,,49425,,,1,15,,49445,,,1,15,,49426,,,1,15,,49427,,,1,55,,49428,,,1,15,,49429,,,1,15,,49430,,,1,15,,49439,,,1,70,,49431,,,1,27,,49432,,,1,70,,49433,,,1,30,,49434,,,1,70,,49435,,,1,30,,49436,,,1,70,,49437,,,1,30,,49438,,,1,68,,49442,,,1,100,,49440,,,1,100,,49441,,,1
91400,'914-Weekday-5-25-12-1111100',544,,49526,,,1,70,,49527,,,1,33,,49565,,,1,60,,49528,,,1,20,,49529,,,1,20,,49530,,,1,60,,49531,,,1,20,,49532,,,1,20,,49546,,,1,69,,49533,,,1,30,,49534,,,1,70,,49535,,,1,30,,49536,,,1,70,,49537,,,1,30,,49538,,,1,70,,49539,,,1,30,,49540,,,1,70,,49541,,,1,30,,49542,,,1,70,,49543,,,1,30,,49544,,,1,73,,49545,,,1,30,,49566,,,1,55,,49547,,,1,15,,49567,,,1,15,,49548,,,1,15,,49549,,,1,55,,49550,,,1,15,,49551,,,1,15,,49552,,,1,15,,49561,,,1,70,,49553,,,1,27,,49554,,,1,70,,49555,,,1,30,,49556,,,1,70,,49557,,,1,30,,49558,,,1,70,,49559,,,1,30,,49560,,,1,68,,49564,,,1,100,,49562,,,1,100,,49563,,,1
91400,'914-Saturday-1-25-12-0000010',614,,49568,,,1,100,,49569,,,1,100,,49570,,,1,30,,49571,,,1,72,,49572,,,1,30,,49573,,,1,70,,49574,,,1,30,,49575,,,1,70,,49576,,,1,30,,49577,,,1,70,,49578,,,1,30,,49579,,,1,70,,49580,,,1,30,,49581,,,1,70,,49582,,,1,30,,49583,,,1,70,,49584,,,1,30,,49585,,,1,70,,49586,,,1,30,,49587,,,1,70,,49588,,,1,30,,49589,,,1,70,,49590,,,1,30,,49591,,,1,100,,49592,,,1,100,,49593,,,1,100,,49594,,,1,100,,49595,,,1
91400,'914-Sunday-1-25-12-0000001',713,,49596,,,1,100,,49597,,,1,99,,49598,,,1,103,,49599,,,1,100,,49600,,,1,30,,49601,,,1,70,,49602,,,1,30,,49603,,,1,70,,49604,,,1,30,,49605,,,1,70,,49606,,,1,30,,49607,,,1,70,,49608,,,1,30,,49609,,,1,70,,49610,,,1,30,,49611,,,1,70,,49612,,,1,28,,49613,,,1,70,,49614,,,1,30,,49615,,,1,70,,49616,,,1,30,,49617,,,1,100,,49618,,,1
