11800,'118-Weekday-1-26-04-1111100',519,,122946,41,,,1,30,,122947,41,,,1,70,,122948,41,,,1,33,,122949,41,,,1,55,,122950,41,,,1,15,,122983,41,,,1,15,,122951,41,,,1,15,,122952,41,,,1,55,,122953,41,,,1,15,,122984,41,,,1,15,,122954,41,,,1,15,,122955,41,,,1,68,,122956,41,,,1,30,,122957,41,,,1,70,,122958,41,,,1,30,,122959,41,,,1,70,,122960,41,,,1,30,,122961,41,,,1,70,,122962,41,,,1,30,,122963,41,,,1,70,,122964,41,,,1,30,,122965,41,,,1,70,,122966,41,,,1,30,,122967,41,,,1,73,,122968,41,,,1,30,,122969,41,,,1,60,,122970,41,,,1,20,,122985,41,,,1,20,,122971,41,,,1,60,,122972,41,,,1,20,,122986,41,,,1,20,,122973,41,,,1,70,,122974,41,,,1,27,,122975,41,,,1,70,,122976,41,,,1,30,,122977,41,,,1,70,,122978,41,,,1,30,,122979,41,,,1,70,,122980,41,,,1,30,,122981,41,,,1,70,,122982,41,,,1
11800,'118-Weekday-2-26-04-1111100',519,,122987,41,,,1,30,,122988,41,,,1,70,,122989,41,,,1,33,,122990,41,,,1,55,,122991,41,,,1,15,,123024,41,,,1,15,,122992,41,,,1,15,,122993,41,,,1,55,,122994,41,,,1,15,,123025,41,,,1,15,,122995,41,,,1,15,,122996,41,,,1,68,,122997,41,,,1,30,,122998,41,,,1,70,,122999,41,,,1,30,,123000,41,,,1,70,,123001,41,,,1,30,,123002,41,,,1,70,,123003,41,,,1,30,,123004,41,,,1,70,,123005,41,,,1,30,,123006,41,,,1,70,,123007,41,,,1,30,,123008,41,,,1,73,,123009,41,,,1,30,,123010,41,,,1,60,,123011,41,,,1,20,,123026,41,,,1,20,,123012,41,,,1,60,,123013,41,,,1,20,,123027,41,,,1,20,,123014,41,,,1,70,,123015,41,,,1,27,,123016,41,,,1,70,,123017,41,,,1,30,,123018,41,,,1,70,,123019,41,,,1,30,,123020,41,,,1,70,,123021,41,,,1,30,,123022,41,,,1,70,,123023,41,,,1
11800,'118-Weekday-3-26-04-1111100',519,,123028,41,,,1,30,,123029,41,,,1,70,,123030,41,,,1,33,,123031,41,,,1,55,,123032,41,,,1,15,,123065,41,,,1,15,,123033,41,,,1,15,,123034,41,,,1,55,,123035,41,,,1,15,,123066,41,,,1,15,,123036,41,,,1,15,,123037,41,,,1,68,,123038,41,,,1,30,,123039,41,,,1,70,,123040,41,,,1,30,,123041,41,,,1,70,,123042,41,,,1,30,,123043,41,,,1,70,,123044,41,,,1,30,,123045,41,,,1,70,,123046,41,,,1,30,,123047,41,,,1,70,,123048,41,,,1,30,,123049,41,,,1,73,,123050,41,,,1,30,,123051,41,,,1,60,,123052,41,,,1,20,,123067,41,,,1,20,,123053,41,,,1,60,,123054,41,,,1,20,,123068,41,,,1,20,,123055,41,,,1,70,,123056,41,,,1,27,,123057,41,,,1,70,,123058,41,,,1,30,,123059,41,,,1,70,,123060,41,,,1,30,,123061,41,,,1,70,,123062,41,,,1,30,,123063,41,,,1,70,,123064,41,,,1
11800,'118-Saturday-1-26-04-0000010',636,,123069,41,,,1,100,,123070,41,,,1,100,,123071,41,,,1,71,,123072,41,,,1,31,,123073,41,,,1,70,,123074,41,,,1,30,,123075,41,,,1,70,,123076,41,,,1,30,,123077,41,,,1,70,,123078,41,,,1,30,,123079,41,,,1,70,,123080,41,,,1,30,,123081,41,,,1,70,,123082,41,,,1,30,,123083,41,,,1,70,,123084,41,,,1,30,,123085,41,,,1,70,,123086,41,,,1,30,,123087,41,,,1,69,,123088,41,,,1,30,,123089,41,,,1,70,,123090,41,,,1,30,,123091,41,,,1,70,,123092,41,,,1,30,,123093,41,,,1
11800,'118-Sunday-1-26-04-0000001',657,,123114,41,,,1,100,,123094,41,,,1,101,,123095,41,,,1,143,,123096,41,,,1,100,,123097,41,,,1,45,,123098,41,,,1,70,,123099,41,,,1,30,,123100,41,,,1,70,,123101,41,,,1,30,,123102,41,,,1,70,,123103,41,,,1,30,,123104,41,,,1,70,,123105,41,,,1,30,,123106,41,,,1,70,,123107,41,,,1,30,,123108,41,,,1,67,,123109,41,,,1,29,,123110,41,,,1,70,,123111,41,,,1,30,,123112,41,,,1,70,,123113,41,,,1
61200,'612-Weekday-1-26-04-0001000',1258,,131624,46,,,1
61200,'612-Weekday-1-26-04-1110100',1556,,131625,46,,,1
61200,'612-Weekday-3-26-04-0001000',1258,,131626,46,,,1
61200,'612-Weekday-3-26-04-1110100',1556,,131627,46,,,1
62000,'620-Weekday-1-26-04-0001000',1222,,131687,25,,,1
62000,'620-Weekday-1-26-04-1110100',1530,,131688,25,,,1
62000,'620-Weekday-1-26-04-1111100',1553,,131689,25,,,1,5,,131690,25,,,1
62000,'620-Weekday-2-26-04-1111100',1553,,131691,25,,,1,5,,131692,25,,,1
62000,'620-Weekday-3-26-04-0001000',1222,,131693,25,,,1
62000,'620-Weekday-3-26-04-1110100',1530,,131694,25,,,1
