5601,'056-Weekday-1-26-02-1111100',535,,24918,50,,,1,70,,24919,50,,,1,15,,24920,50,,,1,17,,24921,50,,,1,18,,24922,50,,,1,57,,24923,50,,,1,16,,24924,50,,,1,15,,24925,50,,,1,15,,24917,50,,,1,55,,24927,50,,,1,1,,24988,11,0,58,1,3,,24989,11,0,58,1,11,,24929,50,,,1,15,,24931,50,,,1,15,,24933,50,,,1,54,,24935,50,,,1,16,,24937,50,,,1,15,,24938,50,,,1,15,,24939,50,,,1,55,,24940,50,,,1,15,,24941,50,,,1,15,,24942,50,,,1,15,,24943,50,,,1,55,,24944,50,,,1,15,,24945,50,,,1,15,,24946,50,,,1,15,,24947,50,,,1,55,,24948,50,,,1,15,,24949,50,,,1,15,,24950,50,,,1,15,,24951,50,,,1,55,,24952,50,,,1,15,,24953,50,,,1,15,,24954,50,,,1,15,,24955,50,,,1,55,,24956,50,,,1,15,,24957,50,,,1,15,,24958,50,,,1,15,,24959,50,,,1,57,,24960,50,,,1,18,,24961,50,,,1,14,,24962,50,,,1,53,,24963,50,,,1,12,,24964,50,,,1,12,,24965,50,,,1,12,,24966,50,,,1,12,,24967,50,,,1,52,,24968,50,,,1,12,,24969,50,,,1,12,,24970,50,,,1,12,,24971,50,,,1,12,,24972,50,,,1,52,,24973,50,,,1,12,,24974,50,,,1,12,,24975,50,,,1,11,,24976,50,,,1,24,,24977,50,,,1,68,,24978,50,,,1,30,,24979,50,,,1,70,,24980,50,,,1,30,,24981,50,,,1,70,,24982,50,,,1,30,,24983,50,,,1,65,,24984,50,,,1,31,,24985,50,,,1,100,,24986,50,,,1,100,,24987,50,,,1
5601,'056-Weekday-10-26-02-1111100',535,,24994,50,,,1,70,,24995,50,,,1,15,,24996,50,,,1,17,,24997,50,,,1,18,,24998,50,,,1,57,,24999,50,,,1,16,,25000,50,,,1,15,,25001,50,,,1,15,,24993,50,,,1,55,,25003,50,,,1,1,,25064,11,0,58,1,3,,25065,11,0,58,1,11,,25005,50,,,1,15,,25007,50,,,1,15,,25009,50,,,1,54,,25011,50,,,1,16,,25013,50,,,1,15,,25014,50,,,1,15,,25015,50,,,1,55,,25016,50,,,1,15,,25017,50,,,1,15,,25018,50,,,1,15,,25019,50,,,1,55,,25020,50,,,1,15,,25021,50,,,1,15,,25022,50,,,1,15,,25023,50,,,1,55,,25024,50,,,1,15,,25025,50,,,1,15,,25026,50,,,1,15,,25027,50,,,1,55,,25028,50,,,1,15,,25029,50,,,1,15,,25030,50,,,1,15,,25031,50,,,1,55,,25032,50,,,1,15,,25033,50,,,1,15,,25034,50,,,1,15,,25035,50,,,1,57,,25036,50,,,1,18,,25037,50,,,1,14,,25038,50,,,1,53,,25039,50,,,1,12,,25040,50,,,1,12,,25041,50,,,1,12,,25042,50,,,1,12,,25043,50,,,1,52,,25044,50,,,1,12,,25045,50,,,1,12,,25046,50,,,1,12,,25047,50,,,1,12,,25048,50,,,1,52,,25049,50,,,1,12,,25050,50,,,1,12,,25051,50,,,1,11,,25052,50,,,1,24,,25053,50,,,1,68,,25054,50,,,1,30,,25055,50,,,1,70,,25056,50,,,1,30,,25057,50,,,1,70,,25058,50,,,1,30,,25059,50,,,1,65,,25060,50,,,1,31,,25061,50,,,1,100,,25062,50,,,1,100,,25063,50,,,1
5601,'056-Saturday-1-26-02-0000010',558,,25638,50,,,1,70,,25593,50,,,1,30,,25639,50,,,1,70,,25594,50,,,1,30,,25640,50,,,1,70,,25595,50,,,1,15,,25596,50,,,1,15,,25641,50,,,1,57,,25597,50,,,1,19,,25598,50,,,1,17,,25599,50,,,1,55,,25642,50,,,1,15,,25600,50,,,1,15,,25601,50,,,1,15,,25602,50,,,1,55,,25643,50,,,1,15,,25603,50,,,1,15,,25604,50,,,1,15,,25605,50,,,1,55,,25644,50,,,1,15,,25606,50,,,1,15,,25607,50,,,1,15,,25608,50,,,1,55,,25645,50,,,1,15,,25609,50,,,1,15,,25610,50,,,1,15,,25611,50,,,1,55,,25646,50,,,1,15,,25612,50,,,1,15,,25613,50,,,1,15,,25614,50,,,1,55,,25647,50,,,1,15,,25615,50,,,1,15,,25616,50,,,1,15,,25617,50,,,1,55,,25648,50,,,1,15,,25626,50,,,1,15,,25627,50,,,1,15,,25628,50,,,1,55,,25649,50,,,1,13,,25629,50,,,1,12,,25630,50,,,1,14,,25631,50,,,1,55,,25650,50,,,1,15,,25632,50,,,1,15,,25633,50,,,1,15,,25634,50,,,1,55,,25651,50,,,1,15,,25635,50,,,1,15,,25636,50,,,1,20,,25637,50,,,1,60,,25623,50,,,1,20,,25618,50,,,1,20,,25652,50,,,1,60,,25624,50,,,1,20,,25619,50,,,1,20,,25653,50,,,1,60,,25625,50,,,1,20,,25620,50,,,1,20,,25654,50,,,1,70,,25655,50,,,1,30,,25621,50,,,1,70,,25656,50,,,1,30,,25622,50,,,1
65000,'650-Weekday-1-26-02-1111100',802,,61230,33,,,1,6,,61231,33,,,1
65000,'650-Weekday-9-26-02-1111100',802,,61238,33,,,1,6,,61239,33,,,1
68200,'682-Weekday-1-26-02-1111100',751,,61952,11,0,53 54,1,2,,61953,11,,,1,62,,61954,11,,,1
68200,'682-Weekday-9-26-02-1111100',751,,61967,11,0,53 54,1,2,,61968,11,,,1,62,,61969,11,,,1
70300,'703-Weekday-1-26-02-1111100',511,,64125,18,,,1,30,,64126,18,,,1,70,,64127,18,,,1,32,,64165,18,,,1,15,,64128,18,,,1,55,,64129,18,,,1,15,,64162,18,,,1,15,,64130,18,,,1,12,,64168,18,,,1,47,,64167,18,,,1,6,,64169,18,,,1,11,,64170,18,,,1,12,,64171,18,,,1,12,,64172,18,,,1,12,,64173,18,,,1,59,,64131,18,,,1,21,,64132,18,,,1,19,,64133,18,,,1,60,,64134,18,,,1,20,,64135,18,,,1,20,,64136,18,,,1,60,,64137,18,,,1,20,,64138,18,,,1,20,,64139,18,,,1,60,,64140,18,,,1,20,,64141,18,,,1,20,,64142,18,,,1,60,,64143,18,,,1,20,,64144,18,,,1,20,,64145,18,,,1,60,,64146,18,,,1,20,,64161,18,,,1,70,,64147,18,,,1,31,,64148,18,,,1,70,,64149,18,,,1,30,,64150,18,,,1,70,,64151,18,,,1,30,,64152,18,,,1,70,,64164,18,,,1,30,,64166,18,,,1,65,,64153,18,,,1,26,,64154,18,,,1,30,,64155,18,,,1,70,,64156,18,,,1,30,,64157,18,,,1,70,,64158,18,,,1,30,,64163,18,,,1,99,,64159,18,,,1,100,,64160,18,,,1
70300,'703-Weekday-10-26-02-1111100',511,,64174,18,,,1,30,,64175,18,,,1,70,,64176,18,,,1,32,,64214,18,,,1,15,,64177,18,,,1,55,,64178,18,,,1,15,,64211,18,,,1,15,,64179,18,,,1,12,,64217,18,,,1,47,,64216,18,,,1,6,,64218,18,,,1,11,,64219,18,,,1,12,,64220,18,,,1,12,,64221,18,,,1,12,,64222,18,,,1,59,,64180,18,,,1,21,,64181,18,,,1,19,,64182,18,,,1,60,,64183,18,,,1,20,,64184,18,,,1,20,,64185,18,,,1,60,,64186,18,,,1,20,,64187,18,,,1,20,,64188,18,,,1,60,,64189,18,,,1,20,,64190,18,,,1,20,,64191,18,,,1,60,,64192,18,,,1,20,,64193,18,,,1,20,,64194,18,,,1,60,,64195,18,,,1,20,,64210,18,,,1,70,,64196,18,,,1,31,,64197,18,,,1,70,,64198,18,,,1,30,,64199,18,,,1,70,,64200,18,,,1,30,,64201,18,,,1,70,,64213,18,,,1,30,,64215,18,,,1,65,,64202,18,,,1,26,,64203,18,,,1,30,,64204,18,,,1,70,,64205,18,,,1,30,,64206,18,,,1,70,,64207,18,,,1,30,,64212,18,,,1,99,,64208,18,,,1,100,,64209,18,,,1
70300,'703-Saturday-1-26-02-0000010',817,,64562,18,,,1,29,,64563,18,,,1,70,,64564,18,,,1,30,,64565,18,,,1,70,,64566,18,,,1,30,,64567,18,,,1,70,,64568,18,,,1,30,,64569,18,,,1,70,,64570,18,,,1,30,,64571,18,,,1,70,,64572,18,,,1,30,,64573,18,,,1,70,,64574,18,,,1,30,,64575,18,,,1,70,,64576,18,,,1,30,,64577,18,,,1,70,,64578,18,,,1,32,,64579,18,,,1,70,,64580,18,,,1,30,,64581,18,,,1,70,,64582,18,,,1,30,,64583,18,,,1
72400,'724-Weekday-1-26-02-1111100',547,,80403,33,,,1,70,,80404,33,,,1,33,,80405,33,,,1,70,,80406,33,,,1,30,,80402,33,,,1,70,,80407,33,,,1,30,,80408,33,,,1,667,,80409,33,,,1,30,,80410,33,,,1,70,,80411,33,,,1,30,,80412,33,,,1,70,,80413,33,,,1,30,,80414,33,,,1
72400,'724-Weekday-10-26-02-1111100',547,,80416,33,,,1,70,,80417,33,,,1,33,,80418,33,,,1,70,,80419,33,,,1,30,,80415,33,,,1,70,,80420,33,,,1,30,,80421,33,,,1,667,,80422,33,,,1,30,,80423,33,,,1,70,,80424,33,,,1,30,,80425,33,,,1,70,,80426,33,,,1,30,,80427,33,,,1
