12700,'127-Weekday-1-26-02-1111100',852,,43296,33,,,1,100,,43297,33,,,1,100,,43298,33,,,1,100,,43299,33,,,1,100,,43300,33,,,1,100,,43301,33,,,1,100,,43302,33,,,1,100,,43303,33,,,1,100,,43304,33,,,1
12700,'127-Weekday-10-26-02-1111100',852,,43305,33,,,1,100,,43306,33,,,1,100,,43307,33,,,1,100,,43308,33,,,1,100,,43309,33,,,1,100,,43310,33,,,1,100,,43311,33,,,1,100,,43312,33,,,1,100,,43313,33,,,1
12700,'127-Weekday-4-26-02-1111100',852,,43323,33,,,1,100,,43324,33,,,1,100,,43325,33,,,1,100,,43326,33,,,1,100,,43327,33,,,1,100,,43328,33,,,1,100,,43329,33,,,1,100,,43330,33,,,1,100,,43331,33,,,1
12700,'127-Weekday-5-26-02-1111100',852,,43332,33,,,1,100,,43333,33,,,1,100,,43334,33,,,1,100,,43335,33,,,1,100,,43336,33,,,1,100,,43337,33,,,1,100,,43338,33,,,1,100,,43339,33,,,1,100,,43340,33,,,1
12700,'127-Weekday-7-26-02-1111100',852,,43350,33,,,1,100,,43351,33,,,1,100,,43352,33,,,1,100,,43353,33,,,1,100,,43354,33,,,1,100,,43355,33,,,1,100,,43356,33,,,1,100,,43357,33,,,1,100,,43358,33,,,1
12700,'127-Saturday-1-26-02-0000010',851,,43377,33,,,1,100,,43378,33,,,1,100,,43379,33,,,1,100,,43380,33,,,1,100,,43381,33,,,1,100,,43382,33,,,1,100,,43383,33,,,1,100,,43384,33,,,1,100,,43385,33,,,1
12701,'127-Weekday-1-26-02-1111100',819,,43403,16,,,1,100,,43396,16,,,1,100,,43397,16,,,1,100,,43398,16,,,1,100,,43399,16,,,1,100,,43400,16,,,1,100,,43401,16,,,1,100,,43402,16,,,1,100,,43404,16,,,1,100,,43405,16,,,1
12701,'127-Weekday-10-26-02-1111100',819,,43413,16,,,1,100,,43406,16,,,1,100,,43407,16,,,1,100,,43408,16,,,1,100,,43409,16,,,1,100,,43410,16,,,1,100,,43411,16,,,1,100,,43412,16,,,1,100,,43414,16,,,1,100,,43415,16,,,1
12701,'127-Weekday-4-26-02-1111100',819,,43433,16,,,1,100,,43426,16,,,1,100,,43427,16,,,1,100,,43428,16,,,1,100,,43429,16,,,1,100,,43430,16,,,1,100,,43431,16,,,1,100,,43432,16,,,1,100,,43434,16,,,1,100,,43435,16,,,1
12701,'127-Weekday-5-26-02-1111100',819,,43443,16,,,1,100,,43436,16,,,1,100,,43437,16,,,1,100,,43438,16,,,1,100,,43439,16,,,1,100,,43440,16,,,1,100,,43441,16,,,1,100,,43442,16,,,1,100,,43444,16,,,1,100,,43445,16,,,1
12701,'127-Weekday-7-26-02-1111100',819,,43463,16,,,1,100,,43456,16,,,1,100,,43457,16,,,1,100,,43458,16,,,1,100,,43459,16,,,1,100,,43460,16,,,1,100,,43461,16,,,1,100,,43462,16,,,1,100,,43464,16,,,1,100,,43465,16,,,1
12701,'127-Saturday-1-26-02-0000010',918,,43486,16,,,1,100,,43487,16,,,1,100,,43488,16,,,1,100,,43489,16,,,1,100,,43490,16,,,1,100,,43491,16,,,1,100,,43492,16,,,1,100,,43493,16,,,1,100,,43494,16,,,1
12701,'127-Sunday-1-26-02-0000001',823,,43495,10,,,1,100,,43496,10,,,1,100,,43497,10,,,1,100,,43498,10,,,1,100,,43499,10,,,1,100,,43500,10,,,1,100,,43501,10,,,1,100,,43502,10,,,1,100,,43503,10,,,1,100,,43504,10,,,1
