10100,'101-Weekday-1-26-02-1111100',506,,25709,5,,,1,30,,25710,5,,,1,70,,25711,5,,,1,30,,25712,5,,,1,70,,25713,5,,,1,30,,25714,5,,,1,70,,25715,5,,,1,30,,25716,5,,,1,70,,25717,5,,,1,30,,25718,5,,,1,70,,25719,5,,,1,30,,25720,5,,,1,70,,25721,5,,,1,30,,25722,5,,,1,70,,25723,5,,,1,30,,25724,5,,,1,70,,25725,5,,,1,30,,25726,5,,,1,70,,25727,5,,,1,30,,25728,5,,,1,20,,25729,5,,,1,60,,25730,5,,,1,20,,25731,5,,,1,20,,25732,5,,,1,60,,25733,5,,,1,20,,25734,5,,,1,20,,25735,5,,,1,60,,25736,5,,,1,20,,25737,5,,,1,70,,25738,5,,,1,30,,25739,5,,,1,70,,25740,5,,,1,30,,25741,5,,,1,70,,25742,5,,,1,30,,25743,5,,,1,70,,25744,5,,,1,30,,25745,5,,,1,81,,25746,5,,,1,100,,25747,5,,,1,100,,25748,5,,,1
10100,'101-Weekday-10-26-02-1111100',506,,25749,5,,,1,30,,25750,5,,,1,70,,25751,5,,,1,30,,25752,5,,,1,70,,25753,5,,,1,30,,25754,5,,,1,70,,25755,5,,,1,30,,25756,5,,,1,70,,25757,5,,,1,30,,25758,5,,,1,70,,25759,5,,,1,30,,25760,5,,,1,70,,25761,5,,,1,30,,25762,5,,,1,70,,25763,5,,,1,30,,25764,5,,,1,70,,25765,5,,,1,30,,25766,5,,,1,70,,25767,5,,,1,30,,25768,5,,,1,20,,25769,5,,,1,60,,25770,5,,,1,20,,25771,5,,,1,20,,25772,5,,,1,60,,25773,5,,,1,20,,25774,5,,,1,20,,25775,5,,,1,60,,25776,5,,,1,20,,25777,5,,,1,70,,25778,5,,,1,30,,25779,5,,,1,70,,25780,5,,,1,30,,25781,5,,,1,70,,25782,5,,,1,30,,25783,5,,,1,70,,25784,5,,,1,30,,25785,5,,,1,81,,25786,5,,,1,100,,25787,5,,,1,100,,25788,5,,,1
10100,'101-Weekday-11-26-02-1111100',506,,111385,5,,,1,30,,111386,5,,,1,70,,111387,5,,,1,30,,111388,5,,,1,70,,111389,5,,,1,30,,111390,5,,,1,70,,111391,5,,,1,30,,111392,5,,,1,70,,111393,5,,,1,30,,111394,5,,,1,70,,111395,5,,,1,30,,111396,5,,,1,70,,111397,5,,,1,30,,111398,5,,,1,70,,111399,5,,,1,30,,111400,5,,,1,70,,111401,5,,,1,30,,111402,5,,,1,70,,111403,5,,,1,30,,111404,5,,,1,20,,111405,5,,,1,60,,111406,5,,,1,20,,111407,5,,,1,20,,111408,5,,,1,60,,111409,5,,,1,20,,111410,5,,,1,20,,111411,5,,,1,60,,111412,5,,,1,20,,111413,5,,,1,70,,111414,5,,,1,30,,111415,5,,,1,70,,111416,5,,,1,30,,111417,5,,,1,70,,111418,5,,,1,30,,111419,5,,,1,70,,111420,5,,,1,30,,111421,5,,,1,81,,111422,5,,,1,100,,111423,5,,,1,100,,111424,5,,,1
10100,'101-Saturday-1-26-02-0000010',559,,26069,5,,,1,100,,26070,5,,,1,145,,26071,5,,,1,32,,26072,5,,,1,71,,26073,5,,,1,30,,26074,5,,,1,70,,26075,5,,,1,30,,26076,5,,,1,70,,26077,5,,,1,30,,26078,5,,,1,70,,26079,5,,,1,30,,26080,5,,,1,70,,26081,5,,,1,30,,26082,5,,,1,70,,26083,5,,,1,30,,26084,5,,,1,70,,26085,5,,,1,30,,26086,5,,,1,70,,26087,5,,,1,30,,26088,5,,,1,70,,26089,5,,,1,30,,26090,5,,,1,70,,26091,5,,,1,30,,26092,5,,,1,70,,26093,5,,,1,30,,26094,5,,,1,100,,26095,5,,,1,100,,26096,5,,,1,100,,26097,5,,,1,100,,26098,5,,,1
10100,'101-Sunday-2-26-02-0000001',557,,111425,5,,,1,100,,111426,5,,,1,100,,111427,5,,,1,99,,111428,5,,,1,100,,111429,5,,,1,76,,111430,5,,,1,70,,111431,5,,,1,30,,111432,5,,,1,70,,111433,5,,,1,30,,111434,5,,,1,70,,111435,5,,,1,30,,111436,5,,,1,70,,111437,5,,,1,30,,111438,5,,,1,70,,111439,5,,,1,30,,111440,5,,,1,70,,111441,5,,,1,30,,111442,5,,,1,70,,111443,5,,,1,30,,111448,5,,,1,70,,111449,5,,,1,30,,111450,5,,,1,70,,111447,5,,,1,30,,111444,5,,,1,100,,111445,5,,,1,100,,111446,5,,,1,100,,111451,5,,,1,100,,111452,5,,,1
11100,'111-Weekday-1-26-02-1111100',959,,33977,55,,,1,100,,33978,55,,,1,100,,33979,55,,,1,100,,33980,55,,,1,100,,33981,55,,,1,100,,33982,55,,,1
11100,'111-Weekday-10-26-02-1111100',959,,33984,55,,,1,100,,33985,55,,,1,100,,33986,55,,,1,100,,33987,55,,,1,100,,33988,55,,,1,100,,33989,55,,,1
11100,'111-Weekday-11-26-02-1111100',959,,112628,55,,,1,100,,112629,55,,,1,100,,112630,55,,,1,100,,112631,55,,,1,100,,112632,55,,,1,100,,112633,55,,,1
62200,'622-Weekday-1-26-02-1111100',726,,60650,2,,,1,20,,60651,2,,,1,60,,60652,2,,,1,20,,60653,2,,,1,20,,60654,2,,,1,60,,60655,2,,,1,20,,60656,2,,,1,587,,60657,2,,,1,20,,60658,2,,,1,20,,60659,2,,,1,60,,60660,2,,,1,20,,60661,2,,,1,20,,60662,2,,,1
62200,'622-Weekday-10-26-02-1111100',726,,60663,2,,,1,20,,60664,2,,,1,60,,60665,2,,,1,20,,60666,2,,,1,20,,60667,2,,,1,60,,60668,2,,,1,20,,60669,2,,,1,587,,60670,2,,,1,20,,60671,2,,,1,20,,60672,2,,,1,60,,60673,2,,,1,20,,60674,2,,,1,20,,60675,2,,,1
62200,'622-Weekday-11-26-02-1111100',726,,116706,2,,,1,20,,116707,2,,,1,60,,116708,2,,,1,20,,116709,2,,,1,20,,116710,2,,,1,60,,116711,2,,,1,20,,116712,2,,,1,587,,116713,2,,,1,20,,116714,2,,,1,20,,116715,2,,,1,60,,116716,2,,,1,20,,116717,2,,,1,20,,116718,2,,,1
