71600,'716-Weekday-1-26-06-1111100',538,,180574,15,,,1,70,,180575,15,,,1,31,,180576,15,,,1,61,,180577,15,,,1,20,,180578,15,,,1,20,,180579,15,,,1,60,,180607,15,,,1,20,,180580,15,,,1,24,,180610,15,,,1,65,,180611,15,,,1,25,,180581,15,,,1,70,,180582,15,,,1,30,,180583,15,,,1,70,,180584,15,,,1,30,,180585,15,,,1,70,,180586,15,,,1,30,,180587,15,,,1,70,,180588,15,,,1,30,,180589,15,,,1,70,,180590,15,,,1,30,,180591,15,,,1,71,,180592,15,,,1,33,,180593,15,,,1,70,,180594,15,,,1,30,,180595,15,,,1,70,,180608,15,,,1,28,,180609,15,,,1,68,,180596,15,,,1,29,,180597,15,,,1,67,,180598,15,,,1,30,,180599,15,,,1,70,,180600,15,,,1,30,,180601,15,,,1,70,,180602,15,,,1,30,,180603,15,,,1,99,,180604,15,,,1,100,,180605,15,,,1,100,,180606,15,,,1
71600,'716-Weekday-2-26-06-1111100',538,,198819,15,,,1,70,,198820,15,,,1,31,,198821,15,,,1,61,,198822,15,,,1,20,,198823,15,,,1,20,,198824,15,,,1,60,,198852,15,,,1,20,,198825,15,,,1,24,,198855,15,,,1,65,,198856,15,,,1,25,,198826,15,,,1,70,,198827,15,,,1,30,,198828,15,,,1,70,,198829,15,,,1,30,,198830,15,,,1,70,,198831,15,,,1,30,,198832,15,,,1,70,,198833,15,,,1,30,,198834,15,,,1,70,,198835,15,,,1,30,,198836,15,,,1,71,,198837,15,,,1,33,,198838,15,,,1,70,,198839,15,,,1,30,,198840,15,,,1,70,,198853,15,,,1,28,,198854,15,,,1,68,,198841,15,,,1,29,,198842,15,,,1,67,,198843,15,,,1,30,,198844,15,,,1,70,,198845,15,,,1,30,,198846,15,,,1,70,,198847,15,,,1,30,,198848,15,,,1,99,,198849,15,,,1,100,,198850,15,,,1,100,,198851,15,,,1
71600,'716-Saturday-1-26-06-0000010',630,,180612,15,,,1,100,,180613,15,,,1,100,,180614,15,,,1,70,,180615,15,,,1,30,,180616,15,,,1,70,,180617,15,,,1,30,,180618,15,,,1,70,,180619,15,,,1,30,,180620,15,,,1,70,,180621,15,,,1,30,,180622,15,,,1,70,,180623,15,,,1,30,,180624,15,,,1,70,,180625,15,,,1,30,,180626,15,,,1,70,,180627,15,,,1,30,,180628,15,,,1,70,,180629,15,,,1,30,,180630,15,,,1,71,,180631,15,,,1,29,,180632,15,,,1,70,,180633,15,,,1,30,,180634,15,,,1,70,,180635,15,,,1,30,,180636,15,,,1,100,,180637,15,,,1,100,,180638,15,,,1,100,,180639,15,,,1,100,,180640,15,,,1,100,,180641,15,,,1
71600,'716-Sunday-1-26-06-0000001',625,,180642,15,,,1,100,,180643,15,,,1,100,,180644,15,,,1,100,,180645,15,,,1,100,,180646,15,,,1,30,,180647,15,,,1,70,,180648,15,,,1,30,,180649,15,,,1,70,,180650,15,,,1,30,,180651,15,,,1,70,,180652,15,,,1,30,,180653,15,,,1,70,,180654,15,,,1,30,,180655,15,,,1,70,,180656,15,,,1,30,,180657,15,,,1,70,,180658,15,,,1,33,,180659,15,,,1,69,,180660,15,,,1,30,,180661,15,,,1,70,,180662,15,,,1,30,,180663,15,,,1,70,,180664,15,,,1,100,,180665,15,,,1,100,,180666,15,,,1,100,,180667,15,,,1,100,,180668,15,,,1
71600,'716-Sunday-3-26-06-0000001',625,,198857,15,,,1,100,,198858,15,,,1,100,,198859,15,,,1,100,,198860,15,,,1,100,,198861,15,,,1,30,,198862,15,,,1,70,,198863,15,,,1,30,,198864,15,,,1,70,,198865,15,,,1,30,,198866,15,,,1,70,,198867,15,,,1,30,,198868,15,,,1,70,,198869,15,,,1,30,,198870,15,,,1,70,,198871,15,,,1,30,,198872,15,,,1,70,,198873,15,,,1,33,,198874,15,,,1,69,,198875,15,,,1,30,,198876,15,,,1,70,,198877,15,,,1,30,,198878,15,,,1,70,,198879,15,,,1,100,,198880,15,,,1,100,,198881,15,,,1,100,,198882,15,,,1,100,,198883,15,,,1
71700,'717-Weekday-1-26-06-1111100',521,,180822,26,,,1,30,,180823,26,,,1,70,,180857,26,,,1,22,,180824,26,,,1,63,,180825,26,,,1,20,,180826,26,,,1,20,,180827,26,,,1,60,,180828,26,,,1,20,,180829,26,,,1,20,,180830,26,,,1,70,,180831,26,,,1,31,,180832,26,,,1,70,,180833,26,,,1,30,,180834,26,,,1,70,,180835,26,,,1,30,,180836,26,,,1,70,,180837,26,,,1,30,,180838,26,,,1,70,,180839,26,,,1,30,,180840,26,,,1,70,,180841,26,,,1,30,,180842,26,,,1,72,,180843,26,,,1,32,,180844,26,,,1,70,,180845,26,,,1,30,,180846,26,,,1,70,,180847,26,,,1,30,,180848,26,,,1,70,,180849,26,,,1,26,,180850,26,,,1,66,,180851,26,,,1,30,,180852,26,,,1,70,,180853,26,,,1,30,,180854,26,,,1,70,,180855,26,,,1,30,,180856,26,,,1
71700,'717-Weekday-2-26-06-1111100',521,,198950,26,,,1,30,,198951,26,,,1,70,,198985,26,,,1,22,,198952,26,,,1,63,,198953,26,,,1,20,,198954,26,,,1,20,,198955,26,,,1,60,,198956,26,,,1,20,,198957,26,,,1,20,,198958,26,,,1,70,,198959,26,,,1,31,,198960,26,,,1,70,,198961,26,,,1,30,,198962,26,,,1,70,,198963,26,,,1,30,,198964,26,,,1,70,,198965,26,,,1,30,,198966,26,,,1,70,,198967,26,,,1,30,,198968,26,,,1,70,,198969,26,,,1,30,,198970,26,,,1,72,,198971,26,,,1,32,,198972,26,,,1,70,,198973,26,,,1,30,,198974,26,,,1,70,,198975,26,,,1,30,,198976,26,,,1,70,,198977,26,,,1,26,,198978,26,,,1,66,,198979,26,,,1,30,,198980,26,,,1,70,,198981,26,,,1,30,,198982,26,,,1,70,,198983,26,,,1,30,,198984,26,,,1
71700,'717-Saturday-1-26-06-0000010',847,,180858,26,,,1,69,,180859,26,,,1,30,,180860,26,,,1,70,,180861,26,,,1,30,,180862,26,,,1,70,,180863,26,,,1,30,,180864,26,,,1,70,,180865,26,,,1,30,,180866,26,,,1,70,,180867,26,,,1,30,,180868,26,,,1,70,,180869,26,,,1,30,,180870,26,,,1,70,,180871,26,,,1,30,,180872,26,,,1,70,,180873,26,,,1,30,,180874,26,,,1,72,,180875,26,,,1,30,,180876,26,,,1,70,,180877,26,,,1,30,,180878,26,,,1,70,,180879,26,,,1
71700,'717-Sunday-1-26-06-0000001',1047,,180880,26,,,1,70,,180881,26,,,1,30,,180882,26,,,1,70,,180883,26,,,1,30,,180884,26,,,1,70,,180885,26,,,1,30,,180886,26,,,1,70,,180887,26,,,1,30,,180888,26,,,1,70,,180889,26,,,1,30,,180891,26,,,1,70,,180892,26,,,1,30,,180893,26,,,1,72,,180890,26,,,1,31,,180894,26,,,1,70,,180895,26,,,1,30,,180896,26,,,1,70,,180897,26,,,1
71700,'717-Sunday-2-26-06-0000001',1047,,198986,26,,,1,70,,198987,26,,,1,30,,198988,26,,,1,70,,198989,26,,,1,30,,198990,26,,,1,70,,198991,26,,,1,30,,198992,26,,,1,70,,198993,26,,,1,30,,198994,26,,,1,70,,198995,26,,,1,30,,198997,26,,,1,70,,198998,26,,,1,30,,198999,26,,,1,72,,198996,26,,,1,31,,199000,26,,,1,70,,199001,26,,,1,30,,199002,26,,,1,70,,199003,26,,,1
