50800,'508-Weekday-1-26-04-1111100',545,,126342,22,,,1,70,,126343,22,,,1,34,,126347,22,,,1,70,,126369,22,,,1,25,,126344,22,,,1,60,,126366,22,,,1,20,,126345,22,,,1,20,,126346,22,,,1,57,,126377,22,,,1,30,,126348,22,,,1,70,,126349,22,,,1,30,,126350,22,,,1,70,,126351,22,,,1,30,,126352,22,,,1,70,,126353,22,,,1,30,,126354,22,,,1,70,,126355,22,,,1,30,,126356,22,,,1,70,,126357,22,,,1,30,,126358,22,,,1,70,,126359,22,,,1,30,,126360,22,,,1,20,,126367,22,,,1,60,,126361,22,,,1,20,,126362,22,,,1,20,,126363,22,,,1,60,,126364,22,,,1,20,,126365,22,,,1,20,,126379,22,,,1,70,,126378,22,,,1,24,,126370,22,,,1,70,,126371,22,,,1,30,,126372,22,,,1,70,,126373,22,,,1,31,,126374,22,,,1,70,,126375,22,,,1,30,,126376,22,,,1,69,,126368,22,,,1
50800,'508-Weekday-2-26-04-1111100',545,,126380,22,,,1,70,,126381,22,,,1,34,,126385,22,,,1,70,,126407,22,,,1,25,,126382,22,,,1,60,,126404,22,,,1,20,,126383,22,,,1,20,,126384,22,,,1,57,,126415,22,,,1,30,,126386,22,,,1,70,,126387,22,,,1,30,,126388,22,,,1,70,,126389,22,,,1,30,,126390,22,,,1,70,,126391,22,,,1,30,,126392,22,,,1,70,,126393,22,,,1,30,,126394,22,,,1,70,,126395,22,,,1,30,,126396,22,,,1,70,,126397,22,,,1,30,,126398,22,,,1,20,,126405,22,,,1,60,,126399,22,,,1,20,,126400,22,,,1,20,,126401,22,,,1,60,,126402,22,,,1,20,,126403,22,,,1,20,,126417,22,,,1,70,,126416,22,,,1,24,,126408,22,,,1,70,,126409,22,,,1,30,,126410,22,,,1,70,,126411,22,,,1,31,,126412,22,,,1,70,,126413,22,,,1,30,,126414,22,,,1,69,,126406,22,,,1
50800,'508-Weekday-3-26-04-1111100',545,,126418,22,,,1,70,,126419,22,,,1,34,,126423,22,,,1,70,,126445,22,,,1,25,,126420,22,,,1,60,,126442,22,,,1,20,,126421,22,,,1,20,,126422,22,,,1,57,,126453,22,,,1,30,,126424,22,,,1,70,,126425,22,,,1,30,,126426,22,,,1,70,,126427,22,,,1,30,,126428,22,,,1,70,,126429,22,,,1,30,,126430,22,,,1,70,,126431,22,,,1,30,,126432,22,,,1,70,,126433,22,,,1,30,,126434,22,,,1,70,,126435,22,,,1,30,,126436,22,,,1,20,,126443,22,,,1,60,,126437,22,,,1,20,,126438,22,,,1,20,,126439,22,,,1,60,,126440,22,,,1,20,,126441,22,,,1,20,,126455,22,,,1,70,,126454,22,,,1,24,,126446,22,,,1,70,,126447,22,,,1,30,,126448,22,,,1,70,,126449,22,,,1,31,,126450,22,,,1,70,,126451,22,,,1,30,,126452,22,,,1,69,,126444,22,,,1
50800,'508-Saturday-1-26-04-0000010',650,,126456,22,,,1,100,,126457,22,,,1,100,,126458,22,,,1,70,,126459,22,,,1,30,,126460,22,,,1,70,,126461,22,,,1,30,,126462,22,,,1,70,,126463,22,,,1,30,,126464,22,,,1,70,,126465,22,,,1,30,,126466,22,,,1,70,,126467,22,,,1,30,,126468,22,,,1,70,,126469,22,,,1,30,,126470,22,,,1,70,,126471,22,,,1,30,,126472,22,,,1,70,,126473,22,,,1,30,,126474,22,,,1,70,,126475,22,,,1,30,,126476,22,,,1,70,,126477,22,,,1,30,,126478,22,,,1,70,,126479,22,,,1
50800,'508-Sunday-1-26-04-0000001',1052,,126480,22,,,1,70,,126481,22,,,1,30,,126482,22,,,1,70,,126483,22,,,1,30,,126484,22,,,1,70,,126485,22,,,1,30,,126486,22,,,1,70,,126487,22,,,1,30,,126488,22,,,1,70,,126489,22,,,1,30,,126490,22,,,1,70,,126491,22,,,1,30,,126492,22,,,1,70,,126493,22,,,1,30,,126494,22,,,1,70,,126495,22,,,1,30,,126496,22,,,1
63000,'630-Weekday-1-26-04-1111100',739,,131755,18,,,1
63000,'630-Weekday-2-26-04-1111100',739,,131756,18,,,1
63000,'630-Weekday-3-26-04-1111100',739,,131757,18,,,1
63500,'635-Weekday-1-26-04-0000100',927,,131813,18,,,1
63500,'635-Weekday-1-26-04-1111000',757,,131814,18,,,1
63500,'635-Weekday-2-26-04-0000100',927,,131815,18,,,1
64400,'644-Weekday-1-26-04-1111100',1544,,131861,21,,,1
64400,'644-Weekday-2-26-04-1111100',1544,,131862,21,,,1
