10300,'103-Weekday-7-26-04-1111100',547,,153155,28,,,1,70,,153156,28,,,1,33,,153157,28,,,1,71,,153158,28,,,1,30,,153159,28,,,1,70,,153160,28,,,1,25,,153203,28,,,1,58,,153161,31,,,1,19,,153162,31,,,1,20,,153163,31,,,1,60,,153164,31,,,1,20,,153165,31,,,1,20,,153166,31,,,1,60,,153167,31,,,1,20,,153168,31,,,1,20,,153169,31,,,1,60,,153170,31,,,1,20,,153171,31,,,1,20,,153172,31,,,1,60,,153173,31,,,1,20,,153174,31,,,1,20,,153175,31,,,1,60,,153176,31,,,1,20,,153177,31,,,1,20,,153178,31,,,1,60,,153179,31,,,1,22,,153204,31,,,1,14,,153205,31,0,15 16,1,15,,153192,31,,,1,55,,153184,31,0,15 16,1,15,,153187,31,,,1,15,,153183,31,0,15 16,1,15,,153188,31,,,1,55,,153182,31,0,15 16,1,15,,153189,31,,,1,15,,153181,31,0,15 16,1,15,,153190,31,,,1,55,,153180,31,0,15 16,1,28,,153186,31,,,1,65,,153185,31,,,1,25,,153193,31,,,1,30,,153194,31,,,1,70,,153195,31,,,1,30,,153196,31,,,1,70,,153197,31,,,1,30,,153198,31,,,1,67,,153199,31,,,1,30,,153200,31,,,1,70,,153201,31,,,1,30,,153202,31,,,1,70,,153191,31,,,1
10300,'103-Saturday-1-26-04-0000010',639,,118348,31,,,1,70,,118349,31,,,1,30,,118350,31,,,1,70,,118351,31,,,1,30,,118352,31,,,1,71,,118353,31,,,1,34,,118354,31,,,1,73,,118355,31,,,1,30,,118356,31,,,1,70,,118357,31,,,1,30,,118358,31,,,1,70,,118359,31,,,1,30,,118360,31,,,1,70,,118361,31,,,1,30,,118362,31,,,1,70,,118363,31,,,1,30,,118364,31,,,1,70,,118365,31,,,1,30,,118366,31,,,1,70,,118367,31,,,1,30,,118368,31,,,1,69,,118369,31,,,1,28,,118370,31,,,1,69,,118371,31,,,1,30,,118372,31,,,1,70,,118373,31,,,1,30,,118374,31,,,1,70,,118375,31,,,1,30,,118376,31,,,1,70,,118377,31,,,1,30,,118378,31,,,1,70,,118379,31,,,1,30,,118380,31,,,1,70,,118381,31,,,1,30,,118382,31,,,1,70,,118383,31,,,1,30,,118384,31,,,1
12400,'124-Weekday-7-26-04-1111100',550,,154681,23,,,1,70,,154684,23,,,1,32,,154648,23,,,1,55,,154649,23,,,1,15,,154650,23,,,1,15,,154651,23,,,1,15,,154652,23,,,1,55,,154653,23,,,1,15,,154654,23,,,1,15,,154655,23,,,1,15,,154675,23,,,1,70,,154676,23,,,1,30,,154677,23,,,1,70,,154656,23,,,1,30,,154657,23,,,1,70,,154658,23,,,1,30,,154659,23,,,1,70,,154660,23,,,1,30,,154661,23,,,1,70,,154662,23,,,1,30,,154680,23,,,1,70,,154682,23,,,1,30,,154683,23,,,1,73,,154678,23,,,1,8,,154644,23,,,1,7,,154663,23,,,1,15,,154664,23,,,1,55,,154665,23,,,1,15,,154666,23,,,1,15,,154667,23,,,1,15,,154668,23,,,1,55,,154669,23,,,1,15,,154670,23,,,1,15,,154671,23,,,1,15,,154679,23,,,1,70,,154674,23,,,1,27,,154685,23,,,1,70,,154686,23,,,1,30,,154645,23,,,1,70,,154646,23,,,1,30,,154647,23,,,1,70,,154672,23,,,1,30,,154673,23,,,1
12400,'124-Saturday-1-26-04-0000010',800,,124486,23,,,1,30,,124487,23,,,1,71,,124488,23,,,1,30,,124489,23,,,1,70,,124490,23,,,1,30,,124491,23,,,1,70,,124492,23,,,1,30,,124493,23,,,1,70,,124494,23,,,1,30,,124495,23,,,1,70,,124496,23,,,1,30,,124497,23,,,1,70,,124498,23,,,1,30,,124499,23,,,1,70,,124500,23,,,1,30,,124501,23,,,1,70,,124502,23,,,1,30,,124503,23,,,1,70,,124504,23,,,1,30,,124505,23,,,1,70,,124506,23,,,1,30,,124507,23,,,1,70,,124508,23,,,1
61800,'618-Weekday-7-26-04-0001000',1234,,156434,4,,,1
61800,'618-Weekday-7-26-04-1110100',1525,,156435,4,,,1
62500,'625-Weekday-7-26-04-0001000',1233,,156453,17,,,1
62500,'625-Weekday-7-26-04-1110100',1533,,156454,17,,,1
68300,'683-Weekday-7-26-04-0001000',1303,,156692,5,,,1,4,,156693,5,,,1
68300,'683-Weekday-7-26-04-1110100',1601,,156694,5,,,1,4,,156695,5,,,1
68300,'683-Weekday-7-26-04-1111100',1533,,156696,5,,,1,6,,156697,5,,,1
24014000,'140X-Weekday-7-26-04-1111100',1518,,160777,15,,,1,20,,160778,15,,,1,20,,160779,15,,,1,60,,160780,15,,,1,20,,160781,15,,,1,20,,160782,15,,,1,60,,160783,15,,,1,20,,160784,15,,,1,20,,160785,15,,,1
