91701,'917-Weekday-1-26-02-1110100',1648,,94040,37,,,1
91701,'917-Weekday-1-26-02-1111100',519,,94041,37,,,1,30,,94042,37,,,1,70,,94083,37,,,1,20,,94085,37,,,1,61,,94084,37,,,1,20,,94043,37,,,1,20,,94078,37,,,1,60,,94044,37,,,1,20,,94045,37,,,1,20,,94079,37,,,1,60,,94046,37,,,1,21,,94047,37,,,1,30,,94048,37,,,1,70,,94049,37,,,1,30,,94050,37,,,1,70,,94051,37,,,1,30,,94052,37,,,1,70,,94053,37,,,1,30,,94054,37,,,1,70,,94055,37,,,1,30,,94056,37,,,1,70,,94057,37,,,1,30,,94058,37,,,1,74,,94059,37,,,1,31,,94082,37,,,1,55,,94060,37,,,1,15,,94061,37,,,1,15,,94062,37,,,1,15,,94080,37,,,1,55,,94063,37,,,1,15,,94064,37,,,1,15,,94065,37,,,1,15,,94081,37,,,1,55,,94066,37,,,1,15,,94067,37,,,1,26,,94068,37,,,1,69,,94069,37,,,1,30,,94070,37,,,1,70,,94071,37,,,1,30,,94072,37,,,1,70,,94073,37,,,1,30,,94074,37,,,1,68,,94075,37,,,1,100,,94076,37,,,1,100,,94077,37,,,1
91701,'917-Weekday-10-26-02-0001000',1518,,94086,37,,,1
91701,'917-Weekday-10-26-02-1111100',519,,94087,37,,,1,30,,94088,37,,,1,70,,94129,37,,,1,20,,94131,37,,,1,61,,94130,37,,,1,20,,94089,37,,,1,20,,94124,37,,,1,60,,94090,37,,,1,20,,94091,37,,,1,20,,94125,37,,,1,60,,94092,37,,,1,21,,94093,37,,,1,30,,94094,37,,,1,70,,94095,37,,,1,30,,94096,37,,,1,70,,94097,37,,,1,30,,94098,37,,,1,70,,94099,37,,,1,30,,94100,37,,,1,70,,94101,37,,,1,30,,94102,37,,,1,70,,94103,37,,,1,30,,94104,37,,,1,74,,94105,37,,,1,31,,94128,37,,,1,55,,94106,37,,,1,15,,94107,37,,,1,15,,94108,37,,,1,15,,94126,37,,,1,55,,94109,37,,,1,15,,94110,37,,,1,15,,94111,37,,,1,15,,94127,37,,,1,55,,94112,37,,,1,15,,94113,37,,,1,26,,94114,37,,,1,69,,94115,37,,,1,30,,94116,37,,,1,70,,94117,37,,,1,30,,94118,37,,,1,70,,94119,37,,,1,30,,94120,37,,,1,68,,94121,37,,,1,100,,94122,37,,,1,100,,94123,37,,,1
91701,'917-Saturday-1-26-02-0000010',643,,94452,37,,,1,100,,94453,37,,,1,70,,94480,37,,,1,30,,94481,37,,,1,72,,94454,37,,,1,31,,94455,37,,,1,70,,94456,37,,,1,30,,94457,37,,,1,70,,94458,37,,,1,30,,94459,37,,,1,70,,94460,37,,,1,30,,94461,37,,,1,70,,94462,37,,,1,30,,94463,37,,,1,70,,94464,37,,,1,30,,94465,37,,,1,70,,94466,37,,,1,30,,94467,37,,,1,70,,94468,37,,,1,30,,94469,37,,,1,70,,94470,37,,,1,30,,94471,37,,,1,70,,94472,37,,,1,30,,94473,37,,,1,70,,94474,37,,,1,100,,94475,37,,,1,100,,94476,37,,,1,100,,94477,37,,,1,100,,94478,37,,,1,100,,94479,37,,,1
92600,'926-Weekday-1-26-02-1111100',637,,100289,59,0,5 6,1,63,,100290,59,0,5 6,1,23,,100291,59,0,5 6,1,20,,100292,59,0,5 6,1,60,,100293,59,0,5 6,1,20,,100294,59,0,5 6,1,20,,100295,59,0,5 6,1,59,,100296,59,0,5 6,1,18,,100297,59,0,5 6,1,16,,100298,59,0,5 6,1,70,,100299,59,0,5 6,1,30,,100300,59,0,5 6,1,70,,100301,59,0,5 6,1,30,,100302,59,0,5 6,1,70,,100303,59,0,5 6,1,30,,100304,59,0,5 6,1,70,,100305,59,0,5 6,1,30,,100306,59,0,5 6,1,70,,100307,59,0,5 6,1,30,,100308,59,0,5 6,1,71,,100309,59,0,5 6,1,23,,100310,59,0,5 6,1,25,,100311,59,0,5 6,1,60,,100312,59,0,5 6,1,20,,100313,59,0,5 6,1,20,,100314,59,0,5 6,1,60,,100315,59,0,5 6,1,20,,100316,59,0,5 6,1,20,,100317,59,0,5 6,1,60,,100318,59,0,5 6,1,19,,100319,59,0,5 6,1,18,,100320,59,0,5 6,1,57,,100321,59,0,5 6,1,30,,100322,59,0,5 6,1,70,,100323,59,0,5 6,1,30,,100324,59,0,5 6,1,70,,100325,59,0,5 6,1,30,,100326,59,0,5 6,1,70,,100327,59,0,5 6,1,29,,100328,59,0,5 6,1
92600,'926-Weekday-10-26-02-1111100',637,,100329,59,0,5 6,1,63,,100330,59,0,5 6,1,23,,100331,59,0,5 6,1,20,,100332,59,0,5 6,1,60,,100333,59,0,5 6,1,20,,100334,59,0,5 6,1,20,,100335,59,0,5 6,1,59,,100336,59,0,5 6,1,18,,100337,59,0,5 6,1,16,,100338,59,0,5 6,1,70,,100339,59,0,5 6,1,30,,100340,59,0,5 6,1,70,,100341,59,0,5 6,1,30,,100342,59,0,5 6,1,70,,100343,59,0,5 6,1,30,,100344,59,0,5 6,1,70,,100345,59,0,5 6,1,30,,100346,59,0,5 6,1,70,,100347,59,0,5 6,1,30,,100348,59,0,5 6,1,71,,100349,59,0,5 6,1,23,,100350,59,0,5 6,1,25,,100351,59,0,5 6,1,60,,100352,59,0,5 6,1,20,,100353,59,0,5 6,1,20,,100354,59,0,5 6,1,60,,100355,59,0,5 6,1,20,,100356,59,0,5 6,1,20,,100357,59,0,5 6,1,60,,100358,59,0,5 6,1,19,,100359,59,0,5 6,1,18,,100360,59,0,5 6,1,57,,100361,59,0,5 6,1,30,,100362,59,0,5 6,1,70,,100363,59,0,5 6,1,30,,100364,59,0,5 6,1,70,,100365,59,0,5 6,1,30,,100366,59,0,5 6,1,70,,100367,59,0,5 6,1,29,,100368,59,0,5 6,1
92600,'926-Saturday-1-26-02-0000010',833,,100649,59,0,5 6,1,70,,100650,59,0,5 6,1,32,,100651,59,0,5 6,1,70,,100652,59,0,5 6,1,30,,100653,59,0,5 6,1,70,,100654,59,0,5 6,1,30,,100655,59,0,5 6,1,70,,100656,59,0,5 6,1,30,,100657,59,0,5 6,1,70,,100658,59,0,5 6,1,30,,100659,59,0,5 6,1,70,,100660,59,0,5 6,1,30,,100661,59,0,5 6,1,70,,100662,59,0,5 6,1,30,,100663,59,0,5 6,1,70,,100664,59,0,5 6,1,30,,100665,59,0,5 6,1,70,,100666,59,0,5 6,1,28,,100667,59,0,5 6,1,70,,100668,59,0,5 6,1,30,,100669,59,0,5 6,1,70,,100670,59,0,5 6,1,30,,100671,59,0,5 6,1
24093000,'930X-Weekday-1-26-02-1111100',613,,106954,27,,,1,30,,106955,27,,,1,15,,106956,27,,,1,55,,106959,27,,,1,15,,106957,27,,,1,15,,106958,27,,,1,15,,106953,27,,,1,55,,106960,27,,,1,15,,106951,27,,,1,15,,106952,27,,,1,15,,106961,27,,,1,55,,106962,27,,,1
24093000,'930X-Weekday-10-26-02-1111100',613,,106966,27,,,1,30,,106967,27,,,1,15,,106968,27,,,1,55,,106971,27,,,1,15,,106969,27,,,1,15,,106970,27,,,1,15,,106965,27,,,1,55,,106972,27,,,1,15,,106963,27,,,1,15,,106964,27,,,1,15,,106973,27,,,1,55,,106974,27,,,1
