11100,'111-Weekday-1-26-02-1111100',900,,33977,8,,,1,100,,33978,8,,,1,100,,33979,8,,,1,100,,33980,8,,,1,100,,33981,8,,,1,100,,33982,8,,,1,101,,33983,8,0,30,1
11100,'111-Weekday-10-26-02-1111100',900,,33984,8,,,1,100,,33985,8,,,1,100,,33986,8,,,1,100,,33987,8,,,1,100,,33988,8,,,1,100,,33989,8,,,1,101,,33990,8,0,30,1
11100,'111-Weekday-2-26-02-1111100',900,,33991,8,,,1,100,,33992,8,,,1,100,,33993,8,,,1,100,,33994,8,,,1,100,,33995,8,,,1,100,,33996,8,,,1,101,,33997,8,0,30,1
11100,'111-Weekday-4-26-02-1111100',900,,33998,8,,,1,100,,33999,8,,,1,100,,34000,8,,,1,100,,34001,8,,,1,100,,34002,8,,,1,100,,34003,8,,,1,101,,34004,8,0,30,1
11100,'111-Weekday-5-26-02-1111100',900,,34005,8,,,1,100,,34006,8,,,1,100,,34007,8,,,1,100,,34008,8,,,1,100,,34009,8,,,1,100,,34010,8,,,1,101,,34011,8,0,30,1
11100,'111-Weekday-6-26-02-1111100',900,,34012,8,,,1,100,,34013,8,,,1,100,,34014,8,,,1,100,,34015,8,,,1,100,,34016,8,,,1,100,,34017,8,,,1,101,,34018,8,0,30,1
11100,'111-Weekday-7-26-02-1111100',900,,34019,8,,,1,100,,34020,8,,,1,100,,34021,8,,,1,100,,34022,8,,,1,100,,34023,8,,,1,100,,34024,8,,,1,101,,34025,8,0,30,1
11100,'111-Weekday-8-26-02-1111100',900,,34026,8,,,1,100,,34027,8,,,1,100,,34028,8,,,1,100,,34029,8,,,1,100,,34030,8,,,1,100,,34031,8,,,1,101,,34032,8,0,30,1
11100,'111-Weekday-9-26-02-1111100',900,,34033,8,,,1,100,,34034,8,,,1,100,,34035,8,,,1,100,,34036,8,,,1,100,,34037,8,,,1,100,,34038,8,,,1,101,,34039,8,0,30,1
11100,'111-Saturday-1-26-02-0000010',900,,34045,8,0,30,1,100,,34046,8,0,30,1,100,,34042,8,0,30,1,100,,34043,8,0,30,1,100,,34044,8,0,30,1,100,,34040,8,0,30,1,100,,34041,8,0,30,1
