65900,'659-Weekday-1-26-02-0001000',1244,,112823,,,1
65900,'659-Weekday-1-26-02-1110100',1538,,112824,,,1
65900,'659-Weekday-2-26-02-0001000',1244,,112825,,,1
65900,'659-Weekday-2-26-02-1110100',1538,,112826,,,1
65900,'659-Weekday-5-26-02-0000100',1244,,112827,,,1
65900,'659-Weekday-5-26-02-1111000',1538,,112828,,,1
65900,'659-Weekday-6-26-02-1110100',1538,,112829,,,1
65900,'659-Weekday-8-26-02-1110100',1538,,112830,,,1
66700,'667-Weekday-1-26-02-0001000',1444,,113037,,,1,3,,113038,,,1
66700,'667-Weekday-1-26-02-1110100',1523,,113039,,,1,3,,113040,,,1
66700,'667-Weekday-2-26-02-0001000',1444,,113041,,,1,3,,113042,,,1
66700,'667-Weekday-2-26-02-1110100',1523,,113043,,,1,3,,113044,,,1
66700,'667-Weekday-4-26-02-1110100',1523,,113045,,,1,3,,113046,,,1
66700,'667-Weekday-5-26-02-0001000',1444,,113047,,,1,3,,113048,,,1
66700,'667-Weekday-5-26-02-1110100',1523,,113049,,,1,3,,113050,,,1
