52200,'522-Weekday-1-26-04-1111100',619,,130183,12,,,1,31,,130184,12,,,1,71,,130185,12,,,1,30,,130186,12,,,1,70,,130187,12,,,1,30,,130188,12,,,1,69,,130189,12,,,1,99,,130190,12,,,1,100,,130191,12,,,1,100,,130192,12,,,1,100,,130193,12,,,1,100,,130194,12,,,1,102,,130195,12,,,1,32,,130196,12,,,1,70,,130197,12,,,1,30,,130198,12,,,1,70,,130199,12,,,1,30,,130200,12,,,1,70,,130201,12,,,1,97,,130202,12,,,1,100,,130203,12,,,1,100,,130204,12,,,1,98,,130205,12,,,1
52200,'522-Weekday-2-26-04-1111100',619,,130206,12,,,1,31,,130207,12,,,1,71,,130208,12,,,1,30,,130209,12,,,1,70,,130210,12,,,1,30,,130211,12,,,1,69,,130212,12,,,1,99,,130213,12,,,1,100,,130214,12,,,1,100,,130215,12,,,1,100,,130216,12,,,1,100,,130217,12,,,1,102,,130218,12,,,1,32,,130219,12,,,1,70,,130220,12,,,1,30,,130221,12,,,1,70,,130222,12,,,1,30,,130223,12,,,1,70,,130224,12,,,1,97,,130225,12,,,1,100,,130226,12,,,1,100,,130227,12,,,1,98,,130228,12,,,1
52200,'522-Weekday-3-26-04-1111100',619,,130229,12,,,1,31,,130230,12,,,1,71,,130231,12,,,1,30,,130232,12,,,1,70,,130233,12,,,1,30,,130234,12,,,1,69,,130235,12,,,1,99,,130236,12,,,1,100,,130237,12,,,1,100,,130238,12,,,1,100,,130239,12,,,1,100,,130240,12,,,1,102,,130241,12,,,1,32,,130242,12,,,1,70,,130243,12,,,1,30,,130244,12,,,1,70,,130245,12,,,1,30,,130246,12,,,1,70,,130247,12,,,1,97,,130248,12,,,1,100,,130249,12,,,1,100,,130250,12,,,1,98,,130251,12,,,1
52200,'522-Saturday-1-26-04-0000010',834,,130252,12,,,1,101,,130253,12,,,1,100,,130254,12,,,1,100,,130255,12,,,1,100,,130256,12,,,1,100,,130257,12,,,1,100,,130258,12,,,1,100,,130259,12,,,1,100,,130260,12,,,1,98,,130261,12,,,1,100,,130262,12,,,1
52200,'522-Sunday-1-26-04-0000001',1003,,130263,12,,,1,100,,130264,12,,,1,100,,130265,12,,,1,100,,130266,12,,,1,100,,130267,12,,,1,100,,130268,12,,,1,100,,130269,12,,,1,100,,130270,12,,,1,100,,130271,12,,,1
1000100,'001-Weekday-1-26-04-1111100',508,,147290,14,,,1,40,,147291,14,,,1,80,,147292,14,,,1,83,,147293,14,,,1,20,,147294,14,,,1,20,,147295,14,,,1,60,,147296,14,,,1,20,,147297,14,,,1,25,,147298,14,,,1,71,,147299,14,,,1,30,,147300,14,,,1,70,,147301,14,,,1,30,,147302,14,,,1,70,,147303,14,,,1,30,,147304,14,,,1,70,,147305,14,,,1,30,,147306,14,,,1,70,,147307,14,,,1,30,,147308,14,,,1,70,,147309,14,,,1,30,,147310,14,,,1,56,,147330,3,,,1,13,,147311,14,,,1,20,,147312,14,,,1,60,,147313,14,,,1,20,,147314,14,,,1,20,,147315,14,,,1,60,,147316,14,,,1,25,,147317,14,,,1,70,,147318,14,,,1,30,,147319,14,,,1,28,,147320,14,,,1,70,,147321,14,,,1,30,,147322,14,,,1,70,,147323,14,,,1,30,,147324,14,,,1,70,,147325,14,,,1,27,,147326,14,,,1,78,,147327,14,,,1,80,,147328,14,,,1,40,,147329,14,,,1
1000100,'001-Weekday-2-26-04-1111100',508,,147331,14,,,1,40,,147332,14,,,1,80,,147333,14,,,1,83,,147334,14,,,1,20,,147335,14,,,1,20,,147336,14,,,1,60,,147337,14,,,1,20,,147338,14,,,1,25,,147339,14,,,1,71,,147340,14,,,1,30,,147341,14,,,1,70,,147342,14,,,1,30,,147343,14,,,1,70,,147344,14,,,1,30,,147345,14,,,1,70,,147346,14,,,1,30,,147347,14,,,1,70,,147348,14,,,1,30,,147349,14,,,1,70,,147350,14,,,1,30,,147351,14,,,1,56,,147371,3,,,1,13,,147352,14,,,1,20,,147353,14,,,1,60,,147354,14,,,1,20,,147355,14,,,1,20,,147356,14,,,1,60,,147357,14,,,1,25,,147358,14,,,1,70,,147359,14,,,1,30,,147360,14,,,1,28,,147361,14,,,1,70,,147362,14,,,1,30,,147363,14,,,1,70,,147364,14,,,1,30,,147365,14,,,1,70,,147366,14,,,1,27,,147367,14,,,1,78,,147368,14,,,1,80,,147369,14,,,1,40,,147370,14,,,1
1000100,'001-Weekday-3-26-04-1111100',508,,147372,14,,,1,40,,147373,14,,,1,80,,147374,14,,,1,83,,147375,14,,,1,20,,147376,14,,,1,20,,147377,14,,,1,60,,147378,14,,,1,20,,147379,14,,,1,25,,147380,14,,,1,71,,147381,14,,,1,30,,147382,14,,,1,70,,147383,14,,,1,30,,147384,14,,,1,70,,147385,14,,,1,30,,147386,14,,,1,70,,147387,14,,,1,30,,147388,14,,,1,70,,147389,14,,,1,30,,147390,14,,,1,70,,147391,14,,,1,30,,147392,14,,,1,69,,147393,14,,,1,20,,147394,14,,,1,60,,147395,14,,,1,20,,147396,14,,,1,20,,147397,14,,,1,60,,147398,14,,,1,25,,147399,14,,,1,70,,147400,14,,,1,30,,147401,14,,,1,28,,147402,14,,,1,70,,147403,14,,,1,30,,147404,14,,,1,70,,147405,14,,,1,30,,147406,14,,,1,70,,147407,14,,,1,27,,147408,14,,,1,78,,147409,14,,,1,80,,147410,14,,,1,40,,147411,14,,,1
1000100,'001-Saturday-1-26-04-0000010',630,,147412,14,,,1,80,,147413,14,,,1,40,,147414,14,,,1,75,,147415,14,,,1,30,,147416,14,,,1,72,,147417,14,,,1,30,,147418,14,,,1,70,,147419,14,,,1,30,,147420,14,,,1,70,,147421,14,,,1,30,,147422,14,,,1,70,,147423,14,,,1,30,,147424,14,,,1,70,,147425,14,,,1,30,,147426,14,,,1,70,,147427,14,,,1,30,,147428,14,,,1,70,,147429,14,,,1,30,,147430,14,,,1,70,,147431,14,,,1,30,,147432,14,,,1,69,,147433,14,,,1,30,,147434,14,,,1,70,,147435,14,,,1,28,,147436,14,,,1,72,,147437,14,,,1,30,,147438,14,,,1,69,,147439,14,,,1,31,,147440,14,,,1,70,,147441,14,,,1,30,,147442,14,,,1,70,,147443,14,,,1,30,,147444,14,,,1,75,,147445,14,,,1,80,,147446,14,,,1
1000100,'001-Sunday-1-26-04-0000001',606,,147447,14,,,1,40,,147448,14,,,1,80,,147449,14,,,1,80,,147450,14,,,1,40,,147451,14,,,1,82,,147452,14,,,1,80,,147453,14,,,1,35,,147454,14,,,1,70,,147455,14,,,1,30,,147456,14,,,1,70,,147457,14,,,1,30,,147458,14,,,1,70,,147459,14,,,1,30,,147460,14,,,1,70,,147461,14,,,1,30,,147462,14,,,1,70,,147463,14,,,1,30,,147464,14,,,1,70,,147465,14,,,1,30,,147466,14,,,1,69,,147467,14,,,1,30,,147468,14,,,1,70,,147469,14,,,1,30,,147470,14,,,1,68,,147471,14,,,1,40,,147472,14,,,1,80,,147473,14,,,1,80,,147474,14,,,1,40,,147475,14,,,1,80,,147476,14,,,1,80,,147477,14,,,1,40,,147478,14,,,1
