12201,'122-Weekday-7-26-04-1111100',545,,154609,24,0,29 30,1,70,,154610,24,0,29 30,1,30,,154611,24,0,29 30,1,70,,154612,24,0,29 30,1,30,,154613,24,0,29 30,1,70,,154614,24,0,29 30,1,30,,154615,24,0,29 30,1,71,,154631,24,0,29 30,1,30,,154632,24,0,29 30,1,70,,154633,24,0,29 30,1,30,,154634,24,0,29 30,1,70,,154635,24,0,29 30,1,30,,154636,24,0,29 30,1,70,,154637,24,0,29 30,1,30,,154638,24,0,29 30,1,70,,154639,24,0,29 30,1,30,,154640,24,0,29 30,1,70,,154641,24,0,29 30,1,30,,154642,24,0,29 30,1,70,,154643,24,0,29 30,1,30,,154616,24,0,29 30,1,60,,154617,24,0,29 30,1,20,,154618,24,0,29 30,1,20,,154619,24,0,29 30,1,60,,154620,24,0,29 30,1,20,,154621,24,0,29 30,1,30,,154622,24,0,29 30,1,70,,154623,24,0,29 30,1,28,,154624,24,0,29 30,1,70,,154625,24,0,29 30,1,30,,154626,24,0,29 30,1,70,,154627,24,0,29 30,1,30,,154628,24,0,29 30,1,70,,154629,24,0,29 30,1,30,,154630,24,0,29 30,1
12201,'122-Saturday-1-26-04-0000010',821,,124316,24,0,29 30,1,30,,124317,24,0,29 30,1,70,,124318,24,0,29 30,1,30,,124319,24,0,29 30,1,70,,124320,24,0,29 30,1,30,,124321,24,0,29 30,1,70,,124322,24,0,29 30,1,30,,124323,24,0,29 30,1,70,,124324,24,0,29 30,1,30,,124325,24,0,29 30,1,70,,124326,24,0,29 30,1,30,,124327,24,0,29 30,1,70,,124328,24,0,29 30,1,30,,124329,24,0,29 30,1,70,,124330,24,0,29 30,1,30,,124331,24,0,29 30,1,70,,124332,24,0,29 30,1,30,,124333,24,0,29 30,1,70,,124334,24,0,29 30,1,30,,124335,24,0,29 30,1,70,,124336,24,0,29 30,1,30,,124337,24,0,29 30,1,70,,124338,24,0,29 30,1
61000,'610-Weekday-7-26-04-0001000',1252,,156383,38,,,1,2,,156382,38,,,1,203,,156384,38,,,1,45,,156385,38,,,1
61000,'610-Weekday-7-26-04-1110100',1550,,156386,38,,,1,4,,156387,38,,,1,46,,156388,38,,,1,5,,156389,38,,,1
61001,'610-Weekday-7-26-04-1111100',720,,156390,16,,,1,4,,156391,16,,,1,6,,156392,16,,,1,81,,156393,16,,,1,6,,156394,16,,,1,5,,156395,16,,,1
61100,'611-Weekday-7-26-04-0001000',1217,,156396,25,,,1,5,,156397,25,,,1
61100,'611-Weekday-7-26-04-1110100',1523,,156398,25,,,1,5,,156399,25,,,1
61101,'611-Weekday-7-26-04-1111100',729,,156400,16,,,1,11,,156401,16,,,1
61600,'616-Weekday-7-26-04-0001000',1434,,156423,27,,,1,4,,156424,27,,,1
61600,'616-Weekday-7-26-04-1110100',1533,,156426,27,,,1,4,,156425,27,,,1
61601,'616-Weekday-7-26-04-1111100',759,,156427,16,,,1,50,,156428,16,,,1
68400,'684-Weekday-7-26-04-0001000',1329,,156702,52,,,1
68400,'684-Weekday-7-26-04-1110100',1642,,156705,52,,,1
68400,'684-Weekday-7-26-04-1111100',1615,,156708,57,,,1
68401,'684-Weekday-7-26-04-1111100',741,,156709,16,,,1
