65901,'659-Weekday-1-26-02-1111100',755,,61399,9,,,1
65901,'659-Weekday-5-26-02-1111100',755,,61401,9,,,1
65901,'659-Weekday-6-26-02-1111100',755,,61402,9,,,1
65901,'659-Weekday-9-26-02-1111100',755,,61404,9,,,1
66701,'667-Weekday-1-26-02-1111100',826,,61658,13,,,1,13,,61659,13,,,1
66701,'667-Weekday-5-26-02-1111100',826,,61664,13,,,1,13,,61665,13,,,1
66701,'667-Weekday-9-26-02-1111100',826,,61666,13,,,1,13,,61667,13,,,1
72101,'721-Weekday-1-26-02-1111100',607,,77994,12,,,1,20,,77995,12,,,1,24,,77996,12,,,1,55,,77997,12,,,1,15,,77998,12,,,1,15,,77999,12,,,1,15,,78000,12,,,1,55,,78001,12,,,1,15,,78002,12,,,1,8,,78061,12,0,21 22,1,7,,78003,12,,,1,1,,78060,12,0,21 22,1,14,,78004,12,,,1,54,,78005,12,,,1,20,,78006,12,,,1,20,,78007,12,,,1,60,,78008,12,,,1,20,,78009,12,,,1,20,,78010,12,,,1,60,,78011,12,,,1,20,,78012,12,,,1,20,,78013,12,,,1,60,,78014,12,,,1,20,,78015,12,,,1,20,,78016,12,,,1,60,,78017,12,,,1,20,,78018,12,,,1,20,,78019,12,,,1,60,,78020,12,,,1,20,,78021,12,,,1,20,,78022,12,,,1,62,,78023,12,,,1,11,,78024,12,,,1,10,,78025,12,,,1,10,,78026,12,,,1,10,,78027,12,,,1,10,,78028,12,,,1,50,,78029,12,,,1,10,,78030,12,,,1,10,,78031,12,,,1,10,,78032,12,,,1,10,,78033,12,,,1,10,,78034,12,,,1,50,,78035,12,,,1,10,,78036,12,,,1,10,,78037,12,,,1,10,,78038,12,,,1,10,,78039,12,,,1,10,,78040,12,,,1,50,,78041,12,,,1,21,,78042,12,,,1,18,,78043,12,,,1,60,,78044,12,,,1,20,,78045,12,,,1,20,,78046,12,,,1,60,,78047,12,,,1,20,,78048,12,,,1,20,,78049,12,,,1,60,,78050,12,,,1,20,,78051,12,,,1,20,,78052,12,,,1,70,,78053,12,,,1,30,,78054,12,,,1,70,,78055,12,,,1,30,,78056,12,,,1,70,,78057,12,,,1,30,,78058,12,,,1,70,,78059,12,,,1
72101,'721-Weekday-10-26-02-1111100',607,,78062,12,,,1,20,,78063,12,,,1,24,,78064,12,,,1,55,,78065,12,,,1,15,,78066,12,,,1,15,,78067,12,,,1,15,,78068,12,,,1,55,,78069,12,,,1,15,,78070,12,,,1,8,,78129,12,0,21 22,1,7,,78071,12,,,1,1,,78128,12,0,21 22,1,14,,78072,12,,,1,54,,78073,12,,,1,20,,78074,12,,,1,20,,78075,12,,,1,60,,78076,12,,,1,20,,78077,12,,,1,20,,78078,12,,,1,60,,78079,12,,,1,20,,78080,12,,,1,20,,78081,12,,,1,60,,78082,12,,,1,20,,78083,12,,,1,20,,78084,12,,,1,60,,78085,12,,,1,20,,78086,12,,,1,20,,78087,12,,,1,60,,78088,12,,,1,20,,78089,12,,,1,20,,78090,12,,,1,62,,78091,12,,,1,11,,78092,12,,,1,10,,78093,12,,,1,10,,78094,12,,,1,10,,78095,12,,,1,10,,78096,12,,,1,50,,78097,12,,,1,10,,78098,12,,,1,10,,78099,12,,,1,10,,78100,12,,,1,10,,78101,12,,,1,10,,78102,12,,,1,50,,78103,12,,,1,10,,78104,12,,,1,10,,78105,12,,,1,10,,78106,12,,,1,10,,78107,12,,,1,10,,78108,12,,,1,50,,78109,12,,,1,21,,78110,12,,,1,18,,78111,12,,,1,60,,78112,12,,,1,20,,78113,12,,,1,20,,78114,12,,,1,60,,78115,12,,,1,20,,78116,12,,,1,20,,78117,12,,,1,60,,78118,12,,,1,20,,78119,12,,,1,20,,78120,12,,,1,70,,78121,12,,,1,30,,78122,12,,,1,70,,78123,12,,,1,30,,78124,12,,,1,70,,78125,12,,,1,30,,78126,12,,,1,70,,78127,12,,,1
72101,'721-Weekday-4-26-02-1111100',607,,78198,12,,,1,20,,78199,12,,,1,24,,78200,12,,,1,55,,78201,12,,,1,15,,78202,12,,,1,15,,78203,12,,,1,15,,78204,12,,,1,55,,78205,12,,,1,15,,78206,12,,,1,15,,78207,12,,,1,15,,78208,12,,,1,54,,78209,12,,,1,20,,78210,12,,,1,20,,78211,12,,,1,60,,78212,12,,,1,20,,78213,12,,,1,20,,78214,12,,,1,60,,78215,12,,,1,20,,78216,12,,,1,20,,78217,12,,,1,60,,78218,12,,,1,20,,78219,12,,,1,20,,78220,12,,,1,60,,78221,12,,,1,20,,78222,12,,,1,20,,78223,12,,,1,60,,78224,12,,,1,20,,78225,12,,,1,20,,78226,12,,,1,62,,78227,12,,,1,11,,78228,12,,,1,10,,78229,12,,,1,10,,78230,12,,,1,10,,78231,12,,,1,10,,78232,12,,,1,50,,78233,12,,,1,10,,78234,12,,,1,10,,78235,12,,,1,10,,78236,12,,,1,10,,78237,12,,,1,10,,78238,12,,,1,50,,78239,12,,,1,10,,78240,12,,,1,10,,78241,12,,,1,10,,78242,12,,,1,10,,78243,12,,,1,10,,78244,12,,,1,50,,78245,12,,,1,21,,78246,12,,,1,18,,78247,12,,,1,60,,78248,12,,,1,20,,78249,12,,,1,20,,78250,12,,,1,60,,78251,12,,,1,20,,78252,12,,,1,20,,78253,12,,,1,60,,78254,12,,,1,20,,78255,12,,,1,20,,78256,12,,,1,70,,78257,12,,,1,30,,78258,12,,,1,70,,78259,12,,,1,30,,78260,12,,,1,70,,78261,12,,,1,30,,78262,12,,,1,70,,78263,12,,,1
72101,'721-Weekday-5-26-02-1111100',607,,78264,12,,,1,20,,78265,12,,,1,24,,78266,12,,,1,55,,78267,12,,,1,15,,78268,12,,,1,15,,78269,12,,,1,15,,78270,12,,,1,55,,78271,12,,,1,15,,78272,12,,,1,8,,78331,12,0,21 22,1,7,,78273,12,,,1,1,,78330,12,0,21 22,1,14,,78274,12,,,1,54,,78275,12,,,1,20,,78276,12,,,1,20,,78277,12,,,1,60,,78278,12,,,1,20,,78279,12,,,1,20,,78280,12,,,1,60,,78281,12,,,1,20,,78282,12,,,1,20,,78283,12,,,1,60,,78284,12,,,1,20,,78285,12,,,1,20,,78286,12,,,1,60,,78287,12,,,1,20,,78288,12,,,1,20,,78289,12,,,1,60,,78290,12,,,1,20,,78291,12,,,1,20,,78292,12,,,1,62,,78293,12,,,1,11,,78294,12,,,1,10,,78295,12,,,1,10,,78296,12,,,1,10,,78297,12,,,1,10,,78298,12,,,1,50,,78299,12,,,1,10,,78300,12,,,1,10,,78301,12,,,1,10,,78302,12,,,1,10,,78303,12,,,1,10,,78304,12,,,1,50,,78305,12,,,1,10,,78306,12,,,1,10,,78307,12,,,1,10,,78308,12,,,1,10,,78309,12,,,1,10,,78310,12,,,1,50,,78311,12,,,1,21,,78312,12,,,1,18,,78313,12,,,1,60,,78314,12,,,1,20,,78315,12,,,1,20,,78316,12,,,1,60,,78317,12,,,1,20,,78318,12,,,1,20,,78319,12,,,1,60,,78320,12,,,1,20,,78321,12,,,1,20,,78322,12,,,1,70,,78323,12,,,1,30,,78324,12,,,1,70,,78325,12,,,1,30,,78326,12,,,1,70,,78327,12,,,1,30,,78328,12,,,1,70,,78329,12,,,1
72101,'721-Weekday-6-26-02-1111100',607,,78332,12,,,1,20,,78333,12,,,1,24,,78334,12,,,1,55,,78335,12,,,1,15,,78336,12,,,1,15,,78337,12,,,1,15,,78338,12,,,1,55,,78339,12,,,1,15,,78340,12,,,1,15,,78341,12,,,1,15,,78342,12,,,1,54,,78343,12,,,1,20,,78344,12,,,1,20,,78345,12,,,1,60,,78346,12,,,1,20,,78347,12,,,1,20,,78348,12,,,1,60,,78349,12,,,1,20,,78350,12,,,1,20,,78351,12,,,1,60,,78352,12,,,1,20,,78353,12,,,1,20,,78354,12,,,1,60,,78355,12,,,1,20,,78356,12,,,1,20,,78357,12,,,1,60,,78358,12,,,1,20,,78359,12,,,1,20,,78360,12,,,1,62,,78361,12,,,1,11,,78362,12,,,1,10,,78363,12,,,1,10,,78364,12,,,1,10,,78365,12,,,1,10,,78366,12,,,1,50,,78367,12,,,1,10,,78368,12,,,1,10,,78369,12,,,1,10,,78370,12,,,1,10,,78371,12,,,1,10,,78372,12,,,1,50,,78373,12,,,1,10,,78374,12,,,1,10,,78375,12,,,1,10,,78376,12,,,1,10,,78377,12,,,1,10,,78378,12,,,1,50,,78379,12,,,1,21,,78380,12,,,1,18,,78381,12,,,1,60,,78382,12,,,1,20,,78383,12,,,1,20,,78384,12,,,1,60,,78385,12,,,1,20,,78386,12,,,1,20,,78387,12,,,1,60,,78388,12,,,1,20,,78389,12,,,1,20,,78390,12,,,1,70,,78391,12,,,1,30,,78392,12,,,1,70,,78393,12,,,1,30,,78394,12,,,1,70,,78395,12,,,1,30,,78396,12,,,1,70,,78397,12,,,1
72101,'721-Weekday-7-26-02-1111100',607,,78398,12,,,1,20,,78399,12,,,1,24,,78400,12,,,1,55,,78401,12,,,1,15,,78402,12,,,1,15,,78403,12,,,1,15,,78404,12,,,1,55,,78405,12,,,1,15,,78406,12,,,1,15,,78407,12,,,1,15,,78408,12,,,1,54,,78409,12,,,1,20,,78410,12,,,1,20,,78411,12,,,1,60,,78412,12,,,1,20,,78413,12,,,1,20,,78414,12,,,1,60,,78415,12,,,1,20,,78416,12,,,1,20,,78417,12,,,1,60,,78418,12,,,1,20,,78419,12,,,1,20,,78420,12,,,1,60,,78421,12,,,1,20,,78422,12,,,1,20,,78423,12,,,1,60,,78424,12,,,1,20,,78425,12,,,1,20,,78426,12,,,1,62,,78427,12,,,1,11,,78428,12,,,1,10,,78429,12,,,1,10,,78430,12,,,1,10,,78431,12,,,1,10,,78432,12,,,1,50,,78433,12,,,1,10,,78434,12,,,1,10,,78435,12,,,1,10,,78436,12,,,1,10,,78437,12,,,1,10,,78438,12,,,1,50,,78439,12,,,1,10,,78440,12,,,1,10,,78441,12,,,1,10,,78442,12,,,1,10,,78443,12,,,1,10,,78444,12,,,1,50,,78445,12,,,1,21,,78446,12,,,1,18,,78447,12,,,1,60,,78448,12,,,1,20,,78449,12,,,1,20,,78450,12,,,1,60,,78451,12,,,1,20,,78452,12,,,1,20,,78453,12,,,1,60,,78454,12,,,1,20,,78455,12,,,1,20,,78456,12,,,1,70,,78457,12,,,1,30,,78458,12,,,1,70,,78459,12,,,1,30,,78460,12,,,1,70,,78461,12,,,1,30,,78462,12,,,1,70,,78463,12,,,1
72101,'721-Saturday-1-26-02-0000010',604,,78604,12,,,1,30,,78601,12,,,1,70,,78608,12,,,1,30,,78611,12,,,1,70,,78614,12,,,1,25,,78598,12,,,1,20,,78599,12,,,1,61,,78618,12,,,1,20,,78619,12,,,1,20,,78620,12,,,1,60,,78621,12,,,1,20,,78622,12,,,1,20,,78623,12,,,1,60,,78624,12,,,1,20,,78625,12,,,1,20,,78626,12,,,1,60,,78627,12,,,1,20,,78628,12,,,1,20,,78629,12,,,1,60,,78630,12,,,1,20,,78631,12,,,1,20,,78632,12,,,1,60,,78633,12,,,1,20,,78634,12,,,1,20,,78635,12,,,1,60,,78636,12,,,1,20,,78637,12,,,1,20,,78638,12,,,1,60,,78639,12,,,1,20,,78640,12,,,1,20,,78641,12,,,1,60,,78642,12,,,1,20,,78643,12,,,1,20,,78644,12,,,1,60,,78645,12,,,1,20,,78616,12,,,1,20,,78617,12,,,1,70,,78603,12,,,1,30,,78613,12,,,1,70,,78615,12,,,1,30,,78607,12,,,1,70,,78600,12,,,1,30,,78606,12,,,1,70,,78612,12,,,1,30,,78605,12,,,1,70,,78610,12,,,1,30,,78602,12,,,1,70,,78609,12,,,1
72101,'721-Sunday-1-26-02-0000001',625,,78646,12,,,1,30,,78647,12,,,1,70,,78648,12,,,1,30,,78649,12,,,1,70,,78650,12,,,1,28,,78651,12,,,1,70,,78652,12,,,1,30,,78653,12,,,1,70,,78654,12,,,1,30,,78655,12,,,1,70,,78656,12,,,1,30,,78657,12,,,1,70,,78658,12,,,1,27,,78659,12,,,1,70,,78660,12,,,1,30,,78661,12,,,1,70,,78662,12,,,1,30,,78663,12,,,1,70,,78664,12,,,1,30,,78665,12,,,1,70,,78666,12,,,1,30,,78667,12,,,1,71,,78668,12,,,1,30,,78669,12,,,1,70,,78670,12,,,1,30,,78671,12,,,1,70,,78672,12,,,1,30,,78673,12,,,1,70,,78674,12,,,1,30,,78675,12,,,1,70,,78676,12,,,1,30,,78677,12,,,1,70,,78678,12,,,1,30,,78679,12,,,1,70,,78680,12,,,1,30,,78681,12,,,1,70,,78682,12,,,1
