10900,'109-Weekday-1-26-04-1111100',531,,120522,53,,,1,70,,120523,53,,,1,30,,120524,53,,,1,73,,120565,53,,,1,15,,120525,53,,,1,15,,120561,53,,,1,15,,120526,53,,,1,55,,120527,53,,,1,15,,120528,53,,,1,15,,120562,53,,,1,15,,120529,53,,,1,54,,120530,53,,,1,29,,120531,53,,,1,70,,120532,53,,,1,30,,120533,53,,,1,70,,120534,53,,,1,30,,120535,53,,,1,70,,120536,53,,,1,30,,120537,53,,,1,70,,120538,53,,,1,30,,120539,53,,,1,70,,120540,53,,,1,30,,120541,53,,,1,70,,120542,53,,,1,34,,120543,53,,,1,15,,120544,53,,,1,55,,120563,53,,,1,15,,120545,53,,,1,15,,120546,53,,,1,15,,120547,53,,,1,55,,120564,53,,,1,15,,120548,53,,,1,15,,120549,53,,,1,70,,120550,53,,,1,30,,120551,53,,,1,65,,120552,53,,,1,30,,120553,53,,,1,70,,120554,53,,,1,30,,120555,53,,,1,70,,120556,53,,,1,30,,120557,53,,,1,70,,120558,53,,,1,30,,120566,53,,,1,100,,120559,53,,,1,100,,120560,53,,,1
10900,'109-Weekday-2-26-04-1111100',531,,120567,53,,,1,70,,120568,53,,,1,30,,120569,53,,,1,73,,120610,53,,,1,15,,120570,53,,,1,15,,120606,53,,,1,15,,120571,53,,,1,55,,120572,53,,,1,15,,120573,53,,,1,15,,120607,53,,,1,15,,120574,53,,,1,54,,120575,53,,,1,29,,120576,53,,,1,70,,120577,53,,,1,30,,120578,53,,,1,70,,120579,53,,,1,30,,120580,53,,,1,70,,120581,53,,,1,30,,120582,53,,,1,70,,120583,53,,,1,30,,120584,53,,,1,70,,120585,53,,,1,30,,120586,53,,,1,70,,120587,53,,,1,34,,120588,53,,,1,15,,120589,53,,,1,55,,120608,53,,,1,15,,120590,53,,,1,15,,120591,53,,,1,15,,120592,53,,,1,55,,120609,53,,,1,15,,120593,53,,,1,15,,120594,53,,,1,70,,120595,53,,,1,30,,120596,53,,,1,65,,120597,53,,,1,30,,120598,53,,,1,70,,120599,53,,,1,30,,120600,53,,,1,70,,120601,53,,,1,30,,120602,53,,,1,70,,120603,53,,,1,30,,120611,53,,,1,100,,120604,53,,,1,100,,120605,53,,,1
10900,'109-Weekday-3-26-04-1111100',531,,120612,53,,,1,70,,120613,53,,,1,30,,120614,53,,,1,73,,120655,53,,,1,15,,120615,53,,,1,15,,120651,53,,,1,15,,120616,53,,,1,55,,120617,53,,,1,15,,120618,53,,,1,15,,120652,53,,,1,15,,120619,53,,,1,54,,120620,53,,,1,29,,120621,53,,,1,70,,120622,53,,,1,30,,120623,53,,,1,70,,120624,53,,,1,30,,120625,53,,,1,70,,120626,53,,,1,30,,120627,53,,,1,70,,120628,53,,,1,30,,120629,53,,,1,70,,120630,53,,,1,30,,120631,53,,,1,70,,120632,53,,,1,34,,120633,53,,,1,15,,120634,53,,,1,55,,120653,53,,,1,15,,120635,53,,,1,15,,120636,53,,,1,15,,120637,53,,,1,55,,120654,53,,,1,15,,120638,53,,,1,15,,120639,53,,,1,70,,120640,53,,,1,30,,120641,53,,,1,65,,120642,53,,,1,30,,120643,53,,,1,70,,120644,53,,,1,30,,120645,53,,,1,70,,120646,53,,,1,30,,120647,53,,,1,70,,120648,53,,,1,30,,120656,53,,,1,100,,120649,53,,,1,100,,120650,53,,,1
10900,'109-Saturday-1-26-04-0000010',821,,120657,53,,,1,30,,120658,53,,,1,72,,120659,53,,,1,31,,120660,53,,,1,70,,120661,53,,,1,30,,120662,53,,,1,70,,120663,53,,,1,30,,120664,53,,,1,70,,120665,53,,,1,30,,120666,53,,,1,70,,120667,53,,,1,30,,120668,53,,,1,70,,120669,53,,,1,30,,120670,53,,,1,70,,120671,53,,,1,30,,120672,53,,,1,70,,120673,53,,,1,30,,120674,53,,,1,69,,120675,53,,,1,30,,120676,53,,,1,70,,120677,53,,,1,30,,120678,53,,,1,70,,120679,53,,,1,30,,120680,53,,,1,70,,120681,53,,,1,30,,120682,53,,,1,70,,120683,53,,,1,30,,120684,53,,,1,70,,120685,53,,,1
10900,'109-Sunday-1-26-04-0000001',1034,,120686,53,,,1,70,,120687,53,,,1,30,,120688,53,,,1,70,,120689,53,,,1,30,,120690,53,,,1,70,,120691,53,,,1,30,,120692,53,,,1,70,,120693,53,,,1,30,,120694,53,,,1,70,,120695,53,,,1,30,,120696,53,,,1,70,,120697,53,,,1,30,,120698,53,,,1,69,,120699,53,,,1,29,,120700,53,,,1,70,,120701,53,,,1,30,,120702,53,,,1,70,,120703,53,,,1
61300,'613-Weekday-1-26-04-1111100',720,,131630,6,,,1,9,,131631,6,,,1,77,,131632,6,,,1,10,,131633,6,,,1
61300,'613-Weekday-2-26-04-1111100',806,,131634,6,,,1,10,,131635,6,,,1
61300,'613-Weekday-3-26-04-1111100',720,,131636,6,,,1,9,,131637,6,,,1
61800,'618-Weekday-1-26-04-0001000',1255,,131681,32,,,1
61800,'618-Weekday-1-26-04-1110100',1546,,131682,32,,,1
61800,'618-Weekday-3-26-04-0001000',1255,,131683,32,,,1
61800,'618-Weekday-3-26-04-1110100',1546,,131684,32,,,1
68300,'683-Weekday-1-26-04-0001000',1334,,132176,43,,,1,4,,132177,43,,,1
68300,'683-Weekday-1-26-04-1110100',1632,,132178,43,,,1,4,,132179,43,,,1
68300,'683-Weekday-1-26-04-1111100',1604,,132180,43,,,1,6,,132181,43,,,1
68300,'683-Weekday-2-26-04-1111100',1604,,132182,43,,,1,6,,132183,43,,,1
68300,'683-Weekday-3-26-04-0001000',1334,,132184,43,,,1,4,,132185,43,,,1
68300,'683-Weekday-3-26-04-1110100',1632,,132186,43,,,1,4,,132187,43,,,1
24015001,'150X-Weekday-1-26-04-1111100',601,,148849,4,,,1,20,,148847,4,,,1,20,,148848,4,,,1,60,,148850,4,,,1,15,,148851,4,,,1,15,,148852,4,,,1,15,,148853,4,,,1,55,,148854,4,,,1,15,,148855,4,,,1,15,,148856,4,,,1
24015001,'150X-Weekday-2-26-04-1111100',601,,148859,4,,,1,20,,148857,4,,,1,20,,148858,4,,,1,60,,148860,4,,,1,15,,148861,4,,,1,15,,148862,4,,,1,15,,148863,4,,,1,55,,148864,4,,,1,15,,148865,4,,,1,15,,148866,4,,,1
24015001,'150X-Weekday-3-26-04-1111100',601,,148869,4,,,1,20,,148867,4,,,1,20,,148868,4,,,1,60,,148870,4,,,1,15,,148871,4,,,1,15,,148872,4,,,1,15,,148873,4,,,1,55,,148874,4,,,1,15,,148875,4,,,1,15,,148876,4,,,1
