91701,'917-Weekday-1-26-02-0001000',1506,,94039,19,,,1
91701,'917-Weekday-1-26-02-1110100',1636,,94040,19,,,1
91701,'917-Weekday-1-26-02-1111100',508,,94041,19,,,1,30,,94042,19,,,1,70,,94083,19,,,1,20,,94085,19,,,1,21,,94084,19,,,1,60,,94043,19,,,1,20,,94078,19,,,1,20,,94044,19,,,1,60,,94045,19,,,1,20,,94079,19,,,1,20,,94046,19,,,1,60,,94047,19,,,1,30,,94048,19,,,1,70,,94049,19,,,1,30,,94050,19,,,1,70,,94051,19,,,1,30,,94052,19,,,1,70,,94053,19,,,1,30,,94054,19,,,1,70,,94055,19,,,1,30,,94056,19,,,1,70,,94057,19,,,1,30,,94058,19,,,1,73,,94059,19,,,1,31,,94082,19,,,1,15,,94060,19,,,1,55,,94061,19,,,1,15,,94062,19,,,1,15,,94080,19,,,1,15,,94063,19,,,1,55,,94064,19,,,1,15,,94065,19,,,1,15,,94081,19,,,1,15,,94066,19,,,1,55,,94067,19,,,1,27,,94068,19,,,1,69,,94069,19,,,1,30,,94070,19,,,1,70,,94071,19,,,1,30,,94072,19,,,1,70,,94073,19,,,1,30,,94074,19,,,1,70,,94075,19,,,1,100,,94076,19,,,1,100,,94077,19,,,1
91701,'917-Weekday-10-26-02-0001000',1506,,94086,19,,,1
91701,'917-Weekday-10-26-02-1111100',508,,94087,19,,,1,30,,94088,19,,,1,70,,94129,19,,,1,20,,94131,19,,,1,21,,94130,19,,,1,60,,94089,19,,,1,20,,94124,19,,,1,20,,94090,19,,,1,60,,94091,19,,,1,20,,94125,19,,,1,20,,94092,19,,,1,60,,94093,19,,,1,30,,94094,19,,,1,70,,94095,19,,,1,30,,94096,19,,,1,70,,94097,19,,,1,30,,94098,19,,,1,70,,94099,19,,,1,30,,94100,19,,,1,70,,94101,19,,,1,30,,94102,19,,,1,70,,94103,19,,,1,30,,94104,19,,,1,73,,94105,19,,,1,31,,94128,19,,,1,15,,94106,19,,,1,55,,94107,19,,,1,15,,94108,19,,,1,15,,94126,19,,,1,15,,94109,19,,,1,55,,94110,19,,,1,15,,94111,19,,,1,15,,94127,19,,,1,15,,94112,19,,,1,55,,94113,19,,,1,27,,94114,19,,,1,69,,94115,19,,,1,30,,94116,19,,,1,70,,94117,19,,,1,30,,94118,19,,,1,70,,94119,19,,,1,30,,94120,19,,,1,70,,94121,19,,,1,100,,94122,19,,,1,100,,94123,19,,,1
91701,'917-Weekday-2-26-02-0001000',1506,,94132,19,,,1
91701,'917-Weekday-2-26-02-1110100',1636,,94133,19,,,1
91701,'917-Weekday-2-26-02-1111100',508,,94134,19,,,1,30,,94135,19,,,1,70,,94176,19,,,1,20,,94178,19,,,1,21,,94177,19,,,1,60,,94136,19,,,1,20,,94171,19,,,1,20,,94137,19,,,1,60,,94138,19,,,1,20,,94172,19,,,1,20,,94139,19,,,1,60,,94140,19,,,1,30,,94141,19,,,1,70,,94142,19,,,1,30,,94143,19,,,1,70,,94144,19,,,1,30,,94145,19,,,1,70,,94146,19,,,1,30,,94147,19,,,1,70,,94148,19,,,1,30,,94149,19,,,1,70,,94150,19,,,1,30,,94151,19,,,1,73,,94152,19,,,1,31,,94175,19,,,1,15,,94153,19,,,1,55,,94154,19,,,1,15,,94155,19,,,1,15,,94173,19,,,1,15,,94156,19,,,1,55,,94157,19,,,1,15,,94158,19,,,1,15,,94174,19,,,1,15,,94159,19,,,1,55,,94160,19,,,1,27,,94161,19,,,1,69,,94162,19,,,1,30,,94163,19,,,1,70,,94164,19,,,1,30,,94165,19,,,1,70,,94166,19,,,1,30,,94167,19,,,1,70,,94168,19,,,1,100,,94169,19,,,1,100,,94170,19,,,1
91701,'917-Weekday-4-26-02-1111100',508,,94179,19,,,1,30,,94180,19,,,1,70,,94221,19,,,1,20,,94223,19,,,1,21,,94222,19,,,1,60,,94181,19,,,1,20,,94216,19,,,1,20,,94182,19,,,1,60,,94183,19,,,1,20,,94217,19,,,1,20,,94184,19,,,1,60,,94185,19,,,1,30,,94186,19,,,1,70,,94187,19,,,1,30,,94188,19,,,1,70,,94189,19,,,1,30,,94190,19,,,1,70,,94191,19,,,1,30,,94192,19,,,1,70,,94193,19,,,1,30,,94194,19,,,1,70,,94195,19,,,1,30,,94196,19,,,1,73,,94197,19,,,1,31,,94220,19,,,1,15,,94198,19,,,1,55,,94199,19,,,1,15,,94200,19,,,1,15,,94218,19,,,1,15,,94201,19,,,1,55,,94202,19,,,1,15,,94203,19,,,1,15,,94219,19,,,1,15,,94204,19,,,1,55,,94205,19,,,1,27,,94206,19,,,1,69,,94207,19,,,1,30,,94208,19,,,1,70,,94209,19,,,1,30,,94210,19,,,1,70,,94211,19,,,1,30,,94212,19,,,1,70,,94213,19,,,1,100,,94214,19,,,1,100,,94215,19,,,1
91701,'917-Weekday-5-26-02-0001000',1506,,94224,19,,,1
91701,'917-Weekday-5-26-02-1110100',1636,,94225,19,,,1
91701,'917-Weekday-5-26-02-1111100',508,,94226,19,,,1,30,,94227,19,,,1,70,,94268,19,,,1,20,,94270,19,,,1,21,,94269,19,,,1,60,,94228,19,,,1,20,,94263,19,,,1,20,,94229,19,,,1,60,,94230,19,,,1,20,,94264,19,,,1,20,,94231,19,,,1,60,,94232,19,,,1,30,,94233,19,,,1,70,,94234,19,,,1,30,,94235,19,,,1,70,,94236,19,,,1,30,,94237,19,,,1,70,,94238,19,,,1,30,,94239,19,,,1,70,,94240,19,,,1,30,,94241,19,,,1,70,,94242,19,,,1,30,,94243,19,,,1,73,,94244,19,,,1,31,,94267,19,,,1,15,,94245,19,,,1,55,,94246,19,,,1,15,,94247,19,,,1,15,,94265,19,,,1,15,,94248,19,,,1,55,,94249,19,,,1,15,,94250,19,,,1,15,,94266,19,,,1,15,,94251,19,,,1,55,,94252,19,,,1,27,,94253,19,,,1,69,,94254,19,,,1,30,,94255,19,,,1,70,,94256,19,,,1,30,,94257,19,,,1,70,,94258,19,,,1,30,,94259,19,,,1,70,,94260,19,,,1,100,,94261,19,,,1,100,,94262,19,,,1
91701,'917-Weekday-6-26-02-1111100',508,,94271,19,,,1,30,,94272,19,,,1,70,,94313,19,,,1,20,,94315,19,,,1,21,,94314,19,,,1,60,,94273,19,,,1,20,,94308,19,,,1,20,,94274,19,,,1,60,,94275,19,,,1,20,,94309,19,,,1,20,,94276,19,,,1,60,,94277,19,,,1,30,,94278,19,,,1,70,,94279,19,,,1,30,,94280,19,,,1,70,,94281,19,,,1,30,,94282,19,,,1,70,,94283,19,,,1,30,,94284,19,,,1,70,,94285,19,,,1,30,,94286,19,,,1,70,,94287,19,,,1,30,,94288,19,,,1,73,,94289,19,,,1,31,,94312,19,,,1,15,,94290,19,,,1,55,,94291,19,,,1,15,,94292,19,,,1,15,,94310,19,,,1,15,,94293,19,,,1,55,,94294,19,,,1,15,,94295,19,,,1,15,,94311,19,,,1,15,,94296,19,,,1,55,,94297,19,,,1,27,,94298,19,,,1,69,,94299,19,,,1,30,,94300,19,,,1,70,,94301,19,,,1,30,,94302,19,,,1,70,,94303,19,,,1,30,,94304,19,,,1,70,,94305,19,,,1,100,,94306,19,,,1,100,,94307,19,,,1
91701,'917-Weekday-7-26-02-1111100',508,,94316,19,,,1,30,,94317,19,,,1,70,,94358,19,,,1,20,,94360,19,,,1,21,,94359,19,,,1,60,,94318,19,,,1,20,,94353,19,,,1,20,,94319,19,,,1,60,,94320,19,,,1,20,,94354,19,,,1,20,,94321,19,,,1,60,,94322,19,,,1,30,,94323,19,,,1,70,,94324,19,,,1,30,,94325,19,,,1,70,,94326,19,,,1,30,,94327,19,,,1,70,,94328,19,,,1,30,,94329,19,,,1,70,,94330,19,,,1,30,,94331,19,,,1,70,,94332,19,,,1,30,,94333,19,,,1,73,,94334,19,,,1,31,,94357,19,,,1,15,,94335,19,,,1,55,,94336,19,,,1,15,,94337,19,,,1,15,,94355,19,,,1,15,,94338,19,,,1,55,,94339,19,,,1,15,,94340,19,,,1,15,,94356,19,,,1,15,,94341,19,,,1,55,,94342,19,,,1,27,,94343,19,,,1,69,,94344,19,,,1,30,,94345,19,,,1,70,,94346,19,,,1,30,,94347,19,,,1,70,,94348,19,,,1,30,,94349,19,,,1,70,,94350,19,,,1,100,,94351,19,,,1,100,,94352,19,,,1
91701,'917-Weekday-8-26-02-1111100',508,,94361,19,,,1,30,,94362,19,,,1,70,,94403,19,,,1,20,,94405,19,,,1,21,,94404,19,,,1,60,,94363,19,,,1,20,,94398,19,,,1,20,,94364,19,,,1,60,,94365,19,,,1,20,,94399,19,,,1,20,,94366,19,,,1,60,,94367,19,,,1,30,,94368,19,,,1,70,,94369,19,,,1,30,,94370,19,,,1,70,,94371,19,,,1,30,,94372,19,,,1,70,,94373,19,,,1,30,,94374,19,,,1,70,,94375,19,,,1,30,,94376,19,,,1,70,,94377,19,,,1,30,,94378,19,,,1,73,,94379,19,,,1,31,,94402,19,,,1,15,,94380,19,,,1,55,,94381,19,,,1,15,,94382,19,,,1,15,,94400,19,,,1,15,,94383,19,,,1,55,,94384,19,,,1,15,,94385,19,,,1,15,,94401,19,,,1,15,,94386,19,,,1,55,,94387,19,,,1,27,,94388,19,,,1,69,,94389,19,,,1,30,,94390,19,,,1,70,,94391,19,,,1,30,,94392,19,,,1,70,,94393,19,,,1,30,,94394,19,,,1,70,,94395,19,,,1,100,,94396,19,,,1,100,,94397,19,,,1
91701,'917-Weekday-9-26-02-1110100',1636,,94406,19,,,1
91701,'917-Weekday-9-26-02-1111100',508,,94407,19,,,1,30,,94408,19,,,1,70,,94449,19,,,1,20,,94451,19,,,1,21,,94450,19,,,1,60,,94409,19,,,1,20,,94444,19,,,1,20,,94410,19,,,1,60,,94411,19,,,1,20,,94445,19,,,1,20,,94412,19,,,1,60,,94413,19,,,1,30,,94414,19,,,1,70,,94415,19,,,1,30,,94416,19,,,1,70,,94417,19,,,1,30,,94418,19,,,1,70,,94419,19,,,1,30,,94420,19,,,1,70,,94421,19,,,1,30,,94422,19,,,1,70,,94423,19,,,1,30,,94424,19,,,1,73,,94425,19,,,1,31,,94448,19,,,1,15,,94426,19,,,1,55,,94427,19,,,1,15,,94428,19,,,1,15,,94446,19,,,1,15,,94429,19,,,1,55,,94430,19,,,1,15,,94431,19,,,1,15,,94447,19,,,1,15,,94432,19,,,1,55,,94433,19,,,1,27,,94434,19,,,1,69,,94435,19,,,1,30,,94436,19,,,1,70,,94437,19,,,1,30,,94438,19,,,1,70,,94439,19,,,1,30,,94440,19,,,1,70,,94441,19,,,1,100,,94442,19,,,1,100,,94443,19,,,1
91701,'917-Saturday-1-26-02-0000010',633,,94452,19,,,1,100,,94453,19,,,1,70,,94480,19,,,1,30,,94481,19,,,1,71,,94454,19,,,1,30,,94455,19,,,1,70,,94456,19,,,1,30,,94457,19,,,1,70,,94458,19,,,1,30,,94459,19,,,1,70,,94460,19,,,1,30,,94461,19,,,1,70,,94462,19,,,1,30,,94463,19,,,1,70,,94464,19,,,1,30,,94465,19,,,1,70,,94466,19,,,1,30,,94467,19,,,1,70,,94468,19,,,1,30,,94469,19,,,1,70,,94470,19,,,1,30,,94471,19,,,1,70,,94472,19,,,1,30,,94473,19,,,1,70,,94474,19,,,1,100,,94475,19,,,1,100,,94476,19,,,1,100,,94477,19,,,1,100,,94478,19,,,1,100,,94479,19,,,1
91701,'917-Sunday-1-26-02-0000001',638,,94482,19,,,1,100,,94483,19,,,1,100,,94484,19,,,1,98,,94485,19,,,1,100,,94486,19,,,1,70,,94487,19,,,1,30,,94488,19,,,1,70,,94489,19,,,1,30,,94490,19,,,1,70,,94491,19,,,1,30,,94492,19,,,1,70,,94493,19,,,1,30,,94494,19,,,1,70,,94495,19,,,1,30,,94496,19,,,1,70,,94497,19,,,1,30,,94498,19,,,1,71,,94499,19,,,1,30,,94500,19,,,1,70,,94501,19,,,1,30,,94502,19,,,1,70,,94503,19,,,1,30,,94504,19,,,1,100,,94505,19,,,1,100,,94506,19,,,1,100,,94507,19,,,1,100,,94508,19,,,1
