50601,'506-Weekday-1-26-04-1111100',528,,125814,8,,,1,30,,125773,8,,,1,70,,125774,8,,,1,74,,125775,8,,,1,16,,125776,8,,,1,15,,125815,8,,,1,15,,125777,8,,,1,55,,125778,8,,,1,15,,125779,8,,,1,15,,125816,8,,,1,15,,125780,8,,,1,55,,125781,8,,,1,28,,125782,8,,,1,28,,125783,8,,,1,70,,125784,8,,,1,30,,125785,8,,,1,70,,125786,8,,,1,30,,125787,8,,,1,70,,125788,8,,,1,30,,125789,8,,,1,70,,125790,8,,,1,30,,125791,8,,,1,70,,125792,8,,,1,71,,125793,8,,,1,35,,125794,8,,,1,72,,125795,8,,,1,17,,125796,8,,,1,15,,125817,8,,,1,15,,125797,8,,,1,55,,125798,8,,,1,15,,125799,8,,,1,15,,125818,8,,,1,15,,125800,8,,,1,55,,125801,8,,,1,26,,125802,8,,,1,65,,125803,8,,,1,26,,125804,8,,,1,30,,125805,8,,,1,70,,125806,8,,,1,30,,125807,8,,,1,70,,125808,8,,,1,30,,125809,8,,,1,67,,125810,8,,,1,28,,125811,8,,,1,100,,125812,8,,,1
50601,'506-Weekday-2-26-04-1111100',528,,125860,8,,,1,30,,125819,8,,,1,70,,125820,8,,,1,74,,125821,8,,,1,16,,125822,8,,,1,15,,125861,8,,,1,15,,125823,8,,,1,55,,125824,8,,,1,15,,125825,8,,,1,15,,125862,8,,,1,15,,125826,8,,,1,55,,125827,8,,,1,28,,125828,8,,,1,28,,125829,8,,,1,70,,125830,8,,,1,30,,125831,8,,,1,70,,125832,8,,,1,30,,125833,8,,,1,70,,125834,8,,,1,30,,125835,8,,,1,70,,125836,8,,,1,30,,125837,8,,,1,70,,125838,8,,,1,71,,125839,8,,,1,35,,125840,8,,,1,72,,125841,8,,,1,17,,125842,8,,,1,15,,125863,8,,,1,15,,125843,8,,,1,55,,125844,8,,,1,15,,125845,8,,,1,15,,125864,8,,,1,15,,125846,8,,,1,55,,125847,8,,,1,26,,125848,8,,,1,65,,125849,8,,,1,26,,125850,8,,,1,30,,125851,8,,,1,70,,125852,8,,,1,30,,125853,8,,,1,70,,125854,8,,,1,30,,125855,8,,,1,67,,125856,8,,,1,28,,125857,8,,,1,100,,125858,8,,,1
50601,'506-Weekday-3-26-04-1111100',528,,125906,8,,,1,30,,125865,8,,,1,70,,125866,8,,,1,74,,125867,8,,,1,16,,125868,8,,,1,15,,125907,8,,,1,15,,125869,8,,,1,55,,125870,8,,,1,15,,125871,8,,,1,15,,125908,8,,,1,15,,125872,8,,,1,55,,125873,8,,,1,28,,125874,8,,,1,28,,125875,8,,,1,70,,125876,8,,,1,30,,125877,8,,,1,70,,125878,8,,,1,30,,125879,8,,,1,70,,125880,8,,,1,30,,125881,8,,,1,70,,125882,8,,,1,30,,125883,8,,,1,70,,125884,8,,,1,71,,125885,8,,,1,35,,125886,8,,,1,72,,125887,8,,,1,17,,125888,8,,,1,15,,125909,8,,,1,15,,125889,8,,,1,55,,125890,8,,,1,15,,125891,8,,,1,15,,125910,8,,,1,15,,125892,8,,,1,55,,125893,8,,,1,26,,125894,8,,,1,65,,125895,8,,,1,26,,125896,8,,,1,30,,125897,8,,,1,70,,125898,8,,,1,30,,125899,8,,,1,70,,125900,8,,,1,30,,125901,8,,,1,67,,125902,8,,,1,28,,125903,8,,,1,100,,125904,8,,,1
50601,'506-Saturday-1-26-04-0000010',544,,125911,8,,,1,100,,125912,8,,,1,100,,125913,8,,,1,70,,125914,8,,,1,28,,125915,8,,,1,70,,125916,8,,,1,33,,125917,8,,,1,70,,125918,8,,,1,30,,125919,8,,,1,70,,125920,8,,,1,30,,125921,8,,,1,70,,125922,8,,,1,30,,125923,8,,,1,70,,125924,8,,,1,30,,125925,8,,,1,70,,125926,8,,,1,30,,125927,8,,,1,70,,125928,8,,,1,30,,125929,8,,,1,70,,125930,8,,,1,30,,125931,8,,,1,70,,125932,8,,,1,29,,125933,8,,,1,70,,125934,8,,,1,30,,125935,8,,,1,70,,125936,8,,,1,30,,125937,8,,,1,85,,125938,8,,,1,100,,125939,8,,,1,100,,125940,8,,,1,100,,125941,8,,,1
50601,'506-Sunday-1-26-04-0000001',548,,125943,8,,,1,98,,125944,8,,,1,100,,125945,8,,,1,100,,125946,8,,,1,99,,125947,8,,,1,70,,125948,8,,,1,30,,125949,8,,,1,70,,125950,8,,,1,30,,125951,8,,,1,70,,125952,8,,,1,30,,125953,8,,,1,70,,125954,8,,,1,30,,125955,8,,,1,70,,125956,8,,,1,30,,125957,8,,,1,70,,125958,8,,,1,30,,125959,8,,,1,70,,125960,8,,,1,30,,125961,8,,,1,70,,125962,8,,,1,31,,125963,8,,,1,70,,125964,8,,,1,30,,125965,8,,,1,85,,125966,8,,,1,100,,125967,8,,,1,100,,125968,8,,,1,100,,125969,8,,,1,100,,125970,8,,,1
63100,'631-Weekday-1-26-04-1111100',743,,131764,14,,,1
63100,'631-Weekday-2-26-04-1111100',743,,131765,14,,,1
63100,'631-Weekday-3-26-04-1111100',743,,131766,14,,,1
63400,'634-Weekday-1-26-04-0000100',925,,131800,11,,,1,2,,131801,11,,,1
63400,'634-Weekday-1-26-04-1111000',745,,131802,11,,,1,2,,131803,11,,,1,3,,131804,11,,,1
63400,'634-Weekday-2-26-04-0000100',925,,131805,11,,,1,2,,131806,11,,,1
