12101,'121-Weekday-1-26-02-1111100',1359,,41440,3,,,1,60,,41441,3,,,1,20,,41442,3,,,1,20,,41443,3,,,1,61,,41444,3,,,1,20,,41445,3,,,1,60,,41446,3,,,1,20,,41447,3,,,1,20,,41448,3,,,1,60,,41449,3,,,1,20,,41450,3,,,1,20,,41451,3,,,1,60,,41452,3,,,1,20,,41453,3,,,1,20,,41466,3,,,1,18,,41454,3,,,1,60,,41455,3,,,1,20,,41456,3,,,1,20,,41457,3,,,1,60,,41458,3,,,1,20,,41459,3,,,1,20,,41460,3,,,1,60,,41461,3,,,1,20,,41462,3,,,1,20,,41467,3,,,1,58,,41463,3,,,1,100,,41464,3,,,1,100,,41465,3,,,1
12101,'121-Weekday-10-26-02-1111100',1359,,41502,3,,,1,60,,41503,3,,,1,20,,41504,3,,,1,20,,41505,3,,,1,61,,41506,3,,,1,20,,41507,3,,,1,60,,41508,3,,,1,20,,41509,3,,,1,20,,41510,3,,,1,60,,41511,3,,,1,20,,41512,3,,,1,20,,41513,3,,,1,60,,41514,3,,,1,20,,41515,3,,,1,20,,41528,3,,,1,18,,41516,3,,,1,60,,41517,3,,,1,20,,41518,3,,,1,20,,41519,3,,,1,60,,41520,3,,,1,20,,41521,3,,,1,20,,41522,3,,,1,60,,41523,3,,,1,20,,41524,3,,,1,20,,41529,3,,,1,58,,41525,3,,,1,100,,41526,3,,,1,100,,41527,3,,,1
12101,'121-Weekday-2-26-02-1111100',1359,,41564,3,,,1,60,,41565,3,,,1,20,,41566,3,,,1,20,,41567,3,,,1,61,,41568,3,,,1,20,,41569,3,,,1,60,,41570,3,,,1,20,,41571,3,,,1,20,,41572,3,,,1,60,,41573,3,,,1,20,,41574,3,,,1,20,,41575,3,,,1,60,,41576,3,,,1,20,,41577,3,,,1,20,,41590,3,,,1,18,,41578,3,,,1,60,,41579,3,,,1,20,,41580,3,,,1,20,,41581,3,,,1,60,,41582,3,,,1,20,,41583,3,,,1,20,,41584,3,,,1,60,,41585,3,,,1,20,,41586,3,,,1,20,,41591,3,,,1,58,,41587,3,,,1,100,,41588,3,,,1,100,,41589,3,,,1
12101,'121-Weekday-4-26-02-1111100',1359,,41626,3,,,1,60,,41627,3,,,1,20,,41628,3,,,1,20,,41629,3,,,1,61,,41630,3,,,1,20,,41631,3,,,1,60,,41632,3,,,1,20,,41633,3,,,1,20,,41634,3,,,1,60,,41635,3,,,1,20,,41636,3,,,1,20,,41637,3,,,1,60,,41638,3,,,1,20,,41639,3,,,1,20,,41652,3,,,1,18,,41640,3,,,1,60,,41641,3,,,1,20,,41642,3,,,1,20,,41643,3,,,1,60,,41644,3,,,1,20,,41645,3,,,1,20,,41646,3,,,1,60,,41647,3,,,1,20,,41648,3,,,1,20,,41653,3,,,1,58,,41649,3,,,1,100,,41650,3,,,1,100,,41651,3,,,1
12101,'121-Weekday-5-26-02-1111100',1359,,41686,3,,,1,60,,41687,3,,,1,20,,41688,3,,,1,20,,41689,3,,,1,61,,41690,3,,,1,20,,41691,3,,,1,60,,41692,3,,,1,20,,41693,3,,,1,20,,41694,3,,,1,60,,41695,3,,,1,20,,41696,3,,,1,20,,41697,3,,,1,60,,41698,3,,,1,20,,41699,3,,,1,20,,41712,3,,,1,18,,41700,3,,,1,60,,41701,3,,,1,20,,41702,3,,,1,20,,41703,3,,,1,60,,41704,3,,,1,20,,41705,3,,,1,20,,41706,3,,,1,60,,41707,3,,,1,20,,41708,3,,,1,20,,41713,3,,,1,58,,41709,3,,,1,100,,41710,3,,,1,100,,41711,3,,,1
12101,'121-Weekday-6-26-02-1111100',1359,,41748,3,,,1,60,,41749,3,,,1,20,,41750,3,,,1,20,,41751,3,,,1,61,,41752,3,,,1,20,,41753,3,,,1,60,,41754,3,,,1,20,,41755,3,,,1,20,,41756,3,,,1,60,,41757,3,,,1,20,,41758,3,,,1,20,,41759,3,,,1,60,,41760,3,,,1,20,,41761,3,,,1,20,,41774,3,,,1,18,,41762,3,,,1,60,,41763,3,,,1,20,,41764,3,,,1,20,,41765,3,,,1,60,,41766,3,,,1,20,,41767,3,,,1,20,,41768,3,,,1,60,,41769,3,,,1,20,,41770,3,,,1,20,,41775,3,,,1,58,,41771,3,,,1,100,,41772,3,,,1,100,,41773,3,,,1
12101,'121-Weekday-7-26-02-1111100',1359,,41810,3,,,1,60,,41811,3,,,1,20,,41812,3,,,1,20,,41813,3,,,1,61,,41814,3,,,1,20,,41815,3,,,1,60,,41816,3,,,1,20,,41817,3,,,1,20,,41818,3,,,1,60,,41819,3,,,1,20,,41820,3,,,1,20,,41821,3,,,1,60,,41822,3,,,1,20,,41823,3,,,1,20,,41836,3,,,1,18,,41824,3,,,1,60,,41825,3,,,1,20,,41826,3,,,1,20,,41827,3,,,1,60,,41828,3,,,1,20,,41829,3,,,1,20,,41830,3,,,1,60,,41831,3,,,1,20,,41832,3,,,1,20,,41837,3,,,1,58,,41833,3,,,1,100,,41834,3,,,1,100,,41835,3,,,1
12101,'121-Weekday-8-26-02-1111100',1359,,41870,3,,,1,60,,41871,3,,,1,20,,41872,3,,,1,20,,41873,3,,,1,61,,41874,3,,,1,20,,41875,3,,,1,60,,41876,3,,,1,20,,41877,3,,,1,20,,41878,3,,,1,60,,41879,3,,,1,20,,41880,3,,,1,20,,41881,3,,,1,60,,41882,3,,,1,20,,41883,3,,,1,20,,41896,3,,,1,18,,41884,3,,,1,60,,41885,3,,,1,20,,41886,3,,,1,20,,41887,3,,,1,60,,41888,3,,,1,20,,41889,3,,,1,20,,41890,3,,,1,60,,41891,3,,,1,20,,41892,3,,,1,20,,41897,3,,,1,58,,41893,3,,,1,100,,41894,3,,,1,100,,41895,3,,,1
12101,'121-Weekday-9-26-02-1111100',1359,,41932,3,,,1,60,,41933,3,,,1,20,,41934,3,,,1,20,,41935,3,,,1,61,,41936,3,,,1,20,,41937,3,,,1,60,,41938,3,,,1,20,,41939,3,,,1,20,,41940,3,,,1,60,,41941,3,,,1,20,,41942,3,,,1,20,,41943,3,,,1,60,,41944,3,,,1,20,,41945,3,,,1,20,,41958,3,,,1,18,,41946,3,,,1,60,,41947,3,,,1,20,,41948,3,,,1,20,,41949,3,,,1,60,,41950,3,,,1,20,,41951,3,,,1,20,,41952,3,,,1,60,,41953,3,,,1,20,,41954,3,,,1,20,,41959,3,,,1,58,,41955,3,,,1,100,,41956,3,,,1,100,,41957,3,,,1
12101,'121-Saturday-1-26-02-0000010',1420,,41986,3,,,1,20,,41987,3,,,1,60,,42007,3,,,1,20,,41988,3,,,1,20,,41989,3,,,1,60,,42008,3,,,1,20,,41990,3,,,1,20,,41991,3,,,1,60,,42009,3,,,1,20,,41992,3,,,1,20,,41993,3,,,1,60,,42010,3,,,1,20,,41994,3,,,1,20,,41995,3,,,1,60,,42011,3,,,1,20,,41996,3,,,1,100,,41997,3,,,1,100,,41998,3,,,1,100,,41999,3,,,1,100,,41974,3,,,1,100,,42000,3,,,1
12101,'121-Sunday-1-26-02-0000001',1419,,42021,3,,,1,30,,42025,3,,,1,70,,42026,3,,,1,30,,42027,3,,,1,70,,42028,3,,,1,30,,42029,3,,,1,68,,42030,3,,,1,30,,42031,3,,,1,70,,42032,3,,,1,30,,42033,3,,,1,70,,42034,3,,,1,100,,42035,3,,,1,100,,42036,3,,,1,100,,42037,3,,,1,100,,42038,3,,,1
