90400,'904-Weekday-1-26-06-1111100',541,,183484,17,,,1,70,,183485,17,,,1,33,,183486,17,,,1,70,,183487,17,,,1,30,,183488,17,,,1,74,,183489,17,,,1,30,,183517,17,,,1,65,,183490,17,,,1,30,,183491,17,,,1,70,,183492,17,,,1,30,,183493,17,,,1,70,,183494,17,,,1,30,,183495,17,,,1,70,,183496,17,,,1,30,,183497,17,,,1,70,,183498,17,,,1,30,,183499,17,,,1,70,,183500,17,,,1,30,,183501,17,,,1,72,,183502,17,,,1,30,,183503,17,,,1,70,,183504,17,,,1,30,,183505,17,,,1,70,,183506,17,,,1,30,,183507,17,,,1,70,,183508,17,,,1,27,,183509,17,,,1,70,,183510,17,,,1,30,,183511,17,,,1,70,,183512,17,,,1,30,,183513,17,,,1,70,,183514,17,,,1,30,,183515,17,,,1,69,,183518,17,,,1,100,,183516,17,,,1
90400,'904-Weekday-2-26-06-1111100',541,,200556,17,,,1,70,,200557,17,,,1,33,,200558,17,,,1,70,,200559,17,,,1,30,,200560,17,,,1,74,,200561,17,,,1,30,,200589,17,,,1,65,,200562,17,,,1,30,,200563,17,,,1,70,,200564,17,,,1,30,,200565,17,,,1,70,,200566,17,,,1,30,,200567,17,,,1,70,,200568,17,,,1,30,,200569,17,,,1,70,,200570,17,,,1,30,,200571,17,,,1,70,,200572,17,,,1,30,,200573,17,,,1,72,,200574,17,,,1,30,,200575,17,,,1,70,,200576,17,,,1,30,,200577,17,,,1,70,,200578,17,,,1,30,,200579,17,,,1,70,,200580,17,,,1,27,,200581,17,,,1,70,,200582,17,,,1,30,,200583,17,,,1,70,,200584,17,,,1,30,,200585,17,,,1,70,,200586,17,,,1,30,,200587,17,,,1,69,,200590,17,,,1,100,,200588,17,,,1
90400,'904-Saturday-1-26-06-0000010',643,,183545,17,,,1,100,,183519,17,,,1,100,,183520,17,,,1,69,,183521,17,,,1,30,,183522,17,,,1,70,,183523,17,,,1,30,,183524,17,,,1,70,,183525,17,,,1,30,,183526,17,,,1,70,,183527,17,,,1,30,,183528,17,,,1,70,,183529,17,,,1,30,,183530,17,,,1,70,,183531,17,,,1,30,,183532,17,,,1,70,,183533,17,,,1,30,,183534,17,,,1,70,,183535,17,,,1,30,,183536,17,,,1,69,,183538,17,,,1,30,,183539,17,,,1,70,,183540,17,,,1,30,,183537,17,,,1,70,,183541,17,,,1,100,,183542,17,,,1,100,,183543,17,,,1,100,,183544,17,,,1
90400,'904-Sunday-1-26-06-0000001',709,,183546,17,,,1,100,,183547,17,,,1,102,,183548,17,,,1,101,,183567,17,,,1,30,,183549,17,,,1,70,,183550,17,,,1,30,,183551,17,,,1,70,,183552,17,,,1,30,,183554,17,,,1,70,,183555,17,,,1,30,,183556,17,,,1,70,,183553,17,,,1,30,,183557,17,,,1,70,,183558,17,,,1,30,,183559,17,,,1,70,,183560,17,,,1,30,,183561,17,,,1,69,,183562,17,,,1,30,,183563,17,,,1,70,,183564,17,,,1,30,,183565,17,,,1,70,,183566,17,,,1
90400,'904-Sunday-2-26-06-0000001',709,,200591,17,,,1,100,,200592,17,,,1,102,,200593,17,,,1,101,,200612,17,,,1,30,,200594,17,,,1,70,,200595,17,,,1,30,,200596,17,,,1,70,,200597,17,,,1,30,,200599,17,,,1,70,,200600,17,,,1,30,,200601,17,,,1,70,,200598,17,,,1,30,,200602,17,,,1,70,,200603,17,,,1,30,,200604,17,,,1,70,,200605,17,,,1,30,,200606,17,,,1,69,,200607,17,,,1,30,,200608,17,,,1,70,,200609,17,,,1,30,,200610,17,,,1,70,,200611,17,,,1
92400,'924-Weekday-1-26-06-1111100',711,,186100,10,,,1,30,,186101,10,,,1,70,,186102,10,,,1,30,,186103,10,,,1,70,,186104,10,,,1,100,,186105,10,,,1,100,,186106,10,,,1,100,,186107,10,,,1,100,,186108,10,,,1,100,,186109,10,,,1,100,,186110,10,,,1,100,,186111,10,,,1,30,,186112,10,,,1,70,,186113,10,,,1,30,,186114,10,,,1,70,,186115,10,,,1,30,,186116,10,,,1
92400,'924-Weekday-2-26-06-1111100',711,,202390,10,,,1,30,,202391,10,,,1,70,,202392,10,,,1,30,,202393,10,,,1,70,,202394,10,,,1,100,,202395,10,,,1,100,,202396,10,,,1,100,,202397,10,,,1,100,,202398,10,,,1,100,,202399,10,,,1,100,,202400,10,,,1,100,,202401,10,,,1,30,,202402,10,,,1,70,,202403,10,,,1,30,,202404,10,,,1,70,,202405,10,,,1,30,,202406,10,,,1
92400,'924-Saturday-1-26-06-0000010',841,,186117,10,,,1,100,,186118,10,,,1,100,,186119,10,,,1,100,,186120,10,,,1,100,,186121,10,,,1,100,,186122,10,,,1,100,,186123,10,,,1,100,,186124,10,,,1,100,,186125,10,,,1,100,,186126,10,,,1,100,,186127,10,,,1
92400,'924-Sunday-1-26-06-0000001',1041,,186128,10,,,1,100,,186129,10,,,1,100,,186130,10,,,1,100,,186131,10,,,1,100,,186132,10,,,1,100,,186133,10,,,1,100,,186134,10,,,1,100,,186135,10,,,1,100,,186136,10,,,1
92400,'924-Sunday-2-26-06-0000001',1041,,202407,10,,,1,100,,202408,10,,,1,100,,202409,10,,,1,100,,202410,10,,,1,100,,202411,10,,,1,100,,202412,10,,,1,100,,202413,10,,,1,100,,202414,10,,,1,100,,202415,10,,,1
