11900,'119-Weekday-1-26-02-1111100',518,,39770,33,,,1,30,,39771,33,,,1,70,,39772,33,,,1,25,,39773,33,,,1,16,,39774,33,,,1,52,,39775,33,,,1,12,,39776,33,,,1,12,,39818,33,,,1,12,,39777,33,,,1,12,,39778,33,,,1,52,,39779,33,,,1,12,,39780,33,,,1,12,,39819,33,,,1,12,,39781,33,,,1,11,,39782,33,,,1,61,,39783,33,,,1,30,,39784,33,,,1,70,,39785,33,,,1,30,,39786,33,,,1,70,,39787,33,,,1,30,,39788,33,,,1,70,,39789,33,,,1,30,,39790,33,,,1,70,,39791,33,,,1,30,,39792,33,,,1,70,,39793,33,,,1,30,,39794,33,,,1,74,,39795,33,,,1,15,,39796,33,,,1,15,,39797,33,,,1,55,,39798,33,,,1,15,,39799,33,,,1,15,,39800,33,,,1,15,,39801,33,,,1,55,,39802,33,,,1,15,,39803,33,,,1,30,,39804,33,,,1,70,,39805,33,,,1,27,,39806,33,,,1,70,,39807,33,,,1,30,,39808,33,,,1,70,,39809,33,,,1,30,,39810,33,,,1,70,,39811,33,,,1,33,,39812,33,,,1,70,,39813,33,,,1,30,,39814,33,,,1,70,,39815,33,,,1,30,,39816,33,,,1,70,,39817,33,,,1
11900,'119-Weekday-10-26-02-1111100',518,,39820,33,,,1,30,,39821,33,,,1,70,,39822,33,,,1,25,,39823,33,,,1,16,,39824,33,,,1,52,,39825,33,,,1,12,,39826,33,,,1,12,,39868,33,,,1,12,,39827,33,,,1,12,,39828,33,,,1,52,,39829,33,,,1,12,,39830,33,,,1,12,,39869,33,,,1,12,,39831,33,,,1,11,,39832,33,,,1,61,,39833,33,,,1,30,,39834,33,,,1,70,,39835,33,,,1,30,,39836,33,,,1,70,,39837,33,,,1,30,,39838,33,,,1,70,,39839,33,,,1,30,,39840,33,,,1,70,,39841,33,,,1,30,,39842,33,,,1,70,,39843,33,,,1,30,,39844,33,,,1,74,,39845,33,,,1,15,,39846,33,,,1,15,,39847,33,,,1,55,,39848,33,,,1,15,,39849,33,,,1,15,,39850,33,,,1,15,,39851,33,,,1,55,,39852,33,,,1,15,,39853,33,,,1,30,,39854,33,,,1,70,,39855,33,,,1,27,,39856,33,,,1,70,,39857,33,,,1,30,,39858,33,,,1,70,,39859,33,,,1,30,,39860,33,,,1,70,,39861,33,,,1,33,,39862,33,,,1,70,,39863,33,,,1,30,,39864,33,,,1,70,,39865,33,,,1,30,,39866,33,,,1,70,,39867,33,,,1
11900,'119-Weekday-4-26-02-1111100',518,,39920,33,,,1,30,,39921,33,,,1,70,,39922,33,,,1,25,,39923,33,,,1,16,,39924,33,,,1,52,,39925,33,,,1,12,,39926,33,,,1,12,,39968,33,,,1,12,,39927,33,,,1,12,,39928,33,,,1,52,,39929,33,,,1,12,,39930,33,,,1,12,,39969,33,,,1,12,,39931,33,,,1,11,,39932,33,,,1,61,,39933,33,,,1,30,,39934,33,,,1,70,,39935,33,,,1,30,,39936,33,,,1,70,,39937,33,,,1,30,,39938,33,,,1,70,,39939,33,,,1,30,,39940,33,,,1,70,,39941,33,,,1,30,,39942,33,,,1,70,,39943,33,,,1,30,,39944,33,,,1,74,,39945,33,,,1,15,,39946,33,,,1,15,,39947,33,,,1,55,,39948,33,,,1,15,,39949,33,,,1,15,,39950,33,,,1,15,,39951,33,,,1,55,,39952,33,,,1,15,,39953,33,,,1,30,,39954,33,,,1,70,,39955,33,,,1,27,,39956,33,,,1,70,,39957,33,,,1,30,,39958,33,,,1,70,,39959,33,,,1,30,,39960,33,,,1,70,,39961,33,,,1,33,,39962,33,,,1,70,,39963,33,,,1,30,,39964,33,,,1,70,,39965,33,,,1,30,,39966,33,,,1,70,,39967,33,,,1
11900,'119-Weekday-5-26-02-1111100',518,,39970,33,,,1,30,,39971,33,,,1,70,,39972,33,,,1,25,,39973,33,,,1,16,,39974,33,,,1,52,,39975,33,,,1,12,,39976,33,,,1,12,,40018,33,,,1,12,,39977,33,,,1,12,,39978,33,,,1,52,,39979,33,,,1,12,,39980,33,,,1,12,,40019,33,,,1,12,,39981,33,,,1,11,,39982,33,,,1,61,,39983,33,,,1,30,,39984,33,,,1,70,,39985,33,,,1,30,,39986,33,,,1,70,,39987,33,,,1,30,,39988,33,,,1,70,,39989,33,,,1,30,,39990,33,,,1,70,,39991,33,,,1,30,,39992,33,,,1,70,,39993,33,,,1,30,,39994,33,,,1,74,,39995,33,,,1,15,,39996,33,,,1,15,,39997,33,,,1,55,,39998,33,,,1,15,,39999,33,,,1,15,,40000,33,,,1,15,,40001,33,,,1,55,,40002,33,,,1,15,,40003,33,,,1,30,,40004,33,,,1,70,,40005,33,,,1,27,,40006,33,,,1,70,,40007,33,,,1,30,,40008,33,,,1,70,,40009,33,,,1,30,,40010,33,,,1,70,,40011,33,,,1,33,,40012,33,,,1,70,,40013,33,,,1,30,,40014,33,,,1,70,,40015,33,,,1,30,,40016,33,,,1,70,,40017,33,,,1
11900,'119-Weekday-7-26-02-1111100',518,,40070,33,,,1,30,,40071,33,,,1,70,,40072,33,,,1,25,,40073,33,,,1,16,,40074,33,,,1,52,,40075,33,,,1,12,,40076,33,,,1,12,,40118,33,,,1,12,,40077,33,,,1,12,,40078,33,,,1,52,,40079,33,,,1,12,,40080,33,,,1,12,,40119,33,,,1,12,,40081,33,,,1,11,,40082,33,,,1,61,,40083,33,,,1,30,,40084,33,,,1,70,,40085,33,,,1,30,,40086,33,,,1,70,,40087,33,,,1,30,,40088,33,,,1,70,,40089,33,,,1,30,,40090,33,,,1,70,,40091,33,,,1,30,,40092,33,,,1,70,,40093,33,,,1,30,,40094,33,,,1,74,,40095,33,,,1,15,,40096,33,,,1,15,,40097,33,,,1,55,,40098,33,,,1,15,,40099,33,,,1,15,,40100,33,,,1,15,,40101,33,,,1,55,,40102,33,,,1,15,,40103,33,,,1,30,,40104,33,,,1,70,,40105,33,,,1,27,,40106,33,,,1,70,,40107,33,,,1,30,,40108,33,,,1,70,,40109,33,,,1,30,,40110,33,,,1,70,,40111,33,,,1,33,,40112,33,,,1,70,,40113,33,,,1,30,,40114,33,,,1,70,,40115,33,,,1,30,,40116,33,,,1,70,,40117,33,,,1
11900,'119-Saturday-1-26-02-0000010',618,,40220,33,,,1,30,,40221,33,,,1,70,,40222,33,,,1,30,,40223,33,,,1,65,,40224,33,,,1,30,,40225,33,,,1,70,,40226,33,,,1,30,,40227,33,,,1,70,,40228,33,,,1,30,,40229,33,,,1,70,,40230,33,,,1,30,,40231,33,,,1,70,,40232,33,,,1,30,,40233,33,,,1,70,,40234,33,,,1,30,,40235,33,,,1,70,,40236,33,,,1,30,,40237,33,,,1,70,,40238,33,,,1,30,,40239,33,,,1,70,,40240,33,,,1,32,,40241,33,,,1,70,,40242,33,,,1,30,,40243,33,,,1,70,,40244,33,,,1,30,,40245,33,,,1,70,,40246,33,,,1,30,,40247,33,,,1,70,,40248,33,,,1,30,,40249,33,,,1,70,,40250,33,,,1,30,,40251,33,,,1,70,,40252,33,,,1,30,,40253,33,,,1,100,,40254,33,,,1
11900,'119-Sunday-1-26-02-0000001',616,,40278,33,,,1,30,,40281,33,,,1,70,,40279,33,,,1,30,,40282,33,,,1,70,,40280,33,,,1,30,,40283,33,,,1,71,,40255,33,,,1,30,,40284,33,,,1,70,,40256,33,,,1,30,,40257,33,,,1,70,,40258,33,,,1,30,,40259,33,,,1,70,,40260,33,,,1,30,,40261,33,,,1,70,,40262,33,,,1,30,,40263,33,,,1,70,,40264,33,,,1,30,,40265,33,,,1,70,,40266,33,,,1,30,,40267,33,,,1,70,,40268,33,,,1,30,,40269,33,,,1,70,,40270,33,,,1,30,,40271,33,,,1,70,,40272,33,,,1,30,,40285,33,,,1,70,,40273,33,,,1,30,,40286,33,,,1,70,,40274,33,,,1,30,,40287,33,,,1,70,,40275,33,,,1,100,,40276,33,,,1,100,,40277,33,,,1
62600,'626-Weekday-1-26-02-0001000',1235,,60842,24,,,1,4,,60843,24,,,1,4,,60844,24,,,1
62600,'626-Weekday-1-26-02-1110100',1533,,60845,24,,,1,4,,60846,24,,,1,4,,60847,24,,,1
62600,'626-Weekday-5-26-02-0000100',1235,,60854,24,,,1,4,,60855,24,,,1,4,,60856,24,,,1
62600,'626-Weekday-5-26-02-1111000',1533,,60857,24,,,1,4,,60858,24,,,1,4,,60859,24,,,1
62600,'626-Weekday-9-26-02-0001000',1235,,60866,24,,,1,4,,60867,24,,,1,4,,60868,24,,,1
