62500,'625-Weekday-1-26-02-0001000',1240,,60821,32,,,1
62500,'625-Weekday-1-26-02-1110100',1541,,60822,32,,,1
62500,'625-Weekday-5-26-02-0000100',1240,,60825,32,,,1
62500,'625-Weekday-5-26-02-1111000',1541,,60826,32,,,1
62500,'625-Weekday-9-26-02-0001000',1240,,60829,32,,,1
24014000,'140X-Weekday-1-26-02-1111100',1527,,102895,26,,,1,20,,102896,26,,,1,60,,102897,26,,,1,20,,102898,26,,,1,20,,102899,26,,,1,60,,102900,26,,,1,20,,102901,26,,,1,20,,102902,26,,,1,60,,102903,26,,,1
24014000,'140X-Weekday-10-26-02-1111100',1527,,102904,26,,,1,20,,102905,26,,,1,60,,102906,26,,,1,20,,102907,26,,,1,20,,102908,26,,,1,60,,102909,26,,,1,20,,102910,26,,,1,20,,102911,26,,,1,60,,102912,26,,,1
24014000,'140X-Weekday-4-26-02-1111100',1527,,102922,26,,,1,20,,102923,26,,,1,60,,102924,26,,,1,20,,102925,26,,,1,20,,102926,26,,,1,60,,102927,26,,,1,20,,102928,26,,,1,20,,102929,26,,,1,60,,102930,26,,,1
24014000,'140X-Weekday-5-26-02-1111100',1527,,102931,26,,,1,20,,102932,26,,,1,60,,102933,26,,,1,20,,102934,26,,,1,20,,102935,26,,,1,60,,102936,26,,,1,20,,102937,26,,,1,20,,102938,26,,,1,60,,102939,26,,,1
24014000,'140X-Weekday-7-26-02-1111100',1527,,102949,26,,,1,20,,102950,26,,,1,60,,102951,26,,,1,20,,102952,26,,,1,20,,102953,26,,,1,60,,102954,26,,,1,20,,102955,26,,,1,20,,102956,26,,,1,60,,102957,26,,,1
