52200,'522-Weekday-1-26-02-1111100',621,,108664,,,1,32,,108665,,,1,71,,108666,,,1,30,,108667,,,1,70,,108668,,,1,30,,108669,,,1,68,,108670,,,1,99,,108671,,,1,100,,108672,,,1,100,,108673,,,1,100,,108674,,,1,100,,108675,,,1,103,,108676,,,1,32,,108677,,,1,70,,108678,,,1,30,,108679,,,1,70,,108680,,,1,30,,108681,,,1,69,,108682,,,1,97,,108683,,,1,100,,108684,,,1,100,,108685,,,1,98,,108686,,,1
52200,'522-Weekday-10-26-02-1111100',621,,158977,,,1,32,,158978,,,1,71,,158979,,,1,30,,158980,,,1,70,,158981,,,1,30,,158982,,,1,68,,158983,,,1,99,,158984,,,1,100,,158985,,,1,100,,158986,,,1,100,,158987,,,1,100,,158988,,,1,103,,158989,,,1,32,,158990,,,1,70,,158991,,,1,30,,158992,,,1,70,,158993,,,1,30,,158994,,,1,69,,158995,,,1,97,,158996,,,1,100,,158997,,,1,100,,158998,,,1,98,,158999,,,1
52200,'522-Weekday-2-26-02-1111100',621,,108687,,,1,32,,108688,,,1,71,,108689,,,1,30,,108690,,,1,70,,108691,,,1,30,,108692,,,1,68,,108693,,,1,99,,108694,,,1,100,,108695,,,1,100,,108696,,,1,100,,108697,,,1,100,,108698,,,1,103,,108699,,,1,32,,108700,,,1,70,,108701,,,1,30,,108702,,,1,70,,108703,,,1,30,,108704,,,1,69,,108705,,,1,97,,108706,,,1,100,,108707,,,1,100,,108708,,,1,98,,108709,,,1
52200,'522-Weekday-4-26-02-1111100',621,,108710,,,1,32,,108711,,,1,71,,108712,,,1,30,,108713,,,1,70,,108714,,,1,30,,108715,,,1,68,,108716,,,1,99,,108717,,,1,100,,108718,,,1,100,,108719,,,1,100,,108720,,,1,100,,108721,,,1,103,,108722,,,1,32,,108723,,,1,70,,108724,,,1,30,,108725,,,1,70,,108726,,,1,30,,108727,,,1,69,,108728,,,1,97,,108729,,,1,100,,108730,,,1,100,,108731,,,1,98,,108732,,,1
52200,'522-Weekday-5-26-02-1111100',621,,108733,,,1,32,,108734,,,1,71,,108735,,,1,30,,108736,,,1,70,,108737,,,1,30,,108738,,,1,68,,108739,,,1,99,,108740,,,1,100,,108741,,,1,100,,108742,,,1,100,,108743,,,1,100,,108744,,,1,103,,108745,,,1,32,,108746,,,1,70,,108747,,,1,30,,108748,,,1,70,,108749,,,1,30,,108750,,,1,69,,108751,,,1,97,,108752,,,1,100,,108753,,,1,100,,108754,,,1,98,,108755,,,1
52200,'522-Weekday-6-26-02-1111100',621,,108756,,,1,32,,108757,,,1,71,,108758,,,1,30,,108759,,,1,70,,108760,,,1,30,,108761,,,1,68,,108762,,,1,99,,108763,,,1,100,,108764,,,1,100,,108765,,,1,100,,108766,,,1,100,,108767,,,1,103,,108768,,,1,32,,108769,,,1,70,,108770,,,1,30,,108771,,,1,70,,108772,,,1,30,,108773,,,1,69,,108774,,,1,97,,108775,,,1,100,,108776,,,1,100,,108777,,,1,98,,108778,,,1
52200,'522-Weekday-7-26-02-1111100',621,,108779,,,1,32,,108780,,,1,71,,108781,,,1,30,,108782,,,1,70,,108783,,,1,30,,108784,,,1,68,,108785,,,1,99,,108786,,,1,100,,108787,,,1,100,,108788,,,1,100,,108789,,,1,100,,108790,,,1,103,,108791,,,1,32,,108792,,,1,70,,108793,,,1,30,,108794,,,1,70,,108795,,,1,30,,108796,,,1,69,,108797,,,1,97,,108798,,,1,100,,108799,,,1,100,,108800,,,1,98,,108801,,,1
52200,'522-Weekday-8-26-02-1111100',621,,108802,,,1,32,,108803,,,1,71,,108804,,,1,30,,108805,,,1,70,,108806,,,1,30,,108807,,,1,68,,108808,,,1,99,,108809,,,1,100,,108810,,,1,100,,108811,,,1,100,,108812,,,1,100,,108813,,,1,103,,108814,,,1,32,,108815,,,1,70,,108816,,,1,30,,108817,,,1,70,,108818,,,1,30,,108819,,,1,69,,108820,,,1,97,,108821,,,1,100,,108822,,,1,100,,108823,,,1,98,,108824,,,1
52200,'522-Weekday-9-26-02-1111100',621,,108825,,,1,32,,108826,,,1,71,,108827,,,1,30,,108828,,,1,70,,108829,,,1,30,,108830,,,1,68,,108831,,,1,99,,108832,,,1,100,,108833,,,1,100,,108834,,,1,100,,108835,,,1,100,,108836,,,1,103,,108837,,,1,32,,108838,,,1,70,,108839,,,1,30,,108840,,,1,70,,108841,,,1,30,,108842,,,1,69,,108843,,,1,97,,108844,,,1,100,,108845,,,1,100,,108846,,,1,98,,108847,,,1
52200,'522-Saturday-1-26-02-0000010',836,,108848,,,1,101,,108849,,,1,100,,108850,,,1,100,,108851,,,1,100,,108852,,,1,100,,108853,,,1,100,,108854,,,1,100,,108855,,,1,100,,108856,,,1,98,,108857,,,1,100,,108858,,,1
52200,'522-Sunday-1-26-02-0000001',1005,,108859,,,1,100,,108860,,,1,100,,108861,,,1,100,,108862,,,1,100,,108863,,,1,100,,108864,,,1,100,,108865,,,1,100,,108866,,,1,100,,108867,,,1
