50701,'507-Weekday-1-25-12-1111100',527,,26334,,,1,30,,26335,,,1,70,,26336,,,1,22,,26370,,,1,55,,26337,,,1,22,,26366,,,1,15,,26339,,,1,15,,26367,,,1,55,,26341,,,1,15,,26368,,,1,15,,26342,,,1,65,,26338,,,1,24,,26340,,,1,24,,26344,,,1,70,,26345,,,1,30,,26346,,,1,70,,26347,,,1,30,,26348,,,1,70,,26349,,,1,30,,26329,,,1,70,,26330,,,1,30,,26331,,,1,70,,26332,,,1,31,,26333,,,1,72,,26343,,,1,75,,26350,,,1,30,,26351,,,1,70,,26352,,,1,30,,26353,,,1,70,,26354,,,1,29,,26355,,,1,28,,26356,,,1,65,,26357,,,1,31,,26358,,,1,70,,26359,,,1,30,,26360,,,1,70,,26361,,,1,30,,26362,,,1,67,,26363,,,1,27,,26369,,,1,90,,26364,,,1,100,,26365,,,1
50701,'507-Weekday-2-25-12-1111100',527,,26376,,,1,30,,26377,,,1,70,,26378,,,1,22,,26412,,,1,55,,26379,,,1,22,,26408,,,1,15,,26381,,,1,15,,26409,,,1,55,,26383,,,1,15,,26410,,,1,15,,26384,,,1,65,,26380,,,1,24,,26382,,,1,24,,26386,,,1,70,,26387,,,1,30,,26388,,,1,70,,26389,,,1,30,,26390,,,1,70,,26391,,,1,30,,26371,,,1,70,,26372,,,1,30,,26373,,,1,70,,26374,,,1,31,,26375,,,1,72,,26385,,,1,75,,26392,,,1,30,,26393,,,1,70,,26394,,,1,30,,26395,,,1,70,,26396,,,1,29,,26397,,,1,28,,26398,,,1,65,,26399,,,1,31,,26400,,,1,70,,26401,,,1,30,,26402,,,1,70,,26403,,,1,30,,26404,,,1,67,,26405,,,1,27,,26411,,,1,90,,26406,,,1,100,,26407,,,1
50701,'507-Weekday-3-25-12-1111100',527,,26418,,,1,30,,26419,,,1,70,,26420,,,1,77,,26421,,,1,22,,26450,,,1,15,,26423,,,1,15,,26451,,,1,55,,26425,,,1,15,,26452,,,1,15,,26426,,,1,65,,26422,,,1,24,,26424,,,1,24,,26428,,,1,70,,26429,,,1,30,,26430,,,1,70,,26431,,,1,30,,26432,,,1,70,,26433,,,1,30,,26413,,,1,70,,26414,,,1,30,,26415,,,1,70,,26416,,,1,31,,26417,,,1,72,,26427,,,1,75,,26434,,,1,30,,26435,,,1,70,,26436,,,1,30,,26437,,,1,70,,26438,,,1,29,,26439,,,1,28,,26440,,,1,65,,26441,,,1,31,,26442,,,1,70,,26443,,,1,30,,26444,,,1,70,,26445,,,1,30,,26446,,,1,67,,26447,,,1,27,,26453,,,1,90,,26448,,,1,100,,26449,,,1,100,,26454,,,1,100,,26455,,,1
50701,'507-Weekday-5-25-12-1111100',527,,26461,,,1,30,,26462,,,1,70,,26463,,,1,22,,26497,,,1,55,,26464,,,1,22,,26493,,,1,15,,26466,,,1,15,,26494,,,1,55,,26468,,,1,15,,26495,,,1,15,,26469,,,1,65,,26465,,,1,24,,26467,,,1,24,,26471,,,1,70,,26472,,,1,30,,26473,,,1,70,,26474,,,1,30,,26475,,,1,70,,26476,,,1,30,,26456,,,1,70,,26457,,,1,30,,26458,,,1,70,,26459,,,1,31,,26460,,,1,72,,26470,,,1,75,,26477,,,1,30,,26478,,,1,70,,26479,,,1,30,,26480,,,1,70,,26481,,,1,29,,26482,,,1,28,,26483,,,1,65,,26484,,,1,31,,26485,,,1,70,,26486,,,1,30,,26487,,,1,70,,26488,,,1,30,,26489,,,1,67,,26490,,,1,27,,26496,,,1,90,,26491,,,1,100,,26492,,,1
50701,'507-Saturday-1-25-12-0000010',534,,26499,,,1,100,,26501,,,1,100,,26502,,,1,70,,26500,,,1,30,,26503,,,1,70,,26504,,,1,33,,26505,,,1,72,,26506,,,1,30,,26507,,,1,70,,26508,,,1,30,,26509,,,1,70,,26510,,,1,30,,26511,,,1,70,,26512,,,1,30,,26513,,,1,70,,26514,,,1,30,,26515,,,1,70,,26516,,,1,30,,26517,,,1,70,,26518,,,1,30,,26519,,,1,69,,26520,,,1,28,,26521,,,1,69,,26522,,,1,30,,26523,,,1,70,,26524,,,1,100,,26525,,,1,100,,26526,,,1,100,,26527,,,1,100,,26528,,,1
50701,'507-Sunday-1-25-12-0000001',602,,26554,,,1,100,,26529,,,1,100,,26530,,,1,100,,26531,,,1,106,,26532,,,1,30,,26555,,,1,70,,26533,,,1,30,,26534,,,1,70,,26535,,,1,30,,26536,,,1,70,,26537,,,1,30,,26538,,,1,70,,26539,,,1,30,,26540,,,1,70,,26541,,,1,30,,26542,,,1,70,,26543,,,1,30,,26544,,,1,69,,26545,,,1,28,,26546,,,1,69,,26547,,,1,30,,26548,,,1,70,,26549,,,1,51,,26550,,,1,100,,26551,,,1,100,,26552,,,1,100,,26553,,,1
50701,'507-Sunday-1-26-02-0000001',602,,26582,,,1,100,,26557,,,1,100,,26558,,,1,100,,26559,,,1,106,,26560,,,1,30,,26583,,,1,70,,26561,,,1,30,,26562,,,1,70,,26563,,,1,30,,26564,,,1,70,,26565,,,1,30,,26566,,,1,70,,26567,,,1,30,,26568,,,1,70,,26569,,,1,30,,26570,,,1,70,,26571,,,1,30,,26572,,,1,69,,26573,,,1,28,,26574,,,1,69,,26575,,,1,30,,26576,,,1,70,,26577,,,1,51,,26578,,,1,100,,26579,,,1,100,,26580,,,1,100,,26581,,,1
50801,'508-Weekday-1-25-12-1111100',536,,26809,,,1,70,,26810,,,1,31,,26811,,,1,70,,26812,,,1,15,,26813,,,1,15,,26837,,,1,15,,26814,,,1,55,,26816,,,1,15,,26817,,,1,15,,26818,,,1,15,,26838,,,1,69,,26836,,,1,30,,26839,,,1,70,,26840,,,1,30,,26841,,,1,70,,26842,,,1,30,,26843,,,1,70,,26844,,,1,30,,26845,,,1,70,,26846,,,1,30,,26847,,,1,70,,26848,,,1,30,,26849,,,1,54,,26820,,,1,15,,26821,,,1,15,,26850,,,1,15,,26823,,,1,55,,26824,,,1,15,,26825,,,1,15,,26827,,,1,15,,26829,,,1,55,,26828,,,1,15,,26831,,,1,15,,26832,,,1,70,,26833,,,1,30,,26834,,,1,70,,26835,,,1,30,,26830,,,1,70,,26826,,,1,30,,26822,,,1,70,,26819,,,1,30,,26815,,,1,70,,26851,,,1
50801,'508-Weekday-2-25-12-1111100',536,,26852,,,1,70,,26853,,,1,31,,26854,,,1,70,,26855,,,1,29,,26856,,,1,20,,26876,,,1,60,,26857,,,1,20,,26859,,,1,19,,26860,,,1,66,,26875,,,1,30,,26877,,,1,70,,26878,,,1,30,,26879,,,1,70,,26880,,,1,30,,26881,,,1,70,,26882,,,1,30,,26883,,,1,70,,26884,,,1,30,,26885,,,1,70,,26886,,,1,30,,26887,,,1,59,,26862,,,1,20,,26863,,,1,20,,26888,,,1,60,,26865,,,1,20,,26866,,,1,20,,26867,,,1,60,,26869,,,1,25,,26871,,,1,70,,26872,,,1,30,,26873,,,1,70,,26874,,,1,30,,26870,,,1,70,,26868,,,1,30,,26864,,,1,70,,26861,,,1,30,,26858,,,1,70,,26889,,,1
50801,'508-Weekday-3-25-12-1111100',536,,26890,,,1,70,,26891,,,1,31,,26892,,,1,70,,26893,,,1,29,,26894,,,1,20,,26914,,,1,60,,26895,,,1,20,,26897,,,1,19,,26898,,,1,66,,26913,,,1,30,,26915,,,1,70,,26916,,,1,30,,26917,,,1,70,,26918,,,1,30,,26919,,,1,70,,26920,,,1,30,,26921,,,1,70,,26922,,,1,30,,26923,,,1,70,,26924,,,1,30,,26925,,,1,59,,26900,,,1,20,,26901,,,1,20,,26926,,,1,60,,26903,,,1,20,,26904,,,1,20,,26905,,,1,60,,26907,,,1,25,,26909,,,1,70,,26910,,,1,30,,26911,,,1,70,,26912,,,1,30,,26908,,,1,70,,26906,,,1,30,,26902,,,1,70,,26899,,,1,30,,26896,,,1,70,,26927,,,1
50801,'508-Weekday-5-25-12-1111100',536,,26928,,,1,70,,26929,,,1,31,,26930,,,1,70,,26931,,,1,15,,26932,,,1,15,,26956,,,1,15,,26933,,,1,55,,26935,,,1,15,,26936,,,1,15,,26937,,,1,15,,26957,,,1,69,,26955,,,1,30,,26958,,,1,70,,26959,,,1,30,,26960,,,1,70,,26961,,,1,30,,26962,,,1,70,,26963,,,1,30,,26964,,,1,70,,26965,,,1,30,,26966,,,1,70,,26967,,,1,30,,26968,,,1,54,,26939,,,1,15,,26940,,,1,15,,26969,,,1,15,,26942,,,1,55,,26943,,,1,15,,26944,,,1,15,,26946,,,1,15,,26948,,,1,55,,26947,,,1,15,,26950,,,1,15,,26951,,,1,70,,26952,,,1,30,,26953,,,1,70,,26954,,,1,30,,26949,,,1,70,,26945,,,1,30,,26941,,,1,70,,26938,,,1,30,,26934,,,1,70,,26970,,,1
50801,'508-Saturday-1-25-12-0000010',609,,26971,,,1,100,,26972,,,1,100,,26973,,,1,30,,26974,,,1,70,,26975,,,1,30,,26976,,,1,70,,26977,,,1,30,,26978,,,1,70,,26979,,,1,30,,26980,,,1,70,,26981,,,1,30,,26982,,,1,70,,26983,,,1,30,,26984,,,1,70,,26985,,,1,30,,26986,,,1,70,,26987,,,1,30,,26988,,,1,70,,26989,,,1,30,,26990,,,1,70,,26991,,,1,30,,26992,,,1,70,,26993,,,1,30,,26994,,,1,70,,26995,,,1
50801,'508-Sunday-1-25-12-0000001',1011,,26996,,,1,30,,26997,,,1,70,,26998,,,1,30,,26999,,,1,70,,27000,,,1,30,,27001,,,1,70,,27002,,,1,30,,27003,,,1,70,,27004,,,1,30,,27005,,,1,70,,27006,,,1,30,,27007,,,1,70,,27008,,,1,30,,27009,,,1,70,,27010,,,1,30,,27011,,,1,70,,27012,,,1,30,,27013,,,1
50801,'508-Sunday-1-26-02-0000001',1011,,27014,,,1,30,,27015,,,1,70,,27016,,,1,30,,27017,,,1,70,,27018,,,1,30,,27019,,,1,70,,27020,,,1,30,,27021,,,1,70,,27022,,,1,30,,27023,,,1,70,,27024,,,1,30,,27025,,,1,70,,27026,,,1,30,,27027,,,1,70,,27028,,,1,30,,27029,,,1,70,,27030,,,1,30,,27031,,,1
