11600,'116-Weekday-1-26-04-0001000',1203,,122229,2,,,1
11600,'116-Weekday-1-26-04-1110100',1512,,122230,2,,,1
11600,'116-Weekday-1-26-04-1111100',545,,122231,22,,,1,70,,122232,22,,,1,31,,122276,22,,,1,55,,122234,22,,,1,15,,122269,22,,,1,15,,122235,22,,,1,15,,122236,22,,,1,10,,122274,22,,,1,45,,122237,22,,,1,9,,122275,22,,,1,6,,122270,22,,,1,15,,122238,22,,,1,15,,122239,22,,,1,58,,122240,22,,,1,29,,122241,22,,,1,70,,122242,22,,,1,30,,122243,22,,,1,70,,122244,22,,,1,30,,122245,22,,,1,70,,122246,22,,,1,30,,122247,22,,,1,70,,122248,22,,,1,30,,122249,22,,,1,70,,122250,22,,,1,30,,122251,22,,,1,70,,122252,22,,,1,21,,122253,22,,,1,20,,122271,22,,,1,60,,122254,22,,,1,20,,122255,22,,,1,20,,122272,22,,,1,60,,122256,22,,,1,20,,122267,22,,,1,20,,122273,22,,,1,60,,122257,22,,,1,29,,122258,22,,,1,69,,122259,22,,,1,30,,122260,22,,,1,70,,122261,22,,,1,30,,122262,22,,,1,70,,122263,22,,,1,30,,122264,22,,,1,70,,122265,22,,,1,30,,122268,22,,,1,100,,122266,22,,,1,100,,122233,22,,,1
11600,'116-Weekday-2-26-04-1111100',545,,122277,22,,,1,70,,122278,22,,,1,31,,122320,22,,,1,55,,122280,22,,,1,15,,122315,22,,,1,15,,122281,22,,,1,15,,122282,22,,,1,55,,122283,22,,,1,15,,122316,22,,,1,15,,122284,22,,,1,15,,122285,22,,,1,58,,122286,22,,,1,29,,122287,22,,,1,70,,122288,22,,,1,30,,122289,22,,,1,70,,122290,22,,,1,30,,122291,22,,,1,70,,122292,22,,,1,30,,122293,22,,,1,70,,122294,22,,,1,30,,122295,22,,,1,70,,122296,22,,,1,30,,122297,22,,,1,70,,122298,22,,,1,21,,122299,22,,,1,20,,122317,22,,,1,60,,122300,22,,,1,20,,122301,22,,,1,20,,122318,22,,,1,60,,122302,22,,,1,20,,122313,22,,,1,20,,122319,22,,,1,60,,122303,22,,,1,29,,122304,22,,,1,69,,122305,22,,,1,30,,122306,22,,,1,70,,122307,22,,,1,30,,122308,22,,,1,70,,122309,22,,,1,30,,122310,22,,,1,70,,122311,22,,,1,30,,122314,22,,,1,100,,122312,22,,,1,100,,122279,22,,,1
11600,'116-Weekday-3-26-04-0001000',1203,,122321,2,,,1
11600,'116-Weekday-3-26-04-1110100',1512,,122322,2,,,1
11600,'116-Weekday-3-26-04-1111100',545,,122323,22,,,1,70,,122324,22,,,1,31,,122368,22,,,1,55,,122326,22,,,1,15,,122361,22,,,1,15,,122327,22,,,1,15,,122328,22,,,1,10,,122366,22,,,1,45,,122329,22,,,1,9,,122367,22,,,1,6,,122362,22,,,1,15,,122330,22,,,1,15,,122331,22,,,1,58,,122332,22,,,1,29,,122333,22,,,1,70,,122334,22,,,1,30,,122335,22,,,1,70,,122336,22,,,1,30,,122337,22,,,1,70,,122338,22,,,1,30,,122339,22,,,1,70,,122340,22,,,1,30,,122341,22,,,1,70,,122342,22,,,1,30,,122343,22,,,1,70,,122344,22,,,1,21,,122345,22,,,1,20,,122363,22,,,1,60,,122346,22,,,1,20,,122347,22,,,1,20,,122364,22,,,1,60,,122348,22,,,1,20,,122359,22,,,1,20,,122365,22,,,1,60,,122349,22,,,1,29,,122350,22,,,1,69,,122351,22,,,1,30,,122352,22,,,1,70,,122353,22,,,1,30,,122354,22,,,1,70,,122355,22,,,1,30,,122356,22,,,1,70,,122357,22,,,1,30,,122360,22,,,1,100,,122358,22,,,1,100,,122325,22,,,1
11600,'116-Saturday-1-26-04-0000010',615,,122397,22,,,1,100,,122396,22,,,1,100,,122369,22,,,1,30,,122398,22,,,1,71,,122370,22,,,1,30,,122371,22,,,1,70,,122372,22,,,1,30,,122373,22,,,1,70,,122374,22,,,1,30,,122375,22,,,1,70,,122376,22,,,1,30,,122377,22,,,1,70,,122378,22,,,1,30,,122379,22,,,1,70,,122380,22,,,1,30,,122381,22,,,1,70,,122382,22,,,1,30,,122383,22,,,1,70,,122384,22,,,1,30,,122385,22,,,1,69,,122386,22,,,1,30,,122387,22,,,1,71,,122388,22,,,1,30,,122389,22,,,1,70,,122390,22,,,1,85,,122391,22,,,1,100,,122392,22,,,1,100,,122393,22,,,1,100,,122394,22,,,1,100,,122395,22,,,1
11600,'116-Sunday-1-26-04-0000001',700,,122399,22,,,1,100,,122400,22,,,1,100,,122401,22,,,1,101,,122402,22,,,1,30,,122403,22,,,1,70,,122404,22,,,1,30,,122405,22,,,1,70,,122406,22,,,1,30,,122407,22,,,1,70,,122408,22,,,1,30,,122409,22,,,1,70,,122410,22,,,1,30,,122411,22,,,1,70,,122412,22,,,1,30,,122413,22,,,1,70,,122414,22,,,1,30,,122415,22,,,1,70,,122416,22,,,1,29,,122417,22,,,1,29,,122418,22,,,1,69,,122419,22,,,1,30,,122420,22,,,1,70,,122423,22,,,1,30,,122421,22,,,1,70,,122424,22,,,1,30,,122422,22,,,1
62700,'627-Weekday-1-26-04-1111100',1539,,131747,35,,,1
62700,'627-Weekday-2-26-04-1111100',1539,,131748,35,,,1
