90300,'DX-903-Weekday-1-25-12-1111100',518,,46356,,,1,30,,46357,,,1,70,,46358,,,1,26,,46359,,,1,60,,46360,,,1,20,,46361,,,1,20,,46362,,,1,58,,46363,,,1,18,,46364,,,1,20,,46365,,,1,60,,46366,,,1,17,,46398,,,1,20,,46367,,,1,20,,46399,,,1,60,,46368,,,1,20,,46369,,,1,20,,46400,,,1,60,,46370,,,1,20,,46371,,,1,20,,46401,,,1,60,,46372,,,1,20,,46373,,,1,20,,46402,,,1,60,,46374,,,1,20,,46375,,,1,20,,46403,,,1,60,,46376,,,1,20,,46377,,,1,15,,46404,,,1,56,,46378,,,1,15,,46379,,,1,15,,46380,,,1,15,,46381,,,1,55,,46382,,,1,15,,46383,,,1,15,,46384,,,1,15,,46405,,,1,55,,46406,,,1,22,,46385,,,1,70,,46386,,,1,31,,46387,,,1,72,,46388,,,1,30,,46389,,,1,70,,46390,,,1,30,,46391,,,1,70,,46392,,,1,30,,46393,,,1,70,,46394,,,1,99,,46395,,,1,100,,46396,,,1,100,,46397,,,1
90300,'DX-903-Weekday-2-25-12-1111100',518,,46407,,,1,30,,46408,,,1,70,,46409,,,1,26,,46410,,,1,60,,46411,,,1,20,,46412,,,1,20,,46413,,,1,58,,46414,,,1,18,,46415,,,1,20,,46416,,,1,60,,46417,,,1,17,,46449,,,1,20,,46418,,,1,20,,46450,,,1,60,,46419,,,1,20,,46420,,,1,20,,46451,,,1,60,,46421,,,1,20,,46422,,,1,20,,46452,,,1,60,,46423,,,1,20,,46424,,,1,20,,46453,,,1,60,,46425,,,1,20,,46426,,,1,20,,46454,,,1,60,,46427,,,1,20,,46428,,,1,15,,46455,,,1,56,,46429,,,1,15,,46430,,,1,15,,46431,,,1,15,,46432,,,1,55,,46433,,,1,15,,46434,,,1,15,,46435,,,1,15,,46456,,,1,55,,46457,,,1,22,,46436,,,1,70,,46437,,,1,31,,46438,,,1,72,,46439,,,1,30,,46440,,,1,70,,46441,,,1,30,,46442,,,1,70,,46443,,,1,30,,46444,,,1,70,,46445,,,1,99,,46446,,,1,100,,46447,,,1,100,,46448,,,1
90300,'DX-903-Weekday-3-25-12-1111100',518,,46458,,,1,30,,46459,,,1,70,,46460,,,1,26,,46461,,,1,60,,46462,,,1,20,,46463,,,1,20,,46464,,,1,58,,46465,,,1,18,,46466,,,1,20,,46467,,,1,60,,46468,,,1,17,,46500,,,1,20,,46469,,,1,20,,46501,,,1,60,,46470,,,1,20,,46471,,,1,20,,46502,,,1,60,,46472,,,1,20,,46473,,,1,20,,46503,,,1,60,,46474,,,1,20,,46475,,,1,20,,46504,,,1,60,,46476,,,1,20,,46477,,,1,20,,46505,,,1,60,,46478,,,1,20,,46479,,,1,15,,46506,,,1,56,,46480,,,1,15,,46481,,,1,15,,46482,,,1,15,,46483,,,1,55,,46484,,,1,15,,46485,,,1,15,,46486,,,1,15,,46507,,,1,55,,46508,,,1,22,,46487,,,1,70,,46488,,,1,31,,46489,,,1,72,,46490,,,1,30,,46491,,,1,70,,46492,,,1,30,,46493,,,1,70,,46494,,,1,30,,46495,,,1,70,,46496,,,1,99,,46497,,,1,100,,46498,,,1,100,,46499,,,1,100,,46509,,,1,100,,46510,,,1
90300,'DX-903-Weekday-5-25-12-1111100',518,,46511,,,1,30,,46512,,,1,70,,46513,,,1,26,,46514,,,1,60,,46515,,,1,20,,46516,,,1,20,,46517,,,1,58,,46518,,,1,18,,46519,,,1,20,,46520,,,1,60,,46521,,,1,17,,46553,,,1,20,,46522,,,1,20,,46554,,,1,60,,46523,,,1,20,,46524,,,1,20,,46555,,,1,60,,46525,,,1,20,,46526,,,1,20,,46556,,,1,60,,46527,,,1,20,,46528,,,1,20,,46557,,,1,60,,46529,,,1,20,,46530,,,1,20,,46558,,,1,60,,46531,,,1,20,,46532,,,1,15,,46559,,,1,56,,46533,,,1,15,,46534,,,1,15,,46535,,,1,15,,46536,,,1,55,,46537,,,1,15,,46538,,,1,15,,46539,,,1,15,,46560,,,1,55,,46561,,,1,22,,46540,,,1,70,,46541,,,1,31,,46542,,,1,72,,46543,,,1,30,,46544,,,1,70,,46545,,,1,30,,46546,,,1,70,,46547,,,1,30,,46548,,,1,70,,46549,,,1,99,,46550,,,1,100,,46551,,,1,100,,46552,,,1
90300,'SA-903-Saturday-1-25-12-0000010',553,,46572,,,1,100,,46573,,,1,89,,46571,,,1,70,,46574,,,1,20,,46575,,,1,20,,46567,,,1,59,,46576,,,1,20,,46577,,,1,20,,46578,,,1,60,,46579,,,1,20,,46580,,,1,20,,46581,,,1,60,,46582,,,1,20,,46583,,,1,20,,46584,,,1,60,,46585,,,1,20,,46586,,,1,20,,46587,,,1,60,,46588,,,1,20,,46589,,,1,20,,46590,,,1,60,,46591,,,1,20,,46592,,,1,20,,46593,,,1,60,,46594,,,1,20,,46595,,,1,20,,46596,,,1,60,,46597,,,1,20,,46598,,,1,20,,46599,,,1,61,,46600,,,1,20,,46601,,,1,20,,46565,,,1,60,,46562,,,1,20,,46566,,,1,20,,46568,,,1,60,,46569,,,1,30,,46602,,,1,70,,46603,,,1,30,,46604,,,1,70,,46563,,,1,30,,46564,,,1,100,,46605,,,1,100,,46606,,,1
90300,'SU-903-Sunday-1-25-12-0000001',610,,46611,,,1,100,,46612,,,1,100,,46613,,,1,30,,46610,,,1,69,,46614,,,1,30,,46615,,,1,70,,46616,,,1,30,,46617,,,1,70,,46618,,,1,30,,46619,,,1,70,,46620,,,1,30,,46621,,,1,70,,46622,,,1,30,,46623,,,1,70,,46624,,,1,30,,46625,,,1,70,,46626,,,1,30,,46627,,,1,70,,46628,,,1,30,,46629,,,1,69,,46630,,,1,30,,46631,,,1,70,,46632,,,1,30,,46633,,,1,70,,46634,,,1,30,,46635,,,1,70,,46636,,,1,30,,46637,,,1,70,,46638,,,1,30,,46639,,,1,70,,46640,,,1,100,,46608,,,1,100,,46609,,,1
90300,'SU-903-Sunday-1-26-02-0000001',610,,46645,,,1,100,,46646,,,1,100,,46647,,,1,30,,46644,,,1,69,,46648,,,1,30,,46649,,,1,70,,46650,,,1,30,,46651,,,1,70,,46652,,,1,30,,46653,,,1,70,,46654,,,1,30,,46655,,,1,70,,46656,,,1,30,,46657,,,1,70,,46658,,,1,30,,46659,,,1,70,,46660,,,1,30,,46661,,,1,70,,46662,,,1,30,,46663,,,1,69,,46664,,,1,30,,46665,,,1,70,,46666,,,1,30,,46667,,,1,70,,46668,,,1,30,,46669,,,1,70,,46670,,,1,30,,46671,,,1,70,,46672,,,1,30,,46673,,,1,70,,46674,,,1,100,,46642,,,1,100,,46643,,,1
90600,'DX-906-Weekday-1-25-12-1111100',556,,47569,,,1,70,,47570,,,1,74,,47571,,,1,30,,47572,,,1,70,,47573,,,1,30,,47574,,,1,70,,47575,,,1,30,,47576,,,1,602,,47577,,,1,70,,47578,,,1,30,,47579,,,1,70,,47580,,,1,30,,47581,,,1,70,,47582,,,1
90600,'DX-906-Weekday-2-25-12-1111100',556,,47583,,,1,70,,47584,,,1,74,,47585,,,1,30,,47586,,,1,70,,47587,,,1,30,,47588,,,1,70,,47589,,,1,30,,47590,,,1,602,,47591,,,1,70,,47592,,,1,30,,47593,,,1,70,,47594,,,1,30,,47595,,,1,70,,47596,,,1
90600,'DX-906-Weekday-3-25-12-1111100',556,,47597,,,1,70,,47598,,,1,74,,47599,,,1,30,,47600,,,1,70,,47601,,,1,30,,47602,,,1,70,,47603,,,1,30,,47604,,,1,602,,47605,,,1,70,,47606,,,1,30,,47607,,,1,70,,47608,,,1,30,,47609,,,1,70,,47610,,,1
90600,'DX-906-Weekday-5-25-12-1111100',556,,47611,,,1,70,,47612,,,1,74,,47613,,,1,30,,47614,,,1,70,,47615,,,1,30,,47616,,,1,70,,47617,,,1,30,,47618,,,1,602,,47619,,,1,70,,47620,,,1,30,,47621,,,1,70,,47622,,,1,30,,47623,,,1,70,,47624,,,1
90700,'DX-907-Weekday-1-25-12-1111100',550,,47673,,,1,70,,47674,,,1,35,,47675,,,1,55,,47676,,,1,15,,47677,,,1,15,,47678,,,1,15,,47679,,,1,55,,47680,,,1,15,,47681,,,1,15,,47682,,,1,15,,47683,,,1,67,,47684,,,1,30,,47685,,,1,70,,47686,,,1,30,,47687,,,1,70,,47688,,,1,30,,47689,,,1,70,,47690,,,1,30,,47691,,,1,70,,47692,,,1,30,,47693,,,1,70,,47694,,,1,30,,47695,,,1,74,,47696,,,1,30,,47697,,,1,55,,47698,,,1,15,,47699,,,1,15,,47700,,,1,15,,47701,,,1,55,,47702,,,1,15,,47703,,,1,15,,47704,,,1,15,,47705,,,1,70,,47706,,,1,24,,47707,,,1,70,,47708,,,1,30,,47709,,,1,70,,47710,,,1,30,,47711,,,1,70,,47712,,,1,30,,47713,,,1,70,,47714,,,1,100,,47715,,,1,100,,47716,,,1
90700,'DX-907-Weekday-2-25-12-1111100',550,,47717,,,1,70,,47718,,,1,35,,47719,,,1,55,,47720,,,1,15,,47721,,,1,15,,47722,,,1,15,,47723,,,1,55,,47724,,,1,15,,47725,,,1,15,,47726,,,1,15,,47727,,,1,67,,47728,,,1,30,,47729,,,1,70,,47730,,,1,30,,47731,,,1,70,,47732,,,1,30,,47733,,,1,70,,47734,,,1,30,,47735,,,1,70,,47736,,,1,30,,47737,,,1,70,,47738,,,1,30,,47739,,,1,74,,47740,,,1,30,,47741,,,1,55,,47742,,,1,15,,47743,,,1,15,,47744,,,1,15,,47745,,,1,55,,47746,,,1,15,,47747,,,1,15,,47748,,,1,15,,47749,,,1,70,,47750,,,1,24,,47751,,,1,70,,47752,,,1,30,,47753,,,1,70,,47754,,,1,30,,47755,,,1,70,,47756,,,1,30,,47757,,,1,70,,47758,,,1,100,,47759,,,1,100,,47760,,,1
90700,'DX-907-Weekday-3-25-12-1111100',550,,47761,,,1,70,,47762,,,1,35,,47763,,,1,55,,47764,,,1,15,,47765,,,1,15,,47766,,,1,15,,47767,,,1,55,,47768,,,1,15,,47769,,,1,15,,47770,,,1,15,,47771,,,1,67,,47772,,,1,30,,47773,,,1,70,,47774,,,1,30,,47775,,,1,70,,47776,,,1,30,,47777,,,1,70,,47778,,,1,30,,47779,,,1,70,,47780,,,1,30,,47781,,,1,70,,47782,,,1,30,,47783,,,1,74,,47784,,,1,30,,47785,,,1,55,,47786,,,1,15,,47787,,,1,15,,47788,,,1,15,,47789,,,1,55,,47790,,,1,15,,47791,,,1,15,,47792,,,1,15,,47793,,,1,70,,47794,,,1,24,,47795,,,1,70,,47796,,,1,30,,47797,,,1,70,,47798,,,1,30,,47799,,,1,70,,47800,,,1,30,,47801,,,1,70,,47802,,,1,100,,47803,,,1,100,,47804,,,1
90700,'DX-907-Weekday-5-25-12-1111100',550,,47805,,,1,70,,47806,,,1,35,,47807,,,1,55,,47808,,,1,15,,47809,,,1,15,,47810,,,1,15,,47811,,,1,55,,47812,,,1,15,,47813,,,1,15,,47814,,,1,15,,47815,,,1,67,,47816,,,1,30,,47817,,,1,70,,47818,,,1,30,,47819,,,1,70,,47820,,,1,30,,47821,,,1,70,,47822,,,1,30,,47823,,,1,70,,47824,,,1,30,,47825,,,1,70,,47826,,,1,30,,47827,,,1,74,,47828,,,1,30,,47829,,,1,55,,47830,,,1,15,,47831,,,1,15,,47832,,,1,15,,47833,,,1,55,,47834,,,1,15,,47835,,,1,15,,47836,,,1,15,,47837,,,1,70,,47838,,,1,24,,47839,,,1,70,,47840,,,1,30,,47841,,,1,70,,47842,,,1,30,,47843,,,1,70,,47844,,,1,30,,47845,,,1,70,,47846,,,1,100,,47847,,,1,100,,47848,,,1
90700,'SA-907-Saturday-1-25-12-0000010',720,,47849,,,1,100,,47850,,,1,30,,47855,,,1,74,,47856,,,1,30,,47857,,,1,70,,47858,,,1,30,,47859,,,1,70,,47860,,,1,30,,47861,,,1,70,,47862,,,1,30,,47863,,,1,70,,47864,,,1,30,,47865,,,1,70,,47866,,,1,30,,47867,,,1,70,,47868,,,1,30,,47869,,,1,70,,47870,,,1,30,,47871,,,1,70,,47872,,,1,30,,47873,,,1,70,,47874,,,1,30,,47875,,,1,70,,47851,,,1,100,,47852,,,1,100,,47853,,,1,100,,47854,,,1
90700,'SU-907-Sunday-1-25-12-0000001',1023,,47876,,,1,30,,47877,,,1,70,,47878,,,1,30,,47879,,,1,70,,47880,,,1,30,,47881,,,1,70,,47882,,,1,30,,47883,,,1,70,,47884,,,1,30,,47885,,,1,70,,47886,,,1,30,,47887,,,1,70,,47888,,,1,30,,47889,,,1,69,,47890,,,1,30,,47891,,,1,70,,47892,,,1,30,,47893,,,1,70,,47894,,,1
90700,'SU-907-Sunday-1-26-02-0000001',1028,,47895,,,1,30,,47896,,,1,70,,47897,,,1,30,,47898,,,1,70,,47899,,,1,30,,47900,,,1,70,,47901,,,1,30,,47902,,,1,70,,47903,,,1,30,,47904,,,1,70,,47905,,,1,30,,47906,,,1,70,,47907,,,1,30,,47908,,,1,69,,47909,,,1,30,,47910,,,1,70,,47911,,,1,30,,47912,,,1,70,,47913,,,1
