5201,'052-Weekday-1-26-02-1111100',554,,20660,25,,,1,70,,20618,25,,,1,34,,20619,25,,,1,61,,20620,25,,,1,17,,20621,25,,,1,15,,20622,25,,,1,55,,20623,25,,,1,15,,20617,25,,,1,14,,20661,25,0,17,1,14,,20624,25,,,1,60,,20625,25,,,1,30,,20626,25,,,1,70,,20627,25,,,1,30,,20628,25,,,1,70,,20629,25,,,1,30,,20630,25,,,1,70,,20631,25,,,1,30,,20632,25,,,1,70,,20633,25,,,1,30,,20634,25,,,1,70,,20635,25,,,1,30,,20636,25,,,1,20,,20637,25,,,1,55,,20638,25,,,1,18,,20639,25,,,1,15,,20640,25,,,1,54,,20641,25,,,1,15,,20642,25,,,1,15,,20643,25,,,1,15,,20644,25,,,1,55,,20645,25,,,1,15,,20646,25,,,1,25,,20647,25,,,1,68,,20648,25,,,1,27,,20649,25,,,1,69,,20650,25,,,1,30,,20651,25,,,1,70,,20652,25,,,1,30,,20653,25,,,1,70,,20654,25,,,1,30,,20655,25,,,1,70,,20656,25,,,1,99,,20657,25,,,1,100,,20658,25,,,1
5201,'052-Weekday-10-26-02-1111100',554,,20706,25,,,1,70,,20664,25,,,1,34,,20665,25,,,1,61,,20666,25,,,1,17,,20667,25,,,1,15,,20668,25,,,1,55,,20669,25,,,1,15,,20663,25,,,1,14,,20707,25,0,17,1,14,,20670,25,,,1,60,,20671,25,,,1,30,,20672,25,,,1,70,,20673,25,,,1,30,,20674,25,,,1,70,,20675,25,,,1,30,,20676,25,,,1,70,,20677,25,,,1,30,,20678,25,,,1,70,,20679,25,,,1,30,,20680,25,,,1,70,,20681,25,,,1,30,,20682,25,,,1,20,,20683,25,,,1,55,,20684,25,,,1,18,,20685,25,,,1,15,,20686,25,,,1,54,,20687,25,,,1,15,,20688,25,,,1,15,,20689,25,,,1,15,,20690,25,,,1,55,,20691,25,,,1,15,,20692,25,,,1,25,,20693,25,,,1,68,,20694,25,,,1,27,,20695,25,,,1,69,,20696,25,,,1,30,,20697,25,,,1,70,,20698,25,,,1,30,,20699,25,,,1,70,,20700,25,,,1,30,,20701,25,,,1,70,,20702,25,,,1,99,,20703,25,,,1,100,,20704,25,,,1
5201,'052-Weekday-4-26-02-1111100',554,,20798,25,,,1,70,,20756,25,,,1,34,,20757,25,,,1,61,,20758,25,,,1,17,,20759,25,,,1,15,,20760,25,,,1,55,,20761,25,,,1,15,,20755,25,,,1,14,,20797,25,,,1,14,,20762,25,,,1,60,,20763,25,,,1,30,,20764,25,,,1,70,,20765,25,,,1,30,,20766,25,,,1,70,,20767,25,,,1,30,,20768,25,,,1,70,,20769,25,,,1,30,,20770,25,,,1,70,,20771,25,,,1,30,,20772,25,,,1,70,,20773,25,,,1,30,,20774,25,,,1,20,,20775,25,,,1,55,,20776,25,,,1,18,,20777,25,,,1,15,,20778,25,,,1,54,,20779,25,,,1,15,,20780,25,,,1,15,,20781,25,,,1,15,,20782,25,,,1,55,,20783,25,,,1,15,,20784,25,,,1,25,,20785,25,,,1,68,,20786,25,,,1,27,,20787,25,,,1,69,,20788,25,,,1,30,,20789,25,,,1,70,,20790,25,,,1,30,,20791,25,,,1,70,,20792,25,,,1,30,,20793,25,,,1,70,,20794,25,,,1,99,,20795,25,,,1,100,,20796,25,,,1
5201,'052-Weekday-5-26-02-1111100',554,,20842,25,,,1,70,,20800,25,,,1,34,,20801,25,,,1,61,,20802,25,,,1,17,,20803,25,,,1,15,,20804,25,,,1,55,,20805,25,,,1,15,,20799,25,,,1,14,,20843,25,0,17,1,14,,20806,25,,,1,60,,20807,25,,,1,30,,20808,25,,,1,70,,20809,25,,,1,30,,20810,25,,,1,70,,20811,25,,,1,30,,20812,25,,,1,70,,20813,25,,,1,30,,20814,25,,,1,70,,20815,25,,,1,30,,20816,25,,,1,70,,20817,25,,,1,30,,20818,25,,,1,20,,20819,25,,,1,55,,20820,25,,,1,18,,20821,25,,,1,15,,20822,25,,,1,54,,20823,25,,,1,15,,20824,25,,,1,15,,20825,25,,,1,15,,20826,25,,,1,55,,20827,25,,,1,15,,20828,25,,,1,25,,20829,25,,,1,68,,20830,25,,,1,27,,20831,25,,,1,69,,20832,25,,,1,30,,20833,25,,,1,70,,20834,25,,,1,30,,20835,25,,,1,70,,20836,25,,,1,30,,20837,25,,,1,70,,20838,25,,,1,99,,20839,25,,,1,100,,20840,25,,,1
5201,'052-Weekday-6-26-02-1111100',554,,20888,25,,,1,70,,20846,25,,,1,34,,20847,25,,,1,61,,20848,25,,,1,17,,20849,25,,,1,15,,20850,25,,,1,55,,20851,25,,,1,15,,20845,25,,,1,14,,20887,25,,,1,14,,20852,25,,,1,60,,20853,25,,,1,30,,20854,25,,,1,70,,20855,25,,,1,30,,20856,25,,,1,70,,20857,25,,,1,30,,20858,25,,,1,70,,20859,25,,,1,30,,20860,25,,,1,70,,20861,25,,,1,30,,20862,25,,,1,70,,20863,25,,,1,30,,20864,25,,,1,20,,20865,25,,,1,55,,20866,25,,,1,18,,20867,25,,,1,15,,20868,25,,,1,54,,20869,25,,,1,15,,20870,25,,,1,15,,20871,25,,,1,15,,20872,25,,,1,55,,20873,25,,,1,15,,20874,25,,,1,25,,20875,25,,,1,68,,20876,25,,,1,27,,20877,25,,,1,69,,20878,25,,,1,30,,20879,25,,,1,70,,20880,25,,,1,30,,20881,25,,,1,70,,20882,25,,,1,30,,20883,25,,,1,70,,20884,25,,,1,99,,20885,25,,,1,100,,20886,25,,,1
5201,'052-Weekday-7-26-02-1111100',554,,20932,25,,,1,70,,20890,25,,,1,34,,20891,25,,,1,61,,20892,25,,,1,17,,20893,25,,,1,15,,20894,25,,,1,55,,20895,25,,,1,15,,20889,25,,,1,14,,20931,25,,,1,14,,20896,25,,,1,60,,20897,25,,,1,30,,20898,25,,,1,70,,20899,25,,,1,30,,20900,25,,,1,70,,20901,25,,,1,30,,20902,25,,,1,70,,20903,25,,,1,30,,20904,25,,,1,70,,20905,25,,,1,30,,20906,25,,,1,70,,20907,25,,,1,30,,20908,25,,,1,20,,20909,25,,,1,55,,20910,25,,,1,18,,20911,25,,,1,15,,20912,25,,,1,54,,20913,25,,,1,15,,20914,25,,,1,15,,20915,25,,,1,15,,20916,25,,,1,55,,20917,25,,,1,15,,20918,25,,,1,25,,20919,25,,,1,68,,20920,25,,,1,27,,20921,25,,,1,69,,20922,25,,,1,30,,20923,25,,,1,70,,20924,25,,,1,30,,20925,25,,,1,70,,20926,25,,,1,30,,20927,25,,,1,70,,20928,25,,,1,99,,20929,25,,,1,100,,20930,25,,,1
5201,'052-Saturday-1-26-02-0000010',639,,21023,25,,,1,100,,21024,25,,,1,100,,21025,25,,,1,72,,21026,25,,,1,29,,21027,25,,,1,70,,21028,25,,,1,30,,21029,25,,,1,70,,21030,25,,,1,30,,21031,25,,,1,70,,21032,25,,,1,30,,21033,25,,,1,70,,21034,25,,,1,30,,21035,25,,,1,70,,21036,25,,,1,30,,21037,25,,,1,70,,21038,25,,,1,30,,21039,25,,,1,70,,21040,25,,,1,30,,21041,25,,,1,69,,21042,25,,,1,29,,21043,25,,,1,70,,21044,25,,,1,30,,21045,25,,,1,70,,21046,25,,,1,30,,21047,25,,,1,100,,21048,25,,,1,100,,21049,25,,,1,100,,21050,25,,,1,100,,21051,25,,,1
5201,'052-Sunday-1-26-02-0000001',737,,21075,25,,,1,100,,21052,25,,,1,102,,21053,25,,,1,100,,21054,25,,,1,70,,21055,25,,,1,30,,21056,25,,,1,70,,21057,25,,,1,30,,21058,25,,,1,70,,21059,25,,,1,30,,21060,25,,,1,70,,21061,25,,,1,30,,21062,25,,,1,70,,21063,25,,,1,30,,21064,25,,,1,70,,21065,25,,,1,34,,21066,25,,,1,72,,21067,25,,,1,30,,21068,25,,,1,70,,21069,25,,,1,30,,21070,25,,,1,70,,21074,25,,,1,30,,21071,25,,,1,100,,21072,25,,,1,100,,21073,25,,,1,100,,21076,25,,,1
68401,'684-Weekday-1-26-02-1111100',821,,62073,51,,,1,5,,62074,27,,,1,5,,62075,27,,,1
68401,'684-Weekday-5-26-02-1111100',821,,62082,51,,,1,5,,62083,27,,,1,5,,62084,27,,,1
68401,'684-Weekday-6-26-02-1111100',821,,62085,51,,,1,5,,62086,27,,,1,5,,62087,27,,,1
68401,'684-Weekday-9-26-02-1111100',821,,62091,51,,,1,5,,62092,27,,,1,5,,62093,27,,,1
