10400,'104-Weekday-1-26-06-1111100',545,,170336,27,4,,1,70,,170337,27,4,,1,33,,170338,27,4,,1,70,,170339,27,4,,1,20,,170340,27,4,,1,20,,170378,27,4,,1,60,,170341,27,4,,1,20,,170342,27,4,,1,15,,170343,27,4,,1,60,,170344,27,4,,1,20,,170345,27,4,,1,20,,170346,27,4,,1,60,,170347,27,4,,1,20,,170348,27,4,,1,20,,170349,27,4,,1,60,,170350,27,4,,1,20,,170351,27,4,,1,20,,170352,27,4,,1,60,,170353,27,4,,1,20,,170354,27,4,,1,20,,170355,27,4,,1,60,,170356,27,4,,1,20,,170357,27,4,,1,20,,170358,27,4,,1,60,,170359,27,4,,1,20,,170360,27,4,,1,20,,170361,27,4,,1,62,,170377,27,4,,1,21,,170362,27,4,,1,20,,170363,27,4,,1,60,,170379,27,4,,1,20,,170364,27,4,,1,20,,170365,27,4,,1,60,,170366,27,4,,1,15,,170367,27,4,,1,70,,170368,27,4,,1,30,,170369,27,4,,1,26,,170370,27,4,,1,70,,170371,27,4,,1,30,,170372,27,4,,1,70,,170373,27,4,,1,30,,170374,27,4,,1,70,,170375,27,4,,1,30,,170376,27,4,,1
10400,'104-Weekday-2-26-06-1111100',545,,192812,27,4,,1,70,,192813,27,4,,1,33,,192814,27,4,,1,70,,192815,27,4,,1,20,,192816,27,4,,1,20,,192854,27,4,,1,60,,192817,27,4,,1,20,,192818,27,4,,1,15,,192819,27,4,,1,60,,192820,27,4,,1,20,,192821,27,4,,1,20,,192822,27,4,,1,60,,192823,27,4,,1,20,,192824,27,4,,1,20,,192825,27,4,,1,60,,192826,27,4,,1,20,,192827,27,4,,1,20,,192828,27,4,,1,60,,192829,27,4,,1,20,,192830,27,4,,1,20,,192831,27,4,,1,60,,192832,27,4,,1,20,,192833,27,4,,1,20,,192834,27,4,,1,60,,192835,27,4,,1,20,,192836,27,4,,1,20,,192837,27,4,,1,62,,192853,27,4,,1,21,,192838,27,4,,1,20,,192839,27,4,,1,60,,192855,27,4,,1,20,,192840,27,4,,1,20,,192841,27,4,,1,60,,192842,27,4,,1,15,,192843,27,4,,1,70,,192844,27,4,,1,30,,192845,27,4,,1,26,,192846,27,4,,1,70,,192847,27,4,,1,30,,192848,27,4,,1,70,,192849,27,4,,1,30,,192850,27,4,,1,70,,192851,27,4,,1,30,,192852,27,4,,1
10400,'104-Saturday-1-26-06-0000010',814,,170380,27,4,,1,30,,170381,27,4,,1,73,,170382,27,4,,1,30,,170383,27,4,,1,70,,170384,27,4,,1,30,,170385,27,4,,1,70,,170386,27,4,,1,30,,170387,27,4,,1,70,,170388,27,4,,1,30,,170389,27,4,,1,70,,170390,27,4,,1,30,,170391,27,4,,1,70,,170392,27,4,,1,30,,170393,27,4,,1,70,,170394,27,4,,1,30,,170395,27,4,,1,70,,170396,27,4,,1,30,,170397,27,4,,1,69,,170398,27,4,,1,30,,170399,27,4,,1,70,,170400,27,4,,1,30,,170401,27,4,,1,70,,170402,27,4,,1
10400,'104-Sunday-1-26-06-0000001',1027,,170403,27,4,,1,30,,170404,27,4,,1,70,,170405,27,4,,1,30,,170406,27,4,,1,70,,170407,27,4,,1,30,,170408,27,4,,1,70,,170409,27,4,,1,30,,170410,27,4,,1,70,,170411,27,4,,1,30,,170412,27,4,,1,70,,170413,27,4,,1,30,,170414,27,4,,1,70,,170415,27,4,,1,30,,170416,27,4,,1,70,,170417,27,4,,1,30,,170418,27,4,,1,70,,170419,27,4,,1,30,,170420,27,4,,1
10400,'104-Sunday-2-26-06-0000001',1027,,192856,27,4,,1,30,,192857,27,4,,1,70,,192858,27,4,,1,30,,192859,27,4,,1,70,,192860,27,4,,1,30,,192861,27,4,,1,70,,192862,27,4,,1,30,,192863,27,4,,1,70,,192864,27,4,,1,30,,192865,27,4,,1,70,,192866,27,4,,1,30,,192867,27,4,,1,70,,192868,27,4,,1,30,,192869,27,4,,1,70,,192870,27,4,,1,30,,192871,27,4,,1,70,,192872,27,4,,1,30,,192873,27,4,,1
10401,'104-Weekday-1-26-06-1111100',539,,170421,1,,,1,70,,170422,1,,,1,30,,170462,1,,,1,70,,170463,1,,,1,20,,170423,1,,,1,20,,170432,1,,,1,60,,170424,1,,,1,20,,170464,1,,,1,20,,170461,1,,,1,60,,170443,1,,,1,20,,170444,1,,,1,20,,170445,1,,,1,60,,170446,1,,,1,20,,170447,1,,,1,20,,170448,1,,,1,60,,170449,1,,,1,20,,170450,1,,,1,20,,170451,1,,,1,60,,170452,1,,,1,20,,170453,1,,,1,20,,170454,1,,,1,60,,170455,1,,,1,20,,170456,1,,,1,20,,170457,1,,,1,60,,170458,1,,,1,20,,170459,1,,,1,20,,170460,1,,,1,60,,170442,1,,,1,15,,170433,1,,,1,20,,170425,1,,,1,60,,170426,1,,,1,20,,170434,1,,,1,20,,170427,1,,,1,60,,170435,1,,,1,20,,170431,1,,,1,30,,170428,1,,,1,70,,170429,1,,,1,30,,170430,1,,,1,70,,170436,1,,,1,30,,170437,1,,,1,70,,170438,1,,,1,30,,170439,1,,,1,70,,170440,1,,,1,30,,170441,1,,,1
10401,'104-Weekday-2-26-06-1111100',539,,192874,1,,,1,70,,192875,1,,,1,30,,192915,1,,,1,70,,192916,1,,,1,20,,192876,1,,,1,20,,192885,1,,,1,60,,192877,1,,,1,20,,192917,1,,,1,20,,192914,1,,,1,60,,192896,1,,,1,20,,192897,1,,,1,20,,192898,1,,,1,60,,192899,1,,,1,20,,192900,1,,,1,20,,192901,1,,,1,60,,192902,1,,,1,20,,192903,1,,,1,20,,192904,1,,,1,60,,192905,1,,,1,20,,192906,1,,,1,20,,192907,1,,,1,60,,192908,1,,,1,20,,192909,1,,,1,20,,192910,1,,,1,60,,192911,1,,,1,20,,192912,1,,,1,20,,192913,1,,,1,60,,192895,1,,,1,15,,192886,1,,,1,20,,192878,1,,,1,60,,192879,1,,,1,20,,192887,1,,,1,20,,192880,1,,,1,60,,192888,1,,,1,20,,192884,1,,,1,30,,192881,1,,,1,70,,192882,1,,,1,30,,192883,1,,,1,70,,192889,1,,,1,30,,192890,1,,,1,70,,192891,1,,,1,30,,192892,1,,,1,70,,192893,1,,,1,30,,192894,1,,,1
10401,'104-Saturday-1-26-06-0000010',807,,170465,1,,,1,30,,170466,1,,,1,70,,170467,1,,,1,30,,170468,1,,,1,70,,170469,1,,,1,30,,170470,1,,,1,70,,170471,1,,,1,30,,170472,1,,,1,70,,170473,1,,,1,30,,170474,1,,,1,70,,170475,1,,,1,30,,170476,1,,,1,70,,170477,1,,,1,30,,170478,1,,,1,70,,170479,1,,,1,30,,170480,1,,,1,70,,170481,1,,,1,30,,170482,1,,,1,70,,170483,1,,,1,30,,170484,1,,,1,70,,170485,1,,,1,30,,170486,1,,,1,70,,170487,1,,,1
10401,'104-Sunday-1-26-06-0000001',948,,170488,1,,,1,70,,170489,1,,,1,30,,170490,1,,,1,70,,170491,1,,,1,30,,170492,1,,,1,70,,170493,1,,,1,30,,170494,1,,,1,70,,170495,1,,,1,30,,170496,1,,,1,70,,170497,1,,,1,30,,170498,1,,,1,70,,170499,1,,,1,30,,170500,1,,,1,70,,170501,1,,,1,30,,170502,1,,,1,70,,170503,1,,,1,30,,170504,1,,,1,70,,170505,1,,,1,30,,170506,1,,,1
10401,'104-Sunday-2-26-06-0000001',948,,192918,1,,,1,70,,192919,1,,,1,30,,192920,1,,,1,70,,192921,1,,,1,30,,192922,1,,,1,70,,192923,1,,,1,30,,192924,1,,,1,70,,192925,1,,,1,30,,192926,1,,,1,70,,192927,1,,,1,30,,192928,1,,,1,70,,192929,1,,,1,30,,192930,1,,,1,70,,192931,1,,,1,30,,192932,1,,,1,70,,192933,1,,,1,30,,192934,1,,,1,70,,192935,1,,,1,30,,192936,1,,,1
