11700,'117-Weekday-1-26-02-1111100',537,,38145,13,,,1,70,,38146,13,,,1,31,,38178,13,,,1,20,,38179,13,,,1,60,,38180,13,,,1,20,,38181,13,,,1,20,,38182,13,,,1,60,,38147,13,,,1,30,,38148,13,,,1,70,,38149,13,,,1,30,,38150,13,,,1,70,,38151,13,,,1,30,,38152,13,,,1,70,,38153,13,,,1,30,,38154,13,,,1,70,,38155,13,,,1,30,,38156,13,,,1,70,,38157,13,,,1,30,,38158,13,,,1,70,,38159,13,,,1,30,,38160,13,,,1,60,,38161,13,,,1,20,,38162,13,,,1,20,,38163,13,,,1,60,,38164,13,,,1,20,,38165,13,,,1,20,,38166,13,,,1,60,,38167,13,,,1,30,,38168,13,,,1,70,,38169,13,,,1,29,,38170,13,,,1,70,,38171,13,,,1,30,,38172,13,,,1,70,,38173,13,,,1,30,,38174,13,,,1,70,,38175,13,,,1,30,,38176,13,,,1,70,,38177,13,,,1
11700,'117-Weekday-10-26-02-1111100',537,,38183,13,,,1,70,,38184,13,,,1,31,,38216,13,,,1,20,,38217,13,,,1,60,,38218,13,,,1,20,,38219,13,,,1,20,,38220,13,,,1,60,,38185,13,,,1,30,,38186,13,,,1,70,,38187,13,,,1,30,,38188,13,,,1,70,,38189,13,,,1,30,,38190,13,,,1,70,,38191,13,,,1,30,,38192,13,,,1,70,,38193,13,,,1,30,,38194,13,,,1,70,,38195,13,,,1,30,,38196,13,,,1,70,,38197,13,,,1,30,,38198,13,,,1,60,,38199,13,,,1,20,,38200,13,,,1,20,,38201,13,,,1,60,,38202,13,,,1,20,,38203,13,,,1,20,,38204,13,,,1,60,,38205,13,,,1,30,,38206,13,,,1,70,,38207,13,,,1,29,,38208,13,,,1,70,,38209,13,,,1,30,,38210,13,,,1,70,,38211,13,,,1,30,,38212,13,,,1,70,,38213,13,,,1,30,,38214,13,,,1,70,,38215,13,,,1
11700,'117-Weekday-4-26-02-1111100',537,,38259,13,,,1,70,,38260,13,,,1,31,,38292,13,,,1,20,,38293,13,,,1,60,,38294,13,,,1,20,,38295,13,,,1,20,,38296,13,,,1,60,,38261,13,,,1,30,,38262,13,,,1,70,,38263,13,,,1,30,,38264,13,,,1,70,,38265,13,,,1,30,,38266,13,,,1,70,,38267,13,,,1,30,,38268,13,,,1,70,,38269,13,,,1,30,,38270,13,,,1,70,,38271,13,,,1,30,,38272,13,,,1,70,,38273,13,,,1,30,,38274,13,,,1,60,,38275,13,,,1,20,,38276,13,,,1,20,,38277,13,,,1,60,,38278,13,,,1,20,,38279,13,,,1,20,,38280,13,,,1,60,,38281,13,,,1,30,,38282,13,,,1,70,,38283,13,,,1,29,,38284,13,,,1,70,,38285,13,,,1,30,,38286,13,,,1,70,,38287,13,,,1,30,,38288,13,,,1,70,,38289,13,,,1,30,,38290,13,,,1,70,,38291,13,,,1
11700,'117-Weekday-5-26-02-1111100',537,,38297,13,,,1,70,,38298,13,,,1,31,,38330,13,,,1,20,,38331,13,,,1,60,,38332,13,,,1,20,,38333,13,,,1,20,,38334,13,,,1,60,,38299,13,,,1,30,,38300,13,,,1,70,,38301,13,,,1,30,,38302,13,,,1,70,,38303,13,,,1,30,,38304,13,,,1,70,,38305,13,,,1,30,,38306,13,,,1,70,,38307,13,,,1,30,,38308,13,,,1,70,,38309,13,,,1,30,,38310,13,,,1,70,,38311,13,,,1,30,,38312,13,,,1,60,,38313,13,,,1,20,,38314,13,,,1,20,,38315,13,,,1,60,,38316,13,,,1,20,,38317,13,,,1,20,,38318,13,,,1,60,,38319,13,,,1,30,,38320,13,,,1,70,,38321,13,,,1,29,,38322,13,,,1,70,,38323,13,,,1,30,,38324,13,,,1,70,,38325,13,,,1,30,,38326,13,,,1,70,,38327,13,,,1,30,,38328,13,,,1,70,,38329,13,,,1
11700,'117-Weekday-6-26-02-1111100',537,,38335,13,,,1,70,,38336,13,,,1,31,,38368,13,,,1,20,,38369,13,,,1,60,,38370,13,,,1,20,,38371,13,,,1,20,,38372,13,,,1,60,,38337,13,,,1,30,,38338,13,,,1,70,,38339,13,,,1,30,,38340,13,,,1,70,,38341,13,,,1,30,,38342,13,,,1,70,,38343,13,,,1,30,,38344,13,,,1,70,,38345,13,,,1,30,,38346,13,,,1,70,,38347,13,,,1,30,,38348,13,,,1,70,,38349,13,,,1,30,,38350,13,,,1,60,,38351,13,,,1,20,,38352,13,,,1,20,,38353,13,,,1,60,,38354,13,,,1,20,,38355,13,,,1,20,,38356,13,,,1,60,,38357,13,,,1,30,,38358,13,,,1,70,,38359,13,,,1,29,,38360,13,,,1,70,,38361,13,,,1,30,,38362,13,,,1,70,,38363,13,,,1,30,,38364,13,,,1,70,,38365,13,,,1,30,,38366,13,,,1,70,,38367,13,,,1
11700,'117-Weekday-7-26-02-1111100',537,,38373,13,,,1,70,,38374,13,,,1,31,,38406,13,,,1,20,,38407,13,,,1,60,,38408,13,,,1,20,,38409,13,,,1,20,,38410,13,,,1,60,,38375,13,,,1,30,,38376,13,,,1,70,,38377,13,,,1,30,,38378,13,,,1,70,,38379,13,,,1,30,,38380,13,,,1,70,,38381,13,,,1,30,,38382,13,,,1,70,,38383,13,,,1,30,,38384,13,,,1,70,,38385,13,,,1,30,,38386,13,,,1,70,,38387,13,,,1,30,,38388,13,,,1,60,,38389,13,,,1,20,,38390,13,,,1,20,,38391,13,,,1,60,,38392,13,,,1,20,,38393,13,,,1,20,,38394,13,,,1,60,,38395,13,,,1,30,,38396,13,,,1,70,,38397,13,,,1,29,,38398,13,,,1,70,,38399,13,,,1,30,,38400,13,,,1,70,,38401,13,,,1,30,,38402,13,,,1,70,,38403,13,,,1,30,,38404,13,,,1,70,,38405,13,,,1
11700,'117-Saturday-1-26-02-0000010',552,,38487,13,,,1,100,,38488,13,,,1,100,,38489,13,,,1,85,,38490,13,,,1,70,,38517,13,,,1,30,,38508,13,,,1,70,,38509,13,,,1,30,,38510,13,,,1,70,,38511,13,,,1,30,,38512,13,,,1,70,,38513,13,,,1,30,,38514,13,,,1,70,,38515,13,,,1,30,,38516,13,,,1,70,,38507,13,,,1,30,,38492,13,,,1,70,,38493,13,,,1,30,,38494,13,,,1,70,,38495,13,,,1,30,,38496,13,,,1,70,,38497,13,,,1,30,,38498,13,,,1,70,,38499,13,,,1,30,,38500,13,,,1,70,,38501,13,,,1,30,,38502,13,,,1,70,,38503,13,,,1,30,,38504,13,,,1,70,,38505,13,,,1,30,,38506,13,,,1,70,,38491,13,,,1
11700,'117-Sunday-1-26-02-0000001',615,,38518,13,,,1,100,,38519,13,,,1,100,,38520,13,,,1,100,,38521,13,,,1,100,,38522,13,,,1,30,,38523,13,,,1,70,,38524,13,,,1,30,,38525,13,,,1,70,,38526,13,,,1,30,,38527,13,,,1,70,,38528,13,,,1,30,,38529,13,,,1,70,,38530,13,,,1,30,,38531,13,,,1,70,,38532,13,,,1,30,,38533,13,,,1,70,,38534,13,,,1,30,,38535,13,,,1,70,,38536,13,,,1,30,,38537,13,,,1,70,,38538,13,,,1,30,,38539,13,,,1,100,,38540,13,,,1,100,,38541,13,,,1
62101,'621-Weekday-1-26-02-1111100',749,,60635,21,,,1,5,,60633,21,,,1,80,,60634,21,,,1
62101,'621-Weekday-5-26-02-1111100',749,,60642,21,,,1,5,,60640,21,,,1,80,,60641,21,,,1
62101,'621-Weekday-6-26-02-1111100',749,,60644,21,,,1,5,,60643,21,,,1
62101,'621-Weekday-9-26-02-1111100',749,,60649,21,,,1,5,,60647,21,,,1,80,,60648,21,,,1
