10701,'107-Weekday-1-26-04-1111100',542,,119743,21,,,1,70,,119744,21,,,1,32,,119745,21,,,1,10,,119768,21,,,1,50,,119746,21,,,1,10,,119747,21,,,1,10,,119769,21,,,1,10,,119748,21,,,1,10,,119749,21,,,1,10,,119770,21,,,1,48,,119798,21,,,1,2,,119750,21,,,1,10,,119751,21,,,1,10,,119752,21,,,1,8,,119799,21,,,1,2,,119753,21,,,1,10,,119754,21,,,1,59,,119771,21,,,1,19,,119755,21,,,1,20,,119756,21,,,1,60,,119772,21,,,1,20,,119773,21,,,1,20,,119774,21,,,1,60,,119775,21,,,1,20,,119776,21,,,1,20,,119777,21,,,1,60,,119778,21,,,1,20,,119779,21,,,1,20,,119780,21,,,1,60,,119781,21,,,1,20,,119782,21,,,1,20,,119783,21,,,1,60,,119784,21,,,1,20,,119785,21,,,1,20,,119786,21,,,1,61,,119795,21,,,1,16,,119767,21,,,1,15,,119787,21,,,1,15,,119788,21,,,1,55,,119789,21,,,1,15,,119757,21,,,1,15,,119758,21,,,1,15,,119759,21,,,1,55,,119760,21,,,1,15,,119761,21,,,1,15,,119762,21,,,1,22,,119796,21,,,1,60,,119797,21,,,1,19,,119763,21,,,1,69,,119791,21,,,1,30,,119792,21,,,1,70,,119793,21,,,1,30,,119794,21,,,1,70,,119764,21,,,1,30,,119766,21,,,1,70,,119765,21,,,1,30,,119790,21,,,1
10701,'107-Weekday-2-26-04-1111100',542,,119800,21,,,1,70,,119801,21,,,1,32,,119802,21,,,1,10,,119825,21,,,1,50,,119803,21,,,1,10,,119804,21,,,1,10,,119826,21,,,1,10,,119805,21,,,1,10,,119806,21,,,1,10,,119827,21,,,1,48,,119855,21,,,1,2,,119807,21,,,1,10,,119808,21,,,1,10,,119809,21,,,1,8,,119856,21,,,1,2,,119810,21,,,1,10,,119811,21,,,1,59,,119828,21,,,1,19,,119812,21,,,1,20,,119813,21,,,1,60,,119829,21,,,1,20,,119830,21,,,1,20,,119831,21,,,1,60,,119832,21,,,1,20,,119833,21,,,1,20,,119834,21,,,1,60,,119835,21,,,1,20,,119836,21,,,1,20,,119837,21,,,1,60,,119838,21,,,1,20,,119839,21,,,1,20,,119840,21,,,1,60,,119841,21,,,1,20,,119842,21,,,1,20,,119843,21,,,1,61,,119852,21,,,1,16,,119824,21,,,1,15,,119844,21,,,1,15,,119845,21,,,1,55,,119846,21,,,1,15,,119814,21,,,1,15,,119815,21,,,1,15,,119816,21,,,1,55,,119817,21,,,1,15,,119818,21,,,1,15,,119819,21,,,1,22,,119853,21,,,1,60,,119854,21,,,1,19,,119820,21,,,1,69,,119848,21,,,1,30,,119849,21,,,1,70,,119850,21,,,1,30,,119851,21,,,1,70,,119821,21,,,1,30,,119823,21,,,1,70,,119822,21,,,1,30,,119847,21,,,1
10701,'107-Weekday-3-26-04-1111100',542,,119857,21,,,1,70,,119858,21,,,1,32,,119859,21,,,1,10,,119882,21,,,1,50,,119860,21,,,1,10,,119861,21,,,1,10,,119883,21,,,1,10,,119862,21,,,1,10,,119863,21,,,1,10,,119884,21,,,1,48,,119912,21,,,1,2,,119864,21,,,1,10,,119865,21,,,1,10,,119866,21,,,1,10,,119867,21,,,1,10,,119868,21,,,1,59,,119885,21,,,1,19,,119869,21,,,1,20,,119870,21,,,1,60,,119886,21,,,1,20,,119887,21,,,1,20,,119888,21,,,1,60,,119889,21,,,1,20,,119890,21,,,1,20,,119891,21,,,1,60,,119892,21,,,1,20,,119893,21,,,1,20,,119894,21,,,1,60,,119895,21,,,1,20,,119896,21,,,1,20,,119897,21,,,1,60,,119898,21,,,1,20,,119899,21,,,1,20,,119900,21,,,1,61,,119909,21,,,1,16,,119881,21,,,1,15,,119901,21,,,1,15,,119902,21,,,1,55,,119903,21,,,1,15,,119871,21,,,1,15,,119872,21,,,1,15,,119873,21,,,1,55,,119874,21,,,1,15,,119875,21,,,1,15,,119876,21,,,1,22,,119910,21,,,1,60,,119911,21,,,1,19,,119877,21,,,1,69,,119905,21,,,1,30,,119906,21,,,1,70,,119907,21,,,1,30,,119908,21,,,1,70,,119878,21,,,1,30,,119880,21,,,1,70,,119879,21,,,1,30,,119904,21,,,1
10701,'107-Saturday-1-26-04-0000010',805,,119913,21,,,1,30,,119914,21,,,1,70,,119915,21,,,1,31,,119916,21,,,1,70,,119917,21,,,1,30,,119918,21,,,1,70,,119919,21,,,1,30,,119920,21,,,1,70,,119921,21,,,1,30,,119922,21,,,1,70,,119923,21,,,1,30,,119924,21,,,1,70,,119925,21,,,1,30,,119926,21,,,1,70,,119927,21,,,1,30,,119928,21,,,1,70,,119929,21,,,1,30,,119930,21,,,1,70,,119931,21,,,1,29,,119932,21,,,1,70,,119933,21,,,1,30,,119934,21,,,1,70,,119935,21,,,1
10701,'107-Sunday-1-26-04-0000001',954,,119936,21,,,1,70,,119937,21,,,1,30,,119938,21,,,1,70,,119939,21,,,1,30,,119940,21,,,1,70,,119941,21,,,1,30,,119942,21,,,1,70,,119943,21,,,1,30,,119944,21,,,1,70,,119945,21,,,1,30,,119946,21,,,1,70,,119947,21,,,1,30,,119948,21,,,1,70,,119949,21,,,1,30,,119950,21,,,1,69,,119951,21,,,1,30,,119952,21,,,1,70,,119953,21,,,1,30,,119954,21,,,1,70,,119955,21,,,1
62600,'626-Weekday-1-26-04-0001000',1243,,131727,32,,,1,4,,131728,32,,,1,4,,131729,32,,,1
62600,'626-Weekday-1-26-04-1110100',1541,,131730,32,,,1,4,,131731,32,,,1,4,,131732,32,,,1
62600,'626-Weekday-3-26-04-0001000',1243,,131733,32,,,1,4,,131734,32,,,1,4,,131735,32,,,1
62600,'626-Weekday-3-26-04-1110100',1541,,131736,32,,,1,4,,131737,32,,,1,4,,131738,32,,,1
62801,'628-Weekday-1-26-04-1111100',804,,131753,8,,,1
62801,'628-Weekday-2-26-04-1111100',804,,131754,8,,,1
