65000,'650-Weekday-1-26-02-1111100',746,,61230,9,,,1,6,,61231,9,,,1
65000,'650-Weekday-2-26-02-1111100',746,,61232,9,,,1,6,,61233,9,,,1
65000,'650-Weekday-4-26-02-1111100',746,,61234,9,,,1,6,,61235,9,,,1
65000,'650-Weekday-5-26-02-1111100',746,,61236,9,,,1,6,,61237,9,,,1
65000,'650-Weekday-9-26-02-1111100',746,,61238,9,,,1,6,,61239,9,,,1
72400,'724-Weekday-1-26-02-1111100',534,,80403,9,,,1,70,,80404,9,,,1,31,,80405,9,,,1,70,,80406,9,,,1,30,,80402,9,,,1,70,,80407,9,,,1,30,,80408,9,,,1,669,,80409,9,,,1,30,,80410,9,,,1,70,,80411,9,,,1,30,,80412,9,,,1,70,,80413,9,,,1,30,,80414,9,,,1
72400,'724-Weekday-10-26-02-1111100',534,,80416,9,,,1,70,,80417,9,,,1,31,,80418,9,,,1,70,,80419,9,,,1,30,,80415,9,,,1,70,,80420,9,,,1,30,,80421,9,,,1,669,,80422,9,,,1,30,,80423,9,,,1,70,,80424,9,,,1,30,,80425,9,,,1,70,,80426,9,,,1,30,,80427,9,,,1
72400,'724-Weekday-2-26-02-1111100',534,,80429,9,,,1,70,,80430,9,,,1,31,,80431,9,,,1,70,,80432,9,,,1,30,,80428,9,,,1,70,,80433,9,,,1,30,,80434,9,,,1,669,,80435,9,,,1,30,,80436,9,,,1,70,,80437,9,,,1,30,,80438,9,,,1,70,,80439,9,,,1,30,,80440,9,,,1
72400,'724-Weekday-4-26-02-1111100',534,,80442,9,,,1,70,,80443,9,,,1,31,,80444,9,,,1,70,,80445,9,,,1,30,,80441,9,,,1,70,,80446,9,,,1,30,,80447,9,,,1,669,,80448,9,,,1,30,,80449,9,,,1,70,,80450,9,,,1,30,,80451,9,,,1,70,,80452,9,,,1,30,,80453,9,,,1
72400,'724-Weekday-5-26-02-1111100',534,,80455,9,,,1,70,,80456,9,,,1,31,,80457,9,,,1,70,,80458,9,,,1,30,,80454,9,,,1,70,,80459,9,,,1,30,,80460,9,,,1,669,,80461,9,,,1,30,,80462,9,,,1,70,,80463,9,,,1,30,,80464,9,,,1,70,,80465,9,,,1,30,,80466,9,,,1
72400,'724-Weekday-6-26-02-1111100',534,,80468,9,,,1,70,,80469,9,,,1,31,,80470,9,,,1,70,,80471,9,,,1,30,,80467,9,,,1,70,,80472,9,,,1,30,,80473,9,,,1,669,,80474,9,,,1,30,,80475,9,,,1,70,,80476,9,,,1,30,,80477,9,,,1,70,,80478,9,,,1,30,,80479,9,,,1
72400,'724-Weekday-7-26-02-1111100',534,,80481,9,,,1,70,,80482,9,,,1,31,,80483,9,,,1,70,,80484,9,,,1,30,,80480,9,,,1,70,,80485,9,,,1,30,,80486,9,,,1,669,,80487,9,,,1,30,,80488,9,,,1,70,,80489,9,,,1,30,,80490,9,,,1,70,,80491,9,,,1,30,,80492,9,,,1
72400,'724-Weekday-8-26-02-1111100',534,,80494,9,,,1,70,,80495,9,,,1,31,,80496,9,,,1,70,,80497,9,,,1,30,,80493,9,,,1,70,,80498,9,,,1,30,,80499,9,,,1,669,,80500,9,,,1,30,,80501,9,,,1,70,,80502,9,,,1,30,,80503,9,,,1,70,,80504,9,,,1,30,,80505,9,,,1
72400,'724-Weekday-9-26-02-1111100',534,,80507,9,,,1,70,,80508,9,,,1,31,,80509,9,,,1,70,,80510,9,,,1,30,,80506,9,,,1,70,,80511,9,,,1,30,,80512,9,,,1,669,,80513,9,,,1,30,,80514,9,,,1,70,,80515,9,,,1,30,,80516,9,,,1,70,,80517,9,,,1,30,,80518,9,,,1
