65001,'650-Weekday-1-26-02-1111100',1521,,61240,12,,,1
65001,'650-Weekday-2-26-02-1111100',1521,,61241,12,,,1
65001,'650-Weekday-4-26-02-1111100',1521,,61242,12,,,1
65001,'650-Weekday-5-26-02-1111100',1521,,61243,12,,,1
65001,'650-Weekday-9-26-02-1111100',1521,,61244,12,,,1
72401,'724-Weekday-1-26-02-1111100',626,,80520,22,,,1,33,,80521,22,,,1,74,,80522,22,,,1,70,,80523,22,,,1,30,,80524,22,,,1,69,,80519,22,,,1,626,,80525,22,,,1,30,,80526,22,,,1,70,,80527,22,,,1,30,,80528,22,,,1,70,,80529,22,,,1,30,,80530,22,,,1,70,,80531,22,,,1
72401,'724-Weekday-10-26-02-1111100',626,,80533,22,,,1,33,,80534,22,,,1,74,,80535,22,,,1,70,,80536,22,,,1,30,,80537,22,,,1,69,,80532,22,,,1,626,,80538,22,,,1,30,,80539,22,,,1,70,,80540,22,,,1,30,,80541,22,,,1,70,,80542,22,,,1,30,,80543,22,,,1,70,,80544,22,,,1
72401,'724-Weekday-2-26-02-1111100',626,,80546,22,,,1,33,,80547,22,,,1,74,,80548,22,,,1,70,,80549,22,,,1,30,,80550,22,,,1,69,,80545,22,,,1,626,,80551,22,,,1,30,,80552,22,,,1,70,,80553,22,,,1,30,,80554,22,,,1,70,,80555,22,,,1,30,,80556,22,,,1,70,,80557,22,,,1
72401,'724-Weekday-4-26-02-1111100',626,,80559,22,,,1,33,,80560,22,,,1,74,,80561,22,,,1,70,,80562,22,,,1,30,,80563,22,,,1,69,,80558,22,,,1,626,,80564,22,,,1,30,,80565,22,,,1,70,,80566,22,,,1,30,,80567,22,,,1,70,,80568,22,,,1,30,,80569,22,,,1,70,,80570,22,,,1
72401,'724-Weekday-5-26-02-1111100',626,,80572,22,,,1,33,,80573,22,,,1,74,,80574,22,,,1,70,,80575,22,,,1,30,,80576,22,,,1,69,,80571,22,,,1,626,,80577,22,,,1,30,,80578,22,,,1,70,,80579,22,,,1,30,,80580,22,,,1,70,,80581,22,,,1,30,,80582,22,,,1,70,,80583,22,,,1
72401,'724-Weekday-6-26-02-1111100',626,,80585,22,,,1,33,,80586,22,,,1,74,,80587,22,,,1,70,,80588,22,,,1,30,,80589,22,,,1,69,,80584,22,,,1,626,,80590,22,,,1,30,,80591,22,,,1,70,,80592,22,,,1,30,,80593,22,,,1,70,,80594,22,,,1,30,,80595,22,,,1,70,,80596,22,,,1
72401,'724-Weekday-7-26-02-1111100',626,,80598,22,,,1,33,,80599,22,,,1,74,,80600,22,,,1,70,,80601,22,,,1,30,,80602,22,,,1,69,,80597,22,,,1,626,,80603,22,,,1,30,,80604,22,,,1,70,,80605,22,,,1,30,,80606,22,,,1,70,,80607,22,,,1,30,,80608,22,,,1,70,,80609,22,,,1
72401,'724-Weekday-8-26-02-1111100',626,,80611,22,,,1,33,,80612,22,,,1,74,,80613,22,,,1,70,,80614,22,,,1,30,,80615,22,,,1,69,,80610,22,,,1,626,,80616,22,,,1,30,,80617,22,,,1,70,,80618,22,,,1,30,,80619,22,,,1,70,,80620,22,,,1,30,,80621,22,,,1,70,,80622,22,,,1
72401,'724-Weekday-9-26-02-1111100',626,,80624,22,,,1,33,,80625,22,,,1,74,,80626,22,,,1,70,,80627,22,,,1,30,,80628,22,,,1,69,,80623,22,,,1,626,,80629,22,,,1,30,,80630,22,,,1,70,,80631,22,,,1,30,,80632,22,,,1,70,,80633,22,,,1,30,,80634,22,,,1,70,,80635,22,,,1
