50600,'506-Weekday-1-26-04-1111100',517,,125591,2,0,8,1,30,,125571,29,,,1,70,,125572,29,,,1,33,,125573,29,,,1,56,,125574,29,,,1,15,,125592,29,,,1,15,,125575,29,,,1,15,,125576,29,,,1,55,,125577,29,,,1,15,,125593,29,,,1,15,,125578,29,,,1,15,,125598,29,,,1,69,,125579,29,,,1,28,,125607,29,,,1,70,,125608,29,,,1,30,,125609,29,,,1,70,,125610,29,,,1,30,,125611,29,,,1,70,,125606,29,,,1,30,,125605,29,,,1,70,,125604,29,,,1,30,,125603,29,,,1,70,,125602,29,,,1,30,,125601,29,,,1,62,,125596,9,,,1,12,,125600,29,,,1,32,,125599,29,,,1,46,,125597,29,,,1,11,,125581,29,,,1,15,,125594,29,,,1,15,,125582,29,,,1,15,,125583,29,,,1,55,,125584,29,,,1,15,,125595,29,,,1,15,,125585,29,,,1,15,,125580,29,,,1,68,,125586,29,,,1,25,,125587,29,,,1,66,,125612,29,,,1,30,,125613,29,,,1,70,,125614,29,,,1,30,,125615,29,,,1,70,,125616,29,,,1,30,,125617,29,,,1,69,,125618,29,,,1,28,,125588,29,,,1,100,,125589,29,,,1,100,,125590,29,,,1
50600,'506-Weekday-3-26-04-1111100',517,,125687,2,0,8,1,30,,125667,29,,,1,70,,125668,29,,,1,33,,125669,29,,,1,56,,125670,29,,,1,15,,125688,29,,,1,15,,125671,29,,,1,15,,125672,29,,,1,55,,125673,29,,,1,15,,125689,29,,,1,15,,125674,29,,,1,15,,125692,29,,,1,69,,125675,29,,,1,28,,125701,29,,,1,70,,125702,29,,,1,30,,125703,29,,,1,70,,125704,29,,,1,30,,125705,29,,,1,70,,125700,29,,,1,30,,125699,29,,,1,70,,125698,29,,,1,30,,125697,29,,,1,70,,125696,29,,,1,30,,125695,29,,,1,74,,125694,29,,,1,32,,125693,29,,,1,57,,125677,29,,,1,15,,125690,29,,,1,15,,125678,29,,,1,15,,125679,29,,,1,55,,125680,29,,,1,15,,125691,29,,,1,15,,125681,29,,,1,15,,125676,29,,,1,68,,125682,29,,,1,25,,125683,29,,,1,66,,125706,29,,,1,30,,125707,29,,,1,70,,125708,29,,,1,30,,125709,29,,,1,70,,125710,29,,,1,30,,125711,29,,,1,69,,125712,29,,,1,28,,125684,29,,,1,100,,125685,29,,,1,100,,125686,29,,,1
50600,'506-Saturday-1-26-04-0000010',535,,125743,2,0,8,1,100,,125713,29,,,1,100,,125714,29,,,1,70,,125744,2,0,8,1,28,,125715,29,,,1,69,,125716,29,,,1,33,,125717,29,,,1,70,,125718,29,,,1,30,,125719,29,,,1,70,,125720,29,,,1,30,,125721,29,,,1,70,,125722,29,,,1,30,,125723,29,,,1,70,,125724,29,,,1,30,,125725,29,,,1,70,,125726,29,,,1,30,,125727,29,,,1,70,,125728,29,,,1,30,,125729,29,,,1,70,,125730,29,,,1,30,,125731,29,,,1,71,,125732,29,,,1,29,,125733,29,,,1,70,,125734,29,,,1,30,,125735,29,,,1,70,,125736,29,,,1,30,,125737,29,,,1,85,,125738,29,,,1,100,,125739,29,,,1,100,,125740,29,,,1,100,,125741,29,,,1,100,,125742,29,,,1
50600,'506-Sunday-1-26-04-0000001',539,,125772,2,0,8,1,98,,125745,29,,,1,100,,125746,29,,,1,100,,125747,29,,,1,99,,125748,29,,,1,70,,125771,2,0,8,1,30,,125749,29,,,1,70,,125750,29,,,1,30,,125751,29,,,1,70,,125752,29,,,1,30,,125753,29,,,1,70,,125754,29,,,1,30,,125755,29,,,1,70,,125756,29,,,1,30,,125757,29,,,1,70,,125758,29,,,1,30,,125759,29,,,1,70,,125760,29,,,1,30,,125761,29,,,1,70,,125762,29,,,1,31,,125763,29,,,1,70,,125764,29,,,1,30,,125765,29,,,1,85,,125766,29,,,1,100,,125767,29,,,1,100,,125768,29,,,1,100,,125769,29,,,1,100,,125770,29,,,1
63100,'631-Weekday-1-26-04-1111100',726,,131764,2,,,1
63100,'631-Weekday-3-26-04-1111100',726,,131766,2,,,1
63101,'631-Weekday-1-26-04-0001000',1259,,131767,34,,,1,243,,131768,23,,,1
63101,'631-Weekday-1-26-04-1110100',1602,,131769,34,,,1
63101,'631-Weekday-3-26-04-0001000',1259,,131771,34,,,1
63101,'631-Weekday-3-26-04-1110100',1602,,131772,34,,,1
