5301,'053-Weekday-1-26-04-1111100',558,,115322,26,,,1,70,,115323,26,,,1,73,,115354,26,,,1,15,,115324,26,,,1,15,,115325,26,,,1,15,,115352,26,,,1,55,,115326,26,,,1,15,,115362,26,,,1,15,,115363,26,,,1,15,,115357,26,,,1,55,,115361,26,,,1,30,,115353,26,,,1,70,,115327,26,,,1,30,,115328,26,,,1,70,,115329,26,,,1,30,,115330,26,,,1,70,,115331,26,,,1,30,,115332,26,,,1,70,,115333,26,,,1,30,,115334,26,,,1,70,,115335,26,,,1,30,,115336,26,,,1,70,,115337,26,,,1,31,,115338,26,,,1,15,,115339,26,,,1,55,,115340,26,,,1,15,,115355,26,,,1,15,,115341,26,,,1,15,,115342,26,,,1,55,,115356,26,,,1,15,,115343,26,,,1,15,,115358,26,,,1,15,,115364,26,,,1,55,,115365,26,,,1,30,,115366,26,,,1,69,,115359,26,,,1,30,,115344,26,,,1,70,,115345,26,,,1,30,,115346,26,,,1,70,,115347,26,,,1,30,,115348,26,,,1,70,,115349,26,,,1,28,,115350,26,,,1,100,,115351,26,,,1,100,,115360,26,,,1
5301,'053-Weekday-2-26-04-1111100',558,,115367,26,,,1,70,,115368,26,,,1,73,,115399,26,,,1,15,,115369,26,,,1,15,,115370,26,,,1,15,,115397,26,,,1,55,,115371,26,,,1,15,,115407,26,,,1,15,,115408,26,,,1,15,,115402,26,,,1,55,,115406,26,,,1,30,,115398,26,,,1,70,,115372,26,,,1,30,,115373,26,,,1,70,,115374,26,,,1,30,,115375,26,,,1,70,,115376,26,,,1,30,,115377,26,,,1,70,,115378,26,,,1,30,,115379,26,,,1,70,,115380,26,,,1,30,,115381,26,,,1,70,,115382,26,,,1,31,,115383,26,,,1,15,,115384,26,,,1,55,,115385,26,,,1,15,,115400,26,,,1,15,,115386,26,,,1,15,,115387,26,,,1,55,,115401,26,,,1,15,,115388,26,,,1,15,,115403,26,,,1,15,,115409,26,,,1,55,,115410,26,,,1,30,,115411,26,,,1,69,,115404,26,,,1,30,,115389,26,,,1,70,,115390,26,,,1,30,,115391,26,,,1,70,,115392,26,,,1,30,,115393,26,,,1,70,,115394,26,,,1,28,,115395,26,,,1,100,,115396,26,,,1,100,,115405,26,,,1
5301,'053-Weekday-3-26-04-1111100',558,,115412,26,,,1,70,,115413,26,,,1,73,,115444,26,,,1,15,,115414,26,,,1,15,,115415,26,,,1,15,,115442,26,,,1,55,,115416,26,,,1,15,,115452,26,,,1,15,,115453,26,,,1,15,,115447,26,,,1,55,,115451,26,,,1,30,,115443,26,,,1,70,,115417,26,,,1,30,,115418,26,,,1,70,,115419,26,,,1,30,,115420,26,,,1,70,,115421,26,,,1,30,,115422,26,,,1,70,,115423,26,,,1,30,,115424,26,,,1,70,,115425,26,,,1,30,,115426,26,,,1,70,,115427,26,,,1,31,,115428,26,,,1,15,,115429,26,,,1,55,,115430,26,,,1,15,,115445,26,,,1,15,,115431,26,,,1,15,,115432,26,,,1,55,,115446,26,,,1,15,,115433,26,,,1,15,,115448,26,,,1,15,,115454,26,,,1,55,,115455,26,,,1,30,,115456,26,,,1,69,,115449,26,,,1,30,,115434,26,,,1,70,,115435,26,,,1,30,,115436,26,,,1,70,,115437,26,,,1,30,,115438,26,,,1,70,,115439,26,,,1,28,,115440,26,,,1,100,,115441,26,,,1,100,,115450,26,,,1
5301,'053-Saturday-1-26-04-0000010',632,,115457,26,,,1,100,,115458,26,,,1,100,,115459,26,,,1,88,,115460,26,,,1,30,,115461,26,,,1,70,,115462,26,,,1,30,,115463,26,,,1,70,,115464,26,,,1,30,,115465,26,,,1,70,,115466,26,,,1,30,,115467,26,,,1,70,,115468,26,,,1,30,,115469,26,,,1,70,,115470,26,,,1,30,,115471,26,,,1,70,,115472,26,,,1,30,,115473,26,,,1,70,,115474,26,,,1,30,,115475,26,,,1,70,,115476,26,,,1,30,,115477,26,,,1,70,,115478,26,,,1,30,,115479,26,,,1,70,,115480,26,,,1,30,,115485,26,,,1,82,,115481,26,,,1,100,,115482,26,,,1,100,,115483,26,,,1,100,,115484,26,,,1
5301,'053-Sunday-1-26-04-0000001',729,,115486,26,,,1,100,,115487,26,,,1,91,,115488,26,,,1,100,,115489,26,,,1,30,,115490,26,,,1,70,,115491,26,,,1,30,,115492,26,,,1,70,,115493,26,,,1,30,,115494,26,,,1,70,,115495,26,,,1,30,,115496,26,,,1,70,,115497,26,,,1,30,,115498,26,,,1,70,,115499,26,,,1,30,,115500,26,,,1,70,,115501,26,,,1,30,,115502,26,,,1,70,,115503,26,,,1,30,,115504,26,,,1,70,,115505,26,,,1,30,,115506,26,,,1,79,,115507,26,,,1,100,,115508,26,,,1,100,,115509,26,,,1,100,,115510,26,,,1,100,,115511,26,,,1
52200,'522-Weekday-1-26-04-1111100',635,,130183,35,4,,1,72,,130184,35,4,,1,31,,130185,35,4,,1,70,,130186,35,4,,1,30,,130187,35,4,,1,70,,130188,35,4,,1,28,,130189,35,4,,1,99,,130190,35,4,,1,100,,130191,35,4,,1,100,,130192,35,4,,1,100,,130193,35,4,,1,100,,130194,35,4,,1,103,,130195,35,4,,1,72,,130196,35,4,,1,30,,130197,35,4,,1,70,,130198,35,4,,1,30,,130199,35,4,,1,70,,130200,35,4,,1,29,,130201,35,4,,1,97,,130202,35,4,,1,100,,130203,35,4,,1,100,,130204,35,4,,1,97,,130205,35,4,,1
52200,'522-Weekday-2-26-04-1111100',635,,130206,35,4,,1,72,,130207,35,4,,1,31,,130208,35,4,,1,70,,130209,35,4,,1,30,,130210,35,4,,1,70,,130211,35,4,,1,28,,130212,35,4,,1,99,,130213,35,4,,1,100,,130214,35,4,,1,100,,130215,35,4,,1,100,,130216,35,4,,1,100,,130217,35,4,,1,103,,130218,35,4,,1,72,,130219,35,4,,1,30,,130220,35,4,,1,70,,130221,35,4,,1,30,,130222,35,4,,1,70,,130223,35,4,,1,29,,130224,35,4,,1,97,,130225,35,4,,1,100,,130226,35,4,,1,100,,130227,35,4,,1,97,,130228,35,4,,1
52200,'522-Weekday-3-26-04-1111100',635,,130229,35,4,,1,72,,130230,35,4,,1,31,,130231,35,4,,1,70,,130232,35,4,,1,30,,130233,35,4,,1,70,,130234,35,4,,1,28,,130235,35,4,,1,99,,130236,35,4,,1,100,,130237,35,4,,1,100,,130238,35,4,,1,100,,130239,35,4,,1,100,,130240,35,4,,1,103,,130241,35,4,,1,72,,130242,35,4,,1,30,,130243,35,4,,1,70,,130244,35,4,,1,30,,130245,35,4,,1,70,,130246,35,4,,1,29,,130247,35,4,,1,97,,130248,35,4,,1,100,,130249,35,4,,1,100,,130250,35,4,,1,97,,130251,35,4,,1
52200,'522-Saturday-1-26-04-0000010',849,,130252,35,4,,1,102,,130253,35,4,,1,100,,130254,35,4,,1,100,,130255,35,4,,1,100,,130256,35,4,,1,100,,130257,35,4,,1,100,,130258,35,4,,1,100,,130259,35,4,,1,100,,130260,35,4,,1,98,,130261,35,4,,1,100,,130262,35,4,,1
52200,'522-Sunday-1-26-04-0000001',1018,,130263,35,4,,1,100,,130264,35,4,,1,100,,130265,35,4,,1,100,,130266,35,4,,1,100,,130267,35,4,,1,100,,130268,35,4,,1,100,,130269,35,4,,1,100,,130270,35,4,,1,100,,130271,35,4,,1
52201,'522-Weekday-1-26-04-1111100',612,,130272,1,,,1,30,,130273,1,,,1,70,,130274,1,,,1,30,,130275,1,,,1,70,,130276,1,,,1,30,,130277,1,,,1,100,,130278,1,,,1,100,,130279,1,,,1,100,,130280,1,,,1,100,,130281,1,,,1,100,,130282,1,,,1,100,,130283,1,,,1,70,,130284,1,,,1,30,,130285,1,,,1,70,,130286,1,,,1,30,,130287,1,,,1,70,,130288,1,,,1,30,,130289,1,,,1,100,,130290,1,,,1,100,,130291,1,,,1,100,,130292,1,,,1,100,,130293,1,,,1
52201,'522-Weekday-2-26-04-1111100',612,,130294,1,,,1,30,,130295,1,,,1,70,,130296,1,,,1,30,,130297,1,,,1,70,,130298,1,,,1,30,,130299,1,,,1,100,,130300,1,,,1,100,,130301,1,,,1,100,,130302,1,,,1,100,,130303,1,,,1,100,,130304,1,,,1,100,,130305,1,,,1,70,,130306,1,,,1,30,,130307,1,,,1,70,,130308,1,,,1,30,,130309,1,,,1,70,,130310,1,,,1,30,,130311,1,,,1,100,,130312,1,,,1,100,,130313,1,,,1,100,,130314,1,,,1,100,,130315,1,,,1
52201,'522-Weekday-3-26-04-1111100',612,,130316,1,,,1,30,,130317,1,,,1,70,,130318,1,,,1,30,,130319,1,,,1,70,,130320,1,,,1,30,,130321,1,,,1,100,,130322,1,,,1,100,,130323,1,,,1,100,,130324,1,,,1,100,,130325,1,,,1,100,,130326,1,,,1,100,,130327,1,,,1,70,,130328,1,,,1,30,,130329,1,,,1,70,,130330,1,,,1,30,,130331,1,,,1,70,,130332,1,,,1,30,,130333,1,,,1,100,,130334,1,,,1,100,,130335,1,,,1,100,,130336,1,,,1,100,,130337,1,,,1
52201,'522-Saturday-1-26-04-0000010',757,,130349,1,,,1,99,,130338,1,,,1,100,,130339,1,,,1,100,,130340,1,,,1,100,,130341,1,,,1,100,,130342,1,,,1,100,,130343,1,,,1,100,,130344,1,,,1,100,,130345,1,,,1,100,,130346,1,,,1,100,,130347,1,,,1,100,,130348,1,,,1
52201,'522-Sunday-1-26-04-0000001',1028,,130350,1,,,1,100,,130351,1,,,1,100,,130352,1,,,1,100,,130353,1,,,1,100,,130354,1,,,1,100,,130355,1,,,1,100,,130356,1,,,1,100,,130357,1,,,1,100,,130358,1,,,1
