91701,'917-Weekday-1-26-02-0001000',1504,,94039,15,,,1
91701,'917-Weekday-1-26-02-1110100',1633,,94040,15,,,1
91701,'917-Weekday-1-26-02-1111100',506,,94041,15,,,1,30,,94042,15,,,1,70,,94083,15,,,1,20,,94085,15,,,1,21,,94084,15,,,1,60,,94043,15,,,1,20,,94078,15,,,1,20,,94044,15,,,1,60,,94045,15,,,1,20,,94079,15,,,1,20,,94046,15,,,1,60,,94047,15,,,1,30,,94048,15,,,1,70,,94049,15,,,1,30,,94050,15,,,1,70,,94051,15,,,1,30,,94052,15,,,1,70,,94053,15,,,1,30,,94054,15,,,1,70,,94055,15,,,1,30,,94056,15,,,1,70,,94057,15,,,1,30,,94058,15,,,1,72,,94059,15,,,1,31,,94082,15,,,1,15,,94060,15,,,1,55,,94061,15,,,1,15,,94062,15,,,1,15,,94080,15,,,1,15,,94063,15,,,1,55,,94064,15,,,1,15,,94065,15,,,1,15,,94081,15,,,1,15,,94066,15,,,1,55,,94067,15,,,1,28,,94068,15,,,1,69,,94069,15,,,1,30,,94070,15,,,1,70,,94071,15,,,1,30,,94072,15,,,1,70,,94073,15,,,1,30,,94074,15,,,1,70,,94075,15,,,1,100,,94076,15,,,1,100,,94077,15,,,1
91701,'917-Weekday-10-26-02-0001000',1504,,94086,15,,,1
91701,'917-Weekday-10-26-02-1111100',506,,94087,15,,,1,30,,94088,15,,,1,70,,94129,15,,,1,20,,94131,15,,,1,21,,94130,15,,,1,60,,94089,15,,,1,20,,94124,15,,,1,20,,94090,15,,,1,60,,94091,15,,,1,20,,94125,15,,,1,20,,94092,15,,,1,60,,94093,15,,,1,30,,94094,15,,,1,70,,94095,15,,,1,30,,94096,15,,,1,70,,94097,15,,,1,30,,94098,15,,,1,70,,94099,15,,,1,30,,94100,15,,,1,70,,94101,15,,,1,30,,94102,15,,,1,70,,94103,15,,,1,30,,94104,15,,,1,72,,94105,15,,,1,31,,94128,15,,,1,15,,94106,15,,,1,55,,94107,15,,,1,15,,94108,15,,,1,15,,94126,15,,,1,15,,94109,15,,,1,55,,94110,15,,,1,15,,94111,15,,,1,15,,94127,15,,,1,15,,94112,15,,,1,55,,94113,15,,,1,28,,94114,15,,,1,69,,94115,15,,,1,30,,94116,15,,,1,70,,94117,15,,,1,30,,94118,15,,,1,70,,94119,15,,,1,30,,94120,15,,,1,70,,94121,15,,,1,100,,94122,15,,,1,100,,94123,15,,,1
91701,'917-Weekday-4-26-02-1111100',506,,94179,15,,,1,30,,94180,15,,,1,70,,94221,15,,,1,20,,94223,15,,,1,21,,94222,15,,,1,60,,94181,15,,,1,20,,94216,15,,,1,20,,94182,15,,,1,60,,94183,15,,,1,20,,94217,15,,,1,20,,94184,15,,,1,60,,94185,15,,,1,30,,94186,15,,,1,70,,94187,15,,,1,30,,94188,15,,,1,70,,94189,15,,,1,30,,94190,15,,,1,70,,94191,15,,,1,30,,94192,15,,,1,70,,94193,15,,,1,30,,94194,15,,,1,70,,94195,15,,,1,30,,94196,15,,,1,72,,94197,15,,,1,31,,94220,15,,,1,15,,94198,15,,,1,55,,94199,15,,,1,15,,94200,15,,,1,15,,94218,15,,,1,15,,94201,15,,,1,55,,94202,15,,,1,15,,94203,15,,,1,15,,94219,15,,,1,15,,94204,15,,,1,55,,94205,15,,,1,28,,94206,15,,,1,69,,94207,15,,,1,30,,94208,15,,,1,70,,94209,15,,,1,30,,94210,15,,,1,70,,94211,15,,,1,30,,94212,15,,,1,70,,94213,15,,,1,100,,94214,15,,,1,100,,94215,15,,,1
91701,'917-Weekday-5-26-02-0001000',1504,,94224,15,,,1
91701,'917-Weekday-5-26-02-1110100',1633,,94225,15,,,1
91701,'917-Weekday-5-26-02-1111100',506,,94226,15,,,1,30,,94227,15,,,1,70,,94268,15,,,1,20,,94270,15,,,1,21,,94269,15,,,1,60,,94228,15,,,1,20,,94263,15,,,1,20,,94229,15,,,1,60,,94230,15,,,1,20,,94264,15,,,1,20,,94231,15,,,1,60,,94232,15,,,1,30,,94233,15,,,1,70,,94234,15,,,1,30,,94235,15,,,1,70,,94236,15,,,1,30,,94237,15,,,1,70,,94238,15,,,1,30,,94239,15,,,1,70,,94240,15,,,1,30,,94241,15,,,1,70,,94242,15,,,1,30,,94243,15,,,1,72,,94244,15,,,1,31,,94267,15,,,1,15,,94245,15,,,1,55,,94246,15,,,1,15,,94247,15,,,1,15,,94265,15,,,1,15,,94248,15,,,1,55,,94249,15,,,1,15,,94250,15,,,1,15,,94266,15,,,1,15,,94251,15,,,1,55,,94252,15,,,1,28,,94253,15,,,1,69,,94254,15,,,1,30,,94255,15,,,1,70,,94256,15,,,1,30,,94257,15,,,1,70,,94258,15,,,1,30,,94259,15,,,1,70,,94260,15,,,1,100,,94261,15,,,1,100,,94262,15,,,1
91701,'917-Weekday-6-26-02-1111100',506,,94271,15,,,1,30,,94272,15,,,1,70,,94313,15,,,1,20,,94315,15,,,1,21,,94314,15,,,1,60,,94273,15,,,1,20,,94308,15,,,1,20,,94274,15,,,1,60,,94275,15,,,1,20,,94309,15,,,1,20,,94276,15,,,1,60,,94277,15,,,1,30,,94278,15,,,1,70,,94279,15,,,1,30,,94280,15,,,1,70,,94281,15,,,1,30,,94282,15,,,1,70,,94283,15,,,1,30,,94284,15,,,1,70,,94285,15,,,1,30,,94286,15,,,1,70,,94287,15,,,1,30,,94288,15,,,1,72,,94289,15,,,1,31,,94312,15,,,1,15,,94290,15,,,1,55,,94291,15,,,1,15,,94292,15,,,1,15,,94310,15,,,1,15,,94293,15,,,1,55,,94294,15,,,1,15,,94295,15,,,1,15,,94311,15,,,1,15,,94296,15,,,1,55,,94297,15,,,1,28,,94298,15,,,1,69,,94299,15,,,1,30,,94300,15,,,1,70,,94301,15,,,1,30,,94302,15,,,1,70,,94303,15,,,1,30,,94304,15,,,1,70,,94305,15,,,1,100,,94306,15,,,1,100,,94307,15,,,1
91701,'917-Weekday-7-26-02-1111100',506,,94316,15,,,1,30,,94317,15,,,1,70,,94358,15,,,1,20,,94360,15,,,1,21,,94359,15,,,1,60,,94318,15,,,1,20,,94353,15,,,1,20,,94319,15,,,1,60,,94320,15,,,1,20,,94354,15,,,1,20,,94321,15,,,1,60,,94322,15,,,1,30,,94323,15,,,1,70,,94324,15,,,1,30,,94325,15,,,1,70,,94326,15,,,1,30,,94327,15,,,1,70,,94328,15,,,1,30,,94329,15,,,1,70,,94330,15,,,1,30,,94331,15,,,1,70,,94332,15,,,1,30,,94333,15,,,1,72,,94334,15,,,1,31,,94357,15,,,1,15,,94335,15,,,1,55,,94336,15,,,1,15,,94337,15,,,1,15,,94355,15,,,1,15,,94338,15,,,1,55,,94339,15,,,1,15,,94340,15,,,1,15,,94356,15,,,1,15,,94341,15,,,1,55,,94342,15,,,1,28,,94343,15,,,1,69,,94344,15,,,1,30,,94345,15,,,1,70,,94346,15,,,1,30,,94347,15,,,1,70,,94348,15,,,1,30,,94349,15,,,1,70,,94350,15,,,1,100,,94351,15,,,1,100,,94352,15,,,1
91701,'917-Saturday-1-26-02-0000010',631,,94452,15,,,1,100,,94453,15,,,1,70,,94480,15,,,1,30,,94481,15,,,1,71,,94454,15,,,1,30,,94455,15,,,1,70,,94456,15,,,1,30,,94457,15,,,1,70,,94458,15,,,1,30,,94459,15,,,1,70,,94460,15,,,1,30,,94461,15,,,1,70,,94462,15,,,1,30,,94463,15,,,1,70,,94464,15,,,1,30,,94465,15,,,1,70,,94466,15,,,1,30,,94467,15,,,1,70,,94468,15,,,1,30,,94469,15,,,1,70,,94470,15,,,1,30,,94471,15,,,1,70,,94472,15,,,1,30,,94473,15,,,1,70,,94474,15,,,1,100,,94475,15,,,1,100,,94476,15,,,1,100,,94477,15,,,1,100,,94478,15,,,1,100,,94479,15,,,1
91701,'917-Sunday-1-26-02-0000001',636,,94482,15,,,1,100,,94483,15,,,1,100,,94484,15,,,1,98,,94485,15,,,1,100,,94486,15,,,1,70,,94487,15,,,1,30,,94488,15,,,1,70,,94489,15,,,1,30,,94490,15,,,1,70,,94491,15,,,1,30,,94492,15,,,1,70,,94493,15,,,1,30,,94494,15,,,1,70,,94495,15,,,1,30,,94496,15,,,1,70,,94497,15,,,1,30,,94498,15,,,1,71,,94499,15,,,1,30,,94500,15,,,1,70,,94501,15,,,1,30,,94502,15,,,1,70,,94503,15,,,1,30,,94504,15,,,1,100,,94505,15,,,1,100,,94506,15,,,1,100,,94507,15,,,1,100,,94508,15,,,1
