52100,'521-Weekday-1-26-02-1111100',555,,55770,15,,,1,70,,55806,15,,,1,19,,55816,15,,,1,56,,55771,15,,,1,12,,55774,15,,,1,12,,55772,15,,,1,10,,55815,15,,,1,2,,55773,15,,,1,12,,55775,15,,,1,52,,55776,15,,,1,12,,55777,15,,,1,12,,55778,15,,,1,12,,55779,15,,,1,12,,55780,15,,,1,54,,55807,15,,,1,25,,55808,15,,,1,30,,55791,15,,,1,70,,55781,15,,,1,30,,55782,15,,,1,70,,55783,15,,,1,30,,55784,15,,,1,70,,55785,15,,,1,30,,55786,15,,,1,70,,55787,15,,,1,30,,55788,15,,,1,70,,55789,15,,,1,30,,55790,15,,,1,77,,55809,15,,,1,15,,55792,15,,,1,55,,55793,15,,,1,15,,55794,15,,,1,15,,55795,15,,,1,15,,55796,15,,,1,55,,55797,15,,,1,15,,55798,15,,,1,15,,55799,15,,,1,15,,55800,15,,,1,55,,55801,15,,,1,18,,55802,15,,,1,15,,55810,15,,,1,22,,55804,15,,,1,71,,55805,15,,,1,70,,55803,15,,,1,30,,55811,15,,,1,70,,55812,15,,,1,30,,55813,15,,,1,70,,55814,15,,,1,29,,55817,15,,,1
52100,'521-Weekday-10-26-02-1111100',555,,55818,15,,,1,70,,55854,15,,,1,19,,55864,15,,,1,56,,55819,15,,,1,12,,55822,15,,,1,12,,55820,15,,,1,10,,55863,15,,,1,2,,55821,15,,,1,12,,55823,15,,,1,52,,55824,15,,,1,12,,55825,15,,,1,12,,55826,15,,,1,12,,55827,15,,,1,12,,55828,15,,,1,54,,55855,15,,,1,25,,55856,15,,,1,30,,55839,15,,,1,70,,55829,15,,,1,30,,55830,15,,,1,70,,55831,15,,,1,30,,55832,15,,,1,70,,55833,15,,,1,30,,55834,15,,,1,70,,55835,15,,,1,30,,55836,15,,,1,70,,55837,15,,,1,30,,55838,15,,,1,77,,55857,15,,,1,15,,55840,15,,,1,55,,55841,15,,,1,15,,55842,15,,,1,15,,55843,15,,,1,15,,55844,15,,,1,55,,55845,15,,,1,15,,55846,15,,,1,15,,55847,15,,,1,15,,55848,15,,,1,55,,55849,15,,,1,18,,55850,15,,,1,15,,55858,15,,,1,22,,55852,15,,,1,71,,55853,15,,,1,70,,55851,15,,,1,30,,55859,15,,,1,70,,55860,15,,,1,30,,55861,15,,,1,70,,55862,15,,,1,29,,55865,15,,,1
52100,'521-Weekday-4-26-02-1111100',555,,55914,15,,,1,70,,55950,15,,,1,19,,55959,15,,,1,56,,55915,15,,,1,12,,55918,15,,,1,12,,55916,15,,,1,12,,55917,15,,,1,12,,55919,15,,,1,52,,55920,15,,,1,12,,55921,15,,,1,12,,55922,15,,,1,12,,55923,15,,,1,12,,55924,15,,,1,54,,55951,15,,,1,25,,55952,15,,,1,30,,55935,15,,,1,70,,55925,15,,,1,30,,55926,15,,,1,70,,55927,15,,,1,30,,55928,15,,,1,70,,55929,15,,,1,30,,55930,15,,,1,70,,55931,15,,,1,30,,55932,15,,,1,70,,55933,15,,,1,30,,55934,15,,,1,77,,55953,15,,,1,15,,55936,15,,,1,55,,55937,15,,,1,15,,55938,15,,,1,15,,55939,15,,,1,15,,55940,15,,,1,55,,55941,15,,,1,15,,55942,15,,,1,15,,55943,15,,,1,15,,55944,15,,,1,55,,55945,15,,,1,18,,55946,15,,,1,15,,55954,15,,,1,22,,55948,15,,,1,71,,55949,15,,,1,70,,55947,15,,,1,30,,55955,15,,,1,70,,55956,15,,,1,30,,55957,15,,,1,70,,55958,15,,,1,29,,55960,15,,,1
52100,'521-Weekday-5-26-02-1111100',555,,55961,15,,,1,70,,55997,15,,,1,19,,56007,15,,,1,56,,55962,15,,,1,12,,55965,15,,,1,12,,55963,15,,,1,10,,56006,15,,,1,2,,55964,15,,,1,12,,55966,15,,,1,52,,55967,15,,,1,12,,55968,15,,,1,12,,55969,15,,,1,12,,55970,15,,,1,12,,55971,15,,,1,54,,55998,15,,,1,25,,55999,15,,,1,30,,55982,15,,,1,70,,55972,15,,,1,30,,55973,15,,,1,70,,55974,15,,,1,30,,55975,15,,,1,70,,55976,15,,,1,30,,55977,15,,,1,70,,55978,15,,,1,30,,55979,15,,,1,70,,55980,15,,,1,30,,55981,15,,,1,77,,56000,15,,,1,15,,55983,15,,,1,55,,55984,15,,,1,15,,55985,15,,,1,15,,55986,15,,,1,15,,55987,15,,,1,55,,55988,15,,,1,15,,55989,15,,,1,15,,55990,15,,,1,15,,55991,15,,,1,55,,55992,15,,,1,18,,55993,15,,,1,15,,56001,15,,,1,22,,55995,15,,,1,71,,55996,15,,,1,70,,55994,15,,,1,30,,56002,15,,,1,70,,56003,15,,,1,30,,56004,15,,,1,70,,56005,15,,,1,29,,56008,15,,,1
52100,'521-Weekday-7-26-02-1111100',555,,56057,15,,,1,70,,56093,15,,,1,19,,56102,15,,,1,56,,56058,15,,,1,12,,56061,15,,,1,12,,56059,15,,,1,12,,56060,15,,,1,12,,56062,15,,,1,52,,56063,15,,,1,12,,56064,15,,,1,12,,56065,15,,,1,12,,56066,15,,,1,12,,56067,15,,,1,54,,56094,15,,,1,25,,56095,15,,,1,30,,56078,15,,,1,70,,56068,15,,,1,30,,56069,15,,,1,70,,56070,15,,,1,30,,56071,15,,,1,70,,56072,15,,,1,30,,56073,15,,,1,70,,56074,15,,,1,30,,56075,15,,,1,70,,56076,15,,,1,30,,56077,15,,,1,77,,56096,15,,,1,15,,56079,15,,,1,55,,56080,15,,,1,15,,56081,15,,,1,15,,56082,15,,,1,15,,56083,15,,,1,55,,56084,15,,,1,15,,56085,15,,,1,15,,56086,15,,,1,15,,56087,15,,,1,55,,56088,15,,,1,18,,56089,15,,,1,15,,56097,15,,,1,22,,56091,15,,,1,71,,56092,15,,,1,70,,56090,15,,,1,30,,56098,15,,,1,70,,56099,15,,,1,30,,56100,15,,,1,70,,56101,15,,,1,29,,56103,15,,,1
52100,'521-Saturday-1-26-02-0000010',823,,56219,15,,,1,28,,56220,15,,,1,70,,56221,15,,,1,30,,56222,15,,,1,70,,56200,15,,,1,30,,56201,15,,,1,70,,56202,15,,,1,30,,56203,15,,,1,70,,56204,15,,,1,30,,56205,15,,,1,70,,56206,15,,,1,30,,56207,15,,,1,70,,56208,15,,,1,30,,56209,15,,,1,70,,56210,15,,,1,30,,56211,15,,,1,70,,56213,15,,,1,31,,56214,15,,,1,71,,56215,15,,,1,30,,56212,15,,,1,70,,56216,15,,,1,30,,56217,15,,,1,70,,56218,15,,,1
52100,'521-Sunday-1-26-02-0000001',1021,,56223,15,,,1,30,,56224,15,,,1,70,,56225,15,,,1,30,,56226,15,,,1,70,,56227,15,,,1,30,,56228,15,,,1,70,,56229,15,,,1,30,,56230,15,,,1,70,,56231,15,,,1,30,,56232,15,,,1,73,,56233,15,,,1,27,,56234,15,,,1,70,,56235,15,,,1,30,,56236,15,,,1,71,,56237,15,,,1,30,,56238,15,,,1,70,,56239,15,,,1,30,,56240,15,,,1,70,,56241,15,,,1
66400,'664-Weekday-1-26-02-0001000',1449,,61576,22,,,1,4,,61577,22,,,1
66400,'664-Weekday-1-26-02-1110100',1530,,61578,22,,,1,3,,61579,22,,,1
66400,'664-Weekday-5-26-02-0001000',1449,,61590,22,,,1,4,,61591,22,,,1
66400,'664-Weekday-5-26-02-1110100',1530,,61592,22,,,1,3,,61593,22,,,1
66400,'664-Weekday-9-26-02-0001000',1449,,61598,22,,,1,4,,61599,22,,,1
