51801,'518-Weekday-1-26-02-0001000',1246,,54253,19,,,1
51801,'518-Weekday-1-26-02-1111100',530,,54254,19,,,1,70,,54255,19,,,1,23,,54303,19,,,1,21,,54256,19,,,1,12,,54257,19,,,1,52,,54258,19,,,1,12,,54304,19,,,1,12,,54259,19,,,1,12,,54260,19,,,1,12,,54261,19,,,1,52,,54262,19,,,1,12,,54305,19,,,1,12,,54263,19,,,1,12,,54264,19,,,1,12,,54306,19,,,1,75,,54265,19,,,1,70,,54266,19,,,1,30,,54267,19,,,1,70,,54268,19,,,1,30,,54269,19,,,1,70,,54270,19,,,1,30,,54271,19,,,1,70,,54272,19,,,1,30,,54273,19,,,1,70,,54274,19,,,1,30,,54275,19,,,1,71,,54276,19,,,1,15,,54277,19,,,1,12,,54278,19,,,1,12,,54300,19,,,1,12,,54279,19,,,1,5,,54307,19,,,1,47,,54280,19,,,1,12,,54281,19,,,1,12,,54282,19,,,1,12,,54302,19,,,1,12,,54283,19,,,1,52,,54284,19,,,1,12,,54285,19,,,1,12,,54286,19,,,1,12,,54301,19,,,1,12,,54287,19,,,1,52,,54288,19,,,1,12,,54289,19,,,1,17,,54290,19,,,1,67,,54291,19,,,1,30,,54292,19,,,1,70,,54293,19,,,1,30,,54294,19,,,1,70,,54295,19,,,1,30,,54296,19,,,1,70,,54297,19,,,1,58,,54298,19,,,1,100,,54299,19,,,1
51801,'518-Weekday-10-26-02-0001000',1246,,54308,19,,,1
51801,'518-Weekday-10-26-02-1111100',530,,54309,19,,,1,70,,54310,19,,,1,23,,54358,19,,,1,21,,54311,19,,,1,12,,54312,19,,,1,52,,54313,19,,,1,12,,54359,19,,,1,12,,54314,19,,,1,12,,54315,19,,,1,12,,54316,19,,,1,52,,54317,19,,,1,12,,54360,19,,,1,12,,54318,19,,,1,12,,54319,19,,,1,12,,54361,19,,,1,75,,54320,19,,,1,70,,54321,19,,,1,30,,54322,19,,,1,70,,54323,19,,,1,30,,54324,19,,,1,70,,54325,19,,,1,30,,54326,19,,,1,70,,54327,19,,,1,30,,54328,19,,,1,70,,54329,19,,,1,30,,54330,19,,,1,71,,54331,19,,,1,15,,54332,19,,,1,12,,54333,19,,,1,12,,54355,19,,,1,12,,54334,19,,,1,5,,54362,19,,,1,47,,54335,19,,,1,12,,54336,19,,,1,12,,54337,19,,,1,12,,54357,19,,,1,12,,54338,19,,,1,52,,54339,19,,,1,12,,54340,19,,,1,12,,54341,19,,,1,12,,54356,19,,,1,12,,54342,19,,,1,52,,54343,19,,,1,12,,54344,19,,,1,17,,54345,19,,,1,67,,54346,19,,,1,30,,54347,19,,,1,70,,54348,19,,,1,30,,54349,19,,,1,70,,54350,19,,,1,30,,54351,19,,,1,70,,54352,19,,,1,58,,54353,19,,,1,100,,54354,19,,,1
51801,'518-Weekday-11-26-02-1111100',530,,115753,19,,,1,70,,115754,19,,,1,23,,115802,19,,,1,21,,115755,19,,,1,12,,115756,19,,,1,52,,115757,19,,,1,12,,115803,19,,,1,12,,115758,19,,,1,12,,115759,19,,,1,12,,115760,19,,,1,52,,115761,19,,,1,12,,115804,19,,,1,12,,115762,19,,,1,12,,115763,19,,,1,12,,115805,19,,,1,75,,115764,19,,,1,70,,115765,19,,,1,30,,115766,19,,,1,70,,115767,19,,,1,30,,115768,19,,,1,70,,115769,19,,,1,30,,115770,19,,,1,70,,115771,19,,,1,30,,115772,19,,,1,70,,115773,19,,,1,30,,115774,19,,,1,71,,115775,19,,,1,15,,115776,19,,,1,12,,115777,19,,,1,12,,115799,19,,,1,12,,115778,19,,,1,5,,115806,19,,,1,47,,115779,19,,,1,12,,115780,19,,,1,12,,115781,19,,,1,12,,115801,19,,,1,12,,115782,19,,,1,52,,115783,19,,,1,12,,115784,19,,,1,12,,115785,19,,,1,12,,115800,19,,,1,12,,115786,19,,,1,52,,115787,19,,,1,12,,115788,19,,,1,17,,115789,19,,,1,67,,115790,19,,,1,30,,115791,19,,,1,70,,115792,19,,,1,30,,115793,19,,,1,70,,115794,19,,,1,30,,115795,19,,,1,70,,115796,19,,,1,58,,115797,19,,,1,100,,115798,19,,,1
51801,'518-Saturday-1-26-02-0000010',631,,54741,19,,,1,97,,54742,19,,,1,88,,54743,19,,,1,30,,54744,19,,,1,73,,54745,19,,,1,30,,54746,19,,,1,70,,54747,19,,,1,30,,54748,19,,,1,70,,54749,19,,,1,30,,54750,19,,,1,70,,54751,19,,,1,30,,54752,19,,,1,70,,54753,19,,,1,30,,54754,19,,,1,70,,54755,19,,,1,30,,54756,19,,,1,70,,54757,19,,,1,30,,54758,19,,,1,67,,54759,19,,,1,30,,54760,19,,,1,70,,54761,19,,,1,33,,54762,19,,,1,70,,54763,19,,,1,30,,54764,19,,,1,70,,54765,19,,,1,30,,54770,19,,,1,70,,54766,19,,,1,30,,54771,19,,,1,70,,54767,19,,,1,30,,54772,19,,,1,70,,54768,19,,,1,100,,54769,19,,,1,100,,54773,19,,,1
51801,'518-Sunday-2-26-02-0000001',624,,115828,19,,,1,100,,115829,19,,,1,100,,115830,19,,,1,103,,115831,19,,,1,85,,115807,19,,,1,30,,115808,19,,,1,70,,115809,19,,,1,30,,115810,19,,,1,70,,115811,19,,,1,30,,115812,19,,,1,70,,115813,19,,,1,30,,115814,19,,,1,70,,115815,19,,,1,30,,115816,19,,,1,70,,115817,19,,,1,30,,115818,19,,,1,70,,115819,19,,,1,30,,115820,19,,,1,72,,115821,19,,,1,30,,115822,19,,,1,70,,115823,19,,,1,37,,115824,19,,,1,86,,115825,19,,,1,99,,115826,19,,,1,100,,115827,19,,,1,100,,115832,19,,,1,100,,115833,19,,,1
66501,'665-Weekday-1-26-02-1111100',807,,61632,10,,,1,2,,61633,10,,,1
66501,'665-Weekday-10-26-02-1111100',807,,116861,10,,,1,2,,116862,10,,,1
66501,'665-Weekday-9-26-02-1111100',807,,61640,10,,,1,2,,61641,10,,,1
