'DX-560-Weekday-12-25-09-1111100',56000,52800,0,'Edm',1,2000,0,'Edm',1,5300,0,'Edm',1,700,0,'Edm',1,1000,0,'Edm',1,300,0,'Edm',1,700,0,'Edm',1,1000,0,'Edm',1,300,0,'Edm',1,1000,0,'Edm',1,200,0,'Edm',1,4800,0,'Edm',1,700,0,'Edm',1,300,0,'Edm',1,1500,0,'Edm',1,200,,'',1,1300,0,'Edm',1,700,,'',1,5300,0,'Edm',1,700,,'',1,1300,0,'Edm',1,1500,,'',1,500,0,'Edm',1,6500,,'',1,300,0,'Edm',1,3000,0,'Edm',1,6700,,'',1,3300,0,'Edm',1,6700,,'',1,3300,0,'Edm',1,6700,,'',1,3300,0,'Edm',1,6700,,'',1,3300,0,'Edm',1,6700,,'',1,3000,,'',1,300,0,'Edm',1,6700,,'',1,300,0,'Edm',1,1800,,'',1,1200,0,'Edm',1,800,,'',1,5300,0,'Edm',1,700,,'',1,2000,,'',1,1300,0,'Edm',1,700,,'',1,6000,,'',1,1500,,'',1,1500,,'',1,1500,,'',1,300,0,'Edm',1,7400,,'',1,10000,,'',1,7300,0,'Edm',1,12700,,'',1
'DX-560-Weekday-12-25-09-1111100',56001,161700,,'',1,4000,,'',1,6000,,'',1,2000,,'',1,7000,,'',1,1500,,'',1,3700,,'',1,30000,,'',1
'DX-560-Weekday-13-25-09-1111100',56000,52800,0,'Edm',1,2000,0,'Edm',1,5300,0,'Edm',1,700,0,'Edm',1,1000,0,'Edm',1,300,0,'Edm',1,700,0,'Edm',1,1000,0,'Edm',1,300,0,'Edm',1,1000,0,'Edm',1,200,0,'Edm',1,4800,0,'Edm',1,700,0,'Edm',1,300,0,'Edm',1,1500,0,'Edm',1,200,,'',1,1300,0,'Edm',1,700,,'',1,5300,0,'Edm',1,700,,'',1,1300,0,'Edm',1,1500,,'',1,500,0,'Edm',1,6500,,'',1,300,0,'Edm',1,3000,0,'Edm',1,6700,,'',1,3300,0,'Edm',1,6700,,'',1,3300,0,'Edm',1,6700,,'',1,3300,0,'Edm',1,6700,,'',1,3300,0,'Edm',1,6700,,'',1,3000,,'',1,300,0,'Edm',1,6700,,'',1,300,0,'Edm',1,1800,,'',1,1200,0,'Edm',1,800,,'',1,5300,0,'Edm',1,700,,'',1,2000,,'',1,1300,0,'Edm',1,700,,'',1,6000,,'',1,1500,,'',1,1500,,'',1,1500,,'',1,300,0,'Edm',1,7400,,'',1,10000,,'',1,7300,0,'Edm',1,12700,,'',1
'DX-560-Weekday-13-25-09-1111100',56001,161700,,'',1,4000,,'',1,6000,,'',1,2000,,'',1,7000,,'',1,1500,,'',1,3700,,'',1,30000,,'',1
'DX-560-Weekday-5-25-12-1111100',56000,52800,0,'Edm',1,2000,0,'Edm',1,5300,0,'Edm',1,700,0,'Edm',1,1000,0,'Edm',1,300,0,'Edm',1,700,0,'Edm',1,1000,0,'Edm',1,300,0,'Edm',1,1000,0,'Edm',1,200,0,'Edm',1,4800,0,'Edm',1,700,0,'Edm',1,300,0,'Edm',1,1500,0,'Edm',1,200,,'',1,1300,0,'Edm',1,700,,'',1,5300,0,'Edm',1,700,,'',1,1300,0,'Edm',1,1500,,'',1,500,0,'Edm',1,6500,,'',1,300,0,'Edm',1,3000,0,'Edm',1,6700,,'',1,3300,0,'Edm',1,6700,,'',1,3300,0,'Edm',1,6700,,'',1,3300,0,'Edm',1,6700,,'',1,3300,0,'Edm',1,6700,,'',1,3000,,'',1,300,0,'Edm',1,6700,,'',1,300,0,'Edm',1,1800,,'',1,1200,0,'Edm',1,800,,'',1,5300,0,'Edm',1,700,,'',1,2000,,'',1,1300,0,'Edm',1,700,,'',1,6000,,'',1,1500,,'',1,1500,,'',1,1500,,'',1,300,0,'Edm',1,7400,,'',1,10000,,'',1,7300,0,'Edm',1,12700,,'',1
'DX-560-Weekday-5-25-12-1111100',56001,161700,,'',1,4000,,'',1,6000,,'',1,2000,,'',1,7000,,'',1,1500,,'',1,3700,,'',1,30000,,'',1
'DX-560-Weekday-6-25-12-1111100',56000,52800,0,'Edm',1,1500,0,'Edm',1,1500,0,'Edm',1,4300,0,'Edm',1,1500,0,'Edm',1,200,0,'Edm',1,1300,0,'Edm',1,700,0,'Edm',1,1300,0,'Edm',1,700,0,'Edm',1,5300,0,'Edm',1,2000,0,'Edm',1,1500,,'',1,7300,0,'Edm',1,8700,,'',1,3300,0,'Edm',1,16700,,'',1,3300,0,'Edm',1,16700,,'',1,3300,0,'Edm',1,16700,,'',1,3300,0,'Edm',1,6800,,'',1,2000,,'',1,1300,0,'Edm',1,6700,,'',1,2000,,'',1,2500,,'',1,4800,0,'Edm',1,2900,,'',1,10000,,'',1,7300,0,'Edm',1,12700,,'',1
'DX-560-Weekday-6-25-12-1111100',56001,165700,,'',1,8000,,'',1,8500,,'',1,3700,,'',1,30000,,'',1
'DX-560-Weekday-7-25-12-1111100',56000,52800,0,'Edm',1,1500,0,'Edm',1,1500,0,'Edm',1,4300,0,'Edm',1,1500,0,'Edm',1,200,0,'Edm',1,1300,0,'Edm',1,700,0,'Edm',1,1300,0,'Edm',1,700,0,'Edm',1,5300,0,'Edm',1,2000,0,'Edm',1,1500,,'',1,7300,0,'Edm',1,8700,,'',1,3300,0,'Edm',1,16700,,'',1,3300,0,'Edm',1,16700,,'',1,3300,0,'Edm',1,16700,,'',1,3300,0,'Edm',1,6800,,'',1,2000,,'',1,1300,0,'Edm',1,6700,,'',1,2000,,'',1,2500,,'',1,4800,0,'Edm',1,2900,,'',1,10000,,'',1,7300,0,'Edm',1,12700,,'',1
'DX-560-Weekday-7-25-12-1111100',56001,165700,,'',1,8000,,'',1,8500,,'',1,3700,,'',1,30000,,'',1
