12700,'127-Weekday-1-26-02-1111100',855,,43296,38,,,1,100,,43297,38,,,1,100,,43298,38,,,1,100,,43299,38,,,1,100,,43300,38,,,1,100,,43301,38,,,1,100,,43302,38,,,1,100,,43303,38,,,1,100,,43304,38,,,1
12700,'127-Weekday-10-26-02-1111100',855,,43305,38,,,1,100,,43306,38,,,1,100,,43307,38,,,1,100,,43308,38,,,1,100,,43309,38,,,1,100,,43310,38,,,1,100,,43311,38,,,1,100,,43312,38,,,1,100,,43313,38,,,1
12700,'127-Weekday-2-26-02-1111100',855,,43314,38,,,1,100,,43315,38,,,1,100,,43316,38,,,1,100,,43317,38,,,1,100,,43318,38,,,1,100,,43319,38,,,1,100,,43320,38,,,1,100,,43321,38,,,1,100,,43322,38,,,1
12700,'127-Weekday-4-26-02-1111100',855,,43323,38,,,1,100,,43324,38,,,1,100,,43325,38,,,1,100,,43326,38,,,1,100,,43327,38,,,1,100,,43328,38,,,1,100,,43329,38,,,1,100,,43330,38,,,1,100,,43331,38,,,1
12700,'127-Weekday-5-26-02-1111100',855,,43332,38,,,1,100,,43333,38,,,1,100,,43334,38,,,1,100,,43335,38,,,1,100,,43336,38,,,1,100,,43337,38,,,1,100,,43338,38,,,1,100,,43339,38,,,1,100,,43340,38,,,1
12700,'127-Weekday-6-26-02-1111100',855,,43341,38,,,1,100,,43342,38,,,1,100,,43343,38,,,1,100,,43344,38,,,1,100,,43345,38,,,1,100,,43346,38,,,1,100,,43347,38,,,1,100,,43348,38,,,1,100,,43349,38,,,1
12700,'127-Weekday-7-26-02-1111100',855,,43350,38,,,1,100,,43351,38,,,1,100,,43352,38,,,1,100,,43353,38,,,1,100,,43354,38,,,1,100,,43355,38,,,1,100,,43356,38,,,1,100,,43357,38,,,1,100,,43358,38,,,1
12700,'127-Weekday-8-26-02-1111100',855,,43359,38,,,1,100,,43360,38,,,1,100,,43361,38,,,1,100,,43362,38,,,1,100,,43363,38,,,1,100,,43364,38,,,1,100,,43365,38,,,1,100,,43366,38,,,1,100,,43367,38,,,1
12700,'127-Weekday-9-26-02-1111100',855,,43368,38,,,1,100,,43369,38,,,1,100,,43370,38,,,1,100,,43371,38,,,1,100,,43372,38,,,1,100,,43373,38,,,1,100,,43374,38,,,1,100,,43375,38,,,1,100,,43376,38,,,1
12700,'127-Saturday-1-26-02-0000010',854,,43377,38,,,1,100,,43378,38,,,1,100,,43379,38,,,1,100,,43380,38,,,1,100,,43381,38,,,1,100,,43382,38,,,1,100,,43383,38,,,1,100,,43384,38,,,1,100,,43385,38,,,1
