10301,'103-Weekday-7-26-04-1111100',551,,153206,32,,,1,70,,153207,32,,,1,18,,153208,15,,,1,15,,153251,32,,,1,55,,153209,15,,,1,15,,153252,32,,,1,15,,153210,15,,,1,15,,153253,32,,,1,55,,153211,15,,,1,15,,153254,32,,,1,15,,153212,15,,,1,13,,153213,32,,,1,60,,153214,32,,,1,19,,153215,32,,,1,20,,153216,32,,,1,60,,153217,32,,,1,20,,153218,32,,,1,20,,153219,32,,,1,60,,153220,32,,,1,20,,153221,32,,,1,20,,153222,32,,,1,60,,153223,32,,,1,20,,153224,32,,,1,20,,153225,32,,,1,60,,153226,32,,,1,20,,153227,32,,,1,20,,153228,32,,,1,60,,153229,32,,,1,20,,153230,32,,,1,20,,153231,32,,,1,61,,153232,32,,,1,26,,153250,32,,,1,70,,153249,32,,,1,30,,153248,32,,,1,70,,153247,32,,,1,30,,153246,32,,,1,70,,153233,32,,,1,28,,153234,32,,,1,69,,153235,32,,,1,30,,153236,32,,,1,70,,153237,32,,,1,30,,153238,32,,,1,70,,153239,32,,,1,30,,153240,32,,,1,69,,153241,32,,,1,29,,153242,32,,,1,73,,153243,32,,,1,30,,153244,32,,,1,70,,153245,32,,,1
10301,'103-Saturday-1-26-04-0000010',623,,118569,32,,,1,30,,118570,32,,,1,70,,118571,32,,,1,30,,118572,32,,,1,70,,118573,32,,,1,30,,118574,32,,,1,71,,118575,32,,,1,30,,118576,32,,,1,70,,118577,32,,,1,30,,118578,32,,,1,70,,118579,32,,,1,30,,118580,32,,,1,70,,118581,32,,,1,30,,118582,32,,,1,70,,118583,32,,,1,30,,118584,32,,,1,70,,118585,32,,,1,30,,118586,32,,,1,70,,118587,32,,,1,30,,118588,32,,,1,70,,118589,32,,,1,30,,118590,32,,,1,71,,118591,32,,,1,30,,118592,32,,,1,70,,118593,32,,,1,30,,118594,32,,,1,70,,118595,32,,,1,30,,118596,32,,,1,70,,118597,32,,,1,30,,118598,32,,,1,70,,118599,32,,,1,30,,118600,32,,,1,70,,118601,32,,,1,30,,118602,32,,,1,70,,118603,32,,,1,30,,118604,32,,,1,70,,118605,32,,,1
12401,'124-Weekday-7-26-04-1111100',543,,154694,32,,,1,70,,154695,32,,,1,34,,154696,32,,,1,57,,154697,32,,,1,15,,154698,32,,,1,15,,154699,32,,,1,15,,154700,32,,,1,55,,154701,32,,,1,8,,154687,20,,,1,7,,154702,32,,,1,2,,154688,20,,,1,13,,154703,32,,,1,15,,154689,32,,,1,69,,154718,32,,,1,29,,154719,32,,,1,70,,154720,32,,,1,30,,154721,32,,,1,70,,154722,32,,,1,30,,154704,32,,,1,70,,154705,32,,,1,30,,154706,32,,,1,70,,154707,32,,,1,30,,154708,32,,,1,70,,154709,32,,,1,30,,154710,32,,,1,71,,154690,32,,,1,25,,154723,32,,,1,15,,154724,32,,,1,55,,154725,32,,,1,15,,154713,32,,,1,15,,154714,32,,,1,15,,154715,32,,,1,55,,154711,32,,,1,15,,154712,32,,,1,15,,154691,32,,,1,70,,154692,32,,,1,28,,154693,32,,,1,66,,154716,32,,,1,27,,154717,32,,,1,68,,154726,32,,,1,30,,154727,32,,,1,70,,154728,32,,,1,30,,154729,32,,,1,69,,154730,32,,,1
12401,'124-Saturday-1-26-04-0000010',819,,124658,32,,,1,30,,124659,32,,,1,72,,124660,32,,,1,30,,124661,32,,,1,70,,124662,32,,,1,30,,124663,32,,,1,70,,124664,32,,,1,30,,124665,32,,,1,70,,124666,32,,,1,30,,124667,32,,,1,70,,124668,32,,,1,30,,124669,32,,,1,70,,124670,32,,,1,30,,124671,32,,,1,70,,124672,32,,,1,30,,124673,32,,,1,70,,124674,32,,,1,30,,124675,32,,,1,68,,124676,32,,,1,30,,124677,32,,,1,70,,124678,32,,,1,30,,124679,32,,,1,70,,124680,32,,,1
12701,'127-Weekday-7-26-04-1111100',819,,154747,18,,,1,4,,154747,24,,,1,96,,154740,18,,,1,4,,154740,24,,,1,96,,154741,18,,,1,4,,154741,24,,,1,96,,154742,18,,,1,4,,154742,24,,,1,96,,154743,18,,,1,4,,154743,24,,,1,96,,154744,18,,,1,4,,154744,24,,,1,96,,154745,18,,,1,4,,154745,24,,,1,96,,154746,18,,,1,4,,154746,24,,,1,96,,154748,18,,,1,4,,154748,24,,,1,96,,154749,18,,,1,4,,154749,24,,,1
12701,'127-Saturday-1-26-04-0000010',918,,124776,18,,,1,5,,124776,24,,,1,95,,124777,18,,,1,5,,124777,24,,,1,95,,124778,18,,,1,5,,124778,24,,,1,95,,124779,18,,,1,5,,124779,24,,,1,95,,124780,18,,,1,5,,124780,24,,,1,95,,124781,18,,,1,5,,124781,24,,,1,95,,124782,18,,,1,5,,124782,24,,,1,95,,124783,18,,,1,5,,124783,24,,,1,95,,124784,18,,,1,5,,124784,24,,,1
61801,'618-Weekday-7-26-04-1111100',821,,156436,41,,,1
62501,'625-Weekday-7-26-04-1111100',737,,156455,31,,,1,7,,156456,31,,,1
68301,'683-Weekday-7-26-04-1111100',804,,156698,45,,,1,5,,156699,45,,,1,5,,156700,45,,,1
24014001,'140X-Weekday-7-26-04-1111100',616,,160787,29,,,1,21,,160792,29,,,1,21,,160786,29,,,1,60,,160788,29,,,1,20,,160789,29,,,1,20,,160790,29,,,1,60,,160791,29,,,1,20,,160793,29,,,1
