66700,'667-Weekday-1-26-04-0001000',1433,,132036,5,,,1,3,,132037,5,,,1
66700,'667-Weekday-1-26-04-1110100',1512,,132038,5,,,1,3,,132039,5,,,1
66700,'667-Weekday-2-26-04-1110100',1512,,132040,5,,,1,3,,132041,5,,,1
72100,'721-Weekday-1-26-04-0001000',1431,,138227,6,,,1
72100,'721-Weekday-1-26-04-1110100',1514,,138228,6,,,1,3,,138229,6,,,1
72100,'721-Weekday-1-26-04-1111100',504,,138283,12,,,1,20,,138284,12,,,1,20,,138285,12,,,1,60,,138286,12,,,1,18,,138230,6,,,1,11,,138287,12,,,1,10,,138231,6,,,1,9,,138296,12,,,1,48,,138288,12,,,1,7,,138232,6,,,1,8,,138289,12,,,1,7,,138233,6,,,1,8,,138290,12,,,1,7,,138234,6,,,1,8,,138291,12,,,1,7,,138235,6,,,1,48,,138292,12,,,1,7,,138236,6,,,1,8,,138293,12,,,1,7,,138237,6,,,1,8,,138294,12,,,1,7,,138238,6,,,1,8,,138295,12,,,1,7,,138239,6,,,1,55,,138240,6,,,1,14,,138241,6,,,1,20,,138242,6,,,1,60,,138243,6,,,1,20,,138244,6,,,1,20,,138245,6,,,1,60,,138246,6,,,1,20,,138247,6,,,1,20,,138248,6,,,1,60,,138249,6,,,1,20,,138250,6,,,1,20,,138251,6,,,1,60,,138252,6,,,1,20,,138253,6,,,1,20,,138254,6,,,1,60,,138255,6,,,1,20,,138256,6,,,1,20,,138257,6,,,1,60,,138258,6,,,1,23,,138259,6,,,1,22,,138274,6,,,1,60,,138275,6,,,1,20,,138276,6,,,1,20,,138277,6,,,1,60,,138278,6,,,1,20,,138279,6,,,1,20,,138280,6,,,1,60,,138281,6,,,1,20,,138282,6,,,1,20,,138297,6,,,1,57,,138260,6,,,1,20,,138261,6,,,1,20,,138262,6,,,1,60,,138263,6,,,1,20,,138264,6,,,1,20,,138265,6,,,1,60,,138266,6,,,1,20,,138267,6,,,1,20,,138268,6,,,1,59,,138269,6,,,1,30,,138270,6,,,1,70,,138271,6,,,1,30,,138272,6,,,1,70,,138273,6,,,1
72100,'721-Weekday-2-26-04-1110100',1514,,138298,6,,,1,3,,138299,6,,,1
72100,'721-Weekday-2-26-04-1111100',504,,138353,12,,,1,20,,138354,12,,,1,20,,138355,12,,,1,60,,138356,12,,,1,18,,138300,6,,,1,11,,138357,12,,,1,10,,138301,6,,,1,9,,138366,12,,,1,48,,138358,12,,,1,7,,138302,6,,,1,8,,138359,12,,,1,7,,138303,6,,,1,8,,138360,12,,,1,7,,138304,6,,,1,8,,138361,12,,,1,7,,138305,6,,,1,48,,138362,12,,,1,7,,138306,6,,,1,8,,138363,12,,,1,7,,138307,6,,,1,8,,138364,12,,,1,7,,138308,6,,,1,8,,138365,12,,,1,7,,138309,6,,,1,55,,138310,6,,,1,14,,138311,6,,,1,20,,138312,6,,,1,60,,138313,6,,,1,20,,138314,6,,,1,20,,138315,6,,,1,60,,138316,6,,,1,20,,138317,6,,,1,20,,138318,6,,,1,60,,138319,6,,,1,20,,138320,6,,,1,20,,138321,6,,,1,60,,138322,6,,,1,20,,138323,6,,,1,20,,138324,6,,,1,60,,138325,6,,,1,20,,138326,6,,,1,20,,138327,6,,,1,60,,138328,6,,,1,23,,138329,6,,,1,22,,138344,6,,,1,60,,138345,6,,,1,20,,138346,6,,,1,20,,138347,6,,,1,60,,138348,6,,,1,20,,138349,6,,,1,20,,138350,6,,,1,60,,138351,6,,,1,20,,138352,6,,,1,20,,138367,6,,,1,57,,138330,6,,,1,20,,138331,6,,,1,20,,138332,6,,,1,60,,138333,6,,,1,20,,138334,6,,,1,20,,138335,6,,,1,60,,138336,6,,,1,20,,138337,6,,,1,20,,138338,6,,,1,59,,138339,6,,,1,30,,138340,6,,,1,70,,138341,6,,,1,30,,138342,6,,,1,70,,138343,6,,,1
72100,'721-Weekday-3-26-04-1111100',504,,138421,12,,,1,20,,138422,12,,,1,20,,138423,12,,,1,60,,138424,12,,,1,18,,138368,6,,,1,11,,138425,12,,,1,10,,138369,6,,,1,9,,138434,12,,,1,48,,138426,12,,,1,7,,138370,6,,,1,8,,138427,12,,,1,7,,138371,6,,,1,8,,138428,12,,,1,7,,138372,6,,,1,8,,138429,12,,,1,7,,138373,6,,,1,48,,138430,12,,,1,7,,138374,6,,,1,8,,138431,12,,,1,7,,138375,6,,,1,8,,138432,12,,,1,7,,138376,6,,,1,8,,138433,12,,,1,7,,138377,6,,,1,55,,138378,6,,,1,14,,138379,6,,,1,20,,138380,6,,,1,60,,138381,6,,,1,20,,138382,6,,,1,20,,138383,6,,,1,60,,138384,6,,,1,20,,138385,6,,,1,20,,138386,6,,,1,60,,138387,6,,,1,20,,138388,6,,,1,20,,138389,6,,,1,60,,138390,6,,,1,20,,138391,6,,,1,20,,138392,6,,,1,60,,138393,6,,,1,20,,138394,6,,,1,20,,138395,6,,,1,60,,138396,6,,,1,23,,138397,6,,,1,22,,138412,6,,,1,60,,138413,6,,,1,20,,138414,6,,,1,20,,138415,6,,,1,60,,138416,6,,,1,20,,138417,6,,,1,20,,138418,6,,,1,60,,138419,6,,,1,20,,138420,6,,,1,20,,138435,6,,,1,57,,138398,6,,,1,20,,138399,6,,,1,20,,138400,6,,,1,60,,138401,6,,,1,20,,138402,6,,,1,20,,138403,6,,,1,60,,138404,6,,,1,20,,138405,6,,,1,20,,138406,6,,,1,59,,138407,6,,,1,30,,138408,6,,,1,70,,138409,6,,,1,30,,138410,6,,,1,70,,138411,6,,,1
72100,'721-Saturday-1-26-04-0000010',548,,138483,12,,,1,70,,138436,12,,,1,30,,138437,12,,,1,70,,138438,12,,,1,30,,138439,12,,,1,70,,138440,12,,,1,25,,138441,12,,,1,61,,138442,12,,,1,22,,138443,12,,,1,20,,138444,12,,,1,60,,138445,12,,,1,20,,138446,12,,,1,20,,138447,12,,,1,60,,138448,12,,,1,20,,138449,12,,,1,20,,138450,12,,,1,60,,138451,12,,,1,20,,138452,12,,,1,20,,138453,12,,,1,60,,138454,12,,,1,20,,138455,12,,,1,20,,138456,12,,,1,60,,138457,12,,,1,20,,138458,12,,,1,20,,138459,12,,,1,60,,138460,12,,,1,20,,138461,12,,,1,20,,138462,12,,,1,60,,138463,12,,,1,20,,138464,12,,,1,20,,138465,12,,,1,59,,138466,12,,,1,20,,138467,12,,,1,20,,138468,12,,,1,60,,138469,12,,,1,20,,138470,12,,,1,20,,138471,12,,,1,60,,138472,12,,,1,30,,138473,12,,,1,70,,138474,12,,,1,30,,138475,12,,,1,70,,138476,12,,,1,30,,138477,12,,,1,70,,138478,12,,,1,30,,138479,12,,,1,70,,138480,12,,,1,30,,138481,12,,,1,70,,138484,12,,,1
72100,'721-Sunday-1-26-04-0000001',609,,138519,12,,,1,30,,138508,12,,,1,70,,138503,12,,,1,30,,138502,12,,,1,70,,138504,12,,,1,30,,138501,12,,,1,69,,138507,12,,,1,31,,138505,12,,,1,70,,138493,12,,,1,30,,138513,12,,,1,70,,138488,12,,,1,30,,138486,12,,,1,70,,138492,12,,,1,30,,138491,12,,,1,67,,138485,12,,,1,30,,138489,12,,,1,70,,138490,12,,,1,30,,138516,12,,,1,70,,138498,12,,,1,30,,138518,12,,,1,70,,138515,12,,,1,30,,138512,12,,,1,70,,138509,12,,,1,31,,138510,12,,,1,70,,138506,12,,,1,30,,138517,12,,,1,70,,138511,12,,,1,30,,138514,12,,,1,70,,138494,12,,,1,30,,138497,12,,,1,70,,138496,12,,,1,30,,138495,12,,,1,100,,138500,12,,,1,100,,138499,12,,,1,100,,138487,12,,,1
