12700,'127-Weekday-1-26-02-1111100',852,,43296,34,,,1,100,,43297,34,,,1,100,,43298,34,,,1,100,,43299,34,,,1,100,,43300,34,,,1,100,,43301,34,,,1,100,,43302,34,,,1,100,,43303,34,,,1,100,,43304,34,,,1
12700,'127-Weekday-10-26-02-1111100',852,,43305,34,,,1,100,,43306,34,,,1,100,,43307,34,,,1,100,,43308,34,,,1,100,,43309,34,,,1,100,,43310,34,,,1,100,,43311,34,,,1,100,,43312,34,,,1,100,,43313,34,,,1
12700,'127-Weekday-4-26-02-1111100',852,,43323,34,,,1,100,,43324,34,,,1,100,,43325,34,,,1,100,,43326,34,,,1,100,,43327,34,,,1,100,,43328,34,,,1,100,,43329,34,,,1,100,,43330,34,,,1,100,,43331,34,,,1
12700,'127-Weekday-5-26-02-1111100',852,,43332,34,,,1,100,,43333,34,,,1,100,,43334,34,,,1,100,,43335,34,,,1,100,,43336,34,,,1,100,,43337,34,,,1,100,,43338,34,,,1,100,,43339,34,,,1,100,,43340,34,,,1
12700,'127-Weekday-6-26-02-1111100',852,,43341,34,,,1,100,,43342,34,,,1,100,,43343,34,,,1,100,,43344,34,,,1,100,,43345,34,,,1,100,,43346,34,,,1,100,,43347,34,,,1,100,,43348,34,,,1,100,,43349,34,,,1
12700,'127-Weekday-7-26-02-1111100',852,,43350,34,,,1,100,,43351,34,,,1,100,,43352,34,,,1,100,,43353,34,,,1,100,,43354,34,,,1,100,,43355,34,,,1,100,,43356,34,,,1,100,,43357,34,,,1,100,,43358,34,,,1
12700,'127-Saturday-1-26-02-0000010',851,,43377,34,,,1,100,,43378,34,,,1,100,,43379,34,,,1,100,,43380,34,,,1,100,,43381,34,,,1,100,,43382,34,,,1,100,,43383,34,,,1,100,,43384,34,,,1,100,,43385,34,,,1
12701,'127-Weekday-1-26-02-1111100',819,,43403,17,,,1,100,,43396,17,,,1,100,,43397,17,,,1,100,,43398,17,,,1,100,,43399,17,,,1,100,,43400,17,,,1,100,,43401,17,,,1,100,,43402,17,,,1,100,,43404,17,,,1,100,,43405,17,,,1
12701,'127-Weekday-10-26-02-1111100',819,,43413,17,,,1,100,,43406,17,,,1,100,,43407,17,,,1,100,,43408,17,,,1,100,,43409,17,,,1,100,,43410,17,,,1,100,,43411,17,,,1,100,,43412,17,,,1,100,,43414,17,,,1,100,,43415,17,,,1
12701,'127-Weekday-4-26-02-1111100',819,,43433,17,,,1,100,,43426,17,,,1,100,,43427,17,,,1,100,,43428,17,,,1,100,,43429,17,,,1,100,,43430,17,,,1,100,,43431,17,,,1,100,,43432,17,,,1,100,,43434,17,,,1,100,,43435,17,,,1
12701,'127-Weekday-5-26-02-1111100',819,,43443,17,,,1,100,,43436,17,,,1,100,,43437,17,,,1,100,,43438,17,,,1,100,,43439,17,,,1,100,,43440,17,,,1,100,,43441,17,,,1,100,,43442,17,,,1,100,,43444,17,,,1,100,,43445,17,,,1
12701,'127-Weekday-6-26-02-1111100',819,,43453,17,,,1,100,,43446,17,,,1,100,,43447,17,,,1,100,,43448,17,,,1,100,,43449,17,,,1,100,,43450,17,,,1,100,,43451,17,,,1,100,,43452,17,,,1,100,,43454,17,,,1,100,,43455,17,,,1
12701,'127-Weekday-7-26-02-1111100',819,,43463,17,,,1,100,,43456,17,,,1,100,,43457,17,,,1,100,,43458,17,,,1,100,,43459,17,,,1,100,,43460,17,,,1,100,,43461,17,,,1,100,,43462,17,,,1,100,,43464,17,,,1,100,,43465,17,,,1
12701,'127-Saturday-1-26-02-0000010',918,,43486,17,,,1,100,,43487,17,,,1,100,,43488,17,,,1,100,,43489,17,,,1,100,,43490,17,,,1,100,,43491,17,,,1,100,,43492,17,,,1,100,,43493,17,,,1,100,,43494,17,,,1
12701,'127-Sunday-1-26-02-0000001',824,,43495,11,,,1,100,,43496,11,,,1,100,,43497,11,,,1,100,,43498,11,,,1,100,,43499,11,,,1,100,,43500,11,,,1,100,,43501,11,,,1,100,,43502,11,,,1,100,,43503,11,,,1,100,,43504,11,,,1
