10900,'109-Weekday-1-26-06-1111100',533,,171303,56,,,1,70,,171304,56,,,1,31,,171305,56,,,1,73,,171343,56,,,1,20,,171306,56,,,1,20,,171338,56,,,1,60,,171307,56,,,1,20,,171308,56,,,1,20,,171339,56,,,1,59,,171309,56,,,1,29,,171310,56,,,1,70,,171311,56,,,1,30,,171312,56,,,1,70,,171313,56,,,1,30,,171314,56,,,1,70,,171315,56,,,1,30,,171316,56,,,1,70,,171317,56,,,1,30,,171318,56,,,1,70,,171319,56,,,1,30,,171320,56,,,1,70,,171321,56,,,1,34,,171322,56,,,1,20,,171323,56,,,1,60,,171340,56,,,1,20,,171324,56,,,1,20,,171325,56,,,1,60,,171341,56,,,1,20,,171326,56,,,1,70,,171327,56,,,1,30,,171328,56,,,1,65,,171329,56,,,1,30,,171330,56,,,1,70,,171331,56,,,1,30,,171332,56,,,1,70,,171333,56,,,1,30,,171334,56,,,1,70,,171335,56,,,1,30,,171342,56,,,1,100,,171336,56,,,1,100,,171337,56,,,1
10900,'109-Saturday-1-26-06-0000010',823,,171344,56,,,1,30,,171345,56,,,1,73,,171346,56,,,1,31,,171347,56,,,1,70,,171348,56,,,1,30,,171349,56,,,1,70,,171350,56,,,1,30,,171351,56,,,1,70,,171352,56,,,1,30,,171353,56,,,1,70,,171354,56,,,1,30,,171355,56,,,1,70,,171356,56,,,1,30,,171357,56,,,1,70,,171358,56,,,1,30,,171359,56,,,1,70,,171360,56,,,1,30,,171361,56,,,1,68,,171362,56,,,1,30,,171363,56,,,1,70,,171364,56,,,1,30,,171365,56,,,1,70,,171366,56,,,1,30,,171367,56,,,1,70,,171368,56,,,1,30,,171369,56,,,1,70,,171370,56,,,1,30,,171371,56,,,1,70,,171372,56,,,1
10900,'109-Sunday-1-26-06-0000001',1036,,171373,56,,,1,70,,171374,56,,,1,30,,171375,56,,,1,70,,171376,56,,,1,30,,171377,56,,,1,70,,171378,56,,,1,30,,171379,56,,,1,70,,171380,56,,,1,30,,171381,56,,,1,70,,171382,56,,,1,30,,171383,56,,,1,70,,171384,56,,,1,30,,171385,56,,,1,69,,171386,56,,,1,29,,171387,56,,,1,70,,171388,56,,,1,30,,171389,56,,,1,70,,171390,56,,,1
12400,'124-Weekday-1-26-06-1111100',601,,173768,42,,,1,30,,173771,42,,,1,74,,173740,42,,,1,20,,173741,42,,,1,20,,173742,42,,,1,60,,173743,42,,,1,20,,173744,42,,,1,20,,173745,42,,,1,60,,173763,42,,,1,30,,173764,42,,,1,70,,173765,42,,,1,30,,173746,42,,,1,70,,173747,42,,,1,30,,173748,42,,,1,70,,173749,42,,,1,30,,173750,42,,,1,70,,173751,42,,,1,30,,173752,42,,,1,70,,173767,42,,,1,30,,173769,42,,,1,70,,173770,42,,,1,23,,173774,42,,,1,21,,173753,42,,,1,60,,173754,42,,,1,20,,173755,42,,,1,20,,173756,42,,,1,60,,173757,42,,,1,20,,173758,42,,,1,20,,173759,42,,,1,60,,173766,42,,,1,29,,173762,42,,,1,66,,173772,42,,,1,30,,173773,42,,,1,70,,173737,42,,,1,30,,173738,42,,,1,70,,173739,42,,,1,30,,173760,42,,,1,70,,173761,42,,,1
12400,'124-Saturday-1-26-06-0000010',811,,173775,42,,,1,30,,173776,42,,,1,72,,173777,42,,,1,30,,173778,42,,,1,70,,173779,42,,,1,30,,173780,42,,,1,70,,173781,42,,,1,30,,173782,42,,,1,70,,173783,42,,,1,30,,173784,42,,,1,70,,173785,42,,,1,30,,173786,42,,,1,70,,173787,42,,,1,30,,173788,42,,,1,70,,173789,42,,,1,30,,173790,42,,,1,70,,173791,42,,,1,30,,173792,42,,,1,69,,173793,42,,,1,30,,173794,42,,,1,70,,173795,42,,,1,30,,173796,42,,,1,70,,173797,42,,,1
12400,'124-Sunday-1-26-06-0000001',1031,,173798,42,,,1,27,,173799,42,,,1,70,,173800,42,,,1,30,,173801,42,,,1,70,,173802,42,,,1,30,,173803,42,,,1,70,,173804,42,,,1,30,,173805,42,,,1,70,,173806,42,,,1,30,,173807,42,,,1,70,,173808,42,,,1,30,,173809,42,,,1,70,,173810,42,,,1,31,,173811,42,,,1,70,,173812,42,,,1,30,,173813,42,,,1,70,,173814,42,,,1,73,,173815,42,,,1,30,,173816,42,,,1
61300,'613-Weekday-3-26-06-1111100',735,,177633,9,,,1,87,,177634,9,,,1
68300,'683-Weekday-3-26-06-1110100',1636,,177754,47,,,1
68300,'683-Weekday-3-26-06-1111100',1614,,177755,47,,,1
24015001,'150X-Weekday-1-26-06-1111100',604,,187143,7,,,1,20,,187141,7,,,1,20,,187142,7,,,1,60,,187144,7,,,1,15,,187145,7,,,1,15,,187146,7,,,1,15,,187147,7,,,1,55,,187148,7,,,1,15,,187149,7,,,1,15,,187150,7,,,1
