5301,'053-Weekday-1-26-04-1111100',556,,115322,24,,,1,70,,115323,24,,,1,33,,115354,24,,,1,55,,115324,24,,,1,15,,115325,24,,,1,15,,115352,24,,,1,15,,115326,24,,,1,55,,115362,24,,,1,15,,115363,24,,,1,15,,115357,24,,,1,15,,115361,24,,,1,70,,115353,24,,,1,30,,115327,24,,,1,70,,115328,24,,,1,30,,115329,24,,,1,70,,115330,24,,,1,30,,115331,24,,,1,70,,115332,24,,,1,30,,115333,24,,,1,70,,115334,24,,,1,30,,115335,24,,,1,70,,115336,24,,,1,30,,115337,24,,,1,71,,115338,24,,,1,15,,115339,24,,,1,55,,115340,24,,,1,15,,115355,24,,,1,15,,115341,24,,,1,15,,115342,24,,,1,55,,115356,24,,,1,15,,115343,24,,,1,15,,115358,24,,,1,15,,115364,24,,,1,55,,115365,24,,,1,30,,115366,24,,,1,29,,115359,24,,,1,70,,115344,24,,,1,30,,115345,24,,,1,70,,115346,24,,,1,30,,115347,24,,,1,70,,115348,24,,,1,30,,115349,24,,,1,68,,115350,24,,,1,100,,115351,24,,,1,100,,115360,24,,,1
5301,'053-Saturday-1-26-04-0000010',630,,115457,24,,,1,100,,115458,24,,,1,100,,115459,24,,,1,88,,115460,24,,,1,30,,115461,24,,,1,70,,115462,24,,,1,30,,115463,24,,,1,70,,115464,24,,,1,30,,115465,24,,,1,70,,115466,24,,,1,30,,115467,24,,,1,70,,115468,24,,,1,30,,115469,24,,,1,70,,115470,24,,,1,30,,115471,24,,,1,70,,115472,24,,,1,30,,115473,24,,,1,70,,115474,24,,,1,30,,115475,24,,,1,70,,115476,24,,,1,30,,115477,24,,,1,70,,115478,24,,,1,30,,115479,24,,,1,70,,115480,24,,,1,30,,115485,24,,,1,82,,115481,24,,,1,100,,115482,24,,,1,100,,115483,24,,,1,100,,115484,24,,,1
5301,'053-Sunday-1-26-04-0000001',727,,115486,24,,,1,100,,115487,24,,,1,91,,115488,24,,,1,100,,115489,24,,,1,30,,115490,24,,,1,70,,115491,24,,,1,30,,115492,24,,,1,70,,115493,24,,,1,30,,115494,24,,,1,70,,115495,24,,,1,30,,115496,24,,,1,70,,115497,24,,,1,30,,115498,24,,,1,70,,115499,24,,,1,30,,115500,24,,,1,70,,115501,24,,,1,30,,115502,24,,,1,70,,115503,24,,,1,30,,115504,24,,,1,70,,115505,24,,,1,30,,115506,24,,,1,79,,115507,24,,,1,100,,115508,24,,,1,100,,115509,24,,,1,100,,115510,24,,,1,100,,115511,24,,,1
52200,'522-Weekday-1-26-04-1111100',633,,130183,32,,,1,72,,130184,32,,,1,31,,130185,32,,,1,70,,130186,32,,,1,30,,130187,32,,,1,70,,130188,32,,,1,28,,130189,32,,,1,99,,130190,32,,,1,100,,130191,32,,,1,100,,130192,32,,,1,100,,130193,32,,,1,100,,130194,32,,,1,103,,130195,32,,,1,72,,130196,32,,,1,30,,130197,32,,,1,70,,130198,32,,,1,30,,130199,32,,,1,70,,130200,32,,,1,29,,130201,32,,,1,97,,130202,32,,,1,100,,130203,32,,,1,100,,130204,32,,,1,97,,130205,32,,,1
52200,'522-Saturday-1-26-04-0000010',847,,130252,32,,,1,102,,130253,32,,,1,100,,130254,32,,,1,100,,130255,32,,,1,100,,130256,32,,,1,100,,130257,32,,,1,100,,130258,32,,,1,100,,130259,32,,,1,100,,130260,32,,,1,98,,130261,32,,,1,100,,130262,32,,,1
52200,'522-Sunday-1-26-04-0000001',1016,,130263,32,,,1,100,,130264,32,,,1,100,,130265,32,,,1,100,,130266,32,,,1,100,,130267,32,,,1,100,,130268,32,,,1,100,,130269,32,,,1,100,,130270,32,,,1,100,,130271,32,,,1
63301,'633-Weekday-1-26-04-1111100',801,,131792,23,,,1,4,,131793,23,,,1,2,,131794,23,,,1,2,,131795,23,,,1
63501,'635-Weekday-1-26-04-1111100',1521,,131816,10,,,1
1000100,'001-Weekday-1-26-04-1111100',515,,147290,26,,,1,40,,147291,26,,,1,81,,147292,26,,,1,83,,147293,26,,,1,20,,147294,26,,,1,20,,147295,26,,,1,60,,147296,26,,,1,20,,147297,26,,,1,64,,147298,26,,,1,31,,147299,26,,,1,70,,147300,26,,,1,30,,147301,26,,,1,70,,147302,26,,,1,30,,147303,26,,,1,70,,147304,26,,,1,30,,147305,26,,,1,70,,147306,26,,,1,30,,147307,26,,,1,70,,147308,26,,,1,30,,147309,26,,,1,71,,147310,26,,,1,15,,147330,15,,,1,14,,147311,26,,,1,20,,147312,26,,,1,60,,147313,26,,,1,20,,147314,26,,,1,20,,147315,26,,,1,60,,147316,26,,,1,25,,147317,26,,,1,70,,147318,26,,,1,28,,147319,26,,,1,68,,147320,26,,,1,30,,147321,26,,,1,70,,147322,26,,,1,30,,147323,26,,,1,70,,147324,26,,,1,30,,147325,26,,,1,67,,147326,26,,,1,37,,147327,26,,,1,80,,147328,26,,,1,40,,147329,26,,,1
1000100,'001-Saturday-1-26-04-0000010',636,,147412,26,,,1,80,,147413,26,,,1,40,,147414,26,,,1,75,,147415,26,,,1,70,,147416,26,,,1,33,,147417,26,,,1,70,,147418,26,,,1,30,,147419,26,,,1,70,,147420,26,,,1,30,,147421,26,,,1,70,,147422,26,,,1,30,,147423,26,,,1,70,,147424,26,,,1,30,,147425,26,,,1,70,,147426,26,,,1,30,,147427,26,,,1,70,,147428,26,,,1,30,,147429,26,,,1,70,,147430,26,,,1,30,,147431,26,,,1,69,,147432,26,,,1,29,,147433,26,,,1,70,,147434,26,,,1,30,,147435,26,,,1,68,,147436,26,,,1,32,,147437,26,,,1,70,,147438,26,,,1,29,,147439,26,,,1,71,,147440,26,,,1,30,,147441,26,,,1,70,,147442,26,,,1,30,,147443,26,,,1,70,,147444,26,,,1,35,,147445,26,,,1,80,,147446,26,,,1
1000100,'001-Sunday-1-26-04-0000001',612,,147447,26,,,1,40,,147448,26,,,1,80,,147449,26,,,1,80,,147450,26,,,1,40,,147451,26,,,1,82,,147452,26,,,1,80,,147453,26,,,1,35,,147454,26,,,1,70,,147455,26,,,1,30,,147456,26,,,1,70,,147457,26,,,1,30,,147458,26,,,1,70,,147459,26,,,1,30,,147460,26,,,1,70,,147461,26,,,1,30,,147462,26,,,1,70,,147463,26,,,1,30,,147464,26,,,1,70,,147465,26,,,1,30,,147466,26,,,1,69,,147467,26,,,1,30,,147468,26,,,1,70,,147469,26,,,1,30,,147470,26,,,1,68,,147471,26,,,1,40,,147472,26,,,1,80,,147473,26,,,1,80,,147474,26,,,1,40,,147475,26,,,1,80,,147476,26,,,1,80,,147477,26,,,1,40,,147478,26,,,1
