71501,'715-Weekday-1-25-12-1111100',542,,40028,,,1,69,,40029,,,1,32,,40030,,,1,64,,40031,,,1,24,,40032,,,1,24,,40033,,,1,64,,40034,,,1,24,,40035,,,1,69,,40036,,,1,30,,40037,,,1,70,,40038,,,1,30,,40039,,,1,70,,40040,,,1,30,,40041,,,1,70,,40042,,,1,30,,40043,,,1,70,,40044,,,1,30,,40045,,,1,70,,40046,,,1,30,,40047,,,1,71,,40048,,,1,15,,40049,,,1,17,,40050,,,1,55,,40051,,,1,15,,40052,,,1,15,,40053,,,1,15,,40054,,,1,55,,40055,,,1,15,,40056,,,1,15,,40057,,,1,15,,40058,,,1,70,,40059,,,1,28,,40060,,,1,68,,40061,,,1,30,,40062,,,1,70,,40063,,,1,30,,40064,,,1,70,,40065,,,1,30,,40066,,,1,70,,40067,,,1,99,,40068,,,1,100,,40069,,,1,100,,40070,,,1
71501,'715-Weekday-5-25-12-1111100',542,,40160,,,1,69,,40161,,,1,32,,40162,,,1,64,,40163,,,1,24,,40164,,,1,24,,40165,,,1,64,,40166,,,1,24,,40167,,,1,69,,40168,,,1,30,,40169,,,1,70,,40170,,,1,30,,40171,,,1,70,,40172,,,1,30,,40173,,,1,70,,40174,,,1,30,,40175,,,1,70,,40176,,,1,30,,40177,,,1,70,,40178,,,1,30,,40179,,,1,71,,40180,,,1,15,,40181,,,1,17,,40182,,,1,55,,40183,,,1,15,,40184,,,1,15,,40185,,,1,15,,40186,,,1,55,,40187,,,1,15,,40188,,,1,15,,40189,,,1,15,,40190,,,1,70,,40191,,,1,28,,40192,,,1,68,,40193,,,1,30,,40194,,,1,70,,40195,,,1,30,,40196,,,1,70,,40197,,,1,30,,40198,,,1,70,,40199,,,1,99,,40200,,,1,100,,40201,,,1,100,,40202,,,1
71501,'715-Saturday-1-25-12-0000010',642,,40203,,,1,100,,40204,,,1,70,,40205,,,1,30,,40206,,,1,70,,40207,,,1,30,,40208,,,1,70,,40209,,,1,30,,40210,,,1,70,,40211,,,1,30,,40212,,,1,70,,40213,,,1,30,,40214,,,1,70,,40215,,,1,30,,40216,,,1,70,,40217,,,1,30,,40218,,,1,70,,40219,,,1,30,,40220,,,1,70,,40221,,,1,30,,40222,,,1,70,,40223,,,1,30,,40224,,,1,70,,40225,,,1,30,,40226,,,1,70,,40227,,,1,30,,40228,,,1,100,,40229,,,1,100,,40230,,,1,100,,40231,,,1,100,,40232,,,1,100,,40233,,,1
71501,'715-Sunday-1-25-12-0000001',655,,40234,,,1,100,,40235,,,1,100,,40236,,,1,101,,40237,,,1,70,,40238,,,1,30,,40239,,,1,70,,40240,,,1,30,,40241,,,1,70,,40242,,,1,30,,40243,,,1,70,,40244,,,1,30,,40245,,,1,70,,40246,,,1,30,,40247,,,1,70,,40248,,,1,30,,40249,,,1,70,,40250,,,1,30,,40251,,,1,70,,40252,,,1,30,,40253,,,1,70,,40254,,,1,30,,40255,,,1,100,,40256,,,1,100,,40257,,,1,100,,40258,,,1,100,,40259,,,1,100,,40260,,,1
71601,'716-Weekday-1-25-12-1111100',540,,40527,,,1,70,,40528,,,1,30,,40529,,,1,70,,40530,,,1,30,,40531,,,1,70,,40559,,,1,30,,40560,,,1,67,,40532,,,1,28,,40533,,,1,70,,40534,,,1,30,,40535,,,1,70,,40536,,,1,30,,40537,,,1,70,,40538,,,1,30,,40539,,,1,70,,40540,,,1,30,,40541,,,1,70,,40542,,,1,30,,40543,,,1,72,,40544,,,1,20,,40545,,,1,20,,40547,,,1,60,,40546,,,1,20,,40561,,,1,20,,40562,,,1,60,,40563,,,1,20,,40564,,,1,20,,40565,,,1,62,,40558,,,1,24,,40548,,,1,67,,40549,,,1,30,,40550,,,1,70,,40551,,,1,30,,40552,,,1,70,,40553,,,1,30,,40554,,,1,70,,40555,,,1,57,,40556,,,1,100,,40557,,,1
71601,'716-Weekday-5-25-12-1111100',540,,40647,,,1,70,,40648,,,1,30,,40649,,,1,70,,40650,,,1,30,,40651,,,1,70,,40679,,,1,30,,40680,,,1,67,,40652,,,1,28,,40653,,,1,70,,40654,,,1,30,,40655,,,1,70,,40656,,,1,30,,40657,,,1,70,,40658,,,1,30,,40659,,,1,70,,40660,,,1,30,,40661,,,1,70,,40662,,,1,30,,40663,,,1,72,,40664,,,1,20,,40665,,,1,20,,40667,,,1,60,,40666,,,1,20,,40681,,,1,20,,40682,,,1,60,,40683,,,1,20,,40684,,,1,20,,40685,,,1,62,,40678,,,1,24,,40668,,,1,67,,40669,,,1,30,,40670,,,1,70,,40671,,,1,30,,40672,,,1,70,,40673,,,1,30,,40674,,,1,70,,40675,,,1,57,,40676,,,1,100,,40677,,,1
71601,'716-Saturday-1-25-12-0000010',556,,40686,,,1,100,,40687,,,1,100,,40688,,,1,70,,40689,,,1,30,,40690,,,1,74,,40691,,,1,70,,40692,,,1,30,,40693,,,1,70,,40694,,,1,30,,40695,,,1,70,,40696,,,1,30,,40697,,,1,70,,40698,,,1,30,,40699,,,1,70,,40700,,,1,30,,40701,,,1,70,,40702,,,1,30,,40703,,,1,70,,40704,,,1,30,,40705,,,1,70,,40706,,,1,29,,40707,,,1,30,,40708,,,1,70,,40709,,,1,30,,40710,,,1,70,,40711,,,1,30,,40712,,,1,100,,40713,,,1,100,,40714,,,1,100,,40715,,,1,100,,40716,,,1
71601,'716-Sunday-1-25-12-0000001',652,,40717,,,1,100,,40718,,,1,100,,40719,,,1,103,,40720,,,1,70,,40721,,,1,30,,40722,,,1,70,,40723,,,1,30,,40724,,,1,70,,40725,,,1,30,,40726,,,1,70,,40727,,,1,30,,40728,,,1,70,,40729,,,1,30,,40730,,,1,70,,40731,,,1,30,,40732,,,1,70,,40733,,,1,30,,40734,,,1,72,,40735,,,1,30,,40736,,,1,70,,40737,,,1,30,,40738,,,1,100,,40739,,,1,100,,40740,,,1,100,,40741,,,1,100,,40742,,,1,100,,40743,,,1
71701,'717-Weekday-1-25-12-1111100',517,,40983,,,1,30,,40984,,,1,70,,40982,,,1,32,,40985,,,1,70,,40986,,,1,30,,40987,,,1,70,,40988,,,1,30,,40989,,,1,67,,41004,,,1,30,,41005,,,1,70,,41006,,,1,30,,41007,,,1,70,,41008,,,1,30,,41009,,,1,70,,41010,,,1,30,,41011,,,1,70,,41012,,,1,30,,41013,,,1,70,,41014,,,1,30,,41015,,,1,72,,40997,,,1,15,,41001,,,1,15,,41016,,,1,55,,41002,,,1,15,,41003,,,1,15,,41000,,,1,15,,41017,,,1,55,,40999,,,1,15,,40998,,,1,15,,41018,,,1,21,,41020,,,1,62,,41019,,,1,28,,40996,,,1,70,,40995,,,1,30,,40994,,,1,70,,40993,,,1,30,,40992,,,1,70,,40991,,,1,30,,40990,,,1,69,,41021,,,1
71701,'717-Weekday-5-25-12-1111100',517,,41100,,,1,30,,41101,,,1,70,,41099,,,1,32,,41102,,,1,70,,41103,,,1,30,,41104,,,1,70,,41105,,,1,30,,41106,,,1,67,,41121,,,1,30,,41122,,,1,70,,41123,,,1,30,,41124,,,1,70,,41125,,,1,30,,41126,,,1,70,,41127,,,1,30,,41128,,,1,70,,41129,,,1,30,,41130,,,1,70,,41131,,,1,30,,41132,,,1,72,,41114,,,1,15,,41118,,,1,15,,41133,,,1,55,,41119,,,1,15,,41120,,,1,15,,41117,,,1,15,,41134,,,1,55,,41116,,,1,15,,41115,,,1,15,,41135,,,1,21,,41137,,,1,62,,41136,,,1,28,,41113,,,1,70,,41112,,,1,30,,41111,,,1,70,,41110,,,1,30,,41109,,,1,70,,41108,,,1,30,,41107,,,1,69,,41138,,,1
71701,'717-Saturday-1-25-12-0000010',811,,41140,,,1,30,,41141,,,1,74,,41142,,,1,30,,41143,,,1,70,,41144,,,1,30,,41145,,,1,70,,41146,,,1,30,,41147,,,1,70,,41148,,,1,30,,41149,,,1,70,,41150,,,1,30,,41151,,,1,70,,41152,,,1,30,,41153,,,1,70,,41154,,,1,30,,41155,,,1,70,,41156,,,1,30,,41157,,,1,70,,41158,,,1,30,,41159,,,1,70,,41160,,,1,30,,41161,,,1
71701,'717-Sunday-1-25-12-0000001',1010,,41162,,,1,30,,41163,,,1,70,,41164,,,1,30,,41165,,,1,70,,41166,,,1,30,,41167,,,1,70,,41168,,,1,30,,41169,,,1,70,,41170,,,1,30,,41171,,,1,70,,41172,,,1,30,,41173,,,1,70,,41174,,,1,30,,41175,,,1,72,,41176,,,1,30,,41177,,,1,70,,41178,,,1,30,,41179,,,1
