50800,'508-Weekday-1-26-02-1111100',539,,47382,16,,,1,70,,47383,16,,,1,32,,47389,16,,,1,65,,47384,16,,,1,15,,47385,16,,,1,15,,47420,16,,,1,15,,47386,16,,,1,55,,47387,16,,,1,15,,47388,16,,,1,15,,47421,16,,,1,15,,47390,16,,,1,54,,47418,16,,,1,20,,47391,16,,,1,30,,47392,16,,,1,70,,47393,16,,,1,30,,47394,16,,,1,70,,47395,16,,,1,30,,47396,16,,,1,70,,47397,16,,,1,30,,47398,16,,,1,70,,47399,16,,,1,30,,47400,16,,,1,70,,47401,16,,,1,30,,47402,16,,,1,69,,47403,16,,,1,15,,47422,16,,,1,15,,47404,16,,,1,55,,47405,16,,,1,15,,47406,16,,,1,15,,47407,16,,,1,15,,47417,16,,,1,55,,47408,16,,,1,15,,47409,16,,,1,15,,47419,16,,,1,15,,47424,16,,,1,60,,47410,16,,,1,26,,47411,16,,,1,70,,47412,16,,,1,30,,47413,16,,,1,70,,47414,16,,,1,30,,47415,16,,,1,70,,47416,16,,,1,30,,47423,16,,,1,69,,47425,16,,,1
50800,'508-Weekday-10-26-02-1111100',539,,47426,16,,,1,70,,47427,16,,,1,32,,47433,16,,,1,65,,47428,16,,,1,15,,47429,16,,,1,15,,47464,16,,,1,15,,47430,16,,,1,55,,47431,16,,,1,15,,47432,16,,,1,15,,47465,16,,,1,15,,47434,16,,,1,54,,47462,16,,,1,20,,47435,16,,,1,30,,47436,16,,,1,70,,47437,16,,,1,30,,47438,16,,,1,70,,47439,16,,,1,30,,47440,16,,,1,70,,47441,16,,,1,30,,47442,16,,,1,70,,47443,16,,,1,30,,47444,16,,,1,70,,47445,16,,,1,30,,47446,16,,,1,69,,47447,16,,,1,15,,47466,16,,,1,15,,47448,16,,,1,55,,47449,16,,,1,15,,47450,16,,,1,15,,47451,16,,,1,15,,47461,16,,,1,55,,47452,16,,,1,15,,47453,16,,,1,15,,47463,16,,,1,15,,47468,16,,,1,60,,47454,16,,,1,26,,47455,16,,,1,70,,47456,16,,,1,30,,47457,16,,,1,70,,47458,16,,,1,30,,47459,16,,,1,70,,47460,16,,,1,30,,47467,16,,,1,69,,47469,16,,,1
50800,'508-Saturday-1-26-02-0000010',644,,47778,16,,,1,100,,47779,16,,,1,100,,47780,16,,,1,70,,47781,16,,,1,30,,47782,16,,,1,70,,47783,16,,,1,30,,47784,16,,,1,70,,47785,16,,,1,30,,47786,16,,,1,70,,47787,16,,,1,30,,47788,16,,,1,70,,47789,16,,,1,30,,47790,16,,,1,70,,47791,16,,,1,30,,47792,16,,,1,70,,47793,16,,,1,30,,47794,16,,,1,70,,47795,16,,,1,30,,47796,16,,,1,70,,47797,16,,,1,30,,47798,16,,,1,70,,47799,16,,,1,30,,47800,16,,,1,70,,47801,16,,,1
63000,'630-Weekday-1-26-02-1111100',734,,60913,12,,,1
63000,'630-Weekday-9-26-02-1111100',734,,60919,12,,,1
63500,'635-Weekday-1-26-02-0000100',922,,61058,12,,,1
63500,'635-Weekday-1-26-02-1111000',752,,61059,12,,,1
63500,'635-Weekday-9-26-02-1111000',752,,61065,12,,,1
64400,'644-Weekday-1-26-02-1111100',1538,,61179,15,,,1
64400,'644-Weekday-9-26-02-1111100',1538,,61183,15,,,1
