51401,'514-Weekday-1-26-02-1111100',532,,102816,,,1,70,,102817,,,1,30,,102818,,,1,70,,102819,,,1,20,,102820,,,1,20,,102821,,,1,60,,102822,,,1,20,,102823,,,1,30,,102838,,,1,70,,102839,,,1,30,,102840,,,1,70,,102841,,,1,30,,102842,,,1,70,,102843,,,1,30,,102844,,,1,70,,102845,,,1,30,,102846,,,1,70,,102847,,,1,30,,102848,,,1,70,,102849,,,1,30,,102850,,,1,60,,102851,,,1,20,,102824,,,1,20,,102825,,,1,60,,102852,,,1,20,,102826,,,1,20,,102827,,,1,70,,102828,,,1,30,,102829,,,1,70,,102830,,,1,30,,102831,,,1,70,,102832,,,1,30,,102833,,,1,70,,102834,,,1,30,,102835,,,1,70,,102836,,,1,30,,102837,,,1
51401,'514-Weekday-10-26-02-1111100',532,,158344,,,1,70,,158345,,,1,30,,158346,,,1,70,,158347,,,1,20,,158348,,,1,20,,158349,,,1,60,,158350,,,1,20,,158351,,,1,30,,158366,,,1,70,,158367,,,1,30,,158368,,,1,70,,158369,,,1,30,,158370,,,1,70,,158371,,,1,30,,158372,,,1,70,,158373,,,1,30,,158374,,,1,70,,158375,,,1,30,,158376,,,1,70,,158377,,,1,30,,158378,,,1,60,,158379,,,1,20,,158352,,,1,20,,158353,,,1,60,,158380,,,1,20,,158354,,,1,20,,158355,,,1,70,,158356,,,1,30,,158357,,,1,70,,158358,,,1,30,,158359,,,1,70,,158360,,,1,30,,158361,,,1,70,,158362,,,1,30,,158363,,,1,70,,158364,,,1,30,,158365,,,1
51401,'514-Weekday-2-26-02-1111100',532,,102853,,,1,70,,102854,,,1,30,,102855,,,1,70,,102856,,,1,20,,102857,,,1,20,,102858,,,1,60,,102859,,,1,20,,102860,,,1,30,,102875,,,1,70,,102876,,,1,30,,102877,,,1,70,,102878,,,1,30,,102879,,,1,70,,102880,,,1,30,,102881,,,1,70,,102882,,,1,30,,102883,,,1,70,,102884,,,1,30,,102885,,,1,70,,102886,,,1,30,,102887,,,1,60,,102888,,,1,20,,102861,,,1,20,,102862,,,1,60,,102889,,,1,20,,102863,,,1,20,,102864,,,1,70,,102865,,,1,30,,102866,,,1,70,,102867,,,1,30,,102868,,,1,70,,102869,,,1,30,,102870,,,1,70,,102871,,,1,30,,102872,,,1,70,,102873,,,1,30,,102874,,,1
51401,'514-Weekday-4-26-02-1111100',532,,102890,,,1,70,,102891,,,1,30,,102892,,,1,70,,102893,,,1,20,,102894,,,1,20,,102895,,,1,60,,102896,,,1,20,,102897,,,1,30,,102912,,,1,70,,102913,,,1,30,,102914,,,1,70,,102915,,,1,30,,102916,,,1,70,,102917,,,1,30,,102918,,,1,70,,102919,,,1,30,,102920,,,1,70,,102921,,,1,30,,102922,,,1,70,,102923,,,1,30,,102924,,,1,60,,102925,,,1,20,,102898,,,1,20,,102899,,,1,60,,102926,,,1,20,,102900,,,1,20,,102901,,,1,70,,102902,,,1,30,,102903,,,1,70,,102904,,,1,30,,102905,,,1,70,,102906,,,1,30,,102907,,,1,70,,102908,,,1,30,,102909,,,1,70,,102910,,,1,30,,102911,,,1
51401,'514-Weekday-5-26-02-1111100',532,,102927,,,1,70,,102928,,,1,30,,102929,,,1,70,,102930,,,1,20,,102931,,,1,20,,102932,,,1,60,,102933,,,1,20,,102934,,,1,30,,102949,,,1,70,,102950,,,1,30,,102951,,,1,70,,102952,,,1,30,,102953,,,1,70,,102954,,,1,30,,102955,,,1,70,,102956,,,1,30,,102957,,,1,70,,102958,,,1,30,,102959,,,1,70,,102960,,,1,30,,102961,,,1,60,,102962,,,1,20,,102935,,,1,20,,102936,,,1,60,,102963,,,1,20,,102937,,,1,20,,102938,,,1,70,,102939,,,1,30,,102940,,,1,70,,102941,,,1,30,,102942,,,1,70,,102943,,,1,30,,102944,,,1,70,,102945,,,1,30,,102946,,,1,70,,102947,,,1,30,,102948,,,1
51401,'514-Weekday-6-26-02-1111100',532,,102964,,,1,70,,102965,,,1,30,,102966,,,1,70,,102967,,,1,20,,102968,,,1,20,,102969,,,1,60,,102970,,,1,20,,102971,,,1,30,,102986,,,1,70,,102987,,,1,30,,102988,,,1,70,,102989,,,1,30,,102990,,,1,70,,102991,,,1,30,,102992,,,1,70,,102993,,,1,30,,102994,,,1,70,,102995,,,1,30,,102996,,,1,70,,102997,,,1,30,,102998,,,1,60,,102999,,,1,20,,102972,,,1,20,,102973,,,1,60,,103000,,,1,20,,102974,,,1,20,,102975,,,1,70,,102976,,,1,30,,102977,,,1,70,,102978,,,1,30,,102979,,,1,70,,102980,,,1,30,,102981,,,1,70,,102982,,,1,30,,102983,,,1,70,,102984,,,1,30,,102985,,,1
51401,'514-Weekday-7-26-02-1111100',532,,103001,,,1,70,,103002,,,1,30,,103003,,,1,70,,103004,,,1,20,,103005,,,1,20,,103006,,,1,60,,103007,,,1,20,,103008,,,1,30,,103023,,,1,70,,103024,,,1,30,,103025,,,1,70,,103026,,,1,30,,103027,,,1,70,,103028,,,1,30,,103029,,,1,70,,103030,,,1,30,,103031,,,1,70,,103032,,,1,30,,103033,,,1,70,,103034,,,1,30,,103035,,,1,60,,103036,,,1,20,,103009,,,1,20,,103010,,,1,60,,103037,,,1,20,,103011,,,1,20,,103012,,,1,70,,103013,,,1,30,,103014,,,1,70,,103015,,,1,30,,103016,,,1,70,,103017,,,1,30,,103018,,,1,70,,103019,,,1,30,,103020,,,1,70,,103021,,,1,30,,103022,,,1
51401,'514-Weekday-8-26-02-1111100',532,,103038,,,1,70,,103039,,,1,30,,103040,,,1,70,,103041,,,1,20,,103042,,,1,20,,103043,,,1,60,,103044,,,1,20,,103045,,,1,30,,103060,,,1,70,,103061,,,1,30,,103062,,,1,70,,103063,,,1,30,,103064,,,1,70,,103065,,,1,30,,103066,,,1,70,,103067,,,1,30,,103068,,,1,70,,103069,,,1,30,,103070,,,1,70,,103071,,,1,30,,103072,,,1,60,,103073,,,1,20,,103046,,,1,20,,103047,,,1,60,,103074,,,1,20,,103048,,,1,20,,103049,,,1,70,,103050,,,1,30,,103051,,,1,70,,103052,,,1,30,,103053,,,1,70,,103054,,,1,30,,103055,,,1,70,,103056,,,1,30,,103057,,,1,70,,103058,,,1,30,,103059,,,1
51401,'514-Weekday-9-26-02-1111100',532,,103075,,,1,70,,103076,,,1,30,,103077,,,1,70,,103078,,,1,20,,103079,,,1,20,,103080,,,1,60,,103081,,,1,20,,103082,,,1,30,,103097,,,1,70,,103098,,,1,30,,103099,,,1,70,,103100,,,1,30,,103101,,,1,70,,103102,,,1,30,,103103,,,1,70,,103104,,,1,30,,103105,,,1,70,,103106,,,1,30,,103107,,,1,70,,103108,,,1,30,,103109,,,1,60,,103110,,,1,20,,103083,,,1,20,,103084,,,1,60,,103111,,,1,20,,103085,,,1,20,,103086,,,1,70,,103087,,,1,30,,103088,,,1,70,,103089,,,1,30,,103090,,,1,70,,103091,,,1,30,,103092,,,1,70,,103093,,,1,30,,103094,,,1,70,,103095,,,1,30,,103096,,,1
51401,'514-Saturday-1-26-02-0000010',752,,103112,,,1,70,,103113,,,1,30,,103114,,,1,70,,103115,,,1,30,,103116,,,1,70,,103117,,,1,30,,103118,,,1,70,,103119,,,1,30,,103120,,,1,70,,103121,,,1,30,,103122,,,1,70,,103123,,,1,30,,103124,,,1,70,,103125,,,1,30,,103126,,,1,70,,103127,,,1,30,,103128,,,1,70,,103129,,,1,30,,103130,,,1,70,,103131,,,1,30,,103132,,,1,70,,103133,,,1,30,,103134,,,1
51401,'514-Sunday-1-26-02-0000001',1002,,103135,,,1,30,,103136,,,1,70,,103137,,,1,30,,103138,,,1,70,,103139,,,1,30,,103140,,,1,70,,103141,,,1,30,,103142,,,1,70,,103143,,,1,30,,103144,,,1,70,,103145,,,1,30,,103146,,,1,70,,103147,,,1,30,,103148,,,1,70,,103149,,,1,30,,103150,,,1,70,,103151,,,1,30,,103152,,,1,70,,103153,,,1
