51200,'512-Weekday-1-26-04-1111100',606,,127143,6,,,1,30,,127147,6,,,1,20,,127148,6,,,1,60,,127144,6,,,1,20,,127145,6,,,1,20,,127146,6,,,1,70,,127149,6,,,1,30,,127150,6,,,1,70,,127151,6,,,1,30,,127152,6,,,1,70,,127153,6,,,1,30,,127154,6,,,1,70,,127155,6,,,1,30,,127156,6,,,1,70,,127157,6,,,1,30,,127158,6,,,1,70,,127159,6,,,1,30,,127160,6,,,1,70,,127161,6,,,1,30,,127162,6,,,1,61,,127163,6,,,1,20,,127164,6,,,1,20,,127165,6,,,1,60,,127166,6,,,1,20,,127167,6,,,1,20,,127168,6,,,1,70,,127169,6,,,1,30,,127170,6,,,1,69,,127171,6,,,1,30,,127172,6,,,1,70,,127173,6,,,1,30,,127174,6,,,1,70,,127175,6,,,1,30,,127176,6,,,1,70,,127177,6,,,1,30,,127178,6,,,1,99,,127179,6,,,1,100,,127180,6,,,1
51200,'512-Weekday-2-26-04-1111100',606,,127181,6,,,1,30,,127185,6,,,1,20,,127186,6,,,1,60,,127182,6,,,1,20,,127183,6,,,1,20,,127184,6,,,1,70,,127187,6,,,1,30,,127188,6,,,1,70,,127189,6,,,1,30,,127190,6,,,1,70,,127191,6,,,1,30,,127192,6,,,1,70,,127193,6,,,1,30,,127194,6,,,1,70,,127195,6,,,1,30,,127196,6,,,1,70,,127197,6,,,1,30,,127198,6,,,1,70,,127199,6,,,1,30,,127200,6,,,1,61,,127201,6,,,1,20,,127202,6,,,1,20,,127203,6,,,1,60,,127204,6,,,1,20,,127205,6,,,1,20,,127206,6,,,1,70,,127207,6,,,1,30,,127208,6,,,1,69,,127209,6,,,1,30,,127210,6,,,1,70,,127211,6,,,1,30,,127212,6,,,1,70,,127213,6,,,1,30,,127214,6,,,1,70,,127215,6,,,1,30,,127216,6,,,1,99,,127217,6,,,1,100,,127218,6,,,1
51200,'512-Weekday-3-26-04-1111100',606,,127219,6,,,1,30,,127223,6,,,1,20,,127224,6,,,1,60,,127220,6,,,1,20,,127221,6,,,1,20,,127222,6,,,1,70,,127225,6,,,1,30,,127226,6,,,1,70,,127227,6,,,1,30,,127228,6,,,1,70,,127229,6,,,1,30,,127230,6,,,1,70,,127231,6,,,1,30,,127232,6,,,1,70,,127233,6,,,1,30,,127234,6,,,1,70,,127235,6,,,1,30,,127236,6,,,1,70,,127237,6,,,1,30,,127238,6,,,1,61,,127239,6,,,1,20,,127240,6,,,1,20,,127241,6,,,1,60,,127242,6,,,1,20,,127243,6,,,1,20,,127244,6,,,1,70,,127245,6,,,1,30,,127246,6,,,1,69,,127247,6,,,1,30,,127248,6,,,1,70,,127249,6,,,1,30,,127250,6,,,1,70,,127251,6,,,1,30,,127252,6,,,1,70,,127253,6,,,1,30,,127254,6,,,1,99,,127255,6,,,1,100,,127256,6,,,1
51200,'512-Saturday-1-26-04-0000010',607,,127257,6,,,1,100,,127258,6,,,1,100,,127259,6,,,1,30,,127260,6,,,1,70,,127261,6,,,1,30,,127262,6,,,1,70,,127263,6,,,1,30,,127264,6,,,1,70,,127265,6,,,1,30,,127266,6,,,1,70,,127267,6,,,1,30,,127268,6,,,1,70,,127269,6,,,1,30,,127270,6,,,1,70,,127271,6,,,1,30,,127272,6,,,1,70,,127273,6,,,1,30,,127274,6,,,1,70,,127275,6,,,1,30,,127276,6,,,1,70,,127277,6,,,1,30,,127278,6,,,1,70,,127279,6,,,1,30,,127280,6,,,1,70,,127281,6,,,1,100,,127282,6,,,1,100,,127283,6,,,1,100,,127284,6,,,1,100,,127285,6,,,1,100,,127286,6,,,1
51200,'512-Sunday-1-26-04-0000001',608,,127287,6,,,1,45,,127310,6,,,1,85,,127288,6,,,1,85,,127289,6,,,1,85,,127290,6,,,1,40,,127291,6,,,1,65,,127316,6,,,1,30,,127292,6,,,1,70,,127293,6,,,1,30,,127294,6,,,1,70,,127295,6,,,1,30,,127296,6,,,1,70,,127297,6,,,1,30,,127298,6,,,1,70,,127299,6,,,1,30,,127300,6,,,1,70,,127301,6,,,1,30,,127302,6,,,1,70,,127303,6,,,1,30,,127304,6,,,1,70,,127305,6,,,1,30,,127306,6,,,1,70,,127307,6,,,1,30,,127308,6,,,1,70,,127309,6,,,1,100,,127311,6,,,1,100,,127312,6,,,1,100,,127313,6,,,1,100,,127314,6,,,1,100,,127315,6,,,1
63801,'638-Weekday-1-26-04-0001000',1228,,131834,3,,,1
63801,'638-Weekday-1-26-04-1110100',1516,,131835,3,,,1
63801,'638-Weekday-1-26-04-1111100',1529,,131836,3,,,1
63801,'638-Weekday-2-26-04-1111100',1529,,131837,3,,,1
63801,'638-Weekday-3-26-04-0001000',1228,,131838,3,,,1
63801,'638-Weekday-3-26-04-1110100',1516,,131839,3,,,1
