10901,'109-Weekday-1-26-04-1111100',536,,120704,27,0,18 14,1,70,,120705,27,0,18 14,1,32,,120706,27,0,18 14,1,64,,120707,27,0,18 14,1,15,,120708,27,0,18 14,1,15,,120743,27,0,18 14,1,15,,120709,27,0,18 14,1,55,,120710,27,0,18 14,1,15,,120711,27,0,18 14,1,15,,120744,27,0,18 14,1,15,,120712,27,0,18 14,1,62,,120713,27,0,18 14,1,29,,120714,27,0,18 14,1,70,,120715,27,0,18 14,1,30,,120716,27,0,18 14,1,70,,120717,27,0,18 14,1,30,,120718,27,0,18 14,1,70,,120719,27,0,18 14,1,30,,120720,27,0,18 14,1,70,,120721,27,0,18 14,1,30,,120722,27,0,18 14,1,70,,120723,27,0,18 14,1,30,,120724,27,0,18 14,1,72,,120725,27,0,18 14,1,25,,120726,27,0,18 14,1,15,,120727,27,0,18 14,1,55,,120745,27,0,18 14,1,15,,120728,27,0,18 14,1,15,,120729,27,0,18 14,1,15,,120730,27,0,18 14,1,55,,120731,27,0,18 14,1,15,,120746,27,0,18 14,1,22,,120732,27,0,18 14,1,70,,120733,27,0,18 14,1,28,,120734,27,0,18 14,1,68,,120735,27,0,18 14,1,30,,120736,27,0,18 14,1,70,,120737,27,0,18 14,1,30,,120738,27,0,18 14,1,70,,120739,27,0,18 14,1,30,,120740,27,0,18 14,1,69,,120747,27,0,18 14,1,99,,120741,27,0,18 14,1,100,,120742,27,0,18 14,1
10901,'109-Weekday-2-26-04-1111100',536,,120748,27,0,18 14,1,70,,120749,27,0,18 14,1,32,,120750,27,0,18 14,1,64,,120751,27,0,18 14,1,15,,120752,27,0,18 14,1,15,,120787,27,0,18 14,1,15,,120753,27,0,18 14,1,55,,120754,27,0,18 14,1,15,,120755,27,0,18 14,1,15,,120788,27,0,18 14,1,15,,120756,27,0,18 14,1,62,,120757,27,0,18 14,1,29,,120758,27,0,18 14,1,70,,120759,27,0,18 14,1,30,,120760,27,0,18 14,1,70,,120761,27,0,18 14,1,30,,120762,27,0,18 14,1,70,,120763,27,0,18 14,1,30,,120764,27,0,18 14,1,70,,120765,27,0,18 14,1,30,,120766,27,0,18 14,1,70,,120767,27,0,18 14,1,30,,120768,27,0,18 14,1,72,,120769,27,0,18 14,1,25,,120770,27,0,18 14,1,15,,120771,27,0,18 14,1,55,,120789,27,0,18 14,1,15,,120772,27,0,18 14,1,15,,120773,27,0,18 14,1,15,,120774,27,0,18 14,1,55,,120775,27,0,18 14,1,15,,120790,27,0,18 14,1,22,,120776,27,0,18 14,1,70,,120777,27,0,18 14,1,28,,120778,27,0,18 14,1,68,,120779,27,0,18 14,1,30,,120780,27,0,18 14,1,70,,120781,27,0,18 14,1,30,,120782,27,0,18 14,1,70,,120783,27,0,18 14,1,30,,120784,27,0,18 14,1,69,,120791,27,0,18 14,1,99,,120785,27,0,18 14,1,100,,120786,27,0,18 14,1
10901,'109-Weekday-3-26-04-1111100',536,,120792,27,0,18 14,1,70,,120793,27,0,18 14,1,32,,120794,27,0,18 14,1,64,,120795,27,0,18 14,1,15,,120796,27,0,18 14,1,15,,120831,27,0,18 14,1,15,,120797,27,0,18 14,1,55,,120798,27,0,18 14,1,15,,120799,27,0,18 14,1,15,,120832,27,0,18 14,1,15,,120800,27,0,18 14,1,62,,120801,27,0,18 14,1,29,,120802,27,0,18 14,1,70,,120803,27,0,18 14,1,30,,120804,27,0,18 14,1,70,,120805,27,0,18 14,1,30,,120806,27,0,18 14,1,70,,120807,27,0,18 14,1,30,,120808,27,0,18 14,1,70,,120809,27,0,18 14,1,30,,120810,27,0,18 14,1,70,,120811,27,0,18 14,1,30,,120812,27,0,18 14,1,72,,120813,27,0,18 14,1,25,,120814,27,0,18 14,1,15,,120815,27,0,18 14,1,55,,120833,27,0,18 14,1,15,,120816,27,0,18 14,1,15,,120817,27,0,18 14,1,15,,120818,27,0,18 14,1,55,,120819,27,0,18 14,1,15,,120834,27,0,18 14,1,22,,120820,27,0,18 14,1,70,,120821,27,0,18 14,1,28,,120822,27,0,18 14,1,68,,120823,27,0,18 14,1,30,,120824,27,0,18 14,1,70,,120825,27,0,18 14,1,30,,120826,27,0,18 14,1,70,,120827,27,0,18 14,1,30,,120828,27,0,18 14,1,69,,120835,27,0,18 14,1,99,,120829,27,0,18 14,1,100,,120830,27,0,18 14,1
10901,'109-Saturday-1-26-04-0000010',829,,120836,27,0,18 14,1,30,,120837,27,0,18 14,1,70,,120838,27,0,18 14,1,30,,120839,27,0,18 14,1,70,,120840,27,0,18 14,1,30,,120841,27,0,18 14,1,70,,120842,27,0,18 14,1,30,,120843,27,0,18 14,1,70,,120844,27,0,18 14,1,30,,120845,27,0,18 14,1,70,,120846,27,0,18 14,1,30,,120847,27,0,18 14,1,70,,120848,27,0,18 14,1,30,,120849,27,0,18 14,1,70,,120850,27,0,18 14,1,30,,120851,27,0,18 14,1,70,,120852,27,0,18 14,1,30,,120853,27,0,18 14,1,70,,120854,27,0,18 14,1,30,,120855,27,0,18 14,1,70,,120856,27,0,18 14,1,30,,120857,27,0,18 14,1,70,,120858,27,0,18 14,1,30,,120859,27,0,18 14,1,70,,120860,27,0,18 14,1,30,,120861,27,0,18 14,1,70,,120862,27,0,18 14,1,30,,120863,27,0,18 14,1
10901,'109-Sunday-1-26-04-0000001',1039,,120864,27,0,18 14,1,70,,120865,27,0,18 14,1,30,,120866,27,0,18 14,1,70,,120867,27,0,18 14,1,30,,120868,27,0,18 14,1,70,,120869,27,0,18 14,1,30,,120870,27,0,18 14,1,70,,120871,27,0,18 14,1,30,,120872,27,0,18 14,1,70,,120873,27,0,18 14,1,30,,120874,27,0,18 14,1,70,,120875,27,0,18 14,1,30,,120876,27,0,18 14,1,70,,120877,27,0,18 14,1,30,,120878,27,0,18 14,1,70,,120879,27,0,18 14,1,30,,120880,27,0,18 14,1,70,,120881,27,0,18 14,1
61801,'618-Weekday-1-26-04-1111100',808,,131685,22,,,1
61801,'618-Weekday-3-26-04-1111100',808,,131686,22,,,1
68301,'683-Weekday-1-26-04-1111100',745,,132188,16,,,1,5,,132189,16,,,1,5,,132190,16,,,1
68301,'683-Weekday-2-26-04-1111100',745,,132191,16,,,1,5,,132192,16,,,1,5,,132193,16,,,1
68301,'683-Weekday-3-26-04-1111100',745,,132194,16,,,1,5,,132195,16,,,1
