65801,'658-Weekday-1-26-02-1111100',741,,61378,5,,,1,2,,61379,5,,,1
65801,'658-Weekday-2-26-02-1111100',741,,61380,5,,,1,2,,61381,5,,,1
65801,'658-Weekday-5-26-02-1111100',741,,61382,5,,,1,2,,61383,5,,,1
65801,'658-Weekday-6-26-02-1111100',741,,61384,5,,,1,2,,61385,5,,,1
65801,'658-Weekday-8-26-02-1111100',741,,61386,5,,,1,2,,61387,5,,,1
65801,'658-Weekday-9-26-02-1111100',741,,61388,5,,,1,2,,61389,5,,,1
72201,'722-Weekday-1-26-02-1111100',600,,79371,12,0,37,1,20,,79372,12,0,37,1,24,,79373,12,0,37,1,15,,79374,12,0,37,1,55,,79375,12,0,37,1,15,,79376,12,0,37,1,15,,79377,12,0,37,1,15,,79378,12,0,37,1,55,,79379,12,0,37,1,15,,79380,12,0,37,1,15,,79381,12,0,37,1,13,,79382,12,0,37,1,62,,79425,12,0,37,1,20,,79424,12,0,37,1,20,,79383,12,0,37,1,60,,79384,12,0,37,1,20,,79385,12,0,37,1,20,,79386,12,0,37,1,60,,79387,12,0,37,1,20,,79388,12,0,37,1,20,,79389,12,0,37,1,60,,79390,12,0,37,1,20,,79391,12,0,37,1,20,,79392,12,0,37,1,60,,79393,12,0,37,1,20,,79394,12,0,37,1,20,,79395,12,0,37,1,60,,79396,12,0,37,1,20,,79397,12,0,37,1,20,,79398,12,0,37,1,56,,79427,12,,,1,10,,79399,12,0,37,1,10,,79428,12,,,1,10,,79400,12,0,37,1,10,,79429,12,,,1,50,,79401,12,0,37,1,10,,79430,12,,,1,10,,79402,12,0,37,1,10,,79431,12,,,1,10,,79403,12,0,37,1,10,,79432,12,,,1,50,,79404,12,0,37,1,10,,79433,12,,,1,10,,79405,12,0,37,1,10,,79434,12,,,1,10,,79406,12,0,37,1,10,,79426,12,,,1,50,,79407,12,0,37,1,17,,79408,12,0,37,1,18,,79409,12,0,37,1,60,,79410,12,0,37,1,20,,79411,12,0,37,1,20,,79412,12,0,37,1,60,,79413,12,0,37,1,20,,79414,12,0,37,1,20,,79415,12,0,37,1,60,,79416,12,0,37,1,20,,79417,12,0,37,1,20,,79418,12,0,37,1,60,,79419,12,0,37,1,30,,79420,12,0,37,1,70,,79421,12,0,37,1,30,,79422,12,0,37,1,70,,79423,12,0,37,1,30,,79435,12,,,1
72201,'722-Weekday-10-26-02-1111100',600,,79436,12,0,37,1,20,,79437,12,0,37,1,24,,79438,12,0,37,1,15,,79439,12,0,37,1,55,,79440,12,0,37,1,15,,79441,12,0,37,1,15,,79442,12,0,37,1,15,,79443,12,0,37,1,55,,79444,12,0,37,1,15,,79445,12,0,37,1,15,,79446,12,0,37,1,13,,79447,12,0,37,1,62,,79490,12,0,37,1,20,,79489,12,0,37,1,20,,79448,12,0,37,1,60,,79449,12,0,37,1,20,,79450,12,0,37,1,20,,79451,12,0,37,1,60,,79452,12,0,37,1,20,,79453,12,0,37,1,20,,79454,12,0,37,1,60,,79455,12,0,37,1,20,,79456,12,0,37,1,20,,79457,12,0,37,1,60,,79458,12,0,37,1,20,,79459,12,0,37,1,20,,79460,12,0,37,1,60,,79461,12,0,37,1,20,,79462,12,0,37,1,20,,79463,12,0,37,1,56,,79492,12,,,1,10,,79464,12,0,37,1,10,,79493,12,,,1,10,,79465,12,0,37,1,10,,79494,12,,,1,50,,79466,12,0,37,1,10,,79495,12,,,1,10,,79467,12,0,37,1,10,,79496,12,,,1,10,,79468,12,0,37,1,10,,79497,12,,,1,50,,79469,12,0,37,1,10,,79498,12,,,1,10,,79470,12,0,37,1,10,,79499,12,,,1,10,,79471,12,0,37,1,10,,79491,12,,,1,50,,79472,12,0,37,1,17,,79473,12,0,37,1,18,,79474,12,0,37,1,60,,79475,12,0,37,1,20,,79476,12,0,37,1,20,,79477,12,0,37,1,60,,79478,12,0,37,1,20,,79479,12,0,37,1,20,,79480,12,0,37,1,60,,79481,12,0,37,1,20,,79482,12,0,37,1,20,,79483,12,0,37,1,60,,79484,12,0,37,1,30,,79485,12,0,37,1,70,,79486,12,0,37,1,30,,79487,12,0,37,1,70,,79488,12,0,37,1,30,,79500,12,,,1
72201,'722-Weekday-2-26-02-1111100',600,,79501,12,0,37,1,20,,79502,12,0,37,1,24,,79503,12,0,37,1,15,,79504,12,0,37,1,55,,79505,12,0,37,1,15,,79506,12,0,37,1,15,,79507,12,0,37,1,15,,79508,12,0,37,1,55,,79509,12,0,37,1,15,,79510,12,0,37,1,15,,79511,12,0,37,1,13,,79512,12,0,37,1,62,,79555,12,0,37,1,20,,79554,12,0,37,1,20,,79513,12,0,37,1,60,,79514,12,0,37,1,20,,79515,12,0,37,1,20,,79516,12,0,37,1,60,,79517,12,0,37,1,20,,79518,12,0,37,1,20,,79519,12,0,37,1,60,,79520,12,0,37,1,20,,79521,12,0,37,1,20,,79522,12,0,37,1,60,,79523,12,0,37,1,20,,79524,12,0,37,1,20,,79525,12,0,37,1,60,,79526,12,0,37,1,20,,79527,12,0,37,1,20,,79528,12,0,37,1,56,,79557,12,,,1,10,,79529,12,0,37,1,10,,79558,12,,,1,10,,79530,12,0,37,1,10,,79559,12,,,1,50,,79531,12,0,37,1,10,,79560,12,,,1,10,,79532,12,0,37,1,10,,79561,12,,,1,10,,79533,12,0,37,1,10,,79562,12,,,1,50,,79534,12,0,37,1,10,,79563,12,,,1,10,,79535,12,0,37,1,10,,79564,12,,,1,10,,79536,12,0,37,1,10,,79556,12,,,1,50,,79537,12,0,37,1,17,,79538,12,0,37,1,18,,79539,12,0,37,1,60,,79540,12,0,37,1,20,,79541,12,0,37,1,20,,79542,12,0,37,1,60,,79543,12,0,37,1,20,,79544,12,0,37,1,20,,79545,12,0,37,1,60,,79546,12,0,37,1,20,,79547,12,0,37,1,20,,79548,12,0,37,1,60,,79549,12,0,37,1,30,,79550,12,0,37,1,70,,79551,12,0,37,1,30,,79552,12,0,37,1,70,,79553,12,0,37,1,30,,79565,12,,,1
72201,'722-Weekday-4-26-02-1111100',600,,79566,12,0,37,1,20,,79567,12,0,37,1,24,,79568,12,0,37,1,15,,79569,12,0,37,1,55,,79570,12,0,37,1,15,,79571,12,0,37,1,15,,79572,12,0,37,1,15,,79573,12,0,37,1,55,,79574,12,0,37,1,15,,79575,12,0,37,1,15,,79576,12,0,37,1,13,,79577,12,0,37,1,62,,79620,12,0,37,1,20,,79619,12,0,37,1,20,,79578,12,0,37,1,60,,79579,12,0,37,1,20,,79580,12,0,37,1,20,,79581,12,0,37,1,60,,79582,12,0,37,1,20,,79583,12,0,37,1,20,,79584,12,0,37,1,60,,79585,12,0,37,1,20,,79586,12,0,37,1,20,,79587,12,0,37,1,60,,79588,12,0,37,1,20,,79589,12,0,37,1,20,,79590,12,0,37,1,60,,79591,12,0,37,1,20,,79592,12,0,37,1,20,,79593,12,0,37,1,56,,79622,12,,,1,10,,79594,12,0,37,1,10,,79623,12,,,1,10,,79595,12,0,37,1,10,,79624,12,,,1,50,,79596,12,0,37,1,10,,79625,12,,,1,10,,79597,12,0,37,1,10,,79626,12,,,1,10,,79598,12,0,37,1,10,,79627,12,,,1,50,,79599,12,0,37,1,10,,79628,12,,,1,10,,79600,12,0,37,1,10,,79629,12,,,1,10,,79601,12,0,37,1,10,,79621,12,,,1,50,,79602,12,0,37,1,17,,79603,12,0,37,1,18,,79604,12,0,37,1,60,,79605,12,0,37,1,20,,79606,12,0,37,1,20,,79607,12,0,37,1,60,,79608,12,0,37,1,20,,79609,12,0,37,1,20,,79610,12,0,37,1,60,,79611,12,0,37,1,20,,79612,12,0,37,1,20,,79613,12,0,37,1,60,,79614,12,0,37,1,30,,79615,12,0,37,1,70,,79616,12,0,37,1,30,,79617,12,0,37,1,70,,79618,12,0,37,1,30,,79630,12,,,1
72201,'722-Weekday-5-26-02-1111100',600,,79631,12,0,37,1,20,,79632,12,0,37,1,24,,79633,12,0,37,1,15,,79634,12,0,37,1,55,,79635,12,0,37,1,15,,79636,12,0,37,1,15,,79637,12,0,37,1,15,,79638,12,0,37,1,55,,79639,12,0,37,1,15,,79640,12,0,37,1,15,,79641,12,0,37,1,13,,79642,12,0,37,1,62,,79685,12,0,37,1,20,,79684,12,0,37,1,20,,79643,12,0,37,1,60,,79644,12,0,37,1,20,,79645,12,0,37,1,20,,79646,12,0,37,1,60,,79647,12,0,37,1,20,,79648,12,0,37,1,20,,79649,12,0,37,1,60,,79650,12,0,37,1,20,,79651,12,0,37,1,20,,79652,12,0,37,1,60,,79653,12,0,37,1,20,,79654,12,0,37,1,20,,79655,12,0,37,1,60,,79656,12,0,37,1,20,,79657,12,0,37,1,20,,79658,12,0,37,1,56,,79687,12,,,1,10,,79659,12,0,37,1,10,,79688,12,,,1,10,,79660,12,0,37,1,10,,79689,12,,,1,50,,79661,12,0,37,1,10,,79690,12,,,1,10,,79662,12,0,37,1,10,,79691,12,,,1,10,,79663,12,0,37,1,10,,79692,12,,,1,50,,79664,12,0,37,1,10,,79693,12,,,1,10,,79665,12,0,37,1,10,,79694,12,,,1,10,,79666,12,0,37,1,10,,79686,12,,,1,50,,79667,12,0,37,1,17,,79668,12,0,37,1,18,,79669,12,0,37,1,60,,79670,12,0,37,1,20,,79671,12,0,37,1,20,,79672,12,0,37,1,60,,79673,12,0,37,1,20,,79674,12,0,37,1,20,,79675,12,0,37,1,60,,79676,12,0,37,1,20,,79677,12,0,37,1,20,,79678,12,0,37,1,60,,79679,12,0,37,1,30,,79680,12,0,37,1,70,,79681,12,0,37,1,30,,79682,12,0,37,1,70,,79683,12,0,37,1,30,,79695,12,,,1
72201,'722-Weekday-6-26-02-1111100',600,,79696,12,0,37,1,20,,79697,12,0,37,1,24,,79698,12,0,37,1,15,,79699,12,0,37,1,55,,79700,12,0,37,1,15,,79701,12,0,37,1,15,,79702,12,0,37,1,15,,79703,12,0,37,1,55,,79704,12,0,37,1,15,,79705,12,0,37,1,15,,79706,12,0,37,1,13,,79707,12,0,37,1,62,,79750,12,0,37,1,20,,79749,12,0,37,1,20,,79708,12,0,37,1,60,,79709,12,0,37,1,20,,79710,12,0,37,1,20,,79711,12,0,37,1,60,,79712,12,0,37,1,20,,79713,12,0,37,1,20,,79714,12,0,37,1,60,,79715,12,0,37,1,20,,79716,12,0,37,1,20,,79717,12,0,37,1,60,,79718,12,0,37,1,20,,79719,12,0,37,1,20,,79720,12,0,37,1,60,,79721,12,0,37,1,20,,79722,12,0,37,1,20,,79723,12,0,37,1,56,,79752,12,,,1,10,,79724,12,0,37,1,10,,79753,12,,,1,10,,79725,12,0,37,1,10,,79754,12,,,1,50,,79726,12,0,37,1,10,,79755,12,,,1,10,,79727,12,0,37,1,10,,79756,12,,,1,10,,79728,12,0,37,1,10,,79757,12,,,1,50,,79729,12,0,37,1,10,,79758,12,,,1,10,,79730,12,0,37,1,10,,79759,12,,,1,10,,79731,12,0,37,1,10,,79751,12,,,1,50,,79732,12,0,37,1,17,,79733,12,0,37,1,18,,79734,12,0,37,1,60,,79735,12,0,37,1,20,,79736,12,0,37,1,20,,79737,12,0,37,1,60,,79738,12,0,37,1,20,,79739,12,0,37,1,20,,79740,12,0,37,1,60,,79741,12,0,37,1,20,,79742,12,0,37,1,20,,79743,12,0,37,1,60,,79744,12,0,37,1,30,,79745,12,0,37,1,70,,79746,12,0,37,1,30,,79747,12,0,37,1,70,,79748,12,0,37,1,30,,79760,12,,,1
72201,'722-Weekday-7-26-02-1111100',600,,79761,12,0,37,1,20,,79762,12,0,37,1,24,,79763,12,0,37,1,15,,79764,12,0,37,1,55,,79765,12,0,37,1,15,,79766,12,0,37,1,15,,79767,12,0,37,1,15,,79768,12,0,37,1,55,,79769,12,0,37,1,15,,79770,12,0,37,1,15,,79771,12,0,37,1,13,,79772,12,0,37,1,62,,79815,12,0,37,1,20,,79814,12,0,37,1,20,,79773,12,0,37,1,60,,79774,12,0,37,1,20,,79775,12,0,37,1,20,,79776,12,0,37,1,60,,79777,12,0,37,1,20,,79778,12,0,37,1,20,,79779,12,0,37,1,60,,79780,12,0,37,1,20,,79781,12,0,37,1,20,,79782,12,0,37,1,60,,79783,12,0,37,1,20,,79784,12,0,37,1,20,,79785,12,0,37,1,60,,79786,12,0,37,1,20,,79787,12,0,37,1,20,,79788,12,0,37,1,56,,79817,12,,,1,10,,79789,12,0,37,1,10,,79818,12,,,1,10,,79790,12,0,37,1,10,,79819,12,,,1,50,,79791,12,0,37,1,10,,79820,12,,,1,10,,79792,12,0,37,1,10,,79821,12,,,1,10,,79793,12,0,37,1,10,,79822,12,,,1,50,,79794,12,0,37,1,10,,79823,12,,,1,10,,79795,12,0,37,1,10,,79824,12,,,1,10,,79796,12,0,37,1,10,,79816,12,,,1,50,,79797,12,0,37,1,17,,79798,12,0,37,1,18,,79799,12,0,37,1,60,,79800,12,0,37,1,20,,79801,12,0,37,1,20,,79802,12,0,37,1,60,,79803,12,0,37,1,20,,79804,12,0,37,1,20,,79805,12,0,37,1,60,,79806,12,0,37,1,20,,79807,12,0,37,1,20,,79808,12,0,37,1,60,,79809,12,0,37,1,30,,79810,12,0,37,1,70,,79811,12,0,37,1,30,,79812,12,0,37,1,70,,79813,12,0,37,1,30,,79825,12,,,1
72201,'722-Weekday-8-26-02-1111100',600,,79826,12,0,37,1,20,,79827,12,0,37,1,24,,79828,12,0,37,1,15,,79829,12,0,37,1,55,,79830,12,0,37,1,15,,79831,12,0,37,1,15,,79832,12,0,37,1,15,,79833,12,0,37,1,55,,79834,12,0,37,1,15,,79835,12,0,37,1,15,,79836,12,0,37,1,13,,79837,12,0,37,1,62,,79880,12,0,37,1,20,,79879,12,0,37,1,20,,79838,12,0,37,1,60,,79839,12,0,37,1,20,,79840,12,0,37,1,20,,79841,12,0,37,1,60,,79842,12,0,37,1,20,,79843,12,0,37,1,20,,79844,12,0,37,1,60,,79845,12,0,37,1,20,,79846,12,0,37,1,20,,79847,12,0,37,1,60,,79848,12,0,37,1,20,,79849,12,0,37,1,20,,79850,12,0,37,1,60,,79851,12,0,37,1,20,,79852,12,0,37,1,20,,79853,12,0,37,1,56,,79882,12,,,1,10,,79854,12,0,37,1,10,,79883,12,,,1,10,,79855,12,0,37,1,10,,79884,12,,,1,50,,79856,12,0,37,1,10,,79885,12,,,1,10,,79857,12,0,37,1,10,,79886,12,,,1,10,,79858,12,0,37,1,10,,79887,12,,,1,50,,79859,12,0,37,1,10,,79888,12,,,1,10,,79860,12,0,37,1,10,,79889,12,,,1,10,,79861,12,0,37,1,10,,79881,12,,,1,50,,79862,12,0,37,1,17,,79863,12,0,37,1,18,,79864,12,0,37,1,60,,79865,12,0,37,1,20,,79866,12,0,37,1,20,,79867,12,0,37,1,60,,79868,12,0,37,1,20,,79869,12,0,37,1,20,,79870,12,0,37,1,60,,79871,12,0,37,1,20,,79872,12,0,37,1,20,,79873,12,0,37,1,60,,79874,12,0,37,1,30,,79875,12,0,37,1,70,,79876,12,0,37,1,30,,79877,12,0,37,1,70,,79878,12,0,37,1,30,,79890,12,,,1
72201,'722-Weekday-9-26-02-1111100',600,,79891,12,0,37,1,20,,79892,12,0,37,1,24,,79893,12,0,37,1,15,,79894,12,0,37,1,55,,79895,12,0,37,1,15,,79896,12,0,37,1,15,,79897,12,0,37,1,15,,79898,12,0,37,1,55,,79899,12,0,37,1,15,,79900,12,0,37,1,15,,79901,12,0,37,1,13,,79902,12,0,37,1,62,,79945,12,0,37,1,20,,79944,12,0,37,1,20,,79903,12,0,37,1,60,,79904,12,0,37,1,20,,79905,12,0,37,1,20,,79906,12,0,37,1,60,,79907,12,0,37,1,20,,79908,12,0,37,1,20,,79909,12,0,37,1,60,,79910,12,0,37,1,20,,79911,12,0,37,1,20,,79912,12,0,37,1,60,,79913,12,0,37,1,20,,79914,12,0,37,1,20,,79915,12,0,37,1,60,,79916,12,0,37,1,20,,79917,12,0,37,1,20,,79918,12,0,37,1,56,,79947,12,,,1,10,,79919,12,0,37,1,10,,79948,12,,,1,10,,79920,12,0,37,1,10,,79949,12,,,1,50,,79921,12,0,37,1,10,,79950,12,,,1,10,,79922,12,0,37,1,10,,79951,12,,,1,10,,79923,12,0,37,1,10,,79952,12,,,1,50,,79924,12,0,37,1,10,,79953,12,,,1,10,,79925,12,0,37,1,10,,79954,12,,,1,10,,79926,12,0,37,1,10,,79946,12,,,1,50,,79927,12,0,37,1,17,,79928,12,0,37,1,18,,79929,12,0,37,1,60,,79930,12,0,37,1,20,,79931,12,0,37,1,20,,79932,12,0,37,1,60,,79933,12,0,37,1,20,,79934,12,0,37,1,20,,79935,12,0,37,1,60,,79936,12,0,37,1,20,,79937,12,0,37,1,20,,79938,12,0,37,1,60,,79939,12,0,37,1,30,,79940,12,0,37,1,70,,79941,12,0,37,1,30,,79942,12,0,37,1,70,,79943,12,0,37,1,30,,79955,12,,,1
72201,'722-Saturday-1-26-02-0000010',615,,79958,12,0,37,1,30,,80002,12,0,37,1,70,,79961,12,0,37,1,30,,79963,12,0,37,1,70,,79980,12,0,37,1,20,,79977,12,0,37,1,20,,79960,12,0,37,1,59,,79999,12,0,37,1,20,,79956,12,0,37,1,20,,79994,12,0,37,1,60,,79978,12,0,37,1,20,,79981,12,0,37,1,20,,80000,12,0,37,1,60,,79979,12,0,37,1,20,,79957,12,0,37,1,20,,79969,12,0,37,1,60,,79968,12,0,37,1,20,,79967,12,0,37,1,20,,79970,12,0,37,1,60,,79962,12,0,37,1,20,,79985,12,0,37,1,20,,79975,12,0,37,1,60,,79971,12,0,37,1,20,,79959,12,0,37,1,20,,79973,12,0,37,1,60,,80001,12,0,37,1,20,,79991,12,0,37,1,20,,79997,12,0,37,1,60,,79982,12,0,37,1,20,,79993,12,0,37,1,20,,79987,12,0,37,1,61,,79966,12,0,37,1,20,,79984,12,0,37,1,20,,79972,12,0,37,1,60,,79986,12,0,37,1,20,,79998,12,0,37,1,20,,79989,12,0,37,1,60,,79983,12,0,37,1,30,,79974,12,0,37,1,70,,79976,12,0,37,1,30,,79990,12,0,37,1,70,,79995,12,0,37,1,30,,79964,12,0,37,1,70,,79992,12,0,37,1,30,,79965,12,0,37,1,70,,79996,12,0,37,1,30,,79988,12,0,37,1,70,,80003,12,,,1,30,,80004,12,,,1
72201,'722-Sunday-1-26-02-0000001',614,,80040,12,0,37,1,30,,80032,12,0,37,1,70,,80009,12,0,37,1,30,,80027,12,0,37,1,70,,80025,12,0,37,1,30,,80007,12,0,37,1,70,,80024,12,0,37,1,30,,80006,12,0,37,1,70,,80010,12,0,37,1,30,,80013,12,0,37,1,70,,80036,12,0,37,1,30,,80038,12,0,37,1,70,,80015,12,0,37,1,30,,80019,12,0,37,1,70,,80023,12,0,37,1,30,,80029,12,0,37,1,70,,80017,12,0,37,1,30,,80005,12,0,37,1,70,,80008,12,0,37,1,30,,80011,12,0,37,1,70,,80016,12,0,37,1,30,,80039,12,0,37,1,70,,80026,12,0,37,1,30,,80035,12,0,37,1,70,,80030,12,0,37,1,30,,80034,12,0,37,1,70,,80014,12,0,37,1,30,,80021,12,0,37,1,70,,80037,12,0,37,1,30,,80028,12,0,37,1,70,,80018,12,0,37,1,30,,80020,12,0,37,1,70,,80033,12,0,37,1,30,,80012,12,0,37,1,70,,80031,12,0,37,1,30,,80022,12,0,37,1,70,,80041,12,,,1
