5201,'052-Weekday-1-26-02-1111100',617,,20660,56,,,1,30,,20618,56,,,1,76,,20619,56,,,1,25,,20620,56,,,1,57,,20621,56,,,1,15,,20622,56,,,1,15,,20623,56,,,1,15,,20617,56,,,1,53,,20659,56,,,1,14,,20624,56,,,1,18,,20625,56,,,1,70,,20626,56,,,1,30,,20627,56,,,1,70,,20628,56,,,1,30,,20629,56,,,1,70,,20630,56,,,1,30,,20631,56,,,1,70,,20632,56,,,1,30,,20633,56,,,1,70,,20634,56,,,1,30,,20635,56,,,1,71,,20636,56,,,1,24,,20637,56,,,1,7,,20662,23,,,1,8,,20638,56,,,1,58,,20639,56,,,1,15,,20640,56,,,1,14,,20641,56,,,1,15,,20642,56,,,1,55,,20643,56,,,1,15,,20644,56,,,1,15,,20645,56,,,1,14,,20646,56,,,1,63,,20647,56,,,1,28,,20648,56,,,1,63,,20649,56,,,1,29,,20650,56,,,1,30,,20651,56,,,1,70,,20652,56,,,1,30,,20653,56,,,1,70,,20654,56,,,1,29,,20655,56,,,1,68,,20656,56,,,1,99,,20657,56,,,1,100,,20658,56,,,1
5201,'052-Weekday-10-26-02-1111100',617,,20706,56,,,1,30,,20664,56,,,1,76,,20665,56,,,1,25,,20666,56,,,1,57,,20667,56,,,1,15,,20668,56,,,1,15,,20669,56,,,1,15,,20663,56,,,1,53,,20705,56,,,1,14,,20670,56,,,1,18,,20671,56,,,1,70,,20672,56,,,1,30,,20673,56,,,1,70,,20674,56,,,1,30,,20675,56,,,1,70,,20676,56,,,1,30,,20677,56,,,1,70,,20678,56,,,1,30,,20679,56,,,1,70,,20680,56,,,1,30,,20681,56,,,1,71,,20682,56,,,1,24,,20683,56,,,1,7,,20708,23,,,1,8,,20684,56,,,1,58,,20685,56,,,1,15,,20686,56,,,1,14,,20687,56,,,1,15,,20688,56,,,1,55,,20689,56,,,1,15,,20690,56,,,1,15,,20691,56,,,1,14,,20692,56,,,1,63,,20693,56,,,1,28,,20694,56,,,1,63,,20695,56,,,1,29,,20696,56,,,1,30,,20697,56,,,1,70,,20698,56,,,1,30,,20699,56,,,1,70,,20700,56,,,1,29,,20701,56,,,1,68,,20702,56,,,1,99,,20703,56,,,1,100,,20704,56,,,1
5201,'052-Weekday-4-26-02-1111100',617,,20798,56,,,1,30,,20756,56,,,1,76,,20757,56,,,1,25,,20758,56,,,1,57,,20759,56,,,1,15,,20760,56,,,1,15,,20761,56,,,1,15,,20755,56,,,1,53,,20797,56,,,1,14,,20762,56,,,1,18,,20763,56,,,1,70,,20764,56,,,1,30,,20765,56,,,1,70,,20766,56,,,1,30,,20767,56,,,1,70,,20768,56,,,1,30,,20769,56,,,1,70,,20770,56,,,1,30,,20771,56,,,1,70,,20772,56,,,1,30,,20773,56,,,1,71,,20774,56,,,1,24,,20775,56,,,1,15,,20776,56,,,1,58,,20777,56,,,1,15,,20778,56,,,1,14,,20779,56,,,1,15,,20780,56,,,1,55,,20781,56,,,1,15,,20782,56,,,1,15,,20783,56,,,1,14,,20784,56,,,1,63,,20785,56,,,1,28,,20786,56,,,1,63,,20787,56,,,1,29,,20788,56,,,1,30,,20789,56,,,1,70,,20790,56,,,1,30,,20791,56,,,1,70,,20792,56,,,1,29,,20793,56,,,1,68,,20794,56,,,1,99,,20795,56,,,1,100,,20796,56,,,1
5201,'052-Weekday-5-26-02-1111100',617,,20842,56,,,1,30,,20800,56,,,1,76,,20801,56,,,1,25,,20802,56,,,1,57,,20803,56,,,1,15,,20804,56,,,1,15,,20805,56,,,1,15,,20799,56,,,1,53,,20841,56,,,1,14,,20806,56,,,1,18,,20807,56,,,1,70,,20808,56,,,1,30,,20809,56,,,1,70,,20810,56,,,1,30,,20811,56,,,1,70,,20812,56,,,1,30,,20813,56,,,1,70,,20814,56,,,1,30,,20815,56,,,1,70,,20816,56,,,1,30,,20817,56,,,1,71,,20818,56,,,1,24,,20819,56,,,1,7,,20844,23,,,1,8,,20820,56,,,1,58,,20821,56,,,1,15,,20822,56,,,1,14,,20823,56,,,1,15,,20824,56,,,1,55,,20825,56,,,1,15,,20826,56,,,1,15,,20827,56,,,1,14,,20828,56,,,1,63,,20829,56,,,1,28,,20830,56,,,1,63,,20831,56,,,1,29,,20832,56,,,1,30,,20833,56,,,1,70,,20834,56,,,1,30,,20835,56,,,1,70,,20836,56,,,1,29,,20837,56,,,1,68,,20838,56,,,1,99,,20839,56,,,1,100,,20840,56,,,1
5201,'052-Weekday-7-26-02-1111100',617,,20932,56,,,1,30,,20890,56,,,1,76,,20891,56,,,1,25,,20892,56,,,1,57,,20893,56,,,1,15,,20894,56,,,1,15,,20895,56,,,1,15,,20889,56,,,1,53,,20931,56,,,1,14,,20896,56,,,1,18,,20897,56,,,1,70,,20898,56,,,1,30,,20899,56,,,1,70,,20900,56,,,1,30,,20901,56,,,1,70,,20902,56,,,1,30,,20903,56,,,1,70,,20904,56,,,1,30,,20905,56,,,1,70,,20906,56,,,1,30,,20907,56,,,1,71,,20908,56,,,1,24,,20909,56,,,1,15,,20910,56,,,1,58,,20911,56,,,1,15,,20912,56,,,1,14,,20913,56,,,1,15,,20914,56,,,1,55,,20915,56,,,1,15,,20916,56,,,1,15,,20917,56,,,1,14,,20918,56,,,1,63,,20919,56,,,1,28,,20920,56,,,1,63,,20921,56,,,1,29,,20922,56,,,1,30,,20923,56,,,1,70,,20924,56,,,1,30,,20925,56,,,1,70,,20926,56,,,1,29,,20927,56,,,1,68,,20928,56,,,1,99,,20929,56,,,1,100,,20930,56,,,1
5201,'052-Saturday-1-26-02-0000010',703,,21023,56,,,1,100,,21024,56,,,1,100,,21025,56,,,1,33,,21026,56,,,1,69,,21027,56,,,1,30,,21028,56,,,1,70,,21029,56,,,1,30,,21030,56,,,1,70,,21031,56,,,1,30,,21032,56,,,1,70,,21033,56,,,1,30,,21034,56,,,1,70,,21035,56,,,1,30,,21036,56,,,1,70,,21037,56,,,1,30,,21038,56,,,1,70,,21039,56,,,1,30,,21040,56,,,1,70,,21041,56,,,1,27,,21042,56,,,1,69,,21043,56,,,1,30,,21044,56,,,1,70,,21045,56,,,1,30,,21046,56,,,1,70,,21047,56,,,1,100,,21048,56,,,1,100,,21049,56,,,1,100,,21050,56,,,1,100,,21051,56,,,1
5201,'052-Sunday-1-26-02-0000001',801,,21075,56,,,1,100,,21052,56,,,1,103,,21053,56,,,1,100,,21054,56,,,1,30,,21055,56,,,1,70,,21056,56,,,1,30,,21057,56,,,1,70,,21058,56,,,1,30,,21059,56,,,1,70,,21060,56,,,1,30,,21061,56,,,1,70,,21062,56,,,1,30,,21063,56,,,1,70,,21064,56,,,1,30,,21065,56,,,1,74,,21066,56,,,1,31,,21067,56,,,1,70,,21068,56,,,1,30,,21069,56,,,1,70,,21070,56,,,1,30,,21074,56,,,1,70,,21071,56,,,1,100,,21072,56,,,1,100,,21073,56,,,1,100,,21076,56,,,1
67100,'671-Weekday-1-26-02-1111100',750,,61729,7,,,1,74,,61730,7,,,1,5,,61731,7,,,1,11,,61732,7,,,1,2,,61733,7,,,1,5,,61734,7,,,1
67100,'671-Weekday-5-26-02-1111100',750,,61746,7,,,1,74,,61747,7,,,1,5,,61748,7,,,1,11,,61749,7,,,1,2,,61750,7,,,1,5,,61751,7,,,1
67100,'671-Weekday-9-26-02-1111100',750,,61754,7,,,1,74,,61755,7,,,1,5,,61756,7,,,1,11,,61757,7,,,1,2,,61758,7,,,1,5,,61759,7,,,1
67800,'678-Weekday-1-26-02-1111100',752,,61843,3,,,1,49,,61844,3,,,1,23,,61845,3,,,1,12,,61846,3,,,1,2,,61847,3,,,1,2,,61848,3,,,1,2,,61849,3,,,1
67800,'678-Weekday-5-26-02-1111100',752,,61862,3,,,1,49,,61863,3,,,1,23,,61864,3,,,1,12,,61865,3,,,1,2,,61866,3,,,1,2,,61867,3,,,1,2,,61868,3,,,1
67800,'678-Weekday-9-26-02-1111100',752,,61873,3,,,1,49,,61874,3,,,1,23,,61875,3,,,1,12,,61876,3,,,1,2,,61877,3,,,1,2,,61878,3,,,1,2,,61879,3,,,1
67801,'678-Weekday-1-26-02-0001000',1215,,61880,3,,,1,207,3,61881,1,,,1,1,3,61882,1,,,1,1,3,61883,1,,,1
67801,'678-Weekday-1-26-02-1110100',1511,,61884,3,,,1,1,,61885,3,,,1,30,3,61886,1,,,1,1,3,61887,1,,,1,10,3,61888,1,,,1,1,3,61889,1,,,1
67801,'678-Weekday-5-26-02-0000100',1215,,61904,3,,,1
67801,'678-Weekday-5-26-02-0001000',1422,3,61905,1,,,1,1,3,61906,1,,,1,1,3,61907,1,,,1
67801,'678-Weekday-5-26-02-1110100',1542,3,61908,1,,,1,1,3,61909,1,,,1,10,3,61910,1,,,1,1,3,61911,1,,,1
67801,'678-Weekday-5-26-02-1111000',1511,,61912,3,,,1,1,,61913,3,,,1
67801,'678-Weekday-9-26-02-0001000',1215,,61918,3,,,1,207,3,61919,1,,,1,1,3,61920,1,,,1,1,3,61921,1,,,1
