5100,'051-Weekday-10-25-12-1111100',557,,10885,,,1,70,,10886,,,1,75,,10887,,,1,20,,10888,,,1,20,,10908,,,1,60,,10889,,,1,20,,10890,,,1,20,,10909,,,1,17,,10933,,,1,60,,10932,,,1,20,,10931,,,1,20,,10930,,,1,60,,10929,,,1,20,,10928,,,1,20,,10927,,,1,60,,10926,,,1,20,,10925,,,1,20,,10924,,,1,60,,10923,,,1,20,,10922,,,1,20,,10921,,,1,60,,10920,,,1,20,,10919,,,1,20,,10918,,,1,60,,10907,,,1,2,,10917,,,1,18,,10916,,,1,18,,10891,,,1,57,,10910,,,1,16,,10892,,,1,15,,10911,,,1,55,,10893,,,1,15,,10912,,,1,15,,10894,,,1,15,,10913,,,1,55,,10895,,,1,15,,10914,,,1,15,,10896,,,1,15,,10915,,,1,56,,10897,,,1,28,,10898,,,1,26,,10899,,,1,70,,10900,,,1,30,,10901,,,1,70,,10902,,,1,30,,10903,,,1,70,,10904,,,1,30,,10905,,,1,99,,10906,,,1
5100,'051-Weekday-6-25-12-1111100',557,,10934,,,1,70,,10935,,,1,75,,10936,,,1,20,,10937,,,1,20,,10959,,,1,60,,10938,,,1,20,,10939,,,1,20,,10960,,,1,17,,10984,,,1,60,,10983,,,1,20,,10982,,,1,20,,10981,,,1,60,,10980,,,1,20,,10979,,,1,20,,10978,,,1,60,,10977,,,1,20,,10976,,,1,20,,10975,,,1,60,,10974,,,1,20,,10973,,,1,20,,10972,,,1,60,,10971,,,1,20,,10970,,,1,20,,10969,,,1,60,,10956,,,1,2,,10968,,,1,18,,10967,,,1,18,,10940,,,1,54,,10957,,,1,3,,10961,,,1,2,,10958,,,1,14,,10941,,,1,15,,10962,,,1,55,,10942,,,1,15,,10963,,,1,15,,10943,,,1,15,,10964,,,1,55,,10944,,,1,15,,10965,,,1,15,,10945,,,1,15,,10966,,,1,56,,10946,,,1,28,,10947,,,1,26,,10948,,,1,70,,10949,,,1,30,,10950,,,1,70,,10951,,,1,30,,10952,,,1,70,,10953,,,1,30,,10954,,,1,99,,10955,,,1
5100,'051-Saturday-2-25-12-0000010',656,,11098,,,1,99,,11075,,,1,100,,11076,,,1,72,,11077,,,1,32,,11078,,,1,70,,11079,,,1,30,,11080,,,1,70,,11082,,,1,30,,11083,,,1,70,,11084,,,1,30,,11081,,,1,70,,11085,,,1,30,,11086,,,1,70,,11087,,,1,30,,11089,,,1,70,,11090,,,1,30,,11091,,,1,70,,11088,,,1,30,,11092,,,1,69,,11093,,,1,30,,11094,,,1,70,,11095,,,1,30,,11096,,,1,70,,11097,,,1,100,,11099,,,1,100,,11100,,,1
5100,'051-Sunday-3-25-12-0000001',737,,11146,,,1,100,,11147,,,1,101,,11148,,,1,66,,11151,,,1,26,,11127,,,1,70,,11128,,,1,30,,11129,,,1,70,,11130,,,1,30,,11131,,,1,70,,11133,,,1,30,,11134,,,1,70,,11136,,,1,30,,11132,,,1,70,,11137,,,1,30,,11138,,,1,70,,11135,,,1,30,,11139,,,1,70,,11140,,,1,29,,11141,,,1,28,,11142,,,1,70,,11143,,,1,30,,11144,,,1,70,,11145,,,1,100,,11149,,,1,100,,11150,,,1,100,,11152,,,1
5200,'052-Weekday-1-25-12-1111100',607,,11428,,,1,32,,11429,,,1,74,,11430,,,1,22,,11431,,,1,15,,11432,,,1,55,,11433,,,1,15,,11434,,,1,15,,11435,,,1,15,,11436,,,1,55,,11437,,,1,15,,11438,,,1,30,,11439,,,1,70,,11440,,,1,30,,11441,,,1,70,,11442,,,1,30,,11443,,,1,70,,11444,,,1,30,,11445,,,1,70,,11446,,,1,30,,11447,,,1,70,,11448,,,1,30,,11449,,,1,63,,11473,,,1,3,,11450,,,1,16,,11451,,,1,16,,11452,,,1,56,,11453,,,1,17,,11454,,,1,16,,11455,,,1,16,,11456,,,1,55,,11457,,,1,15,,11458,,,1,14,,11459,,,1,13,,11460,,,1,68,,11461,,,1,26,,11462,,,1,68,,11463,,,1,30,,11464,,,1,70,,11465,,,1,30,,11466,,,1,70,,11467,,,1,30,,11468,,,1,69,,11469,,,1,29,,11470,,,1,100,,11471,,,1,100,,11472,,,1
5200,'052-Weekday-5-25-12-1111100',607,,11567,,,1,32,,11568,,,1,74,,11569,,,1,22,,11570,,,1,15,,11571,,,1,55,,11572,,,1,15,,11573,,,1,15,,11574,,,1,15,,11575,,,1,55,,11576,,,1,15,,11577,,,1,30,,11578,,,1,70,,11579,,,1,30,,11580,,,1,70,,11581,,,1,30,,11582,,,1,70,,11583,,,1,30,,11584,,,1,70,,11585,,,1,30,,11586,,,1,70,,11587,,,1,30,,11588,,,1,66,,11589,,,1,16,,11590,,,1,16,,11591,,,1,56,,11592,,,1,17,,11593,,,1,16,,11594,,,1,16,,11595,,,1,55,,11596,,,1,15,,11597,,,1,14,,11598,,,1,13,,11599,,,1,68,,11600,,,1,26,,11601,,,1,68,,11602,,,1,30,,11603,,,1,70,,11604,,,1,30,,11605,,,1,70,,11606,,,1,30,,11607,,,1,69,,11608,,,1,29,,11609,,,1,100,,11610,,,1,100,,11611,,,1
5200,'052-Saturday-1-25-12-0000010',648,,11612,,,1,100,,11613,,,1,82,,11614,,,1,22,,11615,,,1,70,,11616,,,1,32,,11617,,,1,70,,11618,,,1,30,,11619,,,1,70,,11620,,,1,30,,11621,,,1,70,,11622,,,1,30,,11623,,,1,70,,11624,,,1,30,,11625,,,1,70,,11626,,,1,30,,11627,,,1,70,,11629,,,1,30,,11630,,,1,70,,11631,,,1,30,,11628,,,1,74,,11632,,,1,29,,11633,,,1,70,,11634,,,1,30,,11635,,,1,70,,11636,,,1,30,,11637,,,1,95,,11638,,,1,100,,11639,,,1,100,,11640,,,1,100,,11641,,,1
5200,'052-Sunday-1-25-12-0000001',750,,11642,,,1,100,,11643,,,1,103,,11644,,,1,100,,11645,,,1,70,,11646,,,1,30,,11648,,,1,70,,11649,,,1,30,,11650,,,1,70,,11647,,,1,30,,11651,,,1,70,,11653,,,1,30,,11654,,,1,70,,11655,,,1,30,,11652,,,1,70,,11656,,,1,30,,11657,,,1,72,,11658,,,1,30,,11659,,,1,70,,11660,,,1,30,,11661,,,1,70,,11665,,,1,30,,11662,,,1,100,,11663,,,1,100,,11664,,,1,100,,11666,,,1
90701,'907-Weekday-1-25-12-1111100',530,,47914,,,1,70,,47915,,,1,26,,47916,,,1,14,,47917,,,1,15,,47918,,,1,55,,47919,,,1,15,,47920,,,1,15,,47921,,,1,15,,47922,,,1,55,,47923,,,1,15,,47924,,,1,31,,47925,,,1,70,,47926,,,1,30,,47927,,,1,70,,47928,,,1,30,,47929,,,1,70,,47930,,,1,30,,47931,,,1,70,,47932,,,1,30,,47933,,,1,70,,47934,,,1,30,,47935,,,1,70,,47936,,,1,31,,47937,,,1,60,,47938,,,1,17,,47939,,,1,15,,47940,,,1,55,,47941,,,1,15,,47942,,,1,15,,47943,,,1,15,,47944,,,1,55,,47945,,,1,15,,47946,,,1,15,,47947,,,1,67,,47948,,,1,28,,47949,,,1,71,,47950,,,1,30,,47951,,,1,70,,47952,,,1,30,,47953,,,1,70,,47954,,,1,30,,47955,,,1,73,,47956,,,1,100,,47957,,,1,100,,47958,,,1
90701,'907-Weekday-5-25-12-1111100',530,,48049,,,1,70,,48050,,,1,26,,48051,,,1,14,,48052,,,1,15,,48053,,,1,55,,48054,,,1,15,,48055,,,1,15,,48056,,,1,15,,48057,,,1,55,,48058,,,1,15,,48059,,,1,31,,48060,,,1,70,,48061,,,1,30,,48062,,,1,70,,48063,,,1,30,,48064,,,1,70,,48065,,,1,30,,48066,,,1,70,,48067,,,1,30,,48068,,,1,70,,48069,,,1,30,,48070,,,1,70,,48071,,,1,31,,48072,,,1,60,,48073,,,1,17,,48074,,,1,15,,48075,,,1,55,,48076,,,1,15,,48077,,,1,15,,48078,,,1,15,,48079,,,1,55,,48080,,,1,15,,48081,,,1,15,,48082,,,1,67,,48083,,,1,28,,48084,,,1,71,,48085,,,1,30,,48086,,,1,70,,48087,,,1,30,,48088,,,1,70,,48089,,,1,30,,48090,,,1,73,,48091,,,1,100,,48092,,,1,100,,48093,,,1
90701,'907-Saturday-1-25-12-0000010',633,,48094,,,1,100,,48095,,,1,100,,48096,,,1,26,,48097,,,1,70,,48098,,,1,30,,48099,,,1,70,,48100,,,1,30,,48101,,,1,70,,48102,,,1,30,,48103,,,1,70,,48104,,,1,30,,48105,,,1,70,,48106,,,1,30,,48107,,,1,70,,48108,,,1,30,,48109,,,1,70,,48110,,,1,30,,48111,,,1,70,,48112,,,1,73,,48113,,,1,30,,48114,,,1,70,,48115,,,1,30,,48116,,,1,70,,48117,,,1,100,,48118,,,1,100,,48119,,,1,100,,48120,,,1
90701,'907-Sunday-1-25-12-0000001',1031,,48121,,,1,70,,48122,,,1,30,,48123,,,1,70,,48124,,,1,30,,48125,,,1,70,,48126,,,1,30,,48127,,,1,70,,48128,,,1,30,,48129,,,1,70,,48130,,,1,30,,48131,,,1,70,,48132,,,1,30,,48133,,,1,70,,48134,,,1,30,,48135,,,1,70,,48136,,,1,30,,48137,,,1,70,,48138,,,1,30,,48139,,,1
