10600,'106-Weekday-1-26-02-1110100',1524,,29290,16,4,,1,3,,29291,16,4,,1,3,,29292,16,4,,1
10600,'106-Weekday-1-26-02-1111100',601,,29341,38,4,,1,34,,29293,38,4,,1,78,,29294,38,4,,1,21,,29351,38,4,,1,21,,29295,38,4,,1,4,,29350,38,4,,1,52,,29354,17,4,,1,4,,29296,38,4,,1,10,,29297,38,4,,1,10,,29298,38,4,,1,10,,29342,38,4,,1,10,,29299,38,4,,1,49,,29300,38,4,,1,9,,29343,38,4,,1,9,,29301,38,4,,1,10,,29302,38,4,,1,9,,29344,38,4,,1,9,,29303,38,4,,1,58,,29304,38,4,,1,20,,29305,38,4,,1,20,,29306,38,4,,1,60,,29307,38,4,,1,20,,29308,38,4,,1,20,,29309,38,4,,1,60,,29310,38,4,,1,20,,29311,38,4,,1,20,,29312,38,4,,1,60,,29313,38,4,,1,20,,29314,38,4,,1,20,,29315,38,4,,1,60,,29316,38,4,,1,20,,29317,38,4,,1,20,,29318,38,4,,1,60,,29319,38,4,,1,8,,29352,38,4,,1,13,,29320,38,4,,1,8,,29353,38,4,,1,14,,29321,38,4,,1,51,,29322,38,4,,1,10,,29345,38,4,,1,10,,29323,38,4,,1,10,,29324,38,4,,1,10,,29346,38,4,,1,10,,29325,38,4,,1,50,,29326,38,4,,1,10,,29347,38,4,,1,10,,29327,38,4,,1,10,,29328,38,4,,1,10,,29348,38,4,,1,10,,29329,38,4,,1,50,,29330,38,4,,1,10,,29349,38,4,,1,10,,29331,38,4,,1,27,,29332,38,4,,1,66,,29333,38,4,,1,25,,29334,38,4,,1,70,,29335,38,4,,1,30,,29336,38,4,,1,70,,29337,38,4,,1,30,,29338,38,4,,1,69,,29339,38,4,,1,25,,29340,38,4,,1,66,,29356,38,4,,1
10600,'106-Weekday-10-26-02-0001000',1228,,29357,16,4,,1,5,,29358,16,4,,1
10600,'106-Weekday-10-26-02-1111100',601,,29407,38,4,,1,34,,29359,38,4,,1,78,,29360,38,4,,1,21,,29417,38,4,,1,21,,29361,38,4,,1,4,,29416,38,4,,1,52,,29420,17,4,,1,4,,29362,38,4,,1,10,,29363,38,4,,1,10,,29364,38,4,,1,10,,29408,38,4,,1,10,,29365,38,4,,1,49,,29366,38,4,,1,9,,29409,38,4,,1,9,,29367,38,4,,1,10,,29368,38,4,,1,9,,29410,38,4,,1,9,,29369,38,4,,1,58,,29370,38,4,,1,20,,29371,38,4,,1,20,,29372,38,4,,1,60,,29373,38,4,,1,20,,29374,38,4,,1,20,,29375,38,4,,1,60,,29376,38,4,,1,20,,29377,38,4,,1,20,,29378,38,4,,1,60,,29379,38,4,,1,20,,29380,38,4,,1,20,,29381,38,4,,1,60,,29382,38,4,,1,20,,29383,38,4,,1,20,,29384,38,4,,1,60,,29385,38,4,,1,8,,29418,38,4,,1,13,,29386,38,4,,1,8,,29419,38,4,,1,14,,29387,38,4,,1,51,,29388,38,4,,1,10,,29411,38,4,,1,10,,29389,38,4,,1,10,,29390,38,4,,1,10,,29412,38,4,,1,10,,29391,38,4,,1,50,,29392,38,4,,1,10,,29413,38,4,,1,10,,29393,38,4,,1,10,,29394,38,4,,1,10,,29414,38,4,,1,10,,29395,38,4,,1,50,,29396,38,4,,1,10,,29415,38,4,,1,10,,29397,38,4,,1,27,,29398,38,4,,1,66,,29399,38,4,,1,25,,29400,38,4,,1,70,,29401,38,4,,1,30,,29402,38,4,,1,70,,29403,38,4,,1,30,,29404,38,4,,1,69,,29405,38,4,,1,25,,29406,38,4,,1,66,,29422,38,4,,1
10600,'106-Saturday-1-26-02-0000010',605,,29884,38,4,,1,32,,29885,38,4,,1,70,,29886,38,4,,1,30,,29887,38,4,,1,70,,29888,38,4,,1,30,,29889,38,4,,1,71,,29890,38,4,,1,33,,29891,38,4,,1,76,,29892,38,4,,1,30,,29893,38,4,,1,70,,29894,38,4,,1,30,,29895,38,4,,1,70,,29896,38,4,,1,30,,29897,38,4,,1,70,,29898,38,4,,1,30,,29899,38,4,,1,70,,29900,38,4,,1,30,,29901,38,4,,1,70,,29902,38,4,,1,30,,29903,38,4,,1,70,,29904,38,4,,1,30,,29905,38,4,,1,69,,29906,38,4,,1,27,,29907,38,4,,1,69,,29908,38,4,,1,30,,29909,38,4,,1,70,,29910,38,4,,1,30,,29911,38,4,,1,70,,29912,38,4,,1,30,,29913,38,4,,1,70,,29914,38,4,,1,30,,29915,38,4,,1,70,,29916,38,4,,1,30,,29917,38,4,,1,70,,29918,38,4,,1,100,,29919,38,4,,1
10601,'106-Weekday-1-26-02-1111100',530,,29958,1,,,1,70,,29959,1,,,1,30,,29960,1,,,1,20,,29961,1,,,1,50,,29962,1,,,1,10,,29963,1,,,1,10,,30008,1,,,1,10,,29964,1,,,1,10,,29965,1,,,1,2,,30016,1,0,14,1,8,,30017,1,0,14,1,50,,29966,1,,,1,10,,29967,1,,,1,10,,30010,1,,,1,10,,29968,1,,,1,20,,29969,1,,,1,60,,29970,1,,,1,20,,29971,1,,,1,20,,29972,1,,,1,60,,29973,1,,,1,20,,29974,1,,,1,20,,29975,1,,,1,60,,29976,1,,,1,20,,29977,1,,,1,20,,29978,1,,,1,60,,29979,1,,,1,20,,29980,1,,,1,20,,29981,1,,,1,60,,29982,1,,,1,20,,29983,1,,,1,20,,29984,1,,,1,60,,29985,1,,,1,20,,29986,1,,,1,10,,29987,1,,,1,10,,30011,1,,,1,50,,29988,1,,,1,10,,29989,1,,,1,10,,30012,1,,,1,10,,29990,1,,,1,10,,29991,1,,,1,10,,30013,1,,,1,50,,29992,1,,,1,10,,29993,1,,,1,10,,30014,1,,,1,10,,29994,1,,,1,10,,29995,1,,,1,10,,30015,1,,,1,50,,29996,1,,,1,30,,29997,1,,,1,70,,29998,1,,,1,30,,29999,1,,,1,70,,30000,1,,,1,30,,30001,1,,,1,70,,30002,1,,,1,30,,30003,1,,,1,70,,30004,1,,,1,30,,30005,1,,,1,70,,30006,1,,,1,100,,30007,1,,,1,100,,30018,1,,,1
10601,'106-Weekday-10-26-02-1111100',530,,30021,1,,,1,70,,30022,1,,,1,30,,30023,1,,,1,20,,30024,1,,,1,50,,30025,1,,,1,10,,30026,1,,,1,10,,30071,1,,,1,10,,30027,1,,,1,10,,30028,1,,,1,2,,30079,1,0,14,1,8,,30080,1,0,14,1,50,,30029,1,,,1,10,,30030,1,,,1,10,,30073,1,,,1,10,,30031,1,,,1,20,,30032,1,,,1,60,,30033,1,,,1,20,,30034,1,,,1,20,,30035,1,,,1,60,,30036,1,,,1,20,,30037,1,,,1,20,,30038,1,,,1,60,,30039,1,,,1,20,,30040,1,,,1,20,,30041,1,,,1,60,,30042,1,,,1,20,,30043,1,,,1,20,,30044,1,,,1,60,,30045,1,,,1,20,,30046,1,,,1,20,,30047,1,,,1,60,,30048,1,,,1,20,,30049,1,,,1,10,,30050,1,,,1,10,,30074,1,,,1,50,,30051,1,,,1,10,,30052,1,,,1,10,,30075,1,,,1,10,,30053,1,,,1,10,,30054,1,,,1,10,,30076,1,,,1,50,,30055,1,,,1,10,,30056,1,,,1,10,,30077,1,,,1,10,,30057,1,,,1,10,,30058,1,,,1,10,,30078,1,,,1,50,,30059,1,,,1,30,,30060,1,,,1,70,,30061,1,,,1,30,,30062,1,,,1,70,,30063,1,,,1,30,,30064,1,,,1,70,,30065,1,,,1,30,,30066,1,,,1,70,,30067,1,,,1,30,,30068,1,,,1,70,,30069,1,,,1,100,,30070,1,,,1,100,,30081,1,,,1
10601,'106-Saturday-1-26-02-0000010',532,,30514,1,,,1,70,,30515,1,,,1,30,,30516,1,,,1,70,,30517,1,,,1,30,,30518,1,,,1,70,,30519,1,,,1,30,,30520,1,,,1,70,,30521,1,,,1,30,,30522,1,,,1,70,,30523,1,,,1,30,,30524,1,,,1,70,,30525,1,,,1,30,,30526,1,,,1,70,,30527,1,,,1,30,,30528,1,,,1,70,,30529,1,,,1,30,,30530,1,,,1,70,,30531,1,,,1,30,,30532,1,,,1,70,,30533,1,,,1,30,,30534,1,,,1,70,,30535,1,,,1,30,,30536,1,,,1,70,,30537,1,,,1,30,,30538,1,,,1,70,,30539,1,,,1,30,,30540,1,,,1,70,,30541,1,,,1,30,,30542,1,,,1,70,,30543,1,,,1,30,,30544,1,,,1,70,,30545,1,,,1,30,,30546,1,,,1,70,,30547,1,,,1,100,,30548,1,,,1,100,,30549,1,,,1
63301,'633-Weekday-1-26-02-1111100',736,,60998,5,,,1,4,,60999,5,,,1,2,,61000,5,,,1,2,,61001,5,,,1
63301,'633-Weekday-9-26-02-1111100',736,,61018,5,,,1,4,,61019,5,,,1,2,,61020,5,,,1,2,,61021,5,,,1
