12100,'121-Weekday-1-26-02-1110100',1537,,40797,21,0,49,1,80,,40798,21,0,49,1
12100,'121-Weekday-1-26-02-1111100',1520,,40850,21,0,49,1,20,,40851,21,0,49,1,60,,40852,21,0,49,1,20,,40853,21,0,49,1,20,,40854,21,0,49,1,60,,40855,21,0,49,1,20,,40856,21,0,49,1,20,,40857,21,0,49,1,60,,40858,21,0,49,1
12100,'121-Weekday-10-26-02-1111100',1520,,40910,21,0,49,1,20,,40911,21,0,49,1,60,,40912,21,0,49,1,20,,40913,21,0,49,1,20,,40914,21,0,49,1,60,,40915,21,0,49,1,20,,40916,21,0,49,1,20,,40917,21,0,49,1,60,,40918,21,0,49,1
12100,'121-Weekday-11-26-02-1110100',1537,,113694,21,0,49,1,80,,113695,21,0,49,1
12100,'121-Weekday-11-26-02-1111100',1520,,113747,21,0,49,1,20,,113748,21,0,49,1,60,,113749,21,0,49,1,20,,113750,21,0,49,1,20,,113751,21,0,49,1,60,,113752,21,0,49,1,20,,113753,21,0,49,1,20,,113754,21,0,49,1,60,,113755,21,0,49,1
12101,'121-Weekday-1-26-02-1111100',529,,41439,6,,,1,30,,41468,6,,,1,61,,41470,7,,,1,8,,41417,6,,,1,12,,41469,7,,,1,8,,41418,6,,,1,52,,41471,7,,,1,8,,41419,6,,,1,12,,41472,7,,,1,8,,41420,6,,,1,6,,41477,7,,,1,6,,41474,7,,,1,8,,41421,6,,,1,8,,41478,7,,,1,44,,41476,7,,,1,8,,41422,6,,,1,12,,41473,7,,,1,8,,41423,6,,,1,12,,41475,7,,,1,18,,41424,6,,,1,71,,41425,6,,,1,20,,41426,6,,,1,60,,41427,6,,,1,20,,41428,6,,,1,20,,41429,6,,,1,60,,41430,6,,,1,20,,41431,6,,,1,20,,41432,6,,,1,60,,41433,6,,,1,20,,41434,6,,,1,20,,41435,6,,,1,60,,41436,6,,,1,20,,41437,6,,,1,20,,41438,6,,,1,61,,41440,10,,,1,20,,41441,10,,,1,20,,41442,10,,,1,61,,41443,10,,,1,21,,41444,10,,,1,20,,41445,10,,,1,60,,41446,10,,,1,20,,41447,10,,,1,20,,41448,10,,,1,60,,41449,10,,,1,20,,41450,10,,,1,20,,41451,10,,,1,60,,41452,10,,,1,20,,41453,10,,,1,19,,41466,10,,,1,58,,41454,10,,,1,20,,41455,10,,,1,20,,41456,10,,,1,60,,41457,10,,,1,20,,41458,10,,,1,20,,41459,10,,,1,60,,41460,10,,,1,20,,41461,10,,,1,20,,41462,10,,,1,60,,41467,10,,,1,18,,41463,10,,,1,100,,41464,10,,,1,100,,41465,10,,,1
12101,'121-Weekday-10-26-02-1111100',529,,41501,6,,,1,30,,41530,6,,,1,61,,41532,7,,,1,8,,41479,6,,,1,12,,41531,7,,,1,8,,41480,6,,,1,52,,41533,7,,,1,8,,41481,6,,,1,12,,41534,7,,,1,8,,41482,6,,,1,6,,41539,7,,,1,6,,41536,7,,,1,8,,41483,6,,,1,8,,41540,7,,,1,44,,41538,7,,,1,8,,41484,6,,,1,12,,41535,7,,,1,8,,41485,6,,,1,12,,41537,7,,,1,18,,41486,6,,,1,71,,41487,6,,,1,20,,41488,6,,,1,60,,41489,6,,,1,20,,41490,6,,,1,20,,41491,6,,,1,60,,41492,6,,,1,20,,41493,6,,,1,20,,41494,6,,,1,60,,41495,6,,,1,20,,41496,6,,,1,20,,41497,6,,,1,60,,41498,6,,,1,20,,41499,6,,,1,20,,41500,6,,,1,61,,41502,10,,,1,20,,41503,10,,,1,20,,41504,10,,,1,61,,41505,10,,,1,21,,41506,10,,,1,20,,41507,10,,,1,60,,41508,10,,,1,20,,41509,10,,,1,20,,41510,10,,,1,60,,41511,10,,,1,20,,41512,10,,,1,20,,41513,10,,,1,60,,41514,10,,,1,20,,41515,10,,,1,19,,41528,10,,,1,58,,41516,10,,,1,20,,41517,10,,,1,20,,41518,10,,,1,60,,41519,10,,,1,20,,41520,10,,,1,20,,41521,10,,,1,60,,41522,10,,,1,20,,41523,10,,,1,20,,41524,10,,,1,60,,41529,10,,,1,18,,41525,10,,,1,100,,41526,10,,,1,100,,41527,10,,,1
12101,'121-Weekday-11-26-02-1111100',529,,113805,6,,,1,30,,113834,6,,,1,61,,113836,7,,,1,8,,113783,6,,,1,12,,113835,7,,,1,8,,113784,6,,,1,52,,113837,7,,,1,8,,113785,6,,,1,12,,113838,7,,,1,8,,113786,6,,,1,6,,113843,7,,,1,6,,113840,7,,,1,8,,113787,6,,,1,8,,113844,7,,,1,44,,113842,7,,,1,8,,113788,6,,,1,12,,113839,7,,,1,8,,113789,6,,,1,12,,113841,7,,,1,18,,113790,6,,,1,71,,113791,6,,,1,20,,113792,6,,,1,60,,113793,6,,,1,20,,113794,6,,,1,20,,113795,6,,,1,60,,113796,6,,,1,20,,113797,6,,,1,20,,113798,6,,,1,60,,113799,6,,,1,20,,113800,6,,,1,20,,113801,6,,,1,60,,113802,6,,,1,20,,113803,6,,,1,20,,113804,6,,,1,61,,113806,10,,,1,20,,113807,10,,,1,20,,113808,10,,,1,61,,113809,10,,,1,21,,113810,10,,,1,20,,113811,10,,,1,60,,113812,10,,,1,20,,113813,10,,,1,20,,113814,10,,,1,60,,113815,10,,,1,20,,113816,10,,,1,20,,113817,10,,,1,60,,113818,10,,,1,20,,113819,10,,,1,19,,113832,10,,,1,58,,113820,10,,,1,20,,113821,10,,,1,20,,113822,10,,,1,60,,113823,10,,,1,20,,113824,10,,,1,20,,113825,10,,,1,60,,113826,10,,,1,20,,113827,10,,,1,20,,113828,10,,,1,60,,113833,10,,,1,18,,113829,10,,,1,100,,113830,10,,,1,100,,113831,10,,,1
12101,'121-Saturday-1-26-02-0000010',629,,41971,6,,,1,100,,41972,6,,,1,100,,41973,6,,,1,20,,41975,6,,,1,61,,42001,6,,,1,21,,41976,6,,,1,20,,41977,6,,,1,60,,42002,6,,,1,20,,41978,6,,,1,20,,41979,6,,,1,60,,42003,6,,,1,20,,41980,6,,,1,20,,41981,6,,,1,60,,42004,6,,,1,20,,41983,6,,,1,20,,41984,6,,,1,60,,42005,6,,,1,20,,41985,6,,,1,20,,41982,6,,,1,60,,42006,6,,,1,20,,41986,10,,,1,20,,41987,10,,,1,60,,42007,10,,,1,20,,41988,10,,,1,20,,41989,10,,,1,60,,42008,10,,,1,20,,41990,10,,,1,20,,41991,10,,,1,60,,42009,10,,,1,20,,41992,10,,,1,20,,41993,10,,,1,60,,42010,10,,,1,20,,41994,10,,,1,20,,41995,10,,,1,60,,42011,10,,,1,20,,41996,10,,,1,100,,41997,10,,,1,100,,41998,10,,,1,100,,41999,10,,,1,100,,41974,10,,,1,100,,42000,10,,,1
12101,'121-Sunday-2-26-02-0000001',628,,113845,6,,,1,100,,113846,6,,,1,100,,113847,6,,,1,103,,113848,6,,,1,100,,113849,6,,,1,70,,113850,6,,,1,30,,113851,6,,,1,70,,113852,6,,,1,30,,113853,6,,,1,70,,113855,6,,,1,30,,113856,6,,,1,70,,113857,6,,,1,30,,113854,10,,,1,70,,113858,10,,,1,30,,113859,10,,,1,70,,113860,10,,,1,30,,113861,10,,,1,70,,113862,10,,,1,27,,113863,10,,,1,30,,113864,10,,,1,70,,113865,10,,,1,30,,113866,10,,,1,70,,113867,10,,,1,100,,113868,10,,,1,100,,113869,10,,,1,100,,113870,10,,,1,100,,113871,10,,,1
