5200,'052-Weekday-1-26-06-1111100',553,,166832,15,,,1,70,,166833,15,,,1,32,,166834,15,,,1,60,,166835,15,,,1,20,,166836,15,,,1,20,,166837,15,,,1,60,,166838,15,,,1,23,,166839,15,,,1,64,,166840,15,,,1,30,,166841,15,,,1,70,,166842,15,,,1,30,,166843,15,,,1,70,,166844,15,,,1,30,,166845,15,,,1,70,,166846,15,,,1,30,,166847,15,,,1,70,,166848,15,,,1,30,,166849,15,,,1,70,,166850,15,,,1,31,,166851,15,,,1,24,,166852,15,,,1,57,,166853,15,,,1,16,,166854,15,,,1,15,,166855,15,,,1,56,,166856,15,,,1,16,,166857,15,,,1,13,,166858,15,,,1,13,,166859,15,,,1,15,,166860,15,,,1,55,,166861,15,,,1,15,,166862,15,,,1,30,,166863,15,,,1,70,,166864,15,,,1,29,,166865,15,,,1,70,,166866,15,,,1,30,,166867,15,,,1,70,,166868,15,,,1,30,,166869,15,,,1,70,,166870,15,,,1,30,,166871,15,,,1,69,,166872,15,,,1,100,,166873,15,,,1,100,,166874,15,,,1
5200,'052-Weekday-2-26-06-1111100',553,,191540,15,,,1,70,,191541,15,,,1,32,,191542,15,,,1,60,,191543,15,,,1,20,,191544,15,,,1,20,,191545,15,,,1,60,,191546,15,,,1,23,,191547,15,,,1,64,,191548,15,,,1,30,,191549,15,,,1,70,,191550,15,,,1,30,,191551,15,,,1,70,,191552,15,,,1,30,,191553,15,,,1,70,,191554,15,,,1,30,,191555,15,,,1,70,,191556,15,,,1,30,,191557,15,,,1,70,,191558,15,,,1,31,,191559,15,,,1,24,,191560,15,,,1,57,,191561,15,,,1,16,,191562,15,,,1,15,,191563,15,,,1,56,,191564,15,,,1,16,,191565,15,,,1,13,,191566,15,,,1,13,,191567,15,,,1,15,,191568,15,,,1,55,,191569,15,,,1,15,,191570,15,,,1,30,,191571,15,,,1,70,,191572,15,,,1,29,,191573,15,,,1,70,,191574,15,,,1,30,,191575,15,,,1,70,,191576,15,,,1,30,,191577,15,,,1,70,,191578,15,,,1,30,,191579,15,,,1,69,,191580,15,,,1,100,,191581,15,,,1,100,,191582,15,,,1
5200,'052-Saturday-1-26-06-0000010',633,,166875,15,,,1,100,,166876,15,,,1,82,,166877,15,,,1,22,,166878,15,,,1,68,,166879,15,,,1,31,,166880,15,,,1,70,,166881,15,,,1,30,,166882,15,,,1,70,,166883,15,,,1,30,,166884,15,,,1,70,,166885,15,,,1,30,,166886,15,,,1,70,,166887,15,,,1,30,,166888,15,,,1,70,,166889,15,,,1,30,,166890,15,,,1,70,,166892,15,,,1,30,,166893,15,,,1,70,,166894,15,,,1,30,,166891,15,,,1,75,,166895,15,,,1,30,,166896,15,,,1,70,,166897,15,,,1,30,,166898,15,,,1,70,,166899,15,,,1,30,,166900,15,,,1,95,,166901,15,,,1,100,,166902,15,,,1,100,,166903,15,,,1,100,,166904,15,,,1
5200,'052-Sunday-1-26-06-0000001',735,,166905,15,,,1,100,,166906,15,,,1,100,,166907,15,,,1,100,,166908,15,,,1,70,,166909,15,,,1,30,,166911,15,,,1,70,,166912,15,,,1,30,,166913,15,,,1,70,,166910,15,,,1,30,,166914,15,,,1,70,,166916,15,,,1,30,,166917,15,,,1,70,,166918,15,,,1,30,,166915,15,,,1,70,,166919,15,,,1,30,,166920,15,,,1,73,,166921,15,,,1,30,,166922,15,,,1,70,,166923,15,,,1,30,,166924,15,,,1,70,,166928,15,,,1,30,,166925,15,,,1,100,,166926,15,,,1,100,,166927,15,,,1,100,,166929,15,,,1
5200,'052-Sunday-3-26-06-0000001',735,,191583,15,,,1,100,,191584,15,,,1,100,,191585,15,,,1,100,,191586,15,,,1,70,,191587,15,,,1,30,,191589,15,,,1,70,,191590,15,,,1,30,,191591,15,,,1,70,,191588,15,,,1,30,,191592,15,,,1,70,,191594,15,,,1,30,,191595,15,,,1,70,,191596,15,,,1,30,,191593,15,,,1,70,,191597,15,,,1,30,,191598,15,,,1,73,,191599,15,,,1,30,,191600,15,,,1,70,,191601,15,,,1,30,,191602,15,,,1,70,,191606,15,,,1,30,,191603,15,,,1,100,,191604,15,,,1,100,,191605,15,,,1,100,,191607,15,,,1
90801,'908-Weekday-1-26-06-1111100',625,,183901,31,,,1,32,,183902,31,,,1,70,,183903,31,,,1,30,,183904,31,,,1,70,,183905,31,,,1,30,,183906,31,,,1,702,,183907,31,,,1,70,,183908,31,,,1,30,,183909,31,,,1,70,,183910,31,,,1,30,,183911,31,,,1,70,,183912,31,,,1
90801,'908-Weekday-2-26-06-1111100',625,,200865,31,,,1,32,,200866,31,,,1,70,,200867,31,,,1,30,,200868,31,,,1,70,,200869,31,,,1,30,,200870,31,,,1,702,,200871,31,,,1,70,,200872,31,,,1,30,,200873,31,,,1,70,,200874,31,,,1,30,,200875,31,,,1,70,,200876,31,,,1
90901,'909-Weekday-1-26-06-1111100',559,,184000,21,,,1,70,,184032,21,,,1,75,,184001,21,,,1,30,,184002,21,,,1,70,,184003,21,,,1,30,,184004,21,,,1,21,,184033,21,,,1,69,,184005,21,,,1,30,,184006,21,,,1,70,,184007,21,,,1,30,,184008,21,,,1,70,,184009,21,,,1,30,,184010,21,,,1,70,,184011,21,,,1,30,,184012,21,,,1,70,,184013,21,,,1,30,,184014,21,,,1,70,,184015,21,,,1,29,,184016,21,,,1,71,,184017,21,,,1,30,,184018,21,,,1,70,,184019,21,,,1,30,,184020,21,,,1,70,,184021,21,,,1,30,,184022,21,,,1,72,,184023,21,,,1,28,,184024,21,,,1,70,,184025,21,,,1,30,,184026,21,,,1,70,,184027,21,,,1,30,,184028,21,,,1,70,,184029,21,,,1,28,,184034,21,,,1,98,,184030,21,,,1,100,,184031,21,,,1
90901,'909-Weekday-2-26-06-1111100',559,,200937,21,,,1,70,,200969,21,,,1,75,,200938,21,,,1,30,,200939,21,,,1,70,,200940,21,,,1,30,,200941,21,,,1,21,,200970,21,,,1,69,,200942,21,,,1,30,,200943,21,,,1,70,,200944,21,,,1,30,,200945,21,,,1,70,,200946,21,,,1,30,,200947,21,,,1,70,,200948,21,,,1,30,,200949,21,,,1,70,,200950,21,,,1,30,,200951,21,,,1,70,,200952,21,,,1,29,,200953,21,,,1,71,,200954,21,,,1,30,,200955,21,,,1,70,,200956,21,,,1,30,,200957,21,,,1,70,,200958,21,,,1,30,,200959,21,,,1,72,,200960,21,,,1,28,,200961,21,,,1,70,,200962,21,,,1,30,,200963,21,,,1,70,,200964,21,,,1,30,,200965,21,,,1,70,,200966,21,,,1,28,,200971,21,,,1,98,,200967,21,,,1,100,,200968,21,,,1
90901,'909-Saturday-1-26-06-0000010',723,,184035,21,,,1,100,,184036,21,,,1,30,,184037,21,,,1,74,,184038,21,,,1,30,,184039,21,,,1,70,,184040,21,,,1,30,,184041,21,,,1,70,,184042,21,,,1,30,,184043,21,,,1,70,,184044,21,,,1,30,,184045,21,,,1,70,,184046,21,,,1,30,,184047,21,,,1,70,,184048,21,,,1,30,,184049,21,,,1,70,,184050,21,,,1,30,,184051,21,,,1,70,,184052,21,,,1,30,,184053,21,,,1,69,,184054,21,,,1,30,,184055,21,,,1,70,,184056,21,,,1,30,,184057,21,,,1,70,,184058,21,,,1,100,,184059,21,,,1,100,,184060,21,,,1,100,,184061,21,,,1
90901,'909-Sunday-1-26-06-0000001',625,,184062,21,,,1,100,,184063,21,,,1,100,,184064,21,,,1,103,,184065,21,,,1,100,,184066,21,,,1,30,,184067,21,,,1,70,,184068,21,,,1,30,,184069,21,,,1,70,,184070,21,,,1,30,,184071,21,,,1,70,,184072,21,,,1,30,,184073,21,,,1,70,,184074,21,,,1,30,,184075,21,,,1,70,,184076,21,,,1,30,,184077,21,,,1,70,,184078,21,,,1,30,,184079,21,,,1,68,,184080,21,,,1,30,,184081,21,,,1,70,,184082,21,,,1,30,,184083,21,,,1,70,,184085,21,,,1,100,,184084,21,,,1
90901,'909-Sunday-2-26-06-0000001',625,,200972,21,,,1,100,,200973,21,,,1,100,,200974,21,,,1,103,,200975,21,,,1,100,,200976,21,,,1,30,,200977,21,,,1,70,,200978,21,,,1,30,,200979,21,,,1,70,,200980,21,,,1,30,,200981,21,,,1,70,,200982,21,,,1,30,,200983,21,,,1,70,,200984,21,,,1,30,,200985,21,,,1,70,,200986,21,,,1,30,,200987,21,,,1,70,,200988,21,,,1,30,,200989,21,,,1,68,,200990,21,,,1,30,,200991,21,,,1,70,,200992,21,,,1,30,,200993,21,,,1,70,,200995,21,,,1,100,,200994,21,,,1
91200,'912-Weekday-1-26-06-1111100',552,,184086,14,,,1,70,,184087,14,,,1,29,,184088,14,,,1,70,,184089,14,,,1,30,,184090,14,,,1,70,,184091,14,,,1,30,,184092,14,,,1,69,,184093,14,,,1,30,,184094,14,,,1,70,,184095,14,,,1,30,,184096,14,,,1,70,,184097,14,,,1,30,,184098,14,,,1,70,,184099,14,,,1,30,,184100,14,,,1,70,,184101,14,,,1,30,,184102,14,,,1,70,,184103,14,,,1,30,,184104,14,,,1,74,,184105,14,,,1,30,,184106,14,,,1,70,,184107,14,,,1,30,,184108,14,,,1,70,,184109,14,,,1,30,,184110,14,,,1,70,,184111,14,,,1,25,,184112,14,,,1,70,,184113,14,,,1,30,,184114,14,,,1,70,,184115,14,,,1,30,,184116,14,,,1,70,,184117,14,,,1,30,,184118,14,,,1,69,,184119,14,,,1
91200,'912-Weekday-2-26-06-1111100',552,,200996,14,,,1,70,,200997,14,,,1,29,,200998,14,,,1,70,,200999,14,,,1,30,,201000,14,,,1,70,,201001,14,,,1,30,,201002,14,,,1,69,,201003,14,,,1,30,,201004,14,,,1,70,,201005,14,,,1,30,,201006,14,,,1,70,,201007,14,,,1,30,,201008,14,,,1,70,,201009,14,,,1,30,,201010,14,,,1,70,,201011,14,,,1,30,,201012,14,,,1,70,,201013,14,,,1,30,,201014,14,,,1,74,,201015,14,,,1,30,,201016,14,,,1,70,,201017,14,,,1,30,,201018,14,,,1,70,,201019,14,,,1,30,,201020,14,,,1,70,,201021,14,,,1,25,,201022,14,,,1,70,,201023,14,,,1,30,,201024,14,,,1,70,,201025,14,,,1,30,,201026,14,,,1,70,,201027,14,,,1,30,,201028,14,,,1,69,,201029,14,,,1
91200,'912-Saturday-1-26-06-0000010',800,,184121,14,,,1,30,,184122,14,,,1,70,,184120,14,,,1,44,,184123,14,,,1,70,,184124,14,,,1,30,,184125,14,,,1,70,,184126,14,,,1,30,,184127,14,,,1,70,,184128,14,,,1,30,,184129,14,,,1,70,,184130,14,,,1,30,,184131,14,,,1,70,,184132,14,,,1,30,,184133,14,,,1,70,,184134,14,,,1,30,,184135,14,,,1,70,,184136,14,,,1,30,,184137,14,,,1,70,,184138,14,,,1,31,,184139,14,,,1,70,,184140,14,,,1,30,,184141,14,,,1,70,,184142,14,,,1
91200,'912-Sunday-1-26-06-0000001',1014,,184144,14,,,1,30,,184145,14,,,1,70,,184143,14,,,1,30,,184146,14,,,1,70,,184147,14,,,1,30,,184148,14,,,1,70,,184149,14,,,1,30,,184150,14,,,1,70,,184151,14,,,1,30,,184152,14,,,1,70,,184153,14,,,1,30,,184154,14,,,1,70,,184155,14,,,1,30,,184156,14,,,1,70,,184157,14,,,1,30,,184158,14,,,1,70,,184159,14,,,1,30,,184160,14,,,1,70,,184161,14,,,1
91200,'912-Sunday-2-26-06-0000001',1014,,201031,14,,,1,30,,201032,14,,,1,70,,201030,14,,,1,30,,201033,14,,,1,70,,201034,14,,,1,30,,201035,14,,,1,70,,201036,14,,,1,30,,201037,14,,,1,70,,201038,14,,,1,30,,201039,14,,,1,70,,201040,14,,,1,30,,201041,14,,,1,70,,201042,14,,,1,30,,201043,14,,,1,70,,201044,14,,,1,30,,201045,14,,,1,70,,201046,14,,,1,30,,201047,14,,,1,70,,201048,14,,,1
91400,'914-Weekday-1-26-06-1111100',550,,184368,29,,,1,70,,184369,29,,,1,34,,184406,29,,,1,60,,184370,29,,,1,20,,184371,29,,,1,20,,184372,29,,,1,60,,184373,29,,,1,20,,184374,29,,,1,20,,184388,29,,,1,69,,184375,29,,,1,30,,184376,29,,,1,70,,184377,29,,,1,30,,184378,29,,,1,70,,184379,29,,,1,30,,184380,29,,,1,70,,184381,29,,,1,30,,184382,29,,,1,70,,184383,29,,,1,30,,184384,29,,,1,70,,184385,29,,,1,30,,184386,29,,,1,74,,184387,29,,,1,30,,184407,29,,,1,60,,184389,29,,,1,20,,184390,29,,,1,20,,184391,29,,,1,60,,184392,29,,,1,20,,184393,29,,,1,20,,184402,29,,,1,70,,184394,29,,,1,26,,184395,29,,,1,70,,184396,29,,,1,30,,184397,29,,,1,70,,184398,29,,,1,30,,184399,29,,,1,70,,184400,29,,,1,30,,184401,29,,,1,67,,184405,29,,,1,100,,184403,29,,,1,100,,184404,29,,,1
91400,'914-Weekday-2-26-06-1111100',550,,201173,29,,,1,70,,201174,29,,,1,34,,201211,29,,,1,60,,201175,29,,,1,20,,201176,29,,,1,20,,201177,29,,,1,60,,201178,29,,,1,20,,201179,29,,,1,20,,201193,29,,,1,69,,201180,29,,,1,30,,201181,29,,,1,70,,201182,29,,,1,30,,201183,29,,,1,70,,201184,29,,,1,30,,201185,29,,,1,70,,201186,29,,,1,30,,201187,29,,,1,70,,201188,29,,,1,30,,201189,29,,,1,70,,201190,29,,,1,30,,201191,29,,,1,74,,201192,29,,,1,30,,201212,29,,,1,60,,201194,29,,,1,20,,201195,29,,,1,20,,201196,29,,,1,60,,201197,29,,,1,20,,201198,29,,,1,20,,201207,29,,,1,70,,201199,29,,,1,26,,201200,29,,,1,70,,201201,29,,,1,30,,201202,29,,,1,70,,201203,29,,,1,30,,201204,29,,,1,70,,201205,29,,,1,30,,201206,29,,,1,67,,201210,29,,,1,100,,201208,29,,,1,100,,201209,29,,,1
91400,'914-Saturday-1-26-06-0000010',720,,184408,29,,,1,100,,184409,29,,,1,30,,184410,29,,,1,73,,184411,29,,,1,30,,184412,29,,,1,70,,184413,29,,,1,30,,184414,29,,,1,70,,184415,29,,,1,30,,184416,29,,,1,70,,184417,29,,,1,30,,184418,29,,,1,70,,184419,29,,,1,30,,184420,29,,,1,70,,184421,29,,,1,30,,184422,29,,,1,70,,184423,29,,,1,30,,184424,29,,,1,70,,184425,29,,,1,30,,184426,29,,,1,69,,184427,29,,,1,30,,184428,29,,,1,70,,184429,29,,,1,30,,184430,29,,,1,100,,184431,29,,,1,100,,184432,29,,,1,100,,184433,29,,,1,100,,184434,29,,,1
91400,'914-Sunday-1-26-06-0000001',720,,184435,29,,,1,100,,184436,29,,,1,99,,184437,29,,,1,103,,184438,29,,,1,100,,184439,29,,,1,30,,184440,29,,,1,70,,184441,29,,,1,30,,184442,29,,,1,70,,184443,29,,,1,30,,184444,29,,,1,70,,184445,29,,,1,30,,184446,29,,,1,70,,184447,29,,,1,30,,184448,29,,,1,70,,184449,29,,,1,30,,184450,29,,,1,70,,184451,29,,,1,28,,184452,29,,,1,70,,184453,29,,,1,30,,184454,29,,,1,100,,184455,29,,,1,100,,184456,29,,,1
91400,'914-Sunday-2-26-06-0000001',720,,201213,29,,,1,100,,201214,29,,,1,99,,201215,29,,,1,103,,201216,29,,,1,100,,201217,29,,,1,30,,201218,29,,,1,70,,201219,29,,,1,30,,201220,29,,,1,70,,201221,29,,,1,30,,201222,29,,,1,70,,201223,29,,,1,30,,201224,29,,,1,70,,201225,29,,,1,30,,201226,29,,,1,70,,201227,29,,,1,30,,201228,29,,,1,70,,201229,29,,,1,28,,201230,29,,,1,70,,201231,29,,,1,30,,201232,29,,,1,100,,201233,29,,,1,100,,201234,29,,,1
91500,'915-Weekday-1-26-06-1111100',543,,184546,21,,,1,70,,184547,21,,,1,34,,184589,21,,,1,55,,184548,21,,,1,15,,184587,21,,,1,15,,184549,21,,,1,15,,184550,21,,,1,55,,184551,21,,,1,15,,184552,21,,,1,15,,184553,21,,,1,14,,184588,21,,,1,69,,184554,21,,,1,30,,184555,21,,,1,70,,184556,21,,,1,30,,184557,21,,,1,70,,184558,21,,,1,30,,184559,21,,,1,70,,184560,21,,,1,30,,184561,21,,,1,70,,184562,21,,,1,30,,184563,21,,,1,70,,184564,21,,,1,30,,184565,21,,,1,75,,184566,21,,,1,16,,184567,21,,,1,15,,184568,21,,,1,55,,184569,21,,,1,15,,184570,21,,,1,15,,184571,21,,,1,15,,184572,21,,,1,55,,184573,21,,,1,15,,184574,21,,,1,15,,184575,21,,,1,14,,184584,21,,,1,70,,184576,21,,,1,24,,184577,21,,,1,69,,184578,21,,,1,30,,184579,21,,,1,70,,184580,21,,,1,30,,184581,21,,,1,70,,184582,21,,,1,30,,184583,21,,,1,69,,184590,21,,,1,100,,184585,21,,,1,100,,184586,21,,,1
91500,'915-Weekday-6-26-06-1111100',543,,201297,21,,,1,70,,201298,21,,,1,34,,201340,21,,,1,55,,201299,21,,,1,15,,201338,21,,,1,15,,201300,21,,,1,15,,201301,21,,,1,55,,201302,21,,,1,15,,201303,21,,,1,15,,201304,21,,,1,14,,201339,21,,,1,69,,201305,21,,,1,30,,201306,21,,,1,70,,201307,21,,,1,30,,201308,21,,,1,70,,201309,21,,,1,30,,201310,21,,,1,70,,201311,21,,,1,30,,201312,21,,,1,70,,201313,21,,,1,30,,201314,21,,,1,70,,201315,21,,,1,30,,201316,21,,,1,75,,201317,21,,,1,16,,201318,21,,,1,15,,201319,21,,,1,55,,201320,21,,,1,15,,201321,21,,,1,15,,201322,21,,,1,15,,201323,21,,,1,55,,201324,21,,,1,15,,201325,21,,,1,15,,201326,21,,,1,14,,201335,21,,,1,70,,201327,21,,,1,24,,201328,21,,,1,69,,201329,21,,,1,30,,201330,21,,,1,70,,201331,21,,,1,30,,201332,21,,,1,70,,201333,21,,,1,30,,201334,21,,,1,69,,201341,21,,,1,100,,201336,21,,,1,100,,201337,21,,,1
91500,'915-Saturday-1-26-06-0000010',600,,184591,21,,,1,100,,184592,21,,,1,100,,184593,21,,,1,30,,184594,21,,,1,71,,184595,21,,,1,33,,184596,21,,,1,70,,184597,21,,,1,30,,184598,21,,,1,70,,184599,21,,,1,30,,184600,21,,,1,70,,184601,21,,,1,30,,184602,21,,,1,70,,184603,21,,,1,30,,184604,21,,,1,70,,184605,21,,,1,30,,184606,21,,,1,70,,184607,21,,,1,30,,184608,21,,,1,70,,184609,21,,,1,30,,184610,21,,,1,70,,184611,21,,,1,29,,184612,21,,,1,70,,184613,21,,,1,30,,184614,21,,,1,70,,184615,21,,,1,30,,184616,21,,,1,70,,184617,21,,,1,30,,184618,21,,,1,70,,184619,21,,,1,30,,184620,21,,,1,70,,184621,21,,,1,100,,184622,21,,,1,100,,184623,21,,,1
91500,'915-Sunday-1-26-06-0000001',630,,184624,21,,,1,100,,184625,21,,,1,100,,184626,21,,,1,104,,184627,21,,,1,101,,184628,21,,,1,75,,184629,21,,,1,30,,184630,21,,,1,70,,184631,21,,,1,30,,184632,21,,,1,70,,184633,21,,,1,30,,184634,21,,,1,70,,184635,21,,,1,30,,184636,21,,,1,70,,184637,21,,,1,30,,184638,21,,,1,70,,184639,21,,,1,30,,184640,21,,,1,69,,184641,21,,,1,30,,184642,21,,,1,70,,184643,21,,,1,28,,184644,21,,,1,70,,184645,21,,,1,30,,184646,21,,,1,70,,184647,21,,,1,30,,184648,21,,,1,70,,184649,21,,,1,30,,184650,21,,,1,96,,184651,21,,,1,100,,184652,21,,,1,100,,184653,21,,,1
91500,'915-Sunday-2-26-06-0000001',630,,201342,21,,,1,100,,201343,21,,,1,100,,201344,21,,,1,104,,201345,21,,,1,101,,201346,21,,,1,75,,201347,21,,,1,30,,201348,21,,,1,70,,201349,21,,,1,30,,201350,21,,,1,70,,201351,21,,,1,30,,201352,21,,,1,70,,201353,21,,,1,30,,201354,21,,,1,70,,201355,21,,,1,30,,201356,21,,,1,70,,201357,21,,,1,30,,201358,21,,,1,69,,201359,21,,,1,30,,201360,21,,,1,70,,201361,21,,,1,28,,201362,21,,,1,70,,201363,21,,,1,30,,201364,21,,,1,70,,201365,21,,,1,30,,201366,21,,,1,70,,201367,21,,,1,30,,201368,21,,,1,96,,201369,21,,,1,100,,201370,21,,,1,100,,201371,21,,,1
92100,'921-Weekday-1-26-06-1111100',556,,185550,22,,,1,70,,185551,22,,,1,32,,185552,22,,,1,65,,185553,22,,,1,20,,185554,22,,,1,60,,185555,22,,,1,20,,185556,22,,,1,20,,185557,22,,,1,60,,185558,22,,,1,24,,185559,22,,,1,30,,185560,22,,,1,70,,185561,22,,,1,30,,185562,22,,,1,70,,185563,22,,,1,30,,185564,22,,,1,70,,185565,22,,,1,30,,185566,22,,,1,70,,185567,22,,,1,30,,185568,22,,,1,70,,185569,22,,,1,30,,185570,22,,,1,74,,185571,22,,,1,73,,185572,22,,,1,20,,185573,22,,,1,20,,185574,22,,,1,60,,185575,22,,,1,20,,185576,22,,,1,20,,185577,22,,,1,60,,185578,22,,,1,20,,185579,22,,,1,18,,185580,22,,,1,64,,185581,22,,,1,30,,185582,22,,,1,70,,185583,22,,,1,30,,185584,22,,,1,70,,185585,22,,,1,30,,185586,22,,,1,70,,185587,22,,,1,30,,185588,22,,,1,100,,185589,22,,,1
92100,'921-Weekday-2-26-06-1111100',556,,202004,22,,,1,70,,202005,22,,,1,32,,202006,22,,,1,65,,202007,22,,,1,20,,202008,22,,,1,60,,202009,22,,,1,20,,202010,22,,,1,20,,202011,22,,,1,60,,202012,22,,,1,24,,202013,22,,,1,30,,202014,22,,,1,70,,202015,22,,,1,30,,202016,22,,,1,70,,202017,22,,,1,30,,202018,22,,,1,70,,202019,22,,,1,30,,202020,22,,,1,70,,202021,22,,,1,30,,202022,22,,,1,70,,202023,22,,,1,30,,202024,22,,,1,74,,202025,22,,,1,73,,202026,22,,,1,20,,202027,22,,,1,20,,202028,22,,,1,60,,202029,22,,,1,20,,202030,22,,,1,20,,202031,22,,,1,60,,202032,22,,,1,20,,202033,22,,,1,18,,202034,22,,,1,64,,202035,22,,,1,30,,202036,22,,,1,70,,202037,22,,,1,30,,202038,22,,,1,70,,202039,22,,,1,30,,202040,22,,,1,70,,202041,22,,,1,30,,202042,22,,,1,100,,202043,22,,,1
92100,'921-Saturday-1-26-06-0000010',725,,185590,22,,,1,100,,185591,22,,,1,100,,185592,22,,,1,30,,185593,22,,,1,70,,185594,22,,,1,30,,185595,22,,,1,70,,185596,22,,,1,30,,185597,22,,,1,70,,185598,22,,,1,30,,185599,22,,,1,70,,185600,22,,,1,30,,185601,22,,,1,70,,185602,22,,,1,30,,185603,22,,,1,70,,185604,22,,,1,30,,185605,22,,,1,70,,185606,22,,,1,30,,185607,22,,,1,70,,185608,22,,,1,30,,185609,22,,,1,70,,185610,22,,,1,30,,185611,22,,,1,70,,185612,22,,,1,100,,185613,22,,,1,100,,185614,22,,,1,100,,185615,22,,,1,100,,185616,22,,,1
92100,'921-Sunday-1-26-06-0000001',925,,185617,22,,,1,100,,185618,22,,,1,100,,185619,22,,,1,30,,185620,22,,,1,70,,185621,22,,,1,30,,185622,22,,,1,70,,185623,22,,,1,30,,185624,22,,,1,70,,185625,22,,,1,30,,185626,22,,,1,70,,185627,22,,,1,30,,185628,22,,,1,70,,185629,22,,,1,30,,185630,22,,,1,70,,185631,22,,,1,30,,185632,22,,,1,70,,185633,22,,,1,30,,185634,22,,,1,70,,185635,22,,,1,100,,185636,22,,,1,100,,185637,22,,,1,100,,185638,22,,,1,100,,185639,22,,,1
92100,'921-Sunday-2-26-06-0000001',925,,202044,22,,,1,100,,202045,22,,,1,100,,202046,22,,,1,30,,202047,22,,,1,70,,202048,22,,,1,30,,202049,22,,,1,70,,202050,22,,,1,30,,202051,22,,,1,70,,202052,22,,,1,30,,202053,22,,,1,70,,202054,22,,,1,30,,202055,22,,,1,70,,202056,22,,,1,30,,202057,22,,,1,70,,202058,22,,,1,30,,202059,22,,,1,70,,202060,22,,,1,30,,202061,22,,,1,70,,202062,22,,,1,100,,202063,22,,,1,100,,202064,22,,,1,100,,202065,22,,,1,100,,202066,22,,,1
92500,'925-Weekday-1-26-06-1111100',832,,186181,31,,,1,104,,186179,31,,,1,100,,186176,31,,,1,100,,186180,31,,,1,100,,186174,31,,,1,100,,186178,31,,,1,100,,186175,31,,,1,100,,186177,31,,,1
92500,'925-Weekday-2-26-06-1111100',832,,202449,31,,,1,104,,202447,31,,,1,100,,202444,31,,,1,100,,202448,31,,,1,100,,202442,31,,,1,100,,202446,31,,,1,100,,202443,31,,,1,100,,202445,31,,,1
