52200,'522-Weekday-1-26-02-1111100',627,,56687,23,,,1,32,,56688,23,,,1,71,,56689,23,,,1,70,,56690,23,,,1,30,,56691,23,,,1,70,,56692,23,,,1,28,,56693,23,,,1,99,,56694,23,,,1,100,,56695,23,,,1,100,,56696,23,,,1,100,,56697,23,,,1,100,,56698,23,,,1,103,,56699,23,,,1,72,,56700,23,,,1,30,,56701,23,,,1,70,,56702,23,,,1,30,,56703,23,,,1,70,,56704,23,,,1,29,,56705,23,,,1,97,,56706,23,,,1,100,,56707,23,,,1,100,,56708,23,,,1,98,,56709,23,,,1
52200,'522-Weekday-10-26-02-1111100',627,,56710,23,,,1,32,,56711,23,,,1,71,,56712,23,,,1,70,,56713,23,,,1,30,,56714,23,,,1,70,,56715,23,,,1,28,,56716,23,,,1,99,,56717,23,,,1,100,,56718,23,,,1,100,,56719,23,,,1,100,,56720,23,,,1,100,,56721,23,,,1,103,,56722,23,,,1,72,,56723,23,,,1,30,,56724,23,,,1,70,,56725,23,,,1,30,,56726,23,,,1,70,,56727,23,,,1,29,,56728,23,,,1,97,,56729,23,,,1,100,,56730,23,,,1,100,,56731,23,,,1,98,,56732,23,,,1
52200,'522-Weekday-2-26-02-1111100',627,,56733,23,,,1,32,,56734,23,,,1,71,,56735,23,,,1,70,,56736,23,,,1,30,,56737,23,,,1,70,,56738,23,,,1,28,,56739,23,,,1,99,,56740,23,,,1,100,,56741,23,,,1,100,,56742,23,,,1,100,,56743,23,,,1,100,,56744,23,,,1,103,,56745,23,,,1,72,,56746,23,,,1,30,,56747,23,,,1,70,,56748,23,,,1,30,,56749,23,,,1,70,,56750,23,,,1,29,,56751,23,,,1,97,,56752,23,,,1,100,,56753,23,,,1,100,,56754,23,,,1,98,,56755,23,,,1
52200,'522-Weekday-4-26-02-1111100',627,,56756,23,,,1,32,,56757,23,,,1,71,,56758,23,,,1,70,,56759,23,,,1,30,,56760,23,,,1,70,,56761,23,,,1,28,,56762,23,,,1,99,,56763,23,,,1,100,,56764,23,,,1,100,,56765,23,,,1,100,,56766,23,,,1,100,,56767,23,,,1,103,,56768,23,,,1,72,,56769,23,,,1,30,,56770,23,,,1,70,,56771,23,,,1,30,,56772,23,,,1,70,,56773,23,,,1,29,,56774,23,,,1,97,,56775,23,,,1,100,,56776,23,,,1,100,,56777,23,,,1,98,,56778,23,,,1
52200,'522-Weekday-5-26-02-1111100',627,,56779,23,,,1,32,,56780,23,,,1,71,,56781,23,,,1,70,,56782,23,,,1,30,,56783,23,,,1,70,,56784,23,,,1,28,,56785,23,,,1,99,,56786,23,,,1,100,,56787,23,,,1,100,,56788,23,,,1,100,,56789,23,,,1,100,,56790,23,,,1,103,,56791,23,,,1,72,,56792,23,,,1,30,,56793,23,,,1,70,,56794,23,,,1,30,,56795,23,,,1,70,,56796,23,,,1,29,,56797,23,,,1,97,,56798,23,,,1,100,,56799,23,,,1,100,,56800,23,,,1,98,,56801,23,,,1
52200,'522-Weekday-6-26-02-1111100',627,,56802,23,,,1,32,,56803,23,,,1,71,,56804,23,,,1,70,,56805,23,,,1,30,,56806,23,,,1,70,,56807,23,,,1,28,,56808,23,,,1,99,,56809,23,,,1,100,,56810,23,,,1,100,,56811,23,,,1,100,,56812,23,,,1,100,,56813,23,,,1,103,,56814,23,,,1,72,,56815,23,,,1,30,,56816,23,,,1,70,,56817,23,,,1,30,,56818,23,,,1,70,,56819,23,,,1,29,,56820,23,,,1,97,,56821,23,,,1,100,,56822,23,,,1,100,,56823,23,,,1,98,,56824,23,,,1
52200,'522-Weekday-7-26-02-1111100',627,,56825,23,,,1,32,,56826,23,,,1,71,,56827,23,,,1,70,,56828,23,,,1,30,,56829,23,,,1,70,,56830,23,,,1,28,,56831,23,,,1,99,,56832,23,,,1,100,,56833,23,,,1,100,,56834,23,,,1,100,,56835,23,,,1,100,,56836,23,,,1,103,,56837,23,,,1,72,,56838,23,,,1,30,,56839,23,,,1,70,,56840,23,,,1,30,,56841,23,,,1,70,,56842,23,,,1,29,,56843,23,,,1,97,,56844,23,,,1,100,,56845,23,,,1,100,,56846,23,,,1,98,,56847,23,,,1
52200,'522-Weekday-8-26-02-1111100',627,,56848,23,,,1,32,,56849,23,,,1,71,,56850,23,,,1,70,,56851,23,,,1,30,,56852,23,,,1,70,,56853,23,,,1,28,,56854,23,,,1,99,,56855,23,,,1,100,,56856,23,,,1,100,,56857,23,,,1,100,,56858,23,,,1,100,,56859,23,,,1,103,,56860,23,,,1,72,,56861,23,,,1,30,,56862,23,,,1,70,,56863,23,,,1,30,,56864,23,,,1,70,,56865,23,,,1,29,,56866,23,,,1,97,,56867,23,,,1,100,,56868,23,,,1,100,,56869,23,,,1,98,,56870,23,,,1
52200,'522-Weekday-9-26-02-1111100',627,,56871,23,,,1,32,,56872,23,,,1,71,,56873,23,,,1,70,,56874,23,,,1,30,,56875,23,,,1,70,,56876,23,,,1,28,,56877,23,,,1,99,,56878,23,,,1,100,,56879,23,,,1,100,,56880,23,,,1,100,,56881,23,,,1,100,,56882,23,,,1,103,,56883,23,,,1,72,,56884,23,,,1,30,,56885,23,,,1,70,,56886,23,,,1,30,,56887,23,,,1,70,,56888,23,,,1,29,,56889,23,,,1,97,,56890,23,,,1,100,,56891,23,,,1,100,,56892,23,,,1,98,,56893,23,,,1
52200,'522-Saturday-1-26-02-0000010',842,,56894,23,,,1,101,,56895,23,,,1,100,,56896,23,,,1,100,,56897,23,,,1,100,,56898,23,,,1,100,,56899,23,,,1,100,,56900,23,,,1,100,,56901,23,,,1,100,,56902,23,,,1,98,,56903,23,,,1,100,,56904,23,,,1
52200,'522-Sunday-1-26-02-0000001',1011,,56905,23,,,1,100,,56906,23,,,1,100,,56907,23,,,1,100,,56908,23,,,1,100,,56909,23,,,1,100,,56910,23,,,1,100,,56911,23,,,1,100,,56912,23,,,1,100,,56913,23,,,1
