50300,'503-Weekday-1-26-02-1111100',655,,44791,10,,,1,70,,44792,10,,,1,30,,44793,10,,,1,70,,44794,10,,,1,30,,44795,10,,,1,755,,44796,10,,,1,30,,44797,10,,,1,70,,44798,10,,,1,30,,44799,10,,,1,70,,44800,10,,,1,30,,44801,10,,,1
50300,'503-Weekday-10-26-02-1111100',655,,44802,10,,,1,70,,44803,10,,,1,30,,44804,10,,,1,70,,44805,10,,,1,30,,44806,10,,,1,755,,44807,10,,,1,30,,44808,10,,,1,70,,44809,10,,,1,30,,44810,10,,,1,70,,44811,10,,,1,30,,44812,10,,,1
50300,'503-Weekday-2-26-02-1111100',655,,44813,10,,,1,70,,44814,10,,,1,30,,44815,10,,,1,70,,44816,10,,,1,30,,44817,10,,,1,755,,44818,10,,,1,30,,44819,10,,,1,70,,44820,10,,,1,30,,44821,10,,,1,70,,44822,10,,,1,30,,44823,10,,,1
50300,'503-Weekday-4-26-02-1111100',655,,44824,10,,,1,70,,44825,10,,,1,30,,44826,10,,,1,70,,44827,10,,,1,30,,44828,10,,,1,755,,44829,10,,,1,30,,44830,10,,,1,70,,44831,10,,,1,30,,44832,10,,,1,70,,44833,10,,,1,30,,44834,10,,,1
50300,'503-Weekday-5-26-02-1111100',655,,44835,10,,,1,70,,44836,10,,,1,30,,44837,10,,,1,70,,44838,10,,,1,30,,44839,10,,,1,755,,44840,10,,,1,30,,44841,10,,,1,70,,44842,10,,,1,30,,44843,10,,,1,70,,44844,10,,,1,30,,44845,10,,,1
50300,'503-Weekday-6-26-02-1111100',655,,44846,10,,,1,70,,44847,10,,,1,30,,44848,10,,,1,70,,44849,10,,,1,30,,44850,10,,,1,755,,44851,10,,,1,30,,44852,10,,,1,70,,44853,10,,,1,30,,44854,10,,,1,70,,44855,10,,,1,30,,44856,10,,,1
50300,'503-Weekday-7-26-02-1111100',655,,44857,10,,,1,70,,44858,10,,,1,30,,44859,10,,,1,70,,44860,10,,,1,30,,44861,10,,,1,755,,44862,10,,,1,30,,44863,10,,,1,70,,44864,10,,,1,30,,44865,10,,,1,70,,44866,10,,,1,30,,44867,10,,,1
50300,'503-Weekday-8-26-02-1111100',655,,44868,10,,,1,70,,44869,10,,,1,30,,44870,10,,,1,70,,44871,10,,,1,30,,44872,10,,,1,755,,44873,10,,,1,30,,44874,10,,,1,70,,44875,10,,,1,30,,44876,10,,,1,70,,44877,10,,,1,30,,44878,10,,,1
50300,'503-Weekday-9-26-02-1111100',655,,44879,10,,,1,70,,44880,10,,,1,30,,44881,10,,,1,70,,44882,10,,,1,30,,44883,10,,,1,755,,44884,10,,,1,30,,44885,10,,,1,70,,44886,10,,,1,30,,44887,10,,,1,70,,44888,10,,,1,30,,44889,10,,,1
52600,'526-Saturday-1-26-02-0000010',918,,58887,9,,,1,100,,58888,9,,,1,100,,58889,9,,,1,100,,58890,9,,,1,100,,58891,9,,,1,100,,58892,9,,,1,100,,58893,9,,,1,100,,58886,9,,,1
52600,'526-Sunday-1-26-02-0000001',918,,58894,9,,,1,100,,58895,9,,,1,100,,58896,9,,,1,100,,58897,9,,,1,100,,58898,9,,,1,100,,58899,9,,,1,100,,58900,9,,,1,100,,58901,9,,,1
