11800,'118-Weekday-1-26-02-1111100',511,,38948,28,,,1,30,,38949,28,,,1,70,,38950,28,,,1,32,,38951,28,,,1,15,,38952,28,,,1,55,,38985,28,,,1,15,,38953,28,,,1,15,,38954,28,,,1,15,,38955,28,,,1,55,,38986,28,,,1,15,,38956,28,,,1,15,,38957,28,,,1,69,,38958,28,,,1,30,,38959,28,,,1,70,,38960,28,,,1,30,,38961,28,,,1,70,,38962,28,,,1,30,,38963,28,,,1,70,,38964,28,,,1,30,,38965,28,,,1,70,,38966,28,,,1,30,,38967,28,,,1,70,,38968,28,,,1,30,,38969,28,,,1,72,,38970,28,,,1,30,,38971,28,,,1,60,,38972,28,,,1,20,,38987,28,,,1,20,,38973,28,,,1,60,,38974,28,,,1,20,,38988,28,,,1,20,,38975,28,,,1,70,,38976,28,,,1,28,,38977,28,,,1,70,,38978,28,,,1,30,,38979,28,,,1,70,,38980,28,,,1,30,,38981,28,,,1,70,,38982,28,,,1,30,,38983,28,,,1,70,,38984,28,,,1
11800,'118-Weekday-10-26-02-1111100',511,,38989,28,,,1,30,,38990,28,,,1,70,,38991,28,,,1,32,,38992,28,,,1,15,,38993,28,,,1,55,,39026,28,,,1,15,,38994,28,,,1,15,,38995,28,,,1,15,,38996,28,,,1,55,,39027,28,,,1,15,,38997,28,,,1,15,,38998,28,,,1,69,,38999,28,,,1,30,,39000,28,,,1,70,,39001,28,,,1,30,,39002,28,,,1,70,,39003,28,,,1,30,,39004,28,,,1,70,,39005,28,,,1,30,,39006,28,,,1,70,,39007,28,,,1,30,,39008,28,,,1,70,,39009,28,,,1,30,,39010,28,,,1,72,,39011,28,,,1,30,,39012,28,,,1,60,,39013,28,,,1,20,,39028,28,,,1,20,,39014,28,,,1,60,,39015,28,,,1,20,,39029,28,,,1,20,,39016,28,,,1,70,,39017,28,,,1,28,,39018,28,,,1,70,,39019,28,,,1,30,,39020,28,,,1,70,,39021,28,,,1,30,,39022,28,,,1,70,,39023,28,,,1,30,,39024,28,,,1,70,,39025,28,,,1
11800,'118-Weekday-4-26-02-1111100',511,,39071,28,,,1,30,,39072,28,,,1,70,,39073,28,,,1,32,,39074,28,,,1,15,,39075,28,,,1,55,,39108,28,,,1,15,,39076,28,,,1,15,,39077,28,,,1,15,,39078,28,,,1,55,,39109,28,,,1,15,,39079,28,,,1,15,,39080,28,,,1,69,,39081,28,,,1,30,,39082,28,,,1,70,,39083,28,,,1,30,,39084,28,,,1,70,,39085,28,,,1,30,,39086,28,,,1,70,,39087,28,,,1,30,,39088,28,,,1,70,,39089,28,,,1,30,,39090,28,,,1,70,,39091,28,,,1,30,,39092,28,,,1,72,,39093,28,,,1,30,,39094,28,,,1,60,,39095,28,,,1,20,,39110,28,,,1,20,,39096,28,,,1,60,,39097,28,,,1,20,,39111,28,,,1,20,,39098,28,,,1,70,,39099,28,,,1,28,,39100,28,,,1,70,,39101,28,,,1,30,,39102,28,,,1,70,,39103,28,,,1,30,,39104,28,,,1,70,,39105,28,,,1,30,,39106,28,,,1,70,,39107,28,,,1
11800,'118-Weekday-5-26-02-1111100',511,,39112,28,,,1,30,,39113,28,,,1,70,,39114,28,,,1,32,,39115,28,,,1,15,,39116,28,,,1,55,,39149,28,,,1,15,,39117,28,,,1,15,,39118,28,,,1,15,,39119,28,,,1,55,,39150,28,,,1,15,,39120,28,,,1,15,,39121,28,,,1,69,,39122,28,,,1,30,,39123,28,,,1,70,,39124,28,,,1,30,,39125,28,,,1,70,,39126,28,,,1,30,,39127,28,,,1,70,,39128,28,,,1,30,,39129,28,,,1,70,,39130,28,,,1,30,,39131,28,,,1,70,,39132,28,,,1,30,,39133,28,,,1,72,,39134,28,,,1,30,,39135,28,,,1,60,,39136,28,,,1,20,,39151,28,,,1,20,,39137,28,,,1,60,,39138,28,,,1,20,,39152,28,,,1,20,,39139,28,,,1,70,,39140,28,,,1,28,,39141,28,,,1,70,,39142,28,,,1,30,,39143,28,,,1,70,,39144,28,,,1,30,,39145,28,,,1,70,,39146,28,,,1,30,,39147,28,,,1,70,,39148,28,,,1
11800,'118-Weekday-7-26-02-1111100',511,,39194,28,,,1,30,,39195,28,,,1,70,,39196,28,,,1,32,,39197,28,,,1,15,,39198,28,,,1,55,,39231,28,,,1,15,,39199,28,,,1,15,,39200,28,,,1,15,,39201,28,,,1,55,,39232,28,,,1,15,,39202,28,,,1,15,,39203,28,,,1,69,,39204,28,,,1,30,,39205,28,,,1,70,,39206,28,,,1,30,,39207,28,,,1,70,,39208,28,,,1,30,,39209,28,,,1,70,,39210,28,,,1,30,,39211,28,,,1,70,,39212,28,,,1,30,,39213,28,,,1,70,,39214,28,,,1,30,,39215,28,,,1,72,,39216,28,,,1,30,,39217,28,,,1,60,,39218,28,,,1,20,,39233,28,,,1,20,,39219,28,,,1,60,,39220,28,,,1,20,,39234,28,,,1,20,,39221,28,,,1,70,,39222,28,,,1,28,,39223,28,,,1,70,,39224,28,,,1,30,,39225,28,,,1,70,,39226,28,,,1,30,,39227,28,,,1,70,,39228,28,,,1,30,,39229,28,,,1,70,,39230,28,,,1
11800,'118-Saturday-1-26-02-0000010',629,,39317,28,,,1,100,,39318,28,,,1,100,,39319,28,,,1,30,,39320,28,,,1,70,,39321,28,,,1,30,,39322,28,,,1,70,,39323,28,,,1,30,,39324,28,,,1,70,,39325,28,,,1,30,,39326,28,,,1,70,,39327,28,,,1,30,,39328,28,,,1,70,,39329,28,,,1,30,,39330,28,,,1,70,,39331,28,,,1,30,,39332,28,,,1,70,,39333,28,,,1,30,,39334,28,,,1,70,,39335,28,,,1,30,,39336,28,,,1,70,,39337,28,,,1,30,,39338,28,,,1,70,,39339,28,,,1,30,,39340,28,,,1,70,,39341,28,,,1
11800,'118-Sunday-1-26-02-0000001',650,,39362,28,,,1,100,,39342,28,,,1,101,,39343,28,,,1,101,,39344,28,,,1,100,,39345,28,,,1,85,,39346,28,,,1,70,,39347,28,,,1,30,,39348,28,,,1,70,,39349,28,,,1,30,,39350,28,,,1,70,,39351,28,,,1,30,,39352,28,,,1,70,,39353,28,,,1,30,,39354,28,,,1,70,,39355,28,,,1,30,,39356,28,,,1,69,,39357,28,,,1,29,,39358,28,,,1,70,,39359,28,,,1,30,,39360,28,,,1,70,,39361,28,,,1
61200,'612-Weekday-1-26-02-0001000',1244,,60423,31,,,1
61200,'612-Weekday-1-26-02-1110100',1542,,60424,31,,,1
61200,'612-Weekday-5-26-02-0000100',1244,,60427,31,,,1
61200,'612-Weekday-5-26-02-1111000',1542,,60428,31,,,1
61200,'612-Weekday-9-26-02-0001000',1244,,60431,31,,,1
62000,'620-Weekday-1-26-02-0001000',1211,,60584,12,,,1
62000,'620-Weekday-1-26-02-1110100',1519,,60585,12,,,1
62000,'620-Weekday-1-26-02-1111100',1541,,60586,12,,,1,5,,60587,12,,,1
62000,'620-Weekday-5-26-02-0000100',1211,,60594,12,,,1
62000,'620-Weekday-5-26-02-1111000',1519,,60595,12,,,1
62000,'620-Weekday-5-26-02-1111100',1541,,60596,12,,,1,5,,60597,12,,,1
62000,'620-Weekday-9-26-02-0001000',1211,,60600,12,,,1
62000,'620-Weekday-9-26-02-1111100',1541,,60601,12,,,1,5,,60602,12,,,1
