10601,'106-Weekday-1-26-02-0001000',1212,,29954,1,0,14,1,210,,29955,1,0,14,1
10601,'106-Weekday-1-26-02-1110100',1508,,29956,1,0,14,1,14,,29957,1,0,14,1
10601,'106-Weekday-1-26-02-1111100',538,,29958,12,,,1,70,,29959,12,,,1,33,,29960,12,,,1,60,,29961,12,,,1,10,,29962,12,,,1,10,,29963,12,,,1,10,,30008,12,,,1,10,,29964,12,,,1,10,,29965,12,,,1,2,,30016,12,0,14,1,48,,30017,12,0,14,1,10,,29966,12,,,1,10,,29967,12,,,1,10,,30010,12,,,1,10,,29968,12,,,1,60,,29969,12,,,1,20,,29970,12,,,1,20,,29971,12,,,1,60,,29972,12,,,1,20,,29973,12,,,1,20,,29974,12,,,1,60,,29975,12,,,1,20,,29976,12,,,1,20,,29977,12,,,1,60,,29978,12,,,1,20,,29979,12,,,1,20,,29980,12,,,1,60,,29981,12,,,1,20,,29982,12,,,1,20,,29983,12,,,1,60,,29984,12,,,1,20,,29985,12,,,1,20,,29986,12,,,1,10,,29987,12,,,1,50,,30011,12,,,1,10,,29988,12,,,1,10,,29989,12,,,1,10,,30012,12,,,1,10,,29990,12,,,1,10,,29991,12,,,1,50,,30013,12,,,1,10,,29992,12,,,1,10,,29993,12,,,1,10,,30014,12,,,1,10,,29994,12,,,1,10,,29995,12,,,1,50,,30015,12,,,1,10,,29996,12,,,1,30,,29997,12,,,1,70,,29998,12,,,1,29,,29999,12,,,1,70,,30000,12,,,1,30,,30001,12,,,1,70,,30002,12,,,1,30,,30003,12,,,1,70,,30004,12,,,1,30,,30005,12,,,1,69,,30006,12,,,1,100,,30007,12,,,1,100,,30018,12,,,1
10601,'106-Weekday-10-26-02-0001000',1212,,30019,1,0,14,1,210,,30020,1,0,14,1
10601,'106-Weekday-10-26-02-1111100',538,,30021,12,,,1,70,,30022,12,,,1,33,,30023,12,,,1,60,,30024,12,,,1,10,,30025,12,,,1,10,,30026,12,,,1,10,,30071,12,,,1,10,,30027,12,,,1,10,,30028,12,,,1,2,,30079,12,0,14,1,48,,30080,12,0,14,1,10,,30029,12,,,1,10,,30030,12,,,1,10,,30073,12,,,1,10,,30031,12,,,1,60,,30032,12,,,1,20,,30033,12,,,1,20,,30034,12,,,1,60,,30035,12,,,1,20,,30036,12,,,1,20,,30037,12,,,1,60,,30038,12,,,1,20,,30039,12,,,1,20,,30040,12,,,1,60,,30041,12,,,1,20,,30042,12,,,1,20,,30043,12,,,1,60,,30044,12,,,1,20,,30045,12,,,1,20,,30046,12,,,1,60,,30047,12,,,1,20,,30048,12,,,1,20,,30049,12,,,1,10,,30050,12,,,1,50,,30074,12,,,1,10,,30051,12,,,1,10,,30052,12,,,1,10,,30075,12,,,1,10,,30053,12,,,1,10,,30054,12,,,1,50,,30076,12,,,1,10,,30055,12,,,1,10,,30056,12,,,1,10,,30077,12,,,1,10,,30057,12,,,1,10,,30058,12,,,1,50,,30078,12,,,1,10,,30059,12,,,1,30,,30060,12,,,1,70,,30061,12,,,1,29,,30062,12,,,1,70,,30063,12,,,1,30,,30064,12,,,1,70,,30065,12,,,1,30,,30066,12,,,1,70,,30067,12,,,1,30,,30068,12,,,1,69,,30069,12,,,1,100,,30070,12,,,1,100,,30081,12,,,1
10601,'106-Weekday-4-26-02-1111100',538,,30147,12,,,1,70,,30148,12,,,1,33,,30149,12,,,1,60,,30150,12,,,1,10,,30151,12,,,1,10,,30152,12,,,1,10,,30197,12,,,1,10,,30153,12,,,1,10,,30154,12,,,1,50,,30198,12,,,1,10,,30155,12,,,1,10,,30156,12,,,1,10,,30199,12,,,1,10,,30157,12,,,1,60,,30158,12,,,1,20,,30159,12,,,1,20,,30160,12,,,1,60,,30161,12,,,1,20,,30162,12,,,1,20,,30163,12,,,1,60,,30164,12,,,1,20,,30165,12,,,1,20,,30166,12,,,1,60,,30167,12,,,1,20,,30168,12,,,1,20,,30169,12,,,1,60,,30170,12,,,1,20,,30171,12,,,1,20,,30172,12,,,1,60,,30173,12,,,1,20,,30174,12,,,1,20,,30175,12,,,1,10,,30176,12,,,1,50,,30200,12,,,1,10,,30177,12,,,1,10,,30178,12,,,1,10,,30201,12,,,1,10,,30179,12,,,1,10,,30180,12,,,1,50,,30202,12,,,1,10,,30181,12,,,1,10,,30182,12,,,1,10,,30203,12,,,1,10,,30183,12,,,1,10,,30184,12,,,1,50,,30204,12,,,1,10,,30185,12,,,1,30,,30186,12,,,1,70,,30187,12,,,1,29,,30188,12,,,1,70,,30189,12,,,1,30,,30190,12,,,1,70,,30191,12,,,1,30,,30192,12,,,1,70,,30193,12,,,1,30,,30194,12,,,1,69,,30195,12,,,1,100,,30196,12,,,1,100,,30205,12,,,1
10601,'106-Weekday-5-26-02-0000100',1212,,30206,1,0,14,1
10601,'106-Weekday-5-26-02-0001000',1422,,30207,1,0,14,1
10601,'106-Weekday-5-26-02-1110100',1522,,30208,1,0,14,1
10601,'106-Weekday-5-26-02-1111000',1508,,30209,1,0,14,1
10601,'106-Weekday-5-26-02-1111100',538,,30210,12,,,1,70,,30211,12,,,1,33,,30212,12,,,1,60,,30213,12,,,1,10,,30214,12,,,1,10,,30215,12,,,1,10,,30260,12,,,1,10,,30216,12,,,1,10,,30217,12,,,1,2,,30268,12,0,14,1,48,,30269,12,0,14,1,10,,30218,12,,,1,10,,30219,12,,,1,10,,30262,12,,,1,10,,30220,12,,,1,60,,30221,12,,,1,20,,30222,12,,,1,20,,30223,12,,,1,60,,30224,12,,,1,20,,30225,12,,,1,20,,30226,12,,,1,60,,30227,12,,,1,20,,30228,12,,,1,20,,30229,12,,,1,60,,30230,12,,,1,20,,30231,12,,,1,20,,30232,12,,,1,60,,30233,12,,,1,20,,30234,12,,,1,20,,30235,12,,,1,60,,30236,12,,,1,20,,30237,12,,,1,20,,30238,12,,,1,10,,30239,12,,,1,50,,30263,12,,,1,10,,30240,12,,,1,10,,30241,12,,,1,10,,30264,12,,,1,10,,30242,12,,,1,10,,30243,12,,,1,50,,30265,12,,,1,10,,30244,12,,,1,10,,30245,12,,,1,10,,30266,12,,,1,10,,30246,12,,,1,10,,30247,12,,,1,50,,30267,12,,,1,10,,30248,12,,,1,30,,30249,12,,,1,70,,30250,12,,,1,29,,30251,12,,,1,70,,30252,12,,,1,30,,30253,12,,,1,70,,30254,12,,,1,30,,30255,12,,,1,70,,30256,12,,,1,30,,30257,12,,,1,69,,30258,12,,,1,100,,30259,12,,,1,100,,30270,12,,,1
10601,'106-Weekday-6-26-02-1110100',1508,,30271,1,0,14,1
10601,'106-Weekday-6-26-02-1111100',538,,30272,12,,,1,70,,30273,12,,,1,33,,30274,12,,,1,60,,30275,12,,,1,10,,30276,12,,,1,10,,30277,12,,,1,10,,30322,12,,,1,10,,30278,12,,,1,10,,30279,12,,,1,2,,30330,12,0,14,1,48,,30331,12,0,14,1,10,,30280,12,,,1,10,,30281,12,,,1,10,,30324,12,,,1,10,,30282,12,,,1,60,,30283,12,,,1,20,,30284,12,,,1,20,,30285,12,,,1,60,,30286,12,,,1,20,,30287,12,,,1,20,,30288,12,,,1,60,,30289,12,,,1,20,,30290,12,,,1,20,,30291,12,,,1,60,,30292,12,,,1,20,,30293,12,,,1,20,,30294,12,,,1,60,,30295,12,,,1,20,,30296,12,,,1,20,,30297,12,,,1,60,,30298,12,,,1,20,,30299,12,,,1,20,,30300,12,,,1,10,,30301,12,,,1,50,,30325,12,,,1,10,,30302,12,,,1,10,,30303,12,,,1,10,,30326,12,,,1,10,,30304,12,,,1,10,,30305,12,,,1,50,,30327,12,,,1,10,,30306,12,,,1,10,,30307,12,,,1,10,,30328,12,,,1,10,,30308,12,,,1,10,,30309,12,,,1,50,,30329,12,,,1,10,,30310,12,,,1,30,,30311,12,,,1,70,,30312,12,,,1,29,,30313,12,,,1,70,,30314,12,,,1,30,,30315,12,,,1,70,,30316,12,,,1,30,,30317,12,,,1,70,,30318,12,,,1,30,,30319,12,,,1,69,,30320,12,,,1,100,,30321,12,,,1,100,,30332,12,,,1
10601,'106-Weekday-7-26-02-1111100',538,,30333,12,,,1,70,,30334,12,,,1,33,,30335,12,,,1,60,,30336,12,,,1,10,,30337,12,,,1,10,,30338,12,,,1,10,,30383,12,,,1,10,,30339,12,,,1,10,,30340,12,,,1,50,,30384,12,,,1,10,,30341,12,,,1,10,,30342,12,,,1,10,,30385,12,,,1,10,,30343,12,,,1,60,,30344,12,,,1,20,,30345,12,,,1,20,,30346,12,,,1,60,,30347,12,,,1,20,,30348,12,,,1,20,,30349,12,,,1,60,,30350,12,,,1,20,,30351,12,,,1,20,,30352,12,,,1,60,,30353,12,,,1,20,,30354,12,,,1,20,,30355,12,,,1,60,,30356,12,,,1,20,,30357,12,,,1,20,,30358,12,,,1,60,,30359,12,,,1,20,,30360,12,,,1,20,,30361,12,,,1,10,,30362,12,,,1,50,,30386,12,,,1,10,,30363,12,,,1,10,,30364,12,,,1,10,,30387,12,,,1,10,,30365,12,,,1,10,,30366,12,,,1,50,,30388,12,,,1,10,,30367,12,,,1,10,,30368,12,,,1,10,,30389,12,,,1,10,,30369,12,,,1,10,,30370,12,,,1,50,,30390,12,,,1,10,,30371,12,,,1,30,,30372,12,,,1,70,,30373,12,,,1,29,,30374,12,,,1,70,,30375,12,,,1,30,,30376,12,,,1,70,,30377,12,,,1,30,,30378,12,,,1,70,,30379,12,,,1,30,,30380,12,,,1,69,,30381,12,,,1,100,,30382,12,,,1,100,,30391,12,,,1
10601,'106-Saturday-1-26-02-0000010',540,,30514,12,,,1,70,,30515,12,,,1,30,,30516,12,,,1,70,,30517,12,,,1,30,,30518,12,,,1,70,,30519,12,,,1,30,,30520,12,,,1,71,,30521,12,,,1,30,,30522,12,,,1,70,,30523,12,,,1,30,,30524,12,,,1,70,,30525,12,,,1,30,,30526,12,,,1,70,,30527,12,,,1,30,,30528,12,,,1,70,,30529,12,,,1,30,,30530,12,,,1,70,,30531,12,,,1,30,,30532,12,,,1,70,,30533,12,,,1,30,,30534,12,,,1,70,,30535,12,,,1,30,,30536,12,,,1,70,,30537,12,,,1,30,,30538,12,,,1,70,,30539,12,,,1,30,,30540,12,,,1,70,,30541,12,,,1,30,,30542,12,,,1,70,,30543,12,,,1,30,,30544,12,,,1,70,,30545,12,,,1,30,,30546,12,,,1,70,,30547,12,,,1,100,,30548,12,,,1,100,,30549,12,,,1
10601,'106-Sunday-1-26-02-0000001',625,,30550,12,,,1,30,,30551,12,,,1,70,,30552,12,,,1,30,,30553,12,,,1,70,,30554,12,,,1,29,,30555,12,,,1,73,,30556,12,,,1,30,,30557,12,,,1,70,,30558,12,,,1,30,,30559,12,,,1,70,,30560,12,,,1,30,,30561,12,,,1,70,,30562,12,,,1,30,,30563,12,,,1,70,,30564,12,,,1,30,,30565,12,,,1,70,,30566,12,,,1,30,,30567,12,,,1,70,,30568,12,,,1,30,,30569,12,,,1,70,,30570,12,,,1,30,,30571,12,,,1,68,,30572,12,,,1,30,,30573,12,,,1,70,,30574,12,,,1,30,,30575,12,,,1,70,,30576,12,,,1,30,,30577,12,,,1,70,,30578,12,,,1,30,,30579,12,,,1,70,,30580,12,,,1,100,,30581,12,,,1,100,,30582,12,,,1,100,,30583,12,,,1
61001,'610-Weekday-1-26-02-1111100',747,,60360,37,,,1,4,,60361,37,,,1,6,,60362,37,,,1,80,,60363,37,,,1,5,,60364,37,,,1,5,,60365,37,,,1
61001,'610-Weekday-5-26-02-1111100',747,,60375,37,,,1,4,,60376,37,,,1,6,,60377,37,,,1,80,,60378,37,,,1,5,,60379,37,,,1,5,,60380,37,,,1
61001,'610-Weekday-6-26-02-1111100',747,,60381,37,,,1,4,,60382,37,,,1,6,,60383,37,,,1
61001,'610-Weekday-9-26-02-1111100',747,,60387,37,,,1,4,,60388,37,,,1,6,,60389,37,,,1,80,,60390,37,,,1,5,,60391,37,,,1,5,,60392,37,,,1
61201,'612-Weekday-1-26-02-1111100',800,,60432,55,4,,1
61201,'612-Weekday-5-26-02-1111100',800,,60434,55,4,,1
61201,'612-Weekday-6-26-02-1111100',800,,60435,55,4,,1
61201,'612-Weekday-9-26-02-1111100',800,,60437,55,4,,1
61301,'613-Weekday-1-26-02-0001000',1212,3,60460,1,,,1,5,3,60461,1,,,1,206,3,60462,1,,,1,5,3,60463,1,,,1
61301,'613-Weekday-1-26-02-1110100',1510,3,60464,1,,,1,5,3,60465,1,,,1,8,3,60466,1,,,1,5,3,60467,1,,,1
61301,'613-Weekday-5-26-02-0000100',1212,3,60478,1,,,1,5,3,60479,1,,,1
61301,'613-Weekday-5-26-02-0001000',1423,3,60480,1,,,1,5,3,60481,1,,,1
61301,'613-Weekday-5-26-02-1110100',1523,3,60482,1,,,1,5,3,60483,1,,,1
61301,'613-Weekday-5-26-02-1111000',1510,3,60484,1,,,1,5,3,60485,1,,,1
61301,'613-Weekday-6-26-02-1110100',1510,3,60486,1,,,1,5,3,60487,1,,,1
61301,'613-Weekday-9-26-02-0001000',1212,3,60490,1,,,1,5,3,60491,1,,,1,206,3,60492,1,,,1,5,3,60493,1,,,1
61400,'614-Weekday-1-26-02-0001000',1215,3,60494,1,,,1,213,3,60495,1,,,1
61400,'614-Weekday-1-26-02-1110100',1513,3,60496,1,,,1,15,3,60497,1,,,1
61400,'614-Weekday-5-26-02-0000100',1215,3,60503,1,,,1
61400,'614-Weekday-5-26-02-0001000',1428,3,60504,1,,,1
61400,'614-Weekday-5-26-02-1110100',1528,3,60505,1,,,1
61400,'614-Weekday-5-26-02-1111000',1513,3,60506,1,,,1
61400,'614-Weekday-6-26-02-1110100',1513,3,60507,1,,,1
61400,'614-Weekday-9-26-02-0001000',1215,3,60509,1,,,1,213,3,60510,1,,,1
62400,'624-Weekday-1-26-02-0001000',1217,3,60806,1,,,1
62400,'624-Weekday-1-26-02-1110100',1515,3,60807,1,,,1
62400,'624-Weekday-5-26-02-0000100',1217,3,60810,1,,,1
62400,'624-Weekday-5-26-02-1111000',1515,3,60811,1,,,1
62400,'624-Weekday-6-26-02-1110100',1515,3,60812,1,,,1
62400,'624-Weekday-9-26-02-0001000',1217,3,60814,1,,,1
62500,'625-Weekday-1-26-02-0001000',1217,3,60821,1,,,1
62500,'625-Weekday-1-26-02-1110100',1515,3,60822,1,,,1
62500,'625-Weekday-5-26-02-0000100',1217,3,60825,1,,,1
62500,'625-Weekday-5-26-02-1111000',1515,3,60826,1,,,1
62500,'625-Weekday-6-26-02-1110100',1515,3,60827,1,,,1
62500,'625-Weekday-9-26-02-0001000',1217,3,60829,1,,,1
62601,'626-Weekday-1-26-02-1111100',748,,60869,42,4,,1,2,,60870,42,4,,1,8,,60871,42,4,,1,43,,60872,42,4,,1
62601,'626-Weekday-5-26-02-1111100',748,,60877,42,4,,1,2,,60878,42,4,,1,8,,60879,42,4,,1,43,,60880,42,4,,1
62601,'626-Weekday-6-26-02-1111100',748,,60881,42,4,,1,2,,60882,42,4,,1,8,,60883,42,4,,1,43,,60884,42,4,,1
62601,'626-Weekday-9-26-02-1111100',748,,60889,42,4,,1,2,,60890,42,4,,1,8,,60891,42,4,,1,43,,60892,42,4,,1
