91600,'916-Weekday-1-26-04-0001000',1507,,144194,21,,,1
91600,'916-Weekday-1-26-04-1111100',551,,144195,21,,,1,70,,144196,21,,,1,23,,144197,21,,,1,10,,144198,21,,,1,50,,144234,21,,,1,10,,144199,21,,,1,10,,144200,21,,,1,10,,144235,21,,,1,10,,144201,21,,,1,7,,144240,21,,,1,3,,144202,21,,,1,50,,144236,21,,,1,10,,144203,21,,,1,30,,144204,21,,,1,72,,144205,21,,,1,30,,144206,21,,,1,70,,144207,21,,,1,30,,144208,21,,,1,70,,144209,21,,,1,30,,144210,21,,,1,70,,144211,21,,,1,30,,144212,21,,,1,70,,144213,21,,,1,30,,144214,21,,,1,70,,144215,21,,,1,30,,144216,21,,,1,72,,144217,21,,,1,20,,144237,21,,,1,20,,144218,21,,,1,60,,144219,21,,,1,20,,144238,21,,,1,20,,144220,21,,,1,60,,144239,21,,,1,20,,144221,21,,,1,20,,144222,21,,,1,65,,144223,21,,,1,24,,144224,21,,,1,70,,144225,21,,,1,30,,144226,21,,,1,70,,144227,21,,,1,30,,144228,21,,,1,70,,144229,21,,,1,30,,144230,21,,,1,68,,144231,21,,,1,100,,144232,21,,,1,100,,144233,21,,,1
91600,'916-Weekday-2-26-04-1111100',551,,144241,21,,,1,70,,144242,21,,,1,23,,144243,21,,,1,10,,144244,21,,,1,50,,144280,21,,,1,10,,144245,21,,,1,10,,144246,21,,,1,10,,144281,21,,,1,10,,144247,21,,,1,7,,144286,21,,,1,3,,144248,21,,,1,50,,144282,21,,,1,10,,144249,21,,,1,30,,144250,21,,,1,72,,144251,21,,,1,30,,144252,21,,,1,70,,144253,21,,,1,30,,144254,21,,,1,70,,144255,21,,,1,30,,144256,21,,,1,70,,144257,21,,,1,30,,144258,21,,,1,70,,144259,21,,,1,30,,144260,21,,,1,70,,144261,21,,,1,30,,144262,21,,,1,72,,144263,21,,,1,20,,144283,21,,,1,20,,144264,21,,,1,60,,144265,21,,,1,20,,144284,21,,,1,20,,144266,21,,,1,60,,144285,21,,,1,20,,144267,21,,,1,20,,144268,21,,,1,65,,144269,21,,,1,24,,144270,21,,,1,70,,144271,21,,,1,30,,144272,21,,,1,70,,144273,21,,,1,30,,144274,21,,,1,70,,144275,21,,,1,30,,144276,21,,,1,68,,144277,21,,,1,100,,144278,21,,,1,100,,144279,21,,,1
91600,'916-Weekday-3-26-04-1111100',551,,144287,21,,,1,70,,144288,21,,,1,23,,144289,21,,,1,10,,144290,21,,,1,50,,144326,21,,,1,10,,144291,21,,,1,10,,144292,21,,,1,10,,144327,21,,,1,10,,144293,21,,,1,7,,144332,21,,,1,3,,144294,21,,,1,50,,144328,21,,,1,10,,144295,21,,,1,30,,144296,21,,,1,72,,144297,21,,,1,30,,144298,21,,,1,70,,144299,21,,,1,30,,144300,21,,,1,70,,144301,21,,,1,30,,144302,21,,,1,70,,144303,21,,,1,30,,144304,21,,,1,70,,144305,21,,,1,30,,144306,21,,,1,70,,144307,21,,,1,30,,144308,21,,,1,72,,144309,21,,,1,20,,144329,21,,,1,20,,144310,21,,,1,60,,144311,21,,,1,20,,144330,21,,,1,20,,144312,21,,,1,60,,144331,21,,,1,20,,144313,21,,,1,20,,144314,21,,,1,65,,144315,21,,,1,24,,144316,21,,,1,70,,144317,21,,,1,30,,144318,21,,,1,70,,144319,21,,,1,30,,144320,21,,,1,70,,144321,21,,,1,30,,144322,21,,,1,68,,144323,21,,,1,100,,144324,21,,,1,100,,144325,21,,,1
91600,'916-Saturday-1-26-04-0000010',612,,144333,21,,,1,100,,144334,21,,,1,100,,144335,21,,,1,30,,144336,21,,,1,69,,144337,21,,,1,32,,144338,21,,,1,70,,144339,21,,,1,30,,144340,21,,,1,70,,144341,21,,,1,30,,144342,21,,,1,70,,144343,21,,,1,30,,144344,21,,,1,70,,144345,21,,,1,30,,144346,21,,,1,70,,144347,21,,,1,30,,144348,21,,,1,70,,144349,21,,,1,30,,144350,21,,,1,70,,144351,21,,,1,30,,144352,21,,,1,70,,144353,21,,,1,30,,144354,21,,,1,70,,144355,21,,,1,30,,144356,21,,,1,70,,144357,21,,,1,30,,144358,21,,,1,70,,144359,21,,,1,100,,144360,21,,,1,100,,144361,21,,,1,100,,144362,21,,,1
91600,'916-Sunday-1-26-04-0000001',614,,144363,21,,,1,100,,144364,21,,,1,100,,144365,21,,,1,95,,144366,21,,,1,32,,144367,21,,,1,70,,144368,21,,,1,30,,144369,21,,,1,70,,144370,21,,,1,30,,144371,21,,,1,70,,144372,21,,,1,30,,144373,21,,,1,70,,144374,21,,,1,30,,144375,21,,,1,70,,144376,21,,,1,30,,144377,21,,,1,70,,144378,21,,,1,30,,144379,21,,,1,70,,144380,21,,,1,30,,144381,21,,,1,68,,144382,21,,,1,28,,144383,21,,,1,70,,144384,21,,,1,30,,144385,21,,,1,77,,144386,21,,,1,100,,144387,21,,,1,100,,144388,21,,,1,100,,144389,21,,,1,100,,144390,21,,,1
24093000,'930X-Weekday-1-26-04-1111100',605,,150095,10,,,1,30,,150096,10,,,1,15,,150097,10,,,1,55,,150100,10,,,1,15,,150098,10,,,1,15,,150099,10,,,1,15,,150094,10,,,1,55,,150101,10,,,1,15,,150092,10,,,1,15,,150093,10,,,1,15,,150102,10,,,1,55,,150103,10,,,1
24093000,'930X-Weekday-2-26-04-1111100',605,,150107,10,,,1,30,,150108,10,,,1,15,,150109,10,,,1,55,,150112,10,,,1,15,,150110,10,,,1,15,,150111,10,,,1,15,,150106,10,,,1,55,,150113,10,,,1,15,,150104,10,,,1,15,,150105,10,,,1,15,,150114,10,,,1,55,,150115,10,,,1
24093000,'930X-Weekday-3-26-04-1111100',605,,150119,10,,,1,30,,150120,10,,,1,15,,150121,10,,,1,55,,150124,10,,,1,15,,150122,10,,,1,15,,150123,10,,,1,15,,150118,10,,,1,55,,150125,10,,,1,15,,150116,10,,,1,15,,150117,10,,,1,15,,150126,10,,,1,55,,150127,10,,,1
24093001,'930X-Weekday-1-26-04-1111100',1545,,150128,22,,,1,60,,150129,22,,,1,20,,150130,22,,,1,20,,150131,22,,,1,60,,150132,22,,,1,20,,150133,22,,,1,20,,150134,22,,,1,60,,150135,22,,,1
24093001,'930X-Weekday-2-26-04-1111100',1545,,150136,22,,,1,60,,150137,22,,,1,20,,150138,22,,,1,20,,150139,22,,,1,60,,150140,22,,,1,20,,150141,22,,,1,20,,150142,22,,,1,60,,150143,22,,,1
24093001,'930X-Weekday-3-26-04-1111100',1545,,150144,22,,,1,60,,150145,22,,,1,20,,150146,22,,,1,20,,150147,22,,,1,60,,150148,22,,,1,20,,150149,22,,,1,20,,150150,22,,,1,60,,150151,22,,,1
