66000,'660-Weekday-1-26-02-1111100',800,,112837,4,,1,8,,112836,4,,1,4,,112838,4,,1
66000,'660-Weekday-2-26-02-1111100',800,,112840,4,,1,8,,112839,4,,1,4,,112841,4,,1
66000,'660-Weekday-5-26-02-1111100',800,,112843,4,,1,8,,112842,4,,1,4,,112844,4,,1
66000,'660-Weekday-6-26-02-1111100',800,,112846,4,,1,8,,112845,4,,1,4,,112847,4,,1
66000,'660-Weekday-8-26-02-1111100',800,,112849,4,,1,8,,112848,4,,1,4,,112850,4,,1
66200,'662-Weekday-1-26-02-1111100',805,,112891,4,,1,5,,112892,4,,1,6,,112893,4,,1,6,,112894,4,,1,6,,112895,4,,1,6,,112896,4,,1
66200,'662-Weekday-2-26-02-1111100',805,,112897,4,,1,5,,112898,4,,1,6,,112899,4,,1,6,,112900,4,,1,6,,112901,4,,1,6,,112902,4,,1
66200,'662-Weekday-4-26-02-1111100',816,,112903,4,,1,6,,112904,4,,1,6,,112905,4,,1,6,,112906,4,,1
66200,'662-Weekday-5-26-02-1111100',805,,112907,4,,1,5,,112908,4,,1,6,,112909,4,,1,6,,112910,4,,1,6,,112911,4,,1,6,,112912,4,,1
66200,'662-Weekday-6-26-02-1111100',805,,112913,4,,1,5,,112914,4,,1
66200,'662-Weekday-8-26-02-1111100',805,,112915,4,,1,5,,112916,4,,1
