12701,'127-Weekday-1-26-02-1111100',826,,43403,28,,,1,100,,43396,28,,,1,100,,43397,28,,,1,100,,43398,28,,,1,100,,43399,28,,,1,100,,43400,28,,,1,100,,43401,28,,,1,100,,43402,28,,,1,100,,43404,28,,,1,100,,43405,28,,,1
12701,'127-Weekday-10-26-02-1111100',826,,43413,28,,,1,100,,43406,28,,,1,100,,43407,28,,,1,100,,43408,28,,,1,100,,43409,28,,,1,100,,43410,28,,,1,100,,43411,28,,,1,100,,43412,28,,,1,100,,43414,28,,,1,100,,43415,28,,,1
12701,'127-Weekday-2-26-02-1111100',826,,43423,28,,,1,100,,43416,28,,,1,100,,43417,28,,,1,100,,43418,28,,,1,100,,43419,28,,,1,100,,43420,28,,,1,100,,43421,28,,,1,100,,43422,28,,,1,100,,43424,28,,,1,100,,43425,28,,,1
12701,'127-Weekday-4-26-02-1111100',826,,43433,28,,,1,100,,43426,28,,,1,100,,43427,28,,,1,100,,43428,28,,,1,100,,43429,28,,,1,100,,43430,28,,,1,100,,43431,28,,,1,100,,43432,28,,,1,100,,43434,28,,,1,100,,43435,28,,,1
12701,'127-Weekday-5-26-02-1111100',826,,43443,28,,,1,100,,43436,28,,,1,100,,43437,28,,,1,100,,43438,28,,,1,100,,43439,28,,,1,100,,43440,28,,,1,100,,43441,28,,,1,100,,43442,28,,,1,100,,43444,28,,,1,100,,43445,28,,,1
12701,'127-Weekday-6-26-02-1111100',826,,43453,28,,,1,100,,43446,28,,,1,100,,43447,28,,,1,100,,43448,28,,,1,100,,43449,28,,,1,100,,43450,28,,,1,100,,43451,28,,,1,100,,43452,28,,,1,100,,43454,28,,,1,100,,43455,28,,,1
12701,'127-Weekday-7-26-02-1111100',826,,43463,28,,,1,100,,43456,28,,,1,100,,43457,28,,,1,100,,43458,28,,,1,100,,43459,28,,,1,100,,43460,28,,,1,100,,43461,28,,,1,100,,43462,28,,,1,100,,43464,28,,,1,100,,43465,28,,,1
12701,'127-Weekday-8-26-02-1111100',826,,43473,28,,,1,100,,43466,28,,,1,100,,43467,28,,,1,100,,43468,28,,,1,100,,43469,28,,,1,100,,43470,28,,,1,100,,43471,28,,,1,100,,43472,28,,,1,100,,43474,28,,,1,100,,43475,28,,,1
12701,'127-Weekday-9-26-02-1111100',826,,43483,28,,,1,100,,43476,28,,,1,100,,43477,28,,,1,100,,43478,28,,,1,100,,43479,28,,,1,100,,43480,28,,,1,100,,43481,28,,,1,100,,43482,28,,,1,100,,43484,28,,,1,100,,43485,28,,,1
12701,'127-Saturday-1-26-02-0000010',926,,43486,28,,,1,100,,43487,28,,,1,100,,43488,28,,,1,100,,43489,28,,,1,100,,43490,28,,,1,100,,43491,28,,,1,100,,43492,28,,,1,100,,43493,28,,,1,100,,43494,28,,,1
12701,'127-Sunday-1-26-02-0000001',827,,43495,16,,,1,100,,43496,16,,,1,100,,43497,16,,,1,100,,43498,16,,,1,100,,43499,16,,,1,100,,43500,16,,,1,100,,43501,16,,,1,100,,43502,16,,,1,100,,43503,16,,,1,100,,43504,16,,,1
