10701,'107-Weekday-1-26-04-1111100',546,,119743,27,,,1,70,,119744,27,,,1,32,,119745,27,,,1,10,,119768,27,,,1,50,,119746,27,,,1,10,,119747,27,,,1,10,,119769,27,,,1,10,,119748,27,,,1,10,,119749,27,,,1,10,,119770,27,,,1,48,,119798,27,,,1,2,,119750,27,,,1,10,,119751,27,,,1,10,,119752,27,,,1,8,,119799,27,,,1,2,,119753,27,,,1,10,,119754,27,,,1,59,,119771,27,,,1,19,,119755,27,,,1,20,,119756,27,,,1,60,,119772,27,,,1,20,,119773,27,,,1,20,,119774,27,,,1,60,,119775,27,,,1,20,,119776,27,,,1,20,,119777,27,,,1,60,,119778,27,,,1,20,,119779,27,,,1,20,,119780,27,,,1,60,,119781,27,,,1,20,,119782,27,,,1,20,,119783,27,,,1,60,,119784,27,,,1,20,,119785,27,,,1,20,,119786,27,,,1,61,,119795,27,,,1,16,,119767,27,,,1,15,,119787,27,,,1,15,,119788,27,,,1,55,,119789,27,,,1,15,,119757,27,,,1,15,,119758,27,,,1,15,,119759,27,,,1,55,,119760,27,,,1,15,,119761,27,,,1,15,,119762,27,,,1,62,,119796,27,,,1,20,,119797,27,,,1,19,,119763,27,,,1,69,,119791,27,,,1,30,,119792,27,,,1,70,,119793,27,,,1,30,,119794,27,,,1,70,,119764,27,,,1,30,,119766,27,,,1,70,,119765,27,,,1,30,,119790,27,,,1
10701,'107-Weekday-2-26-04-1111100',546,,119800,27,,,1,70,,119801,27,,,1,32,,119802,27,,,1,10,,119825,27,,,1,50,,119803,27,,,1,10,,119804,27,,,1,10,,119826,27,,,1,10,,119805,27,,,1,10,,119806,27,,,1,10,,119827,27,,,1,48,,119855,27,,,1,2,,119807,27,,,1,10,,119808,27,,,1,10,,119809,27,,,1,8,,119856,27,,,1,2,,119810,27,,,1,10,,119811,27,,,1,59,,119828,27,,,1,19,,119812,27,,,1,20,,119813,27,,,1,60,,119829,27,,,1,20,,119830,27,,,1,20,,119831,27,,,1,60,,119832,27,,,1,20,,119833,27,,,1,20,,119834,27,,,1,60,,119835,27,,,1,20,,119836,27,,,1,20,,119837,27,,,1,60,,119838,27,,,1,20,,119839,27,,,1,20,,119840,27,,,1,60,,119841,27,,,1,20,,119842,27,,,1,20,,119843,27,,,1,61,,119852,27,,,1,16,,119824,27,,,1,15,,119844,27,,,1,15,,119845,27,,,1,55,,119846,27,,,1,15,,119814,27,,,1,15,,119815,27,,,1,15,,119816,27,,,1,55,,119817,27,,,1,15,,119818,27,,,1,15,,119819,27,,,1,62,,119853,27,,,1,20,,119854,27,,,1,19,,119820,27,,,1,69,,119848,27,,,1,30,,119849,27,,,1,70,,119850,27,,,1,30,,119851,27,,,1,70,,119821,27,,,1,30,,119823,27,,,1,70,,119822,27,,,1,30,,119847,27,,,1
10701,'107-Weekday-3-26-04-1111100',546,,119857,27,,,1,70,,119858,27,,,1,32,,119859,27,,,1,10,,119882,27,,,1,50,,119860,27,,,1,10,,119861,27,,,1,10,,119883,27,,,1,10,,119862,27,,,1,10,,119863,27,,,1,10,,119884,27,,,1,48,,119912,27,,,1,2,,119864,27,,,1,10,,119865,27,,,1,10,,119866,27,,,1,10,,119867,27,,,1,10,,119868,27,,,1,59,,119885,27,,,1,19,,119869,27,,,1,20,,119870,27,,,1,60,,119886,27,,,1,20,,119887,27,,,1,20,,119888,27,,,1,60,,119889,27,,,1,20,,119890,27,,,1,20,,119891,27,,,1,60,,119892,27,,,1,20,,119893,27,,,1,20,,119894,27,,,1,60,,119895,27,,,1,20,,119896,27,,,1,20,,119897,27,,,1,60,,119898,27,,,1,20,,119899,27,,,1,20,,119900,27,,,1,61,,119909,27,,,1,16,,119881,27,,,1,15,,119901,27,,,1,15,,119902,27,,,1,55,,119903,27,,,1,15,,119871,27,,,1,15,,119872,27,,,1,15,,119873,27,,,1,55,,119874,27,,,1,15,,119875,27,,,1,15,,119876,27,,,1,62,,119910,27,,,1,20,,119911,27,,,1,19,,119877,27,,,1,69,,119905,27,,,1,30,,119906,27,,,1,70,,119907,27,,,1,30,,119908,27,,,1,70,,119878,27,,,1,30,,119880,27,,,1,70,,119879,27,,,1,30,,119904,27,,,1
10701,'107-Saturday-1-26-04-0000010',809,,119913,27,,,1,30,,119914,27,,,1,70,,119915,27,,,1,31,,119916,27,,,1,70,,119917,27,,,1,30,,119918,27,,,1,70,,119919,27,,,1,30,,119920,27,,,1,70,,119921,27,,,1,30,,119922,27,,,1,70,,119923,27,,,1,30,,119924,27,,,1,70,,119925,27,,,1,30,,119926,27,,,1,70,,119927,27,,,1,30,,119928,27,,,1,70,,119929,27,,,1,30,,119930,27,,,1,70,,119931,27,,,1,29,,119932,27,,,1,70,,119933,27,,,1,30,,119934,27,,,1,70,,119935,27,,,1
10701,'107-Sunday-1-26-04-0000001',958,,119936,27,,,1,70,,119937,27,,,1,30,,119938,27,,,1,70,,119939,27,,,1,30,,119940,27,,,1,70,,119941,27,,,1,30,,119942,27,,,1,70,,119943,27,,,1,30,,119944,27,,,1,70,,119945,27,,,1,30,,119946,27,,,1,70,,119947,27,,,1,30,,119948,27,,,1,70,,119949,27,,,1,30,,119950,27,,,1,69,,119951,27,,,1,30,,119952,27,,,1,70,,119953,27,,,1,30,,119954,27,,,1,70,,119955,27,,,1
62600,'626-Weekday-1-26-04-0001000',1247,,131727,38,,,1,4,,131728,38,,,1,4,,131729,38,,,1
62600,'626-Weekday-1-26-04-1110100',1545,,131730,38,,,1,4,,131731,38,,,1,4,,131732,38,,,1
62600,'626-Weekday-3-26-04-0001000',1247,,131733,38,,,1,4,,131734,38,,,1,4,,131735,38,,,1
62600,'626-Weekday-3-26-04-1110100',1545,,131736,38,,,1,4,,131737,38,,,1,4,,131738,38,,,1
62801,'628-Weekday-1-26-04-1111100',809,,131753,14,,,1
62801,'628-Weekday-2-26-04-1111100',809,,131754,14,,,1
