12100,'121-Weekday-1-26-02-1110100',1532,,94342,0,52,1,80,,94343,0,52,1
12100,'121-Weekday-1-26-02-1111100',1517,,94395,0,52,1,20,,94396,0,52,1,20,,94397,0,52,1,60,,94398,0,52,1,20,,94399,0,52,1,20,,94400,0,52,1,60,,94401,0,52,1,20,,94402,0,52,1,20,,94403,0,52,1
12100,'121-Weekday-2-26-02-1110100',1532,,94404,0,52,1,80,,94405,0,52,1
12100,'121-Weekday-2-26-02-1111100',1517,,94457,0,52,1,20,,94458,0,52,1,20,,94459,0,52,1,60,,94460,0,52,1,20,,94461,0,52,1,20,,94462,0,52,1,60,,94463,0,52,1,20,,94464,0,52,1,20,,94465,0,52,1
12100,'121-Weekday-4-26-02-1111100',1517,,94517,0,52,1,20,,94518,0,52,1,20,,94519,0,52,1,60,,94520,0,52,1,20,,94521,0,52,1,20,,94522,0,52,1,60,,94523,0,52,1,20,,94524,0,52,1,20,,94525,0,52,1
12100,'121-Weekday-5-26-02-1110100',1532,,94526,0,52,1,80,,94527,0,52,1
12100,'121-Weekday-5-26-02-1111100',1517,,94579,0,52,1,20,,94580,0,52,1,20,,94581,0,52,1,60,,94582,0,52,1,20,,94583,0,52,1,20,,94584,0,52,1,60,,94585,0,52,1,20,,94586,0,52,1,20,,94587,0,52,1
12100,'121-Weekday-6-26-02-1110100',1532,,94588,0,52,1,80,,94589,0,52,1
12100,'121-Weekday-6-26-02-1111100',1517,,94641,0,52,1,20,,94642,0,52,1,20,,94643,0,52,1,60,,94644,0,52,1,20,,94645,0,52,1,20,,94646,0,52,1,60,,94647,0,52,1,20,,94648,0,52,1,20,,94649,0,52,1
12100,'121-Weekday-7-26-02-1111100',1517,,94701,0,52,1,20,,94702,0,52,1,20,,94703,0,52,1,60,,94704,0,52,1,20,,94705,0,52,1,20,,94706,0,52,1,60,,94707,0,52,1,20,,94708,0,52,1,20,,94709,0,52,1
12100,'121-Weekday-8-26-02-1110100',1532,,94710,0,52,1,80,,94711,0,52,1
12100,'121-Weekday-8-26-02-1111100',1517,,94763,0,52,1,20,,94764,0,52,1,20,,94765,0,52,1,60,,94766,0,52,1,20,,94767,0,52,1,20,,94768,0,52,1,60,,94769,0,52,1,20,,94770,0,52,1,20,,94771,0,52,1
12100,'121-Weekday-9-26-02-1110100',1532,,94772,0,52,1,80,,94773,0,52,1
12100,'121-Weekday-9-26-02-1111100',1517,,94825,0,52,1,20,,94826,0,52,1,20,,94827,0,52,1,60,,94828,0,52,1,20,,94829,0,52,1,20,,94830,0,52,1,60,,94831,0,52,1,20,,94832,0,52,1,20,,94833,0,52,1
12101,'121-Weekday-1-26-02-1111100',616,,94955,,,1,20,,94954,,,1,20,,94956,,,1,60,,94957,,,1,14,,94962,,,1,6,,94959,,,1,16,,94963,,,1,4,,94961,,,1,60,,94958,,,1,20,,94960,,,1
12101,'121-Weekday-2-26-02-1111100',616,,95017,,,1,20,,95016,,,1,20,,95018,,,1,60,,95019,,,1,14,,95024,,,1,6,,95021,,,1,16,,95025,,,1,4,,95023,,,1,60,,95020,,,1,20,,95022,,,1
12101,'121-Weekday-4-26-02-1111100',616,,95079,,,1,20,,95078,,,1,20,,95080,,,1,60,,95081,,,1,20,,95083,,,1,20,,95085,,,1,60,,95082,,,1,20,,95084,,,1
12101,'121-Weekday-5-26-02-1111100',616,,95139,,,1,20,,95138,,,1,20,,95140,,,1,60,,95141,,,1,14,,95146,,,1,6,,95143,,,1,16,,95147,,,1,4,,95145,,,1,60,,95142,,,1,20,,95144,,,1
12101,'121-Weekday-6-26-02-1111100',616,,95201,,,1,20,,95200,,,1,20,,95202,,,1,60,,95203,,,1,14,,95208,,,1,6,,95205,,,1,16,,95209,,,1,4,,95207,,,1,60,,95204,,,1,20,,95206,,,1
12101,'121-Weekday-7-26-02-1111100',616,,95263,,,1,20,,95262,,,1,20,,95264,,,1,60,,95265,,,1,20,,95267,,,1,20,,95269,,,1,60,,95266,,,1,20,,95268,,,1
12101,'121-Weekday-8-26-02-1111100',616,,95323,,,1,20,,95322,,,1,20,,95324,,,1,60,,95325,,,1,14,,95330,,,1,6,,95327,,,1,16,,95331,,,1,4,,95329,,,1,60,,95326,,,1,20,,95328,,,1
12101,'121-Weekday-9-26-02-1111100',616,,95385,,,1,20,,95384,,,1,20,,95386,,,1,60,,95387,,,1,14,,95392,,,1,6,,95389,,,1,16,,95393,,,1,4,,95391,,,1,60,,95388,,,1,20,,95390,,,1
