5101,'051-Weekday-1-26-06-1111100',533,,166756,18,,,1,70,,166757,18,,,1,31,,166768,18,,,1,22,,166767,18,,,1,60,,166758,18,,,1,20,,166759,18,,,1,20,,166760,18,,,1,60,,166761,18,,,1,20,,166762,18,,,1,20,,166741,18,,,1,67,,166755,18,,,1,30,,166742,18,,,1,70,,166763,18,,,1,30,,166743,18,,,1,70,,166744,18,,,1,30,,166764,18,,,1,70,,166745,18,,,1,30,,166746,18,,,1,70,,166765,18,,,1,30,,166747,18,,,1,70,,166766,18,,,1,30,,166748,18,,,1,70,,166749,18,,,1,31,,166750,18,,,1,70,,166751,18,,,1,30,,166752,18,,,1,70,,166753,18,,,1,30,,166770,18,,,1,70,,166771,18,,,1,28,,166772,18,,,1,70,,166773,18,,,1,30,,166774,18,,,1,70,,166775,18,,,1,30,,166776,18,,,1,70,,166777,18,,,1,30,,166754,18,,,1,100,,166769,18,,,1
5101,'051-Weekday-2-26-06-1111100',533,,191492,18,,,1,70,,191493,18,,,1,31,,191504,18,,,1,22,,191503,18,,,1,60,,191494,18,,,1,20,,191495,18,,,1,20,,191496,18,,,1,60,,191497,18,,,1,20,,191498,18,,,1,20,,191477,18,,,1,67,,191491,18,,,1,30,,191478,18,,,1,70,,191499,18,,,1,30,,191479,18,,,1,70,,191480,18,,,1,30,,191500,18,,,1,70,,191481,18,,,1,30,,191482,18,,,1,70,,191501,18,,,1,30,,191483,18,,,1,70,,191502,18,,,1,30,,191484,18,,,1,70,,191485,18,,,1,31,,191486,18,,,1,70,,191487,18,,,1,30,,191488,18,,,1,70,,191489,18,,,1,30,,191506,18,,,1,70,,191507,18,,,1,28,,191508,18,,,1,70,,191509,18,,,1,30,,191510,18,,,1,70,,191511,18,,,1,30,,191512,18,,,1,70,,191513,18,,,1,30,,191490,18,,,1,100,,191505,18,,,1
5101,'051-Saturday-1-26-06-0000010',612,,166778,18,,,1,100,,166779,18,,,1,100,,166780,18,,,1,30,,166781,18,,,1,70,,166782,18,,,1,30,,166783,18,,,1,70,,166784,18,,,1,30,,166785,18,,,1,70,,166786,18,,,1,30,,166787,18,,,1,70,,166788,18,,,1,30,,166789,18,,,1,70,,166790,18,,,1,30,,166791,18,,,1,70,,166792,18,,,1,30,,166793,18,,,1,70,,166794,18,,,1,30,,166795,18,,,1,70,,166796,18,,,1,30,,166797,18,,,1,69,,166798,18,,,1,30,,166799,18,,,1,70,,166800,18,,,1,30,,166801,18,,,1,70,,166802,18,,,1,100,,166803,18,,,1,100,,166804,18,,,1,100,,166805,18,,,1
5101,'051-Sunday-1-26-06-0000001',712,,166825,18,,,1,100,,166826,18,,,1,101,,166827,18,,,1,30,,166830,18,,,1,70,,166806,18,,,1,30,,166807,18,,,1,70,,166808,18,,,1,30,,166809,18,,,1,70,,166810,18,,,1,30,,166811,18,,,1,70,,166812,18,,,1,30,,166813,18,,,1,70,,166814,18,,,1,30,,166815,18,,,1,70,,166816,18,,,1,30,,166817,18,,,1,70,,166818,18,,,1,30,,166819,18,,,1,69,,166820,18,,,1,30,,166821,18,,,1,70,,166822,18,,,1,30,,166823,18,,,1,70,,166824,18,,,1,100,,166828,18,,,1,100,,166829,18,,,1,100,,166831,18,,,1
5101,'051-Sunday-2-26-06-0000001',712,,191533,18,,,1,100,,191534,18,,,1,101,,191535,18,,,1,30,,191538,18,,,1,70,,191514,18,,,1,30,,191515,18,,,1,70,,191516,18,,,1,30,,191517,18,,,1,70,,191518,18,,,1,30,,191519,18,,,1,70,,191520,18,,,1,30,,191521,18,,,1,70,,191522,18,,,1,30,,191523,18,,,1,70,,191524,18,,,1,30,,191525,18,,,1,70,,191526,18,,,1,30,,191527,18,,,1,69,,191528,18,,,1,30,,191529,18,,,1,70,,191530,18,,,1,30,,191531,18,,,1,70,,191532,18,,,1,100,,191536,18,,,1,100,,191537,18,,,1,100,,191539,18,,,1
12401,'124-Weekday-1-26-06-1111100',547,,173822,38,,,1,70,,173823,38,,,1,35,,173847,38,,,1,62,,173824,38,,,1,20,,173825,38,,,1,20,,173826,38,,,1,60,,173827,38,,,1,20,,173828,38,,,1,20,,173817,38,,,1,68,,173839,38,,,1,29,,173840,38,,,1,70,,173841,38,,,1,30,,173842,38,,,1,70,,173843,38,,,1,30,,173829,38,,,1,70,,173830,38,,,1,30,,173831,38,,,1,70,,173832,38,,,1,30,,173833,38,,,1,70,,173834,38,,,1,30,,173835,38,,,1,71,,173818,38,,,1,25,,173844,38,,,1,60,,173845,38,,,1,20,,173846,38,,,1,20,,173837,38,,,1,60,,173838,38,,,1,20,,173836,38,,,1,20,,173819,38,,,1,70,,173821,38,,,1,28,,173820,38,,,1,66,,173848,38,,,1,27,,173849,38,,,1,68,,173850,38,,,1,30,,173851,38,,,1,70,,173852,38,,,1,30,,173853,38,,,1,69,,173854,38,,,1
12401,'124-Weekday-2-26-06-1111100',547,,194814,38,,,1,70,,194815,38,,,1,35,,194839,38,,,1,62,,194816,38,,,1,20,,194817,38,,,1,20,,194818,38,,,1,60,,194819,38,,,1,20,,194820,38,,,1,20,,194809,38,,,1,68,,194831,38,,,1,29,,194832,38,,,1,70,,194833,38,,,1,30,,194834,38,,,1,70,,194835,38,,,1,30,,194821,38,,,1,70,,194822,38,,,1,30,,194823,38,,,1,70,,194824,38,,,1,30,,194825,38,,,1,70,,194826,38,,,1,30,,194827,38,,,1,71,,194810,38,,,1,25,,194836,38,,,1,60,,194837,38,,,1,20,,194838,38,,,1,20,,194829,38,,,1,60,,194830,38,,,1,20,,194828,38,,,1,20,,194811,38,,,1,70,,194813,38,,,1,28,,194812,38,,,1,66,,194840,38,,,1,27,,194841,38,,,1,68,,194842,38,,,1,30,,194843,38,,,1,70,,194844,38,,,1,30,,194845,38,,,1,69,,194846,38,,,1
12401,'124-Saturday-1-26-06-0000010',823,,173855,38,,,1,30,,173856,38,,,1,72,,173857,38,,,1,30,,173858,38,,,1,70,,173859,38,,,1,30,,173860,38,,,1,70,,173861,38,,,1,30,,173862,38,,,1,70,,173863,38,,,1,30,,173864,38,,,1,70,,173865,38,,,1,30,,173866,38,,,1,70,,173867,38,,,1,30,,173868,38,,,1,70,,173869,38,,,1,30,,173870,38,,,1,70,,173871,38,,,1,30,,173872,38,,,1,75,,173873,38,,,1,70,,173874,38,,,1,30,,173875,38,,,1,28,,173876,38,,,1,69,,173877,38,,,1
12401,'124-Sunday-1-26-06-0000001',1013,,173878,38,,,1,30,,173879,38,,,1,70,,173880,38,,,1,29,,173881,38,,,1,70,,173882,38,,,1,30,,173883,38,,,1,70,,173884,38,,,1,30,,173885,38,,,1,70,,173886,38,,,1,30,,173887,38,,,1,70,,173888,38,,,1,30,,173889,38,,,1,70,,173891,38,,,1,30,,173892,38,,,1,69,,173893,38,,,1,31,,173890,38,,,1,70,,173894,38,,,1,30,,173895,38,,,1,71,,173896,38,,,1
12401,'124-Sunday-2-26-06-0000001',1013,,194847,38,,,1,30,,194848,38,,,1,70,,194849,38,,,1,29,,194850,38,,,1,70,,194851,38,,,1,30,,194852,38,,,1,70,,194853,38,,,1,30,,194854,38,,,1,70,,194855,38,,,1,30,,194856,38,,,1,70,,194857,38,,,1,30,,194858,38,,,1,70,,194860,38,,,1,30,,194861,38,,,1,69,,194862,38,,,1,31,,194859,38,,,1,70,,194863,38,,,1,30,,194864,38,,,1,71,,194865,38,,,1
24014001,'140X-Weekday-1-26-06-1111100',621,,187125,38,,,1,21,,187130,38,,,1,61,,187124,38,,,1,20,,187126,38,,,1,20,,187127,38,,,1,60,,187128,38,,,1,20,,187129,38,,,1,20,,187131,38,,,1
24014001,'140X-Weekday-2-26-06-1111100',621,,203029,38,,,1,21,,203034,38,,,1,61,,203028,38,,,1,20,,203030,38,,,1,20,,203031,38,,,1,60,,203032,38,,,1,20,,203033,38,,,1,20,,203035,38,,,1
