65801,'658-Weekday-1-26-02-1111100',758,,61378,20,,,1,42,,61379,20,,,1
65801,'658-Weekday-2-26-02-1111100',758,,61380,20,,,1,42,,61381,20,,,1
65801,'658-Weekday-5-26-02-1111100',758,,61382,20,,,1,42,,61383,20,,,1
65801,'658-Weekday-6-26-02-1111100',758,,61384,20,,,1,42,,61385,20,,,1
65801,'658-Weekday-8-26-02-1111100',758,,61386,20,,,1,42,,61387,20,,,1
65801,'658-Weekday-9-26-02-1111100',758,,61388,20,,,1,42,,61389,20,,,1
66401,'664-Weekday-1-26-02-1111100',757,,61600,14,,,1,87,,61601,38,0,35 36,1,3,,61602,38,0,35 36,1
66401,'664-Weekday-2-26-02-1111100',757,,61603,14,,,1,87,,61604,38,0,35 36,1,3,,61605,38,0,35 36,1
66401,'664-Weekday-4-26-02-1111100',844,,61606,38,0,35 36,1,3,,61607,38,0,35 36,1
66401,'664-Weekday-5-26-02-1111100',757,,61608,14,,,1,87,,61609,38,0,35 36,1,3,,61610,38,0,35 36,1
66401,'664-Weekday-6-26-02-1111100',757,,61611,14,,,1
66401,'664-Weekday-8-26-02-1111100',757,,61612,14,,,1
66401,'664-Weekday-9-26-02-1111100',757,,61613,14,,,1,87,,61614,38,0,35 36,1,3,,61615,38,0,35 36,1
66501,'665-Weekday-1-26-02-1111100',845,,61632,45,,,1,2,,61633,45,,,1
66501,'665-Weekday-2-26-02-1111100',845,,61634,45,,,1,2,,61635,45,,,1
66501,'665-Weekday-4-26-02-1111100',845,,61636,45,,,1,2,,61637,45,,,1
66501,'665-Weekday-5-26-02-1111100',845,,61638,45,,,1,2,,61639,45,,,1
66501,'665-Weekday-9-26-02-1111100',845,,61640,45,,,1,2,,61641,45,,,1
