10701,'107-Weekday-1-26-02-1111100',540,,31135,17,,,1,70,,31136,17,,,1,31,,31137,17,,,1,10,,31160,17,,,1,50,,31138,17,,,1,10,,31139,17,,,1,10,,31161,17,,,1,10,,31140,17,,,1,10,,31141,17,,,1,10,,31162,17,,,1,8,,31190,17,,,1,42,,31142,17,,,1,10,,31143,17,,,1,10,,31144,17,,,1,8,,31191,17,,,1,2,,31145,17,,,1,10,,31146,17,,,1,60,,31163,17,,,1,19,,31147,17,,,1,20,,31148,17,,,1,60,,31164,17,,,1,20,,31165,17,,,1,20,,31166,17,,,1,60,,31167,17,,,1,20,,31168,17,,,1,20,,31169,17,,,1,60,,31170,17,,,1,20,,31171,17,,,1,20,,31172,17,,,1,60,,31173,17,,,1,20,,31174,17,,,1,20,,31175,17,,,1,60,,31176,17,,,1,20,,31177,17,,,1,20,,31178,17,,,1,60,,31187,17,,,1,16,,31159,17,,,1,15,,31179,17,,,1,15,,31180,17,,,1,55,,31181,17,,,1,15,,31149,17,,,1,15,,31150,17,,,1,15,,31151,17,,,1,55,,31152,17,,,1,15,,31153,17,,,1,15,,31154,17,,,1,22,,31188,17,,,1,60,,31189,17,,,1,20,,31155,17,,,1,69,,31183,17,,,1,30,,31184,17,,,1,70,,31185,17,,,1,30,,31186,17,,,1,70,,31156,17,,,1,30,,31158,17,,,1,70,,31157,17,,,1,30,,31182,17,,,1
10701,'107-Weekday-10-26-02-1111100',540,,31192,17,,,1,70,,31193,17,,,1,31,,31194,17,,,1,10,,31217,17,,,1,50,,31195,17,,,1,10,,31196,17,,,1,10,,31218,17,,,1,10,,31197,17,,,1,10,,31198,17,,,1,10,,31219,17,,,1,8,,31247,17,,,1,42,,31199,17,,,1,10,,31200,17,,,1,10,,31201,17,,,1,8,,31248,17,,,1,2,,31202,17,,,1,10,,31203,17,,,1,60,,31220,17,,,1,19,,31204,17,,,1,20,,31205,17,,,1,60,,31221,17,,,1,20,,31222,17,,,1,20,,31223,17,,,1,60,,31224,17,,,1,20,,31225,17,,,1,20,,31226,17,,,1,60,,31227,17,,,1,20,,31228,17,,,1,20,,31229,17,,,1,60,,31230,17,,,1,20,,31231,17,,,1,20,,31232,17,,,1,60,,31233,17,,,1,20,,31234,17,,,1,20,,31235,17,,,1,60,,31244,17,,,1,16,,31216,17,,,1,15,,31236,17,,,1,15,,31237,17,,,1,55,,31238,17,,,1,15,,31206,17,,,1,15,,31207,17,,,1,15,,31208,17,,,1,55,,31209,17,,,1,15,,31210,17,,,1,15,,31211,17,,,1,22,,31245,17,,,1,60,,31246,17,,,1,20,,31212,17,,,1,69,,31240,17,,,1,30,,31241,17,,,1,70,,31242,17,,,1,30,,31243,17,,,1,70,,31213,17,,,1,30,,31215,17,,,1,70,,31214,17,,,1,30,,31239,17,,,1
10701,'107-Weekday-4-26-02-1111100',540,,31306,17,,,1,70,,31307,17,,,1,31,,31308,17,,,1,10,,31331,17,,,1,50,,31309,17,,,1,10,,31310,17,,,1,10,,31332,17,,,1,10,,31311,17,,,1,10,,31312,17,,,1,10,,31333,17,,,1,50,,31313,17,,,1,10,,31314,17,,,1,10,,31315,17,,,1,10,,31316,17,,,1,10,,31317,17,,,1,60,,31334,17,,,1,19,,31318,17,,,1,20,,31319,17,,,1,60,,31335,17,,,1,20,,31336,17,,,1,20,,31337,17,,,1,60,,31338,17,,,1,20,,31339,17,,,1,20,,31340,17,,,1,60,,31341,17,,,1,20,,31342,17,,,1,20,,31343,17,,,1,60,,31344,17,,,1,20,,31345,17,,,1,20,,31346,17,,,1,60,,31347,17,,,1,20,,31348,17,,,1,20,,31349,17,,,1,60,,31358,17,,,1,16,,31330,17,,,1,15,,31350,17,,,1,15,,31351,17,,,1,55,,31352,17,,,1,15,,31320,17,,,1,15,,31321,17,,,1,15,,31322,17,,,1,55,,31323,17,,,1,15,,31324,17,,,1,15,,31325,17,,,1,22,,31359,17,,,1,60,,31360,17,,,1,20,,31326,17,,,1,69,,31354,17,,,1,30,,31355,17,,,1,70,,31356,17,,,1,30,,31357,17,,,1,70,,31327,17,,,1,30,,31329,17,,,1,70,,31328,17,,,1,30,,31353,17,,,1
10701,'107-Weekday-5-26-02-1111100',540,,31361,17,,,1,70,,31362,17,,,1,31,,31363,17,,,1,10,,31386,17,,,1,50,,31364,17,,,1,10,,31365,17,,,1,10,,31387,17,,,1,10,,31366,17,,,1,10,,31367,17,,,1,10,,31388,17,,,1,8,,31416,17,,,1,42,,31368,17,,,1,10,,31369,17,,,1,10,,31370,17,,,1,8,,31417,17,,,1,2,,31371,17,,,1,10,,31372,17,,,1,60,,31389,17,,,1,19,,31373,17,,,1,20,,31374,17,,,1,60,,31390,17,,,1,20,,31391,17,,,1,20,,31392,17,,,1,60,,31393,17,,,1,20,,31394,17,,,1,20,,31395,17,,,1,60,,31396,17,,,1,20,,31397,17,,,1,20,,31398,17,,,1,60,,31399,17,,,1,20,,31400,17,,,1,20,,31401,17,,,1,60,,31402,17,,,1,20,,31403,17,,,1,20,,31404,17,,,1,60,,31413,17,,,1,16,,31385,17,,,1,15,,31405,17,,,1,15,,31406,17,,,1,55,,31407,17,,,1,15,,31375,17,,,1,15,,31376,17,,,1,15,,31377,17,,,1,55,,31378,17,,,1,15,,31379,17,,,1,15,,31380,17,,,1,22,,31414,17,,,1,60,,31415,17,,,1,20,,31381,17,,,1,69,,31409,17,,,1,30,,31410,17,,,1,70,,31411,17,,,1,30,,31412,17,,,1,70,,31382,17,,,1,30,,31384,17,,,1,70,,31383,17,,,1,30,,31408,17,,,1
10701,'107-Weekday-7-26-02-1111100',540,,31474,17,,,1,70,,31475,17,,,1,31,,31476,17,,,1,10,,31499,17,,,1,50,,31477,17,,,1,10,,31478,17,,,1,10,,31500,17,,,1,10,,31479,17,,,1,10,,31480,17,,,1,10,,31501,17,,,1,50,,31481,17,,,1,10,,31482,17,,,1,10,,31483,17,,,1,10,,31484,17,,,1,10,,31485,17,,,1,60,,31502,17,,,1,19,,31486,17,,,1,20,,31487,17,,,1,60,,31503,17,,,1,20,,31504,17,,,1,20,,31505,17,,,1,60,,31506,17,,,1,20,,31507,17,,,1,20,,31508,17,,,1,60,,31509,17,,,1,20,,31510,17,,,1,20,,31511,17,,,1,60,,31512,17,,,1,20,,31513,17,,,1,20,,31514,17,,,1,60,,31515,17,,,1,20,,31516,17,,,1,20,,31517,17,,,1,60,,31526,17,,,1,16,,31498,17,,,1,15,,31518,17,,,1,15,,31519,17,,,1,55,,31520,17,,,1,15,,31488,17,,,1,15,,31489,17,,,1,15,,31490,17,,,1,55,,31491,17,,,1,15,,31492,17,,,1,15,,31493,17,,,1,22,,31527,17,,,1,60,,31528,17,,,1,20,,31494,17,,,1,69,,31522,17,,,1,30,,31523,17,,,1,70,,31524,17,,,1,30,,31525,17,,,1,70,,31495,17,,,1,30,,31497,17,,,1,70,,31496,17,,,1,30,,31521,17,,,1
10701,'107-Saturday-1-26-02-0000010',803,,31642,17,,,1,30,,31643,17,,,1,70,,31644,17,,,1,31,,31645,17,,,1,70,,31646,17,,,1,30,,31647,17,,,1,70,,31648,17,,,1,30,,31649,17,,,1,70,,31650,17,,,1,30,,31651,17,,,1,70,,31652,17,,,1,30,,31653,17,,,1,70,,31654,17,,,1,30,,31655,17,,,1,70,,31656,17,,,1,30,,31657,17,,,1,70,,31658,17,,,1,30,,31659,17,,,1,70,,31660,17,,,1,29,,31661,17,,,1,70,,31662,17,,,1,30,,31663,17,,,1,70,,31664,17,,,1
10701,'107-Sunday-1-26-02-0000001',952,,31665,17,,,1,70,,31666,17,,,1,30,,31667,17,,,1,70,,31668,17,,,1,30,,31669,17,,,1,70,,31670,17,,,1,30,,31671,17,,,1,70,,31672,17,,,1,30,,31673,17,,,1,70,,31674,17,,,1,30,,31675,17,,,1,70,,31676,17,,,1,30,,31677,17,,,1,70,,31678,17,,,1,30,,31679,17,,,1,69,,31680,17,,,1,30,,31681,17,,,1,70,,31682,17,,,1,30,,31683,17,,,1,70,,31684,17,,,1
62801,'628-Weekday-1-26-02-1111100',800,,60908,4,,,1
62801,'628-Weekday-5-26-02-1111100',800,,60911,4,,,1
62801,'628-Weekday-9-26-02-1111100',800,,60912,4,,,1
