10901,'109-Weekday-1-26-02-1111100',522,,33535,2,,,1,30,,33536,2,,,1,70,,33537,2,,,1,23,,33538,2,,,1,55,,33539,2,,,1,15,,33575,2,,,1,15,,33540,2,,,1,15,,33541,2,,,1,55,,33542,2,,,1,15,,33576,2,,,1,15,,33543,2,,,1,22,,33544,2,,,1,70,,33545,2,,,1,30,,33546,2,,,1,70,,33547,2,,,1,30,,33548,2,,,1,70,,33549,2,,,1,30,,33550,2,,,1,70,,33551,2,,,1,30,,33552,2,,,1,70,,33553,2,,,1,30,,33554,2,,,1,70,,33555,2,,,1,30,,33556,2,,,1,63,,33557,2,,,1,15,,33558,2,,,1,15,,33577,2,,,1,55,,33559,2,,,1,15,,33560,2,,,1,15,,33561,2,,,1,15,,33562,2,,,1,55,,33578,2,,,1,22,,33563,2,,,1,30,,33564,2,,,1,70,,33565,2,,,1,30,,33566,2,,,1,70,,33567,2,,,1,30,,33568,2,,,1,70,,33569,2,,,1,30,,33570,2,,,1,70,,33571,2,,,1,30,,33572,2,,,1,100,,33573,2,,,1,100,,33574,2,,,1
10901,'109-Weekday-10-26-02-1111100',522,,33579,2,,,1,30,,33580,2,,,1,70,,33581,2,,,1,23,,33582,2,,,1,55,,33583,2,,,1,15,,33619,2,,,1,15,,33584,2,,,1,15,,33585,2,,,1,55,,33586,2,,,1,15,,33620,2,,,1,15,,33587,2,,,1,22,,33588,2,,,1,70,,33589,2,,,1,30,,33590,2,,,1,70,,33591,2,,,1,30,,33592,2,,,1,70,,33593,2,,,1,30,,33594,2,,,1,70,,33595,2,,,1,30,,33596,2,,,1,70,,33597,2,,,1,30,,33598,2,,,1,70,,33599,2,,,1,30,,33600,2,,,1,63,,33601,2,,,1,15,,33602,2,,,1,15,,33621,2,,,1,55,,33603,2,,,1,15,,33604,2,,,1,15,,33605,2,,,1,15,,33606,2,,,1,55,,33622,2,,,1,22,,33607,2,,,1,30,,33608,2,,,1,70,,33609,2,,,1,30,,33610,2,,,1,70,,33611,2,,,1,30,,33612,2,,,1,70,,33613,2,,,1,30,,33614,2,,,1,70,,33615,2,,,1,30,,33616,2,,,1,100,,33617,2,,,1,100,,33618,2,,,1
10901,'109-Weekday-4-26-02-1111100',522,,33667,2,,,1,30,,33668,2,,,1,70,,33669,2,,,1,23,,33670,2,,,1,55,,33671,2,,,1,15,,33707,2,,,1,15,,33672,2,,,1,15,,33673,2,,,1,55,,33674,2,,,1,15,,33708,2,,,1,15,,33675,2,,,1,22,,33676,2,,,1,70,,33677,2,,,1,30,,33678,2,,,1,70,,33679,2,,,1,30,,33680,2,,,1,70,,33681,2,,,1,30,,33682,2,,,1,70,,33683,2,,,1,30,,33684,2,,,1,70,,33685,2,,,1,30,,33686,2,,,1,70,,33687,2,,,1,30,,33688,2,,,1,63,,33689,2,,,1,15,,33690,2,,,1,15,,33709,2,,,1,55,,33691,2,,,1,15,,33692,2,,,1,15,,33693,2,,,1,15,,33694,2,,,1,55,,33710,2,,,1,22,,33695,2,,,1,30,,33696,2,,,1,70,,33697,2,,,1,30,,33698,2,,,1,70,,33699,2,,,1,30,,33700,2,,,1,70,,33701,2,,,1,30,,33702,2,,,1,70,,33703,2,,,1,30,,33704,2,,,1,100,,33705,2,,,1,100,,33706,2,,,1
10901,'109-Weekday-5-26-02-1111100',522,,33711,2,,,1,30,,33712,2,,,1,70,,33713,2,,,1,23,,33714,2,,,1,55,,33715,2,,,1,15,,33751,2,,,1,15,,33716,2,,,1,15,,33717,2,,,1,55,,33718,2,,,1,15,,33752,2,,,1,15,,33719,2,,,1,22,,33720,2,,,1,70,,33721,2,,,1,30,,33722,2,,,1,70,,33723,2,,,1,30,,33724,2,,,1,70,,33725,2,,,1,30,,33726,2,,,1,70,,33727,2,,,1,30,,33728,2,,,1,70,,33729,2,,,1,30,,33730,2,,,1,70,,33731,2,,,1,30,,33732,2,,,1,63,,33733,2,,,1,15,,33734,2,,,1,15,,33753,2,,,1,55,,33735,2,,,1,15,,33736,2,,,1,15,,33737,2,,,1,15,,33738,2,,,1,55,,33754,2,,,1,22,,33739,2,,,1,30,,33740,2,,,1,70,,33741,2,,,1,30,,33742,2,,,1,70,,33743,2,,,1,30,,33744,2,,,1,70,,33745,2,,,1,30,,33746,2,,,1,70,,33747,2,,,1,30,,33748,2,,,1,100,,33749,2,,,1,100,,33750,2,,,1
10901,'109-Weekday-7-26-02-1111100',522,,33799,2,,,1,30,,33800,2,,,1,70,,33801,2,,,1,23,,33802,2,,,1,55,,33803,2,,,1,15,,33839,2,,,1,15,,33804,2,,,1,15,,33805,2,,,1,55,,33806,2,,,1,15,,33840,2,,,1,15,,33807,2,,,1,22,,33808,2,,,1,70,,33809,2,,,1,30,,33810,2,,,1,70,,33811,2,,,1,30,,33812,2,,,1,70,,33813,2,,,1,30,,33814,2,,,1,70,,33815,2,,,1,30,,33816,2,,,1,70,,33817,2,,,1,30,,33818,2,,,1,70,,33819,2,,,1,30,,33820,2,,,1,63,,33821,2,,,1,15,,33822,2,,,1,15,,33841,2,,,1,55,,33823,2,,,1,15,,33824,2,,,1,15,,33825,2,,,1,15,,33826,2,,,1,55,,33842,2,,,1,22,,33827,2,,,1,30,,33828,2,,,1,70,,33829,2,,,1,30,,33830,2,,,1,70,,33831,2,,,1,30,,33832,2,,,1,70,,33833,2,,,1,30,,33834,2,,,1,70,,33835,2,,,1,30,,33836,2,,,1,100,,33837,2,,,1,100,,33838,2,,,1
10901,'109-Saturday-1-26-02-0000010',814,,33931,2,,,1,30,,33932,2,,,1,70,,33933,2,,,1,30,,33934,2,,,1,70,,33935,2,,,1,30,,33936,2,,,1,70,,33937,2,,,1,30,,33938,2,,,1,70,,33939,2,,,1,30,,33940,2,,,1,70,,33941,2,,,1,30,,33942,2,,,1,70,,33943,2,,,1,30,,33944,2,,,1,70,,33945,2,,,1,30,,33946,2,,,1,70,,33947,2,,,1,30,,33948,2,,,1,70,,33949,2,,,1,30,,33950,2,,,1,70,,33951,2,,,1,30,,33952,2,,,1,70,,33953,2,,,1,30,,33954,2,,,1,70,,33955,2,,,1,30,,33956,2,,,1,70,,33957,2,,,1,30,,33958,2,,,1
10901,'109-Sunday-1-26-02-0000001',1024,,33959,2,,,1,30,,33960,2,,,1,70,,33961,2,,,1,30,,33962,2,,,1,70,,33963,2,,,1,30,,33964,2,,,1,70,,33965,2,,,1,30,,33966,2,,,1,70,,33967,2,,,1,30,,33968,2,,,1,70,,33969,2,,,1,30,,33970,2,,,1,70,,33971,2,,,1,30,,33972,2,,,1,70,,33973,2,,,1,30,,33974,2,,,1,70,,33975,2,,,1,30,,33976,2,,,1
61400,'614-Weekday-1-26-02-0001000',1224,,60494,8,,,1,213,,60495,8,,,1
61400,'614-Weekday-1-26-02-1110100',1522,,60496,8,,,1,15,,60497,8,,,1
61400,'614-Weekday-5-26-02-0000100',1224,,60503,8,,,1
61400,'614-Weekday-5-26-02-0001000',1437,,60504,8,,,1
61400,'614-Weekday-5-26-02-1110100',1537,,60505,8,,,1
61400,'614-Weekday-5-26-02-1111000',1522,,60506,8,,,1
61400,'614-Weekday-9-26-02-0001000',1224,,60509,8,,,1,213,,60510,8,,,1
