5301,'053-Weekday-1-26-04-1111100',557,,115322,25,,,1,70,,115323,25,,,1,73,,115354,25,,,1,15,,115324,25,,,1,15,,115325,25,,,1,15,,115352,25,,,1,55,,115326,25,,,1,15,,115362,25,,,1,15,,115363,25,,,1,15,,115357,25,,,1,55,,115361,25,,,1,30,,115353,25,,,1,70,,115327,25,,,1,30,,115328,25,,,1,70,,115329,25,,,1,30,,115330,25,,,1,70,,115331,25,,,1,30,,115332,25,,,1,70,,115333,25,,,1,30,,115334,25,,,1,70,,115335,25,,,1,30,,115336,25,,,1,70,,115337,25,,,1,31,,115338,25,,,1,15,,115339,25,,,1,55,,115340,25,,,1,15,,115355,25,,,1,15,,115341,25,,,1,15,,115342,25,,,1,55,,115356,25,,,1,15,,115343,25,,,1,15,,115358,25,,,1,15,,115364,25,,,1,55,,115365,25,,,1,30,,115366,25,,,1,69,,115359,25,,,1,30,,115344,25,,,1,70,,115345,25,,,1,30,,115346,25,,,1,70,,115347,25,,,1,30,,115348,25,,,1,70,,115349,25,,,1,28,,115350,25,,,1,100,,115351,25,,,1,100,,115360,25,,,1
5301,'053-Saturday-1-26-04-0000010',631,,115457,25,,,1,100,,115458,25,,,1,100,,115459,25,,,1,88,,115460,25,,,1,30,,115461,25,,,1,70,,115462,25,,,1,30,,115463,25,,,1,70,,115464,25,,,1,30,,115465,25,,,1,70,,115466,25,,,1,30,,115467,25,,,1,70,,115468,25,,,1,30,,115469,25,,,1,70,,115470,25,,,1,30,,115471,25,,,1,70,,115472,25,,,1,30,,115473,25,,,1,70,,115474,25,,,1,30,,115475,25,,,1,70,,115476,25,,,1,30,,115477,25,,,1,70,,115478,25,,,1,30,,115479,25,,,1,70,,115480,25,,,1,30,,115485,25,,,1,82,,115481,25,,,1,100,,115482,25,,,1,100,,115483,25,,,1,100,,115484,25,,,1
5301,'053-Sunday-1-26-04-0000001',728,,115486,25,,,1,100,,115487,25,,,1,91,,115488,25,,,1,100,,115489,25,,,1,30,,115490,25,,,1,70,,115491,25,,,1,30,,115492,25,,,1,70,,115493,25,,,1,30,,115494,25,,,1,70,,115495,25,,,1,30,,115496,25,,,1,70,,115497,25,,,1,30,,115498,25,,,1,70,,115499,25,,,1,30,,115500,25,,,1,70,,115501,25,,,1,30,,115502,25,,,1,70,,115503,25,,,1,30,,115504,25,,,1,70,,115505,25,,,1,30,,115506,25,,,1,79,,115507,25,,,1,100,,115508,25,,,1,100,,115509,25,,,1,100,,115510,25,,,1,100,,115511,25,,,1
52200,'522-Weekday-1-26-04-1111100',634,,130183,33,,,1,71,,130184,33,,,1,31,,130185,33,,,1,70,,130186,33,,,1,30,,130187,33,,,1,70,,130188,33,,,1,29,,130189,33,,,1,99,,130190,33,,,1,100,,130191,33,,,1,100,,130192,33,,,1,100,,130193,33,,,1,100,,130194,33,,,1,102,,130195,33,,,1,72,,130196,33,,,1,30,,130197,33,,,1,70,,130198,33,,,1,30,,130199,33,,,1,70,,130200,33,,,1,30,,130201,33,,,1,97,,130202,33,,,1,100,,130203,33,,,1,100,,130204,33,,,1,97,,130205,33,,,1
52200,'522-Saturday-1-26-04-0000010',848,,130252,33,,,1,102,,130253,33,,,1,100,,130254,33,,,1,100,,130255,33,,,1,100,,130256,33,,,1,100,,130257,33,,,1,100,,130258,33,,,1,100,,130259,33,,,1,100,,130260,33,,,1,98,,130261,33,,,1,100,,130262,33,,,1
52200,'522-Sunday-1-26-04-0000001',1017,,130263,33,,,1,100,,130264,33,,,1,100,,130265,33,,,1,100,,130266,33,,,1,100,,130267,33,,,1,100,,130268,33,,,1,100,,130269,33,,,1,100,,130270,33,,,1,100,,130271,33,,,1
63301,'633-Weekday-1-26-04-1111100',801,,131792,24,,,1,4,,131793,24,,,1,2,,131794,24,,,1,2,,131795,24,,,1
63501,'635-Weekday-1-26-04-1111100',1521,,131816,11,,,1
1000100,'001-Weekday-1-26-04-1111100',515,,147290,27,,,1,40,,147291,27,,,1,81,,147292,27,,,1,83,,147293,27,,,1,20,,147294,27,,,1,20,,147295,27,,,1,60,,147296,27,,,1,20,,147297,27,,,1,64,,147298,27,,,1,31,,147299,27,,,1,70,,147300,27,,,1,30,,147301,27,,,1,70,,147302,27,,,1,30,,147303,27,,,1,70,,147304,27,,,1,30,,147305,27,,,1,70,,147306,27,,,1,30,,147307,27,,,1,70,,147308,27,,,1,30,,147309,27,,,1,71,,147310,27,,,1,15,,147330,16,,,1,14,,147311,27,,,1,20,,147312,27,,,1,60,,147313,27,,,1,20,,147314,27,,,1,20,,147315,27,,,1,60,,147316,27,,,1,25,,147317,27,,,1,70,,147318,27,,,1,29,,147319,27,,,1,68,,147320,27,,,1,30,,147321,27,,,1,70,,147322,27,,,1,30,,147323,27,,,1,70,,147324,27,,,1,30,,147325,27,,,1,67,,147326,27,,,1,37,,147327,27,,,1,80,,147328,27,,,1,80,,147329,27,,,1
1000100,'001-Saturday-1-26-04-0000010',637,,147412,27,,,1,80,,147413,27,,,1,40,,147414,27,,,1,75,,147415,27,,,1,70,,147416,27,,,1,32,,147417,27,,,1,70,,147418,27,,,1,30,,147419,27,,,1,70,,147420,27,,,1,30,,147421,27,,,1,70,,147422,27,,,1,30,,147423,27,,,1,70,,147424,27,,,1,30,,147425,27,,,1,70,,147426,27,,,1,30,,147427,27,,,1,70,,147428,27,,,1,30,,147429,27,,,1,70,,147430,27,,,1,30,,147431,27,,,1,70,,147432,27,,,1,29,,147433,27,,,1,70,,147434,27,,,1,30,,147435,27,,,1,68,,147436,27,,,1,32,,147437,27,,,1,70,,147438,27,,,1,29,,147439,27,,,1,71,,147440,27,,,1,30,,147441,27,,,1,70,,147442,27,,,1,30,,147443,27,,,1,70,,147444,27,,,1,35,,147445,27,,,1,80,,147446,27,,,1
1000100,'001-Sunday-1-26-04-0000001',613,,147447,27,,,1,40,,147448,27,,,1,80,,147449,27,,,1,80,,147450,27,,,1,40,,147451,27,,,1,82,,147452,27,,,1,80,,147453,27,,,1,35,,147454,27,,,1,70,,147455,27,,,1,30,,147456,27,,,1,70,,147457,27,,,1,30,,147458,27,,,1,70,,147459,27,,,1,30,,147460,27,,,1,70,,147461,27,,,1,30,,147462,27,,,1,70,,147463,27,,,1,30,,147464,27,,,1,70,,147465,27,,,1,30,,147466,27,,,1,69,,147467,27,,,1,30,,147468,27,,,1,70,,147469,27,,,1,30,,147470,27,,,1,68,,147471,27,,,1,40,,147472,27,,,1,80,,147473,27,,,1,80,,147474,27,,,1,40,,147475,27,,,1,80,,147476,27,,,1,80,,147477,27,,,1,40,,147478,27,,,1
