5100,'051-Weekday-1-26-06-1111100',548,,166677,28,,,1,70,,166650,28,,,1,36,,166651,27,,,1,66,,166680,28,,,1,30,,166665,28,,,1,70,,166652,27,,,1,30,,166674,28,,,1,69,,166673,27,,,1,30,,166672,27,,,1,70,,166671,27,,,1,30,,166670,27,,,1,70,,166681,27,,,1,30,,166669,27,,,1,70,,166682,27,,,1,30,,166683,27,,,1,70,,166684,27,,,1,30,,166685,27,,,1,70,,166686,27,,,1,30,,166666,27,,,1,64,,166653,28,,,1,22,,166679,28,,,1,20,,166654,27,,,1,60,,166667,28,,,1,20,,166655,27,,,1,20,,166668,27,,,1,60,,166675,28,,,1,20,,166678,27,,,1,20,,166656,27,,,1,69,,166657,27,,,1,24,,166658,27,,,1,69,,166659,27,,,1,30,,166676,27,,,1,70,,166660,27,,,1,30,,166661,27,,,1,70,,166662,27,,,1,30,,166663,27,,,1,68,,166687,27,,,1,100,,166664,27,,,1
5100,'051-Weekday-2-26-06-1111100',548,,191440,28,,,1,70,,191413,28,,,1,36,,191414,27,,,1,66,,191443,28,,,1,30,,191428,28,,,1,70,,191415,27,,,1,30,,191437,28,,,1,69,,191436,27,,,1,30,,191435,27,,,1,70,,191434,27,,,1,30,,191433,27,,,1,70,,191444,27,,,1,30,,191432,27,,,1,70,,191445,27,,,1,30,,191446,27,,,1,70,,191447,27,,,1,30,,191448,27,,,1,70,,191449,27,,,1,30,,191429,27,,,1,64,,191416,28,,,1,22,,191442,28,,,1,20,,191417,27,,,1,60,,191430,28,,,1,20,,191418,27,,,1,20,,191431,27,,,1,60,,191438,28,,,1,20,,191441,27,,,1,20,,191419,27,,,1,69,,191420,27,,,1,24,,191421,27,,,1,69,,191422,27,,,1,30,,191439,27,,,1,70,,191423,27,,,1,30,,191424,27,,,1,70,,191425,27,,,1,30,,191426,27,,,1,68,,191450,27,,,1,100,,191427,27,,,1
5100,'051-Saturday-1-26-06-0000010',659,,166711,27,,,1,99,,166688,27,,,1,100,,166689,28,,,1,73,,166690,27,,,1,72,,166691,27,,,1,30,,166692,27,,,1,70,,166693,27,,,1,30,,166695,28,,,1,70,,166696,28,,,1,30,,166697,27,,,1,70,,166694,27,,,1,30,,166698,27,,,1,70,,166699,27,,,1,30,,166700,27,,,1,70,,166702,27,,,1,30,,166703,27,,,1,70,,166704,27,,,1,30,,166701,27,,,1,70,,166705,27,,,1,29,,166706,27,,,1,70,,166707,27,,,1,30,,166708,27,,,1,70,,166709,27,,,1,30,,166710,27,,,1,100,,166712,28,,,1,100,,166713,27,,,1,100,,166714,27,,,1
5100,'051-Sunday-1-26-06-0000001',740,,166734,27,,,1,100,,166735,27,,,1,102,,166736,27,,,1,66,,166739,27,,,1,26,,166715,27,,,1,70,,166716,27,,,1,30,,166717,27,,,1,70,,166718,27,,,1,30,,166719,28,,,1,70,,166721,27,,,1,30,,166722,28,,,1,70,,166724,27,,,1,30,,166720,27,,,1,70,,166725,27,,,1,30,,166726,27,,,1,70,,166723,27,,,1,30,,166727,27,,,1,69,,166728,27,,,1,29,,166729,27,,,1,68,,166730,27,,,1,30,,166731,27,,,1,70,,166732,27,,,1,30,,166733,27,,,1,100,,166737,28,,,1,100,,166738,27,,,1,100,,166740,27,,,1
5100,'051-Sunday-2-26-06-0000001',740,,191470,27,,,1,100,,191471,27,,,1,102,,191472,27,,,1,66,,191475,27,,,1,26,,191451,27,,,1,70,,191452,27,,,1,30,,191453,27,,,1,70,,191454,27,,,1,30,,191455,28,,,1,70,,191457,27,,,1,30,,191458,28,,,1,70,,191460,27,,,1,30,,191456,27,,,1,70,,191461,27,,,1,30,,191462,27,,,1,70,,191459,27,,,1,30,,191463,27,,,1,69,,191464,27,,,1,29,,191465,27,,,1,68,,191466,27,,,1,30,,191467,27,,,1,70,,191468,27,,,1,30,,191469,27,,,1,100,,191473,28,,,1,100,,191474,27,,,1,100,,191476,27,,,1
12400,'124-Weekday-1-26-06-1111100',544,,173768,16,,,1,70,,173771,16,,,1,31,,173740,16,,,1,60,,173741,16,,,1,20,,173742,16,,,1,20,,173743,16,,,1,60,,173744,16,,,1,20,,173745,16,,,1,20,,173763,16,,,1,70,,173764,16,,,1,30,,173765,16,,,1,70,,173746,16,,,1,30,,173747,16,,,1,70,,173748,16,,,1,30,,173749,16,,,1,70,,173750,16,,,1,30,,173751,16,,,1,70,,173752,16,,,1,30,,173767,16,,,1,70,,173769,16,,,1,30,,173770,16,,,1,62,,173774,16,,,1,20,,173753,16,,,1,20,,173754,16,,,1,60,,173755,16,,,1,20,,173756,16,,,1,20,,173757,16,,,1,60,,173758,16,,,1,20,,173759,16,,,1,20,,173766,16,,,1,70,,173762,16,,,1,28,,173772,16,,,1,70,,173773,16,,,1,30,,173737,16,,,1,70,,173738,16,,,1,30,,173739,16,,,1,70,,173760,16,,,1,30,,173761,16,,,1
12400,'124-Weekday-2-26-06-1111100',544,,194783,16,,,1,70,,194786,16,,,1,31,,194755,16,,,1,60,,194756,16,,,1,20,,194757,16,,,1,20,,194758,16,,,1,60,,194759,16,,,1,20,,194760,16,,,1,20,,194778,16,,,1,70,,194779,16,,,1,30,,194780,16,,,1,70,,194761,16,,,1,30,,194762,16,,,1,70,,194763,16,,,1,30,,194764,16,,,1,70,,194765,16,,,1,30,,194766,16,,,1,70,,194767,16,,,1,30,,194782,16,,,1,70,,194784,16,,,1,30,,194785,16,,,1,62,,194789,16,,,1,20,,194768,16,,,1,20,,194769,16,,,1,60,,194770,16,,,1,20,,194771,16,,,1,20,,194772,16,,,1,60,,194773,16,,,1,20,,194774,16,,,1,20,,194781,16,,,1,70,,194777,16,,,1,28,,194787,16,,,1,70,,194788,16,,,1,30,,194752,16,,,1,70,,194753,16,,,1,30,,194754,16,,,1,70,,194775,16,,,1,30,,194776,16,,,1
12400,'124-Saturday-1-26-06-0000010',754,,173775,16,,,1,70,,173776,16,,,1,30,,173777,16,,,1,70,,173778,16,,,1,30,,173779,16,,,1,70,,173780,16,,,1,30,,173781,16,,,1,70,,173782,16,,,1,30,,173783,16,,,1,70,,173784,16,,,1,30,,173785,16,,,1,70,,173786,16,,,1,30,,173787,16,,,1,70,,173788,16,,,1,30,,173789,16,,,1,70,,173790,16,,,1,30,,173791,16,,,1,70,,173792,16,,,1,30,,173793,16,,,1,70,,173794,16,,,1,30,,173795,16,,,1,70,,173796,16,,,1,30,,173797,16,,,1
12400,'124-Sunday-1-26-06-0000001',1012,,173798,16,,,1,27,,173799,16,,,1,70,,173800,16,,,1,30,,173801,16,,,1,70,,173802,16,,,1,30,,173803,16,,,1,70,,173804,16,,,1,30,,173805,16,,,1,70,,173806,16,,,1,30,,173807,16,,,1,70,,173808,16,,,1,30,,173809,16,,,1,70,,173810,16,,,1,31,,173811,16,,,1,70,,173812,16,,,1,30,,173813,16,,,1,70,,173814,16,,,1,33,,173815,16,,,1,70,,173816,16,,,1
12400,'124-Sunday-2-26-06-0000001',1012,,194790,16,,,1,27,,194791,16,,,1,70,,194792,16,,,1,30,,194793,16,,,1,70,,194794,16,,,1,30,,194795,16,,,1,70,,194796,16,,,1,30,,194797,16,,,1,70,,194798,16,,,1,30,,194799,16,,,1,70,,194800,16,,,1,30,,194801,16,,,1,70,,194802,16,,,1,31,,194803,16,,,1,70,,194804,16,,,1,30,,194805,16,,,1,70,,194806,16,,,1,33,,194807,16,,,1,70,,194808,16,,,1
24014000,'140X-Weekday-1-26-06-1111100',1514,,187116,9,,,1,20,,187117,9,,,1,20,,187118,9,,,1,60,,187119,9,,,1,20,,187120,9,,,1,20,,187121,9,,,1,60,,187122,9,,,1,18,,187123,9,,,1
24014000,'140X-Weekday-2-26-06-1111100',1514,,203020,9,,,1,20,,203021,9,,,1,20,,203022,9,,,1,60,,203023,9,,,1,20,,203024,9,,,1,20,,203025,9,,,1,60,,203026,9,,,1,18,,203027,9,,,1
