10900,'109-Weekday-1-26-04-1111100',521,,120522,34,,,1,30,,120523,34,,,1,70,,120524,34,,,1,31,,120565,34,,,1,55,,120525,34,,,1,15,,120561,34,,,1,15,,120526,34,,,1,15,,120527,34,,,1,55,,120528,34,,,1,15,,120562,34,,,1,15,,120529,34,,,1,15,,120530,34,,,1,70,,120531,34,,,1,30,,120532,34,,,1,70,,120533,34,,,1,30,,120534,34,,,1,70,,120535,34,,,1,30,,120536,34,,,1,70,,120537,34,,,1,30,,120538,34,,,1,70,,120539,34,,,1,30,,120540,34,,,1,70,,120541,34,,,1,30,,120542,34,,,1,73,,120543,34,,,1,15,,120544,34,,,1,15,,120563,34,,,1,55,,120545,34,,,1,15,,120546,34,,,1,15,,120547,34,,,1,15,,120564,34,,,1,55,,120548,34,,,1,15,,120549,34,,,1,30,,120550,34,,,1,70,,120551,34,,,1,26,,120552,34,,,1,70,,120553,34,,,1,30,,120554,34,,,1,70,,120555,34,,,1,30,,120556,34,,,1,70,,120557,34,,,1,30,,120558,34,,,1,70,,120566,34,,,1,100,,120559,34,,,1,100,,120560,34,,,1
10900,'109-Weekday-3-26-04-1111100',521,,120612,34,,,1,30,,120613,34,,,1,70,,120614,34,,,1,31,,120655,34,,,1,55,,120615,34,,,1,15,,120651,34,,,1,15,,120616,34,,,1,15,,120617,34,,,1,55,,120618,34,,,1,15,,120652,34,,,1,15,,120619,34,,,1,15,,120620,34,,,1,70,,120621,34,,,1,30,,120622,34,,,1,70,,120623,34,,,1,30,,120624,34,,,1,70,,120625,34,,,1,30,,120626,34,,,1,70,,120627,34,,,1,30,,120628,34,,,1,70,,120629,34,,,1,30,,120630,34,,,1,70,,120631,34,,,1,30,,120632,34,,,1,73,,120633,34,,,1,15,,120634,34,,,1,15,,120653,34,,,1,55,,120635,34,,,1,15,,120636,34,,,1,15,,120637,34,,,1,15,,120654,34,,,1,55,,120638,34,,,1,15,,120639,34,,,1,30,,120640,34,,,1,70,,120641,34,,,1,26,,120642,34,,,1,70,,120643,34,,,1,30,,120644,34,,,1,70,,120645,34,,,1,30,,120646,34,,,1,70,,120647,34,,,1,30,,120648,34,,,1,70,,120656,34,,,1,100,,120649,34,,,1,100,,120650,34,,,1
10900,'109-Saturday-1-26-04-0000010',811,,120657,34,,,1,30,,120658,34,,,1,72,,120659,34,,,1,31,,120660,34,,,1,70,,120661,34,,,1,30,,120662,34,,,1,70,,120663,34,,,1,30,,120664,34,,,1,70,,120665,34,,,1,30,,120666,34,,,1,70,,120667,34,,,1,30,,120668,34,,,1,70,,120669,34,,,1,30,,120670,34,,,1,70,,120671,34,,,1,30,,120672,34,,,1,70,,120673,34,,,1,30,,120674,34,,,1,69,,120675,34,,,1,30,,120676,34,,,1,70,,120677,34,,,1,30,,120678,34,,,1,70,,120679,34,,,1,30,,120680,34,,,1,70,,120681,34,,,1,30,,120682,34,,,1,70,,120683,34,,,1,30,,120684,34,,,1,70,,120685,34,,,1
10900,'109-Sunday-1-26-04-0000001',1024,,120686,34,,,1,30,,120687,34,,,1,70,,120688,34,,,1,30,,120689,34,,,1,70,,120690,34,,,1,30,,120691,34,,,1,70,,120692,34,,,1,30,,120693,34,,,1,70,,120694,34,,,1,30,,120695,34,,,1,70,,120696,34,,,1,30,,120697,34,,,1,70,,120698,34,,,1,30,,120699,34,,,1,69,,120700,34,,,1,30,,120701,34,,,1,70,,120702,34,,,1,30,,120703,34,,,1
61800,'618-Weekday-1-26-04-0001000',1242,,131681,14,,,1
61800,'618-Weekday-1-26-04-1110100',1533,,131682,14,,,1
61800,'618-Weekday-3-26-04-0001000',1242,,131683,14,,,1
61800,'618-Weekday-3-26-04-1110100',1533,,131684,14,,,1
62500,'625-Weekday-1-26-04-0001000',1242,,131719,29,,,1
62500,'625-Weekday-1-26-04-1110100',1542,,131720,29,,,1
62500,'625-Weekday-3-26-04-0001000',1242,,131721,29,,,1
62500,'625-Weekday-3-26-04-1110100',1542,,131722,29,,,1
68300,'683-Weekday-1-26-04-0001000',1319,,132176,25,,,1,4,,132177,25,,,1
68300,'683-Weekday-1-26-04-1110100',1617,,132178,25,,,1,4,,132179,25,,,1
68300,'683-Weekday-1-26-04-1111100',1549,,132180,25,,,1,6,,132181,25,,,1
68300,'683-Weekday-3-26-04-0001000',1319,,132184,25,,,1,4,,132185,25,,,1
68300,'683-Weekday-3-26-04-1110100',1617,,132186,25,,,1,4,,132187,25,,,1
24014000,'140X-Weekday-1-26-04-1111100',1526,,148766,24,,,1,20,,148767,24,,,1,60,,148768,24,,,1,20,,148769,24,,,1,20,,148770,24,,,1,60,,148771,24,,,1,20,,148772,24,,,1,20,,148773,24,,,1,60,,148774,24,,,1
24014000,'140X-Weekday-3-26-04-1111100',1526,,148784,24,,,1,20,,148785,24,,,1,60,,148786,24,,,1,20,,148787,24,,,1,20,,148788,24,,,1,60,,148789,24,,,1,20,,148790,24,,,1,20,,148791,24,,,1,60,,148792,24,,,1
