65900,'659-Weekday-1-26-04-0001000',1243,,131943,12,,,1
65900,'659-Weekday-1-26-04-1110100',1537,,131944,12,,,1
65900,'659-Weekday-3-26-04-0001000',1243,,131945,12,,,1
65900,'659-Weekday-3-26-04-1110100',1537,,131946,12,,,1
66700,'667-Weekday-1-26-04-0001000',1443,,132036,16,,,1,3,,132037,16,,,1
66700,'667-Weekday-1-26-04-1110100',1522,,132038,16,,,1,3,,132039,16,,,1
66700,'667-Weekday-2-26-04-1110100',1522,,132040,16,,,1,3,,132041,16,,,1
72100,'721-Weekday-1-26-04-0001000',1439,,138227,17,,,1
72100,'721-Weekday-1-26-04-1110100',1522,,138228,17,,,1,3,,138229,17,,,1
72100,'721-Weekday-1-26-04-1111100',511,,138283,23,,,1,20,,138284,23,,,1,20,,138285,23,,,1,60,,138286,23,,,1,19,,138230,17,,,1,13,,138287,23,,,1,10,,138231,17,,,1,49,,138296,23,,,1,8,,138288,23,,,1,7,,138232,17,,,1,8,,138289,23,,,1,7,,138233,17,,,1,8,,138290,23,,,1,7,,138234,17,,,1,8,,138291,23,,,1,47,,138235,17,,,1,8,,138292,23,,,1,7,,138236,17,,,1,8,,138293,23,,,1,7,,138237,17,,,1,8,,138294,23,,,1,7,,138238,17,,,1,7,,138295,23,,,1,47,,138239,17,,,1,14,,138240,17,,,1,14,,138241,17,,,1,20,,138242,17,,,1,60,,138243,17,,,1,20,,138244,17,,,1,20,,138245,17,,,1,60,,138246,17,,,1,20,,138247,17,,,1,20,,138248,17,,,1,60,,138249,17,,,1,20,,138250,17,,,1,20,,138251,17,,,1,60,,138252,17,,,1,20,,138253,17,,,1,20,,138254,17,,,1,60,,138255,17,,,1,20,,138256,17,,,1,20,,138257,17,,,1,60,,138258,17,,,1,23,,138259,17,,,1,22,,138274,17,,,1,60,,138275,17,,,1,20,,138276,17,,,1,20,,138277,17,,,1,60,,138278,17,,,1,20,,138279,17,,,1,20,,138280,17,,,1,60,,138281,17,,,1,19,,138282,17,,,1,20,,138297,17,,,1,57,,138260,17,,,1,20,,138261,17,,,1,20,,138262,17,,,1,60,,138263,17,,,1,20,,138264,17,,,1,20,,138265,17,,,1,60,,138266,17,,,1,20,,138267,17,,,1,20,,138268,17,,,1,59,,138269,17,,,1,30,,138270,17,,,1,70,,138271,17,,,1,30,,138272,17,,,1,70,,138273,17,,,1
72100,'721-Weekday-2-26-04-1110100',1522,,138298,17,,,1,3,,138299,17,,,1
72100,'721-Weekday-2-26-04-1111100',511,,138353,23,,,1,20,,138354,23,,,1,20,,138355,23,,,1,60,,138356,23,,,1,19,,138300,17,,,1,13,,138357,23,,,1,10,,138301,17,,,1,49,,138366,23,,,1,8,,138358,23,,,1,7,,138302,17,,,1,8,,138359,23,,,1,7,,138303,17,,,1,8,,138360,23,,,1,7,,138304,17,,,1,8,,138361,23,,,1,47,,138305,17,,,1,8,,138362,23,,,1,7,,138306,17,,,1,8,,138363,23,,,1,7,,138307,17,,,1,8,,138364,23,,,1,7,,138308,17,,,1,7,,138365,23,,,1,47,,138309,17,,,1,14,,138310,17,,,1,14,,138311,17,,,1,20,,138312,17,,,1,60,,138313,17,,,1,20,,138314,17,,,1,20,,138315,17,,,1,60,,138316,17,,,1,20,,138317,17,,,1,20,,138318,17,,,1,60,,138319,17,,,1,20,,138320,17,,,1,20,,138321,17,,,1,60,,138322,17,,,1,20,,138323,17,,,1,20,,138324,17,,,1,60,,138325,17,,,1,20,,138326,17,,,1,20,,138327,17,,,1,60,,138328,17,,,1,23,,138329,17,,,1,22,,138344,17,,,1,60,,138345,17,,,1,20,,138346,17,,,1,20,,138347,17,,,1,60,,138348,17,,,1,20,,138349,17,,,1,20,,138350,17,,,1,60,,138351,17,,,1,19,,138352,17,,,1,20,,138367,17,,,1,57,,138330,17,,,1,20,,138331,17,,,1,20,,138332,17,,,1,60,,138333,17,,,1,20,,138334,17,,,1,20,,138335,17,,,1,60,,138336,17,,,1,20,,138337,17,,,1,20,,138338,17,,,1,59,,138339,17,,,1,30,,138340,17,,,1,70,,138341,17,,,1,30,,138342,17,,,1,70,,138343,17,,,1
72100,'721-Weekday-3-26-04-1111100',511,,138421,23,,,1,20,,138422,23,,,1,20,,138423,23,,,1,60,,138424,23,,,1,19,,138368,17,,,1,13,,138425,23,,,1,10,,138369,17,,,1,49,,138434,23,,,1,8,,138426,23,,,1,7,,138370,17,,,1,8,,138427,23,,,1,7,,138371,17,,,1,8,,138428,23,,,1,7,,138372,17,,,1,8,,138429,23,,,1,47,,138373,17,,,1,8,,138430,23,,,1,7,,138374,17,,,1,8,,138431,23,,,1,7,,138375,17,,,1,8,,138432,23,,,1,7,,138376,17,,,1,7,,138433,23,,,1,47,,138377,17,,,1,14,,138378,17,,,1,14,,138379,17,,,1,20,,138380,17,,,1,60,,138381,17,,,1,20,,138382,17,,,1,20,,138383,17,,,1,60,,138384,17,,,1,20,,138385,17,,,1,20,,138386,17,,,1,60,,138387,17,,,1,20,,138388,17,,,1,20,,138389,17,,,1,60,,138390,17,,,1,20,,138391,17,,,1,20,,138392,17,,,1,60,,138393,17,,,1,20,,138394,17,,,1,20,,138395,17,,,1,60,,138396,17,,,1,23,,138397,17,,,1,22,,138412,17,,,1,60,,138413,17,,,1,20,,138414,17,,,1,20,,138415,17,,,1,60,,138416,17,,,1,20,,138417,17,,,1,20,,138418,17,,,1,60,,138419,17,,,1,19,,138420,17,,,1,20,,138435,17,,,1,57,,138398,17,,,1,20,,138399,17,,,1,20,,138400,17,,,1,60,,138401,17,,,1,20,,138402,17,,,1,20,,138403,17,,,1,60,,138404,17,,,1,20,,138405,17,,,1,20,,138406,17,,,1,59,,138407,17,,,1,30,,138408,17,,,1,70,,138409,17,,,1,30,,138410,17,,,1,70,,138411,17,,,1
72100,'721-Saturday-1-26-04-0000010',555,,138483,23,,,1,70,,138436,23,,,1,30,,138437,23,,,1,70,,138438,23,,,1,30,,138439,23,,,1,70,,138440,23,,,1,25,,138441,23,,,1,61,,138442,23,,,1,22,,138443,23,,,1,20,,138444,23,,,1,60,,138445,23,,,1,20,,138446,23,,,1,20,,138447,23,,,1,60,,138448,23,,,1,20,,138449,23,,,1,20,,138450,23,,,1,60,,138451,23,,,1,20,,138452,23,,,1,20,,138453,23,,,1,60,,138454,23,,,1,20,,138455,23,,,1,20,,138456,23,,,1,60,,138457,23,,,1,20,,138458,23,,,1,20,,138459,23,,,1,60,,138460,23,,,1,20,,138461,23,,,1,20,,138462,23,,,1,60,,138463,23,,,1,20,,138464,23,,,1,20,,138465,23,,,1,59,,138466,23,,,1,20,,138467,23,,,1,20,,138468,23,,,1,60,,138469,23,,,1,20,,138470,23,,,1,20,,138471,23,,,1,60,,138472,23,,,1,30,,138473,23,,,1,70,,138474,23,,,1,30,,138475,23,,,1,70,,138476,23,,,1,30,,138477,23,,,1,70,,138478,23,,,1,30,,138479,23,,,1,70,,138480,23,,,1,30,,138481,23,,,1,70,,138484,23,,,1
72100,'721-Sunday-1-26-04-0000001',616,,138519,23,,,1,30,,138508,23,,,1,70,,138503,23,,,1,30,,138502,23,,,1,70,,138504,23,,,1,30,,138501,23,,,1,69,,138507,23,,,1,31,,138505,23,,,1,70,,138493,23,,,1,30,,138513,23,,,1,70,,138488,23,,,1,30,,138486,23,,,1,70,,138492,23,,,1,30,,138491,23,,,1,67,,138485,23,,,1,30,,138489,23,,,1,70,,138490,23,,,1,30,,138516,23,,,1,70,,138498,23,,,1,30,,138518,23,,,1,70,,138515,23,,,1,30,,138512,23,,,1,70,,138509,23,,,1,31,,138510,23,,,1,70,,138506,23,,,1,30,,138517,23,,,1,70,,138511,23,,,1,30,,138514,23,,,1,70,,138494,23,,,1,30,,138497,23,,,1,70,,138496,23,,,1,30,,138495,23,,,1,100,,138500,23,,,1,100,,138499,23,,,1,100,,138487,23,,,1
