11900,'119-Weekday-1-26-02-1111100',508,,39770,19,,,1,30,,39771,19,,,1,70,,39772,19,,,1,24,,39773,19,,,1,15,,39774,19,,,1,12,,39775,19,,,1,52,,39776,19,,,1,12,,39818,19,,,1,12,,39777,19,,,1,12,,39778,19,,,1,12,,39779,19,,,1,52,,39780,19,,,1,12,,39819,19,,,1,12,,39781,19,,,1,12,,39782,19,,,1,62,,39783,19,,,1,30,,39784,19,,,1,70,,39785,19,,,1,30,,39786,19,,,1,70,,39787,19,,,1,30,,39788,19,,,1,70,,39789,19,,,1,30,,39790,19,,,1,70,,39791,19,,,1,30,,39792,19,,,1,70,,39793,19,,,1,30,,39794,19,,,1,72,,39795,19,,,1,15,,39796,19,,,1,15,,39797,19,,,1,15,,39798,19,,,1,55,,39799,19,,,1,15,,39800,19,,,1,15,,39801,19,,,1,15,,39802,19,,,1,55,,39803,19,,,1,30,,39804,19,,,1,70,,39805,19,,,1,29,,39806,19,,,1,70,,39807,19,,,1,30,,39808,19,,,1,70,,39809,19,,,1,30,,39810,19,,,1,70,,39811,19,,,1,33,,39812,19,,,1,71,,39813,19,,,1,30,,39814,19,,,1,70,,39815,19,,,1,30,,39816,19,,,1,70,,39817,19,,,1
11900,'119-Weekday-10-26-02-1111100',508,,39820,19,,,1,30,,39821,19,,,1,70,,39822,19,,,1,24,,39823,19,,,1,15,,39824,19,,,1,12,,39825,19,,,1,52,,39826,19,,,1,12,,39868,19,,,1,12,,39827,19,,,1,12,,39828,19,,,1,12,,39829,19,,,1,52,,39830,19,,,1,12,,39869,19,,,1,12,,39831,19,,,1,12,,39832,19,,,1,62,,39833,19,,,1,30,,39834,19,,,1,70,,39835,19,,,1,30,,39836,19,,,1,70,,39837,19,,,1,30,,39838,19,,,1,70,,39839,19,,,1,30,,39840,19,,,1,70,,39841,19,,,1,30,,39842,19,,,1,70,,39843,19,,,1,30,,39844,19,,,1,72,,39845,19,,,1,15,,39846,19,,,1,15,,39847,19,,,1,15,,39848,19,,,1,55,,39849,19,,,1,15,,39850,19,,,1,15,,39851,19,,,1,15,,39852,19,,,1,55,,39853,19,,,1,30,,39854,19,,,1,70,,39855,19,,,1,29,,39856,19,,,1,70,,39857,19,,,1,30,,39858,19,,,1,70,,39859,19,,,1,30,,39860,19,,,1,70,,39861,19,,,1,33,,39862,19,,,1,71,,39863,19,,,1,30,,39864,19,,,1,70,,39865,19,,,1,30,,39866,19,,,1,70,,39867,19,,,1
11900,'119-Weekday-4-26-02-1111100',508,,39920,19,,,1,30,,39921,19,,,1,70,,39922,19,,,1,24,,39923,19,,,1,15,,39924,19,,,1,12,,39925,19,,,1,52,,39926,19,,,1,12,,39968,19,,,1,12,,39927,19,,,1,12,,39928,19,,,1,12,,39929,19,,,1,52,,39930,19,,,1,12,,39969,19,,,1,12,,39931,19,,,1,12,,39932,19,,,1,62,,39933,19,,,1,30,,39934,19,,,1,70,,39935,19,,,1,30,,39936,19,,,1,70,,39937,19,,,1,30,,39938,19,,,1,70,,39939,19,,,1,30,,39940,19,,,1,70,,39941,19,,,1,30,,39942,19,,,1,70,,39943,19,,,1,30,,39944,19,,,1,72,,39945,19,,,1,15,,39946,19,,,1,15,,39947,19,,,1,15,,39948,19,,,1,55,,39949,19,,,1,15,,39950,19,,,1,15,,39951,19,,,1,15,,39952,19,,,1,55,,39953,19,,,1,30,,39954,19,,,1,70,,39955,19,,,1,29,,39956,19,,,1,70,,39957,19,,,1,30,,39958,19,,,1,70,,39959,19,,,1,30,,39960,19,,,1,70,,39961,19,,,1,33,,39962,19,,,1,71,,39963,19,,,1,30,,39964,19,,,1,70,,39965,19,,,1,30,,39966,19,,,1,70,,39967,19,,,1
11900,'119-Weekday-5-26-02-1111100',508,,39970,19,,,1,30,,39971,19,,,1,70,,39972,19,,,1,24,,39973,19,,,1,15,,39974,19,,,1,12,,39975,19,,,1,52,,39976,19,,,1,12,,40018,19,,,1,12,,39977,19,,,1,12,,39978,19,,,1,12,,39979,19,,,1,52,,39980,19,,,1,12,,40019,19,,,1,12,,39981,19,,,1,12,,39982,19,,,1,62,,39983,19,,,1,30,,39984,19,,,1,70,,39985,19,,,1,30,,39986,19,,,1,70,,39987,19,,,1,30,,39988,19,,,1,70,,39989,19,,,1,30,,39990,19,,,1,70,,39991,19,,,1,30,,39992,19,,,1,70,,39993,19,,,1,30,,39994,19,,,1,72,,39995,19,,,1,15,,39996,19,,,1,15,,39997,19,,,1,15,,39998,19,,,1,55,,39999,19,,,1,15,,40000,19,,,1,15,,40001,19,,,1,15,,40002,19,,,1,55,,40003,19,,,1,30,,40004,19,,,1,70,,40005,19,,,1,29,,40006,19,,,1,70,,40007,19,,,1,30,,40008,19,,,1,70,,40009,19,,,1,30,,40010,19,,,1,70,,40011,19,,,1,33,,40012,19,,,1,71,,40013,19,,,1,30,,40014,19,,,1,70,,40015,19,,,1,30,,40016,19,,,1,70,,40017,19,,,1
11900,'119-Weekday-7-26-02-1111100',508,,40070,19,,,1,30,,40071,19,,,1,70,,40072,19,,,1,24,,40073,19,,,1,15,,40074,19,,,1,12,,40075,19,,,1,52,,40076,19,,,1,12,,40118,19,,,1,12,,40077,19,,,1,12,,40078,19,,,1,12,,40079,19,,,1,52,,40080,19,,,1,12,,40119,19,,,1,12,,40081,19,,,1,12,,40082,19,,,1,62,,40083,19,,,1,30,,40084,19,,,1,70,,40085,19,,,1,30,,40086,19,,,1,70,,40087,19,,,1,30,,40088,19,,,1,70,,40089,19,,,1,30,,40090,19,,,1,70,,40091,19,,,1,30,,40092,19,,,1,70,,40093,19,,,1,30,,40094,19,,,1,72,,40095,19,,,1,15,,40096,19,,,1,15,,40097,19,,,1,15,,40098,19,,,1,55,,40099,19,,,1,15,,40100,19,,,1,15,,40101,19,,,1,15,,40102,19,,,1,55,,40103,19,,,1,30,,40104,19,,,1,70,,40105,19,,,1,29,,40106,19,,,1,70,,40107,19,,,1,30,,40108,19,,,1,70,,40109,19,,,1,30,,40110,19,,,1,70,,40111,19,,,1,33,,40112,19,,,1,71,,40113,19,,,1,30,,40114,19,,,1,70,,40115,19,,,1,30,,40116,19,,,1,70,,40117,19,,,1
11900,'119-Saturday-1-26-02-0000010',608,,40220,19,,,1,30,,40221,19,,,1,70,,40222,19,,,1,30,,40223,19,,,1,65,,40224,19,,,1,30,,40225,19,,,1,71,,40226,19,,,1,30,,40227,19,,,1,70,,40228,19,,,1,30,,40229,19,,,1,70,,40230,19,,,1,30,,40231,19,,,1,70,,40232,19,,,1,30,,40233,19,,,1,70,,40234,19,,,1,30,,40235,19,,,1,70,,40236,19,,,1,30,,40237,19,,,1,70,,40238,19,,,1,30,,40239,19,,,1,70,,40240,19,,,1,32,,40241,19,,,1,70,,40242,19,,,1,30,,40243,19,,,1,70,,40244,19,,,1,30,,40245,19,,,1,70,,40246,19,,,1,30,,40247,19,,,1,70,,40248,19,,,1,30,,40249,19,,,1,70,,40250,19,,,1,30,,40251,19,,,1,70,,40252,19,,,1,30,,40253,19,,,1,100,,40254,19,,,1
11900,'119-Sunday-1-26-02-0000001',607,,40278,19,,,1,30,,40281,19,,,1,70,,40279,19,,,1,30,,40282,19,,,1,70,,40280,19,,,1,30,,40283,19,,,1,70,,40255,19,,,1,30,,40284,19,,,1,70,,40256,19,,,1,30,,40257,19,,,1,70,,40258,19,,,1,30,,40259,19,,,1,70,,40260,19,,,1,30,,40261,19,,,1,70,,40262,19,,,1,30,,40263,19,,,1,70,,40264,19,,,1,30,,40265,19,,,1,70,,40266,19,,,1,30,,40267,19,,,1,70,,40268,19,,,1,30,,40269,19,,,1,70,,40270,19,,,1,30,,40271,19,,,1,70,,40272,19,,,1,30,,40285,19,,,1,70,,40273,19,,,1,30,,40286,19,,,1,70,,40274,19,,,1,30,,40287,19,,,1,70,,40275,19,,,1,100,,40276,19,,,1,100,,40277,19,,,1
62601,'626-Weekday-1-26-02-1111100',716,,60869,3,,,1,2,,60870,3,,,1,8,,60871,3,,,1,3,,60872,3,,,1
62601,'626-Weekday-5-26-02-1111100',716,,60877,3,,,1,2,,60878,3,,,1,8,,60879,3,,,1,3,,60880,3,,,1
62601,'626-Weekday-9-26-02-1111100',716,,60889,3,,,1,2,,60890,3,,,1,8,,60891,3,,,1,3,,60892,3,,,1
