63801,'638-Weekday-1-26-02-0001000',1259,,112593,,,1
63801,'638-Weekday-1-26-02-1110100',1547,,112594,,,1
63801,'638-Weekday-1-26-02-1111100',1600,,112595,,,1
63801,'638-Weekday-2-26-02-0001000',1259,,112596,,,1
63801,'638-Weekday-2-26-02-1110100',1547,,112597,,,1
63801,'638-Weekday-2-26-02-1111100',1600,,112598,,,1
63801,'638-Weekday-4-26-02-1111100',1600,,112599,,,1
63801,'638-Weekday-5-26-02-0000100',1259,,112600,,,1
63801,'638-Weekday-5-26-02-1111000',1547,,112601,,,1
63801,'638-Weekday-5-26-02-1111100',1600,,112602,,,1
63801,'638-Weekday-6-26-02-1110100',1547,,112603,,,1
63801,'638-Weekday-8-26-02-1110100',1547,,112604,,,1
