90301,'903-Weekday-1-25-12-1111100',546,,46675,,,1,70,,46676,,,1,30,,46677,,,1,60,,46678,,,1,20,,46679,,,1,20,,46680,,,1,62,,46681,,,1,20,,46682,,,1,20,,46683,,,1,69,,46684,,,1,20,,46685,,,1,20,,46717,,,1,60,,46686,,,1,20,,46687,,,1,20,,46718,,,1,60,,46688,,,1,20,,46689,,,1,20,,46719,,,1,60,,46690,,,1,20,,46691,,,1,20,,46720,,,1,60,,46692,,,1,20,,46693,,,1,20,,46721,,,1,60,,46694,,,1,13,,46695,,,1,14,,46696,,,1,15,,46697,,,1,56,,46713,,,1,15,,46698,,,1,17,,46699,,,1,55,,46700,,,1,16,,46722,,,1,15,,46723,,,1,15,,46724,,,1,54,,46701,,,1,21,,46702,,,1,24,,46703,,,1,70,,46704,,,1,27,,46705,,,1,67,,46706,,,1,27,,46707,,,1,70,,46708,,,1,30,,46709,,,1,70,,46710,,,1,30,,46711,,,1,70,,46712,,,1,100,,46714,,,1,100,,46715,,,1,100,,46716,,,1
90301,'903-Weekday-2-25-12-1111100',546,,46725,,,1,70,,46726,,,1,30,,46727,,,1,60,,46728,,,1,20,,46729,,,1,20,,46730,,,1,62,,46731,,,1,20,,46732,,,1,20,,46733,,,1,69,,46734,,,1,20,,46735,,,1,20,,46767,,,1,60,,46736,,,1,20,,46737,,,1,20,,46768,,,1,60,,46738,,,1,20,,46739,,,1,20,,46769,,,1,60,,46740,,,1,20,,46741,,,1,20,,46770,,,1,60,,46742,,,1,20,,46743,,,1,20,,46771,,,1,60,,46744,,,1,13,,46745,,,1,14,,46746,,,1,15,,46747,,,1,56,,46763,,,1,15,,46748,,,1,17,,46749,,,1,55,,46750,,,1,16,,46772,,,1,15,,46773,,,1,15,,46774,,,1,54,,46751,,,1,21,,46752,,,1,24,,46753,,,1,70,,46754,,,1,27,,46755,,,1,67,,46756,,,1,27,,46757,,,1,70,,46758,,,1,30,,46759,,,1,70,,46760,,,1,30,,46761,,,1,70,,46762,,,1,100,,46764,,,1,100,,46765,,,1,100,,46766,,,1
90301,'903-Weekday-3-25-12-1111100',546,,46775,,,1,70,,46776,,,1,30,,46777,,,1,60,,46778,,,1,20,,46779,,,1,20,,46780,,,1,62,,46781,,,1,20,,46782,,,1,20,,46783,,,1,69,,46784,,,1,20,,46785,,,1,20,,46817,,,1,60,,46786,,,1,20,,46787,,,1,20,,46818,,,1,60,,46788,,,1,20,,46789,,,1,20,,46819,,,1,60,,46790,,,1,20,,46791,,,1,20,,46820,,,1,60,,46792,,,1,20,,46793,,,1,20,,46821,,,1,60,,46794,,,1,13,,46795,,,1,14,,46796,,,1,15,,46797,,,1,56,,46813,,,1,15,,46798,,,1,17,,46799,,,1,55,,46800,,,1,16,,46822,,,1,15,,46823,,,1,15,,46824,,,1,54,,46801,,,1,21,,46802,,,1,24,,46803,,,1,70,,46804,,,1,27,,46805,,,1,67,,46806,,,1,27,,46807,,,1,70,,46808,,,1,30,,46809,,,1,70,,46810,,,1,30,,46811,,,1,70,,46812,,,1,100,,46814,,,1,100,,46815,,,1,100,,46816,,,1,100,,46825,,,1,100,,46826,,,1
90301,'903-Weekday-5-25-12-1111100',546,,46827,,,1,70,,46828,,,1,30,,46829,,,1,60,,46830,,,1,20,,46831,,,1,20,,46832,,,1,62,,46833,,,1,20,,46834,,,1,20,,46835,,,1,69,,46836,,,1,20,,46837,,,1,20,,46869,,,1,60,,46838,,,1,20,,46839,,,1,20,,46870,,,1,60,,46840,,,1,20,,46841,,,1,20,,46871,,,1,60,,46842,,,1,20,,46843,,,1,20,,46872,,,1,60,,46844,,,1,20,,46845,,,1,20,,46873,,,1,60,,46846,,,1,13,,46847,,,1,14,,46848,,,1,15,,46849,,,1,56,,46865,,,1,15,,46850,,,1,17,,46851,,,1,55,,46852,,,1,16,,46874,,,1,15,,46875,,,1,15,,46876,,,1,54,,46853,,,1,21,,46854,,,1,24,,46855,,,1,70,,46856,,,1,27,,46857,,,1,67,,46858,,,1,27,,46859,,,1,70,,46860,,,1,30,,46861,,,1,70,,46862,,,1,30,,46863,,,1,70,,46864,,,1,100,,46866,,,1,100,,46867,,,1,100,,46868,,,1
90301,'903-Saturday-1-25-12-0000010',614,,46877,,,1,100,,46878,,,1,40,,46879,,,1,60,,46880,,,1,20,,46881,,,1,20,,46882,,,1,61,,46883,,,1,20,,46884,,,1,20,,46885,,,1,60,,46886,,,1,20,,46887,,,1,20,,46888,,,1,60,,46889,,,1,20,,46890,,,1,20,,46891,,,1,60,,46892,,,1,20,,46893,,,1,20,,46894,,,1,60,,46895,,,1,20,,46896,,,1,20,,46897,,,1,60,,46898,,,1,20,,46899,,,1,20,,46900,,,1,60,,46901,,,1,20,,46902,,,1,20,,46903,,,1,60,,46904,,,1,20,,46905,,,1,20,,46906,,,1,59,,46907,,,1,20,,46908,,,1,20,,46909,,,1,60,,46910,,,1,20,,46911,,,1,20,,46912,,,1,60,,46913,,,1,20,,46914,,,1,70,,46915,,,1,30,,46916,,,1,70,,46917,,,1,30,,46918,,,1,70,,46919,,,1,100,,46920,,,1,100,,46921,,,1
90301,'903-Sunday-1-25-12-0000001',627,,46922,,,1,100,,46923,,,1,100,,46924,,,1,30,,46925,,,1,71,,46926,,,1,30,,46927,,,1,70,,46928,,,1,30,,46929,,,1,70,,46930,,,1,30,,46931,,,1,70,,46932,,,1,30,,46933,,,1,70,,46934,,,1,30,,46935,,,1,70,,46936,,,1,30,,46937,,,1,70,,46938,,,1,30,,46939,,,1,70,,46940,,,1,30,,46941,,,1,69,,46942,,,1,30,,46943,,,1,70,,46944,,,1,30,,46945,,,1,70,,46946,,,1,30,,46947,,,1,70,,46948,,,1,30,,46949,,,1,70,,46950,,,1,100,,46951,,,1,100,,46952,,,1
90301,'903-Sunday-1-26-02-0000001',627,,46953,,,1,100,,46954,,,1,100,,46955,,,1,30,,46956,,,1,71,,46957,,,1,30,,46958,,,1,70,,46959,,,1,30,,46960,,,1,70,,46961,,,1,30,,46962,,,1,70,,46963,,,1,30,,46964,,,1,70,,46965,,,1,30,,46966,,,1,70,,46967,,,1,30,,46968,,,1,70,,46969,,,1,30,,46970,,,1,70,,46971,,,1,30,,46972,,,1,69,,46973,,,1,30,,46974,,,1,70,,46975,,,1,30,,46976,,,1,70,,46977,,,1,30,,46978,,,1,70,,46979,,,1,30,,46980,,,1,70,,46981,,,1,100,,46982,,,1,100,,46983,,,1
24014000,'140X-Weekday-1-25-12-1111100',1501,,55637,,,1,20,,55638,,,1,20,,55639,,,1,60,,55640,,,1,20,,55641,,,1,20,,55642,,,1,60,,55643,,,1,20,,55644,,,1,20,,55645,,,1
24014000,'140X-Weekday-2-25-12-1111100',1501,,55646,,,1,20,,55647,,,1,20,,55648,,,1,60,,55649,,,1,20,,55650,,,1,20,,55651,,,1,60,,55652,,,1,20,,55653,,,1,20,,55654,,,1
24014000,'140X-Weekday-3-25-12-1111100',1501,,55655,,,1,20,,55656,,,1,20,,55657,,,1,60,,55658,,,1,20,,55659,,,1,20,,55660,,,1,60,,55661,,,1,20,,55662,,,1,20,,55663,,,1
24014000,'140X-Weekday-5-25-12-1111100',1501,,55664,,,1,20,,55665,,,1,20,,55666,,,1,60,,55667,,,1,20,,55668,,,1,20,,55669,,,1,60,,55670,,,1,20,,55671,,,1,20,,55672,,,1
