11701,'117-Weekday-1-26-02-1111100',548,,38542,31,,,1,70,,38543,31,,,1,34,,38544,31,,,1,60,,38545,31,,,1,20,,38546,31,,,1,20,,38547,31,,,1,60,,38548,31,,,1,20,,38549,31,,,1,20,,38550,31,,,1,68,,38551,31,,,1,30,,38552,31,,,1,70,,38553,31,,,1,30,,38554,31,,,1,70,,38555,31,,,1,30,,38556,31,,,1,70,,38557,31,,,1,30,,38558,31,,,1,70,,38559,31,,,1,30,,38560,31,,,1,70,,38561,31,,,1,30,,38562,31,,,1,60,,38563,31,,,1,21,,38564,31,,,1,20,,38565,31,,,1,60,,38566,31,,,1,20,,38567,31,,,1,20,,38568,31,,,1,60,,38569,31,,,1,20,,38570,31,,,1,20,,38571,31,,,1,70,,38572,31,,,1,30,,38573,31,,,1,70,,38574,31,,,1,30,,38575,31,,,1,70,,38576,31,,,1,30,,38577,31,,,1,70,,38578,31,,,1,30,,38579,31,,,1,70,,38580,31,,,1
11701,'117-Weekday-10-26-02-1111100',548,,38581,31,,,1,70,,38582,31,,,1,34,,38583,31,,,1,60,,38584,31,,,1,20,,38585,31,,,1,20,,38586,31,,,1,60,,38587,31,,,1,20,,38588,31,,,1,20,,38589,31,,,1,68,,38590,31,,,1,30,,38591,31,,,1,70,,38592,31,,,1,30,,38593,31,,,1,70,,38594,31,,,1,30,,38595,31,,,1,70,,38596,31,,,1,30,,38597,31,,,1,70,,38598,31,,,1,30,,38599,31,,,1,70,,38600,31,,,1,30,,38601,31,,,1,60,,38602,31,,,1,21,,38603,31,,,1,20,,38604,31,,,1,60,,38605,31,,,1,20,,38606,31,,,1,20,,38607,31,,,1,60,,38608,31,,,1,20,,38609,31,,,1,20,,38610,31,,,1,70,,38611,31,,,1,30,,38612,31,,,1,70,,38613,31,,,1,30,,38614,31,,,1,70,,38615,31,,,1,30,,38616,31,,,1,70,,38617,31,,,1,30,,38618,31,,,1,70,,38619,31,,,1
11701,'117-Weekday-4-26-02-1111100',548,,38659,31,,,1,70,,38660,31,,,1,34,,38661,31,,,1,60,,38662,31,,,1,20,,38663,31,,,1,20,,38664,31,,,1,60,,38665,31,,,1,20,,38666,31,,,1,20,,38667,31,,,1,68,,38668,31,,,1,30,,38669,31,,,1,70,,38670,31,,,1,30,,38671,31,,,1,70,,38672,31,,,1,30,,38673,31,,,1,70,,38674,31,,,1,30,,38675,31,,,1,70,,38676,31,,,1,30,,38677,31,,,1,70,,38678,31,,,1,30,,38679,31,,,1,60,,38680,31,,,1,21,,38681,31,,,1,20,,38682,31,,,1,60,,38683,31,,,1,20,,38684,31,,,1,20,,38685,31,,,1,60,,38686,31,,,1,20,,38687,31,,,1,20,,38688,31,,,1,70,,38689,31,,,1,30,,38690,31,,,1,70,,38691,31,,,1,30,,38692,31,,,1,70,,38693,31,,,1,30,,38694,31,,,1,70,,38695,31,,,1,30,,38696,31,,,1,70,,38697,31,,,1
11701,'117-Weekday-5-26-02-1111100',548,,38698,31,,,1,70,,38699,31,,,1,34,,38700,31,,,1,60,,38701,31,,,1,20,,38702,31,,,1,20,,38703,31,,,1,60,,38704,31,,,1,20,,38705,31,,,1,20,,38706,31,,,1,68,,38707,31,,,1,30,,38708,31,,,1,70,,38709,31,,,1,30,,38710,31,,,1,70,,38711,31,,,1,30,,38712,31,,,1,70,,38713,31,,,1,30,,38714,31,,,1,70,,38715,31,,,1,30,,38716,31,,,1,70,,38717,31,,,1,30,,38718,31,,,1,60,,38719,31,,,1,21,,38720,31,,,1,20,,38721,31,,,1,60,,38722,31,,,1,20,,38723,31,,,1,20,,38724,31,,,1,60,,38725,31,,,1,20,,38726,31,,,1,20,,38727,31,,,1,70,,38728,31,,,1,30,,38729,31,,,1,70,,38730,31,,,1,30,,38731,31,,,1,70,,38732,31,,,1,30,,38733,31,,,1,70,,38734,31,,,1,30,,38735,31,,,1,70,,38736,31,,,1
11701,'117-Weekday-6-26-02-1111100',548,,38737,31,,,1,70,,38738,31,,,1,34,,38739,31,,,1,60,,38740,31,,,1,20,,38741,31,,,1,20,,38742,31,,,1,60,,38743,31,,,1,20,,38744,31,,,1,20,,38745,31,,,1,68,,38746,31,,,1,30,,38747,31,,,1,70,,38748,31,,,1,30,,38749,31,,,1,70,,38750,31,,,1,30,,38751,31,,,1,70,,38752,31,,,1,30,,38753,31,,,1,70,,38754,31,,,1,30,,38755,31,,,1,70,,38756,31,,,1,30,,38757,31,,,1,60,,38758,31,,,1,21,,38759,31,,,1,20,,38760,31,,,1,60,,38761,31,,,1,20,,38762,31,,,1,20,,38763,31,,,1,60,,38764,31,,,1,20,,38765,31,,,1,20,,38766,31,,,1,70,,38767,31,,,1,30,,38768,31,,,1,70,,38769,31,,,1,30,,38770,31,,,1,70,,38771,31,,,1,30,,38772,31,,,1,70,,38773,31,,,1,30,,38774,31,,,1,70,,38775,31,,,1
11701,'117-Weekday-7-26-02-1111100',548,,38776,31,,,1,70,,38777,31,,,1,34,,38778,31,,,1,60,,38779,31,,,1,20,,38780,31,,,1,20,,38781,31,,,1,60,,38782,31,,,1,20,,38783,31,,,1,20,,38784,31,,,1,68,,38785,31,,,1,30,,38786,31,,,1,70,,38787,31,,,1,30,,38788,31,,,1,70,,38789,31,,,1,30,,38790,31,,,1,70,,38791,31,,,1,30,,38792,31,,,1,70,,38793,31,,,1,30,,38794,31,,,1,70,,38795,31,,,1,30,,38796,31,,,1,60,,38797,31,,,1,21,,38798,31,,,1,20,,38799,31,,,1,60,,38800,31,,,1,20,,38801,31,,,1,20,,38802,31,,,1,60,,38803,31,,,1,20,,38804,31,,,1,20,,38805,31,,,1,70,,38806,31,,,1,30,,38807,31,,,1,70,,38808,31,,,1,30,,38809,31,,,1,70,,38810,31,,,1,30,,38811,31,,,1,70,,38812,31,,,1,30,,38813,31,,,1,70,,38814,31,,,1
11701,'117-Saturday-1-26-02-0000010',637,,38893,31,,,1,100,,38894,31,,,1,100,,38895,31,,,1,79,,38896,31,,,1,29,,38897,31,,,1,70,,38898,31,,,1,30,,38899,31,,,1,70,,38900,31,,,1,30,,38901,31,,,1,70,,38902,31,,,1,30,,38903,31,,,1,70,,38904,31,,,1,30,,38905,31,,,1,70,,38906,31,,,1,30,,38907,31,,,1,70,,38908,31,,,1,30,,38909,31,,,1,70,,38910,31,,,1,30,,38911,31,,,1,70,,38912,31,,,1,30,,38913,31,,,1,70,,38914,31,,,1,30,,38915,31,,,1,70,,38916,31,,,1,30,,38917,31,,,1,70,,38918,31,,,1,30,,38919,31,,,1,70,,38920,31,,,1,30,,38921,31,,,1,70,,38922,31,,,1
11701,'117-Sunday-1-26-02-0000001',651,,38923,31,,,1,100,,38924,31,,,1,100,,38925,31,,,1,101,,38926,31,,,1,70,,38927,31,,,1,30,,38928,31,,,1,70,,38929,31,,,1,30,,38930,31,,,1,70,,38931,31,,,1,30,,38932,31,,,1,70,,38933,31,,,1,30,,38934,31,,,1,70,,38935,31,,,1,30,,38936,31,,,1,70,,38937,31,,,1,30,,38938,31,,,1,70,,38939,31,,,1,30,,38940,31,,,1,69,,38941,31,,,1,28,,38942,31,,,1,70,,38943,31,,,1,30,,38944,31,,,1,70,,38945,31,,,1,100,,38946,31,,,1,100,,38947,31,,,1
61201,'612-Weekday-1-26-02-1111100',745,,60432,43,,,1
61201,'612-Weekday-5-26-02-1111100',745,,60434,43,,,1
61201,'612-Weekday-6-26-02-1111100',745,,60435,43,,,1
61201,'612-Weekday-9-26-02-1111100',745,,60437,43,,,1
