11701,'117-Weekday-1-26-02-1111100',543,,38542,20,,,1,70,,38543,20,,,1,33,,38544,20,,,1,60,,38545,20,,,1,20,,38546,20,,,1,20,,38547,20,,,1,60,,38548,20,,,1,20,,38549,20,,,1,20,,38550,20,,,1,68,,38551,20,,,1,30,,38552,20,,,1,70,,38553,20,,,1,30,,38554,20,,,1,70,,38555,20,,,1,30,,38556,20,,,1,70,,38557,20,,,1,30,,38558,20,,,1,70,,38559,20,,,1,30,,38560,20,,,1,70,,38561,20,,,1,30,,38562,20,,,1,60,,38563,20,,,1,21,,38564,20,,,1,20,,38565,20,,,1,60,,38566,20,,,1,20,,38567,20,,,1,20,,38568,20,,,1,60,,38569,20,,,1,20,,38570,20,,,1,20,,38571,20,,,1,70,,38572,20,,,1,30,,38573,20,,,1,70,,38574,20,,,1,30,,38575,20,,,1,70,,38576,20,,,1,30,,38577,20,,,1,70,,38578,20,,,1,30,,38579,20,,,1,70,,38580,20,,,1
11701,'117-Weekday-10-26-02-1111100',543,,38581,20,,,1,70,,38582,20,,,1,33,,38583,20,,,1,60,,38584,20,,,1,20,,38585,20,,,1,20,,38586,20,,,1,60,,38587,20,,,1,20,,38588,20,,,1,20,,38589,20,,,1,68,,38590,20,,,1,30,,38591,20,,,1,70,,38592,20,,,1,30,,38593,20,,,1,70,,38594,20,,,1,30,,38595,20,,,1,70,,38596,20,,,1,30,,38597,20,,,1,70,,38598,20,,,1,30,,38599,20,,,1,70,,38600,20,,,1,30,,38601,20,,,1,60,,38602,20,,,1,21,,38603,20,,,1,20,,38604,20,,,1,60,,38605,20,,,1,20,,38606,20,,,1,20,,38607,20,,,1,60,,38608,20,,,1,20,,38609,20,,,1,20,,38610,20,,,1,70,,38611,20,,,1,30,,38612,20,,,1,70,,38613,20,,,1,30,,38614,20,,,1,70,,38615,20,,,1,30,,38616,20,,,1,70,,38617,20,,,1,30,,38618,20,,,1,70,,38619,20,,,1
11701,'117-Weekday-11-26-02-1111100',543,,113341,20,,,1,70,,113342,20,,,1,33,,113343,20,,,1,60,,113344,20,,,1,20,,113345,20,,,1,20,,113346,20,,,1,60,,113347,20,,,1,20,,113348,20,,,1,20,,113349,20,,,1,68,,113350,20,,,1,30,,113351,20,,,1,70,,113352,20,,,1,30,,113353,20,,,1,70,,113354,20,,,1,30,,113355,20,,,1,70,,113356,20,,,1,30,,113357,20,,,1,70,,113358,20,,,1,30,,113359,20,,,1,70,,113360,20,,,1,30,,113361,20,,,1,60,,113362,20,,,1,21,,113363,20,,,1,20,,113364,20,,,1,60,,113365,20,,,1,20,,113366,20,,,1,20,,113367,20,,,1,60,,113368,20,,,1,20,,113369,20,,,1,20,,113370,20,,,1,70,,113371,20,,,1,30,,113372,20,,,1,70,,113373,20,,,1,30,,113374,20,,,1,70,,113375,20,,,1,30,,113376,20,,,1,70,,113377,20,,,1,30,,113378,20,,,1,70,,113379,20,,,1
11701,'117-Saturday-1-26-02-0000010',631,,38893,20,,,1,100,,38894,20,,,1,100,,38895,20,,,1,79,,38896,20,,,1,29,,38897,20,,,1,70,,38898,20,,,1,30,,38899,20,,,1,70,,38900,20,,,1,30,,38901,20,,,1,70,,38902,20,,,1,30,,38903,20,,,1,70,,38904,20,,,1,30,,38905,20,,,1,70,,38906,20,,,1,30,,38907,20,,,1,70,,38908,20,,,1,30,,38909,20,,,1,70,,38910,20,,,1,30,,38911,20,,,1,70,,38912,20,,,1,30,,38913,20,,,1,70,,38914,20,,,1,30,,38915,20,,,1,70,,38916,20,,,1,30,,38917,20,,,1,70,,38918,20,,,1,30,,38919,20,,,1,70,,38920,20,,,1,30,,38921,20,,,1,70,,38922,20,,,1
11701,'117-Sunday-2-26-02-0000001',645,,113380,20,,,1,100,,113381,20,,,1,100,,113382,20,,,1,101,,113383,20,,,1,70,,113384,20,,,1,30,,113385,20,,,1,70,,113386,20,,,1,30,,113387,20,,,1,70,,113388,20,,,1,30,,113389,20,,,1,70,,113390,20,,,1,30,,113391,20,,,1,70,,113392,20,,,1,30,,113393,20,,,1,70,,113394,20,,,1,30,,113395,20,,,1,70,,113396,20,,,1,30,,113397,20,,,1,69,,113398,20,,,1,28,,113399,20,,,1,70,,113400,20,,,1,30,,113401,20,,,1,70,,113402,20,,,1,100,,113403,20,,,1,100,,113404,20,,,1
62100,'621-Weekday-1-26-02-0001000',1208,,60619,9,,,1
62100,'621-Weekday-1-26-02-1110100',1517,,60620,9,,,1
62100,'621-Weekday-1-26-02-1111100',1541,,60621,9,,,1
62100,'621-Weekday-10-26-02-1110100',1517,,116701,9,,,1
62100,'621-Weekday-10-26-02-1111100',1541,,116702,9,,,1
62100,'621-Weekday-9-26-02-0001000',1208,,60631,9,,,1
62100,'621-Weekday-9-26-02-1111100',1541,,60632,9,,,1
