5600,'056-Weekday-7-26-04-1111100',523,,152856,25,0,19 20,1,1089,,152926,25,0,19 20,1
51701,'517-Weekday-7-26-04-1101100',751,,155704,2,,,1
51701,'517-Weekday-7-26-04-1111100',532,,155705,2,,,1,70,,155706,2,,,1,30,,155707,2,,,1,20,,155708,2,,,1,60,,155709,2,,,1,20,,155710,2,,,1,20,,155711,2,,,1,60,,155743,2,,,1,20,,155741,2,,,1,70,,155712,2,,,1,30,,155713,2,,,1,70,,155714,2,,,1,30,,155715,2,,,1,70,,155716,2,,,1,30,,155717,2,,,1,70,,155718,2,,,1,30,,155719,2,,,1,70,,155720,2,,,1,30,,155721,2,,,1,70,,155722,2,,,1,30,,155723,2,,,1,70,,155724,2,,,1,30,,155725,2,,,1,15,,155740,2,,,1,5,,155726,2,,,1,60,,155727,2,,,1,20,,155728,2,,,1,20,,155729,2,,,1,60,,155730,2,,,1,20,,155742,2,,,1,70,,155731,2,,,1,30,,155732,2,,,1,70,,155733,2,,,1,30,,155734,2,,,1,70,,155735,2,,,1,30,,155736,2,,,1,70,,155737,2,,,1,30,,155738,2,,,1,70,,155739,2,,,1
51701,'517-Saturday-1-26-04-0000010',755,,128931,2,,,1,70,,128932,2,,,1,30,,128933,2,,,1,70,,128934,2,,,1,30,,128935,2,,,1,70,,128936,2,,,1,30,,128937,2,,,1,70,,128938,2,,,1,30,,128939,2,,,1,70,,128940,2,,,1,30,,128941,2,,,1,70,,128942,2,,,1,30,,128943,2,,,1,70,,128944,2,,,1,30,,128945,2,,,1,70,,128946,2,,,1,30,,128947,2,,,1,70,,128948,2,,,1,30,,128949,2,,,1,70,,128950,2,,,1,30,,128951,2,,,1,70,,128952,2,,,1,30,,128953,2,,,1
51801,'518-Weekday-7-26-04-0001000',1233,,155798,2,,,1
51801,'518-Weekday-7-26-04-1111100',518,,155799,2,,,1,30,,155800,2,,,1,63,,155848,2,,,1,20,,155801,2,,,1,12,,155802,2,,,1,12,,155803,2,,,1,52,,155849,2,,,1,12,,155804,2,,,1,12,,155805,2,,,1,12,,155806,2,,,1,12,,155807,2,,,1,52,,155850,2,,,1,12,,155808,2,,,1,12,,155809,2,,,1,12,,155851,2,,,1,75,,155810,2,,,1,30,,155811,2,,,1,70,,155812,2,,,1,30,,155813,2,,,1,70,,155814,2,,,1,30,,155815,2,,,1,70,,155816,2,,,1,30,,155817,2,,,1,70,,155818,2,,,1,30,,155819,2,,,1,70,,155820,2,,,1,30,,155821,2,,,1,53,,155822,2,,,1,12,,155823,2,,,1,12,,155845,2,,,1,12,,155824,2,,,1,5,,155852,2,,,1,7,,155825,2,,,1,52,,155826,2,,,1,12,,155827,2,,,1,12,,155847,2,,,1,12,,155828,2,,,1,12,,155829,2,,,1,52,,155830,2,,,1,12,,155831,2,,,1,12,,155846,2,,,1,12,,155832,2,,,1,12,,155833,2,,,1,52,,155834,2,,,1,18,,155835,2,,,1,29,,155836,2,,,1,70,,155837,2,,,1,30,,155838,2,,,1,70,,155839,2,,,1,30,,155840,2,,,1,70,,155841,2,,,1,30,,155842,2,,,1,100,,155843,2,,,1,100,,155844,2,,,1
51801,'518-Saturday-1-26-04-0000010',617,,129359,2,,,1,97,,129360,2,,,1,88,,129361,2,,,1,30,,129362,2,,,1,70,,129363,2,,,1,30,,129364,2,,,1,70,,129365,2,,,1,30,,129366,2,,,1,70,,129367,2,,,1,30,,129368,2,,,1,70,,129369,2,,,1,30,,129370,2,,,1,70,,129371,2,,,1,30,,129372,2,,,1,70,,129373,2,,,1,30,,129374,2,,,1,70,,129375,2,,,1,30,,129376,2,,,1,27,,129377,2,,,1,70,,129378,2,,,1,30,,129379,2,,,1,73,,129380,2,,,1,70,,129381,2,,,1,30,,129382,2,,,1,70,,129383,2,,,1,30,,129388,2,,,1,70,,129384,2,,,1,30,,129389,2,,,1,70,,129385,2,,,1,30,,129390,2,,,1,70,,129386,2,,,1,100,,129387,2,,,1,100,,129391,2,,,1
51900,'519-Weekday-7-26-04-1111100',612,,155853,48,,,1,33,,155854,48,,,1,56,,155855,48,,,1,15,,155856,48,,,1,15,,155857,48,,,1,15,,155858,48,,,1,55,,155859,48,,,1,15,,155860,48,,,1,15,,155861,48,,,1,15,,155862,48,,,1,55,,155863,48,,,1,14,,155899,48,,,1,32,,155864,48,,,1,70,,155865,48,,,1,30,,155866,48,,,1,70,,155867,48,,,1,30,,155868,48,,,1,70,,155869,48,,,1,30,,155870,48,,,1,70,,155871,48,,,1,30,,155872,48,,,1,70,,155873,48,,,1,30,,155874,48,,,1,71,,155875,48,,,1,34,,155876,48,,,1,55,,155877,48,,,1,15,,155878,48,,,1,18,,155879,48,,,1,15,,155880,48,,,1,55,,155881,48,,,1,15,,155882,48,,,1,15,,155883,48,,,1,15,,155884,48,,,1,55,,155885,48,,,1,15,,155886,48,,,1,13,,155887,48,,,1,13,,155888,48,,,1,65,,155889,48,,,1,28,,155890,48,,,1,70,,155891,48,,,1,30,,155892,48,,,1,70,,155893,48,,,1,30,,155894,48,,,1,69,,155895,48,,,1,30,,155896,48,,,1,100,,155897,48,,,1,100,,155898,48,,,1
51900,'519-Saturday-1-26-04-0000010',619,,129561,48,,,1,100,,129560,48,,,1,100,,129562,48,,,1,86,,129563,48,,,1,35,,129564,48,,,1,71,,129565,48,,,1,31,,129566,48,,,1,70,,129567,48,,,1,30,,129568,48,,,1,70,,129569,48,,,1,30,,129570,48,,,1,70,,129571,48,,,1,30,,129572,48,,,1,70,,129573,48,,,1,30,,129574,48,,,1,70,,129575,48,,,1,30,,129576,48,,,1,70,,129577,48,,,1,30,,129578,48,,,1,69,,129579,48,,,1,28,,129580,48,,,1,68,,129581,48,,,1,30,,129582,48,,,1,70,,129583,48,,,1,38,,129584,48,,,1,92,,129585,48,,,1,100,,129586,48,,,1,100,,129587,48,,,1,100,,129588,48,,,1,100,,129589,48,,,1
52101,'521-Weekday-7-26-04-1111100',531,,155996,2,,,1,70,,155997,2,,,1,15,,155998,2,,,1,16,,155999,2,,,1,15,,156035,2,,,1,55,,156000,2,,,1,15,,156001,2,,,1,15,,156002,2,,,1,15,,156034,2,,,1,55,,156003,2,,,1,15,,156004,2,,,1,15,,156039,2,,,1,24,,156005,2,,,1,69,,156006,2,,,1,30,,156007,2,,,1,70,,156008,2,,,1,30,,156009,2,,,1,70,,156010,2,,,1,30,,156011,2,,,1,70,,156012,2,,,1,30,,156013,2,,,1,70,,156014,2,,,1,30,,156015,2,,,1,70,,156016,2,,,1,31,,156038,2,,,1,71,,156037,2,,,1,15,,156040,2,,,1,15,,156018,2,,,1,55,,156019,2,,,1,15,,156020,2,,,1,15,,156021,2,,,1,15,,156022,2,,,1,55,,156023,2,,,1,15,,156024,2,,,1,15,,156025,2,,,1,15,,156026,2,,,1,69,,156036,2,,,1,30,,156027,2,,,1,70,,156028,2,,,1,30,,156029,2,,,1,70,,156030,2,,,1,30,,156031,2,,,1,70,,156032,2,,,1,30,,156033,2,,,1
52101,'521-Saturday-1-26-04-0000010',754,,130141,2,,,1,70,,130142,2,,,1,31,,130143,2,,,1,70,,130144,2,,,1,30,,130145,2,,,1,70,,130146,2,,,1,30,,130147,2,,,1,70,,130148,2,,,1,30,,130149,2,,,1,70,,130150,2,,,1,30,,130151,2,,,1,70,,130152,2,,,1,30,,130153,2,,,1,70,,130154,2,,,1,30,,130155,2,,,1,70,,130156,2,,,1,30,,130157,2,,,1,70,,130158,2,,,1,30,,130159,2,,,1,70,,130160,2,,,1,30,,130161,2,,,1,70,,130162,2,,,1,30,,130163,2,,,1
