65000,'650-Weekday-1-26-02-1111100',752,,61230,22,,,1,6,,61231,22,,,1
65000,'650-Weekday-10-26-02-1111100',752,,116795,22,,,1,6,,116796,22,,,1
65000,'650-Weekday-9-26-02-1111100',752,,61238,22,,,1,6,,61239,22,,,1
70600,'706-Weekday-1-26-02-1111100',509,,66690,11,,,1,30,,66691,11,,,1,70,,66692,11,,,1,31,,66693,11,,,1,60,,66694,11,,,1,20,,66695,11,,,1,20,,66696,11,,,1,60,,66697,11,,,1,20,,66698,11,,,1,20,,66699,11,,,1,73,,66700,11,,,1,27,,66701,11,,,1,70,,66702,11,,,1,30,,66703,11,,,1,70,,66704,11,,,1,30,,66705,11,,,1,70,,66706,11,,,1,30,,66707,11,,,1,70,,66708,11,,,1,30,,66709,11,,,1,70,,66710,11,,,1,30,,66711,11,,,1,70,,66712,11,,,1,30,,66713,11,,,1,70,,66714,11,,,1,30,,66715,11,,,1,70,,66716,11,,,1,30,,66717,11,,,1,70,,66718,11,,,1,29,,66719,11,,,1,70,,66721,11,,,1,30,,66722,11,,,1,70,,66723,11,,,1,30,,66724,11,,,1,70,,66725,11,,,1,30,,66726,11,,,1,69,,66727,11,,,1,100,,66728,11,,,1,100,,66720,11,,,1
70600,'706-Weekday-10-26-02-1111100',509,,66729,11,,,1,30,,66730,11,,,1,70,,66731,11,,,1,31,,66732,11,,,1,60,,66733,11,,,1,20,,66734,11,,,1,20,,66735,11,,,1,60,,66736,11,,,1,20,,66737,11,,,1,20,,66738,11,,,1,73,,66739,11,,,1,27,,66740,11,,,1,70,,66741,11,,,1,30,,66742,11,,,1,70,,66743,11,,,1,30,,66744,11,,,1,70,,66745,11,,,1,30,,66746,11,,,1,70,,66747,11,,,1,30,,66748,11,,,1,70,,66749,11,,,1,30,,66750,11,,,1,70,,66751,11,,,1,30,,66752,11,,,1,70,,66753,11,,,1,30,,66754,11,,,1,70,,66755,11,,,1,30,,66756,11,,,1,70,,66757,11,,,1,29,,66758,11,,,1,70,,66760,11,,,1,30,,66761,11,,,1,70,,66762,11,,,1,30,,66763,11,,,1,70,,66764,11,,,1,30,,66765,11,,,1,69,,66766,11,,,1,100,,66767,11,,,1,100,,66759,11,,,1
70600,'706-Weekday-11-26-02-1111100',509,,117620,11,,,1,30,,117621,11,,,1,70,,117622,11,,,1,31,,117623,11,,,1,60,,117624,11,,,1,20,,117625,11,,,1,20,,117626,11,,,1,60,,117627,11,,,1,20,,117628,11,,,1,20,,117629,11,,,1,73,,117630,11,,,1,27,,117631,11,,,1,70,,117632,11,,,1,30,,117633,11,,,1,70,,117634,11,,,1,30,,117635,11,,,1,70,,117636,11,,,1,30,,117637,11,,,1,70,,117638,11,,,1,30,,117639,11,,,1,70,,117640,11,,,1,30,,117641,11,,,1,70,,117642,11,,,1,30,,117643,11,,,1,70,,117644,11,,,1,30,,117645,11,,,1,70,,117646,11,,,1,30,,117647,11,,,1,70,,117648,11,,,1,29,,117649,11,,,1,70,,117651,11,,,1,30,,117652,11,,,1,70,,117653,11,,,1,30,,117654,11,,,1,70,,117655,11,,,1,30,,117656,11,,,1,69,,117657,11,,,1,100,,117658,11,,,1,100,,117650,11,,,1
70600,'706-Saturday-1-26-02-0000010',622,,67041,11,,,1,100,,67042,11,,,1,100,,67043,11,,,1,30,,67044,11,,,1,71,,67045,11,,,1,30,,67046,11,,,1,70,,67047,11,,,1,30,,67048,11,,,1,70,,67049,11,,,1,30,,67050,11,,,1,70,,67051,11,,,1,29,,67052,11,,,1,71,,67053,11,,,1,30,,67054,11,,,1,70,,67055,11,,,1,30,,67056,11,,,1,70,,67057,11,,,1,30,,67058,11,,,1,70,,67059,11,,,1,30,,67060,11,,,1,69,,67061,11,,,1,30,,67062,11,,,1,70,,67063,11,,,1,30,,67064,11,,,1,70,,67065,11,,,1,100,,67066,11,,,1,100,,67067,11,,,1,100,,67068,11,,,1,100,,67069,11,,,1
70600,'706-Sunday-2-26-02-0000001',626,,117659,11,,,1,100,,117660,11,,,1,100,,117661,11,,,1,100,,117662,11,,,1,100,,117663,11,,,1,30,,117664,11,,,1,70,,117665,11,,,1,30,,117666,11,,,1,70,,117667,11,,,1,30,,117668,11,,,1,70,,117669,11,,,1,30,,117670,11,,,1,70,,117671,11,,,1,30,,117672,11,,,1,70,,117673,11,,,1,30,,117674,11,,,1,70,,117675,11,,,1,30,,117676,11,,,1,70,,117677,11,,,1,30,,117678,11,,,1,70,,117679,11,,,1,30,,117680,11,,,1,70,,117681,11,,,1,100,,117682,11,,,1,100,,117683,11,,,1,100,,117684,11,,,1
72400,'724-Weekday-1-26-02-1111100',541,,80403,22,,,1,70,,80404,22,,,1,31,,80405,22,,,1,70,,80406,22,,,1,30,,80402,22,,,1,70,,80407,22,,,1,30,,80408,22,,,1,669,,80409,22,,,1,30,,80410,22,,,1,70,,80411,22,,,1,30,,80412,22,,,1,70,,80413,22,,,1,30,,80414,22,,,1
72400,'724-Weekday-10-26-02-1111100',541,,80416,22,,,1,70,,80417,22,,,1,31,,80418,22,,,1,70,,80419,22,,,1,30,,80415,22,,,1,70,,80420,22,,,1,30,,80421,22,,,1,669,,80422,22,,,1,30,,80423,22,,,1,70,,80424,22,,,1,30,,80425,22,,,1,70,,80426,22,,,1,30,,80427,22,,,1
72400,'724-Weekday-11-26-02-1111100',541,,119647,22,,,1,70,,119648,22,,,1,31,,119649,22,,,1,70,,119650,22,,,1,30,,119646,22,,,1,70,,119651,22,,,1,30,,119652,22,,,1,669,,119653,22,,,1,30,,119654,22,,,1,70,,119655,22,,,1,30,,119656,22,,,1,70,,119657,22,,,1,30,,119658,22,,,1
