50101,'501-Weekday-1-26-02-0001000',1420,,44096,6,,,1,2,,44097,6,,,1
50101,'501-Weekday-1-26-02-1110100',1512,,44098,6,,,1
50101,'501-Weekday-1-26-02-1111100',533,,44099,6,,,1,70,,44100,6,,,1,31,,44101,6,,,1,76,,44102,6,,,1,15,,44103,6,,,1,15,,44137,6,,,1,15,,44104,6,,,1,55,,44105,6,,,1,15,,44106,6,,,1,15,,44110,6,,,1,15,,44111,6,,,1,55,,44112,6,,,1,32,,44113,6,,,1,74,,44114,6,,,1,34,,44115,6,,,1,74,,44116,6,,,1,34,,44117,6,,,1,74,,44141,6,,,1,74,,44118,6,,,1,34,,44119,6,,,1,74,,44120,6,,,1,34,,44121,6,,,1,62,,44138,6,,,1,15,,44107,6,,,1,17,,44108,6,,,1,15,,44109,6,,,1,55,,44139,6,,,1,15,,44122,6,,,1,15,,44123,6,,,1,15,,44124,6,,,1,55,,44140,6,,,1,15,,44125,6,,,1,15,,44126,6,,,1,15,,44142,6,,,1,55,,44127,6,,,1,27,,44128,6,,,1,66,,44129,6,,,1,31,,44130,6,,,1,71,,44131,6,,,1,31,,44132,6,,,1,71,,44133,6,,,1,31,,44134,6,,,1,70,,44143,6,,,1,100,,44136,6,,,1,100,,44135,6,,,1
50101,'501-Weekday-10-26-02-0001000',1420,,44144,6,,,1,2,,44145,6,,,1
50101,'501-Weekday-10-26-02-1111100',533,,44146,6,,,1,70,,44147,6,,,1,31,,44148,6,,,1,76,,44149,6,,,1,15,,44150,6,,,1,15,,44184,6,,,1,15,,44151,6,,,1,55,,44152,6,,,1,15,,44153,6,,,1,15,,44157,6,,,1,15,,44158,6,,,1,55,,44159,6,,,1,32,,44160,6,,,1,74,,44161,6,,,1,34,,44162,6,,,1,74,,44163,6,,,1,34,,44164,6,,,1,74,,44188,6,,,1,74,,44165,6,,,1,34,,44166,6,,,1,74,,44167,6,,,1,34,,44168,6,,,1,62,,44185,6,,,1,15,,44154,6,,,1,17,,44155,6,,,1,15,,44156,6,,,1,55,,44186,6,,,1,15,,44169,6,,,1,15,,44170,6,,,1,15,,44171,6,,,1,55,,44187,6,,,1,15,,44172,6,,,1,15,,44173,6,,,1,15,,44189,6,,,1,55,,44174,6,,,1,27,,44175,6,,,1,66,,44176,6,,,1,31,,44177,6,,,1,71,,44178,6,,,1,31,,44179,6,,,1,71,,44180,6,,,1,31,,44181,6,,,1,70,,44190,6,,,1,100,,44183,6,,,1,100,,44182,6,,,1
50101,'501-Weekday-4-26-02-1111100',533,,44239,6,,,1,70,,44240,6,,,1,31,,44241,6,,,1,76,,44242,6,,,1,15,,44243,6,,,1,15,,44277,6,,,1,15,,44244,6,,,1,55,,44245,6,,,1,15,,44246,6,,,1,15,,44250,6,,,1,15,,44251,6,,,1,55,,44252,6,,,1,32,,44253,6,,,1,74,,44254,6,,,1,34,,44255,6,,,1,74,,44256,6,,,1,34,,44257,6,,,1,74,,44281,6,,,1,74,,44258,6,,,1,34,,44259,6,,,1,74,,44260,6,,,1,34,,44261,6,,,1,62,,44278,6,,,1,15,,44247,6,,,1,17,,44248,6,,,1,15,,44249,6,,,1,55,,44279,6,,,1,15,,44262,6,,,1,15,,44263,6,,,1,15,,44264,6,,,1,55,,44280,6,,,1,15,,44265,6,,,1,15,,44266,6,,,1,15,,44282,6,,,1,55,,44267,6,,,1,27,,44268,6,,,1,66,,44269,6,,,1,31,,44270,6,,,1,71,,44271,6,,,1,31,,44272,6,,,1,71,,44273,6,,,1,31,,44274,6,,,1,70,,44283,6,,,1,100,,44276,6,,,1,100,,44275,6,,,1
50101,'501-Weekday-5-26-02-0001000',1420,,44284,6,,,1,2,,44285,6,,,1
50101,'501-Weekday-5-26-02-1110100',1512,,44286,6,,,1
50101,'501-Weekday-5-26-02-1111100',533,,44287,6,,,1,70,,44288,6,,,1,31,,44289,6,,,1,76,,44290,6,,,1,15,,44291,6,,,1,15,,44325,6,,,1,15,,44292,6,,,1,55,,44293,6,,,1,15,,44294,6,,,1,15,,44298,6,,,1,15,,44299,6,,,1,55,,44300,6,,,1,32,,44301,6,,,1,74,,44302,6,,,1,34,,44303,6,,,1,74,,44304,6,,,1,34,,44305,6,,,1,74,,44329,6,,,1,74,,44306,6,,,1,34,,44307,6,,,1,74,,44308,6,,,1,34,,44309,6,,,1,62,,44326,6,,,1,15,,44295,6,,,1,17,,44296,6,,,1,15,,44297,6,,,1,55,,44327,6,,,1,15,,44310,6,,,1,15,,44311,6,,,1,15,,44312,6,,,1,55,,44328,6,,,1,15,,44313,6,,,1,15,,44314,6,,,1,15,,44330,6,,,1,55,,44315,6,,,1,27,,44316,6,,,1,66,,44317,6,,,1,31,,44318,6,,,1,71,,44319,6,,,1,31,,44320,6,,,1,71,,44321,6,,,1,31,,44322,6,,,1,70,,44331,6,,,1,100,,44324,6,,,1,100,,44323,6,,,1
50101,'501-Weekday-6-26-02-1111100',533,,44332,6,,,1,70,,44333,6,,,1,31,,44334,6,,,1,76,,44335,6,,,1,15,,44336,6,,,1,15,,44370,6,,,1,15,,44337,6,,,1,55,,44338,6,,,1,15,,44339,6,,,1,15,,44343,6,,,1,15,,44344,6,,,1,55,,44345,6,,,1,32,,44346,6,,,1,74,,44347,6,,,1,34,,44348,6,,,1,74,,44349,6,,,1,34,,44350,6,,,1,74,,44374,6,,,1,74,,44351,6,,,1,34,,44352,6,,,1,74,,44353,6,,,1,34,,44354,6,,,1,62,,44371,6,,,1,15,,44340,6,,,1,17,,44341,6,,,1,15,,44342,6,,,1,55,,44372,6,,,1,15,,44355,6,,,1,15,,44356,6,,,1,15,,44357,6,,,1,55,,44373,6,,,1,15,,44358,6,,,1,15,,44359,6,,,1,15,,44375,6,,,1,55,,44360,6,,,1,27,,44361,6,,,1,66,,44362,6,,,1,31,,44363,6,,,1,71,,44364,6,,,1,31,,44365,6,,,1,71,,44366,6,,,1,31,,44367,6,,,1,70,,44376,6,,,1,100,,44369,6,,,1,100,,44368,6,,,1
50101,'501-Weekday-7-26-02-1111100',533,,44377,6,,,1,70,,44378,6,,,1,31,,44379,6,,,1,76,,44380,6,,,1,15,,44381,6,,,1,15,,44415,6,,,1,15,,44382,6,,,1,55,,44383,6,,,1,15,,44384,6,,,1,15,,44388,6,,,1,15,,44389,6,,,1,55,,44390,6,,,1,32,,44391,6,,,1,74,,44392,6,,,1,34,,44393,6,,,1,74,,44394,6,,,1,34,,44395,6,,,1,74,,44419,6,,,1,74,,44396,6,,,1,34,,44397,6,,,1,74,,44398,6,,,1,34,,44399,6,,,1,62,,44416,6,,,1,15,,44385,6,,,1,17,,44386,6,,,1,15,,44387,6,,,1,55,,44417,6,,,1,15,,44400,6,,,1,15,,44401,6,,,1,15,,44402,6,,,1,55,,44418,6,,,1,15,,44403,6,,,1,15,,44404,6,,,1,15,,44420,6,,,1,55,,44405,6,,,1,27,,44406,6,,,1,66,,44407,6,,,1,31,,44408,6,,,1,71,,44409,6,,,1,31,,44410,6,,,1,71,,44411,6,,,1,31,,44412,6,,,1,70,,44421,6,,,1,100,,44414,6,,,1,100,,44413,6,,,1
50101,'501-Saturday-1-26-02-0000010',602,,44538,6,,,1,30,,44535,6,,,1,70,,44536,6,,,1,30,,44537,6,,,1,70,,44513,6,,,1,30,,44514,6,,,1,70,,44515,6,,,1,32,,44516,6,,,1,72,,44517,6,,,1,32,,44518,6,,,1,72,,44519,6,,,1,32,,44520,6,,,1,72,,44521,6,,,1,32,,44522,6,,,1,72,,44523,6,,,1,32,,44524,6,,,1,72,,44525,6,,,1,32,,44526,6,,,1,72,,44527,6,,,1,32,,44528,6,,,1,72,,44529,6,,,1,72,,44530,6,,,1,32,,44531,6,,,1,72,,44533,6,,,1,32,,44532,6,,,1,72,,44534,6,,,1
50101,'501-Sunday-1-26-02-0000001',611,,44539,6,,,1,30,,44540,6,,,1,70,,44541,6,,,1,30,,44542,6,,,1,70,,44543,6,,,1,30,,44544,6,,,1,68,,44545,6,,,1,32,,44546,6,,,1,70,,44547,6,,,1,30,,44548,6,,,1,70,,44549,6,,,1,30,,44550,6,,,1,70,,44551,6,,,1,30,,44552,6,,,1,70,,44553,6,,,1,30,,44554,6,,,1,70,,44555,6,,,1,30,,44556,6,,,1,70,,44557,6,,,1,30,,44558,6,,,1,70,,44559,6,,,1,30,,44560,6,,,1,70,,44561,6,,,1,30,,44562,6,,,1,70,,44563,6,,,1,30,,44564,6,,,1,70,,44565,6,,,1
63001,'630-Weekday-1-26-02-0001000',1220,,60920,3,,,1
63001,'630-Weekday-1-26-02-1110100',1522,,60922,3,,,1
63001,'630-Weekday-5-26-02-0000100',1220,,60927,3,,,1
63001,'630-Weekday-5-26-02-1110100',1522,,60929,3,,,1
63001,'630-Weekday-6-26-02-1110100',1522,,60930,3,,,1
63001,'630-Weekday-9-26-02-0001000',1220,,60932,3,,,1
63101,'631-Weekday-1-26-02-0001000',1220,,60941,3,,,1
63101,'631-Weekday-1-26-02-1110100',1523,,60943,3,,,1
63101,'631-Weekday-5-26-02-0000100',1220,,60948,3,,,1
63101,'631-Weekday-5-26-02-1110100',1523,,60950,3,,,1
63101,'631-Weekday-6-26-02-1110100',1523,,60951,3,,,1
63101,'631-Weekday-9-26-02-0001000',1220,,60953,3,,,1
