10700,'107-Weekday-1-26-02-1111100',537,,30584,29,,,1,70,,30585,29,,,1,32,,30586,29,,,1,17,,30587,29,,,1,55,,30588,29,,,1,15,,30589,29,,,1,15,,30590,29,,,1,15,,30591,29,,,1,55,,30592,29,,,1,15,,30593,29,,,1,15,,30594,29,,,1,59,,30595,29,,,1,20,,30596,29,,,1,20,,30597,29,,,1,60,,30598,29,,,1,20,,30599,29,,,1,20,,30600,29,,,1,60,,30601,29,,,1,20,,30602,29,,,1,20,,30603,29,,,1,60,,30604,29,,,1,20,,30605,29,,,1,20,,30606,29,,,1,60,,30607,29,,,1,20,,30608,29,,,1,20,,30609,29,,,1,60,,30610,29,,,1,20,,30611,29,,,1,20,,30612,29,,,1,61,,30640,29,,,1,12,,30632,29,,,1,10,,30613,29,,,1,10,,30614,29,,,1,10,,30633,29,,,1,2,,30639,29,,,1,8,,30615,29,,,1,50,,30616,29,,,1,10,,30634,29,,,1,10,,30617,29,,,1,10,,30618,29,,,1,10,,30635,29,,,1,10,,30619,29,,,1,50,,30620,29,,,1,10,,30631,29,,,1,10,,30621,29,,,1,10,,30636,29,,,1,20,,30637,29,,,1,60,,30638,29,,,1,19,,30623,29,,,1,27,,30624,29,,,1,70,,30625,29,,,1,30,,30626,29,,,1,70,,30627,29,,,1,30,,30628,29,,,1,70,,30629,29,,,1,30,,30630,29,,,1,70,,30622,29,,,1
10700,'107-Weekday-10-26-02-1111100',537,,30641,29,,,1,70,,30642,29,,,1,32,,30643,29,,,1,17,,30644,29,,,1,55,,30645,29,,,1,15,,30646,29,,,1,15,,30647,29,,,1,15,,30648,29,,,1,55,,30649,29,,,1,15,,30650,29,,,1,15,,30651,29,,,1,59,,30652,29,,,1,20,,30653,29,,,1,20,,30654,29,,,1,60,,30655,29,,,1,20,,30656,29,,,1,20,,30657,29,,,1,60,,30658,29,,,1,20,,30659,29,,,1,20,,30660,29,,,1,60,,30661,29,,,1,20,,30662,29,,,1,20,,30663,29,,,1,60,,30664,29,,,1,20,,30665,29,,,1,20,,30666,29,,,1,60,,30667,29,,,1,20,,30668,29,,,1,20,,30669,29,,,1,61,,30697,29,,,1,12,,30689,29,,,1,10,,30670,29,,,1,10,,30671,29,,,1,10,,30690,29,,,1,2,,30696,29,,,1,8,,30672,29,,,1,50,,30673,29,,,1,10,,30691,29,,,1,10,,30674,29,,,1,10,,30675,29,,,1,10,,30692,29,,,1,10,,30676,29,,,1,50,,30677,29,,,1,10,,30688,29,,,1,10,,30678,29,,,1,10,,30693,29,,,1,20,,30694,29,,,1,60,,30695,29,,,1,19,,30680,29,,,1,27,,30681,29,,,1,70,,30682,29,,,1,30,,30683,29,,,1,70,,30684,29,,,1,30,,30685,29,,,1,70,,30686,29,,,1,30,,30687,29,,,1,70,,30679,29,,,1
10700,'107-Weekday-11-26-02-1111100',537,,112136,29,,,1,70,,112137,29,,,1,32,,112138,29,,,1,17,,112139,29,,,1,55,,112140,29,,,1,15,,112141,29,,,1,15,,112142,29,,,1,15,,112143,29,,,1,55,,112144,29,,,1,15,,112145,29,,,1,15,,112146,29,,,1,59,,112147,29,,,1,20,,112148,29,,,1,20,,112149,29,,,1,60,,112150,29,,,1,20,,112151,29,,,1,20,,112152,29,,,1,60,,112153,29,,,1,20,,112154,29,,,1,20,,112155,29,,,1,60,,112156,29,,,1,20,,112157,29,,,1,20,,112158,29,,,1,60,,112159,29,,,1,20,,112160,29,,,1,20,,112161,29,,,1,60,,112162,29,,,1,20,,112163,29,,,1,20,,112164,29,,,1,61,,112192,29,,,1,12,,112184,29,,,1,10,,112165,29,,,1,10,,112166,29,,,1,10,,112185,29,,,1,2,,112191,29,,,1,8,,112167,29,,,1,50,,112168,29,,,1,10,,112186,29,,,1,10,,112169,29,,,1,10,,112170,29,,,1,10,,112187,29,,,1,10,,112171,29,,,1,50,,112172,29,,,1,10,,112183,29,,,1,10,,112173,29,,,1,10,,112188,29,,,1,20,,112189,29,,,1,60,,112190,29,,,1,19,,112175,29,,,1,27,,112176,29,,,1,70,,112177,29,,,1,30,,112178,29,,,1,70,,112179,29,,,1,30,,112180,29,,,1,70,,112181,29,,,1,30,,112182,29,,,1,70,,112174,29,,,1
10700,'107-Saturday-1-26-02-0000010',831,,31093,29,,,1,69,,31094,29,,,1,30,,31095,29,,,1,70,,31096,29,,,1,30,,31097,29,,,1,70,,31098,29,,,1,30,,31099,29,,,1,70,,31100,29,,,1,30,,31101,29,,,1,70,,31102,29,,,1,30,,31103,29,,,1,70,,31104,29,,,1,30,,31105,29,,,1,70,,31106,29,,,1,30,,31107,29,,,1,70,,31108,29,,,1,30,,31109,29,,,1,71,,31110,29,,,1,30,,31111,29,,,1,70,,31112,29,,,1,30,,31113,29,,,1,70,,31114,29,,,1,30,,31115,29,,,1
10700,'107-Sunday-2-26-02-0000001',1018,,112193,29,,,1,30,,112194,29,,,1,70,,112195,29,,,1,30,,112196,29,,,1,70,,112197,29,,,1,30,,112198,29,,,1,70,,112199,29,,,1,30,,112200,29,,,1,70,,112201,29,,,1,30,,112202,29,,,1,70,,112203,29,,,1,30,,112204,29,,,1,70,,112205,29,,,1,30,,112206,29,,,1,71,,112207,29,,,1,30,,112208,29,,,1,70,,112209,29,,,1,30,,112210,29,,,1,70,,112211,29,,,1
62601,'626-Weekday-1-26-02-1111100',726,,60869,17,,,1,2,,60870,17,,,1,8,,60871,17,,,1,3,,60872,17,,,1
62601,'626-Weekday-10-26-02-1111100',726,,116740,17,,,1,2,,116741,17,,,1,8,,116742,17,,,1,3,,116743,17,,,1
62601,'626-Weekday-9-26-02-1111100',726,,60889,17,,,1,2,,60890,17,,,1,8,,60891,17,,,1,3,,60892,17,,,1
62800,'628-Weekday-1-26-02-1111100',1531,,60903,21,,,1
62800,'628-Weekday-10-26-02-1111100',1531,,116746,21,,,1
62800,'628-Weekday-9-26-02-1111100',1531,,60907,21,,,1
