67601,'676-Weekday-1-26-02-0001000',1234,,61835,5,,,1
67601,'676-Weekday-1-26-02-1110100',1542,,61836,5,,,1
67601,'676-Weekday-2-26-02-0001000',1234,,61837,5,,,1
67601,'676-Weekday-2-26-02-1110100',1542,,61838,5,,,1
67601,'676-Weekday-4-26-02-1110100',1542,,61839,5,,,1
67601,'676-Weekday-5-26-02-0001000',1234,,61840,5,,,1
67601,'676-Weekday-5-26-02-1110100',1542,,61841,5,,,1
67601,'676-Weekday-9-26-02-0001000',1234,,61842,5,,,1
92501,'925-Weekday-1-26-02-1111100',848,,100217,20,,,1,101,,100218,20,,,1,100,,100219,20,,,1,100,,100220,20,,,1,100,,100221,20,,,1,100,,100222,20,,,1,100,,100223,20,,,1,100,,100224,20,,,1
92501,'925-Weekday-10-26-02-1111100',848,,100225,20,,,1,101,,100226,20,,,1,100,,100227,20,,,1,100,,100228,20,,,1,100,,100229,20,,,1,100,,100230,20,,,1,100,,100231,20,,,1,100,,100232,20,,,1
92501,'925-Weekday-2-26-02-1111100',848,,100233,20,,,1,101,,100234,20,,,1,100,,100235,20,,,1,100,,100236,20,,,1,100,,100237,20,,,1,100,,100238,20,,,1,100,,100239,20,,,1,100,,100240,20,,,1
92501,'925-Weekday-4-26-02-1111100',848,,100241,20,,,1,101,,100242,20,,,1,100,,100243,20,,,1,100,,100244,20,,,1,100,,100245,20,,,1,100,,100246,20,,,1,100,,100247,20,,,1,100,,100248,20,,,1
92501,'925-Weekday-5-26-02-1111100',848,,100249,20,,,1,101,,100250,20,,,1,100,,100251,20,,,1,100,,100252,20,,,1,100,,100253,20,,,1,100,,100254,20,,,1,100,,100255,20,,,1,100,,100256,20,,,1
92501,'925-Weekday-6-26-02-1111100',848,,100257,20,,,1,101,,100258,20,,,1,100,,100259,20,,,1,100,,100260,20,,,1,100,,100261,20,,,1,100,,100262,20,,,1,100,,100263,20,,,1,100,,100264,20,,,1
92501,'925-Weekday-7-26-02-1111100',848,,100265,20,,,1,101,,100266,20,,,1,100,,100267,20,,,1,100,,100268,20,,,1,100,,100269,20,,,1,100,,100270,20,,,1,100,,100271,20,,,1,100,,100272,20,,,1
92501,'925-Weekday-8-26-02-1111100',848,,100273,20,,,1,101,,100274,20,,,1,100,,100275,20,,,1,100,,100276,20,,,1,100,,100277,20,,,1,100,,100278,20,,,1,100,,100279,20,,,1,100,,100280,20,,,1
92501,'925-Weekday-9-26-02-1111100',848,,100281,20,,,1,101,,100282,20,,,1,100,,100283,20,,,1,100,,100284,20,,,1,100,,100285,20,,,1,100,,100286,20,,,1,100,,100287,20,,,1,100,,100288,20,,,1
