5200,'052-Weekday-1-26-04-1111100',619,,114747,48,,,1,36,,114748,48,,,1,74,,114749,48,,,1,22,,114750,48,,,1,55,,114751,48,,,1,15,,114752,48,,,1,15,,114753,48,,,1,15,,114754,48,,,1,55,,114755,48,,,1,13,,114756,48,,,1,15,,114757,48,,,1,70,,114758,48,,,1,30,,114759,48,,,1,70,,114760,48,,,1,30,,114761,48,,,1,70,,114762,48,,,1,30,,114763,48,,,1,70,,114764,48,,,1,30,,114765,48,,,1,70,,114766,48,,,1,30,,114767,48,,,1,71,,114768,48,,,1,27,,114792,21,,,1,4,,114769,48,,,1,16,,114770,48,,,1,56,,114771,48,,,1,16,,114772,48,,,1,17,,114773,48,,,1,16,,114774,48,,,1,56,,114775,48,,,1,15,,114776,48,,,1,14,,114777,48,,,1,12,,114778,48,,,1,53,,114779,48,,,1,27,,114780,48,,,1,23,,114781,48,,,1,68,,114782,48,,,1,30,,114783,48,,,1,70,,114784,48,,,1,30,,114785,48,,,1,70,,114786,48,,,1,29,,114787,48,,,1,68,,114788,48,,,1,29,,114789,48,,,1,100,,114790,48,,,1,100,,114791,48,,,1
5200,'052-Saturday-1-26-04-0000010',701,,114884,48,,,1,100,,114885,48,,,1,42,,114886,48,,,1,63,,114887,48,,,1,31,,114888,48,,,1,72,,114889,48,,,1,30,,114890,48,,,1,70,,114891,48,,,1,30,,114892,48,,,1,70,,114893,48,,,1,30,,114894,48,,,1,70,,114895,48,,,1,30,,114896,48,,,1,70,,114897,48,,,1,30,,114898,48,,,1,70,,114899,48,,,1,30,,114901,48,,,1,70,,114902,48,,,1,30,,114903,48,,,1,70,,114900,48,,,1,33,,114904,48,,,1,69,,114905,48,,,1,30,,114906,48,,,1,70,,114907,48,,,1,30,,114908,48,,,1,70,,114909,48,,,1,95,,114910,48,,,1,100,,114911,48,,,1,100,,114912,48,,,1,100,,114913,48,,,1
5200,'052-Sunday-1-26-04-0000001',803,,114914,48,,,1,100,,114915,48,,,1,104,,114916,48,,,1,100,,114917,48,,,1,30,,114918,48,,,1,70,,114920,48,,,1,30,,114921,48,,,1,70,,114922,48,,,1,30,,114919,48,,,1,70,,114923,48,,,1,30,,114925,48,,,1,70,,114926,48,,,1,30,,114927,48,,,1,70,,114924,48,,,1,30,,114928,48,,,1,70,,114929,48,,,1,31,,114930,48,,,1,70,,114931,48,,,1,30,,114932,48,,,1,70,,114933,48,,,1,30,,114937,48,,,1,70,,114934,48,,,1,100,,114935,48,,,1,100,,114936,48,,,1,100,,114938,48,,,1
5400,'054-Weekday-1-26-04-1111100',523,,115548,41,,,1,30,,115512,41,,,1,56,,115559,41,,,1,14,,115513,41,,,1,16,,115558,41,,,1,16,,115514,41,,,1,56,,115543,41,,,1,15,,115544,41,,,1,15,,115545,41,,,1,16,,115546,41,,,1,55,,115547,41,,,1,15,,115515,41,,,1,31,,115549,41,,,1,67,,115516,41,,,1,31,,115517,41,,,1,70,,115518,41,,,1,30,,115519,41,,,1,70,,115520,41,,,1,30,,115521,41,,,1,70,,115522,41,,,1,30,,115523,41,,,1,70,,115524,41,,,1,30,,115525,41,,,1,70,,115526,41,,,1,30,,115527,41,,,1,70,,115528,41,,,1,15,,115550,41,,,1,16,,115529,41,,,1,57,,115530,41,,,1,16,,115531,41,,,1,15,,115532,41,,,1,7,,115557,41,,,1,48,,115533,41,,,1,15,,115552,41,,,1,14,,115553,41,,,1,15,,115534,41,,,1,57,,115551,41,,,1,26,,115535,41,,,1,28,,115536,41,,,1,70,,115537,41,,,1,30,,115538,41,,,1,70,,115539,41,,,1,30,,115540,41,,,1,70,,115541,41,,,1,30,,115542,41,,,1,69,,115554,41,,,1,100,,115555,41,,,1,100,,115556,41,,,1
5400,'054-Saturday-1-26-04-0000010',620,,115656,41,,,1,30,,115657,41,,,1,70,,115658,41,,,1,30,,115659,41,,,1,70,,115660,41,,,1,30,,115661,41,,,1,61,,115662,41,,,1,21,,115663,41,,,1,20,,115664,41,,,1,60,,115665,41,,,1,20,,115666,41,,,1,20,,115667,41,,,1,60,,115668,41,,,1,20,,115669,41,,,1,20,,115670,41,,,1,60,,115671,41,,,1,20,,115672,41,,,1,20,,115673,41,,,1,60,,115674,41,,,1,20,,115675,41,,,1,20,,115676,41,,,1,60,,115677,41,,,1,20,,115678,41,,,1,20,,115679,41,,,1,60,,115680,41,,,1,20,,115681,41,,,1,20,,115682,41,,,1,60,,115683,41,,,1,20,,115684,41,,,1,20,,115685,41,,,1,60,,115686,41,,,1,22,,115687,41,,,1,20,,115688,41,,,1,60,,115689,41,,,1,20,,115690,41,,,1,20,,115691,41,,,1,60,,115692,41,,,1,20,,115693,41,,,1,20,,115694,41,,,1,60,,115695,41,,,1,20,,115696,41,,,1,20,,115697,41,,,1,60,,115698,41,,,1,20,,115699,41,,,1,20,,115700,41,,,1,70,,115701,41,,,1,100,,115702,41,,,1,100,,115703,41,,,1
5400,'054-Sunday-1-26-04-0000001',720,,115704,41,,,1,30,,115705,41,,,1,70,,115706,41,,,1,30,,115707,41,,,1,71,,115708,41,,,1,30,,115709,41,,,1,65,,115710,41,,,1,20,,115711,41,,,1,20,,115712,41,,,1,60,,115713,41,,,1,20,,115714,41,,,1,20,,115715,41,,,1,60,,115716,41,,,1,20,,115717,41,,,1,20,,115718,41,,,1,60,,115719,41,,,1,20,,115720,41,,,1,20,,115721,41,,,1,60,,115722,41,,,1,20,,115723,41,,,1,20,,115724,41,,,1,60,,115725,41,,,1,20,,115726,41,,,1,20,,115727,41,,,1,60,,115728,41,,,1,20,,115729,41,,,1,20,,115730,41,,,1,63,,115731,41,,,1,21,,115732,41,,,1,60,,115733,41,,,1,20,,115734,41,,,1,20,,115735,41,,,1,60,,115736,41,,,1,25,,115737,41,,,1,30,,115738,41,,,1,70,,115739,41,,,1,30,,115740,41,,,1,70,,115741,41,,,1,30,,115742,41,,,1,70,,115743,41,,,1,100,,115744,41,,,1,100,,115745,41,,,1
12700,'127-Weekday-1-26-04-1111100',845,,124700,23,,,1,100,,124701,23,,,1,100,,124702,23,,,1,100,,124703,23,,,1,100,,124704,23,,,1,100,,124705,23,,,1,100,,124706,23,,,1,100,,124707,23,,,1,100,,124708,23,,,1
12700,'127-Saturday-1-26-04-0000010',845,,124727,23,,,1,100,,124728,23,,,1,100,,124729,23,,,1,100,,124730,23,,,1,100,,124731,23,,,1,100,,124732,23,,,1,100,,124733,23,,,1,100,,124734,23,,,1,100,,124735,23,,,1
12700,'127-Sunday-1-26-04-0000001',815,,124736,23,0,50 51 52,1,100,,124737,23,0,50 51 52,1,100,,124738,23,0,50 51 52,1,100,,124739,23,0,50 51 52,1,100,,124740,23,0,50 51 52,1,100,,124741,23,0,50 51 52,1,100,,124742,23,0,50 51 52,1,100,,124743,23,0,50 51 52,1,100,,124744,23,0,50 51 52,1,100,,124745,23,0,50 51 52,1
12701,'127-Weekday-1-26-04-1111100',820,,124753,19,,,1,100,,124746,19,,,1,100,,124747,19,,,1,100,,124748,19,,,1,100,,124749,19,,,1,100,,124750,19,,,1,100,,124751,19,,,1,100,,124752,19,,,1,100,,124754,19,,,1,100,,124755,19,,,1
12701,'127-Saturday-1-26-04-0000010',919,,124776,19,,,1,100,,124777,19,,,1,100,,124778,19,,,1,100,,124779,19,,,1,100,,124780,19,,,1,100,,124781,19,,,1,100,,124782,19,,,1,100,,124783,19,,,1,100,,124784,19,,,1
68400,'684-Weekday-1-26-04-0001000',1256,,132196,21,0,29 30,1,3,,132197,21,,,1
68400,'684-Weekday-1-26-04-1110100',1602,,132198,21,0,29 30,1,4,,132199,21,0,29 30,1,3,,132200,21,,,1
68400,'684-Weekday-1-26-04-1111100',1533,,132201,25,0,29 30,1,4,,132202,25,0,29 30,1,5,,132203,25,,,1
90500,'905-Weekday-1-26-04-1111100',602,,142005,35,,,1,30,,142006,35,,,1,72,,142007,35,,,1,31,,142008,35,,,1,70,,142009,35,,,1,30,,142010,35,,,1,70,,142011,35,,,1,597,,142012,35,,,1,31,,142013,35,,,1,72,,142014,35,,,1,30,,142015,35,,,1,70,,142016,35,,,1,30,,142017,35,,,1,70,,142018,35,,,1
