50101,'501-Weekday-1-26-06-1111100',609,,174069,14,,,1,31,,174070,14,,,1,76,,174071,14,,,1,20,,174072,14,,,1,20,,174097,14,,,1,60,,174073,14,,,1,20,,174074,14,,,1,20,,174075,14,,,1,56,,174077,14,,,1,34,,174078,14,,,1,75,,174079,14,,,1,35,,174080,14,,,1,74,,174081,14,,,1,74,,174082,14,,,1,34,,174099,14,,,1,74,,174083,14,,,1,34,,174084,14,,,1,74,,174085,14,,,1,34,,174086,14,,,1,63,,174098,14,,,1,22,,174076,14,,,1,62,,174101,14,,,1,22,,174102,14,,,1,21,,174103,14,,,1,60,,174104,14,,,1,20,,174105,14,,,1,20,,174106,14,,,1,60,,174107,14,,,1,20,,174087,14,,,1,21,,174088,14,,,1,66,,174089,14,,,1,31,,174090,14,,,1,71,,174091,14,,,1,31,,174092,14,,,1,71,,174093,14,,,1,31,,174094,14,,,1,69,,174100,14,,,1,100,,174096,14,,,1,100,,174095,14,,,1
50101,'501-Weekday-2-26-06-1111100',609,,194980,14,,,1,31,,194981,14,,,1,76,,194982,14,,,1,20,,194983,14,,,1,20,,195008,14,,,1,60,,194984,14,,,1,20,,194985,14,,,1,20,,194986,14,,,1,56,,194988,14,,,1,34,,194989,14,,,1,75,,194990,14,,,1,35,,194991,14,,,1,74,,194992,14,,,1,74,,194993,14,,,1,34,,195010,14,,,1,74,,194994,14,,,1,34,,194995,14,,,1,74,,194996,14,,,1,34,,194997,14,,,1,63,,195009,14,,,1,22,,194987,14,,,1,62,,195012,14,,,1,22,,195013,14,,,1,21,,195014,14,,,1,60,,195015,14,,,1,20,,195016,14,,,1,20,,195017,14,,,1,60,,195018,14,,,1,20,,194998,14,,,1,21,,194999,14,,,1,66,,195000,14,,,1,31,,195001,14,,,1,71,,195002,14,,,1,31,,195003,14,,,1,71,,195004,14,,,1,31,,195005,14,,,1,69,,195011,14,,,1,100,,195007,14,,,1,100,,195006,14,,,1
50101,'501-Saturday-1-26-06-0000010',637,,174130,14,,,1,100,,174131,14,,,1,70,,174108,14,,,1,30,,174109,14,,,1,71,,174110,14,,,1,32,,174111,14,,,1,72,,174112,14,,,1,32,,174113,14,,,1,72,,174114,14,,,1,32,,174115,14,,,1,72,,174116,14,,,1,32,,174117,14,,,1,72,,174118,14,,,1,32,,174119,14,,,1,72,,174120,14,,,1,72,,174121,14,,,1,32,,174122,14,,,1,72,,174123,14,,,1,32,,174124,14,,,1,72,,174125,14,,,1,32,,174126,14,,,1,72,,174128,14,,,1,32,,174127,14,,,1,72,,174129,14,,,1
50101,'501-Sunday-1-26-06-0000001',646,,174153,14,,,1,100,,174154,14,,,1,100,,174132,14,,,1,101,,174133,14,,,1,70,,174134,14,,,1,30,,174135,14,,,1,70,,174136,14,,,1,30,,174137,14,,,1,70,,174138,14,,,1,30,,174139,14,,,1,70,,174140,14,,,1,30,,174141,14,,,1,70,,174142,14,,,1,30,,174143,14,,,1,70,,174144,14,,,1,30,,174145,14,,,1,70,,174146,14,,,1,30,,174147,14,,,1,70,,174148,14,,,1,30,,174149,14,,,1,70,,174150,14,,,1,30,,174151,14,,,1,70,,174152,14,,,1
50101,'501-Sunday-2-26-06-0000001',646,,195040,14,,,1,100,,195041,14,,,1,100,,195019,14,,,1,101,,195020,14,,,1,70,,195021,14,,,1,30,,195022,14,,,1,70,,195023,14,,,1,30,,195024,14,,,1,70,,195025,14,,,1,30,,195026,14,,,1,70,,195027,14,,,1,30,,195028,14,,,1,70,,195029,14,,,1,30,,195030,14,,,1,70,,195031,14,,,1,30,,195032,14,,,1,70,,195033,14,,,1,30,,195034,14,,,1,70,,195035,14,,,1,30,,195036,14,,,1,70,,195037,14,,,1,30,,195038,14,,,1,70,,195039,14,,,1
51100,'511-Weekday-1-26-06-1111100',2526,,175215,21,0,28 31,1,30,,175216,21,0,28 31,1,70,,175217,21,0,28 31,1,30,,175218,21,0,28 31,1
51100,'511-Weekday-2-26-06-1111100',2526,,195714,21,0,28 31,1,30,,195715,21,0,28 31,1,70,,195716,21,0,28 31,1,30,,195717,21,0,28 31,1
51100,'511-Saturday-1-26-06-0000010',2525,,175219,21,0,28 31,1,30,,175220,21,0,28 31,1,70,,175221,21,0,28 31,1,30,,175222,21,0,28 31,1
51100,'511-Sunday-1-26-06-0000001',2524,,175223,21,0,28 31,1,30,,175224,21,0,28 31,1,70,,175225,21,0,28 31,1,30,,175226,21,0,28 31,1
51100,'511-Sunday-2-26-06-0000001',2524,,195718,21,0,28 31,1,30,,195719,21,0,28 31,1,70,,195720,21,0,28 31,1,30,,195721,21,0,28 31,1
