11100,'111-Weekday-7-26-04-1111100',852,,153826,1,,,1,100,,153827,1,,,1,100,,153828,1,,,1,100,,153829,1,,,1,100,,153830,1,,,1,100,,153831,1,,,1,100,,153832,1,0,34,1
11100,'111-Saturday-1-26-04-0000010',852,,120908,1,0,34,1,100,,120909,1,0,34,1,100,,120905,1,0,34,1,100,,120906,1,0,34,1,100,,120907,1,0,34,1,100,,120903,1,0,34,1,100,,120904,1,0,34,1
11101,'111-Weekday-7-26-04-1111100',1033,,153833,76,4,,1,100,,153834,76,4,,1,100,,153835,76,4,,1,100,,153836,76,4,,1,100,,153837,76,4,,1,103,,153838,76,4,,1,100,,153839,76,4,,1
11101,'111-Saturday-1-26-04-0000010',1016,,120931,69,4,,1,100,,120933,69,4,,1,100,,120934,69,4,,1,100,,120935,69,4,,1,100,,120936,69,4,,1,100,,120937,69,4,,1,100,,120932,69,4,,1
12400,'124-Weekday-7-26-04-1111100',535,,154681,1,,,1,70,,154684,1,,,1,30,,154648,1,,,1,15,,154649,1,,,1,55,,154650,1,,,1,15,,154651,1,,,1,15,,154652,1,,,1,15,,154653,1,,,1,55,,154654,1,,,1,15,,154655,1,,,1,15,,154675,1,,,1,70,,154676,1,,,1,30,,154677,1,,,1,70,,154656,1,,,1,30,,154657,1,,,1,70,,154658,1,,,1,30,,154659,1,,,1,70,,154660,1,,,1,30,,154661,1,,,1,70,,154662,1,,,1,30,,154680,1,,,1,70,,154682,1,,,1,30,,154683,1,,,1,70,,154678,1,,,1,8,,154644,1,,,1,7,,154663,1,,,1,15,,154664,1,,,1,15,,154665,1,,,1,55,,154666,1,,,1,15,,154667,1,,,1,15,,154668,1,,,1,15,,154669,1,,,1,55,,154670,1,,,1,15,,154671,1,,,1,15,,154679,1,,,1,70,,154674,1,,,1,30,,154685,1,,,1,70,,154686,1,,,1,30,,154645,1,,,1,70,,154646,1,,,1,30,,154647,1,,,1,70,,154672,1,,,1,30,,154673,1,,,1
12400,'124-Saturday-1-26-04-0000010',745,,124486,1,,,1,70,,124487,1,,,1,30,,124488,1,,,1,70,,124489,1,,,1,30,,124490,1,,,1,70,,124491,1,,,1,30,,124492,1,,,1,70,,124493,1,,,1,30,,124494,1,,,1,70,,124495,1,,,1,30,,124496,1,,,1,70,,124497,1,,,1,30,,124498,1,,,1,70,,124499,1,,,1,30,,124500,1,,,1,70,,124501,1,,,1,30,,124502,1,,,1,70,,124503,1,,,1,30,,124504,1,,,1,70,,124505,1,,,1,30,,124506,1,,,1,70,,124507,1,,,1,30,,124508,1,,,1
12401,'124-Weekday-7-26-04-1111100',600,,154694,56,4,,1,30,,154695,56,4,,1,80,,154696,56,4,,1,17,,154697,56,4,,1,15,,154698,56,4,,1,15,,154699,56,4,,1,55,,154700,56,4,,1,15,,154701,56,4,,1,8,,154687,44,4,,1,7,,154702,56,4,,1,2,,154688,44,4,,1,13,,154703,56,4,,1,53,,154689,56,4,,1,27,,154718,56,4,,1,69,,154719,56,4,,1,30,,154720,56,4,,1,70,,154721,56,4,,1,30,,154722,56,4,,1,70,,154704,56,4,,1,30,,154705,56,4,,1,70,,154706,56,4,,1,30,,154707,56,4,,1,70,,154708,56,4,,1,30,,154709,56,4,,1,70,,154710,56,4,,1,31,,154690,56,4,,1,65,,154723,56,4,,1,15,,154724,56,4,,1,15,,154725,56,4,,1,15,,154713,56,4,,1,55,,154714,56,4,,1,15,,154715,56,4,,1,15,,154711,56,4,,1,15,,154712,56,4,,1,55,,154691,56,4,,1,30,,154692,56,4,,1,26,,154693,56,4,,1,66,,154716,56,4,,1,27,,154717,56,4,,1,68,,154726,56,4,,1,30,,154727,56,4,,1,70,,154728,56,4,,1,30,,154729,56,4,,1,68,,154730,56,4,,1
12401,'124-Saturday-1-26-04-0000010',835,,124658,56,4,,1,70,,124659,56,4,,1,33,,124660,56,4,,1,70,,124661,56,4,,1,30,,124662,56,4,,1,70,,124663,56,4,,1,30,,124664,56,4,,1,70,,124665,56,4,,1,30,,124666,56,4,,1,70,,124667,56,4,,1,30,,124668,56,4,,1,70,,124669,56,4,,1,30,,124670,56,4,,1,70,,124671,56,4,,1,30,,124672,56,4,,1,70,,124673,56,4,,1,30,,124674,56,4,,1,69,,124675,56,4,,1,28,,124676,56,4,,1,70,,124677,56,4,,1,30,,124678,56,4,,1,70,,124679,56,4,,1,30,,124680,56,4,,1
90900,'909-Weekday-7-26-04-1111100',620,,159273,24,4,,1,33,,159309,24,4,,1,65,,159274,24,4,,1,20,,159275,24,4,,1,20,,159308,24,4,,1,60,,159276,24,4,,1,20,,159277,24,4,,1,20,,159307,24,4,,1,60,,159278,24,4,,1,30,,159279,24,4,,1,70,,159280,24,4,,1,30,,159281,24,4,,1,70,,159282,24,4,,1,30,,159283,24,4,,1,70,,159284,24,4,,1,30,,159285,24,4,,1,70,,159286,24,4,,1,30,,159287,24,4,,1,70,,159288,24,4,,1,30,,159289,24,4,,1,71,,159290,24,4,,1,30,,159310,24,4,,1,60,,159291,24,4,,1,20,,159292,24,4,,1,20,,159293,24,4,,1,60,,159306,24,4,,1,20,,159294,24,4,,1,20,,159295,24,4,,1,60,,159305,24,4,,1,20,,159296,24,4,,1,19,,159297,24,4,,1,70,,159298,24,4,,1,30,,159299,24,4,,1,70,,159300,24,4,,1,30,,159301,24,4,,1,70,,159302,24,4,,1,30,,159303,24,4,,1,69,,159304,24,4,,1,100,,159311,24,4,,1,100,,159312,24,4,,1
90900,'909-Saturday-1-26-04-0000010',651,,142724,24,4,,1,100,,142725,24,4,,1,70,,142726,24,4,,1,30,,142727,24,4,,1,71,,142728,24,4,,1,30,,142729,24,4,,1,70,,142730,24,4,,1,30,,142731,24,4,,1,70,,142732,24,4,,1,30,,142733,24,4,,1,70,,142734,24,4,,1,30,,142735,24,4,,1,70,,142736,24,4,,1,30,,142737,24,4,,1,70,,142738,24,4,,1,30,,142739,24,4,,1,70,,142740,24,4,,1,30,,142741,24,4,,1,70,,142742,24,4,,1,30,,142743,24,4,,1,70,,142744,24,4,,1,30,,142745,24,4,,1,70,,142746,24,4,,1,30,,142747,24,4,,1,100,,142750,24,4,,1,100,,142749,24,4,,1,100,,142748,24,4,,1
90901,'909-Weekday-7-26-04-1111100',604,,159313,1,,,1,30,,159314,1,,,1,25,,159315,1,,,1,60,,159316,1,,,1,20,,159317,1,,,1,20,,159318,1,,,1,60,,159319,1,,,1,20,,159320,1,,,1,67,,159321,1,,,1,30,,159322,1,,,1,70,,159323,1,,,1,30,,159324,1,,,1,70,,159325,1,,,1,30,,159326,1,,,1,70,,159327,1,,,1,30,,159328,1,,,1,70,,159329,1,,,1,30,,159330,1,,,1,70,,159331,1,,,1,30,,159332,1,,,1,68,,159333,1,,,1,20,,159334,1,,,1,20,,159335,1,,,1,60,,159336,1,,,1,20,,159337,1,,,1,20,,159338,1,,,1,60,,159339,1,,,1,20,,159340,1,,,1,20,,159341,1,,,1,60,,159342,1,,,1,27,,159343,1,,,1,70,,159344,1,,,1,30,,159345,1,,,1,70,,159346,1,,,1,30,,159347,1,,,1,70,,159348,1,,,1,30,,159349,1,,,1,70,,159350,1,,,1,41,,159351,1,,,1,100,,159352,1,,,1
90901,'909-Saturday-1-26-04-0000010',610,,142923,1,,,1,100,,142896,1,,,1,100,,142897,1,,,1,30,,142898,1,,,1,70,,142899,1,,,1,30,,142900,1,,,1,70,,142901,1,,,1,30,,142902,1,,,1,70,,142903,1,,,1,30,,142904,1,,,1,70,,142905,1,,,1,30,,142906,1,,,1,70,,142907,1,,,1,30,,142908,1,,,1,70,,142909,1,,,1,30,,142910,1,,,1,70,,142911,1,,,1,30,,142912,1,,,1,70,,142913,1,,,1,30,,142914,1,,,1,72,,142915,1,,,1,30,,142916,1,,,1,70,,142917,1,,,1,30,,142918,1,,,1,70,,142919,1,,,1,100,,142920,1,,,1,100,,142921,1,,,1,100,,142922,1,,,1
