91700,'917-Weekday-1-26-02-1111100',509,,93567,17,,,1,30,,93568,17,,,1,70,,93611,17,,,1,15,,93612,17,,,1,17,,93569,17,,,1,15,,93570,17,,,1,55,,93600,17,,,1,15,,93571,17,,,1,15,,93572,17,,,1,15,,93573,17,,,1,55,,93601,17,,,1,15,,93574,17,,,1,15,,93575,17,,,1,15,,93576,17,,,1,58,,93577,17,,,1,30,,93578,17,,,1,70,,93579,17,,,1,30,,93580,17,,,1,70,,93581,17,,,1,30,,93582,17,,,1,70,,93583,17,,,1,30,,93584,17,,,1,70,,93585,17,,,1,30,,93586,17,,,1,70,,93597,17,,,1,30,,93602,17,,,1,71,,93608,17,,,1,12,,93610,17,,,1,20,,93603,17,,,1,60,,93604,17,,,1,20,,93587,17,,,1,20,,93605,17,,,1,60,,93606,17,,,1,20,,93599,17,,,1,20,,93607,17,,,1,60,,93609,17,,,1,26,,93588,17,,,1,69,,93589,17,,,1,30,,93590,17,,,1,70,,93591,17,,,1,30,,93592,17,,,1,70,,93593,17,,,1,30,,93594,17,,,1,70,,93595,17,,,1,99,,93598,17,,,1,100,,93596,17,,,1
91700,'917-Weekday-10-26-02-1111100',509,,93613,17,,,1,30,,93614,17,,,1,70,,93657,17,,,1,15,,93658,17,,,1,17,,93615,17,,,1,15,,93616,17,,,1,55,,93646,17,,,1,15,,93617,17,,,1,15,,93618,17,,,1,15,,93619,17,,,1,55,,93647,17,,,1,15,,93620,17,,,1,15,,93621,17,,,1,15,,93622,17,,,1,58,,93623,17,,,1,30,,93624,17,,,1,70,,93625,17,,,1,30,,93626,17,,,1,70,,93627,17,,,1,30,,93628,17,,,1,70,,93629,17,,,1,30,,93630,17,,,1,70,,93631,17,,,1,30,,93632,17,,,1,70,,93643,17,,,1,30,,93648,17,,,1,71,,93654,17,,,1,12,,93656,17,,,1,20,,93649,17,,,1,60,,93650,17,,,1,20,,93633,17,,,1,20,,93651,17,,,1,60,,93652,17,,,1,20,,93645,17,,,1,20,,93653,17,,,1,60,,93655,17,,,1,26,,93634,17,,,1,69,,93635,17,,,1,30,,93636,17,,,1,70,,93637,17,,,1,30,,93638,17,,,1,70,,93639,17,,,1,30,,93640,17,,,1,70,,93641,17,,,1,99,,93644,17,,,1,100,,93642,17,,,1
91700,'917-Weekday-4-26-02-1111100',509,,93705,17,,,1,30,,93706,17,,,1,70,,93749,17,,,1,15,,93750,17,,,1,17,,93707,17,,,1,15,,93708,17,,,1,55,,93738,17,,,1,15,,93709,17,,,1,15,,93710,17,,,1,15,,93711,17,,,1,55,,93739,17,,,1,15,,93712,17,,,1,15,,93713,17,,,1,15,,93714,17,,,1,58,,93715,17,,,1,30,,93716,17,,,1,70,,93717,17,,,1,30,,93718,17,,,1,70,,93719,17,,,1,30,,93720,17,,,1,70,,93721,17,,,1,30,,93722,17,,,1,70,,93723,17,,,1,30,,93724,17,,,1,70,,93735,17,,,1,30,,93740,17,,,1,71,,93746,17,,,1,12,,93748,17,,,1,20,,93741,17,,,1,60,,93742,17,,,1,20,,93725,17,,,1,20,,93743,17,,,1,60,,93744,17,,,1,20,,93737,17,,,1,20,,93745,17,,,1,60,,93747,17,,,1,26,,93726,17,,,1,69,,93727,17,,,1,30,,93728,17,,,1,70,,93729,17,,,1,30,,93730,17,,,1,70,,93731,17,,,1,30,,93732,17,,,1,70,,93733,17,,,1,99,,93736,17,,,1,100,,93734,17,,,1
91700,'917-Weekday-5-26-02-1111100',509,,93751,17,,,1,30,,93752,17,,,1,70,,93795,17,,,1,15,,93796,17,,,1,17,,93753,17,,,1,15,,93754,17,,,1,55,,93784,17,,,1,15,,93755,17,,,1,15,,93756,17,,,1,15,,93757,17,,,1,55,,93785,17,,,1,15,,93758,17,,,1,15,,93759,17,,,1,15,,93760,17,,,1,58,,93761,17,,,1,30,,93762,17,,,1,70,,93763,17,,,1,30,,93764,17,,,1,70,,93765,17,,,1,30,,93766,17,,,1,70,,93767,17,,,1,30,,93768,17,,,1,70,,93769,17,,,1,30,,93770,17,,,1,70,,93781,17,,,1,30,,93786,17,,,1,71,,93792,17,,,1,12,,93794,17,,,1,20,,93787,17,,,1,60,,93788,17,,,1,20,,93771,17,,,1,20,,93789,17,,,1,60,,93790,17,,,1,20,,93783,17,,,1,20,,93791,17,,,1,60,,93793,17,,,1,26,,93772,17,,,1,69,,93773,17,,,1,30,,93774,17,,,1,70,,93775,17,,,1,30,,93776,17,,,1,70,,93777,17,,,1,30,,93778,17,,,1,70,,93779,17,,,1,99,,93782,17,,,1,100,,93780,17,,,1
91700,'917-Weekday-7-26-02-1111100',509,,93843,17,,,1,30,,93844,17,,,1,70,,93887,17,,,1,15,,93888,17,,,1,17,,93845,17,,,1,15,,93846,17,,,1,55,,93876,17,,,1,15,,93847,17,,,1,15,,93848,17,,,1,15,,93849,17,,,1,55,,93877,17,,,1,15,,93850,17,,,1,15,,93851,17,,,1,15,,93852,17,,,1,58,,93853,17,,,1,30,,93854,17,,,1,70,,93855,17,,,1,30,,93856,17,,,1,70,,93857,17,,,1,30,,93858,17,,,1,70,,93859,17,,,1,30,,93860,17,,,1,70,,93861,17,,,1,30,,93862,17,,,1,70,,93873,17,,,1,30,,93878,17,,,1,71,,93884,17,,,1,12,,93886,17,,,1,20,,93879,17,,,1,60,,93880,17,,,1,20,,93863,17,,,1,20,,93881,17,,,1,60,,93882,17,,,1,20,,93875,17,,,1,20,,93883,17,,,1,60,,93885,17,,,1,26,,93864,17,,,1,69,,93865,17,,,1,30,,93866,17,,,1,70,,93867,17,,,1,30,,93868,17,,,1,70,,93869,17,,,1,30,,93870,17,,,1,70,,93871,17,,,1,99,,93874,17,,,1,100,,93872,17,,,1
91700,'917-Saturday-1-26-02-0000010',557,,93981,17,,,1,100,,93982,17,,,1,100,,94008,17,,,1,70,,94009,17,,,1,27,,94010,17,,,1,69,,93984,17,,,1,30,,93985,17,,,1,70,,93986,17,,,1,30,,93987,17,,,1,70,,93988,17,,,1,30,,93989,17,,,1,70,,93990,17,,,1,30,,93991,17,,,1,70,,93992,17,,,1,30,,93993,17,,,1,70,,93994,17,,,1,30,,93995,17,,,1,70,,93996,17,,,1,30,,93997,17,,,1,70,,93998,17,,,1,31,,94004,17,,,1,71,,94005,17,,,1,30,,94006,17,,,1,70,,93983,17,,,1,30,,93999,17,,,1,70,,94007,17,,,1,100,,94003,17,,,1,100,,94002,17,,,1,100,,94001,17,,,1,100,,94000,17,,,1
91700,'917-Sunday-1-26-02-0000001',604,,94011,17,,,1,100,,94012,17,,,1,100,,94013,17,,,1,55,,94014,17,,,1,98,,94015,17,,,1,70,,94016,17,,,1,30,,94017,17,,,1,70,,94018,17,,,1,30,,94019,17,,,1,70,,94020,17,,,1,30,,94021,17,,,1,70,,94022,17,,,1,30,,94023,17,,,1,70,,94024,17,,,1,30,,94025,17,,,1,70,,94026,17,,,1,30,,94027,17,,,1,71,,94028,17,,,1,31,,94029,17,,,1,70,,94030,17,,,1,30,,94031,17,,,1,70,,94032,17,,,1,30,,94033,17,,,1,100,,94034,17,,,1,100,,94035,17,,,1,100,,94036,17,,,1,100,,94037,17,,,1,100,,94038,17,,,1
24093001,'930X-Weekday-1-26-02-1111100',1536,,107059,11,,,1,15,,107060,11,,,1,55,,107061,11,,,1,15,,107062,11,,,1,15,,107063,11,,,1,15,,107064,11,,,1,55,,107065,11,,,1,15,,107066,11,,,1,15,,107067,11,,,1,15,,107068,11,,,1,55,,107069,11,,,1
24093001,'930X-Weekday-10-26-02-1111100',1536,,107070,11,,,1,15,,107071,11,,,1,55,,107072,11,,,1,15,,107073,11,,,1,15,,107074,11,,,1,15,,107075,11,,,1,55,,107076,11,,,1,15,,107077,11,,,1,15,,107078,11,,,1,15,,107079,11,,,1,55,,107080,11,,,1
24093001,'930X-Weekday-4-26-02-1111100',1536,,107092,11,,,1,15,,107093,11,,,1,55,,107094,11,,,1,15,,107095,11,,,1,15,,107096,11,,,1,15,,107097,11,,,1,55,,107098,11,,,1,15,,107099,11,,,1,15,,107100,11,,,1,15,,107101,11,,,1,55,,107102,11,,,1
24093001,'930X-Weekday-5-26-02-1111100',1536,,107103,11,,,1,15,,107104,11,,,1,55,,107105,11,,,1,15,,107106,11,,,1,15,,107107,11,,,1,15,,107108,11,,,1,55,,107109,11,,,1,15,,107110,11,,,1,15,,107111,11,,,1,15,,107112,11,,,1,55,,107113,11,,,1
24093001,'930X-Weekday-7-26-02-1111100',1536,,107125,11,,,1,15,,107126,11,,,1,55,,107127,11,,,1,15,,107128,11,,,1,15,,107129,11,,,1,15,,107130,11,,,1,55,,107131,11,,,1,15,,107132,11,,,1,15,,107133,11,,,1,15,,107134,11,,,1,55,,107135,11,,,1
