50300,'503-Weekday-1-26-04-1111100',651,,125287,6,,,1,70,,125288,6,,,1,30,,125289,6,,,1,70,,125290,6,,,1,30,,125291,6,,,1,755,,125292,6,,,1,30,,125293,6,,,1,70,,125294,6,,,1,30,,125295,6,,,1,70,,125296,6,,,1,30,,125297,6,,,1
50701,'507-Weekday-1-26-04-1111100',545,,126162,36,,,1,70,,126163,36,,,1,34,,126164,36,,,1,62,,126198,36,,,1,15,,126165,36,,,1,22,,126194,36,,,1,55,,126167,36,,,1,15,,126195,36,,,1,15,,126169,36,,,1,15,,126196,36,,,1,55,,126170,36,,,1,25,,126166,36,,,1,24,,126168,36,,,1,64,,126172,36,,,1,30,,126173,36,,,1,70,,126174,36,,,1,30,,126175,36,,,1,70,,126176,36,,,1,30,,126177,36,,,1,70,,126157,36,,,1,30,,126158,36,,,1,70,,126159,36,,,1,30,,126160,36,,,1,71,,126161,36,,,1,33,,126171,36,,,1,75,,126178,36,,,1,30,,126179,36,,,1,70,,126180,36,,,1,30,,126181,36,,,1,70,,126182,36,,,1,24,,126183,36,,,1,68,,126184,36,,,1,25,,126185,36,,,1,71,,126186,36,,,1,30,,126187,36,,,1,70,,126188,36,,,1,30,,126189,36,,,1,69,,126190,36,,,1,27,,126191,36,,,1,67,,126197,36,,,1,50,,126192,36,,,1,100,,126193,36,,,1
50701,'507-Saturday-1-26-04-0000010',553,,126284,36,,,1,100,,126286,36,,,1,100,,126287,36,,,1,70,,126285,36,,,1,30,,126288,36,,,1,72,,126289,36,,,1,33,,126290,36,,,1,72,,126291,36,,,1,70,,126292,36,,,1,30,,126293,36,,,1,70,,126294,36,,,1,30,,126295,36,,,1,70,,126296,36,,,1,30,,126297,36,,,1,70,,126298,36,,,1,30,,126299,36,,,1,70,,126300,36,,,1,30,,126301,36,,,1,70,,126302,36,,,1,30,,126303,36,,,1,70,,126304,36,,,1,27,,126305,36,,,1,28,,126306,36,,,1,69,,126307,36,,,1,30,,126308,36,,,1,70,,126309,36,,,1,100,,126310,36,,,1,100,,126311,36,,,1,100,,126312,36,,,1,100,,126313,36,,,1
50701,'507-Sunday-1-26-04-0000001',620,,126339,36,,,1,100,,126314,36,,,1,100,,126315,36,,,1,101,,126316,36,,,1,106,,126317,36,,,1,30,,126340,36,,,1,70,,126318,36,,,1,30,,126319,36,,,1,70,,126320,36,,,1,30,,126321,36,,,1,70,,126322,36,,,1,30,,126323,36,,,1,70,,126324,36,,,1,30,,126325,36,,,1,70,,126326,36,,,1,30,,126327,36,,,1,70,,126328,36,,,1,30,,126329,36,,,1,68,,126330,36,,,1,28,,126331,36,,,1,69,,126332,36,,,1,30,,126333,36,,,1,70,,126334,36,,,1,91,,126335,36,,,1,100,,126336,36,,,1,100,,126337,36,,,1,100,,126338,36,,,1
50901,'509-Weekday-1-26-04-1111000',836,,126881,37,0,18 19 20,1
50901,'509-Weekday-1-26-04-1111100',551,,126883,38,0,18 19 20,1,70,,126884,38,0,18 19 20,1,36,,126885,38,0,18 19 20,1,65,,126933,38,0,18 19 20,1,15,,126934,38,0,18 19 20,1,15,,126886,38,0,18 19 20,1,55,,126887,38,0,18 19 20,1,15,,126928,38,0,18 19 20,1,15,,126888,38,0,18 19 20,1,15,,126889,38,0,18 19 20,1,54,,126927,38,0,18 19 20,1,17,,126890,38,0,18 19 20,1,19,,126891,38,0,18 19 20,1,60,,126892,38,0,18 19 20,1,20,,126893,38,0,18 19 20,1,20,,126894,38,0,18 19 20,1,60,,126895,38,0,18 19 20,1,20,,126896,38,0,18 19 20,1,20,,126897,38,0,18 19 20,1,60,,126898,38,0,18 19 20,1,20,,126899,38,0,18 19 20,1,20,,126900,38,0,18 19 20,1,60,,126901,38,0,18 19 20,1,20,,126902,38,0,18 19 20,1,20,,126903,38,0,18 19 20,1,60,,126904,38,0,18 19 20,1,20,,126905,38,0,18 19 20,1,20,,126906,38,0,18 19 20,1,60,,126907,38,0,18 19 20,1,23,,126908,38,0,18 19 20,1,14,,126929,38,0,18 19 20,1,3,,126932,38,0,18 19 20,1,12,,126909,38,0,18 19 20,1,55,,126910,38,0,18 19 20,1,15,,126911,38,0,18 19 20,1,15,,126930,38,0,18 19 20,1,15,,126912,38,0,18 19 20,1,55,,126913,38,0,18 19 20,1,15,,126914,38,0,18 19 20,1,15,,126931,38,0,18 19 20,1,15,,126915,38,0,18 19 20,1,55,,126916,38,0,18 19 20,1,31,,126917,38,0,18 19 20,1,66,,126918,38,0,18 19 20,1,30,,126919,38,0,18 19 20,1,70,,126920,38,0,18 19 20,1,30,,126921,38,0,18 19 20,1,70,,126922,38,0,18 19 20,1,30,,126923,38,0,18 19 20,1,68,,126924,38,0,18 19 20,1,34,,126925,38,0,18 19 20,1,85,,126926,38,0,18 19 20,1,85,,126882,38,0,18 19 20,1
50901,'509-Saturday-1-26-04-0000010',636,,127040,38,0,18 19 20,1,85,,127041,38,0,18 19 20,1,82,,127042,38,0,18 19 20,1,29,,127043,38,0,18 19 20,1,71,,127044,38,0,18 19 20,1,31,,127045,38,0,18 19 20,1,70,,127046,38,0,18 19 20,1,30,,127047,38,0,18 19 20,1,70,,127048,38,0,18 19 20,1,30,,127049,38,0,18 19 20,1,70,,127050,38,0,18 19 20,1,30,,127051,38,0,18 19 20,1,70,,127052,38,0,18 19 20,1,30,,127053,38,0,18 19 20,1,70,,127054,38,0,18 19 20,1,30,,127055,38,0,18 19 20,1,70,,127056,38,0,18 19 20,1,30,,127057,38,0,18 19 20,1,70,,127058,38,0,18 19 20,1,30,,127059,38,0,18 19 20,1,69,,127061,38,0,18 19 20,1,30,,127062,38,0,18 19 20,1,70,,127063,38,0,18 19 20,1,30,,127060,38,0,18 19 20,1,70,,127064,38,0,18 19 20,1,30,,127065,38,0,18 19 20,1,85,,127066,38,0,18 19 20,1,85,,127067,38,0,18 19 20,1,45,,127068,38,0,18 19 20,1,85,,127069,38,0,18 19 20,1,85,,127070,38,0,18 19 20,1,85,,127071,38,0,18 19 20,1,40,,127072,38,0,18 19 20,1
50901,'509-Sunday-1-26-04-0000001',648,,127073,38,0,18 19 20,1,84,,127074,38,0,18 19 20,1,84,,127075,38,0,18 19 20,1,85,,127076,38,0,18 19 20,1,46,,127077,38,0,18 19 20,1,83,,127078,38,0,18 19 20,1,70,,127079,38,0,18 19 20,1,31,,127080,38,0,18 19 20,1,70,,127081,38,0,18 19 20,1,30,,127082,38,0,18 19 20,1,70,,127083,38,0,18 19 20,1,30,,127084,38,0,18 19 20,1,70,,127085,38,0,18 19 20,1,30,,127086,38,0,18 19 20,1,70,,127087,38,0,18 19 20,1,30,,127088,38,0,18 19 20,1,70,,127090,38,0,18 19 20,1,30,,127091,38,0,18 19 20,1,69,,127092,38,0,18 19 20,1,30,,127089,38,0,18 19 20,1,29,,127093,38,0,18 19 20,1,69,,127094,38,0,18 19 20,1,29,,127095,38,0,18 19 20,1,74,,127096,38,0,18 19 20,1,70,,127097,38,0,18 19 20,1,40,,127098,38,0,18 19 20,1,85,,127099,38,0,18 19 20,1,85,,127100,38,0,18 19 20,1,45,,127101,38,0,18 19 20,1,85,,127102,38,0,18 19 20,1
52600,'526-Saturday-1-26-04-0000010',913,,131093,5,,,1,100,,131094,5,,,1,100,,131095,5,,,1,100,,131096,5,,,1,100,,131097,5,,,1,100,,131098,5,,,1,100,,131099,5,,,1,100,,131092,5,,,1
52600,'526-Sunday-1-26-04-0000001',913,,131100,5,,,1,100,,131101,5,,,1,100,,131102,5,,,1,100,,131103,5,,,1,100,,131104,5,,,1,100,,131105,5,,,1,100,,131106,5,,,1,100,,131107,5,,,1
