52201,'522-Weekday-1-26-04-1111100',629,,130272,24,,,1,71,,130273,24,,,1,30,,130274,24,,,1,70,,130275,24,,,1,30,,130276,24,,,1,29,,130277,24,,,1,99,,130278,24,,,1,100,,130279,24,,,1,100,,130280,24,,,1,100,,130281,24,,,1,100,,130282,24,,,1,101,,130283,24,,,1,71,,130284,24,,,1,70,,130285,24,,,1,30,,130286,24,,,1,70,,130287,24,,,1,30,,130288,24,,,1,70,,130289,24,,,1,59,,130290,24,,,1,100,,130291,24,,,1,100,,130292,24,,,1,99,,130293,24,,,1
52201,'522-Weekday-2-26-04-1111100',629,,130294,24,,,1,71,,130295,24,,,1,30,,130296,24,,,1,70,,130297,24,,,1,30,,130298,24,,,1,29,,130299,24,,,1,99,,130300,24,,,1,100,,130301,24,,,1,100,,130302,24,,,1,100,,130303,24,,,1,100,,130304,24,,,1,101,,130305,24,,,1,71,,130306,24,,,1,70,,130307,24,,,1,30,,130308,24,,,1,70,,130309,24,,,1,30,,130310,24,,,1,70,,130311,24,,,1,59,,130312,24,,,1,100,,130313,24,,,1,100,,130314,24,,,1,99,,130315,24,,,1
52201,'522-Weekday-3-26-04-1111100',629,,130316,24,,,1,71,,130317,24,,,1,30,,130318,24,,,1,70,,130319,24,,,1,30,,130320,24,,,1,29,,130321,24,,,1,99,,130322,24,,,1,100,,130323,24,,,1,100,,130324,24,,,1,100,,130325,24,,,1,100,,130326,24,,,1,101,,130327,24,,,1,71,,130328,24,,,1,70,,130329,24,,,1,30,,130330,24,,,1,70,,130331,24,,,1,30,,130332,24,,,1,70,,130333,24,,,1,59,,130334,24,,,1,100,,130335,24,,,1,100,,130336,24,,,1,99,,130337,24,,,1
52201,'522-Saturday-1-26-04-0000010',814,,130349,24,,,1,100,,130338,24,,,1,100,,130339,24,,,1,100,,130340,24,,,1,100,,130341,24,,,1,100,,130342,24,,,1,100,,130343,24,,,1,100,,130344,24,,,1,100,,130345,24,,,1,98,,130346,24,,,1,100,,130347,24,,,1,100,,130348,24,,,1
52201,'522-Sunday-1-26-04-0000001',1044,,130350,24,,,1,100,,130351,24,,,1,100,,130352,24,,,1,100,,130353,24,,,1,100,,130354,24,,,1,100,,130355,24,,,1,100,,130356,24,,,1,100,,130357,24,,,1,100,,130358,24,,,1
2000100,'001-Weekday-1-26-04-1111100',530,,147667,16,,,1,80,,147668,16,,,1,43,,147669,16,,,1,70,,147670,16,,,1,20,,147671,16,,,1,60,,147672,16,,,1,20,,147673,16,,,1,20,,147674,16,,,1,70,,147675,16,,,1,30,,147676,16,,,1,70,,147677,16,,,1,30,,147678,16,,,1,70,,147679,16,,,1,30,,147680,16,,,1,70,,147681,16,,,1,30,,147682,16,,,1,70,,147683,16,,,1,30,,147684,16,,,1,70,,147685,16,,,1,30,,147686,16,,,1,72,,147687,16,,,1,23,,147688,16,,,1,20,,147689,16,,,1,60,,147690,16,,,1,20,,147691,16,,,1,20,,147692,16,,,1,60,,147693,16,,,1,30,,147694,16,,,1,70,,147695,16,,,1,27,,147696,16,,,1,70,,147697,16,,,1,30,,147698,16,,,1,70,,147699,16,,,1,30,,147700,16,,,1,70,,147701,16,,,1,30,,147702,16,,,1,70,,147703,16,,,1,40,,147704,16,,,1,80,,147705,16,,,1,80,,147706,16,,,1
2000100,'001-Weekday-2-26-04-1111100',530,,147707,16,,,1,80,,147708,16,,,1,43,,147709,16,,,1,70,,147710,16,,,1,20,,147711,16,,,1,60,,147712,16,,,1,20,,147713,16,,,1,20,,147714,16,,,1,70,,147715,16,,,1,30,,147716,16,,,1,70,,147717,16,,,1,30,,147718,16,,,1,70,,147719,16,,,1,30,,147720,16,,,1,70,,147721,16,,,1,30,,147722,16,,,1,70,,147723,16,,,1,30,,147724,16,,,1,70,,147725,16,,,1,30,,147726,16,,,1,72,,147727,16,,,1,23,,147728,16,,,1,20,,147729,16,,,1,60,,147730,16,,,1,20,,147731,16,,,1,20,,147732,16,,,1,60,,147733,16,,,1,30,,147734,16,,,1,70,,147735,16,,,1,27,,147736,16,,,1,70,,147737,16,,,1,30,,147738,16,,,1,70,,147739,16,,,1,30,,147740,16,,,1,70,,147741,16,,,1,30,,147742,16,,,1,70,,147743,16,,,1,40,,147744,16,,,1,80,,147745,16,,,1,80,,147746,16,,,1
2000100,'001-Weekday-3-26-04-1111100',530,,147747,16,,,1,80,,147748,16,,,1,43,,147749,16,,,1,70,,147750,16,,,1,20,,147751,16,,,1,60,,147752,16,,,1,20,,147753,16,,,1,20,,147754,16,,,1,70,,147755,16,,,1,30,,147756,16,,,1,70,,147757,16,,,1,30,,147758,16,,,1,70,,147759,16,,,1,30,,147760,16,,,1,70,,147761,16,,,1,30,,147762,16,,,1,70,,147763,16,,,1,30,,147764,16,,,1,70,,147765,16,,,1,30,,147766,16,,,1,72,,147767,16,,,1,23,,147768,16,,,1,20,,147769,16,,,1,60,,147770,16,,,1,20,,147771,16,,,1,20,,147772,16,,,1,60,,147773,16,,,1,30,,147774,16,,,1,70,,147775,16,,,1,27,,147776,16,,,1,70,,147777,16,,,1,30,,147778,16,,,1,70,,147779,16,,,1,30,,147780,16,,,1,70,,147781,16,,,1,30,,147782,16,,,1,70,,147783,16,,,1,40,,147784,16,,,1,80,,147785,16,,,1,80,,147786,16,,,1
2000100,'001-Saturday-1-26-04-0000010',612,,147787,16,,,1,40,,147788,16,,,1,80,,147789,16,,,1,80,,147790,16,,,1,30,,147791,16,,,1,71,,147792,16,,,1,30,,147793,16,,,1,70,,147794,16,,,1,30,,147795,16,,,1,70,,147796,16,,,1,30,,147797,16,,,1,70,,147798,16,,,1,30,,147799,16,,,1,70,,147800,16,,,1,30,,147801,16,,,1,70,,147802,16,,,1,30,,147803,16,,,1,70,,147804,16,,,1,30,,147805,16,,,1,70,,147806,16,,,1,30,,147807,16,,,1,69,,147808,16,,,1,30,,147809,16,,,1,69,,147810,16,,,1,31,,147811,16,,,1,70,,147812,16,,,1,29,,147813,16,,,1,70,,147814,16,,,1,31,,147815,16,,,1,70,,147816,16,,,1,30,,147817,16,,,1,70,,147818,16,,,1,30,,147819,16,,,1,70,,147820,16,,,1,40,,147821,16,,,1
2000100,'001-Sunday-1-26-04-0000001',547,,147822,16,,,1,80,,147823,16,,,1,80,,147824,16,,,1,40,,147825,16,,,1,80,,147826,16,,,1,82,,147827,16,,,1,40,,147828,16,,,1,80,,147829,16,,,1,30,,147830,16,,,1,70,,147831,16,,,1,30,,147832,16,,,1,70,,147833,16,,,1,30,,147834,16,,,1,70,,147835,16,,,1,30,,147836,16,,,1,70,,147837,16,,,1,30,,147838,16,,,1,70,,147839,16,,,1,30,,147840,16,,,1,70,,147841,16,,,1,30,,147842,16,,,1,69,,147843,16,,,1,30,,147844,16,,,1,70,,147845,16,,,1,30,,147846,16,,,1,73,,147847,16,,,1,80,,147848,16,,,1,40,,147849,16,,,1,80,,147850,16,,,1,80,,147851,16,,,1,40,,147852,16,,,1,80,,147853,16,,,1
