51100,'511-Weekday-1-26-02-1111100',2513,,49334,8,0,10 9,1,30,,49335,8,0,10 9,1,70,,49336,8,0,10 9,1,30,,49337,8,0,10 9,1
51100,'511-Weekday-10-26-02-1111100',2513,,49338,8,0,10 9,1,30,,49339,8,0,10 9,1,70,,49340,8,0,10 9,1,30,,49341,8,0,10 9,1
51100,'511-Weekday-2-26-02-1111100',2513,,49342,8,0,10 9,1,30,,49343,8,0,10 9,1,70,,49344,8,0,10 9,1,30,,49345,8,0,10 9,1
51100,'511-Weekday-4-26-02-1111100',2513,,49346,8,0,10 9,1,30,,49347,8,0,10 9,1,70,,49348,8,0,10 9,1,30,,49349,8,0,10 9,1
51100,'511-Weekday-5-26-02-1111100',2513,,49350,8,0,10 9,1,30,,49351,8,0,10 9,1,70,,49352,8,0,10 9,1,30,,49353,8,0,10 9,1
51100,'511-Weekday-6-26-02-1111100',2513,,49354,8,0,10 9,1,30,,49355,8,0,10 9,1,70,,49356,8,0,10 9,1,30,,49357,8,0,10 9,1
51100,'511-Weekday-7-26-02-1111100',2513,,49358,8,0,10 9,1,30,,49359,8,0,10 9,1,70,,49360,8,0,10 9,1,30,,49361,8,0,10 9,1
51100,'511-Weekday-8-26-02-1111100',2513,,49362,8,0,10 9,1,30,,49363,8,0,10 9,1,70,,49364,8,0,10 9,1,30,,49365,8,0,10 9,1
51100,'511-Weekday-9-26-02-1111100',2513,,49366,8,0,10 9,1,30,,49367,8,0,10 9,1,70,,49368,8,0,10 9,1,30,,49369,8,0,10 9,1
51100,'511-Saturday-1-26-02-0000010',2512,,49370,8,0,10 9,1,30,,49371,8,0,10 9,1,70,,49372,8,0,10 9,1,30,,49373,8,0,10 9,1
51100,'511-Sunday-1-26-02-0000001',2511,,49374,8,0,10 9,1,30,,49375,8,0,10 9,1,70,,49376,8,0,10 9,1,30,,49377,8,0,10 9,1
