61800,'618-Weekday-1-26-02-0001000',1252,,60569,29,,,1
61800,'618-Weekday-1-26-02-1110100',1543,,60570,29,,,1
61800,'618-Weekday-10-26-02-1110100',1543,,116693,29,,,1
61800,'618-Weekday-9-26-02-0001000',1252,,60577,29,,,1
68300,'683-Weekday-1-26-02-0001000',1328,,61988,36,,,1,4,,61989,36,,,1
68300,'683-Weekday-1-26-02-1110100',1626,,61990,36,,,1,4,,61991,36,,,1
68300,'683-Weekday-1-26-02-1111100',1558,,61992,36,,,1,46,,61993,36,,,1
68300,'683-Weekday-10-26-02-1110100',1626,,116916,36,,,1,4,,116917,36,,,1
68300,'683-Weekday-10-26-02-1111100',1558,,116918,36,,,1,46,,116919,36,,,1
68300,'683-Weekday-9-26-02-0001000',1328,,62012,36,,,1,4,,62013,36,,,1
68300,'683-Weekday-9-26-02-1111100',1558,,62014,36,,,1,46,,62015,36,,,1
