65801,'658-Weekday-1-26-02-1111100',746,,61378,9,,,1,2,,61379,9,,,1
65801,'658-Weekday-5-26-02-1111100',746,,61382,9,,,1,2,,61383,9,,,1
65801,'658-Weekday-6-26-02-1111100',746,,61384,9,,,1,2,,61385,9,,,1
65801,'658-Weekday-9-26-02-1111100',746,,61388,9,,,1,2,,61389,9,,,1
66501,'665-Weekday-1-26-02-1111100',840,,61632,40,,,1,2,,61633,40,,,1
66501,'665-Weekday-5-26-02-1111100',840,,61638,40,,,1,2,,61639,40,,,1
66501,'665-Weekday-9-26-02-1111100',840,,61640,40,,,1,2,,61641,40,,,1
72201,'722-Weekday-1-26-02-1111100',602,,79371,16,0,25,1,20,,79372,16,0,25,1,24,,79373,16,0,25,1,55,,79374,16,0,25,1,15,,79375,16,0,25,1,15,,79376,16,0,25,1,15,,79377,16,0,25,1,55,,79378,16,0,25,1,15,,79379,16,0,25,1,15,,79380,16,0,25,1,15,,79381,16,0,25,1,13,,79382,16,0,25,1,62,,79425,16,0,25,1,20,,79424,16,0,25,1,60,,79383,16,0,25,1,20,,79384,16,0,25,1,20,,79385,16,0,25,1,60,,79386,16,0,25,1,20,,79387,16,0,25,1,20,,79388,16,0,25,1,60,,79389,16,0,25,1,20,,79390,16,0,25,1,20,,79391,16,0,25,1,60,,79392,16,0,25,1,20,,79393,16,0,25,1,20,,79394,16,0,25,1,60,,79395,16,0,25,1,20,,79396,16,0,25,1,20,,79397,16,0,25,1,60,,79398,16,0,25,1,16,,79427,16,,,1,10,,79399,16,0,25,1,10,,79428,16,,,1,10,,79400,16,0,25,1,10,,79429,16,,,1,50,,79401,16,0,25,1,10,,79430,16,,,1,10,,79402,16,0,25,1,10,,79431,16,,,1,10,,79403,16,0,25,1,10,,79432,16,,,1,50,,79404,16,0,25,1,10,,79433,16,,,1,10,,79405,16,0,25,1,10,,79434,16,,,1,10,,79406,16,0,25,1,10,,79426,16,,,1,50,,79407,16,0,25,1,17,,79408,16,0,25,1,18,,79409,16,0,25,1,60,,79410,16,0,25,1,20,,79411,16,0,25,1,20,,79412,16,0,25,1,60,,79413,16,0,25,1,20,,79414,16,0,25,1,20,,79415,16,0,25,1,60,,79416,16,0,25,1,20,,79417,16,0,25,1,20,,79418,16,0,25,1,60,,79419,16,0,25,1,30,,79420,16,0,25,1,70,,79421,16,0,25,1,30,,79422,16,0,25,1,70,,79423,16,0,25,1,30,,79435,16,,,1
72201,'722-Weekday-10-26-02-1111100',602,,79436,16,0,25,1,20,,79437,16,0,25,1,24,,79438,16,0,25,1,55,,79439,16,0,25,1,15,,79440,16,0,25,1,15,,79441,16,0,25,1,15,,79442,16,0,25,1,55,,79443,16,0,25,1,15,,79444,16,0,25,1,15,,79445,16,0,25,1,15,,79446,16,0,25,1,13,,79447,16,0,25,1,62,,79490,16,0,25,1,20,,79489,16,0,25,1,60,,79448,16,0,25,1,20,,79449,16,0,25,1,20,,79450,16,0,25,1,60,,79451,16,0,25,1,20,,79452,16,0,25,1,20,,79453,16,0,25,1,60,,79454,16,0,25,1,20,,79455,16,0,25,1,20,,79456,16,0,25,1,60,,79457,16,0,25,1,20,,79458,16,0,25,1,20,,79459,16,0,25,1,60,,79460,16,0,25,1,20,,79461,16,0,25,1,20,,79462,16,0,25,1,60,,79463,16,0,25,1,16,,79492,16,,,1,10,,79464,16,0,25,1,10,,79493,16,,,1,10,,79465,16,0,25,1,10,,79494,16,,,1,50,,79466,16,0,25,1,10,,79495,16,,,1,10,,79467,16,0,25,1,10,,79496,16,,,1,10,,79468,16,0,25,1,10,,79497,16,,,1,50,,79469,16,0,25,1,10,,79498,16,,,1,10,,79470,16,0,25,1,10,,79499,16,,,1,10,,79471,16,0,25,1,10,,79491,16,,,1,50,,79472,16,0,25,1,17,,79473,16,0,25,1,18,,79474,16,0,25,1,60,,79475,16,0,25,1,20,,79476,16,0,25,1,20,,79477,16,0,25,1,60,,79478,16,0,25,1,20,,79479,16,0,25,1,20,,79480,16,0,25,1,60,,79481,16,0,25,1,20,,79482,16,0,25,1,20,,79483,16,0,25,1,60,,79484,16,0,25,1,30,,79485,16,0,25,1,70,,79486,16,0,25,1,30,,79487,16,0,25,1,70,,79488,16,0,25,1,30,,79500,16,,,1
72201,'722-Weekday-4-26-02-1111100',602,,79566,16,0,25,1,20,,79567,16,0,25,1,24,,79568,16,0,25,1,55,,79569,16,0,25,1,15,,79570,16,0,25,1,15,,79571,16,0,25,1,15,,79572,16,0,25,1,55,,79573,16,0,25,1,15,,79574,16,0,25,1,15,,79575,16,0,25,1,15,,79576,16,0,25,1,13,,79577,16,0,25,1,62,,79620,16,0,25,1,20,,79619,16,0,25,1,60,,79578,16,0,25,1,20,,79579,16,0,25,1,20,,79580,16,0,25,1,60,,79581,16,0,25,1,20,,79582,16,0,25,1,20,,79583,16,0,25,1,60,,79584,16,0,25,1,20,,79585,16,0,25,1,20,,79586,16,0,25,1,60,,79587,16,0,25,1,20,,79588,16,0,25,1,20,,79589,16,0,25,1,60,,79590,16,0,25,1,20,,79591,16,0,25,1,20,,79592,16,0,25,1,60,,79593,16,0,25,1,16,,79622,16,,,1,10,,79594,16,0,25,1,10,,79623,16,,,1,10,,79595,16,0,25,1,10,,79624,16,,,1,50,,79596,16,0,25,1,10,,79625,16,,,1,10,,79597,16,0,25,1,10,,79626,16,,,1,10,,79598,16,0,25,1,10,,79627,16,,,1,50,,79599,16,0,25,1,10,,79628,16,,,1,10,,79600,16,0,25,1,10,,79629,16,,,1,10,,79601,16,0,25,1,10,,79621,16,,,1,50,,79602,16,0,25,1,17,,79603,16,0,25,1,18,,79604,16,0,25,1,60,,79605,16,0,25,1,20,,79606,16,0,25,1,20,,79607,16,0,25,1,60,,79608,16,0,25,1,20,,79609,16,0,25,1,20,,79610,16,0,25,1,60,,79611,16,0,25,1,20,,79612,16,0,25,1,20,,79613,16,0,25,1,60,,79614,16,0,25,1,30,,79615,16,0,25,1,70,,79616,16,0,25,1,30,,79617,16,0,25,1,70,,79618,16,0,25,1,30,,79630,16,,,1
72201,'722-Weekday-5-26-02-1111100',602,,79631,16,0,25,1,20,,79632,16,0,25,1,24,,79633,16,0,25,1,55,,79634,16,0,25,1,15,,79635,16,0,25,1,15,,79636,16,0,25,1,15,,79637,16,0,25,1,55,,79638,16,0,25,1,15,,79639,16,0,25,1,15,,79640,16,0,25,1,15,,79641,16,0,25,1,13,,79642,16,0,25,1,62,,79685,16,0,25,1,20,,79684,16,0,25,1,60,,79643,16,0,25,1,20,,79644,16,0,25,1,20,,79645,16,0,25,1,60,,79646,16,0,25,1,20,,79647,16,0,25,1,20,,79648,16,0,25,1,60,,79649,16,0,25,1,20,,79650,16,0,25,1,20,,79651,16,0,25,1,60,,79652,16,0,25,1,20,,79653,16,0,25,1,20,,79654,16,0,25,1,60,,79655,16,0,25,1,20,,79656,16,0,25,1,20,,79657,16,0,25,1,60,,79658,16,0,25,1,16,,79687,16,,,1,10,,79659,16,0,25,1,10,,79688,16,,,1,10,,79660,16,0,25,1,10,,79689,16,,,1,50,,79661,16,0,25,1,10,,79690,16,,,1,10,,79662,16,0,25,1,10,,79691,16,,,1,10,,79663,16,0,25,1,10,,79692,16,,,1,50,,79664,16,0,25,1,10,,79693,16,,,1,10,,79665,16,0,25,1,10,,79694,16,,,1,10,,79666,16,0,25,1,10,,79686,16,,,1,50,,79667,16,0,25,1,17,,79668,16,0,25,1,18,,79669,16,0,25,1,60,,79670,16,0,25,1,20,,79671,16,0,25,1,20,,79672,16,0,25,1,60,,79673,16,0,25,1,20,,79674,16,0,25,1,20,,79675,16,0,25,1,60,,79676,16,0,25,1,20,,79677,16,0,25,1,20,,79678,16,0,25,1,60,,79679,16,0,25,1,30,,79680,16,0,25,1,70,,79681,16,0,25,1,30,,79682,16,0,25,1,70,,79683,16,0,25,1,30,,79695,16,,,1
72201,'722-Weekday-6-26-02-1111100',602,,79696,16,0,25,1,20,,79697,16,0,25,1,24,,79698,16,0,25,1,55,,79699,16,0,25,1,15,,79700,16,0,25,1,15,,79701,16,0,25,1,15,,79702,16,0,25,1,55,,79703,16,0,25,1,15,,79704,16,0,25,1,15,,79705,16,0,25,1,15,,79706,16,0,25,1,13,,79707,16,0,25,1,62,,79750,16,0,25,1,20,,79749,16,0,25,1,60,,79708,16,0,25,1,20,,79709,16,0,25,1,20,,79710,16,0,25,1,60,,79711,16,0,25,1,20,,79712,16,0,25,1,20,,79713,16,0,25,1,60,,79714,16,0,25,1,20,,79715,16,0,25,1,20,,79716,16,0,25,1,60,,79717,16,0,25,1,20,,79718,16,0,25,1,20,,79719,16,0,25,1,60,,79720,16,0,25,1,20,,79721,16,0,25,1,20,,79722,16,0,25,1,60,,79723,16,0,25,1,16,,79752,16,,,1,10,,79724,16,0,25,1,10,,79753,16,,,1,10,,79725,16,0,25,1,10,,79754,16,,,1,50,,79726,16,0,25,1,10,,79755,16,,,1,10,,79727,16,0,25,1,10,,79756,16,,,1,10,,79728,16,0,25,1,10,,79757,16,,,1,50,,79729,16,0,25,1,10,,79758,16,,,1,10,,79730,16,0,25,1,10,,79759,16,,,1,10,,79731,16,0,25,1,10,,79751,16,,,1,50,,79732,16,0,25,1,17,,79733,16,0,25,1,18,,79734,16,0,25,1,60,,79735,16,0,25,1,20,,79736,16,0,25,1,20,,79737,16,0,25,1,60,,79738,16,0,25,1,20,,79739,16,0,25,1,20,,79740,16,0,25,1,60,,79741,16,0,25,1,20,,79742,16,0,25,1,20,,79743,16,0,25,1,60,,79744,16,0,25,1,30,,79745,16,0,25,1,70,,79746,16,0,25,1,30,,79747,16,0,25,1,70,,79748,16,0,25,1,30,,79760,16,,,1
72201,'722-Weekday-7-26-02-1111100',602,,79761,16,0,25,1,20,,79762,16,0,25,1,24,,79763,16,0,25,1,55,,79764,16,0,25,1,15,,79765,16,0,25,1,15,,79766,16,0,25,1,15,,79767,16,0,25,1,55,,79768,16,0,25,1,15,,79769,16,0,25,1,15,,79770,16,0,25,1,15,,79771,16,0,25,1,13,,79772,16,0,25,1,62,,79815,16,0,25,1,20,,79814,16,0,25,1,60,,79773,16,0,25,1,20,,79774,16,0,25,1,20,,79775,16,0,25,1,60,,79776,16,0,25,1,20,,79777,16,0,25,1,20,,79778,16,0,25,1,60,,79779,16,0,25,1,20,,79780,16,0,25,1,20,,79781,16,0,25,1,60,,79782,16,0,25,1,20,,79783,16,0,25,1,20,,79784,16,0,25,1,60,,79785,16,0,25,1,20,,79786,16,0,25,1,20,,79787,16,0,25,1,60,,79788,16,0,25,1,16,,79817,16,,,1,10,,79789,16,0,25,1,10,,79818,16,,,1,10,,79790,16,0,25,1,10,,79819,16,,,1,50,,79791,16,0,25,1,10,,79820,16,,,1,10,,79792,16,0,25,1,10,,79821,16,,,1,10,,79793,16,0,25,1,10,,79822,16,,,1,50,,79794,16,0,25,1,10,,79823,16,,,1,10,,79795,16,0,25,1,10,,79824,16,,,1,10,,79796,16,0,25,1,10,,79816,16,,,1,50,,79797,16,0,25,1,17,,79798,16,0,25,1,18,,79799,16,0,25,1,60,,79800,16,0,25,1,20,,79801,16,0,25,1,20,,79802,16,0,25,1,60,,79803,16,0,25,1,20,,79804,16,0,25,1,20,,79805,16,0,25,1,60,,79806,16,0,25,1,20,,79807,16,0,25,1,20,,79808,16,0,25,1,60,,79809,16,0,25,1,30,,79810,16,0,25,1,70,,79811,16,0,25,1,30,,79812,16,0,25,1,70,,79813,16,0,25,1,30,,79825,16,,,1
72201,'722-Saturday-1-26-02-0000010',617,,79958,16,0,25,1,30,,80002,16,0,25,1,70,,79961,16,0,25,1,30,,79963,16,0,25,1,70,,79980,16,0,25,1,20,,79977,16,0,25,1,20,,79960,16,0,25,1,59,,79999,16,0,25,1,20,,79956,16,0,25,1,20,,79994,16,0,25,1,60,,79978,16,0,25,1,20,,79981,16,0,25,1,20,,80000,16,0,25,1,60,,79979,16,0,25,1,20,,79957,16,0,25,1,20,,79969,16,0,25,1,60,,79968,16,0,25,1,20,,79967,16,0,25,1,20,,79970,16,0,25,1,60,,79962,16,0,25,1,20,,79985,16,0,25,1,20,,79975,16,0,25,1,60,,79971,16,0,25,1,20,,79959,16,0,25,1,20,,79973,16,0,25,1,60,,80001,16,0,25,1,20,,79991,16,0,25,1,20,,79997,16,0,25,1,60,,79982,16,0,25,1,20,,79993,16,0,25,1,20,,79987,16,0,25,1,61,,79966,16,0,25,1,20,,79984,16,0,25,1,20,,79972,16,0,25,1,60,,79986,16,0,25,1,20,,79998,16,0,25,1,20,,79989,16,0,25,1,60,,79983,16,0,25,1,30,,79974,16,0,25,1,70,,79976,16,0,25,1,30,,79990,16,0,25,1,70,,79995,16,0,25,1,30,,79964,16,0,25,1,70,,79992,16,0,25,1,30,,79965,16,0,25,1,70,,79996,16,0,25,1,30,,79988,16,0,25,1,70,,80003,16,,,1,30,,80004,16,,,1
72201,'722-Sunday-1-26-02-0000001',616,,80040,16,0,25,1,30,,80032,16,0,25,1,70,,80009,16,0,25,1,30,,80027,16,0,25,1,70,,80025,16,0,25,1,30,,80007,16,0,25,1,70,,80024,16,0,25,1,30,,80006,16,0,25,1,70,,80010,16,0,25,1,30,,80013,16,0,25,1,70,,80036,16,0,25,1,30,,80038,16,0,25,1,70,,80015,16,0,25,1,30,,80019,16,0,25,1,70,,80023,16,0,25,1,30,,80029,16,0,25,1,70,,80017,16,0,25,1,30,,80005,16,0,25,1,70,,80008,16,0,25,1,30,,80011,16,0,25,1,70,,80016,16,0,25,1,30,,80039,16,0,25,1,70,,80026,16,0,25,1,30,,80035,16,0,25,1,70,,80030,16,0,25,1,30,,80034,16,0,25,1,70,,80014,16,0,25,1,30,,80021,16,0,25,1,70,,80037,16,0,25,1,30,,80028,16,0,25,1,70,,80018,16,0,25,1,30,,80020,16,0,25,1,70,,80033,16,0,25,1,30,,80012,16,0,25,1,70,,80031,16,0,25,1,30,,80022,16,0,25,1,70,,80041,16,,,1
