10901,'109-Weekday-1-26-02-1111100',550,,33535,53,0,18 14,1,70,,33536,53,0,18 14,1,34,,33537,53,0,18 14,1,64,,33538,53,0,18 14,1,15,,33539,53,0,18 14,1,15,,33575,53,0,18 14,1,55,,33540,53,0,18 14,1,15,,33541,53,0,18 14,1,15,,33542,53,0,18 14,1,15,,33576,53,0,18 14,1,55,,33543,53,0,18 14,1,21,,33544,53,0,18 14,1,29,,33545,53,0,18 14,1,70,,33546,53,0,18 14,1,30,,33547,53,0,18 14,1,70,,33548,53,0,18 14,1,30,,33549,53,0,18 14,1,70,,33550,53,0,18 14,1,30,,33551,53,0,18 14,1,70,,33552,53,0,18 14,1,30,,33553,53,0,18 14,1,70,,33554,53,0,18 14,1,30,,33555,53,0,18 14,1,72,,33556,53,0,18 14,1,25,,33557,53,0,18 14,1,55,,33558,53,0,18 14,1,15,,33577,53,0,18 14,1,15,,33559,53,0,18 14,1,15,,33560,53,0,18 14,1,55,,33561,53,0,18 14,1,15,,33562,53,0,18 14,1,15,,33578,53,0,18 14,1,22,,33563,53,0,18 14,1,70,,33564,53,0,18 14,1,27,,33565,53,0,18 14,1,68,,33566,53,0,18 14,1,30,,33567,53,0,18 14,1,70,,33568,53,0,18 14,1,30,,33569,53,0,18 14,1,70,,33570,53,0,18 14,1,30,,33571,53,0,18 14,1,67,,33572,53,0,18 14,1,99,,33573,53,0,18 14,1,100,,33574,53,0,18 14,1
10901,'109-Weekday-10-26-02-1111100',550,,33579,53,0,18 14,1,70,,33580,53,0,18 14,1,34,,33581,53,0,18 14,1,64,,33582,53,0,18 14,1,15,,33583,53,0,18 14,1,15,,33619,53,0,18 14,1,55,,33584,53,0,18 14,1,15,,33585,53,0,18 14,1,15,,33586,53,0,18 14,1,15,,33620,53,0,18 14,1,55,,33587,53,0,18 14,1,21,,33588,53,0,18 14,1,29,,33589,53,0,18 14,1,70,,33590,53,0,18 14,1,30,,33591,53,0,18 14,1,70,,33592,53,0,18 14,1,30,,33593,53,0,18 14,1,70,,33594,53,0,18 14,1,30,,33595,53,0,18 14,1,70,,33596,53,0,18 14,1,30,,33597,53,0,18 14,1,70,,33598,53,0,18 14,1,30,,33599,53,0,18 14,1,72,,33600,53,0,18 14,1,25,,33601,53,0,18 14,1,55,,33602,53,0,18 14,1,15,,33621,53,0,18 14,1,15,,33603,53,0,18 14,1,15,,33604,53,0,18 14,1,55,,33605,53,0,18 14,1,15,,33606,53,0,18 14,1,15,,33622,53,0,18 14,1,22,,33607,53,0,18 14,1,70,,33608,53,0,18 14,1,27,,33609,53,0,18 14,1,68,,33610,53,0,18 14,1,30,,33611,53,0,18 14,1,70,,33612,53,0,18 14,1,30,,33613,53,0,18 14,1,70,,33614,53,0,18 14,1,30,,33615,53,0,18 14,1,67,,33616,53,0,18 14,1,99,,33617,53,0,18 14,1,100,,33618,53,0,18 14,1
10901,'109-Weekday-11-26-02-1111100',550,,112566,53,0,18 14,1,70,,112567,53,0,18 14,1,34,,112568,53,0,18 14,1,64,,112569,53,0,18 14,1,15,,112570,53,0,18 14,1,15,,112606,53,0,18 14,1,55,,112571,53,0,18 14,1,15,,112572,53,0,18 14,1,15,,112573,53,0,18 14,1,15,,112607,53,0,18 14,1,55,,112574,53,0,18 14,1,21,,112575,53,0,18 14,1,29,,112576,53,0,18 14,1,70,,112577,53,0,18 14,1,30,,112578,53,0,18 14,1,70,,112579,53,0,18 14,1,30,,112580,53,0,18 14,1,70,,112581,53,0,18 14,1,30,,112582,53,0,18 14,1,70,,112583,53,0,18 14,1,30,,112584,53,0,18 14,1,70,,112585,53,0,18 14,1,30,,112586,53,0,18 14,1,72,,112587,53,0,18 14,1,25,,112588,53,0,18 14,1,55,,112589,53,0,18 14,1,15,,112608,53,0,18 14,1,15,,112590,53,0,18 14,1,15,,112591,53,0,18 14,1,55,,112592,53,0,18 14,1,15,,112593,53,0,18 14,1,15,,112609,53,0,18 14,1,22,,112594,53,0,18 14,1,70,,112595,53,0,18 14,1,27,,112596,53,0,18 14,1,68,,112597,53,0,18 14,1,30,,112598,53,0,18 14,1,70,,112599,53,0,18 14,1,30,,112600,53,0,18 14,1,70,,112601,53,0,18 14,1,30,,112602,53,0,18 14,1,67,,112603,53,0,18 14,1,99,,112604,53,0,18 14,1,100,,112605,53,0,18 14,1
10901,'109-Saturday-1-26-02-0000010',842,,33931,53,0,18 14,1,71,,33932,53,0,18 14,1,30,,33933,53,0,18 14,1,70,,33934,53,0,18 14,1,30,,33935,53,0,18 14,1,70,,33936,53,0,18 14,1,30,,33937,53,0,18 14,1,70,,33938,53,0,18 14,1,30,,33939,53,0,18 14,1,70,,33940,53,0,18 14,1,30,,33941,53,0,18 14,1,70,,33942,53,0,18 14,1,30,,33943,53,0,18 14,1,70,,33944,53,0,18 14,1,30,,33945,53,0,18 14,1,70,,33946,53,0,18 14,1,30,,33947,53,0,18 14,1,69,,33948,53,0,18 14,1,30,,33949,53,0,18 14,1,70,,33950,53,0,18 14,1,30,,33951,53,0,18 14,1,70,,33952,53,0,18 14,1,30,,33953,53,0,18 14,1,70,,33954,53,0,18 14,1,30,,33955,53,0,18 14,1,70,,33956,53,0,18 14,1,30,,33957,53,0,18 14,1,70,,33958,53,0,18 14,1
10901,'109-Sunday-2-26-02-0000001',1053,,112610,53,0,18 14,1,70,,112611,53,0,18 14,1,30,,112612,53,0,18 14,1,70,,112613,53,0,18 14,1,30,,112614,53,0,18 14,1,70,,112615,53,0,18 14,1,30,,112616,53,0,18 14,1,70,,112617,53,0,18 14,1,30,,112618,53,0,18 14,1,70,,112619,53,0,18 14,1,30,,112620,53,0,18 14,1,70,,112621,53,0,18 14,1,30,,112622,53,0,18 14,1,69,,112623,53,0,18 14,1,30,,112624,53,0,18 14,1,70,,112625,53,0,18 14,1,30,,112626,53,0,18 14,1,70,,112627,53,0,18 14,1
61801,'618-Weekday-1-26-02-1111100',819,,60578,38,,,1
61801,'618-Weekday-10-26-02-1111100',819,,116694,38,,,1
61801,'618-Weekday-9-26-02-1111100',819,,60583,38,,,1
68301,'683-Weekday-1-26-02-1111100',802,,62016,42,,,1,5,,62017,42,,,1,5,,62018,42,,,1
68301,'683-Weekday-10-26-02-1111100',802,,116920,42,,,1,5,,116921,42,,,1,5,,116922,42,,,1
68301,'683-Weekday-9-26-02-1111100',802,,62032,42,,,1,5,,62033,42,,,1,5,,62034,42,,,1
