62500,'625-Weekday-1-26-02-0001000',1251,,60821,47,,,1
62500,'625-Weekday-1-26-02-1110100',1553,,60822,47,,,1
62500,'625-Weekday-2-26-02-0001000',1251,,60823,47,,,1
62500,'625-Weekday-2-26-02-1110100',1553,,60824,47,,,1
62500,'625-Weekday-5-26-02-0000100',1251,,60825,47,,,1
62500,'625-Weekday-5-26-02-1111000',1553,,60826,47,,,1
62500,'625-Weekday-6-26-02-1110100',1553,,60827,47,,,1
62500,'625-Weekday-8-26-02-1110100',1553,,60828,47,,,1
62500,'625-Weekday-9-26-02-0001000',1251,,60829,47,,,1
24014000,'140X-Weekday-1-26-02-1111100',1537,,102895,41,,,1,20,,102896,41,,,1,60,,102897,41,,,1,20,,102898,41,,,1,20,,102899,41,,,1,60,,102900,41,,,1,20,,102901,41,,,1,20,,102902,41,,,1,60,,102903,41,,,1
24014000,'140X-Weekday-10-26-02-1111100',1537,,102904,41,,,1,20,,102905,41,,,1,60,,102906,41,,,1,20,,102907,41,,,1,20,,102908,41,,,1,60,,102909,41,,,1,20,,102910,41,,,1,20,,102911,41,,,1,60,,102912,41,,,1
24014000,'140X-Weekday-2-26-02-1111100',1537,,102913,41,,,1,20,,102914,41,,,1,60,,102915,41,,,1,20,,102916,41,,,1,20,,102917,41,,,1,60,,102918,41,,,1,20,,102919,41,,,1,20,,102920,41,,,1,60,,102921,41,,,1
24014000,'140X-Weekday-4-26-02-1111100',1537,,102922,41,,,1,20,,102923,41,,,1,60,,102924,41,,,1,20,,102925,41,,,1,20,,102926,41,,,1,60,,102927,41,,,1,20,,102928,41,,,1,20,,102929,41,,,1,60,,102930,41,,,1
24014000,'140X-Weekday-5-26-02-1111100',1537,,102931,41,,,1,20,,102932,41,,,1,60,,102933,41,,,1,20,,102934,41,,,1,20,,102935,41,,,1,60,,102936,41,,,1,20,,102937,41,,,1,20,,102938,41,,,1,60,,102939,41,,,1
24014000,'140X-Weekday-6-26-02-1111100',1537,,102940,41,,,1,20,,102941,41,,,1,60,,102942,41,,,1,20,,102943,41,,,1,20,,102944,41,,,1,60,,102945,41,,,1,20,,102946,41,,,1,20,,102947,41,,,1,60,,102948,41,,,1
24014000,'140X-Weekday-7-26-02-1111100',1537,,102949,41,,,1,20,,102950,41,,,1,60,,102951,41,,,1,20,,102952,41,,,1,20,,102953,41,,,1,60,,102954,41,,,1,20,,102955,41,,,1,20,,102956,41,,,1,60,,102957,41,,,1
24014000,'140X-Weekday-8-26-02-1111100',1537,,102958,41,,,1,20,,102959,41,,,1,60,,102960,41,,,1,20,,102961,41,,,1,20,,102962,41,,,1,60,,102963,41,,,1,20,,102964,41,,,1,20,,102965,41,,,1,60,,102966,41,,,1
24014000,'140X-Weekday-9-26-02-1111100',1537,,102967,41,,,1,20,,102968,41,,,1,60,,102969,41,,,1,20,,102970,41,,,1,20,,102971,41,,,1,60,,102972,41,,,1,20,,102973,41,,,1,20,,102974,41,,,1,60,,102975,41,,,1
