91600,'916-Weekday-1-26-02-0001000',1509,,92483,23,,,1
91600,'916-Weekday-1-26-02-1111100',552,,92484,23,,,1,70,,92485,23,,,1,23,,92486,23,,,1,10,,92487,23,,,1,50,,92528,23,,,1,10,,92488,23,,,1,10,,92489,23,,,1,10,,92529,23,,,1,10,,92490,23,,,1,8,,92536,23,,,1,2,,92491,23,,,1,50,,92530,23,,,1,10,,92492,23,,,1,10,,92493,23,,,1,10,,92495,23,,,1,10,,92494,23,,,1,73,,92496,23,,,1,30,,92497,23,,,1,70,,92498,23,,,1,30,,92499,23,,,1,70,,92500,23,,,1,30,,92501,23,,,1,70,,92502,23,,,1,30,,92503,23,,,1,70,,92504,23,,,1,30,,92505,23,,,1,70,,92506,23,,,1,30,,92507,23,,,1,72,,92508,23,,,1,12,,92531,23,,,1,12,,92509,23,,,1,12,,92510,23,,,1,52,,92532,23,,,1,12,,92511,23,,,1,12,,92533,23,,,1,12,,92512,23,,,1,12,,92513,23,,,1,52,,92534,23,,,1,12,,92514,23,,,1,12,,92535,23,,,1,12,,92515,23,,,1,12,,92516,23,,,1,64,,92517,23,,,1,28,,92518,23,,,1,70,,92519,23,,,1,30,,92520,23,,,1,70,,92521,23,,,1,30,,92522,23,,,1,70,,92523,23,,,1,30,,92524,23,,,1,68,,92525,23,,,1,100,,92526,23,,,1,100,,92527,23,,,1
91600,'916-Weekday-10-26-02-0001000',1509,,92537,23,,,1
91600,'916-Weekday-10-26-02-1111100',552,,92538,23,,,1,70,,92539,23,,,1,23,,92540,23,,,1,10,,92541,23,,,1,50,,92582,23,,,1,10,,92542,23,,,1,10,,92543,23,,,1,10,,92583,23,,,1,10,,92544,23,,,1,8,,92590,23,,,1,2,,92545,23,,,1,50,,92584,23,,,1,10,,92546,23,,,1,10,,92547,23,,,1,10,,92549,23,,,1,10,,92548,23,,,1,73,,92550,23,,,1,30,,92551,23,,,1,70,,92552,23,,,1,30,,92553,23,,,1,70,,92554,23,,,1,30,,92555,23,,,1,70,,92556,23,,,1,30,,92557,23,,,1,70,,92558,23,,,1,30,,92559,23,,,1,70,,92560,23,,,1,30,,92561,23,,,1,72,,92562,23,,,1,12,,92585,23,,,1,12,,92563,23,,,1,12,,92564,23,,,1,52,,92586,23,,,1,12,,92565,23,,,1,12,,92587,23,,,1,12,,92566,23,,,1,12,,92567,23,,,1,52,,92588,23,,,1,12,,92568,23,,,1,12,,92589,23,,,1,12,,92569,23,,,1,12,,92570,23,,,1,64,,92571,23,,,1,28,,92572,23,,,1,70,,92573,23,,,1,30,,92574,23,,,1,70,,92575,23,,,1,30,,92576,23,,,1,70,,92577,23,,,1,30,,92578,23,,,1,68,,92579,23,,,1,100,,92580,23,,,1,100,,92581,23,,,1
91600,'916-Weekday-2-26-02-0001000',1509,,92591,23,,,1
91600,'916-Weekday-2-26-02-1111100',552,,92592,23,,,1,70,,92593,23,,,1,23,,92594,23,,,1,10,,92595,23,,,1,50,,92636,23,,,1,10,,92596,23,,,1,10,,92597,23,,,1,10,,92637,23,,,1,10,,92598,23,,,1,8,,92644,23,,,1,2,,92599,23,,,1,50,,92638,23,,,1,10,,92600,23,,,1,10,,92601,23,,,1,10,,92603,23,,,1,10,,92602,23,,,1,73,,92604,23,,,1,30,,92605,23,,,1,70,,92606,23,,,1,30,,92607,23,,,1,70,,92608,23,,,1,30,,92609,23,,,1,70,,92610,23,,,1,30,,92611,23,,,1,70,,92612,23,,,1,30,,92613,23,,,1,70,,92614,23,,,1,30,,92615,23,,,1,72,,92616,23,,,1,12,,92639,23,,,1,12,,92617,23,,,1,12,,92618,23,,,1,52,,92640,23,,,1,12,,92619,23,,,1,12,,92641,23,,,1,12,,92620,23,,,1,12,,92621,23,,,1,52,,92642,23,,,1,12,,92622,23,,,1,12,,92643,23,,,1,12,,92623,23,,,1,12,,92624,23,,,1,64,,92625,23,,,1,28,,92626,23,,,1,70,,92627,23,,,1,30,,92628,23,,,1,70,,92629,23,,,1,30,,92630,23,,,1,70,,92631,23,,,1,30,,92632,23,,,1,68,,92633,23,,,1,100,,92634,23,,,1,100,,92635,23,,,1
91600,'916-Weekday-4-26-02-1111100',552,,92645,23,,,1,70,,92646,23,,,1,23,,92647,23,,,1,10,,92648,23,,,1,50,,92689,23,,,1,10,,92649,23,,,1,10,,92650,23,,,1,10,,92690,23,,,1,10,,92651,23,,,1,10,,92652,23,,,1,50,,92691,23,,,1,10,,92653,23,,,1,10,,92654,23,,,1,10,,92656,23,,,1,10,,92655,23,,,1,73,,92657,23,,,1,30,,92658,23,,,1,70,,92659,23,,,1,30,,92660,23,,,1,70,,92661,23,,,1,30,,92662,23,,,1,70,,92663,23,,,1,30,,92664,23,,,1,70,,92665,23,,,1,30,,92666,23,,,1,70,,92667,23,,,1,30,,92668,23,,,1,72,,92669,23,,,1,12,,92692,23,,,1,12,,92670,23,,,1,12,,92671,23,,,1,52,,92693,23,,,1,12,,92672,23,,,1,12,,92694,23,,,1,12,,92673,23,,,1,12,,92674,23,,,1,52,,92695,23,,,1,12,,92675,23,,,1,12,,92696,23,,,1,12,,92676,23,,,1,12,,92677,23,,,1,64,,92678,23,,,1,28,,92679,23,,,1,70,,92680,23,,,1,30,,92681,23,,,1,70,,92682,23,,,1,30,,92683,23,,,1,70,,92684,23,,,1,30,,92685,23,,,1,68,,92686,23,,,1,100,,92687,23,,,1,100,,92688,23,,,1
91600,'916-Weekday-5-26-02-0001000',1509,,92697,23,,,1
91600,'916-Weekday-5-26-02-1111100',552,,92698,23,,,1,70,,92699,23,,,1,23,,92700,23,,,1,10,,92701,23,,,1,50,,92742,23,,,1,10,,92702,23,,,1,10,,92703,23,,,1,10,,92743,23,,,1,10,,92704,23,,,1,8,,92750,23,,,1,2,,92705,23,,,1,50,,92744,23,,,1,10,,92706,23,,,1,10,,92707,23,,,1,10,,92709,23,,,1,10,,92708,23,,,1,73,,92710,23,,,1,30,,92711,23,,,1,70,,92712,23,,,1,30,,92713,23,,,1,70,,92714,23,,,1,30,,92715,23,,,1,70,,92716,23,,,1,30,,92717,23,,,1,70,,92718,23,,,1,30,,92719,23,,,1,70,,92720,23,,,1,30,,92721,23,,,1,72,,92722,23,,,1,12,,92745,23,,,1,12,,92723,23,,,1,12,,92724,23,,,1,52,,92746,23,,,1,12,,92725,23,,,1,12,,92747,23,,,1,12,,92726,23,,,1,12,,92727,23,,,1,52,,92748,23,,,1,12,,92728,23,,,1,12,,92749,23,,,1,12,,92729,23,,,1,12,,92730,23,,,1,64,,92731,23,,,1,28,,92732,23,,,1,70,,92733,23,,,1,30,,92734,23,,,1,70,,92735,23,,,1,30,,92736,23,,,1,70,,92737,23,,,1,30,,92738,23,,,1,68,,92739,23,,,1,100,,92740,23,,,1,100,,92741,23,,,1
91600,'916-Weekday-6-26-02-1111100',552,,92751,23,,,1,70,,92752,23,,,1,23,,92753,23,,,1,10,,92754,23,,,1,50,,92795,23,,,1,10,,92755,23,,,1,10,,92756,23,,,1,10,,92796,23,,,1,10,,92757,23,,,1,8,,92803,23,,,1,2,,92758,23,,,1,50,,92797,23,,,1,10,,92759,23,,,1,10,,92760,23,,,1,10,,92762,23,,,1,10,,92761,23,,,1,73,,92763,23,,,1,30,,92764,23,,,1,70,,92765,23,,,1,30,,92766,23,,,1,70,,92767,23,,,1,30,,92768,23,,,1,70,,92769,23,,,1,30,,92770,23,,,1,70,,92771,23,,,1,30,,92772,23,,,1,70,,92773,23,,,1,30,,92774,23,,,1,72,,92775,23,,,1,12,,92798,23,,,1,12,,92776,23,,,1,12,,92777,23,,,1,52,,92799,23,,,1,12,,92778,23,,,1,12,,92800,23,,,1,12,,92779,23,,,1,12,,92780,23,,,1,52,,92801,23,,,1,12,,92781,23,,,1,12,,92802,23,,,1,12,,92782,23,,,1,12,,92783,23,,,1,64,,92784,23,,,1,28,,92785,23,,,1,70,,92786,23,,,1,30,,92787,23,,,1,70,,92788,23,,,1,30,,92789,23,,,1,70,,92790,23,,,1,30,,92791,23,,,1,68,,92792,23,,,1,100,,92793,23,,,1,100,,92794,23,,,1
91600,'916-Weekday-7-26-02-1111100',552,,92804,23,,,1,70,,92805,23,,,1,23,,92806,23,,,1,10,,92807,23,,,1,50,,92848,23,,,1,10,,92808,23,,,1,10,,92809,23,,,1,10,,92849,23,,,1,10,,92810,23,,,1,10,,92811,23,,,1,50,,92850,23,,,1,10,,92812,23,,,1,10,,92813,23,,,1,10,,92815,23,,,1,10,,92814,23,,,1,73,,92816,23,,,1,30,,92817,23,,,1,70,,92818,23,,,1,30,,92819,23,,,1,70,,92820,23,,,1,30,,92821,23,,,1,70,,92822,23,,,1,30,,92823,23,,,1,70,,92824,23,,,1,30,,92825,23,,,1,70,,92826,23,,,1,30,,92827,23,,,1,72,,92828,23,,,1,12,,92851,23,,,1,12,,92829,23,,,1,12,,92830,23,,,1,52,,92852,23,,,1,12,,92831,23,,,1,12,,92853,23,,,1,12,,92832,23,,,1,12,,92833,23,,,1,52,,92854,23,,,1,12,,92834,23,,,1,12,,92855,23,,,1,12,,92835,23,,,1,12,,92836,23,,,1,64,,92837,23,,,1,28,,92838,23,,,1,70,,92839,23,,,1,30,,92840,23,,,1,70,,92841,23,,,1,30,,92842,23,,,1,70,,92843,23,,,1,30,,92844,23,,,1,68,,92845,23,,,1,100,,92846,23,,,1,100,,92847,23,,,1
91600,'916-Weekday-8-26-02-1111100',552,,92856,23,,,1,70,,92857,23,,,1,23,,92858,23,,,1,10,,92859,23,,,1,50,,92900,23,,,1,10,,92860,23,,,1,10,,92861,23,,,1,10,,92901,23,,,1,10,,92862,23,,,1,8,,92908,23,,,1,2,,92863,23,,,1,50,,92902,23,,,1,10,,92864,23,,,1,10,,92865,23,,,1,10,,92867,23,,,1,10,,92866,23,,,1,73,,92868,23,,,1,30,,92869,23,,,1,70,,92870,23,,,1,30,,92871,23,,,1,70,,92872,23,,,1,30,,92873,23,,,1,70,,92874,23,,,1,30,,92875,23,,,1,70,,92876,23,,,1,30,,92877,23,,,1,70,,92878,23,,,1,30,,92879,23,,,1,72,,92880,23,,,1,12,,92903,23,,,1,12,,92881,23,,,1,12,,92882,23,,,1,52,,92904,23,,,1,12,,92883,23,,,1,12,,92905,23,,,1,12,,92884,23,,,1,12,,92885,23,,,1,52,,92906,23,,,1,12,,92886,23,,,1,12,,92907,23,,,1,12,,92887,23,,,1,12,,92888,23,,,1,64,,92889,23,,,1,28,,92890,23,,,1,70,,92891,23,,,1,30,,92892,23,,,1,70,,92893,23,,,1,30,,92894,23,,,1,70,,92895,23,,,1,30,,92896,23,,,1,68,,92897,23,,,1,100,,92898,23,,,1,100,,92899,23,,,1
91600,'916-Weekday-9-26-02-1111100',552,,92909,23,,,1,70,,92910,23,,,1,23,,92911,23,,,1,10,,92912,23,,,1,50,,92953,23,,,1,10,,92913,23,,,1,10,,92914,23,,,1,10,,92954,23,,,1,10,,92915,23,,,1,8,,92961,23,,,1,2,,92916,23,,,1,50,,92955,23,,,1,10,,92917,23,,,1,10,,92918,23,,,1,10,,92920,23,,,1,10,,92919,23,,,1,73,,92921,23,,,1,30,,92922,23,,,1,70,,92923,23,,,1,30,,92924,23,,,1,70,,92925,23,,,1,30,,92926,23,,,1,70,,92927,23,,,1,30,,92928,23,,,1,70,,92929,23,,,1,30,,92930,23,,,1,70,,92931,23,,,1,30,,92932,23,,,1,72,,92933,23,,,1,12,,92956,23,,,1,12,,92934,23,,,1,12,,92935,23,,,1,52,,92957,23,,,1,12,,92936,23,,,1,12,,92958,23,,,1,12,,92937,23,,,1,12,,92938,23,,,1,52,,92959,23,,,1,12,,92939,23,,,1,12,,92960,23,,,1,12,,92940,23,,,1,12,,92941,23,,,1,64,,92942,23,,,1,28,,92943,23,,,1,70,,92944,23,,,1,30,,92945,23,,,1,70,,92946,23,,,1,30,,92947,23,,,1,70,,92948,23,,,1,30,,92949,23,,,1,68,,92950,23,,,1,100,,92951,23,,,1,100,,92952,23,,,1
91600,'916-Saturday-1-26-02-0000010',613,,92962,23,,,1,100,,92963,23,,,1,100,,92964,23,,,1,30,,92965,23,,,1,69,,92966,23,,,1,32,,92967,23,,,1,70,,92968,23,,,1,30,,92969,23,,,1,70,,92970,23,,,1,30,,92971,23,,,1,70,,92972,23,,,1,30,,92973,23,,,1,70,,92974,23,,,1,30,,92975,23,,,1,70,,92976,23,,,1,30,,92977,23,,,1,70,,92978,23,,,1,30,,92979,23,,,1,70,,92980,23,,,1,30,,92981,23,,,1,70,,92982,23,,,1,30,,92983,23,,,1,70,,92984,23,,,1,30,,92985,23,,,1,70,,92986,23,,,1,30,,92987,23,,,1,70,,92988,23,,,1,100,,92989,23,,,1,100,,92990,23,,,1,100,,92991,23,,,1
91600,'916-Sunday-1-26-02-0000001',615,,92992,23,,,1,100,,92993,23,,,1,100,,92994,23,,,1,99,,92995,23,,,1,31,,92996,23,,,1,70,,92997,23,,,1,30,,92998,23,,,1,70,,92999,23,,,1,30,,93000,23,,,1,70,,93001,23,,,1,30,,93002,23,,,1,70,,93003,23,,,1,30,,93004,23,,,1,70,,93005,23,,,1,30,,93006,23,,,1,70,,93007,23,,,1,30,,93008,23,,,1,70,,93009,23,,,1,30,,93010,23,,,1,70,,93011,23,,,1,30,,93012,23,,,1,70,,93013,23,,,1,30,,93014,23,,,1,70,,93015,23,,,1,100,,93016,23,,,1,100,,93017,23,,,1,100,,93018,23,,,1,100,,93019,23,,,1
