52701,'527-Weekday-1-26-02-1111100',546,,111034,,,1,70,,111035,,,1,32,,111036,,,1,70,,111037,,,1,20,,111038,,,1,20,,111039,,,1,60,,111040,,,1,20,,111041,,,1,20,,111042,,,1,58,,111043,,,1,30,,111044,,,1,70,,111045,,,1,30,,111046,,,1,70,,111047,,,1,30,,111048,,,1,70,,111049,,,1,30,,111050,,,1,70,,111051,,,1,30,,111052,,,1,70,,111053,,,1,30,,111054,,,1,73,,111055,,,1,20,,111056,,,1,20,,111057,,,1,60,,111058,,,1,20,,111059,,,1,20,,111060,,,1,60,,111061,,,1,20,,111062,,,1,20,,111063,,,1,60,,111064,,,1,27,,111065,,,1,70,,111066,,,1,30,,111067,,,1,70,,111068,,,1,30,,111069,,,1,70,,111070,,,1,30,,111071,,,1
52701,'527-Weekday-10-26-02-1111100',546,,159231,,,1,70,,159232,,,1,32,,159233,,,1,70,,159234,,,1,20,,159235,,,1,20,,159236,,,1,60,,159237,,,1,20,,159238,,,1,20,,159239,,,1,58,,159240,,,1,30,,159241,,,1,70,,159242,,,1,30,,159243,,,1,70,,159244,,,1,30,,159245,,,1,70,,159246,,,1,30,,159247,,,1,70,,159248,,,1,30,,159249,,,1,70,,159250,,,1,30,,159251,,,1,73,,159252,,,1,20,,159253,,,1,20,,159254,,,1,60,,159255,,,1,20,,159256,,,1,20,,159257,,,1,60,,159258,,,1,20,,159259,,,1,20,,159260,,,1,60,,159261,,,1,27,,159262,,,1,70,,159263,,,1,30,,159264,,,1,70,,159265,,,1,30,,159266,,,1,70,,159267,,,1,30,,159268,,,1
52701,'527-Weekday-2-26-02-1111100',546,,111073,,,1,70,,111074,,,1,32,,111075,,,1,70,,111076,,,1,20,,111077,,,1,20,,111078,,,1,60,,111079,,,1,20,,111080,,,1,20,,111081,,,1,58,,111082,,,1,30,,111083,,,1,70,,111084,,,1,30,,111085,,,1,70,,111086,,,1,30,,111087,,,1,70,,111088,,,1,30,,111089,,,1,70,,111090,,,1,30,,111091,,,1,70,,111092,,,1,30,,111093,,,1,73,,111094,,,1,20,,111095,,,1,20,,111096,,,1,60,,111097,,,1,20,,111098,,,1,20,,111099,,,1,60,,111100,,,1,20,,111101,,,1,20,,111102,,,1,60,,111103,,,1,27,,111104,,,1,70,,111105,,,1,30,,111106,,,1,70,,111107,,,1,30,,111108,,,1,70,,111109,,,1,30,,111110,,,1
52701,'527-Weekday-4-26-02-1111100',546,,111112,,,1,70,,111113,,,1,32,,111114,,,1,70,,111115,,,1,20,,111116,,,1,20,,111117,,,1,60,,111118,,,1,20,,111119,,,1,20,,111120,,,1,58,,111121,,,1,30,,111122,,,1,70,,111123,,,1,30,,111124,,,1,70,,111125,,,1,30,,111126,,,1,70,,111127,,,1,30,,111128,,,1,70,,111129,,,1,30,,111130,,,1,70,,111131,,,1,30,,111132,,,1,73,,111133,,,1,20,,111134,,,1,20,,111135,,,1,60,,111136,,,1,20,,111137,,,1,20,,111138,,,1,60,,111139,,,1,20,,111140,,,1,20,,111141,,,1,60,,111142,,,1,27,,111143,,,1,70,,111144,,,1,30,,111145,,,1,70,,111146,,,1,30,,111147,,,1,70,,111148,,,1,30,,111149,,,1
52701,'527-Weekday-5-26-02-1111100',546,,111151,,,1,70,,111152,,,1,32,,111153,,,1,70,,111154,,,1,20,,111155,,,1,20,,111156,,,1,60,,111157,,,1,20,,111158,,,1,20,,111159,,,1,58,,111160,,,1,30,,111161,,,1,70,,111162,,,1,30,,111163,,,1,70,,111164,,,1,30,,111165,,,1,70,,111166,,,1,30,,111167,,,1,70,,111168,,,1,30,,111169,,,1,70,,111170,,,1,30,,111171,,,1,73,,111172,,,1,20,,111173,,,1,20,,111174,,,1,60,,111175,,,1,20,,111176,,,1,20,,111177,,,1,60,,111178,,,1,20,,111179,,,1,20,,111180,,,1,60,,111181,,,1,27,,111182,,,1,70,,111183,,,1,30,,111184,,,1,70,,111185,,,1,30,,111186,,,1,70,,111187,,,1,30,,111188,,,1
52701,'527-Weekday-6-26-02-1111100',546,,111190,,,1,70,,111191,,,1,32,,111192,,,1,70,,111193,,,1,20,,111194,,,1,20,,111195,,,1,60,,111196,,,1,20,,111197,,,1,20,,111198,,,1,58,,111199,,,1,30,,111200,,,1,70,,111201,,,1,30,,111202,,,1,70,,111203,,,1,30,,111204,,,1,70,,111205,,,1,30,,111206,,,1,70,,111207,,,1,30,,111208,,,1,70,,111209,,,1,30,,111210,,,1,73,,111211,,,1,20,,111212,,,1,20,,111213,,,1,60,,111214,,,1,20,,111215,,,1,20,,111216,,,1,60,,111217,,,1,20,,111218,,,1,20,,111219,,,1,60,,111220,,,1,27,,111221,,,1,70,,111222,,,1,30,,111223,,,1,70,,111224,,,1,30,,111225,,,1,70,,111226,,,1,30,,111227,,,1
52701,'527-Weekday-7-26-02-1111100',546,,111229,,,1,70,,111230,,,1,32,,111231,,,1,70,,111232,,,1,20,,111233,,,1,20,,111234,,,1,60,,111235,,,1,20,,111236,,,1,20,,111237,,,1,58,,111238,,,1,30,,111239,,,1,70,,111240,,,1,30,,111241,,,1,70,,111242,,,1,30,,111243,,,1,70,,111244,,,1,30,,111245,,,1,70,,111246,,,1,30,,111247,,,1,70,,111248,,,1,30,,111249,,,1,73,,111250,,,1,20,,111251,,,1,20,,111252,,,1,60,,111253,,,1,20,,111254,,,1,20,,111255,,,1,60,,111256,,,1,20,,111257,,,1,20,,111258,,,1,60,,111259,,,1,27,,111260,,,1,70,,111261,,,1,30,,111262,,,1,70,,111263,,,1,30,,111264,,,1,70,,111265,,,1,30,,111266,,,1
52701,'527-Weekday-8-26-02-1111100',546,,111268,,,1,70,,111269,,,1,32,,111270,,,1,70,,111271,,,1,20,,111272,,,1,20,,111273,,,1,60,,111274,,,1,20,,111275,,,1,20,,111276,,,1,58,,111277,,,1,30,,111278,,,1,70,,111279,,,1,30,,111280,,,1,70,,111281,,,1,30,,111282,,,1,70,,111283,,,1,30,,111284,,,1,70,,111285,,,1,30,,111286,,,1,70,,111287,,,1,30,,111288,,,1,73,,111289,,,1,20,,111290,,,1,20,,111291,,,1,60,,111292,,,1,20,,111293,,,1,20,,111294,,,1,60,,111295,,,1,20,,111296,,,1,20,,111297,,,1,60,,111298,,,1,27,,111299,,,1,70,,111300,,,1,30,,111301,,,1,70,,111302,,,1,30,,111303,,,1,70,,111304,,,1,30,,111305,,,1
52701,'527-Weekday-9-26-02-1111100',546,,111307,,,1,70,,111308,,,1,32,,111309,,,1,70,,111310,,,1,20,,111311,,,1,20,,111312,,,1,60,,111313,,,1,20,,111314,,,1,20,,111315,,,1,58,,111316,,,1,30,,111317,,,1,70,,111318,,,1,30,,111319,,,1,70,,111320,,,1,30,,111321,,,1,70,,111322,,,1,30,,111323,,,1,70,,111324,,,1,30,,111325,,,1,70,,111326,,,1,30,,111327,,,1,73,,111328,,,1,20,,111329,,,1,20,,111330,,,1,60,,111331,,,1,20,,111332,,,1,20,,111333,,,1,60,,111334,,,1,20,,111335,,,1,20,,111336,,,1,60,,111337,,,1,27,,111338,,,1,70,,111339,,,1,30,,111340,,,1,70,,111341,,,1,30,,111342,,,1,70,,111343,,,1,30,,111344,,,1
52701,'527-Saturday-1-26-02-0000010',621,,111346,,,1,100,,111347,,,1,100,,111348,,,1,30,,111349,,,1,71,,111350,,,1,30,,111351,,,1,70,,111352,,,1,30,,111353,,,1,70,,111354,,,1,30,,111355,,,1,70,,111356,,,1,30,,111357,,,1,70,,111358,,,1,30,,111359,,,1,70,,111360,,,1,30,,111361,,,1,70,,111362,,,1,30,,111363,,,1,70,,111364,,,1,30,,111365,,,1,70,,111366,,,1,30,,111367,,,1,70,,111368,,,1,30,,111369,,,1
52701,'527-Sunday-1-26-02-0000001',1026,,111370,,,1,30,,111371,,,1,70,,111372,,,1,30,,111373,,,1,70,,111374,,,1,30,,111375,,,1,70,,111376,,,1,30,,111377,,,1,70,,111378,,,1,30,,111379,,,1,70,,111380,,,1,30,,111381,,,1,70,,111382,,,1,30,,111383,,,1,70,,111384,,,1,30,,111385,,,1,70,,111386,,,1,30,,111387,,,1
