74700,'747-Weekday-1-26-02-1111100',438,,130978,,,1,95,,130997,,,1,105,,131000,,,1,70,,130980,,,1,30,,130996,,,1,70,,130998,,,1,30,,130995,,,1,70,,130994,,,1,30,,130993,,,1,70,,131004,,,1,30,,130991,,,1,70,,131005,,,1,30,,130989,,,1,76,,131006,,,1,37,,130988,,,1,70,,131007,,,1,30,,130990,,,1,70,,131008,,,1,30,,130992,,,1,70,,131009,,,1,30,,130984,,,1,70,,131002,,,1,30,,131001,,,1,70,,130987,,,1,30,,130986,,,1,70,,130985,,,1,30,,130999,,,1,70,,130983,,,1,30,,131012,,,1,70,,131010,,,1,30,,131011,,,1,70,,131003,,,1,30,,131013,,,1,70,,130982,,,1,100,,130981,,,1,100,,130979,,,1
74700,'747-Weekday-10-26-02-1111100',438,,161547,,,1,95,,161566,,,1,105,,161569,,,1,70,,161549,,,1,30,,161565,,,1,70,,161567,,,1,30,,161564,,,1,70,,161563,,,1,30,,161562,,,1,70,,161573,,,1,30,,161560,,,1,70,,161574,,,1,30,,161558,,,1,76,,161575,,,1,37,,161557,,,1,70,,161576,,,1,30,,161559,,,1,70,,161577,,,1,30,,161561,,,1,70,,161578,,,1,30,,161553,,,1,70,,161571,,,1,30,,161570,,,1,70,,161556,,,1,30,,161555,,,1,70,,161554,,,1,30,,161568,,,1,70,,161552,,,1,30,,161581,,,1,70,,161579,,,1,30,,161580,,,1,70,,161572,,,1,30,,161582,,,1,70,,161551,,,1,100,,161550,,,1,100,,161548,,,1
74700,'747-Weekday-11-26-02-1111100',438,,161583,,,1,95,,161602,,,1,105,,161605,,,1,70,,161585,,,1,30,,161601,,,1,70,,161603,,,1,30,,161600,,,1,70,,161599,,,1,30,,161598,,,1,70,,161609,,,1,30,,161596,,,1,70,,161610,,,1,30,,161594,,,1,76,,161611,,,1,37,,161593,,,1,70,,161612,,,1,30,,161595,,,1,70,,161613,,,1,30,,161597,,,1,70,,161614,,,1,30,,161589,,,1,70,,161607,,,1,30,,161606,,,1,70,,161592,,,1,30,,161591,,,1,70,,161590,,,1,30,,161604,,,1,70,,161588,,,1,30,,161617,,,1,70,,161615,,,1,30,,161616,,,1,70,,161608,,,1,30,,161618,,,1,70,,161587,,,1,100,,161586,,,1,100,,161584,,,1
74700,'747-Weekday-2-26-02-1111100',438,,131014,,,1,95,,131033,,,1,105,,131036,,,1,70,,131016,,,1,30,,131032,,,1,70,,131034,,,1,30,,131031,,,1,70,,131030,,,1,30,,131029,,,1,70,,131040,,,1,30,,131027,,,1,70,,131041,,,1,30,,131025,,,1,76,,131042,,,1,37,,131024,,,1,70,,131043,,,1,30,,131026,,,1,70,,131044,,,1,30,,131028,,,1,70,,131045,,,1,30,,131020,,,1,70,,131038,,,1,30,,131037,,,1,70,,131023,,,1,30,,131022,,,1,70,,131021,,,1,30,,131035,,,1,70,,131019,,,1,30,,131048,,,1,70,,131046,,,1,30,,131047,,,1,70,,131039,,,1,30,,131049,,,1,70,,131018,,,1,100,,131017,,,1,100,,131015,,,1
74700,'747-Weekday-4-26-02-1111100',438,,131050,,,1,95,,131069,,,1,105,,131072,,,1,70,,131052,,,1,30,,131068,,,1,70,,131070,,,1,30,,131067,,,1,70,,131066,,,1,30,,131065,,,1,70,,131076,,,1,30,,131063,,,1,70,,131077,,,1,30,,131061,,,1,76,,131078,,,1,37,,131060,,,1,70,,131079,,,1,30,,131062,,,1,70,,131080,,,1,30,,131064,,,1,70,,131081,,,1,30,,131056,,,1,70,,131074,,,1,30,,131073,,,1,70,,131059,,,1,30,,131058,,,1,70,,131057,,,1,30,,131071,,,1,70,,131055,,,1,30,,131084,,,1,70,,131082,,,1,30,,131083,,,1,70,,131075,,,1,30,,131085,,,1,70,,131054,,,1,100,,131053,,,1,100,,131051,,,1
74700,'747-Weekday-5-26-02-1111100',438,,131086,,,1,95,,131105,,,1,105,,131108,,,1,70,,131088,,,1,30,,131104,,,1,70,,131106,,,1,30,,131103,,,1,70,,131102,,,1,30,,131101,,,1,70,,131112,,,1,30,,131099,,,1,70,,131113,,,1,30,,131097,,,1,76,,131114,,,1,37,,131096,,,1,70,,131115,,,1,30,,131098,,,1,70,,131116,,,1,30,,131100,,,1,70,,131117,,,1,30,,131092,,,1,70,,131110,,,1,30,,131109,,,1,70,,131095,,,1,30,,131094,,,1,70,,131093,,,1,30,,131107,,,1,70,,131091,,,1,30,,131120,,,1,70,,131118,,,1,30,,131119,,,1,70,,131111,,,1,30,,131121,,,1,70,,131090,,,1,100,,131089,,,1,100,,131087,,,1
74700,'747-Weekday-6-26-02-1111100',438,,131122,,,1,95,,131141,,,1,105,,131144,,,1,70,,131124,,,1,30,,131140,,,1,70,,131142,,,1,30,,131139,,,1,70,,131138,,,1,30,,131137,,,1,70,,131148,,,1,30,,131135,,,1,70,,131149,,,1,30,,131133,,,1,76,,131150,,,1,37,,131132,,,1,70,,131151,,,1,30,,131134,,,1,70,,131152,,,1,30,,131136,,,1,70,,131153,,,1,30,,131128,,,1,70,,131146,,,1,30,,131145,,,1,70,,131131,,,1,30,,131130,,,1,70,,131129,,,1,30,,131143,,,1,70,,131127,,,1,30,,131156,,,1,70,,131154,,,1,30,,131155,,,1,70,,131147,,,1,30,,131157,,,1,70,,131126,,,1,100,,131125,,,1,100,,131123,,,1
74700,'747-Weekday-7-26-02-1111100',438,,131158,,,1,95,,131177,,,1,105,,131180,,,1,70,,131160,,,1,30,,131176,,,1,70,,131178,,,1,30,,131175,,,1,70,,131174,,,1,30,,131173,,,1,70,,131184,,,1,30,,131171,,,1,70,,131185,,,1,30,,131169,,,1,76,,131186,,,1,37,,131168,,,1,70,,131187,,,1,30,,131170,,,1,70,,131188,,,1,30,,131172,,,1,70,,131189,,,1,30,,131164,,,1,70,,131182,,,1,30,,131181,,,1,70,,131167,,,1,30,,131166,,,1,70,,131165,,,1,30,,131179,,,1,70,,131163,,,1,30,,131192,,,1,70,,131190,,,1,30,,131191,,,1,70,,131183,,,1,30,,131193,,,1,70,,131162,,,1,100,,131161,,,1,100,,131159,,,1
74700,'747-Weekday-8-26-02-1111100',438,,131194,,,1,95,,131213,,,1,105,,131216,,,1,70,,131196,,,1,30,,131212,,,1,70,,131214,,,1,30,,131211,,,1,70,,131210,,,1,30,,131209,,,1,70,,131220,,,1,30,,131207,,,1,70,,131221,,,1,30,,131205,,,1,76,,131222,,,1,37,,131204,,,1,70,,131223,,,1,30,,131206,,,1,70,,131224,,,1,30,,131208,,,1,70,,131225,,,1,30,,131200,,,1,70,,131218,,,1,30,,131217,,,1,70,,131203,,,1,30,,131202,,,1,70,,131201,,,1,30,,131215,,,1,70,,131199,,,1,30,,131228,,,1,70,,131226,,,1,30,,131227,,,1,70,,131219,,,1,30,,131229,,,1,70,,131198,,,1,100,,131197,,,1,100,,131195,,,1
74700,'747-Weekday-9-26-02-1111100',438,,131230,,,1,95,,131249,,,1,105,,131252,,,1,70,,131232,,,1,30,,131248,,,1,70,,131250,,,1,30,,131247,,,1,70,,131246,,,1,30,,131245,,,1,70,,131256,,,1,30,,131243,,,1,70,,131257,,,1,30,,131241,,,1,76,,131258,,,1,37,,131240,,,1,70,,131259,,,1,30,,131242,,,1,70,,131260,,,1,30,,131244,,,1,70,,131261,,,1,30,,131236,,,1,70,,131254,,,1,30,,131253,,,1,70,,131239,,,1,30,,131238,,,1,70,,131237,,,1,30,,131251,,,1,70,,131235,,,1,30,,131264,,,1,70,,131262,,,1,30,,131263,,,1,70,,131255,,,1,30,,131265,,,1,70,,131234,,,1,100,,131233,,,1,100,,131231,,,1
74700,'747-Saturday-1-26-02-0000010',438,,131267,,,1,95,,131268,,,1,105,,131266,,,1,70,,131269,,,1,30,,131270,,,1,70,,131271,,,1,30,,131272,,,1,70,,131273,,,1,30,,131274,,,1,70,,131293,,,1,30,,131275,,,1,70,,131296,,,1,30,,131276,,,1,76,,131295,,,1,37,,131277,,,1,70,,131297,,,1,30,,131278,,,1,70,,131298,,,1,30,,131279,,,1,70,,131294,,,1,30,,131280,,,1,70,,131281,,,1,30,,131282,,,1,70,,131283,,,1,30,,131284,,,1,70,,131285,,,1,30,,131286,,,1,70,,131287,,,1,30,,131301,,,1,70,,131292,,,1,30,,131299,,,1,70,,131288,,,1,30,,131300,,,1,70,,131289,,,1,100,,131290,,,1,100,,131291,,,1
74700,'747-Saturday-2-26-02-0000010',438,,161620,,,1,95,,161621,,,1,105,,161619,,,1,70,,161622,,,1,30,,161623,,,1,70,,161624,,,1,30,,161625,,,1,70,,161626,,,1,30,,161627,,,1,70,,161646,,,1,30,,161628,,,1,70,,161649,,,1,30,,161629,,,1,76,,161648,,,1,37,,161630,,,1,70,,161650,,,1,30,,161631,,,1,70,,161651,,,1,30,,161632,,,1,70,,161647,,,1,30,,161633,,,1,70,,161634,,,1,30,,161635,,,1,70,,161636,,,1,30,,161637,,,1,70,,161638,,,1,30,,161639,,,1,70,,161640,,,1,30,,161654,,,1,70,,161645,,,1,30,,161652,,,1,70,,161641,,,1,30,,161653,,,1,70,,161642,,,1,100,,161643,,,1,100,,161644,,,1
74700,'747-Sunday-1-26-02-0000001',438,,131302,,,1,95,,131303,,,1,105,,131304,,,1,70,,131305,,,1,30,,131306,,,1,70,,131307,,,1,30,,131308,,,1,70,,131309,,,1,30,,131310,,,1,70,,131329,,,1,30,,131311,,,1,70,,131331,,,1,30,,131312,,,1,76,,131330,,,1,37,,131313,,,1,70,,131332,,,1,30,,131314,,,1,70,,131333,,,1,30,,131315,,,1,70,,131328,,,1,30,,131316,,,1,70,,131317,,,1,30,,131318,,,1,70,,131319,,,1,30,,131320,,,1,70,,131321,,,1,30,,131322,,,1,70,,131323,,,1,30,,131336,,,1,70,,131334,,,1,30,,131337,,,1,70,,131324,,,1,30,,131335,,,1,70,,131325,,,1,100,,131326,,,1,100,,131327,,,1
74700,'747-Sunday-2-26-02-0000001',438,,161655,,,1,95,,161656,,,1,105,,161657,,,1,70,,161658,,,1,30,,161659,,,1,70,,161660,,,1,30,,161661,,,1,70,,161662,,,1,30,,161663,,,1,70,,161682,,,1,30,,161664,,,1,70,,161684,,,1,30,,161665,,,1,76,,161683,,,1,37,,161666,,,1,70,,161685,,,1,30,,161667,,,1,70,,161686,,,1,30,,161668,,,1,70,,161681,,,1,30,,161669,,,1,70,,161670,,,1,30,,161671,,,1,70,,161672,,,1,30,,161673,,,1,70,,161674,,,1,30,,161675,,,1,70,,161676,,,1,30,,161689,,,1,70,,161687,,,1,30,,161690,,,1,70,,161677,,,1,30,,161688,,,1,70,,161678,,,1,100,,161679,,,1,100,,161680,,,1
