52100,'521-Weekday-1-26-02-1111100',607,,55770,32,,,1,30,,55806,32,,,1,19,,55816,32,,,1,56,,55771,32,,,1,12,,55774,32,,,1,12,,55772,32,,,1,10,,55815,32,,,1,2,,55773,32,,,1,52,,55775,32,,,1,12,,55776,32,,,1,12,,55777,32,,,1,12,,55778,32,,,1,12,,55779,32,,,1,52,,55780,32,,,1,14,,55807,32,,,1,25,,55808,32,,,1,70,,55791,32,,,1,30,,55781,32,,,1,70,,55782,32,,,1,30,,55783,32,,,1,70,,55784,32,,,1,30,,55785,32,,,1,70,,55786,32,,,1,30,,55787,32,,,1,70,,55788,32,,,1,30,,55789,32,,,1,71,,55790,32,,,1,38,,55809,32,,,1,55,,55792,32,,,1,15,,55793,32,,,1,15,,55794,32,,,1,15,,55795,32,,,1,55,,55796,32,,,1,15,,55797,32,,,1,15,,55798,32,,,1,15,,55799,32,,,1,55,,55800,32,,,1,15,,55801,32,,,1,17,,55802,32,,,1,14,,55810,32,,,1,62,,55804,32,,,1,31,,55805,32,,,1,70,,55803,32,,,1,30,,55811,32,,,1,70,,55812,32,,,1,30,,55813,32,,,1,69,,55814,32,,,1,29,,55817,32,,,1
52100,'521-Weekday-10-26-02-1111100',607,,55818,32,,,1,30,,55854,32,,,1,19,,55864,32,,,1,56,,55819,32,,,1,12,,55822,32,,,1,12,,55820,32,,,1,10,,55863,32,,,1,2,,55821,32,,,1,52,,55823,32,,,1,12,,55824,32,,,1,12,,55825,32,,,1,12,,55826,32,,,1,12,,55827,32,,,1,52,,55828,32,,,1,14,,55855,32,,,1,25,,55856,32,,,1,70,,55839,32,,,1,30,,55829,32,,,1,70,,55830,32,,,1,30,,55831,32,,,1,70,,55832,32,,,1,30,,55833,32,,,1,70,,55834,32,,,1,30,,55835,32,,,1,70,,55836,32,,,1,30,,55837,32,,,1,71,,55838,32,,,1,38,,55857,32,,,1,55,,55840,32,,,1,15,,55841,32,,,1,15,,55842,32,,,1,15,,55843,32,,,1,55,,55844,32,,,1,15,,55845,32,,,1,15,,55846,32,,,1,15,,55847,32,,,1,55,,55848,32,,,1,15,,55849,32,,,1,17,,55850,32,,,1,14,,55858,32,,,1,62,,55852,32,,,1,31,,55853,32,,,1,70,,55851,32,,,1,30,,55859,32,,,1,70,,55860,32,,,1,30,,55861,32,,,1,69,,55862,32,,,1,29,,55865,32,,,1
52100,'521-Weekday-4-26-02-1111100',607,,55914,32,,,1,30,,55950,32,,,1,19,,55959,32,,,1,56,,55915,32,,,1,12,,55918,32,,,1,12,,55916,32,,,1,12,,55917,32,,,1,52,,55919,32,,,1,12,,55920,32,,,1,12,,55921,32,,,1,12,,55922,32,,,1,12,,55923,32,,,1,52,,55924,32,,,1,14,,55951,32,,,1,25,,55952,32,,,1,70,,55935,32,,,1,30,,55925,32,,,1,70,,55926,32,,,1,30,,55927,32,,,1,70,,55928,32,,,1,30,,55929,32,,,1,70,,55930,32,,,1,30,,55931,32,,,1,70,,55932,32,,,1,30,,55933,32,,,1,71,,55934,32,,,1,38,,55953,32,,,1,55,,55936,32,,,1,15,,55937,32,,,1,15,,55938,32,,,1,15,,55939,32,,,1,55,,55940,32,,,1,15,,55941,32,,,1,15,,55942,32,,,1,15,,55943,32,,,1,55,,55944,32,,,1,15,,55945,32,,,1,17,,55946,32,,,1,14,,55954,32,,,1,62,,55948,32,,,1,31,,55949,32,,,1,70,,55947,32,,,1,30,,55955,32,,,1,70,,55956,32,,,1,30,,55957,32,,,1,69,,55958,32,,,1,29,,55960,32,,,1
52100,'521-Weekday-5-26-02-1111100',607,,55961,32,,,1,30,,55997,32,,,1,19,,56007,32,,,1,56,,55962,32,,,1,12,,55965,32,,,1,12,,55963,32,,,1,10,,56006,32,,,1,2,,55964,32,,,1,52,,55966,32,,,1,12,,55967,32,,,1,12,,55968,32,,,1,12,,55969,32,,,1,12,,55970,32,,,1,52,,55971,32,,,1,14,,55998,32,,,1,25,,55999,32,,,1,70,,55982,32,,,1,30,,55972,32,,,1,70,,55973,32,,,1,30,,55974,32,,,1,70,,55975,32,,,1,30,,55976,32,,,1,70,,55977,32,,,1,30,,55978,32,,,1,70,,55979,32,,,1,30,,55980,32,,,1,71,,55981,32,,,1,38,,56000,32,,,1,55,,55983,32,,,1,15,,55984,32,,,1,15,,55985,32,,,1,15,,55986,32,,,1,55,,55987,32,,,1,15,,55988,32,,,1,15,,55989,32,,,1,15,,55990,32,,,1,55,,55991,32,,,1,15,,55992,32,,,1,17,,55993,32,,,1,14,,56001,32,,,1,62,,55995,32,,,1,31,,55996,32,,,1,70,,55994,32,,,1,30,,56002,32,,,1,70,,56003,32,,,1,30,,56004,32,,,1,69,,56005,32,,,1,29,,56008,32,,,1
52100,'521-Weekday-7-26-02-1111100',607,,56057,32,,,1,30,,56093,32,,,1,19,,56102,32,,,1,56,,56058,32,,,1,12,,56061,32,,,1,12,,56059,32,,,1,12,,56060,32,,,1,52,,56062,32,,,1,12,,56063,32,,,1,12,,56064,32,,,1,12,,56065,32,,,1,12,,56066,32,,,1,52,,56067,32,,,1,14,,56094,32,,,1,25,,56095,32,,,1,70,,56078,32,,,1,30,,56068,32,,,1,70,,56069,32,,,1,30,,56070,32,,,1,70,,56071,32,,,1,30,,56072,32,,,1,70,,56073,32,,,1,30,,56074,32,,,1,70,,56075,32,,,1,30,,56076,32,,,1,71,,56077,32,,,1,38,,56096,32,,,1,55,,56079,32,,,1,15,,56080,32,,,1,15,,56081,32,,,1,15,,56082,32,,,1,55,,56083,32,,,1,15,,56084,32,,,1,15,,56085,32,,,1,15,,56086,32,,,1,55,,56087,32,,,1,15,,56088,32,,,1,17,,56089,32,,,1,14,,56097,32,,,1,62,,56091,32,,,1,31,,56092,32,,,1,70,,56090,32,,,1,30,,56098,32,,,1,70,,56099,32,,,1,30,,56100,32,,,1,69,,56101,32,,,1,29,,56103,32,,,1
52100,'521-Saturday-1-26-02-0000010',835,,56219,32,,,1,68,,56220,32,,,1,30,,56221,32,,,1,70,,56222,32,,,1,30,,56200,32,,,1,70,,56201,32,,,1,30,,56202,32,,,1,70,,56203,32,,,1,30,,56204,32,,,1,70,,56205,32,,,1,30,,56206,32,,,1,70,,56207,32,,,1,30,,56208,32,,,1,70,,56209,32,,,1,30,,56210,32,,,1,70,,56211,32,,,1,30,,56213,32,,,1,71,,56214,32,,,1,31,,56215,32,,,1,70,,56212,32,,,1,30,,56216,32,,,1,70,,56217,32,,,1,30,,56218,32,,,1
52100,'521-Sunday-1-26-02-0000001',1033,,56223,32,,,1,70,,56224,32,,,1,30,,56225,32,,,1,70,,56226,32,,,1,30,,56227,32,,,1,70,,56228,32,,,1,30,,56229,32,,,1,70,,56230,32,,,1,30,,56231,32,,,1,70,,56232,32,,,1,33,,56233,32,,,1,67,,56234,32,,,1,30,,56235,32,,,1,70,,56236,32,,,1,31,,56237,32,,,1,70,,56238,32,,,1,30,,56239,32,,,1,70,,56240,32,,,1,30,,56241,32,,,1
66400,'664-Weekday-1-26-02-0001000',1504,,61576,39,,,1,4,,61577,39,,,1
66400,'664-Weekday-1-26-02-1110100',1545,,61578,39,,,1,3,,61579,39,,,1
66400,'664-Weekday-5-26-02-0001000',1504,,61590,39,,,1,4,,61591,39,,,1
66400,'664-Weekday-5-26-02-1110100',1545,,61592,39,,,1,3,,61593,39,,,1
66400,'664-Weekday-9-26-02-0001000',1504,,61598,39,,,1,4,,61599,39,,,1
