92500,'925-Weekday-1-26-02-1111100',834,,100152,32,4,,1,105,,100150,32,4,,1,100,,100147,32,4,,1,100,,100151,32,4,,1,100,,100145,32,4,,1,100,,100149,32,4,,1,100,,100146,32,4,,1,100,,100148,32,4,,1
92500,'925-Weekday-10-26-02-1111100',834,,100160,32,4,,1,105,,100158,32,4,,1,100,,100155,32,4,,1,100,,100159,32,4,,1,100,,100153,32,4,,1,100,,100157,32,4,,1,100,,100154,32,4,,1,100,,100156,32,4,,1
92500,'925-Weekday-2-26-02-1111100',834,,100168,32,4,,1,105,,100166,32,4,,1,100,,100163,32,4,,1,100,,100167,32,4,,1,100,,100161,32,4,,1,100,,100165,32,4,,1,100,,100162,32,4,,1,100,,100164,32,4,,1
92500,'925-Weekday-4-26-02-1111100',834,,100176,32,4,,1,105,,100174,32,4,,1,100,,100171,32,4,,1,100,,100175,32,4,,1,100,,100169,32,4,,1,100,,100173,32,4,,1,100,,100170,32,4,,1,100,,100172,32,4,,1
92500,'925-Weekday-5-26-02-1111100',834,,100184,32,4,,1,105,,100182,32,4,,1,100,,100179,32,4,,1,100,,100183,32,4,,1,100,,100177,32,4,,1,100,,100181,32,4,,1,100,,100178,32,4,,1,100,,100180,32,4,,1
92500,'925-Weekday-6-26-02-1111100',834,,100192,32,4,,1,105,,100190,32,4,,1,100,,100187,32,4,,1,100,,100191,32,4,,1,100,,100185,32,4,,1,100,,100189,32,4,,1,100,,100186,32,4,,1,100,,100188,32,4,,1
92500,'925-Weekday-7-26-02-1111100',834,,100200,32,4,,1,105,,100198,32,4,,1,100,,100195,32,4,,1,100,,100199,32,4,,1,100,,100193,32,4,,1,100,,100197,32,4,,1,100,,100194,32,4,,1,100,,100196,32,4,,1
92500,'925-Weekday-8-26-02-1111100',834,,100208,32,4,,1,105,,100206,32,4,,1,100,,100203,32,4,,1,100,,100207,32,4,,1,100,,100201,32,4,,1,100,,100205,32,4,,1,100,,100202,32,4,,1,100,,100204,32,4,,1
92500,'925-Weekday-9-26-02-1111100',834,,100216,32,4,,1,105,,100214,32,4,,1,100,,100211,32,4,,1,100,,100215,32,4,,1,100,,100209,32,4,,1,100,,100213,32,4,,1,100,,100210,32,4,,1,100,,100212,32,4,,1
92501,'925-Weekday-1-26-02-1111100',834,,100217,1,,,1,100,,100218,1,,,1,100,,100219,1,,,1,100,,100220,1,,,1,100,,100221,1,,,1,100,,100222,1,,,1,100,,100223,1,,,1,100,,100224,1,,,1
92501,'925-Weekday-10-26-02-1111100',834,,100225,1,,,1,100,,100226,1,,,1,100,,100227,1,,,1,100,,100228,1,,,1,100,,100229,1,,,1,100,,100230,1,,,1,100,,100231,1,,,1,100,,100232,1,,,1
92501,'925-Weekday-2-26-02-1111100',834,,100233,1,,,1,100,,100234,1,,,1,100,,100235,1,,,1,100,,100236,1,,,1,100,,100237,1,,,1,100,,100238,1,,,1,100,,100239,1,,,1,100,,100240,1,,,1
92501,'925-Weekday-4-26-02-1111100',834,,100241,1,,,1,100,,100242,1,,,1,100,,100243,1,,,1,100,,100244,1,,,1,100,,100245,1,,,1,100,,100246,1,,,1,100,,100247,1,,,1,100,,100248,1,,,1
92501,'925-Weekday-5-26-02-1111100',834,,100249,1,,,1,100,,100250,1,,,1,100,,100251,1,,,1,100,,100252,1,,,1,100,,100253,1,,,1,100,,100254,1,,,1,100,,100255,1,,,1,100,,100256,1,,,1
92501,'925-Weekday-6-26-02-1111100',834,,100257,1,,,1,100,,100258,1,,,1,100,,100259,1,,,1,100,,100260,1,,,1,100,,100261,1,,,1,100,,100262,1,,,1,100,,100263,1,,,1,100,,100264,1,,,1
92501,'925-Weekday-7-26-02-1111100',834,,100265,1,,,1,100,,100266,1,,,1,100,,100267,1,,,1,100,,100268,1,,,1,100,,100269,1,,,1,100,,100270,1,,,1,100,,100271,1,,,1,100,,100272,1,,,1
92501,'925-Weekday-8-26-02-1111100',834,,100273,1,,,1,100,,100274,1,,,1,100,,100275,1,,,1,100,,100276,1,,,1,100,,100277,1,,,1,100,,100278,1,,,1,100,,100279,1,,,1,100,,100280,1,,,1
92501,'925-Weekday-9-26-02-1111100',834,,100281,1,,,1,100,,100282,1,,,1,100,,100283,1,,,1,100,,100284,1,,,1,100,,100285,1,,,1,100,,100286,1,,,1,100,,100287,1,,,1,100,,100288,1,,,1
