65000,'650-Weekday-1-26-02-1111100',748,,61230,13,,,1,6,,61231,13,,,1
65000,'650-Weekday-2-26-02-1111100',748,,61232,13,,,1,6,,61233,13,,,1
65000,'650-Weekday-4-26-02-1111100',748,,61234,13,,,1,6,,61235,13,,,1
65000,'650-Weekday-5-26-02-1111100',748,,61236,13,,,1,6,,61237,13,,,1
65000,'650-Weekday-9-26-02-1111100',748,,61238,13,,,1,6,,61239,13,,,1
72400,'724-Weekday-1-26-02-1111100',536,,80403,13,,,1,70,,80404,13,,,1,31,,80405,13,,,1,70,,80406,13,,,1,30,,80402,13,,,1,70,,80407,13,,,1,30,,80408,13,,,1,669,,80409,13,,,1,30,,80410,13,,,1,70,,80411,13,,,1,30,,80412,13,,,1,70,,80413,13,,,1,30,,80414,13,,,1
72400,'724-Weekday-10-26-02-1111100',536,,80416,13,,,1,70,,80417,13,,,1,31,,80418,13,,,1,70,,80419,13,,,1,30,,80415,13,,,1,70,,80420,13,,,1,30,,80421,13,,,1,669,,80422,13,,,1,30,,80423,13,,,1,70,,80424,13,,,1,30,,80425,13,,,1,70,,80426,13,,,1,30,,80427,13,,,1
72400,'724-Weekday-2-26-02-1111100',536,,80429,13,,,1,70,,80430,13,,,1,31,,80431,13,,,1,70,,80432,13,,,1,30,,80428,13,,,1,70,,80433,13,,,1,30,,80434,13,,,1,669,,80435,13,,,1,30,,80436,13,,,1,70,,80437,13,,,1,30,,80438,13,,,1,70,,80439,13,,,1,30,,80440,13,,,1
72400,'724-Weekday-4-26-02-1111100',536,,80442,13,,,1,70,,80443,13,,,1,31,,80444,13,,,1,70,,80445,13,,,1,30,,80441,13,,,1,70,,80446,13,,,1,30,,80447,13,,,1,669,,80448,13,,,1,30,,80449,13,,,1,70,,80450,13,,,1,30,,80451,13,,,1,70,,80452,13,,,1,30,,80453,13,,,1
72400,'724-Weekday-5-26-02-1111100',536,,80455,13,,,1,70,,80456,13,,,1,31,,80457,13,,,1,70,,80458,13,,,1,30,,80454,13,,,1,70,,80459,13,,,1,30,,80460,13,,,1,669,,80461,13,,,1,30,,80462,13,,,1,70,,80463,13,,,1,30,,80464,13,,,1,70,,80465,13,,,1,30,,80466,13,,,1
72400,'724-Weekday-6-26-02-1111100',536,,80468,13,,,1,70,,80469,13,,,1,31,,80470,13,,,1,70,,80471,13,,,1,30,,80467,13,,,1,70,,80472,13,,,1,30,,80473,13,,,1,669,,80474,13,,,1,30,,80475,13,,,1,70,,80476,13,,,1,30,,80477,13,,,1,70,,80478,13,,,1,30,,80479,13,,,1
72400,'724-Weekday-7-26-02-1111100',536,,80481,13,,,1,70,,80482,13,,,1,31,,80483,13,,,1,70,,80484,13,,,1,30,,80480,13,,,1,70,,80485,13,,,1,30,,80486,13,,,1,669,,80487,13,,,1,30,,80488,13,,,1,70,,80489,13,,,1,30,,80490,13,,,1,70,,80491,13,,,1,30,,80492,13,,,1
72400,'724-Weekday-8-26-02-1111100',536,,80494,13,,,1,70,,80495,13,,,1,31,,80496,13,,,1,70,,80497,13,,,1,30,,80493,13,,,1,70,,80498,13,,,1,30,,80499,13,,,1,669,,80500,13,,,1,30,,80501,13,,,1,70,,80502,13,,,1,30,,80503,13,,,1,70,,80504,13,,,1,30,,80505,13,,,1
72400,'724-Weekday-9-26-02-1111100',536,,80507,13,,,1,70,,80508,13,,,1,31,,80509,13,,,1,70,,80510,13,,,1,30,,80506,13,,,1,70,,80511,13,,,1,30,,80512,13,,,1,669,,80513,13,,,1,30,,80514,13,,,1,70,,80515,13,,,1,30,,80516,13,,,1,70,,80517,13,,,1,30,,80518,13,,,1
