10400,'104-Weekday-1-26-04-1111100',544,,118643,26,,,1,70,,118644,26,,,1,33,,118645,26,,,1,70,,118646,26,,,1,20,,118647,26,,,1,20,,118686,26,,,1,60,,118648,26,,,1,20,,118649,26,,,1,15,,118650,26,,,1,60,,118651,26,,,1,20,,118652,26,,,1,20,,118653,26,,,1,60,,118654,26,,,1,20,,118655,26,,,1,20,,118656,26,,,1,60,,118657,26,,,1,20,,118658,26,,,1,20,,118659,26,,,1,60,,118660,26,,,1,20,,118661,26,,,1,20,,118662,26,,,1,60,,118663,26,,,1,20,,118664,26,,,1,20,,118665,26,,,1,60,,118666,26,,,1,20,,118667,26,,,1,20,,118668,26,,,1,62,,118685,26,,,1,11,,118689,26,,,1,3,,118688,26,,,1,2,,118669,26,,,1,15,,118670,26,,,1,55,,118671,26,,,1,15,,118687,26,,,1,15,,118672,26,,,1,15,,118673,26,,,1,55,,118674,26,,,1,30,,118675,26,,,1,70,,118676,26,,,1,30,,118677,26,,,1,26,,118678,26,,,1,70,,118679,26,,,1,30,,118680,26,,,1,70,,118681,26,,,1,30,,118682,26,,,1,70,,118683,26,,,1,30,,118684,26,,,1
10400,'104-Saturday-1-26-04-0000010',813,,118782,26,,,1,30,,118783,26,,,1,73,,118784,26,,,1,30,,118785,26,,,1,70,,118786,26,,,1,30,,118787,26,,,1,70,,118788,26,,,1,30,,118789,26,,,1,70,,118790,26,,,1,30,,118791,26,,,1,70,,118792,26,,,1,30,,118793,26,,,1,70,,118794,26,,,1,30,,118795,26,,,1,70,,118796,26,,,1,30,,118797,26,,,1,70,,118798,26,,,1,30,,118799,26,,,1,69,,118800,26,,,1,30,,118801,26,,,1,70,,118802,26,,,1,30,,118803,26,,,1,70,,118804,26,,,1
10400,'104-Sunday-1-26-04-0000001',1026,,118805,26,,,1,30,,118806,26,,,1,70,,118807,26,,,1,30,,118808,26,,,1,70,,118809,26,,,1,30,,118810,26,,,1,70,,118811,26,,,1,30,,118812,26,,,1,70,,118813,26,,,1,30,,118814,26,,,1,70,,118815,26,,,1,30,,118816,26,,,1,70,,118817,26,,,1,30,,118818,26,,,1,70,,118819,26,,,1,30,,118820,26,,,1,70,,118821,26,,,1,30,,118822,26,,,1
10800,'108-Weekday-1-26-04-1110100',1521,,119956,37,,,1
10800,'108-Weekday-1-26-04-1111100',556,,119957,37,,,1,60,,119958,37,,,1,21,,119959,37,,,1,22,,120024,37,,,1,50,,119960,37,,,1,10,,120015,37,,,1,10,,119961,37,,,1,10,,119962,37,,,1,10,,120016,37,,,1,10,,119963,37,,,1,50,,119964,37,,,1,10,,120014,37,,,1,2,,120023,37,,,1,8,,119965,37,,,1,10,,119966,37,,,1,10,,120018,37,,,1,10,,119967,37,,,1,60,,119968,37,,,1,20,,119969,37,,,1,20,,119970,37,,,1,60,,119971,37,,,1,20,,119972,37,,,1,20,,119973,37,,,1,60,,119974,37,,,1,20,,119975,37,,,1,20,,119976,37,,,1,60,,119977,37,,,1,20,,119978,37,,,1,20,,119979,37,,,1,60,,119980,37,,,1,20,,119981,37,,,1,20,,119982,37,,,1,60,,119983,37,,,1,20,,119984,37,,,1,20,,119985,37,,,1,61,,119986,37,,,1,20,,119987,37,,,1,10,,119988,37,,,1,50,,119989,37,,,1,10,,120022,37,,,1,10,,119990,37,,,1,10,,119991,37,,,1,10,,120021,37,,,1,10,,119992,37,,,1,50,,119993,37,,,1,10,,120020,37,,,1,10,,119994,37,,,1,10,,119995,37,,,1,10,,120017,37,,,1,10,,119996,37,,,1,50,,119997,37,,,1,10,,120019,37,,,1,20,,119998,37,,,1,17,,119999,37,,,1,59,,120000,37,,,1,20,,120001,37,,,1,20,,120002,37,,,1,60,,120003,37,,,1,20,,120004,37,,,1,20,,120005,37,,,1,60,,120006,37,,,1,20,,120007,37,,,1,20,,120008,37,,,1,59,,120009,37,,,1,20,,120025,37,,,1,30,,120010,37,,,1,70,,120011,37,,,1,30,,120012,37,,,1,70,,120013,37,,,1
10800,'108-Saturday-1-26-04-0000010',600,,120164,37,,,1,30,,120165,37,,,1,70,,120166,37,,,1,30,,120167,37,,,1,70,,120168,37,,,1,30,,120169,37,,,1,27,,120170,37,,,1,70,,120171,37,,,1,30,,120172,37,,,1,70,,120173,37,,,1,30,,120174,37,,,1,70,,120175,37,,,1,30,,120176,37,,,1,70,,120177,37,,,1,30,,120178,37,,,1,70,,120179,37,,,1,30,,120180,37,,,1,70,,120181,37,,,1,30,,120182,37,,,1,70,,120183,37,,,1,30,,120184,37,,,1,70,,120185,37,,,1,32,,120186,37,,,1,70,,120187,37,,,1,30,,120188,37,,,1,70,,120189,37,,,1,30,,120190,37,,,1,70,,120191,37,,,1,30,,120192,37,,,1,70,,120193,37,,,1,30,,120194,37,,,1,70,,120195,37,,,1,30,,120196,37,,,1,70,,120197,37,,,1,28,,120198,37,,,1,70,,120199,37,,,1,30,,120200,37,,,1
10800,'108-Sunday-1-26-04-0000001',615,,120201,37,,,1,27,,120202,37,,,1,70,,120203,37,,,1,30,,120204,37,,,1,70,,120205,37,,,1,30,,120206,37,,,1,71,,120207,37,,,1,30,,120208,37,,,1,70,,120209,37,,,1,30,,120210,37,,,1,70,,120211,37,,,1,30,,120212,37,,,1,70,,120213,37,,,1,30,,120214,37,,,1,70,,120215,37,,,1,30,,120216,37,,,1,70,,120217,37,,,1,30,,120218,37,,,1,70,,120219,37,,,1,30,,120220,37,,,1,70,,120221,37,,,1,29,,120222,37,,,1,70,,120223,37,,,1,30,,120224,37,,,1,70,,120225,37,,,1,30,,120226,37,,,1,70,,120227,37,,,1,30,,120228,37,,,1,70,,120229,37,,,1,30,,120230,37,,,1,70,,120231,37,,,1,30,,120232,37,,,1,70,,120233,37,,,1,30,,120234,37,,,1,70,,120235,37,,,1,33,,120236,37,,,1,70,,120237,37,,,1
11600,'116-Weekday-1-26-04-0001000',1207,,122229,7,,,1
11600,'116-Weekday-1-26-04-1110100',1516,,122230,7,,,1
11600,'116-Weekday-1-26-04-1111100',548,,122231,27,,,1,70,,122232,27,,,1,31,,122276,27,,,1,55,,122234,27,,,1,15,,122269,27,,,1,15,,122235,27,,,1,15,,122236,27,,,1,10,,122274,27,,,1,45,,122237,27,,,1,9,,122275,27,,,1,6,,122270,27,,,1,15,,122238,27,,,1,15,,122239,27,,,1,58,,122240,27,,,1,29,,122241,27,,,1,70,,122242,27,,,1,30,,122243,27,,,1,70,,122244,27,,,1,30,,122245,27,,,1,70,,122246,27,,,1,30,,122247,27,,,1,70,,122248,27,,,1,30,,122249,27,,,1,70,,122250,27,,,1,30,,122251,27,,,1,70,,122252,27,,,1,21,,122253,27,,,1,20,,122271,27,,,1,60,,122254,27,,,1,20,,122255,27,,,1,20,,122272,27,,,1,60,,122256,27,,,1,20,,122267,27,,,1,20,,122273,27,,,1,60,,122257,27,,,1,29,,122258,27,,,1,69,,122259,27,,,1,30,,122260,27,,,1,70,,122261,27,,,1,30,,122262,27,,,1,70,,122263,27,,,1,30,,122264,27,,,1,70,,122265,27,,,1,30,,122268,27,,,1,100,,122266,27,,,1,100,,122233,27,,,1
11600,'116-Saturday-1-26-04-0000010',618,,122397,27,,,1,100,,122396,27,,,1,100,,122369,27,,,1,30,,122398,27,,,1,71,,122370,27,,,1,30,,122371,27,,,1,70,,122372,27,,,1,30,,122373,27,,,1,70,,122374,27,,,1,30,,122375,27,,,1,70,,122376,27,,,1,30,,122377,27,,,1,70,,122378,27,,,1,30,,122379,27,,,1,70,,122380,27,,,1,30,,122381,27,,,1,70,,122382,27,,,1,30,,122383,27,,,1,70,,122384,27,,,1,30,,122385,27,,,1,69,,122386,27,,,1,30,,122387,27,,,1,71,,122388,27,,,1,30,,122389,27,,,1,70,,122390,27,,,1,85,,122391,27,,,1,100,,122392,27,,,1,100,,122393,27,,,1,100,,122394,27,,,1,100,,122395,27,,,1
11600,'116-Sunday-1-26-04-0000001',703,,122399,27,,,1,100,,122400,27,,,1,100,,122401,27,,,1,101,,122402,27,,,1,30,,122403,27,,,1,70,,122404,27,,,1,30,,122405,27,,,1,70,,122406,27,,,1,30,,122407,27,,,1,70,,122408,27,,,1,30,,122409,27,,,1,70,,122410,27,,,1,30,,122411,27,,,1,70,,122412,27,,,1,30,,122413,27,,,1,70,,122414,27,,,1,30,,122415,27,,,1,70,,122416,27,,,1,29,,122417,27,,,1,69,,122418,27,,,1,29,,122419,27,,,1,70,,122420,27,,,1,30,,122423,27,,,1,70,,122421,27,,,1,30,,122424,27,,,1,70,,122422,27,,,1
12101,'121-Weekday-1-26-04-1111100',541,,123979,23,,,1,70,,124008,23,,,1,20,,124010,24,,,1,10,,123957,23,,,1,10,,124009,24,,,1,50,,123958,23,,,1,10,,124011,24,,,1,10,,123959,23,,,1,10,,124012,24,,,1,10,,123960,23,,,1,4,,124017,24,,,1,6,,124014,24,,,1,50,,123961,23,,,1,6,,124018,24,,,1,4,,124016,24,,,1,10,,123962,23,,,1,10,,124013,24,,,1,10,,123963,23,,,1,10,,124015,24,,,1,60,,123964,23,,,1,31,,123965,23,,,1,60,,123966,23,,,1,20,,123967,23,,,1,20,,123968,23,,,1,60,,123969,23,,,1,20,,123970,23,,,1,20,,123971,23,,,1,60,,123972,23,,,1,20,,123973,23,,,1,20,,123974,23,,,1,60,,123975,23,,,1,20,,123976,23,,,1,20,,123977,23,,,1,60,,123978,23,,,1,21,,123980,27,,,1,20,,123981,27,,,1,60,,123982,27,,,1,21,,123983,27,,,1,21,,123984,27,,,1,60,,123985,27,,,1,20,,123986,27,,,1,20,,123987,27,,,1,60,,123988,27,,,1,20,,123989,27,,,1,20,,123990,27,,,1,60,,123991,27,,,1,20,,123992,27,,,1,19,,123993,27,,,1,59,,124006,27,,,1,18,,123994,27,,,1,20,,123995,27,,,1,60,,123996,27,,,1,20,,123997,27,,,1,20,,123998,27,,,1,60,,123999,27,,,1,20,,124000,27,,,1,20,,124001,27,,,1,60,,124002,27,,,1,20,,124007,27,,,1,18,,124003,27,,,1,100,,124004,27,,,1,100,,124005,27,,,1
12101,'121-Saturday-1-26-04-0000010',641,,124143,23,,,1,100,,124144,23,,,1,100,,124145,23,,,1,60,,124147,23,,,1,22,,124173,23,,,1,21,,124148,23,,,1,60,,124149,23,,,1,20,,124174,23,,,1,20,,124150,23,,,1,60,,124151,23,,,1,20,,124175,23,,,1,20,,124152,23,,,1,60,,124153,23,,,1,20,,124176,23,,,1,20,,124155,23,,,1,60,,124156,23,,,1,20,,124177,23,,,1,20,,124157,23,,,1,60,,124154,23,,,1,20,,124178,23,,,1,20,,124158,27,,,1,60,,124159,27,,,1,20,,124179,27,,,1,20,,124160,27,,,1,60,,124161,27,,,1,20,,124180,27,,,1,20,,124162,27,,,1,60,,124163,27,,,1,19,,124181,27,,,1,20,,124164,27,,,1,60,,124165,27,,,1,20,,124182,27,,,1,20,,124166,27,,,1,60,,124167,27,,,1,20,,124183,27,,,1,20,,124168,27,,,1,100,,124169,27,,,1,100,,124170,27,,,1,100,,124171,27,,,1,100,,124146,27,,,1,100,,124172,27,,,1
12101,'121-Sunday-1-26-04-0000001',640,,124184,23,,,1,100,,124185,23,,,1,100,,124186,23,,,1,104,,124187,23,,,1,100,,124188,23,,,1,70,,124189,23,,,1,30,,124190,23,,,1,70,,124191,23,,,1,30,,124192,23,,,1,70,,124194,23,,,1,30,,124195,23,,,1,70,,124196,23,,,1,30,,124193,27,,,1,70,,124197,27,,,1,30,,124198,27,,,1,70,,124199,27,,,1,30,,124200,27,,,1,69,,124201,27,,,1,27,,124202,27,,,1,70,,124203,27,,,1,30,,124204,27,,,1,70,,124205,27,,,1,30,,124206,27,,,1,100,,124207,27,,,1,100,,124208,27,,,1,100,,124209,27,,,1,100,,124210,27,,,1
