51801,'518-Weekday-1-26-02-0001000',1304,,54253,43,,,1
51801,'518-Weekday-1-26-02-1111100',548,,54254,43,,,1,70,,54255,43,,,1,24,,54303,43,,,1,61,,54256,43,,,1,12,,54257,43,,,1,12,,54258,43,,,1,12,,54304,43,,,1,12,,54259,43,,,1,52,,54260,43,,,1,12,,54261,43,,,1,12,,54262,43,,,1,12,,54305,43,,,1,12,,54263,43,,,1,52,,54264,43,,,1,11,,54306,43,,,1,35,,54265,43,,,1,70,,54266,43,,,1,30,,54267,43,,,1,70,,54268,43,,,1,30,,54269,43,,,1,70,,54270,43,,,1,30,,54271,43,,,1,70,,54272,43,,,1,30,,54273,43,,,1,70,,54274,43,,,1,30,,54275,43,,,1,74,,54276,43,,,1,15,,54277,43,,,1,12,,54278,43,,,1,52,,54300,43,,,1,12,,54279,43,,,1,5,,54307,43,,,1,7,,54280,43,,,1,12,,54281,43,,,1,12,,54282,43,,,1,52,,54302,43,,,1,12,,54283,43,,,1,12,,54284,43,,,1,12,,54285,43,,,1,12,,54286,43,,,1,52,,54301,43,,,1,12,,54287,43,,,1,12,,54288,43,,,1,11,,54289,43,,,1,15,,54290,43,,,1,67,,54291,43,,,1,30,,54292,43,,,1,70,,54293,43,,,1,30,,54294,43,,,1,70,,54295,43,,,1,30,,54296,43,,,1,67,,54297,43,,,1,98,,54298,43,,,1,100,,54299,43,,,1
51801,'518-Weekday-10-26-02-0001000',1304,,54308,43,,,1
51801,'518-Weekday-10-26-02-1111100',548,,54309,43,,,1,70,,54310,43,,,1,24,,54358,43,,,1,61,,54311,43,,,1,12,,54312,43,,,1,12,,54313,43,,,1,12,,54359,43,,,1,12,,54314,43,,,1,52,,54315,43,,,1,12,,54316,43,,,1,12,,54317,43,,,1,12,,54360,43,,,1,12,,54318,43,,,1,52,,54319,43,,,1,11,,54361,43,,,1,35,,54320,43,,,1,70,,54321,43,,,1,30,,54322,43,,,1,70,,54323,43,,,1,30,,54324,43,,,1,70,,54325,43,,,1,30,,54326,43,,,1,70,,54327,43,,,1,30,,54328,43,,,1,70,,54329,43,,,1,30,,54330,43,,,1,74,,54331,43,,,1,15,,54332,43,,,1,12,,54333,43,,,1,52,,54355,43,,,1,12,,54334,43,,,1,5,,54362,43,,,1,7,,54335,43,,,1,12,,54336,43,,,1,12,,54337,43,,,1,52,,54357,43,,,1,12,,54338,43,,,1,12,,54339,43,,,1,12,,54340,43,,,1,12,,54341,43,,,1,52,,54356,43,,,1,12,,54342,43,,,1,12,,54343,43,,,1,11,,54344,43,,,1,15,,54345,43,,,1,67,,54346,43,,,1,30,,54347,43,,,1,70,,54348,43,,,1,30,,54349,43,,,1,70,,54350,43,,,1,30,,54351,43,,,1,67,,54352,43,,,1,98,,54353,43,,,1,100,,54354,43,,,1
51801,'518-Weekday-2-26-02-0001000',1304,,54363,43,,,1
51801,'518-Weekday-2-26-02-1111100',548,,54364,43,,,1,70,,54365,43,,,1,24,,54413,43,,,1,61,,54366,43,,,1,12,,54367,43,,,1,12,,54368,43,,,1,12,,54414,43,,,1,12,,54369,43,,,1,52,,54370,43,,,1,12,,54371,43,,,1,12,,54372,43,,,1,12,,54415,43,,,1,12,,54373,43,,,1,52,,54374,43,,,1,11,,54416,43,,,1,35,,54375,43,,,1,70,,54376,43,,,1,30,,54377,43,,,1,70,,54378,43,,,1,30,,54379,43,,,1,70,,54380,43,,,1,30,,54381,43,,,1,70,,54382,43,,,1,30,,54383,43,,,1,70,,54384,43,,,1,30,,54385,43,,,1,74,,54386,43,,,1,15,,54387,43,,,1,12,,54388,43,,,1,52,,54410,43,,,1,12,,54389,43,,,1,5,,54417,43,,,1,7,,54390,43,,,1,12,,54391,43,,,1,12,,54392,43,,,1,52,,54412,43,,,1,12,,54393,43,,,1,12,,54394,43,,,1,12,,54395,43,,,1,12,,54396,43,,,1,52,,54411,43,,,1,12,,54397,43,,,1,12,,54398,43,,,1,11,,54399,43,,,1,15,,54400,43,,,1,67,,54401,43,,,1,30,,54402,43,,,1,70,,54403,43,,,1,30,,54404,43,,,1,70,,54405,43,,,1,30,,54406,43,,,1,67,,54407,43,,,1,98,,54408,43,,,1,100,,54409,43,,,1
51801,'518-Weekday-4-26-02-1111100',548,,54418,43,,,1,70,,54419,43,,,1,24,,54467,43,,,1,61,,54420,43,,,1,12,,54421,43,,,1,12,,54422,43,,,1,12,,54468,43,,,1,12,,54423,43,,,1,52,,54424,43,,,1,12,,54425,43,,,1,12,,54426,43,,,1,12,,54469,43,,,1,12,,54427,43,,,1,52,,54428,43,,,1,11,,54470,43,,,1,35,,54429,43,,,1,70,,54430,43,,,1,30,,54431,43,,,1,70,,54432,43,,,1,30,,54433,43,,,1,70,,54434,43,,,1,30,,54435,43,,,1,70,,54436,43,,,1,30,,54437,43,,,1,70,,54438,43,,,1,30,,54439,43,,,1,74,,54440,43,,,1,15,,54441,43,,,1,12,,54442,43,,,1,52,,54464,43,,,1,12,,54443,43,,,1,12,,54444,43,,,1,12,,54445,43,,,1,12,,54446,43,,,1,52,,54466,43,,,1,12,,54447,43,,,1,12,,54448,43,,,1,12,,54449,43,,,1,12,,54450,43,,,1,52,,54465,43,,,1,12,,54451,43,,,1,12,,54452,43,,,1,11,,54453,43,,,1,15,,54454,43,,,1,67,,54455,43,,,1,30,,54456,43,,,1,70,,54457,43,,,1,30,,54458,43,,,1,70,,54459,43,,,1,30,,54460,43,,,1,67,,54461,43,,,1,98,,54462,43,,,1,100,,54463,43,,,1
51801,'518-Weekday-5-26-02-0000100',1304,,54471,43,,,1
51801,'518-Weekday-5-26-02-1111100',548,,54472,43,,,1,70,,54473,43,,,1,24,,54521,43,,,1,61,,54474,43,,,1,12,,54475,43,,,1,12,,54476,43,,,1,12,,54522,43,,,1,12,,54477,43,,,1,52,,54478,43,,,1,12,,54479,43,,,1,12,,54480,43,,,1,12,,54523,43,,,1,12,,54481,43,,,1,52,,54482,43,,,1,11,,54524,43,,,1,35,,54483,43,,,1,70,,54484,43,,,1,30,,54485,43,,,1,70,,54486,43,,,1,30,,54487,43,,,1,70,,54488,43,,,1,30,,54489,43,,,1,70,,54490,43,,,1,30,,54491,43,,,1,70,,54492,43,,,1,30,,54493,43,,,1,74,,54494,43,,,1,15,,54495,43,,,1,12,,54496,43,,,1,52,,54518,43,,,1,12,,54497,43,,,1,5,,54525,43,,,1,7,,54498,43,,,1,12,,54499,43,,,1,12,,54500,43,,,1,52,,54520,43,,,1,12,,54501,43,,,1,12,,54502,43,,,1,12,,54503,43,,,1,12,,54504,43,,,1,52,,54519,43,,,1,12,,54505,43,,,1,12,,54506,43,,,1,11,,54507,43,,,1,15,,54508,43,,,1,67,,54509,43,,,1,30,,54510,43,,,1,70,,54511,43,,,1,30,,54512,43,,,1,70,,54513,43,,,1,30,,54514,43,,,1,67,,54515,43,,,1,98,,54516,43,,,1,100,,54517,43,,,1
51801,'518-Weekday-6-26-02-1111100',548,,54526,43,,,1,70,,54527,43,,,1,24,,54575,43,,,1,61,,54528,43,,,1,12,,54529,43,,,1,12,,54530,43,,,1,12,,54576,43,,,1,12,,54531,43,,,1,52,,54532,43,,,1,12,,54533,43,,,1,12,,54534,43,,,1,12,,54577,43,,,1,12,,54535,43,,,1,52,,54536,43,,,1,11,,54578,43,,,1,35,,54537,43,,,1,70,,54538,43,,,1,30,,54539,43,,,1,70,,54540,43,,,1,30,,54541,43,,,1,70,,54542,43,,,1,30,,54543,43,,,1,70,,54544,43,,,1,30,,54545,43,,,1,70,,54546,43,,,1,30,,54547,43,,,1,74,,54548,43,,,1,15,,54549,43,,,1,12,,54550,43,,,1,52,,54572,43,,,1,12,,54551,43,,,1,5,,54579,43,,,1,7,,54552,43,,,1,12,,54553,43,,,1,12,,54554,43,,,1,52,,54574,43,,,1,12,,54555,43,,,1,12,,54556,43,,,1,12,,54557,43,,,1,12,,54558,43,,,1,52,,54573,43,,,1,12,,54559,43,,,1,12,,54560,43,,,1,11,,54561,43,,,1,15,,54562,43,,,1,67,,54563,43,,,1,30,,54564,43,,,1,70,,54565,43,,,1,30,,54566,43,,,1,70,,54567,43,,,1,30,,54568,43,,,1,67,,54569,43,,,1,98,,54570,43,,,1,100,,54571,43,,,1
51801,'518-Weekday-7-26-02-1111100',548,,54580,43,,,1,70,,54581,43,,,1,24,,54629,43,,,1,61,,54582,43,,,1,12,,54583,43,,,1,12,,54584,43,,,1,12,,54630,43,,,1,12,,54585,43,,,1,52,,54586,43,,,1,12,,54587,43,,,1,12,,54588,43,,,1,12,,54631,43,,,1,12,,54589,43,,,1,52,,54590,43,,,1,11,,54632,43,,,1,35,,54591,43,,,1,70,,54592,43,,,1,30,,54593,43,,,1,70,,54594,43,,,1,30,,54595,43,,,1,70,,54596,43,,,1,30,,54597,43,,,1,70,,54598,43,,,1,30,,54599,43,,,1,70,,54600,43,,,1,30,,54601,43,,,1,74,,54602,43,,,1,15,,54603,43,,,1,12,,54604,43,,,1,52,,54626,43,,,1,12,,54605,43,,,1,12,,54606,43,,,1,12,,54607,43,,,1,12,,54608,43,,,1,52,,54628,43,,,1,12,,54609,43,,,1,12,,54610,43,,,1,12,,54611,43,,,1,12,,54612,43,,,1,52,,54627,43,,,1,12,,54613,43,,,1,12,,54614,43,,,1,11,,54615,43,,,1,15,,54616,43,,,1,67,,54617,43,,,1,30,,54618,43,,,1,70,,54619,43,,,1,30,,54620,43,,,1,70,,54621,43,,,1,30,,54622,43,,,1,67,,54623,43,,,1,98,,54624,43,,,1,100,,54625,43,,,1
51801,'518-Weekday-8-26-02-1111100',548,,54633,43,,,1,70,,54634,43,,,1,24,,54682,43,,,1,61,,54635,43,,,1,12,,54636,43,,,1,12,,54637,43,,,1,12,,54683,43,,,1,12,,54638,43,,,1,52,,54639,43,,,1,12,,54640,43,,,1,12,,54641,43,,,1,12,,54684,43,,,1,12,,54642,43,,,1,52,,54643,43,,,1,11,,54685,43,,,1,35,,54644,43,,,1,70,,54645,43,,,1,30,,54646,43,,,1,70,,54647,43,,,1,30,,54648,43,,,1,70,,54649,43,,,1,30,,54650,43,,,1,70,,54651,43,,,1,30,,54652,43,,,1,70,,54653,43,,,1,30,,54654,43,,,1,74,,54655,43,,,1,15,,54656,43,,,1,12,,54657,43,,,1,52,,54679,43,,,1,12,,54658,43,,,1,5,,54686,43,,,1,7,,54659,43,,,1,12,,54660,43,,,1,12,,54661,43,,,1,52,,54681,43,,,1,12,,54662,43,,,1,12,,54663,43,,,1,12,,54664,43,,,1,12,,54665,43,,,1,52,,54680,43,,,1,12,,54666,43,,,1,12,,54667,43,,,1,11,,54668,43,,,1,15,,54669,43,,,1,67,,54670,43,,,1,30,,54671,43,,,1,70,,54672,43,,,1,30,,54673,43,,,1,70,,54674,43,,,1,30,,54675,43,,,1,67,,54676,43,,,1,98,,54677,43,,,1,100,,54678,43,,,1
51801,'518-Weekday-9-26-02-1111100',548,,54687,43,,,1,70,,54688,43,,,1,24,,54736,43,,,1,61,,54689,43,,,1,12,,54690,43,,,1,12,,54691,43,,,1,12,,54737,43,,,1,12,,54692,43,,,1,52,,54693,43,,,1,12,,54694,43,,,1,12,,54695,43,,,1,12,,54738,43,,,1,12,,54696,43,,,1,52,,54697,43,,,1,11,,54739,43,,,1,35,,54698,43,,,1,70,,54699,43,,,1,30,,54700,43,,,1,70,,54701,43,,,1,30,,54702,43,,,1,70,,54703,43,,,1,30,,54704,43,,,1,70,,54705,43,,,1,30,,54706,43,,,1,70,,54707,43,,,1,30,,54708,43,,,1,74,,54709,43,,,1,15,,54710,43,,,1,12,,54711,43,,,1,52,,54733,43,,,1,12,,54712,43,,,1,5,,54740,43,,,1,7,,54713,43,,,1,12,,54714,43,,,1,12,,54715,43,,,1,52,,54735,43,,,1,12,,54716,43,,,1,12,,54717,43,,,1,12,,54718,43,,,1,12,,54719,43,,,1,52,,54734,43,,,1,12,,54720,43,,,1,12,,54721,43,,,1,11,,54722,43,,,1,15,,54723,43,,,1,67,,54724,43,,,1,30,,54725,43,,,1,70,,54726,43,,,1,30,,54727,43,,,1,70,,54728,43,,,1,30,,54729,43,,,1,67,,54730,43,,,1,98,,54731,43,,,1,100,,54732,43,,,1
51801,'518-Saturday-1-26-02-0000010',647,,54741,43,,,1,97,,54742,43,,,1,88,,54743,43,,,1,70,,54744,43,,,1,34,,54745,43,,,1,70,,54746,43,,,1,30,,54747,43,,,1,70,,54748,43,,,1,30,,54749,43,,,1,70,,54750,43,,,1,30,,54751,43,,,1,70,,54752,43,,,1,30,,54753,43,,,1,70,,54754,43,,,1,30,,54755,43,,,1,70,,54756,43,,,1,30,,54757,43,,,1,70,,54758,43,,,1,27,,54759,43,,,1,70,,54760,43,,,1,30,,54761,43,,,1,73,,54762,43,,,1,30,,54763,43,,,1,70,,54764,43,,,1,30,,54765,43,,,1,70,,54770,43,,,1,30,,54766,43,,,1,70,,54771,43,,,1,30,,54767,43,,,1,70,,54772,43,,,1,30,,54768,43,,,1,100,,54769,43,,,1,100,,54773,43,,,1
51801,'518-Sunday-1-26-02-0000001',640,,54795,43,,,1,100,,54796,43,,,1,100,,54797,43,,,1,104,,54798,43,,,1,85,,54774,43,,,1,30,,54775,43,,,1,70,,54776,43,,,1,30,,54777,43,,,1,70,,54778,43,,,1,30,,54779,43,,,1,70,,54780,43,,,1,30,,54781,43,,,1,70,,54782,43,,,1,30,,54783,43,,,1,70,,54784,43,,,1,30,,54785,43,,,1,70,,54786,43,,,1,30,,54787,43,,,1,71,,54788,43,,,1,70,,54789,43,,,1,30,,54790,43,,,1,77,,54791,43,,,1,46,,54792,43,,,1,99,,54793,43,,,1,100,,54794,43,,,1,100,,54799,43,,,1,100,,54800,43,,,1
