5100,'051-Weekday-1-26-06-1111100',552,,166677,33,,,1,70,,166650,33,,,1,37,,166651,32,,,1,66,,166680,33,,,1,30,,166665,33,,,1,70,,166652,32,,,1,30,,166674,33,,,1,69,,166673,32,,,1,30,,166672,32,,,1,70,,166671,32,,,1,30,,166670,32,,,1,70,,166681,32,,,1,30,,166669,32,,,1,70,,166682,32,,,1,30,,166683,32,,,1,70,,166684,32,,,1,30,,166685,32,,,1,70,,166686,32,,,1,30,,166666,32,,,1,67,,166653,33,,,1,22,,166679,33,,,1,60,,166654,32,,,1,20,,166667,33,,,1,20,,166655,32,,,1,60,,166668,32,,,1,20,,166675,33,,,1,20,,166678,32,,,1,60,,166656,32,,,1,28,,166657,32,,,1,21,,166658,32,,,1,69,,166659,32,,,1,30,,166676,32,,,1,70,,166660,32,,,1,30,,166661,32,,,1,70,,166662,32,,,1,30,,166663,32,,,1,68,,166687,32,,,1,100,,166664,32,,,1
5100,'051-Saturday-1-26-06-0000010',703,,166711,32,,,1,99,,166688,32,,,1,100,,166689,33,,,1,33,,166690,32,,,1,72,,166691,32,,,1,30,,166692,32,,,1,70,,166693,32,,,1,30,,166695,33,,,1,70,,166696,33,,,1,30,,166697,32,,,1,70,,166694,32,,,1,30,,166698,32,,,1,70,,166699,32,,,1,30,,166700,32,,,1,70,,166702,32,,,1,30,,166703,32,,,1,70,,166704,32,,,1,30,,166701,32,,,1,70,,166705,32,,,1,29,,166706,32,,,1,70,,166707,32,,,1,30,,166708,32,,,1,70,,166709,32,,,1,30,,166710,32,,,1,100,,166712,33,,,1,100,,166713,32,,,1,100,,166714,32,,,1
5100,'051-Sunday-1-26-06-0000001',743,,166734,32,,,1,100,,166735,32,,,1,103,,166736,32,,,1,66,,166739,32,,,1,26,,166715,32,,,1,70,,166716,32,,,1,30,,166717,32,,,1,70,,166718,32,,,1,30,,166719,33,,,1,70,,166721,32,,,1,30,,166722,33,,,1,70,,166724,32,,,1,30,,166720,32,,,1,70,,166725,32,,,1,30,,166726,32,,,1,70,,166723,32,,,1,30,,166727,32,,,1,69,,166728,32,,,1,29,,166729,32,,,1,68,,166730,32,,,1,30,,166731,32,,,1,70,,166732,32,,,1,30,,166733,32,,,1,100,,166737,33,,,1,100,,166738,32,,,1,100,,166740,32,,,1
10300,'103-Weekday-1-26-06-1111100',907,,170101,29,,,1,29,,170102,29,,,1,70,,170103,29,,,1,30,,170104,29,,,1,70,,170105,29,,,1,30,,170106,29,,,1,70,,170107,29,,,1,30,,170108,29,,,1,70,,170109,29,,,1,30,,170110,29,,,1,70,,170111,29,,,1,30,,170112,29,,,1,72,,170113,29,,,1,21,,170130,29,0,15 16,1,15,,170125,29,,,1,15,,170118,29,0,15 16,1,55,,170121,29,,,1,15,,170117,29,0,15 16,1,15,,170122,29,,,1,15,,170116,29,0,15 16,1,55,,170123,29,,,1,15,,170115,29,0,15 16,1,15,,170124,29,,,1,15,,170114,29,0,15 16,1,55,,170139,29,,,1,27,,170120,29,,,1,66,,170119,29,,,1,30,,170140,29,,,1,70,,170141,29,,,1,30,,170142,29,,,1,70,,170143,29,,,1,30,,170144,29,,,1,69,,170138,29,,,1,28,,170126,29,,,1,70,,170127,29,,,1,30,,170128,29,,,1,70,,170129,29,,,1
10300,'103-Saturday-1-26-06-0000010',637,,170145,29,,,1,70,,170146,29,,,1,30,,170147,29,,,1,70,,170148,29,,,1,30,,170149,29,,,1,71,,170150,29,,,1,34,,170151,29,,,1,73,,170152,29,,,1,30,,170153,29,,,1,70,,170154,29,,,1,30,,170155,29,,,1,70,,170156,29,,,1,30,,170157,29,,,1,70,,170158,29,,,1,30,,170159,29,,,1,70,,170160,29,,,1,30,,170161,29,,,1,70,,170162,29,,,1,30,,170163,29,,,1,70,,170164,29,,,1,30,,170165,29,,,1,69,,170166,29,,,1,28,,170167,29,,,1,69,,170168,29,,,1,30,,170169,29,,,1,70,,170170,29,,,1,30,,170171,29,,,1,70,,170172,29,,,1,30,,170173,29,,,1,70,,170174,29,,,1,30,,170175,29,,,1,70,,170176,29,,,1,30,,170177,29,,,1,70,,170178,29,,,1,30,,170179,29,,,1,70,,170180,29,,,1,30,,170181,29,,,1
10300,'103-Sunday-1-26-06-0000001',632,,170182,29,,,1,70,,170183,29,,,1,30,,170184,29,,,1,70,,170185,29,,,1,30,,170186,29,,,1,71,,170187,29,,,1,32,,170188,29,,,1,74,,170189,29,,,1,30,,170190,29,,,1,70,,170191,29,,,1,30,,170192,29,,,1,70,,170193,29,,,1,30,,170194,29,,,1,70,,170195,29,,,1,30,,170196,29,,,1,70,,170197,29,,,1,30,,170198,29,,,1,70,,170199,29,,,1,30,,170200,29,,,1,70,,170201,29,,,1,30,,170202,29,,,1,70,,170203,29,,,1,26,,170204,29,,,1,67,,170205,29,,,1,30,,170206,29,,,1,70,,170207,29,,,1,30,,170208,29,,,1,70,,170209,29,,,1,30,,170210,29,,,1,70,,170211,29,,,1,30,,170212,29,,,1,70,,170213,29,,,1,30,,170214,29,,,1,70,,170215,29,,,1,30,,170216,29,,,1,70,,170217,29,,,1,30,,170218,29,,,1
12400,'124-Weekday-1-26-06-1111100',548,,173768,21,,,1,70,,173771,21,,,1,32,,173740,21,,,1,60,,173741,21,,,1,20,,173742,21,,,1,20,,173743,21,,,1,60,,173744,21,,,1,20,,173745,21,,,1,20,,173763,21,,,1,70,,173764,21,,,1,30,,173765,21,,,1,70,,173746,21,,,1,30,,173747,21,,,1,70,,173748,21,,,1,30,,173749,21,,,1,70,,173750,21,,,1,30,,173751,21,,,1,70,,173752,21,,,1,30,,173767,21,,,1,70,,173769,21,,,1,30,,173770,21,,,1,62,,173774,21,,,1,21,,173753,21,,,1,20,,173754,21,,,1,60,,173755,21,,,1,20,,173756,21,,,1,20,,173757,21,,,1,60,,173758,21,,,1,20,,173759,21,,,1,20,,173766,21,,,1,70,,173762,21,,,1,27,,173772,21,,,1,70,,173773,21,,,1,30,,173737,21,,,1,70,,173738,21,,,1,30,,173739,21,,,1,70,,173760,21,,,1,30,,173761,21,,,1
12400,'124-Saturday-1-26-06-0000010',759,,173775,21,,,1,70,,173776,21,,,1,30,,173777,21,,,1,70,,173778,21,,,1,30,,173779,21,,,1,70,,173780,21,,,1,30,,173781,21,,,1,70,,173782,21,,,1,30,,173783,21,,,1,70,,173784,21,,,1,30,,173785,21,,,1,70,,173786,21,,,1,30,,173787,21,,,1,70,,173788,21,,,1,30,,173789,21,,,1,70,,173790,21,,,1,30,,173791,21,,,1,70,,173792,21,,,1,30,,173793,21,,,1,70,,173794,21,,,1,30,,173795,21,,,1,70,,173796,21,,,1,30,,173797,21,,,1
12400,'124-Sunday-1-26-06-0000001',1017,,173798,21,,,1,27,,173799,21,,,1,70,,173800,21,,,1,30,,173801,21,,,1,70,,173802,21,,,1,30,,173803,21,,,1,70,,173804,21,,,1,30,,173805,21,,,1,70,,173806,21,,,1,30,,173807,21,,,1,70,,173808,21,,,1,30,,173809,21,,,1,70,,173810,21,,,1,31,,173811,21,,,1,70,,173812,21,,,1,30,,173813,21,,,1,70,,173814,21,,,1,33,,173815,21,,,1,70,,173816,21,,,1
24014000,'140X-Weekday-1-26-06-1111100',1520,,187116,14,,,1,20,,187117,14,,,1,60,,187118,14,,,1,20,,187119,14,,,1,20,,187120,14,,,1,60,,187121,14,,,1,20,,187122,14,,,1,18,,187123,14,,,1
