10901,'109-Weekday-1-26-04-1111100',537,,120704,29,0,18 14,1,70,,120705,29,0,18 14,1,33,,120706,29,0,18 14,1,64,,120707,29,0,18 14,1,15,,120708,29,0,18 14,1,15,,120743,29,0,18 14,1,15,,120709,29,0,18 14,1,55,,120710,29,0,18 14,1,15,,120711,29,0,18 14,1,15,,120744,29,0,18 14,1,15,,120712,29,0,18 14,1,62,,120713,29,0,18 14,1,29,,120714,29,0,18 14,1,70,,120715,29,0,18 14,1,30,,120716,29,0,18 14,1,70,,120717,29,0,18 14,1,30,,120718,29,0,18 14,1,70,,120719,29,0,18 14,1,30,,120720,29,0,18 14,1,70,,120721,29,0,18 14,1,30,,120722,29,0,18 14,1,70,,120723,29,0,18 14,1,30,,120724,29,0,18 14,1,72,,120725,29,0,18 14,1,25,,120726,29,0,18 14,1,15,,120727,29,0,18 14,1,55,,120745,29,0,18 14,1,15,,120728,29,0,18 14,1,15,,120729,29,0,18 14,1,15,,120730,29,0,18 14,1,55,,120731,29,0,18 14,1,15,,120746,29,0,18 14,1,22,,120732,29,0,18 14,1,70,,120733,29,0,18 14,1,27,,120734,29,0,18 14,1,68,,120735,29,0,18 14,1,30,,120736,29,0,18 14,1,70,,120737,29,0,18 14,1,30,,120738,29,0,18 14,1,70,,120739,29,0,18 14,1,30,,120740,29,0,18 14,1,69,,120747,29,0,18 14,1,99,,120741,29,0,18 14,1,100,,120742,29,0,18 14,1
10901,'109-Weekday-3-26-04-1111100',537,,120792,29,0,18 14,1,70,,120793,29,0,18 14,1,33,,120794,29,0,18 14,1,64,,120795,29,0,18 14,1,15,,120796,29,0,18 14,1,15,,120831,29,0,18 14,1,15,,120797,29,0,18 14,1,55,,120798,29,0,18 14,1,15,,120799,29,0,18 14,1,15,,120832,29,0,18 14,1,15,,120800,29,0,18 14,1,62,,120801,29,0,18 14,1,29,,120802,29,0,18 14,1,70,,120803,29,0,18 14,1,30,,120804,29,0,18 14,1,70,,120805,29,0,18 14,1,30,,120806,29,0,18 14,1,70,,120807,29,0,18 14,1,30,,120808,29,0,18 14,1,70,,120809,29,0,18 14,1,30,,120810,29,0,18 14,1,70,,120811,29,0,18 14,1,30,,120812,29,0,18 14,1,72,,120813,29,0,18 14,1,25,,120814,29,0,18 14,1,15,,120815,29,0,18 14,1,55,,120833,29,0,18 14,1,15,,120816,29,0,18 14,1,15,,120817,29,0,18 14,1,15,,120818,29,0,18 14,1,55,,120819,29,0,18 14,1,15,,120834,29,0,18 14,1,22,,120820,29,0,18 14,1,70,,120821,29,0,18 14,1,27,,120822,29,0,18 14,1,68,,120823,29,0,18 14,1,30,,120824,29,0,18 14,1,70,,120825,29,0,18 14,1,30,,120826,29,0,18 14,1,70,,120827,29,0,18 14,1,30,,120828,29,0,18 14,1,69,,120835,29,0,18 14,1,99,,120829,29,0,18 14,1,100,,120830,29,0,18 14,1
10901,'109-Saturday-1-26-04-0000010',830,,120836,29,0,18 14,1,70,,120837,29,0,18 14,1,30,,120838,29,0,18 14,1,70,,120839,29,0,18 14,1,30,,120840,29,0,18 14,1,70,,120841,29,0,18 14,1,30,,120842,29,0,18 14,1,70,,120843,29,0,18 14,1,30,,120844,29,0,18 14,1,70,,120845,29,0,18 14,1,30,,120846,29,0,18 14,1,70,,120847,29,0,18 14,1,30,,120848,29,0,18 14,1,70,,120849,29,0,18 14,1,30,,120850,29,0,18 14,1,70,,120851,29,0,18 14,1,30,,120852,29,0,18 14,1,70,,120853,29,0,18 14,1,30,,120854,29,0,18 14,1,70,,120855,29,0,18 14,1,30,,120856,29,0,18 14,1,70,,120857,29,0,18 14,1,30,,120858,29,0,18 14,1,70,,120859,29,0,18 14,1,30,,120860,29,0,18 14,1,70,,120861,29,0,18 14,1,30,,120862,29,0,18 14,1,70,,120863,29,0,18 14,1
10901,'109-Sunday-1-26-04-0000001',1040,,120864,29,0,18 14,1,70,,120865,29,0,18 14,1,30,,120866,29,0,18 14,1,70,,120867,29,0,18 14,1,30,,120868,29,0,18 14,1,70,,120869,29,0,18 14,1,30,,120870,29,0,18 14,1,70,,120871,29,0,18 14,1,30,,120872,29,0,18 14,1,70,,120873,29,0,18 14,1,30,,120874,29,0,18 14,1,70,,120875,29,0,18 14,1,30,,120876,29,0,18 14,1,70,,120877,29,0,18 14,1,30,,120878,29,0,18 14,1,70,,120879,29,0,18 14,1,30,,120880,29,0,18 14,1,70,,120881,29,0,18 14,1
61801,'618-Weekday-1-26-04-1111100',809,,131685,24,,,1
61801,'618-Weekday-3-26-04-1111100',809,,131686,24,,,1
62501,'625-Weekday-1-26-04-1111100',719,,131723,7,,,1,7,,131724,7,,,1
62501,'625-Weekday-3-26-04-1111100',719,,131725,7,,,1,7,,131726,7,,,1
68301,'683-Weekday-1-26-04-1111100',746,,132188,18,,,1,5,,132189,18,,,1,5,,132190,18,,,1
68301,'683-Weekday-3-26-04-1111100',746,,132194,18,,,1,5,,132195,18,,,1
24014001,'140X-Weekday-1-26-04-1111100',603,,148794,8,,,1,20,,148799,8,,,1,20,,148793,8,,,1,60,,148795,8,,,1,20,,148796,8,,,1,20,,148797,8,,,1,60,,148798,8,,,1,20,,148800,8,,,1
24014001,'140X-Weekday-3-26-04-1111100',603,,148810,8,,,1,20,,148815,8,,,1,20,,148809,8,,,1,60,,148811,8,,,1,20,,148812,8,,,1,20,,148813,8,,,1,60,,148814,8,,,1,20,,148816,8,,,1
