50701,'507-Weekday-1-26-02-1111100',517,,46950,2,,,1,30,,46951,2,,,1,70,,46952,2,,,1,19,,46986,2,,,1,15,,46953,2,,,1,62,,46982,2,,,1,15,,46955,2,,,1,15,,46983,2,,,1,15,,46957,2,,,1,55,,46984,2,,,1,15,,46958,2,,,1,26,,46954,2,,,1,65,,46956,2,,,1,24,,46960,2,,,1,70,,46961,2,,,1,30,,46962,2,,,1,70,,46963,2,,,1,30,,46964,2,,,1,70,,46965,2,,,1,30,,46945,2,,,1,70,,46946,2,,,1,30,,46947,2,,,1,70,,46948,2,,,1,30,,46949,2,,,1,71,,46959,2,,,1,35,,46966,2,,,1,70,,46967,2,,,1,30,,46968,2,,,1,70,,46969,2,,,1,30,,46970,2,,,1,70,,46971,2,,,1,29,,46972,2,,,1,65,,46973,2,,,1,31,,46974,2,,,1,70,,46975,2,,,1,30,,46976,2,,,1,70,,46977,2,,,1,30,,46978,2,,,1,68,,46979,2,,,1,27,,46985,2,,,1,90,,46980,2,,,1,100,,46981,2,,,1
50701,'507-Weekday-10-26-02-1111100',517,,46992,2,,,1,30,,46993,2,,,1,70,,46994,2,,,1,19,,47028,2,,,1,15,,46995,2,,,1,62,,47024,2,,,1,15,,46997,2,,,1,15,,47025,2,,,1,15,,46999,2,,,1,55,,47026,2,,,1,15,,47000,2,,,1,26,,46996,2,,,1,65,,46998,2,,,1,24,,47002,2,,,1,70,,47003,2,,,1,30,,47004,2,,,1,70,,47005,2,,,1,30,,47006,2,,,1,70,,47007,2,,,1,30,,46987,2,,,1,70,,46988,2,,,1,30,,46989,2,,,1,70,,46990,2,,,1,30,,46991,2,,,1,71,,47001,2,,,1,35,,47008,2,,,1,70,,47009,2,,,1,30,,47010,2,,,1,70,,47011,2,,,1,30,,47012,2,,,1,70,,47013,2,,,1,29,,47014,2,,,1,65,,47015,2,,,1,31,,47016,2,,,1,70,,47017,2,,,1,30,,47018,2,,,1,70,,47019,2,,,1,30,,47020,2,,,1,68,,47021,2,,,1,27,,47027,2,,,1,90,,47022,2,,,1,100,,47023,2,,,1
50701,'507-Weekday-4-26-02-1111100',517,,47076,2,,,1,30,,47077,2,,,1,70,,47078,2,,,1,19,,47112,2,,,1,15,,47079,2,,,1,62,,47108,2,,,1,15,,47081,2,,,1,15,,47109,2,,,1,15,,47083,2,,,1,55,,47110,2,,,1,15,,47084,2,,,1,26,,47080,2,,,1,65,,47082,2,,,1,24,,47086,2,,,1,70,,47087,2,,,1,30,,47088,2,,,1,70,,47089,2,,,1,30,,47090,2,,,1,70,,47091,2,,,1,30,,47071,2,,,1,70,,47072,2,,,1,30,,47073,2,,,1,70,,47074,2,,,1,30,,47075,2,,,1,71,,47085,2,,,1,35,,47092,2,,,1,70,,47093,2,,,1,30,,47094,2,,,1,70,,47095,2,,,1,30,,47096,2,,,1,70,,47097,2,,,1,29,,47098,2,,,1,65,,47099,2,,,1,31,,47100,2,,,1,70,,47101,2,,,1,30,,47102,2,,,1,70,,47103,2,,,1,30,,47104,2,,,1,68,,47105,2,,,1,27,,47111,2,,,1,90,,47106,2,,,1,100,,47107,2,,,1
50701,'507-Weekday-5-26-02-1111100',517,,47118,2,,,1,30,,47119,2,,,1,70,,47120,2,,,1,19,,47154,2,,,1,15,,47121,2,,,1,62,,47150,2,,,1,15,,47123,2,,,1,15,,47151,2,,,1,15,,47125,2,,,1,55,,47152,2,,,1,15,,47126,2,,,1,26,,47122,2,,,1,65,,47124,2,,,1,24,,47128,2,,,1,70,,47129,2,,,1,30,,47130,2,,,1,70,,47131,2,,,1,30,,47132,2,,,1,70,,47133,2,,,1,30,,47113,2,,,1,70,,47114,2,,,1,30,,47115,2,,,1,70,,47116,2,,,1,30,,47117,2,,,1,71,,47127,2,,,1,35,,47134,2,,,1,70,,47135,2,,,1,30,,47136,2,,,1,70,,47137,2,,,1,30,,47138,2,,,1,70,,47139,2,,,1,29,,47140,2,,,1,65,,47141,2,,,1,31,,47142,2,,,1,70,,47143,2,,,1,30,,47144,2,,,1,70,,47145,2,,,1,30,,47146,2,,,1,68,,47147,2,,,1,27,,47153,2,,,1,90,,47148,2,,,1,100,,47149,2,,,1
50701,'507-Weekday-6-26-02-1111100',517,,47160,2,,,1,30,,47161,2,,,1,70,,47162,2,,,1,19,,47196,2,,,1,15,,47163,2,,,1,62,,47192,2,,,1,15,,47165,2,,,1,15,,47193,2,,,1,15,,47167,2,,,1,55,,47194,2,,,1,15,,47168,2,,,1,26,,47164,2,,,1,65,,47166,2,,,1,24,,47170,2,,,1,70,,47171,2,,,1,30,,47172,2,,,1,70,,47173,2,,,1,30,,47174,2,,,1,70,,47175,2,,,1,30,,47155,2,,,1,70,,47156,2,,,1,30,,47157,2,,,1,70,,47158,2,,,1,30,,47159,2,,,1,71,,47169,2,,,1,35,,47176,2,,,1,70,,47177,2,,,1,30,,47178,2,,,1,70,,47179,2,,,1,30,,47180,2,,,1,70,,47181,2,,,1,29,,47182,2,,,1,65,,47183,2,,,1,31,,47184,2,,,1,70,,47185,2,,,1,30,,47186,2,,,1,70,,47187,2,,,1,30,,47188,2,,,1,68,,47189,2,,,1,27,,47195,2,,,1,90,,47190,2,,,1,100,,47191,2,,,1
50701,'507-Weekday-7-26-02-1111100',517,,47202,2,,,1,30,,47203,2,,,1,70,,47204,2,,,1,19,,47238,2,,,1,15,,47205,2,,,1,62,,47234,2,,,1,15,,47207,2,,,1,15,,47235,2,,,1,15,,47209,2,,,1,55,,47236,2,,,1,15,,47210,2,,,1,26,,47206,2,,,1,65,,47208,2,,,1,24,,47212,2,,,1,70,,47213,2,,,1,30,,47214,2,,,1,70,,47215,2,,,1,30,,47216,2,,,1,70,,47217,2,,,1,30,,47197,2,,,1,70,,47198,2,,,1,30,,47199,2,,,1,70,,47200,2,,,1,30,,47201,2,,,1,71,,47211,2,,,1,35,,47218,2,,,1,70,,47219,2,,,1,30,,47220,2,,,1,70,,47221,2,,,1,30,,47222,2,,,1,70,,47223,2,,,1,29,,47224,2,,,1,65,,47225,2,,,1,31,,47226,2,,,1,70,,47227,2,,,1,30,,47228,2,,,1,70,,47229,2,,,1,30,,47230,2,,,1,68,,47231,2,,,1,27,,47237,2,,,1,90,,47232,2,,,1,100,,47233,2,,,1
50701,'507-Saturday-1-26-02-0000010',524,,47324,2,,,1,100,,47326,2,,,1,100,,47327,2,,,1,30,,47325,2,,,1,70,,47328,2,,,1,30,,47329,2,,,1,72,,47330,2,,,1,32,,47331,2,,,1,70,,47332,2,,,1,30,,47333,2,,,1,70,,47334,2,,,1,30,,47335,2,,,1,70,,47336,2,,,1,30,,47337,2,,,1,70,,47338,2,,,1,30,,47339,2,,,1,70,,47340,2,,,1,30,,47341,2,,,1,70,,47342,2,,,1,30,,47343,2,,,1,70,,47344,2,,,1,30,,47345,2,,,1,68,,47346,2,,,1,29,,47347,2,,,1,70,,47348,2,,,1,30,,47349,2,,,1,100,,47350,2,,,1,100,,47351,2,,,1,100,,47352,2,,,1,100,,47353,2,,,1,101,,47323,2,0,47,1
50701,'507-Sunday-1-26-02-0000001',552,,47379,2,,,1,100,,47354,2,,,1,100,,47355,2,,,1,100,,47356,2,,,1,105,,47357,2,,,1,70,,47380,2,,,1,30,,47358,2,,,1,70,,47359,2,,,1,30,,47360,2,,,1,70,,47361,2,,,1,30,,47362,2,,,1,70,,47363,2,,,1,30,,47364,2,,,1,70,,47365,2,,,1,30,,47366,2,,,1,70,,47367,2,,,1,30,,47368,2,,,1,70,,47369,2,,,1,30,,47370,2,,,1,68,,47371,2,,,1,29,,47372,2,,,1,70,,47373,2,,,1,30,,47374,2,,,1,91,,47375,2,,,1,100,,47376,2,,,1,100,,47377,2,,,1,100,,47378,2,,,1,101,,47381,2,0,47,1
63400,'634-Weekday-1-26-02-0000100',915,,61022,2,,,1,2,,61023,2,,,1
63400,'634-Weekday-1-26-02-1111000',735,,61024,2,,,1,2,,61025,2,,,1,3,,61026,2,,,1
63400,'634-Weekday-5-26-02-0000100',915,,61035,2,,,1,2,,61036,2,,,1
63400,'634-Weekday-5-26-02-1111000',735,,61037,2,,,1,2,,61038,2,,,1,3,,61039,2,,,1
63400,'634-Weekday-9-26-02-1111000',735,,61040,2,,,1,2,,61041,2,,,1,3,,61042,2,,,1
