10901,'109-Weekday-1-26-04-1111100',542,,120704,38,0,18 14,1,70,,120705,38,0,18 14,1,33,,120706,38,0,18 14,1,64,,120707,38,0,18 14,1,15,,120708,38,0,18 14,1,15,,120743,38,0,18 14,1,15,,120709,38,0,18 14,1,55,,120710,38,0,18 14,1,15,,120711,38,0,18 14,1,15,,120744,38,0,18 14,1,15,,120712,38,0,18 14,1,62,,120713,38,0,18 14,1,29,,120714,38,0,18 14,1,70,,120715,38,0,18 14,1,30,,120716,38,0,18 14,1,70,,120717,38,0,18 14,1,30,,120718,38,0,18 14,1,70,,120719,38,0,18 14,1,30,,120720,38,0,18 14,1,70,,120721,38,0,18 14,1,30,,120722,38,0,18 14,1,70,,120723,38,0,18 14,1,30,,120724,38,0,18 14,1,72,,120725,38,0,18 14,1,25,,120726,38,0,18 14,1,15,,120727,38,0,18 14,1,55,,120745,38,0,18 14,1,15,,120728,38,0,18 14,1,15,,120729,38,0,18 14,1,15,,120730,38,0,18 14,1,55,,120731,38,0,18 14,1,15,,120746,38,0,18 14,1,22,,120732,38,0,18 14,1,70,,120733,38,0,18 14,1,27,,120734,38,0,18 14,1,68,,120735,38,0,18 14,1,30,,120736,38,0,18 14,1,70,,120737,38,0,18 14,1,30,,120738,38,0,18 14,1,70,,120739,38,0,18 14,1,30,,120740,38,0,18 14,1,68,,120747,38,0,18 14,1,99,,120741,38,0,18 14,1,100,,120742,38,0,18 14,1
10901,'109-Weekday-2-26-04-1111100',542,,120748,38,0,18 14,1,70,,120749,38,0,18 14,1,33,,120750,38,0,18 14,1,64,,120751,38,0,18 14,1,15,,120752,38,0,18 14,1,15,,120787,38,0,18 14,1,15,,120753,38,0,18 14,1,55,,120754,38,0,18 14,1,15,,120755,38,0,18 14,1,15,,120788,38,0,18 14,1,15,,120756,38,0,18 14,1,62,,120757,38,0,18 14,1,29,,120758,38,0,18 14,1,70,,120759,38,0,18 14,1,30,,120760,38,0,18 14,1,70,,120761,38,0,18 14,1,30,,120762,38,0,18 14,1,70,,120763,38,0,18 14,1,30,,120764,38,0,18 14,1,70,,120765,38,0,18 14,1,30,,120766,38,0,18 14,1,70,,120767,38,0,18 14,1,30,,120768,38,0,18 14,1,72,,120769,38,0,18 14,1,25,,120770,38,0,18 14,1,15,,120771,38,0,18 14,1,55,,120789,38,0,18 14,1,15,,120772,38,0,18 14,1,15,,120773,38,0,18 14,1,15,,120774,38,0,18 14,1,55,,120775,38,0,18 14,1,15,,120790,38,0,18 14,1,22,,120776,38,0,18 14,1,70,,120777,38,0,18 14,1,27,,120778,38,0,18 14,1,68,,120779,38,0,18 14,1,30,,120780,38,0,18 14,1,70,,120781,38,0,18 14,1,30,,120782,38,0,18 14,1,70,,120783,38,0,18 14,1,30,,120784,38,0,18 14,1,68,,120791,38,0,18 14,1,99,,120785,38,0,18 14,1,100,,120786,38,0,18 14,1
10901,'109-Weekday-3-26-04-1111100',542,,120792,38,0,18 14,1,70,,120793,38,0,18 14,1,33,,120794,38,0,18 14,1,64,,120795,38,0,18 14,1,15,,120796,38,0,18 14,1,15,,120831,38,0,18 14,1,15,,120797,38,0,18 14,1,55,,120798,38,0,18 14,1,15,,120799,38,0,18 14,1,15,,120832,38,0,18 14,1,15,,120800,38,0,18 14,1,62,,120801,38,0,18 14,1,29,,120802,38,0,18 14,1,70,,120803,38,0,18 14,1,30,,120804,38,0,18 14,1,70,,120805,38,0,18 14,1,30,,120806,38,0,18 14,1,70,,120807,38,0,18 14,1,30,,120808,38,0,18 14,1,70,,120809,38,0,18 14,1,30,,120810,38,0,18 14,1,70,,120811,38,0,18 14,1,30,,120812,38,0,18 14,1,72,,120813,38,0,18 14,1,25,,120814,38,0,18 14,1,15,,120815,38,0,18 14,1,55,,120833,38,0,18 14,1,15,,120816,38,0,18 14,1,15,,120817,38,0,18 14,1,15,,120818,38,0,18 14,1,55,,120819,38,0,18 14,1,15,,120834,38,0,18 14,1,22,,120820,38,0,18 14,1,70,,120821,38,0,18 14,1,27,,120822,38,0,18 14,1,68,,120823,38,0,18 14,1,30,,120824,38,0,18 14,1,70,,120825,38,0,18 14,1,30,,120826,38,0,18 14,1,70,,120827,38,0,18 14,1,30,,120828,38,0,18 14,1,68,,120835,38,0,18 14,1,99,,120829,38,0,18 14,1,100,,120830,38,0,18 14,1
10901,'109-Saturday-1-26-04-0000010',835,,120836,38,0,18 14,1,70,,120837,38,0,18 14,1,30,,120838,38,0,18 14,1,70,,120839,38,0,18 14,1,30,,120840,38,0,18 14,1,70,,120841,38,0,18 14,1,30,,120842,38,0,18 14,1,70,,120843,38,0,18 14,1,30,,120844,38,0,18 14,1,70,,120845,38,0,18 14,1,30,,120846,38,0,18 14,1,70,,120847,38,0,18 14,1,30,,120848,38,0,18 14,1,70,,120849,38,0,18 14,1,30,,120850,38,0,18 14,1,70,,120851,38,0,18 14,1,30,,120852,38,0,18 14,1,70,,120853,38,0,18 14,1,30,,120854,38,0,18 14,1,70,,120855,38,0,18 14,1,30,,120856,38,0,18 14,1,70,,120857,38,0,18 14,1,30,,120858,38,0,18 14,1,70,,120859,38,0,18 14,1,30,,120860,38,0,18 14,1,70,,120861,38,0,18 14,1,30,,120862,38,0,18 14,1,70,,120863,38,0,18 14,1
10901,'109-Sunday-1-26-04-0000001',1045,,120864,38,0,18 14,1,70,,120865,38,0,18 14,1,30,,120866,38,0,18 14,1,70,,120867,38,0,18 14,1,30,,120868,38,0,18 14,1,70,,120869,38,0,18 14,1,30,,120870,38,0,18 14,1,70,,120871,38,0,18 14,1,30,,120872,38,0,18 14,1,70,,120873,38,0,18 14,1,30,,120874,38,0,18 14,1,70,,120875,38,0,18 14,1,30,,120876,38,0,18 14,1,70,,120877,38,0,18 14,1,30,,120878,38,0,18 14,1,70,,120879,38,0,18 14,1,30,,120880,38,0,18 14,1,70,,120881,38,0,18 14,1
61801,'618-Weekday-1-26-04-1111100',816,,131685,33,,,1
61801,'618-Weekday-3-26-04-1111100',816,,131686,33,,,1
68301,'683-Weekday-1-26-04-1111100',752,,132188,27,,,1,5,,132189,27,,,1,45,,132190,27,,,1
68301,'683-Weekday-2-26-04-1111100',752,,132191,27,,,1,5,,132192,27,,,1,45,,132193,27,,,1
68301,'683-Weekday-3-26-04-1111100',752,,132194,27,,,1,5,,132195,27,,,1
