90400,'904-Weekday-1-26-06-1111100',539,,183484,15,,,1,70,,183485,15,,,1,33,,183486,15,,,1,70,,183487,15,,,1,30,,183488,15,,,1,74,,183489,15,,,1,30,,183517,15,,,1,65,,183490,15,,,1,30,,183491,15,,,1,70,,183492,15,,,1,30,,183493,15,,,1,70,,183494,15,,,1,30,,183495,15,,,1,70,,183496,15,,,1,30,,183497,15,,,1,70,,183498,15,,,1,30,,183499,15,,,1,70,,183500,15,,,1,30,,183501,15,,,1,72,,183502,15,,,1,30,,183503,15,,,1,70,,183504,15,,,1,30,,183505,15,,,1,70,,183506,15,,,1,30,,183507,15,,,1,70,,183508,15,,,1,27,,183509,15,,,1,70,,183510,15,,,1,30,,183511,15,,,1,70,,183512,15,,,1,30,,183513,15,,,1,70,,183514,15,,,1,30,,183515,15,,,1,69,,183518,15,,,1,100,,183516,15,,,1
90400,'904-Weekday-2-26-06-1111100',539,,200556,15,,,1,70,,200557,15,,,1,33,,200558,15,,,1,70,,200559,15,,,1,30,,200560,15,,,1,74,,200561,15,,,1,30,,200589,15,,,1,65,,200562,15,,,1,30,,200563,15,,,1,70,,200564,15,,,1,30,,200565,15,,,1,70,,200566,15,,,1,30,,200567,15,,,1,70,,200568,15,,,1,30,,200569,15,,,1,70,,200570,15,,,1,30,,200571,15,,,1,70,,200572,15,,,1,30,,200573,15,,,1,72,,200574,15,,,1,30,,200575,15,,,1,70,,200576,15,,,1,30,,200577,15,,,1,70,,200578,15,,,1,30,,200579,15,,,1,70,,200580,15,,,1,27,,200581,15,,,1,70,,200582,15,,,1,30,,200583,15,,,1,70,,200584,15,,,1,30,,200585,15,,,1,70,,200586,15,,,1,30,,200587,15,,,1,69,,200590,15,,,1,100,,200588,15,,,1
90400,'904-Saturday-1-26-06-0000010',641,,183545,15,,,1,100,,183519,15,,,1,100,,183520,15,,,1,69,,183521,15,,,1,30,,183522,15,,,1,70,,183523,15,,,1,30,,183524,15,,,1,70,,183525,15,,,1,30,,183526,15,,,1,70,,183527,15,,,1,30,,183528,15,,,1,70,,183529,15,,,1,30,,183530,15,,,1,70,,183531,15,,,1,30,,183532,15,,,1,70,,183533,15,,,1,30,,183534,15,,,1,70,,183535,15,,,1,30,,183536,15,,,1,69,,183538,15,,,1,30,,183539,15,,,1,70,,183540,15,,,1,30,,183537,15,,,1,70,,183541,15,,,1,100,,183542,15,,,1,100,,183543,15,,,1,100,,183544,15,,,1
90400,'904-Sunday-1-26-06-0000001',707,,183546,15,,,1,100,,183547,15,,,1,102,,183548,15,,,1,101,,183567,15,,,1,30,,183549,15,,,1,70,,183550,15,,,1,30,,183551,15,,,1,70,,183552,15,,,1,30,,183554,15,,,1,70,,183555,15,,,1,30,,183556,15,,,1,70,,183553,15,,,1,30,,183557,15,,,1,70,,183558,15,,,1,30,,183559,15,,,1,70,,183560,15,,,1,30,,183561,15,,,1,69,,183562,15,,,1,30,,183563,15,,,1,70,,183564,15,,,1,30,,183565,15,,,1,70,,183566,15,,,1
90400,'904-Sunday-2-26-06-0000001',707,,200591,15,,,1,100,,200592,15,,,1,102,,200593,15,,,1,101,,200612,15,,,1,30,,200594,15,,,1,70,,200595,15,,,1,30,,200596,15,,,1,70,,200597,15,,,1,30,,200599,15,,,1,70,,200600,15,,,1,30,,200601,15,,,1,70,,200598,15,,,1,30,,200602,15,,,1,70,,200603,15,,,1,30,,200604,15,,,1,70,,200605,15,,,1,30,,200606,15,,,1,69,,200607,15,,,1,30,,200608,15,,,1,70,,200609,15,,,1,30,,200610,15,,,1,70,,200611,15,,,1
92400,'924-Weekday-1-26-06-1111100',710,,186100,8,,,1,30,,186101,8,,,1,70,,186102,8,,,1,30,,186103,8,,,1,70,,186104,8,,,1,100,,186105,8,,,1,100,,186106,8,,,1,100,,186107,8,,,1,100,,186108,8,,,1,100,,186109,8,,,1,100,,186110,8,,,1,100,,186111,8,,,1,30,,186112,8,,,1,70,,186113,8,,,1,30,,186114,8,,,1,70,,186115,8,,,1,30,,186116,8,,,1
92400,'924-Weekday-2-26-06-1111100',710,,202390,8,,,1,30,,202391,8,,,1,70,,202392,8,,,1,30,,202393,8,,,1,70,,202394,8,,,1,100,,202395,8,,,1,100,,202396,8,,,1,100,,202397,8,,,1,100,,202398,8,,,1,100,,202399,8,,,1,100,,202400,8,,,1,100,,202401,8,,,1,30,,202402,8,,,1,70,,202403,8,,,1,30,,202404,8,,,1,70,,202405,8,,,1,30,,202406,8,,,1
92400,'924-Saturday-1-26-06-0000010',840,,186117,8,,,1,100,,186118,8,,,1,100,,186119,8,,,1,100,,186120,8,,,1,100,,186121,8,,,1,100,,186122,8,,,1,100,,186123,8,,,1,100,,186124,8,,,1,100,,186125,8,,,1,100,,186126,8,,,1,100,,186127,8,,,1
92400,'924-Sunday-1-26-06-0000001',1040,,186128,8,,,1,100,,186129,8,,,1,100,,186130,8,,,1,100,,186131,8,,,1,100,,186132,8,,,1,100,,186133,8,,,1,100,,186134,8,,,1,100,,186135,8,,,1,100,,186136,8,,,1
92400,'924-Sunday-2-26-06-0000001',1040,,202407,8,,,1,100,,202408,8,,,1,100,,202409,8,,,1,100,,202410,8,,,1,100,,202411,8,,,1,100,,202412,8,,,1,100,,202413,8,,,1,100,,202414,8,,,1,100,,202415,8,,,1
