10301,'103-Weekday-1-26-02-1111100',533,,27856,3,,,1,70,,27857,3,,,1,30,,27858,3,,,1,70,,27859,3,,,1,30,,27860,3,,,1,70,,27861,3,,,1,28,,27867,3,,,1,20,,27868,3,,,1,60,,27869,3,,,1,20,,27870,3,,,1,20,,27871,3,,,1,60,,27872,3,,,1,20,,27873,3,,,1,20,,27874,3,,,1,60,,27875,3,,,1,20,,27876,3,,,1,20,,27877,3,,,1,60,,27878,3,,,1,20,,27879,3,,,1,20,,27880,3,,,1,60,,27881,3,,,1,20,,27882,3,,,1,20,,27883,3,,,1,60,,27884,3,,,1,20,,27885,3,,,1,20,,27886,3,,,1,65,,27887,3,,,1,30,,27888,3,,,1,70,,27889,3,,,1,30,,27890,3,,,1,70,,27891,3,,,1,30,,27892,3,,,1,70,,27893,3,,,1,30,,27894,3,,,1,70,,27895,3,,,1,30,,27896,3,,,1,70,,27897,3,,,1,30,,27898,3,,,1,70,,27899,3,,,1,30,,27900,3,,,1,70,,27901,3,,,1,33,,27902,3,,,1,70,,27903,3,,,1,30,,27904,3,,,1
10301,'103-Weekday-10-26-02-1111100',533,,27905,3,,,1,70,,27906,3,,,1,30,,27907,3,,,1,70,,27908,3,,,1,30,,27909,3,,,1,70,,27910,3,,,1,28,,27916,3,,,1,20,,27917,3,,,1,60,,27918,3,,,1,20,,27919,3,,,1,20,,27920,3,,,1,60,,27921,3,,,1,20,,27922,3,,,1,20,,27923,3,,,1,60,,27924,3,,,1,20,,27925,3,,,1,20,,27926,3,,,1,60,,27927,3,,,1,20,,27928,3,,,1,20,,27929,3,,,1,60,,27930,3,,,1,20,,27931,3,,,1,20,,27932,3,,,1,60,,27933,3,,,1,20,,27934,3,,,1,20,,27935,3,,,1,65,,27936,3,,,1,30,,27937,3,,,1,70,,27938,3,,,1,30,,27939,3,,,1,70,,27940,3,,,1,30,,27941,3,,,1,70,,27942,3,,,1,30,,27943,3,,,1,70,,27944,3,,,1,30,,27945,3,,,1,70,,27946,3,,,1,30,,27947,3,,,1,70,,27948,3,,,1,30,,27949,3,,,1,70,,27950,3,,,1,33,,27951,3,,,1,70,,27952,3,,,1,30,,27953,3,,,1
10301,'103-Weekday-4-26-02-1111100',533,,28003,3,,,1,70,,28004,3,,,1,30,,28005,3,,,1,70,,28006,3,,,1,30,,28007,3,,,1,70,,28008,3,,,1,28,,28014,3,,,1,20,,28015,3,,,1,60,,28016,3,,,1,20,,28017,3,,,1,20,,28018,3,,,1,60,,28019,3,,,1,20,,28020,3,,,1,20,,28021,3,,,1,60,,28022,3,,,1,20,,28023,3,,,1,20,,28024,3,,,1,60,,28025,3,,,1,20,,28026,3,,,1,20,,28027,3,,,1,60,,28028,3,,,1,20,,28029,3,,,1,20,,28030,3,,,1,60,,28031,3,,,1,20,,28032,3,,,1,20,,28033,3,,,1,65,,28034,3,,,1,30,,28035,3,,,1,70,,28036,3,,,1,30,,28037,3,,,1,70,,28038,3,,,1,30,,28039,3,,,1,70,,28040,3,,,1,30,,28041,3,,,1,70,,28042,3,,,1,30,,28043,3,,,1,70,,28044,3,,,1,30,,28045,3,,,1,70,,28046,3,,,1,30,,28047,3,,,1,70,,28048,3,,,1,33,,28049,3,,,1,70,,28050,3,,,1,30,,28051,3,,,1
10301,'103-Weekday-5-26-02-1111100',533,,28052,3,,,1,70,,28053,3,,,1,30,,28054,3,,,1,70,,28055,3,,,1,30,,28056,3,,,1,70,,28057,3,,,1,28,,28063,3,,,1,20,,28064,3,,,1,60,,28065,3,,,1,20,,28066,3,,,1,20,,28067,3,,,1,60,,28068,3,,,1,20,,28069,3,,,1,20,,28070,3,,,1,60,,28071,3,,,1,20,,28072,3,,,1,20,,28073,3,,,1,60,,28074,3,,,1,20,,28075,3,,,1,20,,28076,3,,,1,60,,28077,3,,,1,20,,28078,3,,,1,20,,28079,3,,,1,60,,28080,3,,,1,20,,28081,3,,,1,20,,28082,3,,,1,65,,28083,3,,,1,30,,28084,3,,,1,70,,28085,3,,,1,30,,28086,3,,,1,70,,28087,3,,,1,30,,28088,3,,,1,70,,28089,3,,,1,30,,28090,3,,,1,70,,28091,3,,,1,30,,28092,3,,,1,70,,28093,3,,,1,30,,28094,3,,,1,70,,28095,3,,,1,30,,28096,3,,,1,70,,28097,3,,,1,33,,28098,3,,,1,70,,28099,3,,,1,30,,28100,3,,,1
10301,'103-Weekday-7-26-02-1111100',533,,28150,3,,,1,70,,28151,3,,,1,30,,28152,3,,,1,70,,28153,3,,,1,30,,28154,3,,,1,70,,28155,3,,,1,28,,28161,3,,,1,20,,28162,3,,,1,60,,28163,3,,,1,20,,28164,3,,,1,20,,28165,3,,,1,60,,28166,3,,,1,20,,28167,3,,,1,20,,28168,3,,,1,60,,28169,3,,,1,20,,28170,3,,,1,20,,28171,3,,,1,60,,28172,3,,,1,20,,28173,3,,,1,20,,28174,3,,,1,60,,28175,3,,,1,20,,28176,3,,,1,20,,28177,3,,,1,60,,28178,3,,,1,20,,28179,3,,,1,20,,28180,3,,,1,65,,28181,3,,,1,30,,28182,3,,,1,70,,28183,3,,,1,30,,28184,3,,,1,70,,28185,3,,,1,30,,28186,3,,,1,70,,28187,3,,,1,30,,28188,3,,,1,70,,28189,3,,,1,30,,28190,3,,,1,70,,28191,3,,,1,30,,28192,3,,,1,70,,28193,3,,,1,30,,28194,3,,,1,70,,28195,3,,,1,33,,28196,3,,,1,70,,28197,3,,,1,30,,28198,3,,,1
10301,'103-Saturday-1-26-02-0000010',606,,28297,3,,,1,30,,28298,3,,,1,70,,28299,3,,,1,30,,28300,3,,,1,70,,28301,3,,,1,30,,28302,3,,,1,68,,28303,3,,,1,30,,28304,3,,,1,70,,28305,3,,,1,30,,28306,3,,,1,70,,28307,3,,,1,30,,28308,3,,,1,70,,28309,3,,,1,30,,28310,3,,,1,70,,28311,3,,,1,30,,28312,3,,,1,70,,28313,3,,,1,30,,28314,3,,,1,70,,28315,3,,,1,30,,28316,3,,,1,70,,28317,3,,,1,30,,28318,3,,,1,72,,28319,3,,,1,30,,28320,3,,,1,70,,28321,3,,,1,30,,28322,3,,,1,70,,28323,3,,,1,30,,28324,3,,,1,70,,28325,3,,,1,30,,28326,3,,,1,70,,28327,3,,,1,30,,28328,3,,,1,70,,28329,3,,,1,30,,28330,3,,,1,70,,28331,3,,,1,30,,28332,3,,,1,70,,28333,3,,,1
10301,'103-Sunday-1-26-02-0000001',601,,28334,3,,,1,30,,28335,3,,,1,70,,28336,3,,,1,30,,28337,3,,,1,70,,28338,3,,,1,30,,28339,3,,,1,26,,28340,3,,,1,72,,28341,3,,,1,30,,28342,3,,,1,70,,28343,3,,,1,30,,28344,3,,,1,70,,28345,3,,,1,30,,28346,3,,,1,70,,28347,3,,,1,30,,28348,3,,,1,70,,28349,3,,,1,30,,28350,3,,,1,70,,28351,3,,,1,30,,28352,3,,,1,70,,28353,3,,,1,30,,28354,3,,,1,70,,28355,3,,,1,71,,28356,3,,,1,30,,28357,3,,,1,70,,28358,3,,,1,30,,28359,3,,,1,70,,28360,3,,,1,30,,28361,3,,,1,70,,28362,3,,,1,30,,28363,3,,,1,70,,28364,3,,,1,30,,28365,3,,,1,70,,28366,3,,,1,30,,28367,3,,,1,70,,28368,3,,,1,30,,28369,3,,,1,70,,28370,3,,,1
24013000,'130X-Weekday-1-26-02-1111100',1515,,102697,21,,,1,20,,102698,21,,,1,20,,102699,21,,,1,60,,102700,21,,,1,20,,102701,21,,,1,20,,102702,21,,,1,60,,102703,21,,,1,20,,102704,21,,,1,20,,102705,21,,,1,60,,102706,21,,,1
24013000,'130X-Weekday-10-26-02-1111100',1515,,102707,21,,,1,20,,102708,21,,,1,20,,102709,21,,,1,60,,102710,21,,,1,20,,102711,21,,,1,20,,102712,21,,,1,60,,102713,21,,,1,20,,102714,21,,,1,20,,102715,21,,,1,60,,102716,21,,,1
24013000,'130X-Weekday-4-26-02-1111100',1515,,102727,21,,,1,20,,102728,21,,,1,20,,102729,21,,,1,60,,102730,21,,,1,20,,102731,21,,,1,20,,102732,21,,,1,60,,102733,21,,,1,20,,102734,21,,,1,20,,102735,21,,,1,60,,102736,21,,,1
24013000,'130X-Weekday-5-26-02-1111100',1515,,102737,21,,,1,20,,102738,21,,,1,20,,102739,21,,,1,60,,102740,21,,,1,20,,102741,21,,,1,20,,102742,21,,,1,60,,102743,21,,,1,20,,102744,21,,,1,20,,102745,21,,,1,60,,102746,21,,,1
24013000,'130X-Weekday-7-26-02-1111100',1515,,102757,21,,,1,20,,102758,21,,,1,20,,102759,21,,,1,60,,102760,21,,,1,20,,102761,21,,,1,20,,102762,21,,,1,60,,102763,21,,,1,20,,102764,21,,,1,20,,102765,21,,,1,60,,102766,21,,,1
