52100,'521-Weekday-1-26-04-1111100',559,,129820,21,,,1,70,,129855,21,,,1,19,,129864,21,,,1,56,,129821,21,,,1,12,,129824,21,,,1,12,,129822,21,,,1,10,,129863,21,,,1,2,,129823,21,,,1,12,,129825,21,,,1,52,,129826,21,,,1,12,,129827,21,,,1,12,,129828,21,,,1,12,,129829,21,,,1,12,,129830,21,,,1,54,,129856,21,,,1,25,,129857,21,,,1,70,,129841,21,,,1,30,,129831,21,,,1,70,,129832,21,,,1,30,,129833,21,,,1,70,,129834,21,,,1,30,,129835,21,,,1,70,,129836,21,,,1,30,,129837,21,,,1,70,,129838,21,,,1,30,,129839,21,,,1,70,,129840,21,,,1,38,,129858,21,,,1,15,,129842,21,,,1,55,,129843,21,,,1,15,,129844,21,,,1,15,,129845,21,,,1,15,,129846,21,,,1,55,,129847,21,,,1,15,,129848,21,,,1,15,,129849,21,,,1,15,,129850,21,,,1,55,,129851,21,,,1,18,,129866,21,,,1,14,,129867,21,,,1,62,,129865,21,,,1,31,,129854,21,,,1,70,,129852,21,,,1,30,,129859,21,,,1,70,,129860,21,,,1,30,,129861,21,,,1,70,,129862,21,,,1,29,,129853,21,,,1
52100,'521-Weekday-3-26-04-1111100',559,,129916,21,,,1,70,,129951,21,,,1,19,,129960,21,,,1,56,,129917,21,,,1,12,,129920,21,,,1,12,,129918,21,,,1,10,,129959,21,,,1,2,,129919,21,,,1,12,,129921,21,,,1,52,,129922,21,,,1,12,,129923,21,,,1,12,,129924,21,,,1,12,,129925,21,,,1,12,,129926,21,,,1,54,,129952,21,,,1,25,,129953,21,,,1,70,,129937,21,,,1,30,,129927,21,,,1,70,,129928,21,,,1,30,,129929,21,,,1,70,,129930,21,,,1,30,,129931,21,,,1,70,,129932,21,,,1,30,,129933,21,,,1,70,,129934,21,,,1,30,,129935,21,,,1,70,,129936,21,,,1,38,,129954,21,,,1,15,,129938,21,,,1,55,,129939,21,,,1,15,,129940,21,,,1,15,,129941,21,,,1,15,,129942,21,,,1,55,,129943,21,,,1,15,,129944,21,,,1,15,,129945,21,,,1,15,,129946,21,,,1,55,,129947,21,,,1,18,,129962,21,,,1,14,,129963,21,,,1,62,,129961,21,,,1,31,,129950,21,,,1,70,,129948,21,,,1,30,,129955,21,,,1,70,,129956,21,,,1,30,,129957,21,,,1,70,,129958,21,,,1,29,,129949,21,,,1
52100,'521-Saturday-1-26-04-0000010',827,,129983,21,,,1,28,,129984,21,,,1,70,,129985,21,,,1,30,,129986,21,,,1,70,,129964,21,,,1,30,,129965,21,,,1,70,,129966,21,,,1,30,,129967,21,,,1,70,,129968,21,,,1,30,,129969,21,,,1,70,,129970,21,,,1,30,,129971,21,,,1,70,,129972,21,,,1,30,,129973,21,,,1,70,,129974,21,,,1,30,,129975,21,,,1,70,,129977,21,,,1,31,,129978,21,,,1,71,,129979,21,,,1,30,,129976,21,,,1,70,,129980,21,,,1,30,,129981,21,,,1,70,,129982,21,,,1
52100,'521-Sunday-1-26-04-0000001',1025,,129987,21,,,1,30,,129988,21,,,1,70,,129989,21,,,1,30,,129990,21,,,1,70,,129991,21,,,1,30,,129992,21,,,1,70,,129993,21,,,1,30,,129994,21,,,1,70,,129995,21,,,1,30,,129996,21,,,1,73,,129997,21,,,1,27,,129998,21,,,1,70,,129999,21,,,1,30,,130000,21,,,1,71,,130001,21,,,1,30,,130002,21,,,1,70,,130003,21,,,1,30,,130004,21,,,1,70,,130005,21,,,1
63801,'638-Weekday-1-26-04-0001000',1254,,131834,21,,,1
63801,'638-Weekday-1-26-04-1110100',1542,,131835,21,,,1
63801,'638-Weekday-1-26-04-1111100',1555,,131836,21,,,1
63801,'638-Weekday-3-26-04-0001000',1254,,131838,21,,,1
63801,'638-Weekday-3-26-04-1110100',1542,,131839,21,,,1
66400,'664-Weekday-1-26-04-0001000',1456,,132011,28,,,1,44,,132012,28,,,1
66400,'664-Weekday-1-26-04-1110100',1537,,132013,28,,,1,3,,132014,28,,,1
