52101,'521-Weekday-1-26-02-1111100',547,,56242,19,,,1,70,,56243,19,,,1,15,,56244,19,,,1,20,,56245,19,,,1,55,,56281,19,,,1,15,,56246,19,,,1,15,,56247,19,,,1,15,,56248,19,,,1,55,,56280,19,,,1,15,,56249,19,,,1,15,,56250,19,,,1,15,,56285,19,,,1,61,,56251,19,,,1,28,,56252,19,,,1,70,,56253,19,,,1,30,,56254,19,,,1,70,,56255,19,,,1,30,,56256,19,,,1,70,,56257,19,,,1,30,,56258,19,,,1,70,,56259,19,,,1,30,,56260,19,,,1,70,,56261,19,,,1,30,,56262,19,,,1,76,,56284,19,,,1,34,,56283,19,,,1,8,,56286,19,,,1,47,,56263,19,,,1,15,,56264,19,,,1,15,,56265,19,,,1,15,,56266,19,,,1,55,,56267,19,,,1,15,,56268,19,,,1,15,,56269,19,,,1,15,,56270,19,,,1,55,,56271,19,,,1,15,,56272,19,,,1,24,,56282,19,,,1,68,,56273,19,,,1,30,,56274,19,,,1,70,,56275,19,,,1,30,,56276,19,,,1,70,,56277,19,,,1,30,,56278,19,,,1,68,,56279,19,,,1
52101,'521-Weekday-10-26-02-1111100',547,,56287,19,,,1,70,,56288,19,,,1,15,,56289,19,,,1,20,,56290,19,,,1,55,,56326,19,,,1,15,,56291,19,,,1,15,,56292,19,,,1,15,,56293,19,,,1,55,,56325,19,,,1,15,,56294,19,,,1,15,,56295,19,,,1,15,,56330,19,,,1,61,,56296,19,,,1,28,,56297,19,,,1,70,,56298,19,,,1,30,,56299,19,,,1,70,,56300,19,,,1,30,,56301,19,,,1,70,,56302,19,,,1,30,,56303,19,,,1,70,,56304,19,,,1,30,,56305,19,,,1,70,,56306,19,,,1,30,,56307,19,,,1,76,,56329,19,,,1,34,,56328,19,,,1,8,,56331,19,,,1,47,,56308,19,,,1,15,,56309,19,,,1,15,,56310,19,,,1,15,,56311,19,,,1,55,,56312,19,,,1,15,,56313,19,,,1,15,,56314,19,,,1,15,,56315,19,,,1,55,,56316,19,,,1,15,,56317,19,,,1,24,,56327,19,,,1,68,,56318,19,,,1,30,,56319,19,,,1,70,,56320,19,,,1,30,,56321,19,,,1,70,,56322,19,,,1,30,,56323,19,,,1,68,,56324,19,,,1
52101,'521-Weekday-4-26-02-1111100',547,,56377,19,,,1,70,,56378,19,,,1,15,,56379,19,,,1,20,,56380,19,,,1,55,,56416,19,,,1,15,,56381,19,,,1,15,,56382,19,,,1,15,,56383,19,,,1,55,,56415,19,,,1,15,,56384,19,,,1,15,,56385,19,,,1,15,,56420,19,,,1,61,,56386,19,,,1,28,,56387,19,,,1,70,,56388,19,,,1,30,,56389,19,,,1,70,,56390,19,,,1,30,,56391,19,,,1,70,,56392,19,,,1,30,,56393,19,,,1,70,,56394,19,,,1,30,,56395,19,,,1,70,,56396,19,,,1,30,,56397,19,,,1,76,,56419,19,,,1,34,,56418,19,,,1,55,,56398,19,,,1,15,,56399,19,,,1,15,,56400,19,,,1,15,,56401,19,,,1,55,,56402,19,,,1,15,,56403,19,,,1,15,,56404,19,,,1,15,,56405,19,,,1,55,,56406,19,,,1,15,,56407,19,,,1,24,,56417,19,,,1,68,,56408,19,,,1,30,,56409,19,,,1,70,,56410,19,,,1,30,,56411,19,,,1,70,,56412,19,,,1,30,,56413,19,,,1,68,,56414,19,,,1
52101,'521-Weekday-5-26-02-1111100',547,,56421,19,,,1,70,,56422,19,,,1,15,,56423,19,,,1,20,,56424,19,,,1,55,,56460,19,,,1,15,,56425,19,,,1,15,,56426,19,,,1,15,,56427,19,,,1,55,,56459,19,,,1,15,,56428,19,,,1,15,,56429,19,,,1,15,,56464,19,,,1,61,,56430,19,,,1,28,,56431,19,,,1,70,,56432,19,,,1,30,,56433,19,,,1,70,,56434,19,,,1,30,,56435,19,,,1,70,,56436,19,,,1,30,,56437,19,,,1,70,,56438,19,,,1,30,,56439,19,,,1,70,,56440,19,,,1,30,,56441,19,,,1,76,,56463,19,,,1,34,,56462,19,,,1,8,,56465,19,,,1,47,,56442,19,,,1,15,,56443,19,,,1,15,,56444,19,,,1,15,,56445,19,,,1,55,,56446,19,,,1,15,,56447,19,,,1,15,,56448,19,,,1,15,,56449,19,,,1,55,,56450,19,,,1,15,,56451,19,,,1,24,,56461,19,,,1,68,,56452,19,,,1,30,,56453,19,,,1,70,,56454,19,,,1,30,,56455,19,,,1,70,,56456,19,,,1,30,,56457,19,,,1,68,,56458,19,,,1
52101,'521-Weekday-6-26-02-1111100',547,,56466,19,,,1,70,,56467,19,,,1,15,,56468,19,,,1,20,,56469,19,,,1,55,,56505,19,,,1,15,,56470,19,,,1,15,,56471,19,,,1,15,,56472,19,,,1,55,,56504,19,,,1,15,,56473,19,,,1,15,,56474,19,,,1,15,,56509,19,,,1,61,,56475,19,,,1,28,,56476,19,,,1,70,,56477,19,,,1,30,,56478,19,,,1,70,,56479,19,,,1,30,,56480,19,,,1,70,,56481,19,,,1,30,,56482,19,,,1,70,,56483,19,,,1,30,,56484,19,,,1,70,,56485,19,,,1,30,,56486,19,,,1,76,,56508,19,,,1,34,,56507,19,,,1,8,,56510,19,,,1,47,,56487,19,,,1,15,,56488,19,,,1,15,,56489,19,,,1,15,,56490,19,,,1,55,,56491,19,,,1,15,,56492,19,,,1,15,,56493,19,,,1,15,,56494,19,,,1,55,,56495,19,,,1,15,,56496,19,,,1,24,,56506,19,,,1,68,,56497,19,,,1,30,,56498,19,,,1,70,,56499,19,,,1,30,,56500,19,,,1,70,,56501,19,,,1,30,,56502,19,,,1,68,,56503,19,,,1
52101,'521-Weekday-7-26-02-1111100',547,,56511,19,,,1,70,,56512,19,,,1,15,,56513,19,,,1,20,,56514,19,,,1,55,,56550,19,,,1,15,,56515,19,,,1,15,,56516,19,,,1,15,,56517,19,,,1,55,,56549,19,,,1,15,,56518,19,,,1,15,,56519,19,,,1,15,,56554,19,,,1,61,,56520,19,,,1,28,,56521,19,,,1,70,,56522,19,,,1,30,,56523,19,,,1,70,,56524,19,,,1,30,,56525,19,,,1,70,,56526,19,,,1,30,,56527,19,,,1,70,,56528,19,,,1,30,,56529,19,,,1,70,,56530,19,,,1,30,,56531,19,,,1,76,,56553,19,,,1,34,,56552,19,,,1,55,,56532,19,,,1,15,,56533,19,,,1,15,,56534,19,,,1,15,,56535,19,,,1,55,,56536,19,,,1,15,,56537,19,,,1,15,,56538,19,,,1,15,,56539,19,,,1,55,,56540,19,,,1,15,,56541,19,,,1,24,,56551,19,,,1,68,,56542,19,,,1,30,,56543,19,,,1,70,,56544,19,,,1,30,,56545,19,,,1,70,,56546,19,,,1,30,,56547,19,,,1,68,,56548,19,,,1
52101,'521-Saturday-1-26-02-0000010',810,,56645,19,,,1,30,,56646,19,,,1,72,,56647,19,,,1,31,,56648,19,,,1,70,,56649,19,,,1,30,,56650,19,,,1,70,,56651,19,,,1,30,,56652,19,,,1,70,,56653,19,,,1,30,,56654,19,,,1,70,,56655,19,,,1,30,,56656,19,,,1,70,,56657,19,,,1,30,,56658,19,,,1,70,,56659,19,,,1,30,,56660,19,,,1,70,,56661,19,,,1,30,,56662,19,,,1,70,,56663,19,,,1,30,,56664,19,,,1,70,,56665,19,,,1,30,,56666,19,,,1,70,,56667,19,,,1
52101,'521-Sunday-1-26-02-0000001',1014,,56668,19,,,1,30,,56669,19,,,1,70,,56670,19,,,1,30,,56671,19,,,1,70,,56672,19,,,1,30,,56673,19,,,1,70,,56674,19,,,1,30,,56675,19,,,1,70,,56676,19,,,1,30,,56677,19,,,1,70,,56678,19,,,1,30,,56679,19,,,1,70,,56680,19,,,1,30,,56681,19,,,1,70,,56682,19,,,1,30,,56683,19,,,1,70,,56684,19,,,1,30,,56685,19,,,1,70,,56686,19,,,1
66401,'664-Weekday-1-26-02-1111100',810,,61601,6,0,35 36,1,3,,61602,6,0,35 36,1
66401,'664-Weekday-5-26-02-1111100',810,,61609,6,0,35 36,1,3,,61610,6,0,35 36,1
66401,'664-Weekday-9-26-02-1111100',810,,61614,6,0,35 36,1,3,,61615,6,0,35 36,1
