65901,'659-Weekday-1-26-02-1111100',747,,61399,1,,,1
65901,'659-Weekday-2-26-02-1111100',747,,61400,1,,,1
65901,'659-Weekday-5-26-02-1111100',747,,61401,1,,,1
65901,'659-Weekday-6-26-02-1111100',747,,61402,1,,,1
65901,'659-Weekday-8-26-02-1111100',747,,61403,1,,,1
65901,'659-Weekday-9-26-02-1111100',747,,61404,1,,,1
66701,'667-Weekday-1-26-02-1111100',820,,61658,5,,,1,13,,61659,5,,,1
66701,'667-Weekday-2-26-02-1111100',820,,61660,5,,,1,13,,61661,5,,,1
66701,'667-Weekday-4-26-02-1111100',820,,61662,5,,,1,13,,61663,5,,,1
66701,'667-Weekday-5-26-02-1111100',820,,61664,5,,,1,13,,61665,5,,,1
66701,'667-Weekday-9-26-02-1111100',820,,61666,5,,,1,13,,61667,5,,,1
71901,'719-Weekday-1-26-02-1111100',536,,76644,5,,,1,15,,76700,5,,,1,55,,76645,5,,,1,15,,76646,5,,,1,17,,76701,5,,,1,15,,76647,5,,,1,55,,76648,5,,,1,15,,76702,5,,,1,15,,76649,5,,,1,15,,76703,5,,,1,55,,76650,5,,,1,15,,76694,5,,,1,22,,76651,5,,,1,59,,76652,5,,,1,20,,76653,5,,,1,20,,76654,5,,,1,60,,76655,5,,,1,20,,76656,5,,,1,20,,76657,5,,,1,60,,76658,5,,,1,20,,76659,5,,,1,20,,76660,5,,,1,60,,76661,5,,,1,20,,76662,5,,,1,20,,76663,5,,,1,60,,76664,5,,,1,20,,76665,5,,,1,20,,76666,5,,,1,60,,76667,5,,,1,20,,76668,5,,,1,20,,76669,5,,,1,62,,76670,5,,,1,10,,76691,5,,,1,10,,76672,5,,,1,10,,76698,5,,,1,10,,76674,5,,,1,10,,76705,5,,,1,50,,76704,5,,,1,10,,76696,5,,,1,10,,76676,5,,,1,10,,76697,5,,,1,10,,76678,5,,,1,10,,76692,5,,,1,50,,76680,5,,,1,10,,76693,5,,,1,10,,76682,5,,,1,10,,76699,5,,,1,10,,76684,5,,,1,10,,76706,5,,,1,52,,76685,5,,,1,19,,76686,5,,,1,19,,76687,5,,,1,60,,76688,5,,,1,20,,76689,5,,,1,20,,76690,5,,,1,60,,76683,5,,,1,20,,76681,5,,,1,20,,76679,5,,,1,60,,76677,5,,,1,20,,76695,5,,,1,30,,76675,5,,,1,99,,76673,5,,,1,100,,76671,5,,,1
71901,'719-Weekday-10-26-02-1111100',536,,76707,5,,,1,15,,76763,5,,,1,55,,76708,5,,,1,15,,76709,5,,,1,17,,76764,5,,,1,15,,76710,5,,,1,55,,76711,5,,,1,15,,76765,5,,,1,15,,76712,5,,,1,15,,76766,5,,,1,55,,76713,5,,,1,15,,76757,5,,,1,22,,76714,5,,,1,59,,76715,5,,,1,20,,76716,5,,,1,20,,76717,5,,,1,60,,76718,5,,,1,20,,76719,5,,,1,20,,76720,5,,,1,60,,76721,5,,,1,20,,76722,5,,,1,20,,76723,5,,,1,60,,76724,5,,,1,20,,76725,5,,,1,20,,76726,5,,,1,60,,76727,5,,,1,20,,76728,5,,,1,20,,76729,5,,,1,60,,76730,5,,,1,20,,76731,5,,,1,20,,76732,5,,,1,62,,76733,5,,,1,10,,76754,5,,,1,10,,76735,5,,,1,10,,76761,5,,,1,10,,76737,5,,,1,10,,76768,5,,,1,50,,76767,5,,,1,10,,76759,5,,,1,10,,76739,5,,,1,10,,76760,5,,,1,10,,76741,5,,,1,10,,76755,5,,,1,50,,76743,5,,,1,10,,76756,5,,,1,10,,76745,5,,,1,10,,76762,5,,,1,10,,76747,5,,,1,10,,76769,5,,,1,52,,76748,5,,,1,19,,76749,5,,,1,19,,76750,5,,,1,60,,76751,5,,,1,20,,76752,5,,,1,20,,76753,5,,,1,60,,76746,5,,,1,20,,76744,5,,,1,20,,76742,5,,,1,60,,76740,5,,,1,20,,76758,5,,,1,30,,76738,5,,,1,99,,76736,5,,,1,100,,76734,5,,,1
71901,'719-Weekday-2-26-02-1111100',536,,76770,5,,,1,15,,76826,5,,,1,55,,76771,5,,,1,15,,76772,5,,,1,17,,76827,5,,,1,15,,76773,5,,,1,55,,76774,5,,,1,15,,76828,5,,,1,15,,76775,5,,,1,15,,76829,5,,,1,55,,76776,5,,,1,15,,76820,5,,,1,22,,76777,5,,,1,59,,76778,5,,,1,20,,76779,5,,,1,20,,76780,5,,,1,60,,76781,5,,,1,20,,76782,5,,,1,20,,76783,5,,,1,60,,76784,5,,,1,20,,76785,5,,,1,20,,76786,5,,,1,60,,76787,5,,,1,20,,76788,5,,,1,20,,76789,5,,,1,60,,76790,5,,,1,20,,76791,5,,,1,20,,76792,5,,,1,60,,76793,5,,,1,20,,76794,5,,,1,20,,76795,5,,,1,62,,76796,5,,,1,10,,76817,5,,,1,10,,76798,5,,,1,10,,76824,5,,,1,10,,76800,5,,,1,10,,76831,5,,,1,50,,76830,5,,,1,10,,76822,5,,,1,10,,76802,5,,,1,10,,76823,5,,,1,10,,76804,5,,,1,10,,76818,5,,,1,50,,76806,5,,,1,10,,76819,5,,,1,10,,76808,5,,,1,10,,76825,5,,,1,10,,76810,5,,,1,10,,76832,5,,,1,52,,76811,5,,,1,19,,76812,5,,,1,19,,76813,5,,,1,60,,76814,5,,,1,20,,76815,5,,,1,20,,76816,5,,,1,60,,76809,5,,,1,20,,76807,5,,,1,20,,76805,5,,,1,60,,76803,5,,,1,20,,76821,5,,,1,30,,76801,5,,,1,99,,76799,5,,,1,100,,76797,5,,,1
71901,'719-Weekday-4-26-02-1111100',536,,76833,5,,,1,15,,76889,5,,,1,55,,76834,5,,,1,15,,76835,5,,,1,17,,76890,5,,,1,15,,76836,5,,,1,55,,76837,5,,,1,15,,76891,5,,,1,15,,76838,5,,,1,15,,76892,5,,,1,55,,76839,5,,,1,15,,76883,5,,,1,22,,76840,5,,,1,59,,76841,5,,,1,20,,76842,5,,,1,20,,76843,5,,,1,60,,76844,5,,,1,20,,76845,5,,,1,20,,76846,5,,,1,60,,76847,5,,,1,20,,76848,5,,,1,20,,76849,5,,,1,60,,76850,5,,,1,20,,76851,5,,,1,20,,76852,5,,,1,60,,76853,5,,,1,20,,76854,5,,,1,20,,76855,5,,,1,60,,76856,5,,,1,20,,76857,5,,,1,20,,76858,5,,,1,62,,76859,5,,,1,10,,76880,5,,,1,10,,76861,5,,,1,10,,76887,5,,,1,10,,76863,5,,,1,10,,76894,5,,,1,50,,76893,5,,,1,10,,76885,5,,,1,10,,76865,5,,,1,10,,76886,5,,,1,10,,76867,5,,,1,10,,76881,5,,,1,50,,76869,5,,,1,10,,76882,5,,,1,10,,76871,5,,,1,10,,76888,5,,,1,10,,76873,5,,,1,10,,76895,5,,,1,52,,76874,5,,,1,19,,76875,5,,,1,19,,76876,5,,,1,60,,76877,5,,,1,20,,76878,5,,,1,20,,76879,5,,,1,60,,76872,5,,,1,20,,76870,5,,,1,20,,76868,5,,,1,60,,76866,5,,,1,20,,76884,5,,,1,30,,76864,5,,,1,99,,76862,5,,,1,100,,76860,5,,,1
71901,'719-Weekday-5-26-02-1111100',536,,76896,5,,,1,15,,76952,5,,,1,55,,76897,5,,,1,15,,76898,5,,,1,17,,76953,5,,,1,15,,76899,5,,,1,55,,76900,5,,,1,15,,76954,5,,,1,15,,76901,5,,,1,15,,76955,5,,,1,55,,76902,5,,,1,15,,76946,5,,,1,22,,76903,5,,,1,59,,76904,5,,,1,20,,76905,5,,,1,20,,76906,5,,,1,60,,76907,5,,,1,20,,76908,5,,,1,20,,76909,5,,,1,60,,76910,5,,,1,20,,76911,5,,,1,20,,76912,5,,,1,60,,76913,5,,,1,20,,76914,5,,,1,20,,76915,5,,,1,60,,76916,5,,,1,20,,76917,5,,,1,20,,76918,5,,,1,60,,76919,5,,,1,20,,76920,5,,,1,20,,76921,5,,,1,62,,76922,5,,,1,10,,76943,5,,,1,10,,76924,5,,,1,10,,76950,5,,,1,10,,76926,5,,,1,10,,76957,5,,,1,50,,76956,5,,,1,10,,76948,5,,,1,10,,76928,5,,,1,10,,76949,5,,,1,10,,76930,5,,,1,10,,76944,5,,,1,50,,76932,5,,,1,10,,76945,5,,,1,10,,76934,5,,,1,10,,76951,5,,,1,10,,76936,5,,,1,10,,76958,5,,,1,52,,76937,5,,,1,19,,76938,5,,,1,19,,76939,5,,,1,60,,76940,5,,,1,20,,76941,5,,,1,20,,76942,5,,,1,60,,76935,5,,,1,20,,76933,5,,,1,20,,76931,5,,,1,60,,76929,5,,,1,20,,76947,5,,,1,30,,76927,5,,,1,99,,76925,5,,,1,100,,76923,5,,,1
71901,'719-Weekday-6-26-02-1111100',536,,76959,5,,,1,15,,77015,5,,,1,55,,76960,5,,,1,15,,76961,5,,,1,17,,77016,5,,,1,15,,76962,5,,,1,55,,76963,5,,,1,15,,77017,5,,,1,15,,76964,5,,,1,15,,77018,5,,,1,55,,76965,5,,,1,15,,77009,5,,,1,22,,76966,5,,,1,59,,76967,5,,,1,20,,76968,5,,,1,20,,76969,5,,,1,60,,76970,5,,,1,20,,76971,5,,,1,20,,76972,5,,,1,60,,76973,5,,,1,20,,76974,5,,,1,20,,76975,5,,,1,60,,76976,5,,,1,20,,76977,5,,,1,20,,76978,5,,,1,60,,76979,5,,,1,20,,76980,5,,,1,20,,76981,5,,,1,60,,76982,5,,,1,20,,76983,5,,,1,20,,76984,5,,,1,62,,76985,5,,,1,10,,77006,5,,,1,10,,76987,5,,,1,10,,77013,5,,,1,10,,76989,5,,,1,10,,77020,5,,,1,50,,77019,5,,,1,10,,77011,5,,,1,10,,76991,5,,,1,10,,77012,5,,,1,10,,76993,5,,,1,10,,77007,5,,,1,50,,76995,5,,,1,10,,77008,5,,,1,10,,76997,5,,,1,10,,77014,5,,,1,10,,76999,5,,,1,10,,77021,5,,,1,52,,77000,5,,,1,19,,77001,5,,,1,19,,77002,5,,,1,60,,77003,5,,,1,20,,77004,5,,,1,20,,77005,5,,,1,60,,76998,5,,,1,20,,76996,5,,,1,20,,76994,5,,,1,60,,76992,5,,,1,20,,77010,5,,,1,30,,76990,5,,,1,99,,76988,5,,,1,100,,76986,5,,,1
71901,'719-Weekday-7-26-02-1111100',536,,77022,5,,,1,15,,77078,5,,,1,55,,77023,5,,,1,15,,77024,5,,,1,17,,77079,5,,,1,15,,77025,5,,,1,55,,77026,5,,,1,15,,77080,5,,,1,15,,77027,5,,,1,15,,77081,5,,,1,55,,77028,5,,,1,15,,77072,5,,,1,22,,77029,5,,,1,59,,77030,5,,,1,20,,77031,5,,,1,20,,77032,5,,,1,60,,77033,5,,,1,20,,77034,5,,,1,20,,77035,5,,,1,60,,77036,5,,,1,20,,77037,5,,,1,20,,77038,5,,,1,60,,77039,5,,,1,20,,77040,5,,,1,20,,77041,5,,,1,60,,77042,5,,,1,20,,77043,5,,,1,20,,77044,5,,,1,60,,77045,5,,,1,20,,77046,5,,,1,20,,77047,5,,,1,62,,77048,5,,,1,10,,77069,5,,,1,10,,77050,5,,,1,10,,77076,5,,,1,10,,77052,5,,,1,10,,77083,5,,,1,50,,77082,5,,,1,10,,77074,5,,,1,10,,77054,5,,,1,10,,77075,5,,,1,10,,77056,5,,,1,10,,77070,5,,,1,50,,77058,5,,,1,10,,77071,5,,,1,10,,77060,5,,,1,10,,77077,5,,,1,10,,77062,5,,,1,10,,77084,5,,,1,52,,77063,5,,,1,19,,77064,5,,,1,19,,77065,5,,,1,60,,77066,5,,,1,20,,77067,5,,,1,20,,77068,5,,,1,60,,77061,5,,,1,20,,77059,5,,,1,20,,77057,5,,,1,60,,77055,5,,,1,20,,77073,5,,,1,30,,77053,5,,,1,99,,77051,5,,,1,100,,77049,5,,,1
71901,'719-Weekday-8-26-02-1111100',536,,77085,5,,,1,15,,77141,5,,,1,55,,77086,5,,,1,15,,77087,5,,,1,17,,77142,5,,,1,15,,77088,5,,,1,55,,77089,5,,,1,15,,77143,5,,,1,15,,77090,5,,,1,15,,77144,5,,,1,55,,77091,5,,,1,15,,77135,5,,,1,22,,77092,5,,,1,59,,77093,5,,,1,20,,77094,5,,,1,20,,77095,5,,,1,60,,77096,5,,,1,20,,77097,5,,,1,20,,77098,5,,,1,60,,77099,5,,,1,20,,77100,5,,,1,20,,77101,5,,,1,60,,77102,5,,,1,20,,77103,5,,,1,20,,77104,5,,,1,60,,77105,5,,,1,20,,77106,5,,,1,20,,77107,5,,,1,60,,77108,5,,,1,20,,77109,5,,,1,20,,77110,5,,,1,62,,77111,5,,,1,10,,77132,5,,,1,10,,77113,5,,,1,10,,77139,5,,,1,10,,77115,5,,,1,10,,77146,5,,,1,50,,77145,5,,,1,10,,77137,5,,,1,10,,77117,5,,,1,10,,77138,5,,,1,10,,77119,5,,,1,10,,77133,5,,,1,50,,77121,5,,,1,10,,77134,5,,,1,10,,77123,5,,,1,10,,77140,5,,,1,10,,77125,5,,,1,10,,77147,5,,,1,52,,77126,5,,,1,19,,77127,5,,,1,19,,77128,5,,,1,60,,77129,5,,,1,20,,77130,5,,,1,20,,77131,5,,,1,60,,77124,5,,,1,20,,77122,5,,,1,20,,77120,5,,,1,60,,77118,5,,,1,20,,77136,5,,,1,30,,77116,5,,,1,99,,77114,5,,,1,100,,77112,5,,,1
71901,'719-Weekday-9-26-02-1111100',536,,77148,5,,,1,15,,77204,5,,,1,55,,77149,5,,,1,15,,77150,5,,,1,17,,77205,5,,,1,15,,77151,5,,,1,55,,77152,5,,,1,15,,77206,5,,,1,15,,77153,5,,,1,15,,77207,5,,,1,55,,77154,5,,,1,15,,77198,5,,,1,22,,77155,5,,,1,59,,77156,5,,,1,20,,77157,5,,,1,20,,77158,5,,,1,60,,77159,5,,,1,20,,77160,5,,,1,20,,77161,5,,,1,60,,77162,5,,,1,20,,77163,5,,,1,20,,77164,5,,,1,60,,77165,5,,,1,20,,77166,5,,,1,20,,77167,5,,,1,60,,77168,5,,,1,20,,77169,5,,,1,20,,77170,5,,,1,60,,77171,5,,,1,20,,77172,5,,,1,20,,77173,5,,,1,62,,77174,5,,,1,10,,77195,5,,,1,10,,77176,5,,,1,10,,77202,5,,,1,10,,77178,5,,,1,10,,77209,5,,,1,50,,77208,5,,,1,10,,77200,5,,,1,10,,77180,5,,,1,10,,77201,5,,,1,10,,77182,5,,,1,10,,77196,5,,,1,50,,77184,5,,,1,10,,77197,5,,,1,10,,77186,5,,,1,10,,77203,5,,,1,10,,77188,5,,,1,10,,77210,5,,,1,52,,77189,5,,,1,19,,77190,5,,,1,19,,77191,5,,,1,60,,77192,5,,,1,20,,77193,5,,,1,20,,77194,5,,,1,60,,77187,5,,,1,20,,77185,5,,,1,20,,77183,5,,,1,60,,77181,5,,,1,20,,77199,5,,,1,30,,77179,5,,,1,99,,77177,5,,,1,100,,77175,5,,,1
71901,'719-Saturday-1-26-02-0000010',543,,77224,5,,,1,70,,77227,5,,,1,30,,77222,5,,,1,70,,77225,5,,,1,30,,77228,5,,,1,70,,77242,5,,,1,30,,77212,5,,,1,71,,77232,5,,,1,30,,77214,5,,,1,70,,77213,5,,,1,30,,77230,5,,,1,70,,77215,5,,,1,30,,77231,5,,,1,70,,77229,5,,,1,30,,77226,5,,,1,70,,77243,5,,,1,30,,77240,5,,,1,70,,77245,5,,,1,30,,77244,5,,,1,70,,77241,5,,,1,30,,77239,5,,,1,70,,77234,5,,,1,30,,77236,5,,,1,70,,77238,5,,,1,30,,77237,5,,,1,70,,77235,5,,,1,30,,77217,5,,,1,70,,77218,5,,,1,30,,77219,5,,,1,70,,77233,5,,,1,30,,77220,5,,,1,70,,77216,5,,,1,30,,77221,5,,,1,70,,77211,5,,,1,30,,77247,5,,,1,70,,77246,5,,,1,30,,77223,5,,,1
71901,'719-Sunday-1-26-02-0000001',643,,77261,5,,,1,100,,77264,5,,,1,100,,77254,5,,,1,100,,77257,5,,,1,100,,77260,5,,,1,70,,77262,5,,,1,30,,77263,5,,,1,70,,77251,5,,,1,30,,77252,5,,,1,70,,77255,5,,,1,30,,77249,5,,,1,70,,77273,5,,,1,30,,77271,5,,,1,70,,77266,5,,,1,30,,77270,5,,,1,70,,77269,5,,,1,30,,77268,5,,,1,70,,77272,5,,,1,30,,77267,5,,,1,70,,77258,5,,,1,30,,77256,5,,,1,70,,77253,5,,,1,100,,77250,5,,,1,100,,77248,5,,,1,100,,77259,5,,,1,100,,77265,5,,,1
