51200,'512-Weekday-1-26-04-1111100',628,,127143,35,0,19 20,1,31,,127147,35,0,19 20,1,60,,127148,35,0,19 20,1,20,,127144,35,0,19 20,1,20,,127145,35,0,19 20,1,60,,127146,35,0,19 20,1,30,,127149,35,0,19 20,1,70,,127150,35,0,19 20,1,29,,127151,35,0,19 20,1,70,,127152,35,0,19 20,1,30,,127153,35,0,19 20,1,70,,127154,35,0,19 20,1,30,,127155,35,0,19 20,1,70,,127156,35,0,19 20,1,30,,127157,35,0,19 20,1,70,,127158,35,0,19 20,1,30,,127159,35,0,19 20,1,70,,127160,35,0,19 20,1,30,,127161,35,0,19 20,1,72,,127162,35,0,19 20,1,22,,127163,35,0,19 20,1,60,,127164,35,0,19 20,1,20,,127165,35,0,19 20,1,20,,127166,35,0,19 20,1,60,,127167,35,0,19 20,1,20,,127168,35,0,19 20,1,30,,127169,35,0,19 20,1,70,,127170,35,0,19 20,1,27,,127171,35,0,19 20,1,69,,127172,35,0,19 20,1,30,,127173,35,0,19 20,1,70,,127174,35,0,19 20,1,30,,127175,35,0,19 20,1,70,,127176,35,0,19 20,1,30,,127177,35,0,19 20,1,68,,127178,35,0,19 20,1,99,,127179,35,0,19 20,1,100,,127180,35,0,19 20,1
51200,'512-Weekday-2-26-04-1111100',628,,127181,35,0,19 20,1,31,,127185,35,0,19 20,1,60,,127186,35,0,19 20,1,20,,127182,35,0,19 20,1,20,,127183,35,0,19 20,1,60,,127184,35,0,19 20,1,30,,127187,35,0,19 20,1,70,,127188,35,0,19 20,1,29,,127189,35,0,19 20,1,70,,127190,35,0,19 20,1,30,,127191,35,0,19 20,1,70,,127192,35,0,19 20,1,30,,127193,35,0,19 20,1,70,,127194,35,0,19 20,1,30,,127195,35,0,19 20,1,70,,127196,35,0,19 20,1,30,,127197,35,0,19 20,1,70,,127198,35,0,19 20,1,30,,127199,35,0,19 20,1,72,,127200,35,0,19 20,1,22,,127201,35,0,19 20,1,60,,127202,35,0,19 20,1,20,,127203,35,0,19 20,1,20,,127204,35,0,19 20,1,60,,127205,35,0,19 20,1,20,,127206,35,0,19 20,1,30,,127207,35,0,19 20,1,70,,127208,35,0,19 20,1,27,,127209,35,0,19 20,1,69,,127210,35,0,19 20,1,30,,127211,35,0,19 20,1,70,,127212,35,0,19 20,1,30,,127213,35,0,19 20,1,70,,127214,35,0,19 20,1,30,,127215,35,0,19 20,1,68,,127216,35,0,19 20,1,99,,127217,35,0,19 20,1,100,,127218,35,0,19 20,1
51200,'512-Weekday-3-26-04-1111100',628,,127219,35,0,19 20,1,31,,127223,35,0,19 20,1,60,,127224,35,0,19 20,1,20,,127220,35,0,19 20,1,20,,127221,35,0,19 20,1,60,,127222,35,0,19 20,1,30,,127225,35,0,19 20,1,70,,127226,35,0,19 20,1,29,,127227,35,0,19 20,1,70,,127228,35,0,19 20,1,30,,127229,35,0,19 20,1,70,,127230,35,0,19 20,1,30,,127231,35,0,19 20,1,70,,127232,35,0,19 20,1,30,,127233,35,0,19 20,1,70,,127234,35,0,19 20,1,30,,127235,35,0,19 20,1,70,,127236,35,0,19 20,1,30,,127237,35,0,19 20,1,72,,127238,35,0,19 20,1,22,,127239,35,0,19 20,1,60,,127240,35,0,19 20,1,20,,127241,35,0,19 20,1,20,,127242,35,0,19 20,1,60,,127243,35,0,19 20,1,20,,127244,35,0,19 20,1,30,,127245,35,0,19 20,1,70,,127246,35,0,19 20,1,27,,127247,35,0,19 20,1,69,,127248,35,0,19 20,1,30,,127249,35,0,19 20,1,70,,127250,35,0,19 20,1,30,,127251,35,0,19 20,1,70,,127252,35,0,19 20,1,30,,127253,35,0,19 20,1,68,,127254,35,0,19 20,1,99,,127255,35,0,19 20,1,100,,127256,35,0,19 20,1
51200,'512-Saturday-1-26-04-0000010',628,,127257,35,0,19 20,1,100,,127258,35,0,19 20,1,100,,127259,35,0,19 20,1,31,,127260,35,0,19 20,1,73,,127261,35,0,19 20,1,70,,127262,35,0,19 20,1,30,,127263,35,0,19 20,1,70,,127264,35,0,19 20,1,30,,127265,35,0,19 20,1,70,,127266,35,0,19 20,1,30,,127267,35,0,19 20,1,70,,127268,35,0,19 20,1,30,,127269,35,0,19 20,1,70,,127270,35,0,19 20,1,30,,127271,35,0,19 20,1,70,,127272,35,0,19 20,1,30,,127273,35,0,19 20,1,70,,127274,35,0,19 20,1,30,,127275,35,0,19 20,1,69,,127276,35,0,19 20,1,27,,127277,35,0,19 20,1,30,,127278,35,0,19 20,1,70,,127279,35,0,19 20,1,30,,127280,35,0,19 20,1,70,,127281,35,0,19 20,1,100,,127282,35,0,19 20,1,100,,127283,35,0,19 20,1,100,,127284,35,0,19 20,1,100,,127285,35,0,19 20,1,100,,127286,35,0,19 20,1
51200,'512-Sunday-1-26-04-0000001',629,,127287,35,0,19 20,1,85,,127310,35,0,19 20,1,45,,127288,35,0,19 20,1,85,,127289,35,0,19 20,1,89,,127290,35,0,19 20,1,80,,127291,35,0,19 20,1,25,,127316,35,0,19 20,1,70,,127292,35,0,19 20,1,30,,127293,35,0,19 20,1,70,,127294,35,0,19 20,1,30,,127295,35,0,19 20,1,70,,127296,35,0,19 20,1,30,,127297,35,0,19 20,1,70,,127298,35,0,19 20,1,30,,127299,35,0,19 20,1,70,,127300,35,0,19 20,1,30,,127301,35,0,19 20,1,70,,127302,35,0,19 20,1,30,,127303,35,0,19 20,1,67,,127304,35,0,19 20,1,29,,127305,35,0,19 20,1,70,,127306,35,0,19 20,1,30,,127307,35,0,19 20,1,70,,127308,35,0,19 20,1,30,,127309,35,0,19 20,1,100,,127311,35,0,19 20,1,100,,127312,35,0,19 20,1,100,,127313,35,0,19 20,1,100,,127314,35,0,19 20,1,100,,127315,35,0,19 20,1
63800,'638-Weekday-1-26-04-0000100',956,,131829,31,,,1
63800,'638-Weekday-1-26-04-1111000',844,,131830,31,,,1
63800,'638-Weekday-1-26-04-1111100',802,,131831,31,,,1
63800,'638-Weekday-2-26-04-0000100',956,,131832,31,,,1
63800,'638-Weekday-3-26-04-1111100',802,,131833,31,,,1
