52401,'524-Weekday-1-26-06-1111100',924,,177299,11,,,1,30,,177300,11,,,1,70,,177301,11,,,1,30,,177302,11,,,1,70,,177303,11,,,1,30,,177304,11,,,1,70,,177305,11,,,1,30,,177306,11,,,1,70,,177307,11,,,1,30,,177308,11,,,1,70,,177309,11,,,1,30,,177310,11,,,1,71,,177311,11,,,1,100,,177312,11,,,1,100,,177313,11,,,1
52401,'524-Weekday-2-26-06-1111100',924,,197023,11,,,1,30,,197024,11,,,1,70,,197025,11,,,1,30,,197026,11,,,1,70,,197027,11,,,1,30,,197028,11,,,1,70,,197029,11,,,1,30,,197030,11,,,1,70,,197031,11,,,1,30,,197032,11,,,1,70,,197033,11,,,1,30,,197034,11,,,1,71,,197035,11,,,1,100,,197036,11,,,1,100,,197037,11,,,1
52401,'524-Saturday-1-26-06-0000010',1052,,177314,11,,,1,100,,177315,11,,,1,100,,177316,11,,,1,100,,177317,11,,,1,100,,177318,11,,,1,100,,177319,11,,,1,100,,177320,11,,,1
52401,'524-Sunday-1-26-06-0000001',1051,,177321,11,,,1,100,,177322,11,,,1,100,,177323,11,,,1,100,,177324,11,,,1,100,,177325,11,,,1,100,,177326,11,,,1
52401,'524-Sunday-2-26-06-0000001',1051,,197038,11,,,1,100,,197039,11,,,1,100,,197040,11,,,1,100,,197041,11,,,1,100,,197042,11,,,1,100,,197043,11,,,1
52500,'525-Weekday-1-26-06-1111100',949,,177327,13,,,1,70,,177328,13,,,1,30,,177329,13,,,1,70,,177330,13,,,1,30,,177331,13,,,1,70,,177332,13,,,1,30,,177333,13,,,1,70,,177334,13,,,1,30,,177335,13,,,1,70,,177336,13,,,1,30,,177337,13,,,1,104,,177338,13,,,1,100,,177339,13,,,1,100,,177340,13,,,1
52500,'525-Weekday-2-26-06-1111100',949,,197044,13,,,1,70,,197045,13,,,1,30,,197046,13,,,1,70,,197047,13,,,1,30,,197048,13,,,1,70,,197049,13,,,1,30,,197050,13,,,1,70,,197051,13,,,1,30,,197052,13,,,1,70,,197053,13,,,1,30,,197054,13,,,1,104,,197055,13,,,1,100,,197056,13,,,1,100,,197057,13,,,1
52500,'525-Saturday-1-26-06-0000010',1121,,177341,13,,,1,100,,177342,13,,,1,100,,177343,13,,,1,100,,177344,13,,,1,100,,177345,13,,,1,100,,177346,13,,,1,100,,177347,13,,,1
52500,'525-Sunday-1-26-06-0000001',1120,,177348,13,,,1,100,,177349,13,,,1,100,,177350,13,,,1,100,,177351,13,,,1,100,,177352,13,,,1,100,,177353,13,,,1
52500,'525-Sunday-2-26-06-0000001',1120,,197058,13,,,1,100,,197059,13,,,1,100,,197060,13,,,1,100,,197061,13,,,1,100,,197062,13,,,1,100,,197063,13,,,1
