52201,'522-Weekday-1-26-02-1111100',615,,56914,6,,,1,31,,56915,6,,,1,70,,56916,6,,,1,30,,56917,6,,,1,70,,56918,6,,,1,30,,56919,6,,,1,99,,56920,6,,,1,100,,56921,6,,,1,100,,56922,6,,,1,100,,56923,6,,,1,100,,56924,6,,,1,100,,56925,6,,,1,71,,56926,6,,,1,30,,56927,6,,,1,70,,56928,6,,,1,30,,56929,6,,,1,70,,56930,6,,,1,30,,56931,6,,,1,99,,56932,6,,,1,100,,56933,6,,,1,100,,56934,6,,,1,100,,56935,6,,,1
52201,'522-Weekday-10-26-02-1111100',615,,56936,6,,,1,31,,56937,6,,,1,70,,56938,6,,,1,30,,56939,6,,,1,70,,56940,6,,,1,30,,56941,6,,,1,99,,56942,6,,,1,100,,56943,6,,,1,100,,56944,6,,,1,100,,56945,6,,,1,100,,56946,6,,,1,100,,56947,6,,,1,71,,56948,6,,,1,30,,56949,6,,,1,70,,56950,6,,,1,30,,56951,6,,,1,70,,56952,6,,,1,30,,56953,6,,,1,99,,56954,6,,,1,100,,56955,6,,,1,100,,56956,6,,,1,100,,56957,6,,,1
52201,'522-Weekday-2-26-02-1111100',615,,56958,6,,,1,31,,56959,6,,,1,70,,56960,6,,,1,30,,56961,6,,,1,70,,56962,6,,,1,30,,56963,6,,,1,99,,56964,6,,,1,100,,56965,6,,,1,100,,56966,6,,,1,100,,56967,6,,,1,100,,56968,6,,,1,100,,56969,6,,,1,71,,56970,6,,,1,30,,56971,6,,,1,70,,56972,6,,,1,30,,56973,6,,,1,70,,56974,6,,,1,30,,56975,6,,,1,99,,56976,6,,,1,100,,56977,6,,,1,100,,56978,6,,,1,100,,56979,6,,,1
52201,'522-Weekday-4-26-02-1111100',615,,56980,6,,,1,31,,56981,6,,,1,70,,56982,6,,,1,30,,56983,6,,,1,70,,56984,6,,,1,30,,56985,6,,,1,99,,56986,6,,,1,100,,56987,6,,,1,100,,56988,6,,,1,100,,56989,6,,,1,100,,56990,6,,,1,100,,56991,6,,,1,71,,56992,6,,,1,30,,56993,6,,,1,70,,56994,6,,,1,30,,56995,6,,,1,70,,56996,6,,,1,30,,56997,6,,,1,99,,56998,6,,,1,100,,56999,6,,,1,100,,57000,6,,,1,100,,57001,6,,,1
52201,'522-Weekday-5-26-02-1111100',615,,57002,6,,,1,31,,57003,6,,,1,70,,57004,6,,,1,30,,57005,6,,,1,70,,57006,6,,,1,30,,57007,6,,,1,99,,57008,6,,,1,100,,57009,6,,,1,100,,57010,6,,,1,100,,57011,6,,,1,100,,57012,6,,,1,100,,57013,6,,,1,71,,57014,6,,,1,30,,57015,6,,,1,70,,57016,6,,,1,30,,57017,6,,,1,70,,57018,6,,,1,30,,57019,6,,,1,99,,57020,6,,,1,100,,57021,6,,,1,100,,57022,6,,,1,100,,57023,6,,,1
52201,'522-Weekday-6-26-02-1111100',615,,57024,6,,,1,31,,57025,6,,,1,70,,57026,6,,,1,30,,57027,6,,,1,70,,57028,6,,,1,30,,57029,6,,,1,99,,57030,6,,,1,100,,57031,6,,,1,100,,57032,6,,,1,100,,57033,6,,,1,100,,57034,6,,,1,100,,57035,6,,,1,71,,57036,6,,,1,30,,57037,6,,,1,70,,57038,6,,,1,30,,57039,6,,,1,70,,57040,6,,,1,30,,57041,6,,,1,99,,57042,6,,,1,100,,57043,6,,,1,100,,57044,6,,,1,100,,57045,6,,,1
52201,'522-Weekday-7-26-02-1111100',615,,57046,6,,,1,31,,57047,6,,,1,70,,57048,6,,,1,30,,57049,6,,,1,70,,57050,6,,,1,30,,57051,6,,,1,99,,57052,6,,,1,100,,57053,6,,,1,100,,57054,6,,,1,100,,57055,6,,,1,100,,57056,6,,,1,100,,57057,6,,,1,71,,57058,6,,,1,30,,57059,6,,,1,70,,57060,6,,,1,30,,57061,6,,,1,70,,57062,6,,,1,30,,57063,6,,,1,99,,57064,6,,,1,100,,57065,6,,,1,100,,57066,6,,,1,100,,57067,6,,,1
52201,'522-Weekday-8-26-02-1111100',615,,57068,6,,,1,31,,57069,6,,,1,70,,57070,6,,,1,30,,57071,6,,,1,70,,57072,6,,,1,30,,57073,6,,,1,99,,57074,6,,,1,100,,57075,6,,,1,100,,57076,6,,,1,100,,57077,6,,,1,100,,57078,6,,,1,100,,57079,6,,,1,71,,57080,6,,,1,30,,57081,6,,,1,70,,57082,6,,,1,30,,57083,6,,,1,70,,57084,6,,,1,30,,57085,6,,,1,99,,57086,6,,,1,100,,57087,6,,,1,100,,57088,6,,,1,100,,57089,6,,,1
52201,'522-Weekday-9-26-02-1111100',615,,57090,6,,,1,31,,57091,6,,,1,70,,57092,6,,,1,30,,57093,6,,,1,70,,57094,6,,,1,30,,57095,6,,,1,99,,57096,6,,,1,100,,57097,6,,,1,100,,57098,6,,,1,100,,57099,6,,,1,100,,57100,6,,,1,100,,57101,6,,,1,71,,57102,6,,,1,30,,57103,6,,,1,70,,57104,6,,,1,30,,57105,6,,,1,70,,57106,6,,,1,30,,57107,6,,,1,99,,57108,6,,,1,100,,57109,6,,,1,100,,57110,6,,,1,100,,57111,6,,,1
52201,'522-Saturday-1-26-02-0000010',800,,57123,6,,,1,100,,57112,6,,,1,100,,57113,6,,,1,100,,57114,6,,,1,100,,57115,6,,,1,100,,57116,6,,,1,100,,57117,6,,,1,100,,57118,6,,,1,100,,57119,6,,,1,59,,57120,6,,,1,100,,57121,6,,,1,100,,57122,6,,,1
52201,'522-Sunday-1-26-02-0000001',1031,,57124,6,,,1,100,,57125,6,,,1,100,,57126,6,,,1,100,,57127,6,,,1,100,,57128,6,,,1,100,,57129,6,,,1,100,,57130,6,,,1,100,,57131,6,,,1,100,,57132,6,,,1
