63400,'634-Weekday-7-26-04-0000100',1001,,156492,42,,,1,2,,156493,42,,,1
63400,'634-Weekday-7-26-04-1111000',821,,156494,42,,,1,2,,156495,42,,,1,3,,156496,42,,,1
63500,'635-Weekday-7-26-04-0000100',1004,,156500,58,,,1
63500,'635-Weekday-7-26-04-1111000',834,,156501,58,,,1
63600,'636-Weekday-7-26-04-0000100',1005,,156503,19,,,1
63600,'636-Weekday-7-26-04-1111000',835,,156504,19,,,1
1000101,'001-Weekday-7-26-04-1111100',536,,160448,16,,,1,80,,160449,16,,,1,41,,160450,16,,,1,70,,160451,16,,,1,20,,160452,16,,,1,60,,160453,16,,,1,20,,160454,16,,,1,20,,160455,16,,,1,61,,160456,16,,,1,30,,160457,16,,,1,70,,160458,16,,,1,30,,160459,16,,,1,70,,160460,16,,,1,30,,160461,16,,,1,70,,160462,16,,,1,30,,160463,16,,,1,70,,160464,16,,,1,30,,160465,16,,,1,70,,160466,16,,,1,30,,160467,16,,,1,68,,160468,16,,,1,25,,160469,16,,,1,20,,160470,16,,,1,60,,160471,16,,,1,20,,160472,16,,,1,20,,160473,16,,,1,65,,160474,16,,,1,30,,160475,16,,,1,70,,160476,16,,,1,29,,160477,16,,,1,70,,160478,16,,,1,30,,160479,16,,,1,70,,160480,16,,,1,30,,160481,16,,,1,70,,160482,16,,,1,30,,160483,16,,,1,68,,160484,16,,,1,38,,160485,16,,,1,80,,160486,16,,,1,80,,160487,16,,,1
1000101,'001-Saturday-1-26-04-0000010',541,,147599,16,,,1,80,,147600,16,,,1,80,,147601,16,,,1,40,,147602,16,,,1,70,,147603,16,,,1,30,,147604,16,,,1,71,,147605,16,,,1,30,,147606,16,,,1,70,,147607,16,,,1,30,,147608,16,,,1,70,,147609,16,,,1,30,,147610,16,,,1,70,,147611,16,,,1,30,,147612,16,,,1,70,,147613,16,,,1,30,,147614,16,,,1,70,,147615,16,,,1,30,,147616,16,,,1,70,,147617,16,,,1,30,,147618,16,,,1,70,,147619,16,,,1,30,,147620,16,,,1,69,,147621,16,,,1,30,,147622,16,,,1,70,,147623,16,,,1,30,,147624,16,,,1,70,,147625,16,,,1,30,,147626,16,,,1,70,,147627,16,,,1,30,,147628,16,,,1,70,,147629,16,,,1,30,,147630,16,,,1,70,,147631,16,,,1,30,,147632,16,,,1,80,,147633,16,,,1,80,,147634,16,,,1
2000101,'001-Weekday-7-26-04-1111100',516,,160529,13,,,1,40,,160530,13,,,1,81,,160531,13,,,1,80,,160532,13,,,1,20,,160533,13,,,1,20,,160534,13,,,1,60,,160535,13,,,1,20,,160536,13,,,1,20,,160537,13,,,1,64,,160538,13,,,1,30,,160539,13,,,1,70,,160540,13,,,1,30,,160541,13,,,1,70,,160542,13,,,1,30,,160543,13,,,1,70,,160544,13,,,1,30,,160545,13,,,1,70,,160546,13,,,1,30,,160547,13,,,1,70,,160548,13,,,1,30,,160549,13,,,1,64,,160528,2,,,1,5,,160550,13,,,1,22,,160551,13,,,1,60,,160552,13,,,1,20,,160553,13,,,1,20,,160554,13,,,1,60,,160555,13,,,1,30,,160556,13,,,1,70,,160557,13,,,1,30,,160558,13,,,1,68,,160559,13,,,1,30,,160560,13,,,1,70,,160561,13,,,1,30,,160562,13,,,1,70,,160563,13,,,1,30,,160564,13,,,1,70,,160565,13,,,1,31,,160566,13,,,1,80,,160567,13,,,1,40,,160568,13,,,1
2000101,'001-Saturday-1-26-04-0000010',601,,147976,13,,,1,40,,147977,13,,,1,80,,147978,13,,,1,35,,147979,13,,,1,70,,147980,13,,,1,29,,147981,13,,,1,69,,147982,13,,,1,30,,147983,13,,,1,70,,147984,13,,,1,30,,147985,13,,,1,70,,147986,13,,,1,30,,147987,13,,,1,70,,147988,13,,,1,30,,147989,13,,,1,70,,147990,13,,,1,30,,147991,13,,,1,70,,147992,13,,,1,30,,147993,13,,,1,70,,147994,13,,,1,30,,147995,13,,,1,70,,147996,13,,,1,31,,147997,13,,,1,71,,147998,13,,,1,30,,147999,13,,,1,70,,148000,13,,,1,30,,148001,13,,,1,70,,148002,13,,,1,30,,148003,13,,,1,70,,148004,13,,,1,30,,148005,13,,,1,70,,148006,13,,,1,30,,148007,13,,,1,70,,148008,13,,,1,75,,148009,13,,,1,40,,148010,13,,,1
