5301,'053-Weekday-1-26-02-1111100',609,,21546,40,,,1,32,,21547,40,,,1,73,,21548,40,,,1,15,,21579,40,,,1,15,,21549,40,,,1,15,,21550,40,,,1,55,,21577,40,,,1,15,,21551,40,,,1,15,,21587,40,,,1,15,,21588,40,,,1,54,,21582,40,,,1,30,,21578,40,,,1,70,,21552,40,,,1,30,,21553,40,,,1,70,,21554,40,,,1,30,,21555,40,,,1,70,,21556,40,,,1,30,,21557,40,,,1,70,,21558,40,,,1,30,,21559,40,,,1,70,,21560,40,,,1,30,,21561,40,,,1,75,,21562,40,,,1,15,,21563,40,,,1,16,,21564,40,,,1,55,,21565,40,,,1,15,,21580,40,,,1,15,,21566,40,,,1,15,,21567,40,,,1,55,,21581,40,,,1,15,,21568,40,,,1,15,,21583,40,,,1,15,,21589,40,,,1,55,,21590,40,,,1,15,,21591,40,,,1,23,,21584,40,,,1,69,,21569,40,,,1,30,,21570,40,,,1,70,,21571,40,,,1,30,,21572,40,,,1,70,,21573,40,,,1,30,,21574,40,,,1,70,,21575,40,,,1,28,,21576,40,,,1,100,,21585,40,,,1,100,,21586,40,,,1
5301,'053-Weekday-10-26-02-1111100',609,,21592,40,,,1,32,,21593,40,,,1,73,,21594,40,,,1,15,,21625,40,,,1,15,,21595,40,,,1,15,,21596,40,,,1,55,,21623,40,,,1,15,,21597,40,,,1,15,,21633,40,,,1,15,,21634,40,,,1,54,,21628,40,,,1,30,,21624,40,,,1,70,,21598,40,,,1,30,,21599,40,,,1,70,,21600,40,,,1,30,,21601,40,,,1,70,,21602,40,,,1,30,,21603,40,,,1,70,,21604,40,,,1,30,,21605,40,,,1,70,,21606,40,,,1,30,,21607,40,,,1,75,,21608,40,,,1,15,,21609,40,,,1,16,,21610,40,,,1,55,,21611,40,,,1,15,,21626,40,,,1,15,,21612,40,,,1,15,,21613,40,,,1,55,,21627,40,,,1,15,,21614,40,,,1,15,,21629,40,,,1,15,,21635,40,,,1,55,,21636,40,,,1,15,,21637,40,,,1,23,,21630,40,,,1,69,,21615,40,,,1,30,,21616,40,,,1,70,,21617,40,,,1,30,,21618,40,,,1,70,,21619,40,,,1,30,,21620,40,,,1,70,,21621,40,,,1,28,,21622,40,,,1,100,,21631,40,,,1,100,,21632,40,,,1
5301,'053-Weekday-4-26-02-1111100',609,,21684,40,,,1,32,,21685,40,,,1,73,,21686,40,,,1,15,,21717,40,,,1,15,,21687,40,,,1,15,,21688,40,,,1,55,,21715,40,,,1,15,,21689,40,,,1,15,,21725,40,,,1,15,,21726,40,,,1,54,,21720,40,,,1,30,,21716,40,,,1,70,,21690,40,,,1,30,,21691,40,,,1,70,,21692,40,,,1,30,,21693,40,,,1,70,,21694,40,,,1,30,,21695,40,,,1,70,,21696,40,,,1,30,,21697,40,,,1,70,,21698,40,,,1,30,,21699,40,,,1,75,,21700,40,,,1,15,,21701,40,,,1,16,,21702,40,,,1,55,,21703,40,,,1,15,,21718,40,,,1,15,,21704,40,,,1,15,,21705,40,,,1,55,,21719,40,,,1,15,,21706,40,,,1,15,,21721,40,,,1,15,,21727,40,,,1,55,,21728,40,,,1,15,,21729,40,,,1,23,,21722,40,,,1,69,,21707,40,,,1,30,,21708,40,,,1,70,,21709,40,,,1,30,,21710,40,,,1,70,,21711,40,,,1,30,,21712,40,,,1,70,,21713,40,,,1,28,,21714,40,,,1,100,,21723,40,,,1,100,,21724,40,,,1
5301,'053-Weekday-5-26-02-1111100',609,,21730,40,,,1,32,,21731,40,,,1,73,,21732,40,,,1,15,,21763,40,,,1,15,,21733,40,,,1,15,,21734,40,,,1,55,,21761,40,,,1,15,,21735,40,,,1,15,,21771,40,,,1,15,,21772,40,,,1,54,,21766,40,,,1,30,,21762,40,,,1,70,,21736,40,,,1,30,,21737,40,,,1,70,,21738,40,,,1,30,,21739,40,,,1,70,,21740,40,,,1,30,,21741,40,,,1,70,,21742,40,,,1,30,,21743,40,,,1,70,,21744,40,,,1,30,,21745,40,,,1,75,,21746,40,,,1,15,,21747,40,,,1,16,,21748,40,,,1,55,,21749,40,,,1,15,,21764,40,,,1,15,,21750,40,,,1,15,,21751,40,,,1,55,,21765,40,,,1,15,,21752,40,,,1,15,,21767,40,,,1,15,,21773,40,,,1,55,,21774,40,,,1,15,,21775,40,,,1,23,,21768,40,,,1,69,,21753,40,,,1,30,,21754,40,,,1,70,,21755,40,,,1,30,,21756,40,,,1,70,,21757,40,,,1,30,,21758,40,,,1,70,,21759,40,,,1,28,,21760,40,,,1,100,,21769,40,,,1,100,,21770,40,,,1
5301,'053-Weekday-7-26-02-1111100',609,,21822,40,,,1,32,,21823,40,,,1,73,,21824,40,,,1,15,,21855,40,,,1,15,,21825,40,,,1,15,,21826,40,,,1,55,,21853,40,,,1,15,,21827,40,,,1,15,,21863,40,,,1,15,,21864,40,,,1,54,,21858,40,,,1,30,,21854,40,,,1,70,,21828,40,,,1,30,,21829,40,,,1,70,,21830,40,,,1,30,,21831,40,,,1,70,,21832,40,,,1,30,,21833,40,,,1,70,,21834,40,,,1,30,,21835,40,,,1,70,,21836,40,,,1,30,,21837,40,,,1,75,,21838,40,,,1,15,,21839,40,,,1,16,,21840,40,,,1,55,,21841,40,,,1,15,,21856,40,,,1,15,,21842,40,,,1,15,,21843,40,,,1,55,,21857,40,,,1,15,,21844,40,,,1,15,,21859,40,,,1,15,,21865,40,,,1,55,,21866,40,,,1,15,,21867,40,,,1,23,,21860,40,,,1,69,,21845,40,,,1,30,,21846,40,,,1,70,,21847,40,,,1,30,,21848,40,,,1,70,,21849,40,,,1,30,,21850,40,,,1,70,,21851,40,,,1,28,,21852,40,,,1,100,,21861,40,,,1,100,,21862,40,,,1
5301,'053-Saturday-1-26-02-0000010',643,,21960,40,,,1,100,,21961,40,,,1,100,,21962,40,,,1,88,,21963,40,,,1,70,,21964,40,,,1,30,,21965,40,,,1,70,,21966,40,,,1,30,,21967,40,,,1,70,,21968,40,,,1,30,,21969,40,,,1,70,,21970,40,,,1,30,,21971,40,,,1,70,,21972,40,,,1,30,,21973,40,,,1,70,,21974,40,,,1,30,,21975,40,,,1,70,,21976,40,,,1,30,,21977,40,,,1,70,,21978,40,,,1,30,,21979,40,,,1,70,,21980,40,,,1,30,,21981,40,,,1,70,,21982,40,,,1,30,,21983,40,,,1,70,,21988,40,,,1,42,,21984,40,,,1,100,,21985,40,,,1,100,,21986,40,,,1,100,,21987,40,,,1
5301,'053-Sunday-1-26-02-0000001',739,,21989,40,,,1,100,,21990,40,,,1,92,,21991,40,,,1,100,,21992,40,,,1,70,,21993,40,,,1,30,,21994,40,,,1,70,,21995,40,,,1,30,,21996,40,,,1,70,,21997,40,,,1,30,,21998,40,,,1,70,,21999,40,,,1,30,,22000,40,,,1,70,,22001,40,,,1,30,,22002,40,,,1,70,,22003,40,,,1,30,,22004,40,,,1,70,,22005,40,,,1,30,,22006,40,,,1,70,,22007,40,,,1,30,,22008,40,,,1,70,,22009,40,,,1,39,,22010,40,,,1,100,,22011,40,,,1,100,,22012,40,,,1,100,,22013,40,,,1,100,,22014,40,,,1
63501,'635-Weekday-1-26-02-1111100',1536,,61066,17,,,1
63501,'635-Weekday-5-26-02-1111100',1536,,61069,17,,,1
63501,'635-Weekday-9-26-02-1111100',1536,,61070,17,,,1
