11901,'119-Weekday-7-26-04-1111100',521,,154438,31,,,1,30,,154439,31,,,1,70,,154440,31,,,1,32,,154441,31,,,1,55,,154442,31,,,1,15,,154443,31,,,1,15,,154482,31,,,1,15,,154444,31,,,1,55,,154445,31,,,1,15,,154446,31,,,1,15,,154447,31,,,1,15,,154448,31,,,1,69,,154449,31,,,1,31,,154450,31,,,1,70,,154451,31,,,1,30,,154452,31,,,1,70,,154453,31,,,1,30,,154454,31,,,1,70,,154455,31,,,1,30,,154456,31,,,1,70,,154457,31,,,1,30,,154458,31,,,1,70,,154459,31,,,1,30,,154460,31,,,1,73,,154484,31,,,1,20,,154461,31,,,1,56,,154483,31,,,1,15,,154462,31,,,1,15,,154463,31,,,1,15,,154464,31,,,1,55,,154465,31,,,1,15,,154466,31,,,1,15,,154467,31,,,1,70,,154468,31,,,1,29,,154469,31,,,1,69,,154470,31,,,1,28,,154471,31,,,1,30,,154472,31,,,1,70,,154473,31,,,1,30,,154474,31,,,1,70,,154475,31,,,1,29,,154476,31,,,1,69,,154477,31,,,1,29,,154478,31,,,1,70,,154479,31,,,1,30,,154480,31,,,1,70,,154481,31,,,1
11901,'119-Saturday-1-26-04-0000010',635,,123635,31,,,1,70,,123636,31,,,1,30,,123637,31,,,1,70,,123638,31,,,1,30,,123669,31,,,1,72,,123639,31,,,1,32,,123640,31,,,1,70,,123641,31,,,1,30,,123642,31,,,1,70,,123643,31,,,1,30,,123644,31,,,1,70,,123645,31,,,1,30,,123646,31,,,1,70,,123647,31,,,1,30,,123648,31,,,1,70,,123649,31,,,1,30,,123650,31,,,1,70,,123651,31,,,1,30,,123652,31,,,1,70,,123653,31,,,1,30,,123654,31,,,1,69,,123655,31,,,1,29,,123656,31,,,1,70,,123657,31,,,1,30,,123658,31,,,1,70,,123659,31,,,1,30,,123660,31,,,1,70,,123661,31,,,1,30,,123662,31,,,1,70,,123663,31,,,1,30,,123664,31,,,1,70,,123665,31,,,1,30,,123666,31,,,1,100,,123667,31,,,1,100,,123668,31,,,1
12201,'122-Weekday-7-26-04-1111100',542,,154609,17,0,29 30,1,70,,154610,17,0,29 30,1,30,,154611,17,0,29 30,1,70,,154612,17,0,29 30,1,30,,154613,17,0,29 30,1,70,,154614,17,0,29 30,1,30,,154615,17,0,29 30,1,71,,154631,17,0,29 30,1,30,,154632,17,0,29 30,1,70,,154633,17,0,29 30,1,30,,154634,17,0,29 30,1,70,,154635,17,0,29 30,1,30,,154636,17,0,29 30,1,70,,154637,17,0,29 30,1,30,,154638,17,0,29 30,1,70,,154639,17,0,29 30,1,30,,154640,17,0,29 30,1,70,,154641,17,0,29 30,1,30,,154642,17,0,29 30,1,70,,154643,17,0,29 30,1,30,,154616,17,0,29 30,1,60,,154617,17,0,29 30,1,20,,154618,17,0,29 30,1,20,,154619,17,0,29 30,1,60,,154620,17,0,29 30,1,20,,154621,17,0,29 30,1,30,,154622,17,0,29 30,1,70,,154623,17,0,29 30,1,28,,154624,17,0,29 30,1,70,,154625,17,0,29 30,1,30,,154626,17,0,29 30,1,70,,154627,17,0,29 30,1,30,,154628,17,0,29 30,1,70,,154629,17,0,29 30,1,30,,154630,17,0,29 30,1
12201,'122-Saturday-1-26-04-0000010',818,,124316,17,0,29 30,1,30,,124317,17,0,29 30,1,70,,124318,17,0,29 30,1,30,,124319,17,0,29 30,1,70,,124320,17,0,29 30,1,30,,124321,17,0,29 30,1,70,,124322,17,0,29 30,1,30,,124323,17,0,29 30,1,70,,124324,17,0,29 30,1,30,,124325,17,0,29 30,1,70,,124326,17,0,29 30,1,30,,124327,17,0,29 30,1,70,,124328,17,0,29 30,1,30,,124329,17,0,29 30,1,70,,124330,17,0,29 30,1,30,,124331,17,0,29 30,1,70,,124332,17,0,29 30,1,30,,124333,17,0,29 30,1,70,,124334,17,0,29 30,1,30,,124335,17,0,29 30,1,70,,124336,17,0,29 30,1,30,,124337,17,0,29 30,1,70,,124338,17,0,29 30,1
61000,'610-Weekday-7-26-04-0001000',1248,,156383,31,,,1,2,,156382,31,,,1,203,,156384,31,,,1,5,,156385,31,,,1
61000,'610-Weekday-7-26-04-1110100',1545,,156386,31,,,1,4,,156387,31,,,1,6,,156388,31,,,1,45,,156389,31,,,1
61001,'610-Weekday-7-26-04-1111100',715,,156390,9,,,1,4,,156391,9,,,1,6,,156392,9,,,1,81,,156393,9,,,1,6,,156394,9,,,1,5,,156395,9,,,1
61100,'611-Weekday-7-26-04-0001000',1213,,156396,18,,,1,5,,156397,18,,,1
61100,'611-Weekday-7-26-04-1110100',1519,,156398,18,,,1,5,,156399,18,,,1
61101,'611-Weekday-7-26-04-1111100',724,,156400,9,,,1,11,,156401,9,,,1
61600,'616-Weekday-7-26-04-0001000',1430,,156423,20,,,1,4,,156424,20,,,1
61600,'616-Weekday-7-26-04-1110100',1529,,156426,20,,,1,4,,156425,20,,,1
61601,'616-Weekday-7-26-04-1111100',755,,156427,9,,,1,50,,156428,9,,,1
68400,'684-Weekday-7-26-04-0001000',1325,,156702,45,,,1
68400,'684-Weekday-7-26-04-1110100',1638,,156705,45,,,1
68400,'684-Weekday-7-26-04-1111100',1611,,156708,50,,,1
68401,'684-Weekday-7-26-04-1111100',735,,156709,9,,,1
