'DX-517-Weekday-1-25-12-1101100',51701,74900,,'',1,6700,4,'',1
'DX-517-Weekday-1-25-12-1111100',51701,53000,,'',1,2300,4,'',1,4700,,'',1,2300,4,'',1,700,,'',1,2000,,'',1,700,4,'',1,5300,,'',1,700,4,'',1,1300,,'',1,700,4,'',1,1300,,'',1,700,4,'',1,5300,,'',1,700,4,'',1,1300,,'',1,700,4,'',1,2000,4,'',1,4300,,'',1,2600,4,'',1,400,,'',1,2600,4,'',1,4400,,'',1,2600,4,'',1,400,,'',1,2600,4,'',1,4400,,'',1,2600,4,'',1,400,,'',1,2600,4,'',1,4400,,'',1,2600,4,'',1,400,,'',1,2600,4,'',1,4400,,'',1,2600,4,'',1,400,,'',1,2600,4,'',1,4400,,'',1,2600,4,'',1,400,,'',1,2600,4,'',1,4400,,'',1,2800,4,'',1,200,,'',1,1500,,'',1,500,,'',1,800,4,'',1,5200,,'',1,300,4,'',1,500,4,'',1,1200,,'',1,800,4,'',1,1200,,'',1,800,4,'',1,5200,,'',1,800,4,'',1,1200,,'',1,800,4,'',1,2000,4,'',1,4200,,'',1,2800,4,'',1,200,,'',1,2400,4,'',1,4600,,'',1,2400,4,'',1,600,,'',1,2400,4,'',1,4600,,'',1,2400,4,'',1,600,,'',1,2400,4,'',1,4600,,'',1,2400,4,'',1,600,,'',1,2400,4,'',1,4600,,'',1,2200,4,'',1
'DX-517-Weekday-10-25-09-1101100',51701,74900,,'',1,6700,4,'',1
'DX-517-Weekday-10-25-09-1111100',51701,53000,,'',1,2300,4,'',1,4700,,'',1,2300,4,'',1,700,,'',1,2000,,'',1,700,4,'',1,5300,,'',1,700,4,'',1,1300,,'',1,700,4,'',1,1300,,'',1,700,4,'',1,5300,,'',1,700,4,'',1,1300,,'',1,700,4,'',1,2000,4,'',1,4300,,'',1,2600,4,'',1,400,,'',1,2600,4,'',1,4400,,'',1,2600,4,'',1,400,,'',1,2600,4,'',1,4400,,'',1,2600,4,'',1,400,,'',1,2600,4,'',1,4400,,'',1,2600,4,'',1,400,,'',1,2600,4,'',1,4400,,'',1,2600,4,'',1,400,,'',1,2600,4,'',1,4400,,'',1,2600,4,'',1,400,,'',1,2600,4,'',1,4400,,'',1,2800,4,'',1,200,,'',1,1500,,'',1,500,,'',1,800,4,'',1,5200,,'',1,300,4,'',1,500,4,'',1,1200,,'',1,800,4,'',1,1200,,'',1,800,4,'',1,5200,,'',1,800,4,'',1,1200,,'',1,800,4,'',1,2000,4,'',1,4200,,'',1,2800,4,'',1,200,,'',1,2400,4,'',1,4600,,'',1,2400,4,'',1,600,,'',1,2400,4,'',1,4600,,'',1,2400,4,'',1,600,,'',1,2400,4,'',1,4600,,'',1,2400,4,'',1,600,,'',1,2400,4,'',1,4600,,'',1,2200,4,'',1
'DX-517-Weekday-11-25-09-1101100',51701,74900,,'',1,6700,4,'',1
'DX-517-Weekday-11-25-09-1111100',51701,53000,,'',1,2300,4,'',1,4700,,'',1,2300,4,'',1,700,,'',1,2000,,'',1,700,4,'',1,5300,,'',1,700,4,'',1,1300,,'',1,700,4,'',1,1300,,'',1,700,4,'',1,5300,,'',1,700,4,'',1,1300,,'',1,700,4,'',1,2000,4,'',1,4300,,'',1,2600,4,'',1,400,,'',1,2600,4,'',1,4400,,'',1,2600,4,'',1,400,,'',1,2600,4,'',1,4400,,'',1,2600,4,'',1,400,,'',1,2600,4,'',1,4400,,'',1,2600,4,'',1,400,,'',1,2600,4,'',1,4400,,'',1,2600,4,'',1,400,,'',1,2600,4,'',1,4400,,'',1,2600,4,'',1,400,,'',1,2600,4,'',1,4400,,'',1,2800,4,'',1,200,,'',1,1500,,'',1,500,,'',1,800,4,'',1,5200,,'',1,300,4,'',1,500,4,'',1,1200,,'',1,800,4,'',1,1200,,'',1,800,4,'',1,5200,,'',1,800,4,'',1,1200,,'',1,800,4,'',1,2000,4,'',1,4200,,'',1,2800,4,'',1,200,,'',1,2400,4,'',1,4600,,'',1,2400,4,'',1,600,,'',1,2400,4,'',1,4600,,'',1,2400,4,'',1,600,,'',1,2400,4,'',1,4600,,'',1,2400,4,'',1,600,,'',1,2400,4,'',1,4600,,'',1,2200,4,'',1
'DX-517-Weekday-2-25-12-1111100',51701,53000,,'',1,2300,4,'',1,4700,,'',1,2300,4,'',1,700,,'',1,2000,,'',1,700,4,'',1,5300,,'',1,700,4,'',1,1300,,'',1,700,4,'',1,1300,,'',1,700,4,'',1,5300,,'',1,700,4,'',1,1300,,'',1,700,4,'',1,2000,4,'',1,4300,,'',1,2600,4,'',1,400,,'',1,2600,4,'',1,4400,,'',1,2600,4,'',1,400,,'',1,2600,4,'',1,4400,,'',1,2600,4,'',1,400,,'',1,2600,4,'',1,4400,,'',1,2600,4,'',1,400,,'',1,2600,4,'',1,4400,,'',1,2600,4,'',1,400,,'',1,2600,4,'',1,4400,,'',1,2600,4,'',1,400,,'',1,2600,4,'',1,4400,,'',1,2800,4,'',1,200,,'',1,2000,,'',1,800,4,'',1,5200,,'',1,800,4,'',1,1200,,'',1,800,4,'',1,1200,,'',1,800,4,'',1,5200,,'',1,800,4,'',1,1200,,'',1,800,4,'',1,2000,4,'',1,4200,,'',1,2800,4,'',1,200,,'',1,2400,4,'',1,4600,,'',1,2400,4,'',1,600,,'',1,2400,4,'',1,4600,,'',1,2400,4,'',1,600,,'',1,2400,4,'',1,4600,,'',1,2400,4,'',1,600,,'',1,2400,4,'',1,4600,,'',1,2200,4,'',1
'DX-517-Weekday-3-25-12-1111100',51701,53000,,'',1,2300,4,'',1,4700,,'',1,2300,4,'',1,700,,'',1,2000,,'',1,700,4,'',1,5300,,'',1,700,4,'',1,1300,,'',1,700,4,'',1,1300,,'',1,700,4,'',1,5300,,'',1,700,4,'',1,1300,,'',1,700,4,'',1,2000,4,'',1,4300,,'',1,2600,4,'',1,400,,'',1,2600,4,'',1,4400,,'',1,2600,4,'',1,400,,'',1,2600,4,'',1,4400,,'',1,2600,4,'',1,400,,'',1,2600,4,'',1,4400,,'',1,2600,4,'',1,400,,'',1,2600,4,'',1,4400,,'',1,2600,4,'',1,400,,'',1,2600,4,'',1,4400,,'',1,2600,4,'',1,400,,'',1,2600,4,'',1,4400,,'',1,2800,4,'',1,200,,'',1,2000,,'',1,800,4,'',1,5200,,'',1,800,4,'',1,1200,,'',1,800,4,'',1,1200,,'',1,800,4,'',1,5200,,'',1,800,4,'',1,1200,,'',1,800,4,'',1,2000,4,'',1,4200,,'',1,2800,4,'',1,200,,'',1,2400,4,'',1,4600,,'',1,2400,4,'',1,600,,'',1,2400,4,'',1,4600,,'',1,2400,4,'',1,600,,'',1,2400,4,'',1,4600,,'',1,2400,4,'',1,600,,'',1,2400,4,'',1,4600,,'',1,2200,4,'',1
'DX-517-Weekday-4-25-12-1101100',51701,74900,,'',1,6700,4,'',1
'DX-517-Weekday-4-25-12-1111100',51701,53000,,'',1,2300,4,'',1,4700,,'',1,2300,4,'',1,700,,'',1,2000,,'',1,700,4,'',1,5300,,'',1,700,4,'',1,1300,,'',1,700,4,'',1,1300,,'',1,700,4,'',1,5300,,'',1,700,4,'',1,1300,,'',1,700,4,'',1,2000,4,'',1,4300,,'',1,2600,4,'',1,400,,'',1,2600,4,'',1,4400,,'',1,2600,4,'',1,400,,'',1,2600,4,'',1,4400,,'',1,2600,4,'',1,400,,'',1,2600,4,'',1,4400,,'',1,2600,4,'',1,400,,'',1,2600,4,'',1,4400,,'',1,2600,4,'',1,400,,'',1,2600,4,'',1,4400,,'',1,2600,4,'',1,400,,'',1,2600,4,'',1,4400,,'',1,2800,4,'',1,200,,'',1,1500,,'',1,500,,'',1,800,4,'',1,5200,,'',1,300,4,'',1,500,4,'',1,1200,,'',1,800,4,'',1,1200,,'',1,800,4,'',1,5200,,'',1,800,4,'',1,1200,,'',1,800,4,'',1,2000,4,'',1,4200,,'',1,2800,4,'',1,200,,'',1,2400,4,'',1,4600,,'',1,2400,4,'',1,600,,'',1,2400,4,'',1,4600,,'',1,2400,4,'',1,600,,'',1,2400,4,'',1,4600,,'',1,2400,4,'',1,600,,'',1,2400,4,'',1,4600,,'',1,2200,4,'',1
'DX-517-Weekday-5-25-12-1111100',51701,53000,,'',1,2300,4,'',1,4700,,'',1,2300,4,'',1,700,,'',1,2000,,'',1,700,4,'',1,5300,,'',1,700,4,'',1,1300,,'',1,700,4,'',1,1300,,'',1,700,4,'',1,5300,,'',1,700,4,'',1,1300,,'',1,700,4,'',1,2000,4,'',1,4300,,'',1,2600,4,'',1,400,,'',1,2600,4,'',1,4400,,'',1,2600,4,'',1,400,,'',1,2600,4,'',1,4400,,'',1,2600,4,'',1,400,,'',1,2600,4,'',1,4400,,'',1,2600,4,'',1,400,,'',1,2600,4,'',1,4400,,'',1,2600,4,'',1,400,,'',1,2600,4,'',1,4400,,'',1,2600,4,'',1,400,,'',1,2600,4,'',1,4400,,'',1,2800,4,'',1,200,,'',1,2000,,'',1,800,4,'',1,5200,,'',1,800,4,'',1,1200,,'',1,800,4,'',1,1200,,'',1,800,4,'',1,5200,,'',1,800,4,'',1,1200,,'',1,800,4,'',1,2000,4,'',1,4200,,'',1,2800,4,'',1,200,,'',1,2400,4,'',1,4600,,'',1,2400,4,'',1,600,,'',1,2400,4,'',1,4600,,'',1,2400,4,'',1,600,,'',1,2400,4,'',1,4600,,'',1,2400,4,'',1,600,,'',1,2400,4,'',1,4600,,'',1,2200,4,'',1
'SA-517-Saturday-1-25-09-0000010',51701,75300,,'',1,6300,4,'',1,700,,'',1,2300,4,'',1,700,,'',1,6400,4,'',1,600,,'',1,2500,4,'',1,500,,'',1,6500,4,'',1,500,,'',1,2500,4,'',1,500,,'',1,6500,4,'',1,500,,'',1,2500,4,'',1,500,,'',1,6500,4,'',1,500,,'',1,2500,4,'',1,500,,'',1,6500,4,'',1,500,,'',1,2500,4,'',1,500,,'',1,6500,4,'',1,500,,'',1,2500,4,'',1,500,,'',1,6500,4,'',1,500,,'',1,2500,4,'',1,500,,'',1,6500,4,'',1,500,,'',1,2500,4,'',1,500,,'',1,6400,4,'',1,600,,'',1,2300,4,'',1,700,,'',1,6300,4,'',1,700,,'',1,2300,4,'',1,700,,'',1,6300,4,'',1
'SA-517-Saturday-1-25-12-0000010',51701,75300,,'',1,6300,4,'',1,700,,'',1,2300,4,'',1,700,,'',1,6400,4,'',1,600,,'',1,2500,4,'',1,500,,'',1,6500,4,'',1,500,,'',1,2500,4,'',1,500,,'',1,6500,4,'',1,500,,'',1,2500,4,'',1,500,,'',1,6500,4,'',1,500,,'',1,2500,4,'',1,500,,'',1,6500,4,'',1,500,,'',1,2500,4,'',1,500,,'',1,6500,4,'',1,500,,'',1,2500,4,'',1,500,,'',1,6500,4,'',1,500,,'',1,2500,4,'',1,500,,'',1,6500,4,'',1,500,,'',1,2500,4,'',1,500,,'',1,6400,4,'',1,600,,'',1,2300,4,'',1,700,,'',1,6300,4,'',1,700,,'',1,2300,4,'',1,700,,'',1,6300,4,'',1
'SU-517-Sunday-1-25-12-0000001',51701,100000,,'',1,2500,4,'',1,500,,'',1,2500,4,'',1,4500,,'',1,2500,4,'',1,500,,'',1,2500,4,'',1,4500,,'',1,2500,4,'',1,500,,'',1,2500,4,'',1,4500,,'',1,2500,4,'',1,500,,'',1,2500,4,'',1,4500,,'',1,2500,4,'',1,500,,'',1,2500,4,'',1,4500,,'',1,2500,4,'',1,500,,'',1,2500,4,'',1,4500,,'',1,2500,4,'',1,500,,'',1,2500,4,'',1,4500,,'',1,2300,4,'',1,700,,'',1,2300,4,'',1,4700,,'',1,2300,4,'',1,700,,'',1,2300,4,'',1,4700,,'',1,2300,4,'',1
