51801,'518-Weekday-1-26-02-0001000',1244,,54253,14,,,1
51801,'518-Weekday-1-26-02-1111100',528,,54254,14,,,1,30,,54255,14,,,1,63,,54303,14,,,1,21,,54256,14,,,1,12,,54257,14,,,1,52,,54258,14,,,1,12,,54304,14,,,1,12,,54259,14,,,1,12,,54260,14,,,1,12,,54261,14,,,1,52,,54262,14,,,1,12,,54305,14,,,1,12,,54263,14,,,1,12,,54264,14,,,1,12,,54306,14,,,1,75,,54265,14,,,1,30,,54266,14,,,1,70,,54267,14,,,1,30,,54268,14,,,1,70,,54269,14,,,1,30,,54270,14,,,1,70,,54271,14,,,1,30,,54272,14,,,1,70,,54273,14,,,1,30,,54274,14,,,1,70,,54275,14,,,1,71,,54276,14,,,1,14,,54277,14,,,1,12,,54278,14,,,1,12,,54300,14,,,1,12,,54279,14,,,1,5,,54307,14,,,1,47,,54280,14,,,1,12,,54281,14,,,1,12,,54282,14,,,1,12,,54302,14,,,1,12,,54283,14,,,1,52,,54284,14,,,1,12,,54285,14,,,1,12,,54286,14,,,1,12,,54301,14,,,1,12,,54287,14,,,1,52,,54288,14,,,1,12,,54289,14,,,1,17,,54290,14,,,1,28,,54291,14,,,1,70,,54292,14,,,1,30,,54293,14,,,1,70,,54294,14,,,1,30,,54295,14,,,1,70,,54296,14,,,1,30,,54297,14,,,1,98,,54298,14,,,1,100,,54299,14,,,1
51801,'518-Weekday-10-26-02-0001000',1244,,54308,14,,,1
51801,'518-Weekday-10-26-02-1111100',528,,54309,14,,,1,30,,54310,14,,,1,63,,54358,14,,,1,21,,54311,14,,,1,12,,54312,14,,,1,52,,54313,14,,,1,12,,54359,14,,,1,12,,54314,14,,,1,12,,54315,14,,,1,12,,54316,14,,,1,52,,54317,14,,,1,12,,54360,14,,,1,12,,54318,14,,,1,12,,54319,14,,,1,12,,54361,14,,,1,75,,54320,14,,,1,30,,54321,14,,,1,70,,54322,14,,,1,30,,54323,14,,,1,70,,54324,14,,,1,30,,54325,14,,,1,70,,54326,14,,,1,30,,54327,14,,,1,70,,54328,14,,,1,30,,54329,14,,,1,70,,54330,14,,,1,71,,54331,14,,,1,14,,54332,14,,,1,12,,54333,14,,,1,12,,54355,14,,,1,12,,54334,14,,,1,5,,54362,14,,,1,47,,54335,14,,,1,12,,54336,14,,,1,12,,54337,14,,,1,12,,54357,14,,,1,12,,54338,14,,,1,52,,54339,14,,,1,12,,54340,14,,,1,12,,54341,14,,,1,12,,54356,14,,,1,12,,54342,14,,,1,52,,54343,14,,,1,12,,54344,14,,,1,17,,54345,14,,,1,28,,54346,14,,,1,70,,54347,14,,,1,30,,54348,14,,,1,70,,54349,14,,,1,30,,54350,14,,,1,70,,54351,14,,,1,30,,54352,14,,,1,98,,54353,14,,,1,100,,54354,14,,,1
51801,'518-Weekday-11-26-02-1111100',528,,115753,14,,,1,30,,115754,14,,,1,63,,115802,14,,,1,21,,115755,14,,,1,12,,115756,14,,,1,52,,115757,14,,,1,12,,115803,14,,,1,12,,115758,14,,,1,12,,115759,14,,,1,12,,115760,14,,,1,52,,115761,14,,,1,12,,115804,14,,,1,12,,115762,14,,,1,12,,115763,14,,,1,12,,115805,14,,,1,75,,115764,14,,,1,30,,115765,14,,,1,70,,115766,14,,,1,30,,115767,14,,,1,70,,115768,14,,,1,30,,115769,14,,,1,70,,115770,14,,,1,30,,115771,14,,,1,70,,115772,14,,,1,30,,115773,14,,,1,70,,115774,14,,,1,71,,115775,14,,,1,14,,115776,14,,,1,12,,115777,14,,,1,12,,115799,14,,,1,12,,115778,14,,,1,5,,115806,14,,,1,47,,115779,14,,,1,12,,115780,14,,,1,12,,115781,14,,,1,12,,115801,14,,,1,12,,115782,14,,,1,52,,115783,14,,,1,12,,115784,14,,,1,12,,115785,14,,,1,12,,115800,14,,,1,12,,115786,14,,,1,52,,115787,14,,,1,12,,115788,14,,,1,17,,115789,14,,,1,28,,115790,14,,,1,70,,115791,14,,,1,30,,115792,14,,,1,70,,115793,14,,,1,30,,115794,14,,,1,70,,115795,14,,,1,30,,115796,14,,,1,98,,115797,14,,,1,100,,115798,14,,,1
51801,'518-Saturday-1-26-02-0000010',628,,54741,14,,,1,97,,54742,14,,,1,88,,54743,14,,,1,30,,54744,14,,,1,73,,54745,14,,,1,30,,54746,14,,,1,70,,54747,14,,,1,30,,54748,14,,,1,70,,54749,14,,,1,30,,54750,14,,,1,70,,54751,14,,,1,30,,54752,14,,,1,70,,54753,14,,,1,30,,54754,14,,,1,70,,54755,14,,,1,30,,54756,14,,,1,70,,54757,14,,,1,30,,54758,14,,,1,67,,54759,14,,,1,30,,54760,14,,,1,70,,54761,14,,,1,33,,54762,14,,,1,70,,54763,14,,,1,30,,54764,14,,,1,70,,54765,14,,,1,30,,54770,14,,,1,70,,54766,14,,,1,30,,54771,14,,,1,70,,54767,14,,,1,30,,54772,14,,,1,70,,54768,14,,,1,100,,54769,14,,,1,100,,54773,14,,,1
51801,'518-Sunday-2-26-02-0000001',621,,115828,14,,,1,100,,115829,14,,,1,100,,115830,14,,,1,103,,115831,14,,,1,85,,115807,14,,,1,30,,115808,14,,,1,70,,115809,14,,,1,30,,115810,14,,,1,70,,115811,14,,,1,30,,115812,14,,,1,70,,115813,14,,,1,30,,115814,14,,,1,70,,115815,14,,,1,30,,115816,14,,,1,70,,115817,14,,,1,30,,115818,14,,,1,70,,115819,14,,,1,30,,115820,14,,,1,72,,115821,14,,,1,30,,115822,14,,,1,70,,115823,14,,,1,37,,115824,14,,,1,86,,115825,14,,,1,99,,115826,14,,,1,100,,115827,14,,,1,100,,115832,14,,,1,100,,115833,14,,,1
66501,'665-Weekday-1-26-02-1111100',804,,61632,5,,,1,2,,61633,5,,,1
66501,'665-Weekday-10-26-02-1111100',804,,116861,5,,,1,2,,116862,5,,,1
66501,'665-Weekday-9-26-02-1111100',804,,61640,5,,,1,2,,61641,5,,,1
