63800,'638-Weekday-1-26-02-0000100',938,,61099,22,,,1
63800,'638-Weekday-1-26-02-1111000',826,,61100,22,,,1
63800,'638-Weekday-1-26-02-1111100',744,,61101,22,,,1
63800,'638-Weekday-2-26-02-0000100',938,,61102,22,,,1
63800,'638-Weekday-2-26-02-1111000',826,,61103,22,,,1
63800,'638-Weekday-2-26-02-1111100',744,,61104,22,,,1
63800,'638-Weekday-4-26-02-1111000',826,,61105,22,,,1
63800,'638-Weekday-5-26-02-0000100',938,,61106,22,,,1
63800,'638-Weekday-5-26-02-1111000',826,,61107,22,,,1
63800,'638-Weekday-5-26-02-1111100',744,,61108,22,,,1
63800,'638-Weekday-6-26-02-1111100',744,,61109,22,,,1
63800,'638-Weekday-8-26-02-1111100',744,,61110,22,,,1
63800,'638-Weekday-9-26-02-1111000',826,,61111,22,,,1
63800,'638-Weekday-9-26-02-1111100',744,,61112,22,,,1
