66300,'663-Weekday-1-26-02-1111100',740,,61536,8,,,1,8,,61537,8,,,1
66300,'663-Weekday-9-26-02-1111100',740,,61546,8,,,1,8,,61547,8,,,1
66301,'663-Weekday-1-26-02-1110100',1527,,61551,10,,,1,2,,61552,10,,,1,2,,61553,10,,,1
66301,'663-Weekday-9-26-02-0001000',1233,,61572,10,,,1,2,,61573,10,,,1,2,,61574,10,,,1
66800,'668-Weekday-1-26-02-1111100',829,,61668,8,,,1,2,,61670,8,,,1,2,,61669,8,,,1
66800,'668-Weekday-9-26-02-1111100',829,,61680,8,,,1,2,,61682,8,,,1,2,,61681,8,,,1
66801,'668-Weekday-1-26-02-1110100',1529,,61685,15,,,1,3,,61686,15,,,1
66801,'668-Weekday-9-26-02-0001000',1450,,61697,15,,,1,3,,61698,15,,,1
71900,'719-Weekday-1-26-02-1111100',448,,75934,8,,,1,70,,75937,8,,,1,30,,75887,8,,,1,7,,75938,8,,,1,48,,75947,8,,,1,7,,75952,8,,,1,8,,75888,8,,,1,7,,75936,8,,,1,9,,75889,8,,,1,7,,75953,8,,,1,7,,75963,8,,,1,6,,75944,8,,,1,48,,75954,8,,,1,7,,75890,8,,,1,8,,75955,8,,,1,7,,75891,8,,,1,8,,75956,8,,,1,7,,75945,8,,,1,8,,75957,8,,,1,7,,75892,8,,,1,48,,75958,8,,,1,7,,75946,8,,,1,8,,75959,8,,,1,7,,75893,8,,,1,8,,75960,8,,,1,7,,75935,8,,,1,62,,75894,8,,,1,18,,75895,8,,,1,20,,75896,8,,,1,20,,75897,8,,,1,60,,75898,8,,,1,20,,75899,8,,,1,20,,75900,8,,,1,60,,75901,8,,,1,20,,75902,8,,,1,20,,75903,8,,,1,60,,75904,8,,,1,20,,75905,8,,,1,20,,75906,8,,,1,60,,75907,8,,,1,20,,75908,8,,,1,20,,75909,8,,,1,60,,75910,8,,,1,20,,75911,8,,,1,20,,75912,8,,,1,65,,75913,8,,,1,12,,75962,8,0,24,1,9,,75914,8,,,1,11,,75949,8,0,24,1,49,,75915,8,,,1,11,,75950,8,0,24,1,9,,75948,8,,,1,11,,75951,8,0,24,1,9,,75916,8,,,1,11,,75943,8,0,24,1,49,,75917,8,,,1,11,,75940,8,0,24,1,9,,75918,8,,,1,11,,75941,8,0,24,1,9,,75919,8,,,1,11,,75942,8,0,24,1,49,,75920,8,,,1,11,,75961,8,0,24,1,11,,75921,8,,,1,16,,75922,8,,,1,58,,75923,8,,,1,20,,75924,8,,,1,20,,75925,8,,,1,60,,75926,8,,,1,20,,75927,8,,,1,20,,75928,8,,,1,60,,75929,8,,,1,20,,75930,8,,,1,20,,75939,8,,,1,69,,75931,8,,,1,99,,75932,8,,,1,100,,75933,8,,,1
71900,'719-Weekday-10-26-02-1111100',448,,76011,8,,,1,70,,76014,8,,,1,30,,75964,8,,,1,7,,76015,8,,,1,48,,76024,8,,,1,7,,76029,8,,,1,8,,75965,8,,,1,7,,76013,8,,,1,9,,75966,8,,,1,7,,76030,8,,,1,7,,76040,8,,,1,6,,76021,8,,,1,48,,76031,8,,,1,7,,75967,8,,,1,8,,76032,8,,,1,7,,75968,8,,,1,8,,76033,8,,,1,7,,76022,8,,,1,8,,76034,8,,,1,7,,75969,8,,,1,48,,76035,8,,,1,7,,76023,8,,,1,8,,76036,8,,,1,7,,75970,8,,,1,8,,76037,8,,,1,7,,76012,8,,,1,62,,75971,8,,,1,18,,75972,8,,,1,20,,75973,8,,,1,20,,75974,8,,,1,60,,75975,8,,,1,20,,75976,8,,,1,20,,75977,8,,,1,60,,75978,8,,,1,20,,75979,8,,,1,20,,75980,8,,,1,60,,75981,8,,,1,20,,75982,8,,,1,20,,75983,8,,,1,60,,75984,8,,,1,20,,75985,8,,,1,20,,75986,8,,,1,60,,75987,8,,,1,20,,75988,8,,,1,20,,75989,8,,,1,65,,75990,8,,,1,12,,76039,8,0,24,1,9,,75991,8,,,1,11,,76026,8,0,24,1,49,,75992,8,,,1,11,,76027,8,0,24,1,9,,76025,8,,,1,11,,76028,8,0,24,1,9,,75993,8,,,1,11,,76020,8,0,24,1,49,,75994,8,,,1,11,,76017,8,0,24,1,9,,75995,8,,,1,11,,76018,8,0,24,1,9,,75996,8,,,1,11,,76019,8,0,24,1,49,,75997,8,,,1,11,,76038,8,0,24,1,11,,75998,8,,,1,16,,75999,8,,,1,58,,76000,8,,,1,20,,76001,8,,,1,20,,76002,8,,,1,60,,76003,8,,,1,20,,76004,8,,,1,20,,76005,8,,,1,60,,76006,8,,,1,20,,76007,8,,,1,20,,76016,8,,,1,69,,76008,8,,,1,99,,76009,8,,,1,100,,76010,8,,,1
71900,'719-Saturday-1-26-02-0000010',556,,76580,8,,,1,70,,76581,8,,,1,30,,76582,8,,,1,70,,76583,8,,,1,30,,76584,8,,,1,70,,76585,8,,,1,30,,76586,8,,,1,72,,76587,8,,,1,30,,76588,8,,,1,70,,76589,8,,,1,30,,76590,8,,,1,70,,76591,8,,,1,30,,76592,8,,,1,70,,76593,8,,,1,30,,76594,8,,,1,70,,76595,8,,,1,30,,76596,8,,,1,70,,76597,8,,,1,30,,76598,8,,,1,70,,76599,8,,,1,30,,76600,8,,,1,70,,76601,8,,,1,30,,76602,8,,,1,70,,76603,8,,,1,30,,76604,8,,,1,70,,76605,8,,,1,30,,76606,8,,,1,70,,76607,8,,,1,30,,76608,8,,,1,70,,76609,8,,,1,30,,76610,8,,,1,70,,76611,8,,,1,30,,76612,8,,,1,70,,76613,8,,,1,30,,76614,8,,,1,70,,76615,8,,,1,30,,76616,8,,,1
