50100,'501-Weekday-1-26-06-1111100',608,,173986,14,,,1,31,,173987,14,,,1,75,,174019,14,,,1,21,,173988,14,,,1,20,,174016,14,,,1,60,,173989,14,,,1,20,,173990,14,,,1,76,,173992,14,,,1,35,,173993,14,,,1,75,,173994,14,,,1,34,,173995,14,,,1,74,,173996,14,,,1,74,,173997,14,,,1,34,,173998,14,,,1,74,,173999,14,,,1,34,,174000,14,,,1,74,,174021,14,,,1,35,,174020,14,,,1,68,,174017,14,,,1,22,,174001,14,,,1,61,,174002,14,,,1,20,,174003,14,,,1,20,,174018,14,,,1,60,,174005,14,,,1,20,,174004,14,,,1,20,,174007,14,,,1,65,,174008,14,,,1,30,,174009,14,,,1,71,,174010,14,,,1,31,,174011,14,,,1,71,,174012,14,,,1,31,,174013,14,,,1,71,,174014,14,,,1,31,,174015,14,,,1,99,,174006,14,,,1,100,,173991,14,,,1
50100,'501-Weekday-2-26-06-1111100',608,,194921,14,,,1,31,,194922,14,,,1,75,,194954,14,,,1,21,,194923,14,,,1,20,,194951,14,,,1,60,,194924,14,,,1,20,,194925,14,,,1,76,,194927,14,,,1,35,,194928,14,,,1,75,,194929,14,,,1,34,,194930,14,,,1,74,,194931,14,,,1,74,,194932,14,,,1,34,,194933,14,,,1,74,,194934,14,,,1,34,,194935,14,,,1,74,,194956,14,,,1,35,,194955,14,,,1,68,,194952,14,,,1,22,,194936,14,,,1,61,,194937,14,,,1,20,,194938,14,,,1,20,,194953,14,,,1,60,,194940,14,,,1,20,,194939,14,,,1,20,,194942,14,,,1,65,,194943,14,,,1,30,,194944,14,,,1,71,,194945,14,,,1,31,,194946,14,,,1,71,,194947,14,,,1,31,,194948,14,,,1,71,,194949,14,,,1,31,,194950,14,,,1,99,,194941,14,,,1,100,,194926,14,,,1
50100,'501-Saturday-1-26-06-0000010',608,,174044,14,,,1,100,,174045,14,,,1,100,,174022,14,,,1,30,,174023,14,,,1,71,,174024,14,,,1,32,,174025,14,,,1,72,,174026,14,,,1,32,,174027,14,,,1,72,,174028,14,,,1,32,,174029,14,,,1,72,,174030,14,,,1,32,,174031,14,,,1,72,,174032,14,,,1,32,,174033,14,,,1,72,,174034,14,,,1,72,,174035,14,,,1,32,,174036,14,,,1,72,,174037,14,,,1,32,,174038,14,,,1,72,,174039,14,,,1,32,,174040,14,,,1,72,,174041,14,,,1,32,,174042,14,,,1,72,,174043,14,,,1
50100,'501-Sunday-1-26-06-0000001',616,,174046,14,,,1,100,,174047,14,,,1,100,,174048,14,,,1,101,,174049,14,,,1,100,,174050,14,,,1,30,,174051,14,,,1,70,,174052,14,,,1,30,,174053,14,,,1,70,,174054,14,,,1,30,,174055,14,,,1,70,,174056,14,,,1,30,,174057,14,,,1,70,,174058,14,,,1,30,,174059,14,,,1,70,,174060,14,,,1,30,,174061,14,,,1,70,,174062,14,,,1,30,,174063,14,,,1,70,,174064,14,,,1,30,,174065,14,,,1,70,,174066,14,,,1,30,,174067,14,,,1,70,,174068,14,,,1
50100,'501-Sunday-2-26-06-0000001',616,,194957,14,,,1,100,,194958,14,,,1,100,,194959,14,,,1,101,,194960,14,,,1,100,,194961,14,,,1,30,,194962,14,,,1,70,,194963,14,,,1,30,,194964,14,,,1,70,,194965,14,,,1,30,,194966,14,,,1,70,,194967,14,,,1,30,,194968,14,,,1,70,,194969,14,,,1,30,,194970,14,,,1,70,,194971,14,,,1,30,,194972,14,,,1,70,,194973,14,,,1,30,,194974,14,,,1,70,,194975,14,,,1,30,,194976,14,,,1,70,,194977,14,,,1,30,,194978,14,,,1,70,,194979,14,,,1
52500,'525-Weekday-1-26-06-1111100',942,,177327,5,,,1,70,,177328,5,,,1,30,,177329,5,,,1,70,,177330,5,,,1,30,,177331,5,,,1,70,,177332,5,,,1,30,,177333,5,,,1,70,,177334,5,,,1,30,,177335,5,,,1,70,,177336,5,,,1,30,,177337,5,,,1,102,,177338,5,,,1,100,,177339,5,,,1,100,,177340,5,,,1
52500,'525-Weekday-2-26-06-1111100',942,,197044,5,,,1,70,,197045,5,,,1,30,,197046,5,,,1,70,,197047,5,,,1,30,,197048,5,,,1,70,,197049,5,,,1,30,,197050,5,,,1,70,,197051,5,,,1,30,,197052,5,,,1,70,,197053,5,,,1,30,,197054,5,,,1,102,,197055,5,,,1,100,,197056,5,,,1,100,,197057,5,,,1
52500,'525-Saturday-1-26-06-0000010',1113,,177341,5,,,1,100,,177342,5,,,1,100,,177343,5,,,1,100,,177344,5,,,1,100,,177345,5,,,1,100,,177346,5,,,1,100,,177347,5,,,1
52500,'525-Sunday-1-26-06-0000001',1112,,177348,5,,,1,100,,177349,5,,,1,100,,177350,5,,,1,100,,177351,5,,,1,100,,177352,5,,,1,100,,177353,5,,,1
52500,'525-Sunday-2-26-06-0000001',1112,,197058,5,,,1,100,,197059,5,,,1,100,,197060,5,,,1,100,,197061,5,,,1,100,,197062,5,,,1,100,,197063,5,,,1
