51500,'515-Weekday-1-26-02-1110100',1539,,50582,20,,,1,66,,50583,20,,,1
51500,'515-Weekday-1-26-02-1111100',550,,50584,20,,,1,70,,50630,20,,,1,32,,50619,20,,,1,55,,50625,20,,,1,15,,50626,20,,,1,15,,50585,20,,,1,15,,50586,20,,,1,55,,50587,20,,,1,15,,50621,20,,,1,15,,50588,20,,,1,20,,50589,20,,,1,60,,50613,20,,,1,20,,50590,20,,,1,20,,50591,20,,,1,60,,50614,20,,,1,20,,50592,20,,,1,20,,50593,20,,,1,60,,50615,20,,,1,20,,50594,20,,,1,20,,50595,20,,,1,60,,50616,20,,,1,20,,50596,20,,,1,20,,50597,20,,,1,60,,50617,20,,,1,20,,50598,20,,,1,20,,50599,20,,,1,60,,50618,20,,,1,20,,50600,20,,,1,20,,50601,20,,,1,57,,50634,20,,,1,16,,50623,20,,,1,15,,50631,20,,,1,55,,50624,20,,,1,15,,50620,20,,,1,15,,50632,20,,,1,15,,50633,20,,,1,55,,50628,20,,,1,15,,50622,20,,,1,15,,50602,20,,,1,15,,50603,20,,,1,70,,50627,20,,,1,28,,50604,20,,,1,69,,50605,20,,,1,30,,50606,20,,,1,70,,50607,20,,,1,30,,50608,20,,,1,70,,50609,20,,,1,30,,50610,20,,,1,69,,50629,20,,,1,100,,50611,20,,,1,100,,50612,20,,,1
51500,'515-Weekday-10-26-02-0001000',1248,,50635,20,,,1
51500,'515-Weekday-10-26-02-1111100',550,,50636,20,,,1,70,,50682,20,,,1,32,,50671,20,,,1,55,,50677,20,,,1,15,,50678,20,,,1,15,,50637,20,,,1,15,,50638,20,,,1,55,,50639,20,,,1,15,,50673,20,,,1,15,,50640,20,,,1,20,,50641,20,,,1,60,,50665,20,,,1,20,,50642,20,,,1,20,,50643,20,,,1,60,,50666,20,,,1,20,,50644,20,,,1,20,,50645,20,,,1,60,,50667,20,,,1,20,,50646,20,,,1,20,,50647,20,,,1,60,,50668,20,,,1,20,,50648,20,,,1,20,,50649,20,,,1,60,,50669,20,,,1,20,,50650,20,,,1,20,,50651,20,,,1,60,,50670,20,,,1,20,,50652,20,,,1,20,,50653,20,,,1,57,,50686,20,,,1,16,,50675,20,,,1,15,,50683,20,,,1,55,,50676,20,,,1,15,,50672,20,,,1,15,,50684,20,,,1,15,,50685,20,,,1,55,,50680,20,,,1,15,,50674,20,,,1,15,,50654,20,,,1,15,,50655,20,,,1,70,,50679,20,,,1,28,,50656,20,,,1,69,,50657,20,,,1,30,,50658,20,,,1,70,,50659,20,,,1,30,,50660,20,,,1,70,,50661,20,,,1,30,,50662,20,,,1,69,,50681,20,,,1,100,,50663,20,,,1,100,,50664,20,,,1
51500,'515-Saturday-1-26-02-0000010',629,,51052,20,,,1,99,,51053,20,,,1,84,,51054,20,,,1,20,,51084,20,,,1,21,,51055,20,,,1,63,,51056,20,,,1,20,,51057,20,,,1,20,,51085,20,,,1,60,,51058,20,,,1,20,,51059,20,,,1,20,,51086,20,,,1,60,,51060,20,,,1,20,,51061,20,,,1,20,,51087,20,,,1,60,,51062,20,,,1,20,,51063,20,,,1,20,,51088,20,,,1,60,,51064,20,,,1,20,,51065,20,,,1,20,,51089,20,,,1,60,,51066,20,,,1,20,,51067,20,,,1,20,,51090,20,,,1,60,,51068,20,,,1,20,,51069,20,,,1,20,,51091,20,,,1,60,,51070,20,,,1,20,,51071,20,,,1,20,,51092,20,,,1,60,,51072,20,,,1,20,,51073,20,,,1,20,,51093,20,,,1,60,,51074,20,,,1,20,,51075,20,,,1,20,,51094,20,,,1,60,,51076,20,,,1,30,,51077,20,,,1,70,,51082,20,,,1,30,,51079,20,,,1,70,,51083,20,,,1,30,,51080,20,,,1,100,,51078,20,,,1,100,,51081,20,,,1
63001,'630-Weekday-1-26-02-1110100',1604,,60922,40,,,1
63001,'630-Weekday-9-26-02-0001000',1302,,60932,40,,,1,203,,60933,37,,,1
63501,'635-Weekday-1-26-02-1111100',1600,,61066,50,,,1
63501,'635-Weekday-9-26-02-1111100',1600,,61070,50,,,1
64401,'644-Weekday-1-26-02-0000100',1011,,61184,15,,,1
64401,'644-Weekday-1-26-02-1111000',838,,61185,15,,,1
64401,'644-Weekday-9-26-02-1111000',838,,61191,15,,,1
