91500,'DX-915-Weekday-1-25-12-1111100',545,,49879,4,,1,70,,49880,4,,1,33,,49881,4,,1,52,,49882,4,,1,12,,49883,4,,1,12,,49924,4,,1,12,,49884,4,,1,12,,49885,4,,1,52,,49886,4,,1,12,,49887,4,,1,12,,49888,4,,1,12,,49889,4,,1,12,,49925,4,,1,69,,49890,4,,1,30,,49891,4,,1,70,,49892,4,,1,30,,49893,4,,1,70,,49894,4,,1,30,,49895,4,,1,70,,49896,4,,1,30,,49897,4,,1,70,,49898,4,,1,30,,49899,4,,1,70,,49900,4,,1,30,,49901,4,,1,75,,49902,4,,1,15,,49903,4,,1,15,,49904,4,,1,55,,49905,4,,1,15,,49906,4,,1,15,,49907,4,,1,15,,49908,4,,1,55,,49909,4,,1,15,,49910,4,,1,15,,49911,4,,1,15,,49912,4,,1,70,,49913,4,,1,24,,49914,4,,1,69,,49915,4,,1,30,,49916,4,,1,70,,49917,4,,1,30,,49918,4,,1,70,,49919,4,,1,30,,49920,4,,1,69,,49921,4,,1,100,,49922,4,,1,100,,49923,4,,1
91500,'DX-915-Weekday-2-25-12-1111100',545,,49926,4,,1,70,,49927,4,,1,33,,49928,4,,1,55,,49929,4,,1,15,,49930,4,,1,15,,49971,4,,1,15,,49931,4,,1,55,,49932,4,,1,15,,49933,4,,1,15,,49934,4,,1,15,,49935,4,,1,55,,49936,4,,1,14,,49937,4,,1,30,,49938,4,,1,70,,49939,4,,1,30,,49940,4,,1,70,,49941,4,,1,30,,49942,4,,1,70,,49943,4,,1,30,,49944,4,,1,70,,49945,4,,1,30,,49946,4,,1,70,,49947,4,,1,30,,49948,4,,1,75,,49949,4,,1,15,,49950,4,,1,15,,49951,4,,1,55,,49952,4,,1,15,,49953,4,,1,15,,49954,4,,1,15,,49955,4,,1,55,,49956,4,,1,15,,49957,4,,1,15,,49958,4,,1,15,,49959,4,,1,70,,49960,4,,1,24,,49961,4,,1,69,,49962,4,,1,30,,49963,4,,1,70,,49964,4,,1,30,,49965,4,,1,70,,49966,4,,1,30,,49967,4,,1,69,,49968,4,,1,100,,49969,4,,1,100,,49970,4,,1
91500,'DX-915-Weekday-3-25-12-1111100',545,,49972,4,,1,70,,49973,4,,1,33,,49974,4,,1,55,,49975,4,,1,15,,49976,4,,1,15,,50017,4,,1,15,,49977,4,,1,55,,49978,4,,1,15,,49979,4,,1,15,,49980,4,,1,15,,49981,4,,1,55,,49982,4,,1,14,,49983,4,,1,30,,49984,4,,1,70,,49985,4,,1,30,,49986,4,,1,70,,49987,4,,1,30,,49988,4,,1,70,,49989,4,,1,30,,49990,4,,1,70,,49991,4,,1,30,,49992,4,,1,70,,49993,4,,1,30,,49994,4,,1,75,,49995,4,,1,15,,49996,4,,1,15,,49997,4,,1,55,,49998,4,,1,15,,49999,4,,1,15,,50000,4,,1,15,,50001,4,,1,55,,50002,4,,1,15,,50003,4,,1,15,,50004,4,,1,15,,50005,4,,1,70,,50006,4,,1,24,,50007,4,,1,69,,50008,4,,1,30,,50009,4,,1,70,,50010,4,,1,30,,50011,4,,1,70,,50012,4,,1,30,,50013,4,,1,69,,50014,4,,1,100,,50015,4,,1,100,,50016,4,,1,100,,50018,4,,1,100,,50019,4,,1,100,,50020,4,,1
91500,'DX-915-Weekday-5-25-12-1111100',545,,50021,4,,1,70,,50022,4,,1,33,,50023,4,,1,52,,50024,4,,1,12,,50025,4,,1,12,,50066,4,,1,12,,50026,4,,1,12,,50027,4,,1,52,,50028,4,,1,12,,50029,4,,1,12,,50030,4,,1,12,,50031,4,,1,12,,50067,4,,1,69,,50032,4,,1,30,,50033,4,,1,70,,50034,4,,1,30,,50035,4,,1,70,,50036,4,,1,30,,50037,4,,1,70,,50038,4,,1,30,,50039,4,,1,70,,50040,4,,1,30,,50041,4,,1,70,,50042,4,,1,30,,50043,4,,1,75,,50044,4,,1,15,,50045,4,,1,15,,50046,4,,1,55,,50047,4,,1,15,,50048,4,,1,15,,50049,4,,1,15,,50050,4,,1,55,,50051,4,,1,15,,50052,4,,1,15,,50053,4,,1,15,,50054,4,,1,70,,50055,4,,1,24,,50056,4,,1,69,,50057,4,,1,30,,50058,4,,1,70,,50059,4,,1,30,,50060,4,,1,70,,50061,4,,1,30,,50062,4,,1,69,,50063,4,,1,100,,50064,4,,1,100,,50065,4,,1
91500,'SA-915-Saturday-1-25-12-0000010',602,,50068,4,,1,100,,50069,4,,1,100,,50070,4,,1,30,,50071,4,,1,71,,50072,4,,1,33,,50073,4,,1,70,,50074,4,,1,30,,50075,4,,1,70,,50076,4,,1,30,,50077,4,,1,70,,50078,4,,1,30,,50079,4,,1,70,,50080,4,,1,30,,50081,4,,1,70,,50082,4,,1,30,,50083,4,,1,70,,50084,4,,1,30,,50085,4,,1,70,,50086,4,,1,30,,50087,4,,1,70,,50088,4,,1,29,,50089,4,,1,70,,50090,4,,1,30,,50091,4,,1,70,,50092,4,,1,30,,50093,4,,1,70,,50094,4,,1,30,,50095,4,,1,70,,50096,4,,1,30,,50097,4,,1,70,,50098,4,,1,100,,50099,4,,1,100,,50100,4,,1
91500,'SU-915-Sunday-1-25-12-0000001',632,,50101,4,,1,100,,50102,4,,1,100,,50103,4,,1,102,,50104,4,,1,100,,50105,4,,1,70,,50106,4,,1,30,,50107,4,,1,70,,50108,4,,1,30,,50109,4,,1,70,,50110,4,,1,30,,50111,4,,1,70,,50112,4,,1,30,,50113,4,,1,70,,50114,4,,1,30,,50115,4,,1,70,,50116,4,,1,30,,50117,4,,1,70,,50118,4,,1,29,,50119,4,,1,70,,50120,4,,1,30,,50121,4,,1,70,,50122,4,,1,30,,50123,4,,1,70,,50124,4,,1,30,,50125,4,,1,70,,50126,4,,1,30,,50127,4,,1,100,,50128,4,,1,100,,50129,4,,1,100,,50130,4,,1
91500,'SU-915-Sunday-1-26-02-0000001',632,,50131,4,,1,100,,50132,4,,1,100,,50133,4,,1,102,,50134,4,,1,100,,50135,4,,1,70,,50136,4,,1,30,,50137,4,,1,70,,50138,4,,1,30,,50139,4,,1,70,,50140,4,,1,30,,50141,4,,1,70,,50142,4,,1,30,,50143,4,,1,70,,50144,4,,1,30,,50145,4,,1,70,,50146,4,,1,30,,50147,4,,1,70,,50148,4,,1,29,,50149,4,,1,70,,50150,4,,1,30,,50151,4,,1,70,,50152,4,,1,30,,50153,4,,1,70,,50154,4,,1,30,,50155,4,,1,70,,50156,4,,1,30,,50157,4,,1,100,,50158,4,,1,100,,50159,4,,1,100,,50160,4,,1
91501,'DX-915-Weekday-1-25-12-0001000',1224,,50161,,,1
91501,'DX-915-Weekday-1-25-12-1111100',530,,50162,,,1,70,,50163,,,1,29,,50164,,,1,12,,50165,,,1,12,,50166,,,1,52,,50207,,,1,12,,50167,,,1,12,,50168,,,1,12,,50169,,,1,12,,50170,,,1,52,,50208,,,1,12,,50171,,,1,12,,50172,,,1,29,,50174,,,1,70,,50175,,,1,30,,50176,,,1,70,,50177,,,1,30,,50178,,,1,70,,50179,,,1,30,,50180,,,1,70,,50181,,,1,30,,50182,,,1,70,,50183,,,1,30,,50184,,,1,70,,50185,,,1,30,,50173,,,1,55,,50186,,,1,15,,50187,,,1,15,,50188,,,1,15,,50189,,,1,55,,50190,,,1,15,,50191,,,1,15,,50192,,,1,15,,50193,,,1,55,,50194,,,1,15,,50195,,,1,30,,50196,,,1,70,,50197,,,1,30,,50198,,,1,70,,50199,,,1,30,,50200,,,1,70,,50201,,,1,30,,50202,,,1,70,,50203,,,1,30,,50204,,,1,100,,50205,,,1,100,,50206,,,1
91501,'DX-915-Weekday-2-25-12-1111100',530,,50209,,,1,70,,50210,,,1,29,,50211,,,1,21,,50212,,,1,55,,50213,,,1,15,,50253,,,1,15,,50214,,,1,15,,50215,,,1,55,,50216,,,1,15,,50217,,,1,15,,50254,,,1,15,,50218,,,1,54,,50220,,,1,24,,50221,,,1,30,,50222,,,1,70,,50223,,,1,30,,50224,,,1,70,,50225,,,1,30,,50226,,,1,70,,50227,,,1,30,,50228,,,1,70,,50229,,,1,30,,50230,,,1,70,,50231,,,1,30,,50219,,,1,55,,50232,,,1,15,,50233,,,1,15,,50234,,,1,15,,50235,,,1,55,,50236,,,1,15,,50237,,,1,15,,50238,,,1,15,,50239,,,1,55,,50240,,,1,15,,50241,,,1,30,,50242,,,1,70,,50243,,,1,30,,50244,,,1,70,,50245,,,1,30,,50246,,,1,70,,50247,,,1,30,,50248,,,1,70,,50249,,,1,30,,50250,,,1,100,,50251,,,1,100,,50252,,,1
91501,'DX-915-Weekday-3-25-12-1111100',530,,50255,,,1,70,,50256,,,1,29,,50257,,,1,21,,50258,,,1,55,,50259,,,1,15,,50299,,,1,15,,50260,,,1,15,,50261,,,1,55,,50262,,,1,15,,50263,,,1,15,,50300,,,1,15,,50264,,,1,54,,50266,,,1,24,,50267,,,1,30,,50268,,,1,70,,50269,,,1,30,,50270,,,1,70,,50271,,,1,30,,50272,,,1,70,,50273,,,1,30,,50274,,,1,70,,50275,,,1,30,,50276,,,1,70,,50277,,,1,30,,50265,,,1,55,,50278,,,1,15,,50279,,,1,15,,50280,,,1,15,,50281,,,1,55,,50282,,,1,15,,50283,,,1,15,,50284,,,1,15,,50285,,,1,55,,50286,,,1,15,,50287,,,1,30,,50288,,,1,70,,50289,,,1,30,,50290,,,1,70,,50291,,,1,30,,50292,,,1,70,,50293,,,1,30,,50294,,,1,70,,50295,,,1,30,,50296,,,1,100,,50297,,,1,100,,50298,,,1,100,,50301,,,1,100,,50302,,,1,100,,50303,,,1
91501,'DX-915-Weekday-5-25-12-1111100',530,,50304,,,1,70,,50305,,,1,29,,50306,,,1,12,,50307,,,1,12,,50308,,,1,52,,50349,,,1,12,,50309,,,1,12,,50310,,,1,12,,50311,,,1,12,,50312,,,1,52,,50350,,,1,12,,50313,,,1,12,,50314,,,1,29,,50316,,,1,70,,50317,,,1,30,,50318,,,1,70,,50319,,,1,30,,50320,,,1,70,,50321,,,1,30,,50322,,,1,70,,50323,,,1,30,,50324,,,1,70,,50325,,,1,30,,50326,,,1,70,,50327,,,1,30,,50315,,,1,55,,50328,,,1,15,,50329,,,1,15,,50330,,,1,15,,50331,,,1,55,,50332,,,1,15,,50333,,,1,15,,50334,,,1,15,,50335,,,1,55,,50336,,,1,15,,50337,,,1,30,,50338,,,1,70,,50339,,,1,30,,50340,,,1,70,,50341,,,1,30,,50342,,,1,70,,50343,,,1,30,,50344,,,1,70,,50345,,,1,30,,50346,,,1,100,,50347,,,1,100,,50348,,,1
91501,'SA-915-Saturday-1-25-12-0000010',605,,50351,,,1,100,,50352,,,1,100,,50353,,,1,30,,50354,,,1,71,,50355,,,1,33,,50356,,,1,70,,50357,,,1,30,,50358,,,1,70,,50359,,,1,30,,50360,,,1,70,,50361,,,1,30,,50362,,,1,70,,50363,,,1,30,,50364,,,1,70,,50365,,,1,30,,50366,,,1,70,,50367,,,1,30,,50368,,,1,70,,50369,,,1,30,,50370,,,1,70,,50371,,,1,29,,50372,,,1,70,,50373,,,1,30,,50374,,,1,70,,50375,,,1,30,,50376,,,1,70,,50377,,,1,30,,50378,,,1,70,,50379,,,1,30,,50380,,,1,70,,50381,,,1,100,,50382,,,1,100,,50383,,,1
91501,'SU-915-Sunday-1-25-12-0000001',556,,50384,,,1,100,,50385,,,1,100,,50386,,,1,96,,50412,,,1,100,,50387,,,1,93,,50389,,,1,70,,50390,,,1,30,,50391,,,1,70,,50392,,,1,30,,50393,,,1,70,,50394,,,1,30,,50395,,,1,70,,50396,,,1,30,,50397,,,1,70,,50398,,,1,30,,50399,,,1,70,,50400,,,1,30,,50401,,,1,70,,50402,,,1,30,,50403,,,1,70,,50404,,,1,30,,50405,,,1,70,,50406,,,1,30,,50407,,,1,70,,50408,,,1,30,,50409,,,1,70,,50410,,,1,41,,50411,,,1,100,,50388,,,1,100,,50413,,,1
91501,'SU-915-Sunday-1-26-02-0000001',556,,50414,,,1,100,,50415,,,1,100,,50416,,,1,96,,50442,,,1,100,,50417,,,1,93,,50419,,,1,70,,50420,,,1,30,,50421,,,1,70,,50422,,,1,30,,50423,,,1,70,,50424,,,1,30,,50425,,,1,70,,50426,,,1,30,,50427,,,1,70,,50428,,,1,30,,50429,,,1,70,,50430,,,1,30,,50431,,,1,70,,50432,,,1,30,,50433,,,1,70,,50434,,,1,30,,50435,,,1,70,,50436,,,1,30,,50437,,,1,70,,50438,,,1,30,,50439,,,1,70,,50440,,,1,41,,50441,,,1,100,,50418,,,1,100,,50443,,,1
