11301,'113-Weekday-1-26-02-1111100',530,,35355,11,,,1,70,,35356,11,,,1,30,,35357,11,,,1,16,,35358,11,,,1,55,,35398,11,,,1,15,,35359,11,,,1,15,,35360,11,,,1,15,,35361,11,,,1,55,,35397,11,,,1,15,,35362,11,,,1,15,,35363,11,,,1,15,,35364,11,,,1,11,,35401,11,,,1,69,,35365,11,,,1,30,,35366,11,,,1,70,,35367,11,,,1,30,,35368,11,,,1,70,,35369,11,,,1,30,,35370,11,,,1,70,,35371,11,,,1,30,,35372,11,,,1,70,,35373,11,,,1,30,,35374,11,,,1,70,,35375,11,,,1,74,,35402,11,,,1,3,,35403,11,,,1,13,,35376,11,,,1,15,,35377,11,,,1,15,,35378,11,,,1,55,,35400,11,,,1,15,,35379,11,,,1,15,,35380,11,,,1,15,,35381,11,,,1,55,,35399,11,,,1,15,,35382,11,,,1,15,,35383,11,,,1,26,,35384,11,,,1,70,,35385,11,,,1,29,,35386,11,,,1,70,,35387,11,,,1,30,,35388,11,,,1,70,,35389,11,,,1,30,,35390,11,,,1,70,,35391,11,,,1,30,,35392,11,,,1,70,,35393,11,,,1,30,,35394,11,,,1,70,,35395,11,,,1,30,,35396,11,,,1
11301,'113-Weekday-10-26-02-1111100',530,,35404,11,,,1,70,,35405,11,,,1,30,,35406,11,,,1,16,,35407,11,,,1,55,,35447,11,,,1,15,,35408,11,,,1,15,,35409,11,,,1,15,,35410,11,,,1,55,,35446,11,,,1,15,,35411,11,,,1,15,,35412,11,,,1,15,,35413,11,,,1,11,,35450,11,,,1,69,,35414,11,,,1,30,,35415,11,,,1,70,,35416,11,,,1,30,,35417,11,,,1,70,,35418,11,,,1,30,,35419,11,,,1,70,,35420,11,,,1,30,,35421,11,,,1,70,,35422,11,,,1,30,,35423,11,,,1,70,,35424,11,,,1,74,,35451,11,,,1,3,,35452,11,,,1,13,,35425,11,,,1,15,,35426,11,,,1,15,,35427,11,,,1,55,,35449,11,,,1,15,,35428,11,,,1,15,,35429,11,,,1,15,,35430,11,,,1,55,,35448,11,,,1,15,,35431,11,,,1,15,,35432,11,,,1,26,,35433,11,,,1,70,,35434,11,,,1,29,,35435,11,,,1,70,,35436,11,,,1,30,,35437,11,,,1,70,,35438,11,,,1,30,,35439,11,,,1,70,,35440,11,,,1,30,,35441,11,,,1,70,,35442,11,,,1,30,,35443,11,,,1,70,,35444,11,,,1,30,,35445,11,,,1
11301,'113-Weekday-4-26-02-1111100',530,,35502,11,,,1,70,,35503,11,,,1,30,,35504,11,,,1,16,,35505,11,,,1,55,,35545,11,,,1,15,,35506,11,,,1,15,,35507,11,,,1,15,,35508,11,,,1,55,,35544,11,,,1,15,,35509,11,,,1,15,,35510,11,,,1,15,,35511,11,,,1,11,,35548,11,,,1,69,,35512,11,,,1,30,,35513,11,,,1,70,,35514,11,,,1,30,,35515,11,,,1,70,,35516,11,,,1,30,,35517,11,,,1,70,,35518,11,,,1,30,,35519,11,,,1,70,,35520,11,,,1,30,,35521,11,,,1,70,,35522,11,,,1,74,,35549,11,,,1,16,,35523,11,,,1,15,,35524,11,,,1,15,,35525,11,,,1,55,,35547,11,,,1,15,,35526,11,,,1,15,,35527,11,,,1,15,,35528,11,,,1,55,,35546,11,,,1,15,,35529,11,,,1,15,,35530,11,,,1,26,,35531,11,,,1,70,,35532,11,,,1,29,,35533,11,,,1,70,,35534,11,,,1,30,,35535,11,,,1,70,,35536,11,,,1,30,,35537,11,,,1,70,,35538,11,,,1,30,,35539,11,,,1,70,,35540,11,,,1,30,,35541,11,,,1,70,,35542,11,,,1,30,,35543,11,,,1
11301,'113-Weekday-5-26-02-1111100',530,,35550,11,,,1,70,,35551,11,,,1,30,,35552,11,,,1,16,,35553,11,,,1,55,,35593,11,,,1,15,,35554,11,,,1,15,,35555,11,,,1,15,,35556,11,,,1,55,,35592,11,,,1,15,,35557,11,,,1,15,,35558,11,,,1,15,,35559,11,,,1,11,,35596,11,,,1,69,,35560,11,,,1,30,,35561,11,,,1,70,,35562,11,,,1,30,,35563,11,,,1,70,,35564,11,,,1,30,,35565,11,,,1,70,,35566,11,,,1,30,,35567,11,,,1,70,,35568,11,,,1,30,,35569,11,,,1,70,,35570,11,,,1,74,,35597,11,,,1,3,,35598,11,,,1,13,,35571,11,,,1,15,,35572,11,,,1,15,,35573,11,,,1,55,,35595,11,,,1,15,,35574,11,,,1,15,,35575,11,,,1,15,,35576,11,,,1,55,,35594,11,,,1,15,,35577,11,,,1,15,,35578,11,,,1,26,,35579,11,,,1,70,,35580,11,,,1,29,,35581,11,,,1,70,,35582,11,,,1,30,,35583,11,,,1,70,,35584,11,,,1,30,,35585,11,,,1,70,,35586,11,,,1,30,,35587,11,,,1,70,,35588,11,,,1,30,,35589,11,,,1,70,,35590,11,,,1,30,,35591,11,,,1
11301,'113-Weekday-7-26-02-1111100',530,,35648,11,,,1,70,,35649,11,,,1,30,,35650,11,,,1,16,,35651,11,,,1,55,,35691,11,,,1,15,,35652,11,,,1,15,,35653,11,,,1,15,,35654,11,,,1,55,,35690,11,,,1,15,,35655,11,,,1,15,,35656,11,,,1,15,,35657,11,,,1,11,,35694,11,,,1,69,,35658,11,,,1,30,,35659,11,,,1,70,,35660,11,,,1,30,,35661,11,,,1,70,,35662,11,,,1,30,,35663,11,,,1,70,,35664,11,,,1,30,,35665,11,,,1,70,,35666,11,,,1,30,,35667,11,,,1,70,,35668,11,,,1,74,,35695,11,,,1,16,,35669,11,,,1,15,,35670,11,,,1,15,,35671,11,,,1,55,,35693,11,,,1,15,,35672,11,,,1,15,,35673,11,,,1,15,,35674,11,,,1,55,,35692,11,,,1,15,,35675,11,,,1,15,,35676,11,,,1,26,,35677,11,,,1,70,,35678,11,,,1,29,,35679,11,,,1,70,,35680,11,,,1,30,,35681,11,,,1,70,,35682,11,,,1,30,,35683,11,,,1,70,,35684,11,,,1,30,,35685,11,,,1,70,,35686,11,,,1,30,,35687,11,,,1,70,,35688,11,,,1,30,,35689,11,,,1
11301,'113-Saturday-1-26-02-0000010',603,,35794,11,,,1,30,,35795,11,,,1,70,,35796,11,,,1,30,,35797,11,,,1,70,,35798,11,,,1,30,,35799,11,,,1,70,,35800,11,,,1,30,,35801,11,,,1,70,,35802,11,,,1,30,,35803,11,,,1,70,,35804,11,,,1,30,,35805,11,,,1,70,,35806,11,,,1,30,,35807,11,,,1,70,,35808,11,,,1,30,,35809,11,,,1,70,,35810,11,,,1,30,,35811,11,,,1,70,,35812,11,,,1,30,,35813,11,,,1,70,,35814,11,,,1,30,,35815,11,,,1,70,,35816,11,,,1,30,,35817,11,,,1,70,,35818,11,,,1,30,,35819,11,,,1,70,,35820,11,,,1,30,,35821,11,,,1,70,,35822,11,,,1,30,,35823,11,,,1,70,,35824,11,,,1,30,,35825,11,,,1,71,,35826,11,,,1,30,,35827,11,,,1,70,,35828,11,,,1,30,,35829,11,,,1,71,,35830,11,,,1,30,,35831,11,,,1
11301,'113-Sunday-1-26-02-0000001',600,,35869,11,,,1,30,,35832,11,,,1,70,,35833,11,,,1,30,,35834,11,,,1,70,,35835,11,,,1,30,,35836,11,,,1,70,,35837,11,,,1,30,,35838,11,,,1,71,,35839,11,,,1,30,,35840,11,,,1,70,,35841,11,,,1,30,,35842,11,,,1,70,,35843,11,,,1,30,,35844,11,,,1,70,,35845,11,,,1,30,,35846,11,,,1,70,,35847,11,,,1,30,,35848,11,,,1,70,,35849,11,,,1,30,,35850,11,,,1,70,,35851,11,,,1,30,,35852,11,,,1,70,,35853,11,,,1,29,,35854,11,,,1,70,,35855,11,,,1,30,,35856,11,,,1,70,,35857,11,,,1,30,,35858,11,,,1,70,,35859,11,,,1,30,,35860,11,,,1,70,,35861,11,,,1,30,,35862,11,,,1,70,,35863,11,,,1,30,,35864,11,,,1,70,,35865,11,,,1,30,,35866,11,,,1,70,,35867,11,,,1,30,,35868,11,,,1
62800,'628-Weekday-1-26-02-1111100',1512,,60903,2,,,1
62800,'628-Weekday-5-26-02-1111100',1512,,60906,2,,,1
62800,'628-Weekday-9-26-02-1111100',1512,,60907,2,,,1
