91700,'917-Weekday-1-26-06-1111100',506,,184961,12,,,1,30,,184962,12,,,1,70,,184999,12,,,1,21,,184997,12,,,1,21,,184963,12,,,1,60,,184964,12,,,1,20,,184990,12,,,1,20,,184965,12,,,1,60,,184966,12,,,1,20,,184991,12,,,1,20,,185000,12,,,1,60,,184967,12,,,1,30,,184968,12,,,1,70,,184969,12,,,1,30,,184970,12,,,1,70,,184971,12,,,1,30,,184972,12,,,1,70,,184973,12,,,1,30,,184974,12,,,1,70,,184975,12,,,1,30,,184976,12,,,1,70,,184987,12,,,1,30,,184992,12,,,1,71,,184993,12,,,1,30,,184994,12,,,1,70,,184977,12,,,1,30,,184995,12,,,1,70,,184996,12,,,1,30,,184989,12,,,1,70,,184978,12,,,1,29,,184979,12,,,1,70,,184980,12,,,1,30,,184981,12,,,1,70,,184982,12,,,1,30,,184983,12,,,1,70,,184984,12,,,1,30,,184985,12,,,1,68,,184998,12,,,1,100,,184988,12,,,1,100,,184986,12,,,1
91700,'917-Weekday-5-26-06-1111100',506,,201587,12,,,1,30,,201588,12,,,1,70,,201625,12,,,1,21,,201623,12,,,1,21,,201589,12,,,1,60,,201590,12,,,1,20,,201616,12,,,1,20,,201591,12,,,1,60,,201592,12,,,1,20,,201617,12,,,1,20,,201626,12,,,1,60,,201593,12,,,1,30,,201594,12,,,1,70,,201595,12,,,1,30,,201596,12,,,1,70,,201597,12,,,1,30,,201598,12,,,1,70,,201599,12,,,1,30,,201600,12,,,1,70,,201601,12,,,1,30,,201602,12,,,1,70,,201613,12,,,1,30,,201618,12,,,1,71,,201619,12,,,1,30,,201620,12,,,1,70,,201603,12,,,1,30,,201621,12,,,1,70,,201622,12,,,1,30,,201615,12,,,1,70,,201604,12,,,1,29,,201605,12,,,1,70,,201606,12,,,1,30,,201607,12,,,1,70,,201608,12,,,1,30,,201609,12,,,1,70,,201610,12,,,1,30,,201611,12,,,1,68,,201624,12,,,1,100,,201614,12,,,1,100,,201612,12,,,1
91700,'917-Saturday-1-26-06-0000010',554,,185001,12,,,1,100,,185002,12,,,1,100,,185026,12,,,1,70,,185027,12,,,1,27,,185028,12,,,1,68,,185004,12,,,1,30,,185005,12,,,1,70,,185006,12,,,1,30,,185007,12,,,1,70,,185008,12,,,1,30,,185009,12,,,1,70,,185010,12,,,1,30,,185011,12,,,1,70,,185012,12,,,1,30,,185013,12,,,1,70,,185014,12,,,1,30,,185015,12,,,1,70,,185016,12,,,1,30,,185017,12,,,1,70,,185018,12,,,1,31,,185022,12,,,1,71,,185023,12,,,1,30,,185024,12,,,1,70,,185003,12,,,1,30,,185019,12,,,1,70,,185025,12,,,1,100,,185021,12,,,1,100,,185020,12,,,1
91700,'917-Sunday-1-26-06-0000001',553,,185029,12,,,1,100,,185030,12,,,1,100,,185031,12,,,1,97,,185032,12,,,1,101,,185033,12,,,1,70,,185034,12,,,1,30,,185035,12,,,1,70,,185036,12,,,1,30,,185037,12,,,1,70,,185038,12,,,1,30,,185039,12,,,1,70,,185040,12,,,1,30,,185041,12,,,1,70,,185042,12,,,1,30,,185043,12,,,1,70,,185044,12,,,1,30,,185045,12,,,1,70,,185046,12,,,1,32,,185047,12,,,1,70,,185048,12,,,1,30,,185049,12,,,1,70,,185050,12,,,1,30,,185051,12,,,1,100,,185052,12,,,1,100,,185053,12,,,1
91700,'917-Sunday-2-26-06-0000001',553,,201627,12,,,1,100,,201628,12,,,1,100,,201629,12,,,1,97,,201630,12,,,1,101,,201631,12,,,1,70,,201632,12,,,1,30,,201633,12,,,1,70,,201634,12,,,1,30,,201635,12,,,1,70,,201636,12,,,1,30,,201637,12,,,1,70,,201638,12,,,1,30,,201639,12,,,1,70,,201640,12,,,1,30,,201641,12,,,1,70,,201642,12,,,1,30,,201643,12,,,1,70,,201644,12,,,1,32,,201645,12,,,1,70,,201646,12,,,1,30,,201647,12,,,1,70,,201648,12,,,1,30,,201649,12,,,1,100,,201650,12,,,1,100,,201651,12,,,1
92600,'926-Weekday-1-26-06-1111100',608,,186190,12,,,1,20,,186191,12,,,1,22,,186192,12,,,1,60,,186193,12,,,1,20,,186194,12,,,1,20,,186195,12,,,1,60,,186196,12,,,1,20,,186197,12,,,1,20,,186198,12,,,1,56,,186199,12,,,1,30,,186200,12,,,1,70,,186201,12,,,1,30,,186202,12,,,1,70,,186203,12,,,1,30,,186204,12,,,1,70,,186205,12,,,1,30,,186206,12,,,1,70,,186207,12,,,1,30,,186208,12,,,1,70,,186209,12,,,1,30,,186210,12,,,1,72,,186211,12,,,1,13,,186212,12,,,1,20,,186213,12,,,1,60,,186214,12,,,1,20,,186215,12,,,1,20,,186216,12,,,1,60,,186217,12,,,1,20,,186218,12,,,1,20,,186219,12,,,1,60,,186220,12,,,1,20,,186221,12,,,1,18,,186222,12,,,1,70,,186223,12,,,1,30,,186224,12,,,1,70,,186225,12,,,1,30,,186226,12,,,1,70,,186227,12,,,1,30,,186228,12,,,1,70,,186229,12,,,1
92600,'926-Weekday-2-26-06-1111100',608,,202458,12,,,1,20,,202459,12,,,1,22,,202460,12,,,1,60,,202461,12,,,1,20,,202462,12,,,1,20,,202463,12,,,1,60,,202464,12,,,1,20,,202465,12,,,1,20,,202466,12,,,1,56,,202467,12,,,1,30,,202468,12,,,1,70,,202469,12,,,1,30,,202470,12,,,1,70,,202471,12,,,1,30,,202472,12,,,1,70,,202473,12,,,1,30,,202474,12,,,1,70,,202475,12,,,1,30,,202476,12,,,1,70,,202477,12,,,1,30,,202478,12,,,1,72,,202479,12,,,1,13,,202480,12,,,1,20,,202481,12,,,1,60,,202482,12,,,1,20,,202483,12,,,1,20,,202484,12,,,1,60,,202485,12,,,1,20,,202486,12,,,1,20,,202487,12,,,1,60,,202488,12,,,1,20,,202489,12,,,1,18,,202490,12,,,1,70,,202491,12,,,1,30,,202492,12,,,1,70,,202493,12,,,1,30,,202494,12,,,1,70,,202495,12,,,1,30,,202496,12,,,1,70,,202497,12,,,1
92600,'926-Saturday-1-26-06-0000010',804,,186230,12,,,1,30,,186231,12,,,1,70,,186232,12,,,1,30,,186233,12,,,1,70,,186234,12,,,1,30,,186235,12,,,1,70,,186236,12,,,1,30,,186237,12,,,1,70,,186238,12,,,1,30,,186239,12,,,1,70,,186240,12,,,1,30,,186241,12,,,1,70,,186242,12,,,1,30,,186243,12,,,1,70,,186244,12,,,1,30,,186245,12,,,1,70,,186246,12,,,1,30,,186247,12,,,1,70,,186248,12,,,1,30,,186249,12,,,1,70,,186250,12,,,1,30,,186251,12,,,1,70,,186252,12,,,1
92600,'926-Sunday-1-26-06-0000001',1006,,186253,12,,,1,30,,186254,12,,,1,70,,186255,12,,,1,30,,186256,12,,,1,70,,186257,12,,,1,30,,186258,12,,,1,70,,186259,12,,,1,30,,186260,12,,,1,70,,186261,12,,,1,31,,186262,12,,,1,69,,186263,12,,,1,30,,186264,12,,,1,70,,186265,12,,,1,30,,186266,12,,,1,70,,186267,12,,,1,30,,186268,12,,,1,70,,186269,12,,,1,30,,186270,12,,,1,70,,186271,12,,,1
92600,'926-Sunday-2-26-06-0000001',1006,,202498,12,,,1,30,,202499,12,,,1,70,,202500,12,,,1,30,,202501,12,,,1,70,,202502,12,,,1,30,,202503,12,,,1,70,,202504,12,,,1,30,,202505,12,,,1,70,,202506,12,,,1,31,,202507,12,,,1,69,,202508,12,,,1,30,,202509,12,,,1,70,,202510,12,,,1,30,,202511,12,,,1,70,,202512,12,,,1,30,,202513,12,,,1,70,,202514,12,,,1,30,,202515,12,,,1,70,,202516,12,,,1
24093001,'930X-Weekday-1-26-06-1111100',1534,,187998,6,,,1,20,,187999,6,,,1,60,,188000,6,,,1,20,,188001,6,,,1,20,,188002,6,,,1,60,,188003,6,,,1,20,,188004,6,,,1,20,,188005,6,,,1
24093001,'930X-Weekday-2-26-06-1111100',1534,,203595,6,,,1,20,,203596,6,,,1,60,,203597,6,,,1,20,,203598,6,,,1,20,,203599,6,,,1,60,,203600,6,,,1,20,,203601,6,,,1,20,,203602,6,,,1
