11100,'111-Weekday-1-26-02-1111100',939,,33977,41,,,1,100,,33978,41,,,1,100,,33979,41,,,1,100,,33980,41,,,1,100,,33981,41,,,1,100,,33982,41,,,1,101,,33983,41,0,30,1
11100,'111-Weekday-10-26-02-1111100',939,,33984,41,,,1,100,,33985,41,,,1,100,,33986,41,,,1,100,,33987,41,,,1,100,,33988,41,,,1,100,,33989,41,,,1,101,,33990,41,0,30,1
11100,'111-Weekday-2-26-02-1111100',939,,33991,41,,,1,100,,33992,41,,,1,100,,33993,41,,,1,100,,33994,41,,,1,100,,33995,41,,,1,100,,33996,41,,,1,101,,33997,41,0,30,1
11100,'111-Weekday-4-26-02-1111100',939,,33998,41,,,1,100,,33999,41,,,1,100,,34000,41,,,1,100,,34001,41,,,1,100,,34002,41,,,1,100,,34003,41,,,1,101,,34004,41,0,30,1
11100,'111-Weekday-5-26-02-1111100',939,,34005,41,,,1,100,,34006,41,,,1,100,,34007,41,,,1,100,,34008,41,,,1,100,,34009,41,,,1,100,,34010,41,,,1,101,,34011,41,0,30,1
11100,'111-Weekday-6-26-02-1111100',939,,34012,41,,,1,100,,34013,41,,,1,100,,34014,41,,,1,100,,34015,41,,,1,100,,34016,41,,,1,100,,34017,41,,,1,101,,34018,41,0,30,1
11100,'111-Weekday-7-26-02-1111100',939,,34019,41,,,1,100,,34020,41,,,1,100,,34021,41,,,1,100,,34022,41,,,1,100,,34023,41,,,1,100,,34024,41,,,1,101,,34025,41,0,30,1
11100,'111-Weekday-8-26-02-1111100',939,,34026,41,,,1,100,,34027,41,,,1,100,,34028,41,,,1,100,,34029,41,,,1,100,,34030,41,,,1,100,,34031,41,,,1,101,,34032,41,0,30,1
11100,'111-Weekday-9-26-02-1111100',939,,34033,41,,,1,100,,34034,41,,,1,100,,34035,41,,,1,100,,34036,41,,,1,100,,34037,41,,,1,100,,34038,41,,,1,101,,34039,41,0,30,1
11100,'111-Saturday-1-26-02-0000010',939,,34045,41,0,30,1,100,,34046,41,0,30,1,100,,34042,41,0,30,1,100,,34043,41,0,30,1,100,,34044,41,0,30,1,100,,34040,41,0,30,1,100,,34041,41,0,30,1
70100,'701-Weekday-1-26-02-1111100',544,,62116,11,,,1,61,,62117,36,,,1,32,,62118,36,,,1,76,,62119,36,,,1,15,,62120,36,,,1,15,,62121,36,,,1,15,,62122,36,,,1,55,,62123,36,,,1,15,,62124,36,,,1,15,,62125,36,,,1,16,,62126,36,,,1,56,,62127,36,,,1,15,,62128,11,,,1,15,,62129,36,,,1,55,,62130,11,,,1,15,,62131,36,,,1,15,,62132,11,,,1,15,,62133,36,,,1,55,,62134,11,,,1,15,,62135,36,,,1,15,,62136,11,,,1,15,,62137,36,,,1,55,,62138,11,,,1,15,,62139,36,,,1,15,,62140,11,,,1,15,,62141,36,,,1,55,,62142,11,,,1,15,,62143,36,,,1,15,,62144,11,,,1,15,,62145,36,,,1,55,,62146,11,,,1,15,,62147,36,,,1,15,,62148,11,,,1,15,,62149,36,,,1,14,,62150,36,,,1,54,,62151,36,,,1,19,,62152,36,,,1,15,,62153,36,,,1,56,,62154,36,,,1,15,,62155,36,,,1,15,,62156,36,,,1,14,,62157,36,,,1,56,,62158,36,,,1,15,,62159,36,,,1,15,,62160,36,,,1,70,,62161,36,,,1,27,,62162,36,,,1,26,,62163,36,,,1,69,,62164,36,,,1,30,,62165,36,,,1,70,,62166,36,,,1,30,,62167,36,,,1,70,,62168,36,,,1,30,,62169,36,,,1,67,,62170,36,,,1,99,,62171,36,,,1,100,,62172,36,,,1
70100,'701-Weekday-10-26-02-1111100',544,,62173,11,,,1,61,,62174,36,,,1,32,,62175,36,,,1,76,,62176,36,,,1,15,,62177,36,,,1,15,,62178,36,,,1,15,,62179,36,,,1,55,,62180,36,,,1,15,,62181,36,,,1,15,,62182,36,,,1,16,,62183,36,,,1,56,,62184,36,,,1,15,,62185,11,,,1,15,,62186,36,,,1,55,,62187,11,,,1,15,,62188,36,,,1,15,,62189,11,,,1,15,,62190,36,,,1,55,,62191,11,,,1,15,,62192,36,,,1,15,,62193,11,,,1,15,,62194,36,,,1,55,,62195,11,,,1,15,,62196,36,,,1,15,,62197,11,,,1,15,,62198,36,,,1,55,,62199,11,,,1,15,,62200,36,,,1,15,,62201,11,,,1,15,,62202,36,,,1,55,,62203,11,,,1,15,,62204,36,,,1,15,,62205,11,,,1,15,,62206,36,,,1,14,,62207,36,,,1,54,,62208,36,,,1,19,,62209,36,,,1,15,,62210,36,,,1,56,,62211,36,,,1,15,,62212,36,,,1,15,,62213,36,,,1,14,,62214,36,,,1,56,,62215,36,,,1,15,,62216,36,,,1,15,,62217,36,,,1,70,,62218,36,,,1,27,,62219,36,,,1,26,,62220,36,,,1,69,,62221,36,,,1,30,,62222,36,,,1,70,,62223,36,,,1,30,,62224,36,,,1,70,,62225,36,,,1,30,,62226,36,,,1,67,,62227,36,,,1,99,,62228,36,,,1,100,,62229,36,,,1
70100,'701-Weekday-2-26-02-1111100',544,,62230,11,,,1,61,,62231,36,,,1,32,,62232,36,,,1,76,,62233,36,,,1,15,,62234,36,,,1,15,,62235,36,,,1,15,,62236,36,,,1,55,,62237,36,,,1,15,,62238,36,,,1,15,,62239,36,,,1,16,,62240,36,,,1,56,,62241,36,,,1,15,,62242,11,,,1,15,,62243,36,,,1,55,,62244,11,,,1,15,,62245,36,,,1,15,,62246,11,,,1,15,,62247,36,,,1,55,,62248,11,,,1,15,,62249,36,,,1,15,,62250,11,,,1,15,,62251,36,,,1,55,,62252,11,,,1,15,,62253,36,,,1,15,,62254,11,,,1,15,,62255,36,,,1,55,,62256,11,,,1,15,,62257,36,,,1,15,,62258,11,,,1,15,,62259,36,,,1,55,,62260,11,,,1,15,,62261,36,,,1,15,,62262,11,,,1,15,,62263,36,,,1,14,,62264,36,,,1,54,,62265,36,,,1,19,,62266,36,,,1,15,,62267,36,,,1,56,,62268,36,,,1,15,,62269,36,,,1,15,,62270,36,,,1,14,,62271,36,,,1,56,,62272,36,,,1,15,,62273,36,,,1,15,,62274,36,,,1,70,,62275,36,,,1,27,,62276,36,,,1,26,,62277,36,,,1,69,,62278,36,,,1,30,,62279,36,,,1,70,,62280,36,,,1,30,,62281,36,,,1,70,,62282,36,,,1,30,,62283,36,,,1,67,,62284,36,,,1,99,,62285,36,,,1,100,,62286,36,,,1
70100,'701-Weekday-4-26-02-1111100',544,,62287,11,,,1,61,,62288,36,,,1,32,,62289,36,,,1,76,,62290,36,,,1,15,,62291,36,,,1,15,,62292,36,,,1,15,,62293,36,,,1,55,,62294,36,,,1,15,,62295,36,,,1,15,,62296,36,,,1,16,,62297,36,,,1,56,,62298,36,,,1,15,,62299,11,,,1,15,,62300,36,,,1,55,,62301,11,,,1,15,,62302,36,,,1,15,,62303,11,,,1,15,,62304,36,,,1,55,,62305,11,,,1,15,,62306,36,,,1,15,,62307,11,,,1,15,,62308,36,,,1,55,,62309,11,,,1,15,,62310,36,,,1,15,,62311,11,,,1,15,,62312,36,,,1,55,,62313,11,,,1,15,,62314,36,,,1,15,,62315,11,,,1,15,,62316,36,,,1,55,,62317,11,,,1,15,,62318,36,,,1,15,,62319,11,,,1,15,,62320,36,,,1,14,,62321,36,,,1,54,,62322,36,,,1,19,,62323,36,,,1,15,,62324,36,,,1,56,,62325,36,,,1,15,,62326,36,,,1,15,,62327,36,,,1,14,,62328,36,,,1,56,,62329,36,,,1,15,,62330,36,,,1,15,,62331,36,,,1,70,,62332,36,,,1,27,,62333,36,,,1,26,,62334,36,,,1,69,,62335,36,,,1,30,,62336,36,,,1,70,,62337,36,,,1,30,,62338,36,,,1,70,,62339,36,,,1,30,,62340,36,,,1,67,,62341,36,,,1,99,,62342,36,,,1,100,,62343,36,,,1
70100,'701-Weekday-5-26-02-1111100',544,,62344,11,,,1,61,,62345,36,,,1,32,,62346,36,,,1,76,,62347,36,,,1,15,,62348,36,,,1,15,,62349,36,,,1,15,,62350,36,,,1,55,,62351,36,,,1,15,,62352,36,,,1,15,,62353,36,,,1,16,,62354,36,,,1,56,,62355,36,,,1,15,,62356,11,,,1,15,,62357,36,,,1,55,,62358,11,,,1,15,,62359,36,,,1,15,,62360,11,,,1,15,,62361,36,,,1,55,,62362,11,,,1,15,,62363,36,,,1,15,,62364,11,,,1,15,,62365,36,,,1,55,,62366,11,,,1,15,,62367,36,,,1,15,,62368,11,,,1,15,,62369,36,,,1,55,,62370,11,,,1,15,,62371,36,,,1,15,,62372,11,,,1,15,,62373,36,,,1,55,,62374,11,,,1,15,,62375,36,,,1,15,,62376,11,,,1,15,,62377,36,,,1,14,,62378,36,,,1,54,,62379,36,,,1,19,,62380,36,,,1,15,,62381,36,,,1,56,,62382,36,,,1,15,,62383,36,,,1,15,,62384,36,,,1,14,,62385,36,,,1,56,,62386,36,,,1,15,,62387,36,,,1,15,,62388,36,,,1,70,,62389,36,,,1,27,,62390,36,,,1,26,,62391,36,,,1,69,,62392,36,,,1,30,,62393,36,,,1,70,,62394,36,,,1,30,,62395,36,,,1,70,,62396,36,,,1,30,,62397,36,,,1,67,,62398,36,,,1,99,,62399,36,,,1,100,,62400,36,,,1
70100,'701-Weekday-6-26-02-1111100',544,,62401,11,,,1,61,,62402,36,,,1,32,,62403,36,,,1,76,,62404,36,,,1,15,,62405,36,,,1,15,,62406,36,,,1,15,,62407,36,,,1,55,,62408,36,,,1,15,,62409,36,,,1,15,,62410,36,,,1,16,,62411,36,,,1,56,,62412,36,,,1,15,,62413,11,,,1,15,,62414,36,,,1,55,,62415,11,,,1,15,,62416,36,,,1,15,,62417,11,,,1,15,,62418,36,,,1,55,,62419,11,,,1,15,,62420,36,,,1,15,,62421,11,,,1,15,,62422,36,,,1,55,,62423,11,,,1,15,,62424,36,,,1,15,,62425,11,,,1,15,,62426,36,,,1,55,,62427,11,,,1,15,,62428,36,,,1,15,,62429,11,,,1,15,,62430,36,,,1,55,,62431,11,,,1,15,,62432,36,,,1,15,,62433,11,,,1,15,,62434,36,,,1,14,,62435,36,,,1,54,,62436,36,,,1,19,,62437,36,,,1,15,,62438,36,,,1,56,,62439,36,,,1,15,,62440,36,,,1,15,,62441,36,,,1,14,,62442,36,,,1,56,,62443,36,,,1,15,,62444,36,,,1,15,,62445,36,,,1,70,,62446,36,,,1,27,,62447,36,,,1,26,,62448,36,,,1,69,,62449,36,,,1,30,,62450,36,,,1,70,,62451,36,,,1,30,,62452,36,,,1,70,,62453,36,,,1,30,,62454,36,,,1,67,,62455,36,,,1,99,,62456,36,,,1,100,,62457,36,,,1
70100,'701-Weekday-7-26-02-1111100',544,,62458,11,,,1,61,,62459,36,,,1,32,,62460,36,,,1,76,,62461,36,,,1,15,,62462,36,,,1,15,,62463,36,,,1,15,,62464,36,,,1,55,,62465,36,,,1,15,,62466,36,,,1,15,,62467,36,,,1,16,,62468,36,,,1,56,,62469,36,,,1,15,,62470,11,,,1,15,,62471,36,,,1,55,,62472,11,,,1,15,,62473,36,,,1,15,,62474,11,,,1,15,,62475,36,,,1,55,,62476,11,,,1,15,,62477,36,,,1,15,,62478,11,,,1,15,,62479,36,,,1,55,,62480,11,,,1,15,,62481,36,,,1,15,,62482,11,,,1,15,,62483,36,,,1,55,,62484,11,,,1,15,,62485,36,,,1,15,,62486,11,,,1,15,,62487,36,,,1,55,,62488,11,,,1,15,,62489,36,,,1,15,,62490,11,,,1,15,,62491,36,,,1,14,,62492,36,,,1,54,,62493,36,,,1,19,,62494,36,,,1,15,,62495,36,,,1,56,,62496,36,,,1,15,,62497,36,,,1,15,,62498,36,,,1,14,,62499,36,,,1,56,,62500,36,,,1,15,,62501,36,,,1,15,,62502,36,,,1,70,,62503,36,,,1,27,,62504,36,,,1,26,,62505,36,,,1,69,,62506,36,,,1,30,,62507,36,,,1,70,,62508,36,,,1,30,,62509,36,,,1,70,,62510,36,,,1,30,,62511,36,,,1,67,,62512,36,,,1,99,,62513,36,,,1,100,,62514,36,,,1
70100,'701-Weekday-8-26-02-1111100',544,,62515,11,,,1,61,,62516,36,,,1,32,,62517,36,,,1,76,,62518,36,,,1,15,,62519,36,,,1,15,,62520,36,,,1,15,,62521,36,,,1,55,,62522,36,,,1,15,,62523,36,,,1,15,,62524,36,,,1,16,,62525,36,,,1,56,,62526,36,,,1,15,,62527,11,,,1,15,,62528,36,,,1,55,,62529,11,,,1,15,,62530,36,,,1,15,,62531,11,,,1,15,,62532,36,,,1,55,,62533,11,,,1,15,,62534,36,,,1,15,,62535,11,,,1,15,,62536,36,,,1,55,,62537,11,,,1,15,,62538,36,,,1,15,,62539,11,,,1,15,,62540,36,,,1,55,,62541,11,,,1,15,,62542,36,,,1,15,,62543,11,,,1,15,,62544,36,,,1,55,,62545,11,,,1,15,,62546,36,,,1,15,,62547,11,,,1,15,,62548,36,,,1,14,,62549,36,,,1,54,,62550,36,,,1,19,,62551,36,,,1,15,,62552,36,,,1,56,,62553,36,,,1,15,,62554,36,,,1,15,,62555,36,,,1,14,,62556,36,,,1,56,,62557,36,,,1,15,,62558,36,,,1,15,,62559,36,,,1,70,,62560,36,,,1,27,,62561,36,,,1,26,,62562,36,,,1,69,,62563,36,,,1,30,,62564,36,,,1,70,,62565,36,,,1,30,,62566,36,,,1,70,,62567,36,,,1,30,,62568,36,,,1,67,,62569,36,,,1,99,,62570,36,,,1,100,,62571,36,,,1
70100,'701-Weekday-9-26-02-1111100',544,,62572,11,,,1,61,,62573,36,,,1,32,,62574,36,,,1,76,,62575,36,,,1,15,,62576,36,,,1,15,,62577,36,,,1,15,,62578,36,,,1,55,,62579,36,,,1,15,,62580,36,,,1,15,,62581,36,,,1,16,,62582,36,,,1,56,,62583,36,,,1,15,,62584,11,,,1,15,,62585,36,,,1,55,,62586,11,,,1,15,,62587,36,,,1,15,,62588,11,,,1,15,,62589,36,,,1,55,,62590,11,,,1,15,,62591,36,,,1,15,,62592,11,,,1,15,,62593,36,,,1,55,,62594,11,,,1,15,,62595,36,,,1,15,,62596,11,,,1,15,,62597,36,,,1,55,,62598,11,,,1,15,,62599,36,,,1,15,,62600,11,,,1,15,,62601,36,,,1,55,,62602,11,,,1,15,,62603,36,,,1,15,,62604,11,,,1,15,,62605,36,,,1,14,,62606,36,,,1,54,,62607,36,,,1,19,,62608,36,,,1,15,,62609,36,,,1,56,,62610,36,,,1,15,,62611,36,,,1,15,,62612,36,,,1,14,,62613,36,,,1,56,,62614,36,,,1,15,,62615,36,,,1,15,,62616,36,,,1,70,,62617,36,,,1,27,,62618,36,,,1,26,,62619,36,,,1,69,,62620,36,,,1,30,,62621,36,,,1,70,,62622,36,,,1,30,,62623,36,,,1,70,,62624,36,,,1,30,,62625,36,,,1,67,,62626,36,,,1,99,,62627,36,,,1,100,,62628,36,,,1
70100,'701-Saturday-1-26-02-0000010',654,,62629,11,,,1,99,,62630,36,,,1,70,,62659,11,,,1,30,,62631,36,,,1,68,,62632,36,,,1,30,,62633,36,,,1,70,,62634,36,,,1,30,,62635,36,,,1,70,,62636,36,,,1,30,,62637,36,,,1,70,,62638,36,,,1,30,,62639,36,,,1,70,,62640,36,,,1,30,,62641,36,,,1,70,,62642,36,,,1,30,,62643,36,,,1,70,,62644,36,,,1,30,,62645,36,,,1,70,,62646,36,,,1,30,,62647,36,,,1,71,,62648,36,,,1,30,,62649,36,,,1,70,,62650,36,,,1,30,,62651,36,,,1,70,,62652,36,,,1,30,,62653,36,,,1,100,,62654,36,,,1,100,,62655,36,,,1,100,,62656,36,,,1,100,,62657,36,,,1,100,,62658,36,,,1
70100,'701-Sunday-1-26-02-0000001',610,,62660,11,,,1,100,,62661,11,,,1,100,,62687,11,,,1,29,,62662,36,,,1,72,,62688,11,,,1,30,,62663,36,,,1,70,,62689,11,,,1,30,,62664,36,,,1,70,,62665,36,,,1,30,,62666,36,,,1,70,,62667,36,,,1,30,,62668,36,,,1,70,,62669,36,,,1,30,,62670,36,,,1,70,,62671,36,,,1,30,,62672,36,,,1,70,,62673,36,,,1,30,,62674,36,,,1,70,,62675,36,,,1,30,,62676,36,,,1,66,,62677,36,,,1,34,,62678,36,,,1,70,,62679,36,,,1,30,,62680,36,,,1,70,,62681,36,,,1,30,,62682,36,,,1,70,,62683,36,,,1,100,,62684,36,,,1,100,,62685,36,,,1,100,,62686,11,,,1
