5201,'052-Weekday-1-26-04-1111100',616,,114982,55,,,1,30,,114940,55,,,1,76,,114941,55,,,1,25,,114942,55,,,1,57,,114943,55,,,1,15,,114944,55,,,1,15,,114945,55,,,1,15,,114939,55,,,1,54,,114981,55,,,1,14,,114946,55,,,1,18,,114947,55,,,1,70,,114948,55,,,1,30,,114949,55,,,1,70,,114950,55,,,1,30,,114951,55,,,1,70,,114952,55,,,1,30,,114953,55,,,1,70,,114954,55,,,1,30,,114955,55,,,1,70,,114956,55,,,1,30,,114957,55,,,1,71,,114958,55,,,1,24,,114959,55,,,1,7,,114984,22,,,1,8,,114960,55,,,1,58,,114961,55,,,1,15,,114962,55,,,1,14,,114963,55,,,1,15,,114964,55,,,1,55,,114965,55,,,1,15,,114966,55,,,1,15,,114967,55,,,1,14,,114968,55,,,1,63,,114969,55,,,1,28,,114970,55,,,1,63,,114971,55,,,1,29,,114972,55,,,1,30,,114973,55,,,1,70,,114974,55,,,1,30,,114975,55,,,1,70,,114976,55,,,1,28,,114977,55,,,1,68,,114978,55,,,1,99,,114979,55,,,1,100,,114980,55,,,1
5201,'052-Weekday-2-26-04-1111100',616,,115028,55,,,1,30,,114986,55,,,1,76,,114987,55,,,1,25,,114988,55,,,1,57,,114989,55,,,1,15,,114990,55,,,1,15,,114991,55,,,1,15,,114985,55,,,1,54,,115027,55,,,1,14,,114992,55,,,1,18,,114993,55,,,1,70,,114994,55,,,1,30,,114995,55,,,1,70,,114996,55,,,1,30,,114997,55,,,1,70,,114998,55,,,1,30,,114999,55,,,1,70,,115000,55,,,1,30,,115001,55,,,1,70,,115002,55,,,1,30,,115003,55,,,1,71,,115004,55,,,1,24,,115005,55,,,1,7,,115030,22,,,1,8,,115006,55,,,1,58,,115007,55,,,1,15,,115008,55,,,1,14,,115009,55,,,1,15,,115010,55,,,1,55,,115011,55,,,1,15,,115012,55,,,1,15,,115013,55,,,1,14,,115014,55,,,1,63,,115015,55,,,1,28,,115016,55,,,1,63,,115017,55,,,1,29,,115018,55,,,1,30,,115019,55,,,1,70,,115020,55,,,1,30,,115021,55,,,1,70,,115022,55,,,1,28,,115023,55,,,1,68,,115024,55,,,1,99,,115025,55,,,1,100,,115026,55,,,1
5201,'052-Weekday-3-26-04-1111100',616,,115074,55,,,1,30,,115032,55,,,1,76,,115033,55,,,1,25,,115034,55,,,1,57,,115035,55,,,1,15,,115036,55,,,1,15,,115037,55,,,1,15,,115031,55,,,1,54,,115073,55,,,1,14,,115038,55,,,1,18,,115039,55,,,1,70,,115040,55,,,1,30,,115041,55,,,1,70,,115042,55,,,1,30,,115043,55,,,1,70,,115044,55,,,1,30,,115045,55,,,1,70,,115046,55,,,1,30,,115047,55,,,1,70,,115048,55,,,1,30,,115049,55,,,1,71,,115050,55,,,1,24,,115051,55,,,1,15,,115052,55,,,1,58,,115053,55,,,1,15,,115054,55,,,1,14,,115055,55,,,1,15,,115056,55,,,1,55,,115057,55,,,1,15,,115058,55,,,1,15,,115059,55,,,1,14,,115060,55,,,1,63,,115061,55,,,1,28,,115062,55,,,1,63,,115063,55,,,1,29,,115064,55,,,1,30,,115065,55,,,1,70,,115066,55,,,1,30,,115067,55,,,1,70,,115068,55,,,1,28,,115069,55,,,1,68,,115070,55,,,1,99,,115071,55,,,1,100,,115072,55,,,1
5201,'052-Saturday-1-26-04-0000010',702,,115075,55,,,1,100,,115076,55,,,1,100,,115077,55,,,1,33,,115078,55,,,1,69,,115079,55,,,1,30,,115080,55,,,1,70,,115081,55,,,1,30,,115082,55,,,1,70,,115083,55,,,1,30,,115084,55,,,1,70,,115085,55,,,1,30,,115086,55,,,1,70,,115087,55,,,1,30,,115088,55,,,1,70,,115089,55,,,1,30,,115090,55,,,1,70,,115091,55,,,1,30,,115092,55,,,1,70,,115093,55,,,1,27,,115094,55,,,1,69,,115095,55,,,1,30,,115096,55,,,1,70,,115097,55,,,1,30,,115098,55,,,1,70,,115099,55,,,1,100,,115100,55,,,1,100,,115101,55,,,1,100,,115102,55,,,1,100,,115103,55,,,1
5201,'052-Sunday-1-26-04-0000001',800,,115127,55,,,1,100,,115104,55,,,1,103,,115105,55,,,1,100,,115106,55,,,1,30,,115107,55,,,1,70,,115108,55,,,1,30,,115109,55,,,1,70,,115110,55,,,1,30,,115111,55,,,1,70,,115112,55,,,1,30,,115113,55,,,1,70,,115114,55,,,1,30,,115115,55,,,1,70,,115116,55,,,1,30,,115117,55,,,1,74,,115118,55,,,1,31,,115119,55,,,1,70,,115120,55,,,1,30,,115121,55,,,1,70,,115122,55,,,1,30,,115126,55,,,1,70,,115123,55,,,1,100,,115124,55,,,1,100,,115125,55,,,1,100,,115128,55,,,1
67100,'671-Weekday-1-26-04-1111100',747,,132070,6,,,1,74,,132071,6,,,1,5,,132072,6,,,1,11,,132073,6,,,1,2,,132074,6,,,1,5,,132075,6,,,1
67100,'671-Weekday-2-26-04-1111100',821,,132076,6,,,1,5,,132077,6,,,1,11,,132078,6,,,1,2,,132079,6,,,1,5,,132080,6,,,1
67100,'671-Weekday-3-26-04-1111100',747,,132081,6,,,1
67800,'678-Weekday-1-26-04-1111100',748,,132116,5,,,1,9,,132117,5,,,1,63,,132118,5,,,1,12,,132119,5,,,1,2,,132120,5,,,1,2,,132121,5,,,1,2,,132122,5,,,1
67800,'678-Weekday-2-26-04-1111100',820,,132123,5,,,1,12,,132124,5,,,1,2,,132125,5,,,1,2,,132126,5,,,1,2,,132127,5,,,1
67800,'678-Weekday-3-26-04-1111100',748,,132128,5,,,1,9,,132129,5,,,1
67801,'678-Weekday-1-26-04-0001000',1214,,132130,2,,,1,1,,132134,2,,,1
67801,'678-Weekday-1-26-04-1110100',1510,,132135,2,,,1,1,,132136,2,,,1
67801,'678-Weekday-3-26-04-0001000',1214,,132145,2,,,1,1,,132146,2,,,1
67801,'678-Weekday-3-26-04-1110100',1510,,132147,2,,,1,1,,132148,2,,,1
