11600,'116-Weekday-1-26-02-0001000',1205,,37228,5,,,1
11600,'116-Weekday-1-26-02-1110100',1514,,37229,5,,,1
11600,'116-Weekday-1-26-02-1111100',547,,37230,25,,,1,70,,37231,25,,,1,31,,37266,25,,,1,55,,37233,25,,,1,15,,37269,25,,,1,15,,37234,25,,,1,15,,37235,25,,,1,10,,37274,25,,,1,45,,37236,25,,,1,9,,37275,25,,,1,6,,37270,25,,,1,15,,37237,25,,,1,15,,37238,25,,,1,58,,37239,25,,,1,29,,37240,25,,,1,70,,37241,25,,,1,30,,37242,25,,,1,70,,37243,25,,,1,30,,37244,25,,,1,70,,37245,25,,,1,30,,37246,25,,,1,70,,37247,25,,,1,30,,37248,25,,,1,70,,37249,25,,,1,30,,37250,25,,,1,70,,37251,25,,,1,16,,37252,25,,,1,25,,37271,25,,,1,60,,37253,25,,,1,20,,37254,25,,,1,20,,37272,25,,,1,60,,37255,25,,,1,20,,37267,25,,,1,20,,37273,25,,,1,60,,37256,25,,,1,29,,37257,25,,,1,69,,37258,25,,,1,30,,37259,25,,,1,70,,37260,25,,,1,30,,37261,25,,,1,70,,37262,25,,,1,30,,37263,25,,,1,70,,37264,25,,,1,30,,37268,25,,,1,100,,37265,25,,,1,100,,37232,25,,,1
11600,'116-Weekday-10-26-02-0001000',1205,,37276,5,,,1
11600,'116-Weekday-10-26-02-1111100',547,,37277,25,,,1,70,,37278,25,,,1,31,,37313,25,,,1,55,,37280,25,,,1,15,,37316,25,,,1,15,,37281,25,,,1,15,,37282,25,,,1,10,,37321,25,,,1,45,,37283,25,,,1,9,,37322,25,,,1,6,,37317,25,,,1,15,,37284,25,,,1,15,,37285,25,,,1,58,,37286,25,,,1,29,,37287,25,,,1,70,,37288,25,,,1,30,,37289,25,,,1,70,,37290,25,,,1,30,,37291,25,,,1,70,,37292,25,,,1,30,,37293,25,,,1,70,,37294,25,,,1,30,,37295,25,,,1,70,,37296,25,,,1,30,,37297,25,,,1,70,,37298,25,,,1,16,,37299,25,,,1,25,,37318,25,,,1,60,,37300,25,,,1,20,,37301,25,,,1,20,,37319,25,,,1,60,,37302,25,,,1,20,,37314,25,,,1,20,,37320,25,,,1,60,,37303,25,,,1,29,,37304,25,,,1,69,,37305,25,,,1,30,,37306,25,,,1,70,,37307,25,,,1,30,,37308,25,,,1,70,,37309,25,,,1,30,,37310,25,,,1,70,,37311,25,,,1,30,,37315,25,,,1,100,,37312,25,,,1,100,,37279,25,,,1
11600,'116-Weekday-4-26-02-1111100',547,,37371,25,,,1,70,,37372,25,,,1,31,,37407,25,,,1,55,,37374,25,,,1,15,,37410,25,,,1,15,,37375,25,,,1,15,,37376,25,,,1,55,,37377,25,,,1,15,,37411,25,,,1,15,,37378,25,,,1,15,,37379,25,,,1,58,,37380,25,,,1,29,,37381,25,,,1,70,,37382,25,,,1,30,,37383,25,,,1,70,,37384,25,,,1,30,,37385,25,,,1,70,,37386,25,,,1,30,,37387,25,,,1,70,,37388,25,,,1,30,,37389,25,,,1,70,,37390,25,,,1,30,,37391,25,,,1,70,,37392,25,,,1,16,,37393,25,,,1,25,,37412,25,,,1,60,,37394,25,,,1,20,,37395,25,,,1,20,,37413,25,,,1,60,,37396,25,,,1,20,,37408,25,,,1,20,,37414,25,,,1,60,,37397,25,,,1,29,,37398,25,,,1,69,,37399,25,,,1,30,,37400,25,,,1,70,,37401,25,,,1,30,,37402,25,,,1,70,,37403,25,,,1,30,,37404,25,,,1,70,,37405,25,,,1,30,,37409,25,,,1,100,,37406,25,,,1,100,,37373,25,,,1
11600,'116-Weekday-5-26-02-0000100',1205,,37415,5,,,1
11600,'116-Weekday-5-26-02-1111000',1514,,37416,5,,,1
11600,'116-Weekday-5-26-02-1111100',547,,37417,25,,,1,70,,37418,25,,,1,31,,37453,25,,,1,55,,37420,25,,,1,15,,37456,25,,,1,15,,37421,25,,,1,15,,37422,25,,,1,10,,37461,25,,,1,45,,37423,25,,,1,9,,37462,25,,,1,6,,37457,25,,,1,15,,37424,25,,,1,15,,37425,25,,,1,58,,37426,25,,,1,29,,37427,25,,,1,70,,37428,25,,,1,30,,37429,25,,,1,70,,37430,25,,,1,30,,37431,25,,,1,70,,37432,25,,,1,30,,37433,25,,,1,70,,37434,25,,,1,30,,37435,25,,,1,70,,37436,25,,,1,30,,37437,25,,,1,70,,37438,25,,,1,16,,37439,25,,,1,25,,37458,25,,,1,60,,37440,25,,,1,20,,37441,25,,,1,20,,37459,25,,,1,60,,37442,25,,,1,20,,37454,25,,,1,20,,37460,25,,,1,60,,37443,25,,,1,29,,37444,25,,,1,69,,37445,25,,,1,30,,37446,25,,,1,70,,37447,25,,,1,30,,37448,25,,,1,70,,37449,25,,,1,30,,37450,25,,,1,70,,37451,25,,,1,30,,37455,25,,,1,100,,37452,25,,,1,100,,37419,25,,,1
11600,'116-Weekday-6-26-02-1110100',1514,,37463,5,,,1
11600,'116-Weekday-6-26-02-1111100',547,,37464,25,,,1,70,,37465,25,,,1,31,,37500,25,,,1,55,,37467,25,,,1,15,,37503,25,,,1,15,,37468,25,,,1,15,,37469,25,,,1,10,,37508,25,,,1,45,,37470,25,,,1,9,,37509,25,,,1,6,,37504,25,,,1,15,,37471,25,,,1,15,,37472,25,,,1,58,,37473,25,,,1,29,,37474,25,,,1,70,,37475,25,,,1,30,,37476,25,,,1,70,,37477,25,,,1,30,,37478,25,,,1,70,,37479,25,,,1,30,,37480,25,,,1,70,,37481,25,,,1,30,,37482,25,,,1,70,,37483,25,,,1,30,,37484,25,,,1,70,,37485,25,,,1,16,,37486,25,,,1,25,,37505,25,,,1,60,,37487,25,,,1,20,,37488,25,,,1,20,,37506,25,,,1,60,,37489,25,,,1,20,,37501,25,,,1,20,,37507,25,,,1,60,,37490,25,,,1,29,,37491,25,,,1,69,,37492,25,,,1,30,,37493,25,,,1,70,,37494,25,,,1,30,,37495,25,,,1,70,,37496,25,,,1,30,,37497,25,,,1,70,,37498,25,,,1,30,,37502,25,,,1,100,,37499,25,,,1,100,,37466,25,,,1
11600,'116-Weekday-7-26-02-1111100',547,,37510,25,,,1,70,,37511,25,,,1,31,,37546,25,,,1,55,,37513,25,,,1,15,,37549,25,,,1,15,,37514,25,,,1,15,,37515,25,,,1,55,,37516,25,,,1,15,,37550,25,,,1,15,,37517,25,,,1,15,,37518,25,,,1,58,,37519,25,,,1,29,,37520,25,,,1,70,,37521,25,,,1,30,,37522,25,,,1,70,,37523,25,,,1,30,,37524,25,,,1,70,,37525,25,,,1,30,,37526,25,,,1,70,,37527,25,,,1,30,,37528,25,,,1,70,,37529,25,,,1,30,,37530,25,,,1,70,,37531,25,,,1,16,,37532,25,,,1,25,,37551,25,,,1,60,,37533,25,,,1,20,,37534,25,,,1,20,,37552,25,,,1,60,,37535,25,,,1,20,,37547,25,,,1,20,,37553,25,,,1,60,,37536,25,,,1,29,,37537,25,,,1,69,,37538,25,,,1,30,,37539,25,,,1,70,,37540,25,,,1,30,,37541,25,,,1,70,,37542,25,,,1,30,,37543,25,,,1,70,,37544,25,,,1,30,,37548,25,,,1,100,,37545,25,,,1,100,,37512,25,,,1
11600,'116-Saturday-1-26-02-0000010',617,,37673,25,,,1,100,,37672,25,,,1,100,,37645,25,,,1,30,,37674,25,,,1,71,,37646,25,,,1,30,,37647,25,,,1,70,,37648,25,,,1,30,,37649,25,,,1,70,,37650,25,,,1,30,,37651,25,,,1,70,,37652,25,,,1,30,,37653,25,,,1,70,,37654,25,,,1,30,,37655,25,,,1,70,,37656,25,,,1,30,,37657,25,,,1,70,,37658,25,,,1,30,,37659,25,,,1,70,,37660,25,,,1,30,,37661,25,,,1,69,,37662,25,,,1,30,,37663,25,,,1,71,,37664,25,,,1,30,,37665,25,,,1,70,,37666,25,,,1,85,,37667,25,,,1,100,,37668,25,,,1,100,,37669,25,,,1,100,,37670,25,,,1,100,,37671,25,,,1
11600,'116-Sunday-1-26-02-0000001',702,,37675,25,,,1,100,,37676,25,,,1,100,,37677,25,,,1,101,,37678,25,,,1,30,,37679,25,,,1,70,,37680,25,,,1,30,,37681,25,,,1,70,,37682,25,,,1,30,,37683,25,,,1,70,,37684,25,,,1,30,,37685,25,,,1,70,,37686,25,,,1,30,,37687,25,,,1,70,,37688,25,,,1,30,,37689,25,,,1,70,,37690,25,,,1,30,,37691,25,,,1,70,,37692,25,,,1,29,,37693,25,,,1,69,,37694,25,,,1,29,,37695,25,,,1,70,,37696,25,,,1,30,,37699,25,,,1,70,,37697,25,,,1,30,,37700,25,,,1,70,,37698,25,,,1
62700,'627-Weekday-1-26-02-1111100',1535,,60893,38,,,1
62700,'627-Weekday-5-26-02-1111100',1535,,60896,38,,,1
62700,'627-Weekday-9-26-02-1111100',1535,,60897,38,,,1
