401,'004-Weekday-1-26-02-1111100',503,,6544,6,,,1,15,,6545,6,,,1,15,,6546,6,,,1,16,,6547,6,,,1,55,,6548,6,,,1,15,,6585,6,,,1,17,,6584,6,,,1,10,,6583,6,,,1,10,,6635,6,,,1,50,,6636,6,,,1,10,,6628,6,,,1,10,,6629,6,,,1,10,,6630,6,,,1,10,,6631,6,,,1,10,,6632,6,,,1,50,,6633,6,,,1,10,,6638,6,,,1,10,,6639,6,,,1,11,,6634,6,,,1,12,,6582,6,,,1,52,,6618,6,,,1,12,,6581,6,,,1,12,,6580,6,,,1,12,,6614,6,,,1,12,,6615,6,,,1,52,,6549,6,,,1,12,,6550,6,,,1,12,,6551,6,,,1,12,,6552,6,,,1,12,,6553,6,,,1,52,,6554,6,,,1,12,,6555,6,,,1,12,,6556,6,,,1,12,,6557,6,,,1,12,,6558,6,,,1,52,,6559,6,,,1,12,,6560,6,,,1,12,,6586,6,,,1,12,,6587,6,,,1,12,,6588,6,,,1,52,,6589,6,,,1,12,,6590,6,,,1,12,,6622,6,,,1,12,,6623,6,,,1,12,,6624,6,,,1,52,,6625,6,,,1,12,,6626,6,,,1,12,,6627,6,,,1,12,,6621,6,,,1,12,,6591,6,,,1,52,,6649,6,,,1,9,,6592,6,,,1,8,,6593,6,,,1,10,,6594,6,,,1,10,,6595,6,,,1,10,,6596,6,,,1,10,,6597,6,,,1,50,,6598,6,,,1,10,,6599,6,,,1,10,,6600,6,,,1,10,,6601,6,,,1,10,,6602,6,,,1,10,,6603,6,,,1,50,,6604,6,,,1,10,,6605,6,,,1,10,,6619,6,,,1,15,,6620,6,,,1,15,,6606,6,,,1,55,,6607,6,,,1,14,,6608,6,,,1,14,,6609,6,,,1,15,,6610,6,,,1,55,,6611,6,,,1,15,,6612,6,,,1,15,,6613,6,,,1,15,,6616,6,,,1,55,,6617,6,,,1,15,,6561,6,,,1,15,,6562,6,,,1,15,,6564,6,,,1,55,,6565,6,,,1,15,,6566,6,,,1,15,,6563,6,,,1,15,,6567,6,,,1,54,,6568,6,,,1,20,,6569,6,,,1,20,,6570,6,,,1,60,,6571,6,,,1,20,,6572,6,,,1,20,,6573,6,,,1,60,,6574,6,,,1,29,,6575,6,,,1,70,,6576,6,,,1,30,,6577,6,,,1,70,,6578,6,,,1,30,,6579,6,,,1
401,'004-Weekday-10-26-02-1111100',503,,6664,6,,,1,15,,6665,6,,,1,15,,6666,6,,,1,16,,6667,6,,,1,55,,6668,6,,,1,15,,6705,6,,,1,17,,6704,6,,,1,10,,6703,6,,,1,10,,6755,6,,,1,50,,6756,6,,,1,10,,6748,6,,,1,10,,6749,6,,,1,10,,6750,6,,,1,10,,6751,6,,,1,10,,6752,6,,,1,50,,6753,6,,,1,10,,6758,6,,,1,10,,6759,6,,,1,11,,6754,6,,,1,12,,6702,6,,,1,52,,6738,6,,,1,12,,6701,6,,,1,12,,6700,6,,,1,12,,6734,6,,,1,12,,6735,6,,,1,52,,6669,6,,,1,12,,6670,6,,,1,12,,6671,6,,,1,12,,6672,6,,,1,12,,6673,6,,,1,52,,6674,6,,,1,12,,6675,6,,,1,12,,6676,6,,,1,12,,6677,6,,,1,12,,6678,6,,,1,52,,6679,6,,,1,12,,6680,6,,,1,12,,6706,6,,,1,12,,6707,6,,,1,12,,6708,6,,,1,52,,6709,6,,,1,12,,6710,6,,,1,12,,6742,6,,,1,12,,6743,6,,,1,12,,6744,6,,,1,52,,6745,6,,,1,12,,6746,6,,,1,12,,6747,6,,,1,12,,6741,6,,,1,12,,6711,6,,,1,52,,6769,6,,,1,9,,6712,6,,,1,8,,6713,6,,,1,10,,6714,6,,,1,10,,6715,6,,,1,10,,6716,6,,,1,10,,6717,6,,,1,50,,6718,6,,,1,10,,6719,6,,,1,10,,6720,6,,,1,10,,6721,6,,,1,10,,6722,6,,,1,10,,6723,6,,,1,50,,6724,6,,,1,10,,6725,6,,,1,10,,6739,6,,,1,15,,6740,6,,,1,15,,6726,6,,,1,55,,6727,6,,,1,14,,6728,6,,,1,14,,6729,6,,,1,15,,6730,6,,,1,55,,6731,6,,,1,15,,6732,6,,,1,15,,6733,6,,,1,15,,6736,6,,,1,55,,6737,6,,,1,15,,6681,6,,,1,15,,6682,6,,,1,15,,6684,6,,,1,55,,6685,6,,,1,15,,6686,6,,,1,15,,6683,6,,,1,15,,6687,6,,,1,54,,6688,6,,,1,20,,6689,6,,,1,20,,6690,6,,,1,60,,6691,6,,,1,20,,6692,6,,,1,20,,6693,6,,,1,60,,6694,6,,,1,29,,6695,6,,,1,70,,6696,6,,,1,30,,6697,6,,,1,70,,6698,6,,,1,30,,6699,6,,,1
401,'004-Saturday-1-26-02-0000010',523,,7553,6,,,1,20,,7554,6,,,1,60,,7555,6,,,1,20,,7556,6,,,1,20,,7557,6,,,1,60,,7558,6,,,1,20,,7559,6,,,1,20,,7560,6,,,1,60,,7561,6,,,1,15,,7562,6,,,1,15,,7563,6,,,1,15,,7564,6,,,1,59,,7565,6,,,1,15,,7566,6,,,1,15,,7567,6,,,1,15,,7568,6,,,1,55,,7569,6,,,1,15,,7570,6,,,1,15,,7572,6,,,1,15,,7571,6,,,1,55,,7574,6,,,1,15,,7575,6,,,1,15,,7577,6,,,1,15,,7578,6,,,1,55,,7580,6,,,1,15,,7582,6,,,1,15,,7584,6,,,1,15,,7586,6,,,1,55,,7588,6,,,1,15,,7590,6,,,1,15,,7592,6,,,1,15,,7594,6,,,1,55,,7596,6,,,1,15,,7598,6,,,1,15,,7600,6,,,1,15,,7603,6,,,1,55,,7605,6,,,1,15,,7606,6,,,1,15,,7609,6,,,1,15,,7611,6,,,1,55,,7612,6,,,1,15,,7614,6,,,1,15,,7616,6,,,1,15,,7618,6,,,1,56,,7620,6,,,1,16,,7622,6,,,1,15,,7624,6,,,1,15,,7552,6,,,1,55,,7626,6,,,1,16,,7628,6,,,1,15,,7630,6,,,1,15,,7632,6,,,1,55,,7634,6,,,1,15,,7636,6,,,1,15,,7638,6,,,1,15,,7640,6,,,1,56,,7641,6,,,1,15,,7642,6,,,1,15,,7643,6,,,1,15,,7644,6,,,1,55,,7645,6,,,1,15,,7646,6,,,1,15,,7647,6,,,1,15,,7648,6,,,1,55,,7649,6,,,1,18,,7650,6,,,1,20,,7651,6,,,1,60,,7652,6,,,1,20,,7653,6,,,1,20,,7654,6,,,1,59,,7655,6,,,1,20,,7656,6,,,1,30,,7657,6,,,1,70,,7662,6,,,1,30,,7658,6,,,1,70,,7659,6,,,1,30,,7660,6,,,1
63000,'630-Weekday-1-26-02-1111100',803,,60913,40,,,1
63000,'630-Weekday-9-26-02-1111100',803,,60919,40,,,1
63100,'631-Weekday-1-26-02-1111100',804,,60934,34,,,1
63100,'631-Weekday-9-26-02-1111100',804,,60940,34,,,1
63400,'634-Weekday-1-26-02-0000100',947,,61022,31,,,1,2,,61023,31,,,1
63400,'634-Weekday-1-26-02-1111000',807,,61024,31,,,1,2,,61025,31,,,1,3,,61026,31,,,1
63400,'634-Weekday-9-26-02-1111000',807,,61040,31,,,1,2,,61041,31,,,1,3,,61042,31,,,1
