11200,'112-Weekday-1-26-02-1111100',524,,34117,4,,,1,30,,34118,4,,,1,70,,34119,4,,,1,30,,34120,4,,,1,60,,34151,4,,,1,20,,34152,4,,,1,20,,34121,4,,,1,60,,34122,4,,,1,30,,34123,4,,,1,70,,34124,4,,,1,30,,34125,4,,,1,70,,34126,4,,,1,30,,34127,4,,,1,70,,34128,4,,,1,30,,34129,4,,,1,70,,34150,4,,,1,30,,34130,4,,,1,70,,34131,4,,,1,30,,34149,4,,,1,70,,34132,4,,,1,30,,34133,4,,,1,70,,34134,4,,,1,20,,34135,4,,,1,20,,34136,4,,,1,60,,34137,4,,,1,20,,34138,4,,,1,20,,34139,4,,,1,60,,34140,4,,,1,30,,34141,4,,,1,70,,34142,4,,,1,30,,34143,4,,,1,70,,34144,4,,,1,30,,34145,4,,,1,70,,34146,4,,,1,30,,34147,4,,,1,70,,34148,4,,,1
11200,'112-Weekday-10-26-02-1111100',524,,34153,4,,,1,30,,34154,4,,,1,70,,34155,4,,,1,30,,34156,4,,,1,60,,34187,4,,,1,20,,34188,4,,,1,20,,34157,4,,,1,60,,34158,4,,,1,30,,34159,4,,,1,70,,34160,4,,,1,30,,34161,4,,,1,70,,34162,4,,,1,30,,34163,4,,,1,70,,34164,4,,,1,30,,34165,4,,,1,70,,34186,4,,,1,30,,34166,4,,,1,70,,34167,4,,,1,30,,34185,4,,,1,70,,34168,4,,,1,30,,34169,4,,,1,70,,34170,4,,,1,20,,34171,4,,,1,20,,34172,4,,,1,60,,34173,4,,,1,20,,34174,4,,,1,20,,34175,4,,,1,60,,34176,4,,,1,30,,34177,4,,,1,70,,34178,4,,,1,30,,34179,4,,,1,70,,34180,4,,,1,30,,34181,4,,,1,70,,34182,4,,,1,30,,34183,4,,,1,70,,34184,4,,,1
11200,'112-Weekday-4-26-02-1111100',524,,34225,4,,,1,30,,34226,4,,,1,70,,34227,4,,,1,30,,34228,4,,,1,60,,34259,4,,,1,20,,34260,4,,,1,20,,34229,4,,,1,60,,34230,4,,,1,30,,34231,4,,,1,70,,34232,4,,,1,30,,34233,4,,,1,70,,34234,4,,,1,30,,34235,4,,,1,70,,34236,4,,,1,30,,34237,4,,,1,70,,34258,4,,,1,30,,34238,4,,,1,70,,34239,4,,,1,30,,34257,4,,,1,70,,34240,4,,,1,30,,34241,4,,,1,70,,34242,4,,,1,20,,34243,4,,,1,20,,34244,4,,,1,60,,34245,4,,,1,20,,34246,4,,,1,20,,34247,4,,,1,60,,34248,4,,,1,30,,34249,4,,,1,70,,34250,4,,,1,30,,34251,4,,,1,70,,34252,4,,,1,30,,34253,4,,,1,70,,34254,4,,,1,30,,34255,4,,,1,70,,34256,4,,,1
11200,'112-Weekday-5-26-02-1111100',524,,34261,4,,,1,30,,34262,4,,,1,70,,34263,4,,,1,30,,34264,4,,,1,60,,34295,4,,,1,20,,34296,4,,,1,20,,34265,4,,,1,60,,34266,4,,,1,30,,34267,4,,,1,70,,34268,4,,,1,30,,34269,4,,,1,70,,34270,4,,,1,30,,34271,4,,,1,70,,34272,4,,,1,30,,34273,4,,,1,70,,34294,4,,,1,30,,34274,4,,,1,70,,34275,4,,,1,30,,34293,4,,,1,70,,34276,4,,,1,30,,34277,4,,,1,70,,34278,4,,,1,20,,34279,4,,,1,20,,34280,4,,,1,60,,34281,4,,,1,20,,34282,4,,,1,20,,34283,4,,,1,60,,34284,4,,,1,30,,34285,4,,,1,70,,34286,4,,,1,30,,34287,4,,,1,70,,34288,4,,,1,30,,34289,4,,,1,70,,34290,4,,,1,30,,34291,4,,,1,70,,34292,4,,,1
11200,'112-Weekday-6-26-02-1111100',524,,34297,4,,,1,30,,34298,4,,,1,70,,34299,4,,,1,30,,34300,4,,,1,60,,34331,4,,,1,20,,34332,4,,,1,20,,34301,4,,,1,60,,34302,4,,,1,30,,34303,4,,,1,70,,34304,4,,,1,30,,34305,4,,,1,70,,34306,4,,,1,30,,34307,4,,,1,70,,34308,4,,,1,30,,34309,4,,,1,70,,34330,4,,,1,30,,34310,4,,,1,70,,34311,4,,,1,30,,34329,4,,,1,70,,34312,4,,,1,30,,34313,4,,,1,70,,34314,4,,,1,20,,34315,4,,,1,20,,34316,4,,,1,60,,34317,4,,,1,20,,34318,4,,,1,20,,34319,4,,,1,60,,34320,4,,,1,30,,34321,4,,,1,70,,34322,4,,,1,30,,34323,4,,,1,70,,34324,4,,,1,30,,34325,4,,,1,70,,34326,4,,,1,30,,34327,4,,,1,70,,34328,4,,,1
11200,'112-Weekday-7-26-02-1111100',524,,34333,4,,,1,30,,34334,4,,,1,70,,34335,4,,,1,30,,34336,4,,,1,60,,34367,4,,,1,20,,34368,4,,,1,20,,34337,4,,,1,60,,34338,4,,,1,30,,34339,4,,,1,70,,34340,4,,,1,30,,34341,4,,,1,70,,34342,4,,,1,30,,34343,4,,,1,70,,34344,4,,,1,30,,34345,4,,,1,70,,34366,4,,,1,30,,34346,4,,,1,70,,34347,4,,,1,30,,34365,4,,,1,70,,34348,4,,,1,30,,34349,4,,,1,70,,34350,4,,,1,20,,34351,4,,,1,20,,34352,4,,,1,60,,34353,4,,,1,20,,34354,4,,,1,20,,34355,4,,,1,60,,34356,4,,,1,30,,34357,4,,,1,70,,34358,4,,,1,30,,34359,4,,,1,70,,34360,4,,,1,30,,34361,4,,,1,70,,34362,4,,,1,30,,34363,4,,,1,70,,34364,4,,,1
11200,'112-Saturday-1-26-02-0000010',757,,34441,4,,,1,70,,34442,4,,,1,30,,34443,4,,,1,70,,34444,4,,,1,30,,34445,4,,,1,70,,34446,4,,,1,30,,34447,4,,,1,70,,34448,4,,,1,30,,34449,4,,,1,70,,34450,4,,,1,30,,34451,4,,,1,70,,34452,4,,,1,30,,34453,4,,,1,70,,34454,4,,,1,30,,34455,4,,,1,70,,34456,4,,,1,30,,34457,4,,,1,70,,34458,4,,,1,30,,34459,4,,,1,70,,34460,4,,,1,30,,34461,4,,,1,70,,34462,4,,,1,30,,34463,4,,,1
11200,'112-Sunday-1-26-02-0000001',958,,34464,4,,,1,70,,34465,4,,,1,30,,34466,4,,,1,70,,34467,4,,,1,30,,34468,4,,,1,70,,34469,4,,,1,30,,34470,4,,,1,70,,34471,4,,,1,30,,34472,4,,,1,70,,34473,4,,,1,30,,34474,4,,,1,70,,34475,4,,,1,30,,34476,4,,,1,70,,34477,4,,,1,30,,34478,4,,,1,70,,34479,4,,,1,30,,34480,4,,,1,70,,34481,4,,,1,30,,34482,4,,,1
12701,'127-Weekday-1-26-02-1111100',810,,43403,4,,,1,100,,43396,4,,,1,100,,43397,4,,,1,100,,43398,4,,,1,100,,43399,4,,,1,100,,43400,4,,,1,100,,43401,4,,,1,100,,43402,4,,,1,100,,43404,4,,,1,100,,43405,4,,,1
12701,'127-Weekday-10-26-02-1111100',810,,43413,4,,,1,100,,43406,4,,,1,100,,43407,4,,,1,100,,43408,4,,,1,100,,43409,4,,,1,100,,43410,4,,,1,100,,43411,4,,,1,100,,43412,4,,,1,100,,43414,4,,,1,100,,43415,4,,,1
12701,'127-Weekday-4-26-02-1111100',810,,43433,4,,,1,100,,43426,4,,,1,100,,43427,4,,,1,100,,43428,4,,,1,100,,43429,4,,,1,100,,43430,4,,,1,100,,43431,4,,,1,100,,43432,4,,,1,100,,43434,4,,,1,100,,43435,4,,,1
12701,'127-Weekday-5-26-02-1111100',810,,43443,4,,,1,100,,43436,4,,,1,100,,43437,4,,,1,100,,43438,4,,,1,100,,43439,4,,,1,100,,43440,4,,,1,100,,43441,4,,,1,100,,43442,4,,,1,100,,43444,4,,,1,100,,43445,4,,,1
12701,'127-Weekday-6-26-02-1111100',810,,43453,4,,,1,100,,43446,4,,,1,100,,43447,4,,,1,100,,43448,4,,,1,100,,43449,4,,,1,100,,43450,4,,,1,100,,43451,4,,,1,100,,43452,4,,,1,100,,43454,4,,,1,100,,43455,4,,,1
12701,'127-Weekday-7-26-02-1111100',810,,43463,4,,,1,100,,43456,4,,,1,100,,43457,4,,,1,100,,43458,4,,,1,100,,43459,4,,,1,100,,43460,4,,,1,100,,43461,4,,,1,100,,43462,4,,,1,100,,43464,4,,,1,100,,43465,4,,,1
12701,'127-Saturday-1-26-02-0000010',909,,43486,4,,,1,100,,43487,4,,,1,100,,43488,4,,,1,100,,43489,4,,,1,100,,43490,4,,,1,100,,43491,4,,,1,100,,43492,4,,,1,100,,43493,4,,,1,100,,43494,4,,,1
