50401,'504-Weekday-1-26-02-1111100',537,,45212,10,,,1,70,,45213,10,,,1,32,,45214,10,,,1,70,,45215,10,,,1,30,,45216,10,,,1,70,,45217,10,,,1,30,,45218,10,,,1,68,,45219,10,,,1,100,,45220,10,,,1,100,,45221,10,,,1,100,,45222,10,,,1,100,,45223,10,,,1,100,,45224,10,,,1,46,,45225,10,,,1,71,,45226,10,,,1,32,,45227,10,,,1,70,,45228,10,,,1,30,,45229,10,,,1,100,,45230,10,,,1,98,,45231,10,,,1,100,,45232,10,,,1,100,,45233,10,,,1,100,,45234,10,,,1
50401,'504-Weekday-10-26-02-1111100',537,,45235,10,,,1,70,,45236,10,,,1,32,,45237,10,,,1,70,,45238,10,,,1,30,,45239,10,,,1,70,,45240,10,,,1,30,,45241,10,,,1,68,,45242,10,,,1,100,,45243,10,,,1,100,,45244,10,,,1,100,,45245,10,,,1,100,,45246,10,,,1,100,,45247,10,,,1,46,,45248,10,,,1,71,,45249,10,,,1,32,,45250,10,,,1,70,,45251,10,,,1,30,,45252,10,,,1,100,,45253,10,,,1,98,,45254,10,,,1,100,,45255,10,,,1,100,,45256,10,,,1,100,,45257,10,,,1
50401,'504-Weekday-2-26-02-1111100',537,,45258,10,,,1,70,,45259,10,,,1,32,,45260,10,,,1,70,,45261,10,,,1,30,,45262,10,,,1,70,,45263,10,,,1,30,,45264,10,,,1,68,,45265,10,,,1,100,,45266,10,,,1,100,,45267,10,,,1,100,,45268,10,,,1,100,,45269,10,,,1,100,,45270,10,,,1,46,,45271,10,,,1,71,,45272,10,,,1,32,,45273,10,,,1,70,,45274,10,,,1,30,,45275,10,,,1,100,,45276,10,,,1,98,,45277,10,,,1,100,,45278,10,,,1,100,,45279,10,,,1,100,,45280,10,,,1
50401,'504-Weekday-4-26-02-1111100',537,,45281,10,,,1,70,,45282,10,,,1,32,,45283,10,,,1,70,,45284,10,,,1,30,,45285,10,,,1,70,,45286,10,,,1,30,,45287,10,,,1,68,,45288,10,,,1,100,,45289,10,,,1,100,,45290,10,,,1,100,,45291,10,,,1,100,,45292,10,,,1,100,,45293,10,,,1,46,,45294,10,,,1,71,,45295,10,,,1,32,,45296,10,,,1,70,,45297,10,,,1,30,,45298,10,,,1,100,,45299,10,,,1,98,,45300,10,,,1,100,,45301,10,,,1,100,,45302,10,,,1,100,,45303,10,,,1
50401,'504-Weekday-5-26-02-1111100',537,,45304,10,,,1,70,,45305,10,,,1,32,,45306,10,,,1,70,,45307,10,,,1,30,,45308,10,,,1,70,,45309,10,,,1,30,,45310,10,,,1,68,,45311,10,,,1,100,,45312,10,,,1,100,,45313,10,,,1,100,,45314,10,,,1,100,,45315,10,,,1,100,,45316,10,,,1,46,,45317,10,,,1,71,,45318,10,,,1,32,,45319,10,,,1,70,,45320,10,,,1,30,,45321,10,,,1,100,,45322,10,,,1,98,,45323,10,,,1,100,,45324,10,,,1,100,,45325,10,,,1,100,,45326,10,,,1
50401,'504-Weekday-6-26-02-1111100',537,,45327,10,,,1,70,,45328,10,,,1,32,,45329,10,,,1,70,,45330,10,,,1,30,,45331,10,,,1,70,,45332,10,,,1,30,,45333,10,,,1,68,,45334,10,,,1,100,,45335,10,,,1,100,,45336,10,,,1,100,,45337,10,,,1,100,,45338,10,,,1,100,,45339,10,,,1,46,,45340,10,,,1,71,,45341,10,,,1,32,,45342,10,,,1,70,,45343,10,,,1,30,,45344,10,,,1,100,,45345,10,,,1,98,,45346,10,,,1,100,,45347,10,,,1,100,,45348,10,,,1,100,,45349,10,,,1
50401,'504-Weekday-7-26-02-1111100',537,,45350,10,,,1,70,,45351,10,,,1,32,,45352,10,,,1,70,,45353,10,,,1,30,,45354,10,,,1,70,,45355,10,,,1,30,,45356,10,,,1,68,,45357,10,,,1,100,,45358,10,,,1,100,,45359,10,,,1,100,,45360,10,,,1,100,,45361,10,,,1,100,,45362,10,,,1,46,,45363,10,,,1,71,,45364,10,,,1,32,,45365,10,,,1,70,,45366,10,,,1,30,,45367,10,,,1,100,,45368,10,,,1,98,,45369,10,,,1,100,,45370,10,,,1,100,,45371,10,,,1,100,,45372,10,,,1
50401,'504-Weekday-8-26-02-1111100',537,,45373,10,,,1,70,,45374,10,,,1,32,,45375,10,,,1,70,,45376,10,,,1,30,,45377,10,,,1,70,,45378,10,,,1,30,,45379,10,,,1,68,,45380,10,,,1,100,,45381,10,,,1,100,,45382,10,,,1,100,,45383,10,,,1,100,,45384,10,,,1,100,,45385,10,,,1,46,,45386,10,,,1,71,,45387,10,,,1,32,,45388,10,,,1,70,,45389,10,,,1,30,,45390,10,,,1,100,,45391,10,,,1,98,,45392,10,,,1,100,,45393,10,,,1,100,,45394,10,,,1,100,,45395,10,,,1
50401,'504-Weekday-9-26-02-1111100',537,,45396,10,,,1,70,,45397,10,,,1,32,,45398,10,,,1,70,,45399,10,,,1,30,,45400,10,,,1,70,,45401,10,,,1,30,,45402,10,,,1,68,,45403,10,,,1,100,,45404,10,,,1,100,,45405,10,,,1,100,,45406,10,,,1,100,,45407,10,,,1,100,,45408,10,,,1,46,,45409,10,,,1,71,,45410,10,,,1,32,,45411,10,,,1,70,,45412,10,,,1,30,,45413,10,,,1,100,,45414,10,,,1,98,,45415,10,,,1,100,,45416,10,,,1,100,,45417,10,,,1,100,,45418,10,,,1
50401,'504-Saturday-1-26-02-0000010',720,,45419,10,,,1,100,,45420,10,,,1,100,,45421,10,,,1,100,,45422,10,,,1,100,,45423,10,,,1,100,,45424,10,,,1,100,,45425,10,,,1,100,,45426,10,,,1,100,,45427,10,,,1,100,,45428,10,,,1,100,,45429,10,,,1,100,,45430,10,,,1,100,,45431,10,,,1
50401,'504-Sunday-1-26-02-0000001',816,,45432,10,,,1,100,,45433,10,,,1,100,,45434,10,,,1,100,,45435,10,,,1,100,,45436,10,,,1,100,,45437,10,,,1,100,,45438,10,,,1,100,,45439,10,,,1,100,,45440,10,,,1,100,,45441,10,,,1,100,,45442,10,,,1,100,,45443,10,,,1
