91701,'917-Weekday-1-26-02-0001000',1504,,94039,16,,,1
91701,'917-Weekday-1-26-02-1110100',1634,,94040,16,,,1
91701,'917-Weekday-1-26-02-1111100',506,,94041,16,,,1,30,,94042,16,,,1,70,,94083,16,,,1,20,,94085,16,,,1,21,,94084,16,,,1,60,,94043,16,,,1,20,,94078,16,,,1,20,,94044,16,,,1,60,,94045,16,,,1,20,,94079,16,,,1,20,,94046,16,,,1,61,,94047,16,,,1,30,,94048,16,,,1,70,,94049,16,,,1,30,,94050,16,,,1,70,,94051,16,,,1,30,,94052,16,,,1,70,,94053,16,,,1,30,,94054,16,,,1,70,,94055,16,,,1,30,,94056,16,,,1,70,,94057,16,,,1,30,,94058,16,,,1,72,,94059,16,,,1,31,,94082,16,,,1,15,,94060,16,,,1,55,,94061,16,,,1,15,,94062,16,,,1,15,,94080,16,,,1,15,,94063,16,,,1,55,,94064,16,,,1,15,,94065,16,,,1,15,,94081,16,,,1,15,,94066,16,,,1,55,,94067,16,,,1,28,,94068,16,,,1,69,,94069,16,,,1,30,,94070,16,,,1,70,,94071,16,,,1,30,,94072,16,,,1,70,,94073,16,,,1,30,,94074,16,,,1,69,,94075,16,,,1,100,,94076,16,,,1,100,,94077,16,,,1
91701,'917-Weekday-10-26-02-0001000',1504,,94086,16,,,1
91701,'917-Weekday-10-26-02-1111100',506,,94087,16,,,1,30,,94088,16,,,1,70,,94129,16,,,1,20,,94131,16,,,1,21,,94130,16,,,1,60,,94089,16,,,1,20,,94124,16,,,1,20,,94090,16,,,1,60,,94091,16,,,1,20,,94125,16,,,1,20,,94092,16,,,1,61,,94093,16,,,1,30,,94094,16,,,1,70,,94095,16,,,1,30,,94096,16,,,1,70,,94097,16,,,1,30,,94098,16,,,1,70,,94099,16,,,1,30,,94100,16,,,1,70,,94101,16,,,1,30,,94102,16,,,1,70,,94103,16,,,1,30,,94104,16,,,1,72,,94105,16,,,1,31,,94128,16,,,1,15,,94106,16,,,1,55,,94107,16,,,1,15,,94108,16,,,1,15,,94126,16,,,1,15,,94109,16,,,1,55,,94110,16,,,1,15,,94111,16,,,1,15,,94127,16,,,1,15,,94112,16,,,1,55,,94113,16,,,1,28,,94114,16,,,1,69,,94115,16,,,1,30,,94116,16,,,1,70,,94117,16,,,1,30,,94118,16,,,1,70,,94119,16,,,1,30,,94120,16,,,1,69,,94121,16,,,1,100,,94122,16,,,1,100,,94123,16,,,1
91701,'917-Weekday-4-26-02-1111100',506,,94179,16,,,1,30,,94180,16,,,1,70,,94221,16,,,1,20,,94223,16,,,1,21,,94222,16,,,1,60,,94181,16,,,1,20,,94216,16,,,1,20,,94182,16,,,1,60,,94183,16,,,1,20,,94217,16,,,1,20,,94184,16,,,1,61,,94185,16,,,1,30,,94186,16,,,1,70,,94187,16,,,1,30,,94188,16,,,1,70,,94189,16,,,1,30,,94190,16,,,1,70,,94191,16,,,1,30,,94192,16,,,1,70,,94193,16,,,1,30,,94194,16,,,1,70,,94195,16,,,1,30,,94196,16,,,1,72,,94197,16,,,1,31,,94220,16,,,1,15,,94198,16,,,1,55,,94199,16,,,1,15,,94200,16,,,1,15,,94218,16,,,1,15,,94201,16,,,1,55,,94202,16,,,1,15,,94203,16,,,1,15,,94219,16,,,1,15,,94204,16,,,1,55,,94205,16,,,1,28,,94206,16,,,1,69,,94207,16,,,1,30,,94208,16,,,1,70,,94209,16,,,1,30,,94210,16,,,1,70,,94211,16,,,1,30,,94212,16,,,1,69,,94213,16,,,1,100,,94214,16,,,1,100,,94215,16,,,1
91701,'917-Weekday-5-26-02-0001000',1504,,94224,16,,,1
91701,'917-Weekday-5-26-02-1110100',1634,,94225,16,,,1
91701,'917-Weekday-5-26-02-1111100',506,,94226,16,,,1,30,,94227,16,,,1,70,,94268,16,,,1,20,,94270,16,,,1,21,,94269,16,,,1,60,,94228,16,,,1,20,,94263,16,,,1,20,,94229,16,,,1,60,,94230,16,,,1,20,,94264,16,,,1,20,,94231,16,,,1,61,,94232,16,,,1,30,,94233,16,,,1,70,,94234,16,,,1,30,,94235,16,,,1,70,,94236,16,,,1,30,,94237,16,,,1,70,,94238,16,,,1,30,,94239,16,,,1,70,,94240,16,,,1,30,,94241,16,,,1,70,,94242,16,,,1,30,,94243,16,,,1,72,,94244,16,,,1,31,,94267,16,,,1,15,,94245,16,,,1,55,,94246,16,,,1,15,,94247,16,,,1,15,,94265,16,,,1,15,,94248,16,,,1,55,,94249,16,,,1,15,,94250,16,,,1,15,,94266,16,,,1,15,,94251,16,,,1,55,,94252,16,,,1,28,,94253,16,,,1,69,,94254,16,,,1,30,,94255,16,,,1,70,,94256,16,,,1,30,,94257,16,,,1,70,,94258,16,,,1,30,,94259,16,,,1,69,,94260,16,,,1,100,,94261,16,,,1,100,,94262,16,,,1
91701,'917-Weekday-7-26-02-1111100',506,,94316,16,,,1,30,,94317,16,,,1,70,,94358,16,,,1,20,,94360,16,,,1,21,,94359,16,,,1,60,,94318,16,,,1,20,,94353,16,,,1,20,,94319,16,,,1,60,,94320,16,,,1,20,,94354,16,,,1,20,,94321,16,,,1,61,,94322,16,,,1,30,,94323,16,,,1,70,,94324,16,,,1,30,,94325,16,,,1,70,,94326,16,,,1,30,,94327,16,,,1,70,,94328,16,,,1,30,,94329,16,,,1,70,,94330,16,,,1,30,,94331,16,,,1,70,,94332,16,,,1,30,,94333,16,,,1,72,,94334,16,,,1,31,,94357,16,,,1,15,,94335,16,,,1,55,,94336,16,,,1,15,,94337,16,,,1,15,,94355,16,,,1,15,,94338,16,,,1,55,,94339,16,,,1,15,,94340,16,,,1,15,,94356,16,,,1,15,,94341,16,,,1,55,,94342,16,,,1,28,,94343,16,,,1,69,,94344,16,,,1,30,,94345,16,,,1,70,,94346,16,,,1,30,,94347,16,,,1,70,,94348,16,,,1,30,,94349,16,,,1,69,,94350,16,,,1,100,,94351,16,,,1,100,,94352,16,,,1
91701,'917-Saturday-1-26-02-0000010',631,,94452,16,,,1,100,,94453,16,,,1,70,,94480,16,,,1,30,,94481,16,,,1,71,,94454,16,,,1,31,,94455,16,,,1,70,,94456,16,,,1,30,,94457,16,,,1,70,,94458,16,,,1,30,,94459,16,,,1,70,,94460,16,,,1,30,,94461,16,,,1,70,,94462,16,,,1,30,,94463,16,,,1,70,,94464,16,,,1,30,,94465,16,,,1,70,,94466,16,,,1,30,,94467,16,,,1,70,,94468,16,,,1,30,,94469,16,,,1,70,,94470,16,,,1,30,,94471,16,,,1,70,,94472,16,,,1,30,,94473,16,,,1,70,,94474,16,,,1,100,,94475,16,,,1,100,,94476,16,,,1,100,,94477,16,,,1,100,,94478,16,,,1,100,,94479,16,,,1
91701,'917-Sunday-1-26-02-0000001',636,,94482,16,,,1,100,,94483,16,,,1,100,,94484,16,,,1,99,,94485,16,,,1,100,,94486,16,,,1,70,,94487,16,,,1,30,,94488,16,,,1,70,,94489,16,,,1,30,,94490,16,,,1,70,,94491,16,,,1,30,,94492,16,,,1,70,,94493,16,,,1,30,,94494,16,,,1,70,,94495,16,,,1,30,,94496,16,,,1,70,,94497,16,,,1,30,,94498,16,,,1,71,,94499,16,,,1,30,,94500,16,,,1,70,,94501,16,,,1,30,,94502,16,,,1,70,,94503,16,,,1,30,,94504,16,,,1,100,,94505,16,,,1,100,,94506,16,,,1,100,,94507,16,,,1,100,,94508,16,,,1
