5100,'051-Weekday-1-26-04-1111100',609,,114391,43,,,1,34,,114356,43,,,1,75,,114357,42,,,1,30,,114397,42,,,1,70,,114375,42,,,1,30,,114358,42,,,1,66,,114388,42,,,1,20,,114387,42,,,1,20,,114386,42,,,1,60,,114385,42,,,1,20,,114384,43,,,1,20,,114398,42,,,1,60,,114383,42,,,1,20,,114399,43,,,1,20,,114400,42,,,1,60,,114401,42,,,1,20,,114402,42,,,1,20,,114403,42,,,1,60,,114382,42,,,1,20,,114392,42,,,1,20,,114381,42,,,1,60,,114395,43,,,1,20,,114380,42,,,1,20,,114396,42,,,1,62,,114359,42,,,1,15,,114373,26,,,1,4,,114376,43,,,1,1,,114374,26,,,1,15,,114360,42,,,1,55,,114394,43,,,1,15,,114361,42,,,1,15,,114377,42,,,1,15,,114362,42,,,1,55,,114378,43,,,1,15,,114389,42,,,1,15,,114393,43,,,1,15,,114363,42,,,1,55,,114379,42,,,1,16,,114364,42,,,1,22,,114365,42,,,1,65,,114366,42,,,1,30,,114367,43,,,1,70,,114390,42,,,1,30,,114368,42,,,1,70,,114369,42,,,1,30,,114370,42,,,1,70,,114371,42,,,1,98,,114372,42,,,1
5100,'051-Weekday-3-26-04-1111100',609,,114485,43,,,1,34,,114452,43,,,1,75,,114453,42,,,1,30,,114491,42,,,1,70,,114469,42,,,1,30,,114454,42,,,1,66,,114482,42,,,1,20,,114481,42,,,1,20,,114480,42,,,1,60,,114479,42,,,1,20,,114478,43,,,1,20,,114492,42,,,1,60,,114477,42,,,1,20,,114493,43,,,1,20,,114494,42,,,1,60,,114495,42,,,1,20,,114496,42,,,1,20,,114497,42,,,1,60,,114476,42,,,1,20,,114486,42,,,1,20,,114475,42,,,1,60,,114489,43,,,1,20,,114474,42,,,1,20,,114490,42,,,1,62,,114455,42,,,1,19,,114470,43,,,1,16,,114456,42,,,1,55,,114488,43,,,1,15,,114457,42,,,1,15,,114471,42,,,1,15,,114458,42,,,1,55,,114472,43,,,1,15,,114483,42,,,1,15,,114487,43,,,1,15,,114459,42,,,1,55,,114473,42,,,1,16,,114460,42,,,1,22,,114461,42,,,1,65,,114462,42,,,1,30,,114463,43,,,1,70,,114484,42,,,1,30,,114464,42,,,1,70,,114465,42,,,1,30,,114466,42,,,1,70,,114467,42,,,1,98,,114468,42,,,1
5100,'051-Saturday-1-26-04-0000010',709,,114521,42,,,1,99,,114498,42,,,1,100,,114499,42,,,1,33,,114500,42,,,1,72,,114501,42,,,1,30,,114502,42,,,1,70,,114503,42,,,1,30,,114505,42,,,1,70,,114506,42,,,1,30,,114507,42,,,1,70,,114504,43,,,1,30,,114508,43,,,1,70,,114509,42,,,1,30,,114510,42,,,1,70,,114512,42,,,1,30,,114513,42,,,1,70,,114514,42,,,1,30,,114511,42,,,1,70,,114515,43,,,1,29,,114516,42,,,1,70,,114517,42,,,1,30,,114518,42,,,1,70,,114519,42,,,1,30,,114520,42,,,1,100,,114522,43,,,1,100,,114523,42,,,1
5100,'051-Sunday-1-26-04-0000001',749,,114543,43,,,1,100,,114544,43,,,1,103,,114545,42,,,1,66,,114548,42,,,1,26,,114524,42,,,1,70,,114525,42,,,1,30,,114526,42,,,1,70,,114527,42,,,1,30,,114528,42,,,1,70,,114530,42,,,1,30,,114531,42,,,1,70,,114533,42,,,1,30,,114529,42,,,1,70,,114534,42,,,1,30,,114535,42,,,1,70,,114532,42,,,1,30,,114536,42,,,1,69,,114537,42,,,1,29,,114538,42,,,1,68,,114539,42,,,1,30,,114540,42,,,1,70,,114541,42,,,1,30,,114542,42,,,1,100,,114546,43,,,1,100,,114547,43,,,1,100,,114549,42,,,1
61301,'613-Weekday-1-26-04-0001000',1229,,131638,13,,,1,5,,131639,13,,,1,203,,131640,13,,,1,5,,131641,13,,,1
61301,'613-Weekday-1-26-04-1110100',1527,,131642,13,,,1,5,,131643,13,,,1,5,,131644,13,,,1,5,,131645,13,,,1
61301,'613-Weekday-3-26-04-0001000',1229,,131648,13,,,1,5,,131649,13,,,1
61301,'613-Weekday-3-26-04-1110100',1527,,131650,13,,,1,5,,131651,13,,,1
62400,'624-Weekday-1-26-04-0001000',1232,,131713,12,,,1
62400,'624-Weekday-1-26-04-1110100',1530,,131714,12,,,1
62400,'624-Weekday-3-26-04-0001000',1232,,131715,12,,,1
62400,'624-Weekday-3-26-04-1110100',1530,,131716,12,,,1
24015000,'150X-Weekday-1-26-04-1111100',1510,,148817,25,,,1,20,,148818,25,,,1,20,,148819,25,,,1,60,,148820,25,,,1,20,,148821,25,,,1,20,,148822,25,,,1,60,,148823,25,,,1,20,,148824,25,,,1,20,,148825,25,,,1,60,,148826,25,,,1
24015000,'150X-Weekday-3-26-04-1111100',1510,,148837,25,,,1,20,,148838,25,,,1,20,,148839,25,,,1,60,,148840,25,,,1,20,,148841,25,,,1,20,,148842,25,,,1,60,,148843,25,,,1,20,,148844,25,,,1,20,,148845,25,,,1,60,,148846,25,,,1
