65801,'658-Weekday-1-26-02-1111100',752,,61378,14,,,1,2,,61379,14,,,1
65801,'658-Weekday-2-26-02-1111100',752,,61380,14,,,1,2,,61381,14,,,1
65801,'658-Weekday-5-26-02-1111100',752,,61382,14,,,1,2,,61383,14,,,1
65801,'658-Weekday-6-26-02-1111100',752,,61384,14,,,1,2,,61385,14,,,1
65801,'658-Weekday-8-26-02-1111100',752,,61386,14,,,1,2,,61387,14,,,1
65801,'658-Weekday-9-26-02-1111100',752,,61388,14,,,1,2,,61389,14,,,1
66401,'664-Weekday-1-26-02-1111100',753,,61600,8,,,1,87,,61601,32,0,35 36,1,3,,61602,32,0,35 36,1
66401,'664-Weekday-2-26-02-1111100',753,,61603,8,,,1,87,,61604,32,0,35 36,1,3,,61605,32,0,35 36,1
66401,'664-Weekday-4-26-02-1111100',840,,61606,32,0,35 36,1,3,,61607,32,0,35 36,1
66401,'664-Weekday-5-26-02-1111100',753,,61608,8,,,1,87,,61609,32,0,35 36,1,3,,61610,32,0,35 36,1
66401,'664-Weekday-6-26-02-1111100',753,,61611,8,,,1
66401,'664-Weekday-8-26-02-1111100',753,,61612,8,,,1
66401,'664-Weekday-9-26-02-1111100',753,,61613,8,,,1,87,,61614,32,0,35 36,1,3,,61615,32,0,35 36,1
