51500,'515-Weekday-1-26-04-0001000',1244,,127621,14,,,1
51500,'515-Weekday-1-26-04-1110100',1534,,127622,14,,,1,66,,127623,14,,,1
51500,'515-Weekday-1-26-04-1111100',547,,127624,14,,,1,70,,127670,14,,,1,31,,127659,14,,,1,55,,127665,14,,,1,15,,127666,14,,,1,15,,127625,14,,,1,15,,127626,14,,,1,55,,127627,14,,,1,15,,127661,14,,,1,15,,127628,14,,,1,20,,127629,14,,,1,60,,127653,14,,,1,20,,127630,14,,,1,20,,127631,14,,,1,60,,127654,14,,,1,20,,127632,14,,,1,20,,127633,14,,,1,60,,127655,14,,,1,20,,127634,14,,,1,20,,127635,14,,,1,60,,127656,14,,,1,20,,127636,14,,,1,20,,127637,14,,,1,60,,127657,14,,,1,20,,127638,14,,,1,20,,127639,14,,,1,60,,127658,14,,,1,20,,127640,14,,,1,20,,127641,14,,,1,56,,127674,14,,,1,16,,127663,14,,,1,15,,127671,14,,,1,15,,127664,14,,,1,55,,127660,14,,,1,15,,127672,14,,,1,15,,127673,14,,,1,15,,127668,14,,,1,55,,127662,14,,,1,15,,127642,14,,,1,15,,127643,14,,,1,70,,127667,14,,,1,29,,127644,14,,,1,69,,127645,14,,,1,30,,127646,14,,,1,70,,127647,14,,,1,30,,127648,14,,,1,70,,127649,14,,,1,30,,127650,14,,,1,70,,127669,14,,,1,100,,127651,14,,,1,100,,127652,14,,,1
51500,'515-Saturday-1-26-04-0000010',626,,127780,14,,,1,99,,127781,14,,,1,84,,127782,14,,,1,20,,127812,14,,,1,21,,127783,14,,,1,62,,127784,14,,,1,20,,127785,14,,,1,20,,127813,14,,,1,60,,127786,14,,,1,20,,127787,14,,,1,20,,127814,14,,,1,60,,127788,14,,,1,20,,127789,14,,,1,20,,127815,14,,,1,60,,127790,14,,,1,20,,127791,14,,,1,20,,127816,14,,,1,60,,127792,14,,,1,20,,127793,14,,,1,20,,127817,14,,,1,60,,127794,14,,,1,20,,127795,14,,,1,20,,127818,14,,,1,60,,127796,14,,,1,20,,127797,14,,,1,20,,127819,14,,,1,60,,127798,14,,,1,20,,127799,14,,,1,20,,127820,14,,,1,60,,127800,14,,,1,20,,127801,14,,,1,20,,127821,14,,,1,60,,127802,14,,,1,20,,127803,14,,,1,20,,127822,14,,,1,60,,127804,14,,,1,30,,127805,14,,,1,70,,127810,14,,,1,30,,127807,14,,,1,70,,127811,14,,,1,30,,127808,14,,,1,100,,127806,14,,,1,100,,127809,14,,,1
51500,'515-Sunday-1-26-04-0000001',626,,127823,14,,,1,100,,127824,14,,,1,100,,127825,14,,,1,99,,127826,14,,,1,85,,127827,14,,,1,20,,127828,14,,,1,20,,127852,14,,,1,60,,127829,14,,,1,20,,127830,14,,,1,20,,127853,14,,,1,60,,127831,14,,,1,20,,127832,14,,,1,20,,127854,14,,,1,60,,127833,14,,,1,20,,127834,14,,,1,20,,127855,14,,,1,60,,127835,14,,,1,20,,127836,14,,,1,20,,127856,14,,,1,60,,127837,14,,,1,20,,127838,14,,,1,20,,127857,14,,,1,60,,127839,14,,,1,20,,127840,14,,,1,20,,127858,14,,,1,60,,127841,14,,,1,22,,127842,14,,,1,20,,127859,14,,,1,60,,127843,14,,,1,20,,127844,14,,,1,20,,127860,14,,,1,60,,127845,14,,,1,30,,127848,14,,,1,70,,127846,14,,,1,30,,127849,14,,,1,70,,127850,14,,,1,100,,127847,14,,,1,100,,127851,14,,,1,100,,127861,14,,,1
63001,'630-Weekday-1-26-04-0001000',1258,,131758,34,,,1,243,,131759,31,,,1
63001,'630-Weekday-1-26-04-1110100',1600,,131760,34,,,1
63501,'635-Weekday-1-26-04-1111100',1556,,131816,44,,,1
64401,'644-Weekday-1-26-04-0000100',1005,,131863,9,,,1
64401,'644-Weekday-1-26-04-1111000',832,,131864,9,,,1
