71600,'716-Weekday-1-26-06-1111100',540,,180574,16,,,1,70,,180575,16,,,1,33,,180576,16,,,1,61,,180577,16,,,1,20,,180578,16,,,1,20,,180579,16,,,1,60,,180607,16,,,1,20,,180580,16,,,1,24,,180610,16,,,1,64,,180611,16,,,1,25,,180581,16,,,1,70,,180582,16,,,1,30,,180583,16,,,1,70,,180584,16,,,1,30,,180585,16,,,1,70,,180586,16,,,1,30,,180587,16,,,1,70,,180588,16,,,1,30,,180589,16,,,1,70,,180590,16,,,1,30,,180591,16,,,1,71,,180592,16,,,1,33,,180593,16,,,1,70,,180594,16,,,1,30,,180595,16,,,1,70,,180608,16,,,1,28,,180609,16,,,1,68,,180596,16,,,1,28,,180597,16,,,1,67,,180598,16,,,1,30,,180599,16,,,1,70,,180600,16,,,1,30,,180601,16,,,1,70,,180602,16,,,1,30,,180603,16,,,1,100,,180604,16,,,1,100,,180605,16,,,1,100,,180606,16,,,1
71600,'716-Weekday-2-26-06-1111100',540,,198819,16,,,1,70,,198820,16,,,1,33,,198821,16,,,1,61,,198822,16,,,1,20,,198823,16,,,1,20,,198824,16,,,1,60,,198852,16,,,1,20,,198825,16,,,1,24,,198855,16,,,1,64,,198856,16,,,1,25,,198826,16,,,1,70,,198827,16,,,1,30,,198828,16,,,1,70,,198829,16,,,1,30,,198830,16,,,1,70,,198831,16,,,1,30,,198832,16,,,1,70,,198833,16,,,1,30,,198834,16,,,1,70,,198835,16,,,1,30,,198836,16,,,1,71,,198837,16,,,1,33,,198838,16,,,1,70,,198839,16,,,1,30,,198840,16,,,1,70,,198853,16,,,1,28,,198854,16,,,1,68,,198841,16,,,1,28,,198842,16,,,1,67,,198843,16,,,1,30,,198844,16,,,1,70,,198845,16,,,1,30,,198846,16,,,1,70,,198847,16,,,1,30,,198848,16,,,1,100,,198849,16,,,1,100,,198850,16,,,1,100,,198851,16,,,1
71600,'716-Saturday-1-26-06-0000010',633,,180612,16,,,1,100,,180613,16,,,1,100,,180614,16,,,1,69,,180615,16,,,1,30,,180616,16,,,1,70,,180617,16,,,1,30,,180618,16,,,1,70,,180619,16,,,1,30,,180620,16,,,1,70,,180621,16,,,1,30,,180622,16,,,1,70,,180623,16,,,1,30,,180624,16,,,1,70,,180625,16,,,1,30,,180626,16,,,1,70,,180627,16,,,1,30,,180628,16,,,1,70,,180629,16,,,1,30,,180630,16,,,1,71,,180631,16,,,1,29,,180632,16,,,1,70,,180633,16,,,1,30,,180634,16,,,1,70,,180635,16,,,1,30,,180636,16,,,1,100,,180637,16,,,1,100,,180638,16,,,1,100,,180639,16,,,1,100,,180640,16,,,1,100,,180641,16,,,1
71600,'716-Sunday-1-26-06-0000001',627,,180642,16,,,1,100,,180643,16,,,1,100,,180644,16,,,1,100,,180645,16,,,1,100,,180646,16,,,1,30,,180647,16,,,1,70,,180648,16,,,1,30,,180649,16,,,1,70,,180650,16,,,1,30,,180651,16,,,1,70,,180652,16,,,1,30,,180653,16,,,1,70,,180654,16,,,1,30,,180655,16,,,1,70,,180656,16,,,1,30,,180657,16,,,1,70,,180658,16,,,1,73,,180659,16,,,1,30,,180660,16,,,1,70,,180661,16,,,1,30,,180662,16,,,1,70,,180663,16,,,1,30,,180664,16,,,1,100,,180665,16,,,1,100,,180666,16,,,1,100,,180667,16,,,1,100,,180668,16,,,1
71600,'716-Sunday-3-26-06-0000001',627,,198857,16,,,1,100,,198858,16,,,1,100,,198859,16,,,1,100,,198860,16,,,1,100,,198861,16,,,1,30,,198862,16,,,1,70,,198863,16,,,1,30,,198864,16,,,1,70,,198865,16,,,1,30,,198866,16,,,1,70,,198867,16,,,1,30,,198868,16,,,1,70,,198869,16,,,1,30,,198870,16,,,1,70,,198871,16,,,1,30,,198872,16,,,1,70,,198873,16,,,1,73,,198874,16,,,1,30,,198875,16,,,1,70,,198876,16,,,1,30,,198877,16,,,1,70,,198878,16,,,1,30,,198879,16,,,1,100,,198880,16,,,1,100,,198881,16,,,1,100,,198882,16,,,1,100,,198883,16,,,1
71700,'717-Weekday-1-26-06-1111100',523,,180822,27,,,1,30,,180823,27,,,1,70,,180857,27,,,1,22,,180824,27,,,1,63,,180825,27,,,1,20,,180826,27,,,1,20,,180827,27,,,1,60,,180828,27,,,1,20,,180829,27,,,1,20,,180830,27,,,1,70,,180831,27,,,1,31,,180832,27,,,1,70,,180833,27,,,1,30,,180834,27,,,1,70,,180835,27,,,1,30,,180836,27,,,1,70,,180837,27,,,1,30,,180838,27,,,1,70,,180839,27,,,1,30,,180840,27,,,1,70,,180841,27,,,1,30,,180842,27,,,1,72,,180843,27,,,1,32,,180844,27,,,1,70,,180845,27,,,1,30,,180846,27,,,1,70,,180847,27,,,1,30,,180848,27,,,1,70,,180849,27,,,1,26,,180850,27,,,1,66,,180851,27,,,1,30,,180852,27,,,1,70,,180853,27,,,1,30,,180854,27,,,1,70,,180855,27,,,1,30,,180856,27,,,1
71700,'717-Weekday-2-26-06-1111100',523,,198950,27,,,1,30,,198951,27,,,1,70,,198985,27,,,1,22,,198952,27,,,1,63,,198953,27,,,1,20,,198954,27,,,1,20,,198955,27,,,1,60,,198956,27,,,1,20,,198957,27,,,1,20,,198958,27,,,1,70,,198959,27,,,1,31,,198960,27,,,1,70,,198961,27,,,1,30,,198962,27,,,1,70,,198963,27,,,1,30,,198964,27,,,1,70,,198965,27,,,1,30,,198966,27,,,1,70,,198967,27,,,1,30,,198968,27,,,1,70,,198969,27,,,1,30,,198970,27,,,1,72,,198971,27,,,1,32,,198972,27,,,1,70,,198973,27,,,1,30,,198974,27,,,1,70,,198975,27,,,1,30,,198976,27,,,1,70,,198977,27,,,1,26,,198978,27,,,1,66,,198979,27,,,1,30,,198980,27,,,1,70,,198981,27,,,1,30,,198982,27,,,1,70,,198983,27,,,1,30,,198984,27,,,1
71700,'717-Saturday-1-26-06-0000010',849,,180858,27,,,1,69,,180859,27,,,1,30,,180860,27,,,1,70,,180861,27,,,1,30,,180862,27,,,1,70,,180863,27,,,1,30,,180864,27,,,1,70,,180865,27,,,1,30,,180866,27,,,1,70,,180867,27,,,1,30,,180868,27,,,1,70,,180869,27,,,1,30,,180870,27,,,1,70,,180871,27,,,1,30,,180872,27,,,1,70,,180873,27,,,1,30,,180874,27,,,1,72,,180875,27,,,1,30,,180876,27,,,1,70,,180877,27,,,1,30,,180878,27,,,1,70,,180879,27,,,1
71700,'717-Sunday-1-26-06-0000001',1049,,180880,27,,,1,70,,180881,27,,,1,30,,180882,27,,,1,70,,180883,27,,,1,30,,180884,27,,,1,70,,180885,27,,,1,30,,180886,27,,,1,70,,180887,27,,,1,30,,180888,27,,,1,70,,180889,27,,,1,30,,180891,27,,,1,70,,180892,27,,,1,30,,180893,27,,,1,72,,180890,27,,,1,31,,180894,27,,,1,70,,180895,27,,,1,30,,180896,27,,,1,70,,180897,27,,,1
71700,'717-Sunday-2-26-06-0000001',1049,,198986,27,,,1,70,,198987,27,,,1,30,,198988,27,,,1,70,,198989,27,,,1,30,,198990,27,,,1,70,,198991,27,,,1,30,,198992,27,,,1,70,,198993,27,,,1,30,,198994,27,,,1,70,,198995,27,,,1,30,,198997,27,,,1,70,,198998,27,,,1,30,,198999,27,,,1,72,,198996,27,,,1,31,,199000,27,,,1,70,,199001,27,,,1,30,,199002,27,,,1,70,,199003,27,,,1
