10100,'101-Weekday-1-26-04-1111100',523,,117555,32,4,,1,30,,117556,32,4,,1,70,,117557,32,4,,1,31,,117576,32,4,,1,70,,117577,32,4,,1,30,,117578,32,4,,1,70,,117579,32,4,,1,30,,117580,32,4,,1,70,,117581,32,4,,1,30,,117582,32,4,,1,70,,117583,32,4,,1,30,,117584,32,4,,1,70,,117585,32,4,,1,30,,117586,32,4,,1,70,,117587,32,4,,1,30,,117588,32,4,,1,70,,117589,32,4,,1,30,,117590,32,4,,1,70,,117591,32,4,,1,30,,117558,32,4,,1,61,,117559,32,4,,1,21,,117560,32,4,,1,20,,117561,32,4,,1,60,,117562,32,4,,1,20,,117563,32,4,,1,20,,117564,32,4,,1,60,,117565,32,4,,1,20,,117566,32,4,,1,20,,117575,32,4,,1,70,,117567,32,4,,1,28,,117568,32,4,,1,70,,117569,32,4,,1,30,,117570,32,4,,1,70,,117571,32,4,,1,30,,117572,32,4,,1,70,,117573,32,4,,1,30,,117574,32,4,,1
10100,'101-Saturday-1-26-04-0000010',616,,117666,32,4,,1,100,,117667,32,4,,1,105,,117668,32,4,,1,32,,117669,32,4,,1,72,,117670,32,4,,1,30,,117671,32,4,,1,70,,117672,32,4,,1,30,,117673,32,4,,1,70,,117674,32,4,,1,30,,117675,32,4,,1,70,,117676,32,4,,1,30,,117677,32,4,,1,70,,117678,32,4,,1,30,,117679,32,4,,1,70,,117680,32,4,,1,30,,117681,32,4,,1,70,,117682,32,4,,1,30,,117683,32,4,,1,70,,117684,32,4,,1,30,,117685,32,4,,1,69,,117686,32,4,,1,30,,117687,32,4,,1,70,,117688,32,4,,1,30,,117689,32,4,,1,70,,117690,32,4,,1,30,,117691,32,4,,1,100,,117692,32,4,,1,100,,117693,32,4,,1
10100,'101-Sunday-1-26-04-0000001',1016,,117694,32,4,,1,36,,117695,32,4,,1,70,,117696,32,4,,1,30,,117697,32,4,,1,70,,117698,32,4,,1,30,,117699,32,4,,1,70,,117700,32,4,,1,30,,117701,32,4,,1,70,,117702,32,4,,1,30,,117703,32,4,,1,70,,117704,32,4,,1,30,,117705,32,4,,1,70,,117706,32,4,,1,30,,117707,32,4,,1,69,,117708,32,4,,1,30,,117712,32,4,,1,70,,117713,32,4,,1,30,,117714,32,4,,1,70,,117711,32,4,,1,30,,117709,32,4,,1,100,,117710,32,4,,1
10101,'101-Weekday-1-26-04-1111100',457,,117715,1,,,1,70,,117716,1,,,1,30,,117717,1,,,1,70,,117718,1,,,1,20,,117719,1,,,1,60,,117720,1,,,1,20,,117721,1,,,1,20,,117722,1,,,1,60,,117723,1,,,1,20,,117751,1,,,1,30,,117724,1,,,1,70,,117725,1,,,1,30,,117726,1,,,1,70,,117727,1,,,1,30,,117728,1,,,1,70,,117729,1,,,1,30,,117730,1,,,1,70,,117731,1,,,1,30,,117732,1,,,1,70,,117733,1,,,1,30,,117734,1,,,1,72,,117735,1,,,1,30,,117736,1,,,1,70,,117737,1,,,1,30,,117738,1,,,1,70,,117739,1,,,1,30,,117740,1,,,1,70,,117741,1,,,1,30,,117742,1,,,1,70,,117744,1,,,1,28,,117745,1,,,1,70,,117746,1,,,1,30,,117747,1,,,1,70,,117748,1,,,1,30,,117749,1,,,1,70,,117743,1,,,1,30,,117750,1,,,1
10101,'101-Saturday-1-26-04-0000010',618,,117826,1,,,1,100,,117827,1,,,1,90,,117828,1,,,1,29,,117829,1,,,1,69,,117830,1,,,1,30,,117831,1,,,1,70,,117832,1,,,1,30,,117833,1,,,1,70,,117834,1,,,1,30,,117835,1,,,1,70,,117836,1,,,1,30,,117837,1,,,1,70,,117838,1,,,1,30,,117839,1,,,1,70,,117840,1,,,1,30,,117841,1,,,1,70,,117842,1,,,1,30,,117843,1,,,1,70,,117844,1,,,1,30,,117845,1,,,1,70,,117846,1,,,1,30,,117847,1,,,1,70,,117848,1,,,1,30,,117849,1,,,1,70,,117850,1,,,1,100,,117851,1,,,1,100,,117852,1,,,1,100,,117853,1,,,1
10101,'101-Sunday-1-26-04-0000001',1002,,117855,1,,,1,29,,117856,1,,,1,70,,117857,1,,,1,30,,117858,1,,,1,70,,117859,1,,,1,30,,117860,1,,,1,70,,117861,1,,,1,30,,117862,1,,,1,70,,117863,1,,,1,30,,117864,1,,,1,70,,117865,1,,,1,30,,117866,1,,,1,70,,117867,1,,,1,30,,117868,1,,,1,72,,117869,1,,,1,30,,117870,1,,,1,69,,117871,1,,,1,30,,117872,1,,,1,70,,117873,1,,,1,100,,117874,1,,,1,100,,117854,1,,,1
10200,'102-Weekday-1-26-04-1111100',601,,117875,47,4,,1,30,,117876,47,4,,1,76,,117899,47,4,,1,30,,117900,47,4,,1,70,,117901,47,4,,1,30,,117902,47,4,,1,70,,117903,47,4,,1,31,,117904,47,4,,1,70,,117905,47,4,,1,30,,117906,47,4,,1,70,,117907,47,4,,1,30,,117908,47,4,,1,70,,117909,47,4,,1,30,,117910,47,4,,1,70,,117911,47,4,,1,30,,117912,47,4,,1,70,,117913,47,4,,1,30,,117914,47,4,,1,71,,117877,47,4,,1,17,,117878,47,4,,1,17,,117898,47,4,,1,15,,117879,47,4,,1,55,,117880,47,4,,1,15,,117881,47,4,,1,15,,117897,47,4,,1,15,,117882,47,4,,1,55,,117883,47,4,,1,15,,117884,47,4,,1,15,,117896,47,4,,1,15,,117885,47,4,,1,55,,117886,47,4,,1,28,,117887,47,4,,1,65,,117888,47,4,,1,30,,117889,47,4,,1,70,,117890,47,4,,1,30,,117891,47,4,,1,70,,117892,47,4,,1,30,,117893,47,4,,1,70,,117894,47,4,,1,30,,117895,47,4,,1
10200,'102-Saturday-1-26-04-0000010',625,,117995,47,4,,1,100,,117996,47,4,,1,100,,117997,47,4,,1,75,,117998,47,4,,1,38,,117999,47,4,,1,72,,118000,47,4,,1,30,,118001,47,4,,1,70,,118002,47,4,,1,30,,118003,47,4,,1,70,,118004,47,4,,1,30,,118005,47,4,,1,70,,118006,47,4,,1,30,,118007,47,4,,1,70,,118008,47,4,,1,30,,118009,47,4,,1,70,,118010,47,4,,1,30,,118011,47,4,,1,70,,118012,47,4,,1,30,,118013,47,4,,1,69,,118014,47,4,,1,29,,118015,47,4,,1,70,,118016,47,4,,1,30,,118017,47,4,,1,70,,118018,47,4,,1,30,,118019,47,4,,1
10200,'102-Sunday-1-26-04-0000001',1037,,118020,47,4,,1,70,,118021,47,4,,1,30,,118022,47,4,,1,70,,118023,47,4,,1,30,,118024,47,4,,1,70,,118025,47,4,,1,30,,118026,47,4,,1,70,,118027,47,4,,1,30,,118028,47,4,,1,70,,118029,47,4,,1,30,,118030,47,4,,1,70,,118031,47,4,,1,30,,118032,47,4,,1,70,,118033,47,4,,1,29,,118034,47,4,,1,68,,118035,47,4,,1,30,,118036,47,4,,1,70,,118037,47,4,,1
10201,'102-Weekday-1-26-04-1111100',535,,118067,1,,,1,70,,118038,1,,,1,25,,118039,1,,,1,15,,118040,1,,,1,55,,118068,1,,,1,15,,118041,1,,,1,15,,118042,1,,,1,15,,118043,1,,,1,55,,118066,1,,,1,15,,118044,1,,,1,15,,118045,1,,,1,15,,118065,1,,,1,68,,118058,1,,,1,30,,118046,1,,,1,70,,118047,1,,,1,30,,118048,1,,,1,70,,118049,1,,,1,30,,118050,1,,,1,70,,118051,1,,,1,30,,118052,1,,,1,70,,118053,1,,,1,30,,118054,1,,,1,70,,118055,1,,,1,30,,118056,1,,,1,70,,118057,1,,,1,34,,118064,1,,,1,70,,118063,1,,,1,30,,118062,1,,,1,70,,118061,1,,,1,30,,118060,1,,,1,70,,118059,1,,,1,30,,118075,1,,,1,68,,118069,1,,,1,30,,118070,1,,,1,70,,118071,1,,,1,30,,118072,1,,,1,70,,118073,1,,,1,30,,118074,1,,,1
10201,'102-Saturday-1-26-04-0000010',603,,118152,1,,,1,100,,118153,1,,,1,100,,118154,1,,,1,36,,118155,1,,,1,70,,118156,1,,,1,33,,118157,1,,,1,72,,118158,1,,,1,30,,118159,1,,,1,70,,118160,1,,,1,30,,118161,1,,,1,70,,118162,1,,,1,30,,118163,1,,,1,70,,118164,1,,,1,30,,118165,1,,,1,70,,118166,1,,,1,30,,118167,1,,,1,70,,118168,1,,,1,30,,118169,1,,,1,70,,118170,1,,,1,30,,118171,1,,,1,70,,118172,1,,,1,28,,118173,1,,,1,69,,118174,1,,,1,30,,118175,1,,,1,70,,118176,1,,,1
10201,'102-Sunday-1-26-04-0000001',1011,,118177,1,,,1,30,,118178,1,,,1,70,,118179,1,,,1,30,,118180,1,,,1,70,,118181,1,,,1,30,,118182,1,,,1,70,,118183,1,,,1,30,,118184,1,,,1,70,,118185,1,,,1,30,,118186,1,,,1,70,,118187,1,,,1,30,,118188,1,,,1,70,,118189,1,,,1,30,,118190,1,,,1,70,,118191,1,,,1,30,,118192,1,,,1,70,,118193,1,,,1,30,,118194,1,,,1
