5201,'052-Weekday-1-26-02-1111100',619,,20660,60,,,1,30,,20618,60,,,1,76,,20619,60,,,1,25,,20620,60,,,1,57,,20621,60,,,1,15,,20622,60,,,1,15,,20623,60,,,1,15,,20617,60,,,1,53,,20659,60,,,1,14,,20624,60,,,1,18,,20625,60,,,1,70,,20626,60,,,1,30,,20627,60,,,1,70,,20628,60,,,1,30,,20629,60,,,1,70,,20630,60,,,1,30,,20631,60,,,1,70,,20632,60,,,1,30,,20633,60,,,1,70,,20634,60,,,1,30,,20635,60,,,1,71,,20636,60,,,1,24,,20637,60,,,1,7,,20662,27,,,1,8,,20638,60,,,1,58,,20639,60,,,1,15,,20640,60,,,1,14,,20641,60,,,1,15,,20642,60,,,1,55,,20643,60,,,1,15,,20644,60,,,1,15,,20645,60,,,1,14,,20646,60,,,1,63,,20647,60,,,1,28,,20648,60,,,1,63,,20649,60,,,1,29,,20650,60,,,1,70,,20651,60,,,1,30,,20652,60,,,1,70,,20653,60,,,1,30,,20654,60,,,1,69,,20655,60,,,1,27,,20656,60,,,1,99,,20657,60,,,1,100,,20658,60,,,1
5201,'052-Weekday-10-26-02-1111100',619,,20706,60,,,1,30,,20664,60,,,1,76,,20665,60,,,1,25,,20666,60,,,1,57,,20667,60,,,1,15,,20668,60,,,1,15,,20669,60,,,1,15,,20663,60,,,1,53,,20705,60,,,1,14,,20670,60,,,1,18,,20671,60,,,1,70,,20672,60,,,1,30,,20673,60,,,1,70,,20674,60,,,1,30,,20675,60,,,1,70,,20676,60,,,1,30,,20677,60,,,1,70,,20678,60,,,1,30,,20679,60,,,1,70,,20680,60,,,1,30,,20681,60,,,1,71,,20682,60,,,1,24,,20683,60,,,1,7,,20708,27,,,1,8,,20684,60,,,1,58,,20685,60,,,1,15,,20686,60,,,1,14,,20687,60,,,1,15,,20688,60,,,1,55,,20689,60,,,1,15,,20690,60,,,1,15,,20691,60,,,1,14,,20692,60,,,1,63,,20693,60,,,1,28,,20694,60,,,1,63,,20695,60,,,1,29,,20696,60,,,1,70,,20697,60,,,1,30,,20698,60,,,1,70,,20699,60,,,1,30,,20700,60,,,1,69,,20701,60,,,1,27,,20702,60,,,1,99,,20703,60,,,1,100,,20704,60,,,1
5201,'052-Weekday-4-26-02-1111100',619,,20798,60,,,1,30,,20756,60,,,1,76,,20757,60,,,1,25,,20758,60,,,1,57,,20759,60,,,1,15,,20760,60,,,1,15,,20761,60,,,1,15,,20755,60,,,1,53,,20797,60,,,1,14,,20762,60,,,1,18,,20763,60,,,1,70,,20764,60,,,1,30,,20765,60,,,1,70,,20766,60,,,1,30,,20767,60,,,1,70,,20768,60,,,1,30,,20769,60,,,1,70,,20770,60,,,1,30,,20771,60,,,1,70,,20772,60,,,1,30,,20773,60,,,1,71,,20774,60,,,1,24,,20775,60,,,1,15,,20776,60,,,1,58,,20777,60,,,1,15,,20778,60,,,1,14,,20779,60,,,1,15,,20780,60,,,1,55,,20781,60,,,1,15,,20782,60,,,1,15,,20783,60,,,1,14,,20784,60,,,1,63,,20785,60,,,1,28,,20786,60,,,1,63,,20787,60,,,1,29,,20788,60,,,1,70,,20789,60,,,1,30,,20790,60,,,1,70,,20791,60,,,1,30,,20792,60,,,1,69,,20793,60,,,1,27,,20794,60,,,1,99,,20795,60,,,1,100,,20796,60,,,1
5201,'052-Weekday-5-26-02-1111100',619,,20842,60,,,1,30,,20800,60,,,1,76,,20801,60,,,1,25,,20802,60,,,1,57,,20803,60,,,1,15,,20804,60,,,1,15,,20805,60,,,1,15,,20799,60,,,1,53,,20841,60,,,1,14,,20806,60,,,1,18,,20807,60,,,1,70,,20808,60,,,1,30,,20809,60,,,1,70,,20810,60,,,1,30,,20811,60,,,1,70,,20812,60,,,1,30,,20813,60,,,1,70,,20814,60,,,1,30,,20815,60,,,1,70,,20816,60,,,1,30,,20817,60,,,1,71,,20818,60,,,1,24,,20819,60,,,1,7,,20844,27,,,1,8,,20820,60,,,1,58,,20821,60,,,1,15,,20822,60,,,1,14,,20823,60,,,1,15,,20824,60,,,1,55,,20825,60,,,1,15,,20826,60,,,1,15,,20827,60,,,1,14,,20828,60,,,1,63,,20829,60,,,1,28,,20830,60,,,1,63,,20831,60,,,1,29,,20832,60,,,1,70,,20833,60,,,1,30,,20834,60,,,1,70,,20835,60,,,1,30,,20836,60,,,1,69,,20837,60,,,1,27,,20838,60,,,1,99,,20839,60,,,1,100,,20840,60,,,1
5201,'052-Weekday-7-26-02-1111100',619,,20932,60,,,1,30,,20890,60,,,1,76,,20891,60,,,1,25,,20892,60,,,1,57,,20893,60,,,1,15,,20894,60,,,1,15,,20895,60,,,1,15,,20889,60,,,1,53,,20931,60,,,1,14,,20896,60,,,1,18,,20897,60,,,1,70,,20898,60,,,1,30,,20899,60,,,1,70,,20900,60,,,1,30,,20901,60,,,1,70,,20902,60,,,1,30,,20903,60,,,1,70,,20904,60,,,1,30,,20905,60,,,1,70,,20906,60,,,1,30,,20907,60,,,1,71,,20908,60,,,1,24,,20909,60,,,1,15,,20910,60,,,1,58,,20911,60,,,1,15,,20912,60,,,1,14,,20913,60,,,1,15,,20914,60,,,1,55,,20915,60,,,1,15,,20916,60,,,1,15,,20917,60,,,1,14,,20918,60,,,1,63,,20919,60,,,1,28,,20920,60,,,1,63,,20921,60,,,1,29,,20922,60,,,1,70,,20923,60,,,1,30,,20924,60,,,1,70,,20925,60,,,1,30,,20926,60,,,1,69,,20927,60,,,1,27,,20928,60,,,1,99,,20929,60,,,1,100,,20930,60,,,1
5201,'052-Saturday-1-26-02-0000010',704,,21023,60,,,1,100,,21024,60,,,1,101,,21025,60,,,1,33,,21026,60,,,1,69,,21027,60,,,1,30,,21028,60,,,1,70,,21029,60,,,1,30,,21030,60,,,1,70,,21031,60,,,1,30,,21032,60,,,1,70,,21033,60,,,1,30,,21034,60,,,1,70,,21035,60,,,1,30,,21036,60,,,1,70,,21037,60,,,1,30,,21038,60,,,1,70,,21039,60,,,1,30,,21040,60,,,1,69,,21041,60,,,1,27,,21042,60,,,1,69,,21043,60,,,1,30,,21044,60,,,1,70,,21045,60,,,1,30,,21046,60,,,1,70,,21047,60,,,1,100,,21048,60,,,1,100,,21049,60,,,1,100,,21050,60,,,1,100,,21051,60,,,1
5201,'052-Sunday-1-26-02-0000001',802,,21075,60,,,1,101,,21052,60,,,1,103,,21053,60,,,1,100,,21054,60,,,1,30,,21055,60,,,1,70,,21056,60,,,1,30,,21057,60,,,1,70,,21058,60,,,1,30,,21059,60,,,1,70,,21060,60,,,1,30,,21061,60,,,1,70,,21062,60,,,1,30,,21063,60,,,1,70,,21064,60,,,1,30,,21065,60,,,1,73,,21066,60,,,1,31,,21067,60,,,1,70,,21068,60,,,1,30,,21069,60,,,1,70,,21070,60,,,1,30,,21074,60,,,1,70,,21071,60,,,1,100,,21072,60,,,1,100,,21073,60,,,1,100,,21076,60,,,1
67101,'671-Weekday-1-26-02-0001000',1427,,61760,4,,,1,1,,61761,4,,,1
67101,'671-Weekday-1-26-02-1110100',1547,,61762,4,,,1,2,,61763,4,,,1,8,,61764,4,,,1
67101,'671-Weekday-5-26-02-0001000',1427,,61773,4,,,1,1,,61774,4,,,1
67101,'671-Weekday-5-26-02-1110100',1547,,61775,4,,,1,2,,61776,4,,,1,8,,61777,4,,,1
67101,'671-Weekday-9-26-02-0001000',1427,,61778,4,,,1,1,,61779,4,,,1
