61000,'610-Weekday-1-26-02-0001000',1223,,111926,,,1,2,,111927,,,1,206,,111928,,,1,5,,111929,,,1
61000,'610-Weekday-1-26-02-1110100',1519,,111930,,,1,4,,111931,,,1,8,,111932,,,1,5,,111933,,,1
61000,'610-Weekday-2-26-02-0001000',1223,,111934,,,1,2,,111935,,,1,206,,111936,,,1,5,,111937,,,1
61000,'610-Weekday-2-26-02-1110100',1519,,111938,,,1,4,,111939,,,1,8,,111940,,,1,5,,111941,,,1
61000,'610-Weekday-4-26-02-1110100',1531,,111942,,,1,5,,111943,,,1
61000,'610-Weekday-5-26-02-0000100',1223,,111944,,,1,2,,111945,,,1
61000,'610-Weekday-5-26-02-0001000',1431,,111946,,,1,5,,111947,,,1
61000,'610-Weekday-5-26-02-1110100',1531,,111948,,,1,5,,111949,,,1
61000,'610-Weekday-5-26-02-1111000',1519,,111950,,,1,4,,111951,,,1
61000,'610-Weekday-6-26-02-1110100',1519,,111952,,,1,4,,111953,,,1
61000,'610-Weekday-8-26-02-1110100',1519,,111954,,,1,4,,111955,,,1
61200,'612-Weekday-1-26-02-0001000',1219,,112009,,,1
61200,'612-Weekday-1-26-02-1110100',1517,,112010,,,1
61200,'612-Weekday-2-26-02-0001000',1219,,112011,,,1
61200,'612-Weekday-2-26-02-1110100',1517,,112012,,,1
61200,'612-Weekday-5-26-02-0000100',1219,,112013,,,1
61200,'612-Weekday-5-26-02-1111000',1517,,112014,,,1
61200,'612-Weekday-6-26-02-1110100',1517,,112015,,,1
61200,'612-Weekday-8-26-02-1110100',1517,,112016,,,1
