10101,'101-Weekday-1-26-02-1111100',513,,26127,31,,,1,30,,26128,31,,,1,70,,26129,31,,,1,32,,26130,31,,,1,60,,26131,31,,,1,20,,26132,31,,,1,20,,26133,31,,,1,60,,26134,31,,,1,20,,26135,31,,,1,20,,26136,31,,,1,70,,26137,31,,,1,30,,26138,31,,,1,70,,26139,31,,,1,30,,26140,31,,,1,70,,26141,31,,,1,30,,26142,31,,,1,70,,26143,31,,,1,30,,26144,31,,,1,70,,26145,31,,,1,30,,26146,31,,,1,70,,26147,31,,,1,32,,26148,31,,,1,70,,26149,31,,,1,30,,26150,31,,,1,70,,26151,31,,,1,30,,26152,31,,,1,70,,26153,31,,,1,30,,26154,31,,,1,70,,26155,31,,,1,27,,26159,31,,,1,68,,26160,31,,,1,30,,26161,31,,,1,70,,26162,31,,,1,30,,26163,31,,,1,70,,26164,31,,,1,30,,26156,31,,,1,69,,26165,31,,,1,100,,26157,31,,,1,100,,26158,31,,,1
10101,'101-Weekday-10-26-02-1111100',513,,26166,31,,,1,30,,26167,31,,,1,70,,26168,31,,,1,32,,26169,31,,,1,60,,26170,31,,,1,20,,26171,31,,,1,20,,26172,31,,,1,60,,26173,31,,,1,20,,26174,31,,,1,20,,26175,31,,,1,70,,26176,31,,,1,30,,26177,31,,,1,70,,26178,31,,,1,30,,26179,31,,,1,70,,26180,31,,,1,30,,26181,31,,,1,70,,26182,31,,,1,30,,26183,31,,,1,70,,26184,31,,,1,30,,26185,31,,,1,70,,26186,31,,,1,32,,26187,31,,,1,70,,26188,31,,,1,30,,26189,31,,,1,70,,26190,31,,,1,30,,26191,31,,,1,70,,26192,31,,,1,30,,26193,31,,,1,70,,26194,31,,,1,27,,26198,31,,,1,68,,26199,31,,,1,30,,26200,31,,,1,70,,26201,31,,,1,30,,26202,31,,,1,70,,26203,31,,,1,30,,26195,31,,,1,69,,26204,31,,,1,100,,26196,31,,,1,100,,26197,31,,,1
10101,'101-Weekday-4-26-02-1111100',513,,26244,31,,,1,30,,26245,31,,,1,70,,26246,31,,,1,32,,26247,31,,,1,60,,26248,31,,,1,20,,26249,31,,,1,20,,26250,31,,,1,60,,26251,31,,,1,20,,26252,31,,,1,20,,26253,31,,,1,70,,26254,31,,,1,30,,26255,31,,,1,70,,26256,31,,,1,30,,26257,31,,,1,70,,26258,31,,,1,30,,26259,31,,,1,70,,26260,31,,,1,30,,26261,31,,,1,70,,26262,31,,,1,30,,26263,31,,,1,70,,26264,31,,,1,32,,26265,31,,,1,70,,26266,31,,,1,30,,26267,31,,,1,70,,26268,31,,,1,30,,26269,31,,,1,70,,26270,31,,,1,30,,26271,31,,,1,70,,26272,31,,,1,27,,26276,31,,,1,68,,26277,31,,,1,30,,26278,31,,,1,70,,26279,31,,,1,30,,26280,31,,,1,70,,26281,31,,,1,30,,26273,31,,,1,69,,26282,31,,,1,100,,26274,31,,,1,100,,26275,31,,,1
10101,'101-Weekday-5-26-02-1111100',513,,26283,31,,,1,30,,26284,31,,,1,70,,26285,31,,,1,32,,26286,31,,,1,60,,26287,31,,,1,20,,26288,31,,,1,20,,26289,31,,,1,60,,26290,31,,,1,20,,26291,31,,,1,20,,26292,31,,,1,70,,26293,31,,,1,30,,26294,31,,,1,70,,26295,31,,,1,30,,26296,31,,,1,70,,26297,31,,,1,30,,26298,31,,,1,70,,26299,31,,,1,30,,26300,31,,,1,70,,26301,31,,,1,30,,26302,31,,,1,70,,26303,31,,,1,32,,26304,31,,,1,70,,26305,31,,,1,30,,26306,31,,,1,70,,26307,31,,,1,30,,26308,31,,,1,70,,26309,31,,,1,30,,26310,31,,,1,70,,26311,31,,,1,27,,26315,31,,,1,68,,26316,31,,,1,30,,26317,31,,,1,70,,26318,31,,,1,30,,26319,31,,,1,70,,26320,31,,,1,30,,26312,31,,,1,69,,26321,31,,,1,100,,26313,31,,,1,100,,26314,31,,,1
10101,'101-Weekday-7-26-02-1111100',513,,26361,31,,,1,30,,26362,31,,,1,70,,26363,31,,,1,32,,26364,31,,,1,60,,26365,31,,,1,20,,26366,31,,,1,20,,26367,31,,,1,60,,26368,31,,,1,20,,26369,31,,,1,20,,26370,31,,,1,70,,26371,31,,,1,30,,26372,31,,,1,70,,26373,31,,,1,30,,26374,31,,,1,70,,26375,31,,,1,30,,26376,31,,,1,70,,26377,31,,,1,30,,26378,31,,,1,70,,26379,31,,,1,30,,26380,31,,,1,70,,26381,31,,,1,32,,26382,31,,,1,70,,26383,31,,,1,30,,26384,31,,,1,70,,26385,31,,,1,30,,26386,31,,,1,70,,26387,31,,,1,30,,26388,31,,,1,70,,26389,31,,,1,27,,26393,31,,,1,68,,26394,31,,,1,30,,26395,31,,,1,70,,26396,31,,,1,30,,26397,31,,,1,70,,26398,31,,,1,30,,26390,31,,,1,69,,26399,31,,,1,100,,26391,31,,,1,100,,26392,31,,,1
10101,'101-Saturday-1-26-02-0000010',633,,26478,31,,,1,100,,26479,31,,,1,90,,26480,31,,,1,29,,26481,31,,,1,70,,26482,31,,,1,30,,26483,31,,,1,70,,26484,31,,,1,30,,26485,31,,,1,70,,26486,31,,,1,30,,26487,31,,,1,70,,26488,31,,,1,30,,26489,31,,,1,70,,26490,31,,,1,30,,26491,31,,,1,70,,26492,31,,,1,30,,26493,31,,,1,70,,26494,31,,,1,30,,26495,31,,,1,70,,26496,31,,,1,30,,26497,31,,,1,69,,26498,31,,,1,30,,26499,31,,,1,70,,26500,31,,,1,30,,26501,31,,,1,70,,26502,31,,,1,100,,26503,31,,,1,100,,26504,31,,,1,100,,26505,31,,,1,100,,26506,31,,,1,100,,26507,31,,,1
10101,'101-Sunday-1-26-02-0000001',631,,26511,31,,,1,100,,26512,31,,,1,100,,26513,31,,,1,103,,26514,31,,,1,85,,26515,31,,,1,29,,26516,31,,,1,70,,26517,31,,,1,30,,26518,31,,,1,70,,26519,31,,,1,30,,26520,31,,,1,70,,26521,31,,,1,30,,26522,31,,,1,70,,26523,31,,,1,30,,26524,31,,,1,70,,26525,31,,,1,30,,26526,31,,,1,70,,26527,31,,,1,30,,26528,31,,,1,70,,26529,31,,,1,30,,26530,31,,,1,69,,26531,31,,,1,30,,26532,31,,,1,70,,26533,31,,,1,100,,26534,31,,,1,100,,26510,31,,,1,100,,26509,31,,,1,100,,26508,31,,,1
11101,'111-Weekday-1-26-02-1111100',916,,34047,7,,,1,100,,34048,7,,,1,100,,34049,7,,,1,100,,34050,7,,,1,100,,34051,7,,,1,100,,34052,7,,,1,100,,34053,7,,,1
11101,'111-Weekday-10-26-02-1111100',916,,34054,7,,,1,100,,34055,7,,,1,100,,34056,7,,,1,100,,34057,7,,,1,100,,34058,7,,,1,100,,34059,7,,,1,100,,34060,7,,,1
11101,'111-Weekday-4-26-02-1111100',916,,34068,7,,,1,100,,34069,7,,,1,100,,34070,7,,,1,100,,34071,7,,,1,100,,34072,7,,,1,100,,34073,7,,,1,100,,34074,7,,,1
11101,'111-Weekday-5-26-02-1111100',916,,34075,7,,,1,100,,34076,7,,,1,100,,34077,7,,,1,100,,34078,7,,,1,100,,34079,7,,,1,100,,34080,7,,,1,100,,34081,7,,,1
11101,'111-Weekday-7-26-02-1111100',916,,34089,7,,,1,100,,34090,7,,,1,100,,34091,7,,,1,100,,34092,7,,,1,100,,34093,7,,,1,100,,34094,7,,,1,100,,34095,7,,,1
62201,'622-Weekday-1-26-02-1111100',736,,60729,7,,,1,20,,60730,7,,,1,60,,60731,7,,,1,20,,60732,7,,,1,20,,60733,7,,,1,60,,60728,7,,,1,587,,60734,7,,,1,20,,60735,7,,,1,21,,60736,7,,,1,60,,60737,7,,,1,20,,60738,7,,,1,20,,60739,7,,,1,60,,60740,7,,,1
62201,'622-Weekday-10-26-02-1111100',736,,60742,7,,,1,20,,60743,7,,,1,60,,60744,7,,,1,20,,60745,7,,,1,20,,60746,7,,,1,60,,60741,7,,,1,587,,60747,7,,,1,20,,60748,7,,,1,21,,60749,7,,,1,60,,60750,7,,,1,20,,60751,7,,,1,20,,60752,7,,,1,60,,60753,7,,,1
62201,'622-Weekday-4-26-02-1111100',736,,60755,7,,,1,20,,60756,7,,,1,60,,60757,7,,,1,20,,60758,7,,,1,20,,60759,7,,,1,60,,60754,7,,,1,587,,60760,7,,,1,20,,60761,7,,,1,21,,60762,7,,,1,60,,60763,7,,,1,20,,60764,7,,,1,20,,60765,7,,,1,60,,60766,7,,,1
62201,'622-Weekday-5-26-02-1111100',736,,60768,7,,,1,20,,60769,7,,,1,60,,60770,7,,,1,20,,60771,7,,,1,20,,60772,7,,,1,60,,60767,7,,,1,587,,60773,7,,,1,20,,60774,7,,,1,21,,60775,7,,,1,60,,60776,7,,,1,20,,60777,7,,,1,20,,60778,7,,,1,60,,60779,7,,,1
