52100,'521-Weekday-1-26-06-1111100',618,,176815,45,4,,1,35,,176848,45,4,,1,61,,176856,45,4,,1,16,,176816,45,4,,1,15,,176819,45,4,,1,55,,176817,45,4,,1,15,,176818,45,4,,1,15,,176820,45,4,,1,15,,176821,45,4,,1,55,,176822,45,4,,1,16,,176823,45,4,,1,12,,176849,45,4,,1,25,,176850,45,4,,1,70,,176834,45,4,,1,30,,176824,45,4,,1,70,,176825,45,4,,1,30,,176826,45,4,,1,70,,176827,45,4,,1,30,,176828,45,4,,1,70,,176829,45,4,,1,30,,176830,45,4,,1,70,,176831,45,4,,1,30,,176832,45,4,,1,73,,176833,45,4,,1,77,,176851,45,4,,1,15,,176835,45,4,,1,15,,176836,45,4,,1,15,,176837,45,4,,1,55,,176838,45,4,,1,15,,176839,45,4,,1,15,,176840,45,4,,1,15,,176841,45,4,,1,55,,176842,45,4,,1,15,,176843,45,4,,1,14,,176844,45,4,,1,16,,176858,45,4,,1,54,,176859,45,4,,1,22,,176857,45,4,,1,32,,176847,45,4,,1,69,,176845,45,4,,1,30,,176852,45,4,,1,70,,176853,45,4,,1,30,,176854,45,4,,1,67,,176855,45,4,,1,29,,176846,45,4,,1
52100,'521-Weekday-2-26-06-1111100',618,,196686,45,4,,1,35,,196719,45,4,,1,61,,196727,45,4,,1,16,,196687,45,4,,1,15,,196690,45,4,,1,55,,196688,45,4,,1,15,,196689,45,4,,1,15,,196691,45,4,,1,15,,196692,45,4,,1,55,,196693,45,4,,1,16,,196694,45,4,,1,12,,196720,45,4,,1,25,,196721,45,4,,1,70,,196705,45,4,,1,30,,196695,45,4,,1,70,,196696,45,4,,1,30,,196697,45,4,,1,70,,196698,45,4,,1,30,,196699,45,4,,1,70,,196700,45,4,,1,30,,196701,45,4,,1,70,,196702,45,4,,1,30,,196703,45,4,,1,73,,196704,45,4,,1,77,,196722,45,4,,1,15,,196706,45,4,,1,15,,196707,45,4,,1,15,,196708,45,4,,1,55,,196709,45,4,,1,15,,196710,45,4,,1,15,,196711,45,4,,1,15,,196712,45,4,,1,55,,196713,45,4,,1,15,,196714,45,4,,1,14,,196715,45,4,,1,16,,196729,45,4,,1,54,,196730,45,4,,1,22,,196728,45,4,,1,32,,196718,45,4,,1,69,,196716,45,4,,1,30,,196723,45,4,,1,70,,196724,45,4,,1,30,,196725,45,4,,1,67,,196726,45,4,,1,29,,196717,45,4,,1
52100,'521-Saturday-1-26-06-0000010',848,,176879,45,4,,1,70,,176880,45,4,,1,30,,176881,45,4,,1,70,,176882,45,4,,1,30,,176860,45,4,,1,70,,176861,45,4,,1,30,,176862,45,4,,1,70,,176863,45,4,,1,30,,176864,45,4,,1,70,,176865,45,4,,1,30,,176866,45,4,,1,70,,176867,45,4,,1,30,,176868,45,4,,1,70,,176869,45,4,,1,30,,176870,45,4,,1,70,,176871,45,4,,1,30,,176873,45,4,,1,69,,176874,45,4,,1,31,,176875,45,4,,1,70,,176872,45,4,,1,30,,176876,45,4,,1,70,,176877,45,4,,1,30,,176878,45,4,,1
52100,'521-Sunday-1-26-06-0000001',1048,,176883,45,4,,1,70,,176884,45,4,,1,30,,176885,45,4,,1,70,,176886,45,4,,1,30,,176887,45,4,,1,70,,176888,45,4,,1,30,,176889,45,4,,1,70,,176890,45,4,,1,30,,176891,45,4,,1,70,,176892,45,4,,1,33,,176893,45,4,,1,67,,176894,45,4,,1,30,,176895,45,4,,1,68,,176896,45,4,,1,31,,176897,45,4,,1,70,,176898,45,4,,1,30,,176899,45,4,,1,70,,176900,45,4,,1,30,,176901,45,4,,1
52100,'521-Sunday-2-26-06-0000001',1048,,196731,45,4,,1,70,,196732,45,4,,1,30,,196733,45,4,,1,70,,196734,45,4,,1,30,,196735,45,4,,1,70,,196736,45,4,,1,30,,196737,45,4,,1,70,,196738,45,4,,1,30,,196739,45,4,,1,70,,196740,45,4,,1,33,,196741,45,4,,1,67,,196742,45,4,,1,30,,196743,45,4,,1,68,,196744,45,4,,1,31,,196745,45,4,,1,70,,196746,45,4,,1,30,,196747,45,4,,1,70,,196748,45,4,,1,30,,196749,45,4,,1
52101,'521-Weekday-1-26-06-1111100',530,,176902,1,,,1,70,,176903,1,,,1,15,,176904,1,,,1,15,,176905,1,,,1,15,,176941,1,,,1,55,,176906,1,,,1,15,,176907,1,,,1,15,,176908,1,,,1,15,,176940,1,,,1,55,,176909,1,,,1,15,,176910,1,,,1,15,,176945,1,,,1,22,,176911,1,,,1,72,,176912,1,,,1,30,,176913,1,,,1,70,,176914,1,,,1,30,,176915,1,,,1,70,,176916,1,,,1,30,,176917,1,,,1,70,,176918,1,,,1,30,,176919,1,,,1,70,,176920,1,,,1,30,,176921,1,,,1,70,,176922,1,,,1,30,,176944,1,,,1,70,,176943,1,,,1,15,,176923,1,,,1,15,,176924,1,,,1,55,,176925,1,,,1,15,,176926,1,,,1,15,,176927,1,,,1,15,,176928,1,,,1,55,,176929,1,,,1,15,,176930,1,,,1,15,,176931,1,,,1,15,,176932,1,,,1,68,,176942,1,,,1,32,,176933,1,,,1,70,,176934,1,,,1,30,,176935,1,,,1,70,,176936,1,,,1,30,,176937,1,,,1,70,,176938,1,,,1,30,,176939,1,,,1
52101,'521-Weekday-2-26-06-1111100',530,,196750,1,,,1,70,,196751,1,,,1,15,,196752,1,,,1,15,,196753,1,,,1,15,,196789,1,,,1,55,,196754,1,,,1,15,,196755,1,,,1,15,,196756,1,,,1,15,,196788,1,,,1,55,,196757,1,,,1,15,,196758,1,,,1,15,,196793,1,,,1,22,,196759,1,,,1,72,,196760,1,,,1,30,,196761,1,,,1,70,,196762,1,,,1,30,,196763,1,,,1,70,,196764,1,,,1,30,,196765,1,,,1,70,,196766,1,,,1,30,,196767,1,,,1,70,,196768,1,,,1,30,,196769,1,,,1,70,,196770,1,,,1,30,,196792,1,,,1,70,,196791,1,,,1,15,,196771,1,,,1,15,,196772,1,,,1,55,,196773,1,,,1,15,,196774,1,,,1,15,,196775,1,,,1,15,,196776,1,,,1,55,,196777,1,,,1,15,,196778,1,,,1,15,,196779,1,,,1,15,,196780,1,,,1,68,,196790,1,,,1,32,,196781,1,,,1,70,,196782,1,,,1,30,,196783,1,,,1,70,,196784,1,,,1,30,,196785,1,,,1,70,,196786,1,,,1,30,,196787,1,,,1
52101,'521-Saturday-1-26-06-0000010',753,,176946,1,,,1,70,,176947,1,,,1,30,,176948,1,,,1,70,,176949,1,,,1,30,,176950,1,,,1,70,,176951,1,,,1,30,,176952,1,,,1,70,,176953,1,,,1,30,,176954,1,,,1,70,,176955,1,,,1,30,,176956,1,,,1,70,,176957,1,,,1,30,,176958,1,,,1,70,,176959,1,,,1,30,,176960,1,,,1,70,,176961,1,,,1,30,,176962,1,,,1,70,,176963,1,,,1,30,,176964,1,,,1,70,,176965,1,,,1,30,,176966,1,,,1,70,,176967,1,,,1,30,,176968,1,,,1
52101,'521-Sunday-1-26-06-0000001',953,,176969,1,,,1,70,,176970,1,,,1,30,,176971,1,,,1,70,,176972,1,,,1,30,,176973,1,,,1,70,,176974,1,,,1,30,,176975,1,,,1,70,,176976,1,,,1,30,,176977,1,,,1,70,,176978,1,,,1,30,,176979,1,,,1,70,,176980,1,,,1,30,,176981,1,,,1,70,,176982,1,,,1,30,,176983,1,,,1,70,,176984,1,,,1,30,,176985,1,,,1,70,,176986,1,,,1,30,,176987,1,,,1
52101,'521-Sunday-2-26-06-0000001',953,,196794,1,,,1,70,,196795,1,,,1,30,,196796,1,,,1,70,,196797,1,,,1,30,,196798,1,,,1,70,,196799,1,,,1,30,,196800,1,,,1,70,,196801,1,,,1,30,,196802,1,,,1,70,,196803,1,,,1,30,,196804,1,,,1,70,,196805,1,,,1,30,,196806,1,,,1,70,,196807,1,,,1,30,,196808,1,,,1,70,,196809,1,,,1,30,,196810,1,,,1,70,,196811,1,,,1,30,,196812,1,,,1
