10800,'108-Weekday-1-26-02-1110100',1459,,31685,6,,,1
10800,'108-Weekday-1-26-02-1111100',537,,31686,6,,,1,20,,31687,6,,,1,60,,31688,6,,,1,21,,31689,6,,,1,10,,31690,6,,,1,10,,31746,6,,,1,50,,31691,6,,,1,10,,31692,6,,,1,10,,31747,6,,,1,10,,31693,6,,,1,10,,31694,6,,,1,10,,31745,6,,,1,42,,31754,6,,,1,8,,31695,6,,,1,10,,31696,6,,,1,10,,31749,6,,,1,10,,31697,6,,,1,20,,31698,6,,,1,60,,31699,6,,,1,20,,31700,6,,,1,20,,31701,6,,,1,60,,31702,6,,,1,20,,31703,6,,,1,20,,31704,6,,,1,60,,31705,6,,,1,20,,31706,6,,,1,20,,31707,6,,,1,60,,31708,6,,,1,20,,31709,6,,,1,20,,31710,6,,,1,60,,31711,6,,,1,20,,31712,6,,,1,20,,31713,6,,,1,60,,31714,6,,,1,20,,31715,6,,,1,20,,31716,6,,,1,60,,31717,6,,,1,10,,31718,6,,,1,10,,31719,6,,,1,10,,31753,6,,,1,10,,31720,6,,,1,50,,31721,6,,,1,10,,31752,6,,,1,10,,31722,6,,,1,10,,31723,6,,,1,10,,31751,6,,,1,10,,31724,6,,,1,50,,31725,6,,,1,10,,31748,6,,,1,10,,31726,6,,,1,10,,31727,6,,,1,10,,31750,6,,,1,60,,31728,6,,,1,20,,31729,6,,,1,19,,31730,6,,,1,60,,31731,6,,,1,20,,31732,6,,,1,20,,31733,6,,,1,60,,31734,6,,,1,20,,31735,6,,,1,20,,31736,6,,,1,60,,31737,6,,,1,20,,31738,6,,,1,20,,31739,6,,,1,60,,31740,6,,,1,30,,31741,6,,,1,70,,31742,6,,,1,30,,31743,6,,,1,70,,31744,6,,,1
10800,'108-Weekday-10-26-02-1111100',537,,31755,6,,,1,20,,31756,6,,,1,60,,31757,6,,,1,21,,31758,6,,,1,10,,31759,6,,,1,10,,31815,6,,,1,50,,31760,6,,,1,10,,31761,6,,,1,10,,31816,6,,,1,10,,31762,6,,,1,10,,31763,6,,,1,10,,31814,6,,,1,42,,31823,6,,,1,8,,31764,6,,,1,10,,31765,6,,,1,10,,31818,6,,,1,10,,31766,6,,,1,20,,31767,6,,,1,60,,31768,6,,,1,20,,31769,6,,,1,20,,31770,6,,,1,60,,31771,6,,,1,20,,31772,6,,,1,20,,31773,6,,,1,60,,31774,6,,,1,20,,31775,6,,,1,20,,31776,6,,,1,60,,31777,6,,,1,20,,31778,6,,,1,20,,31779,6,,,1,60,,31780,6,,,1,20,,31781,6,,,1,20,,31782,6,,,1,60,,31783,6,,,1,20,,31784,6,,,1,20,,31785,6,,,1,60,,31786,6,,,1,10,,31787,6,,,1,10,,31788,6,,,1,10,,31822,6,,,1,10,,31789,6,,,1,50,,31790,6,,,1,10,,31821,6,,,1,10,,31791,6,,,1,10,,31792,6,,,1,10,,31820,6,,,1,10,,31793,6,,,1,50,,31794,6,,,1,10,,31817,6,,,1,10,,31795,6,,,1,10,,31796,6,,,1,10,,31819,6,,,1,60,,31797,6,,,1,20,,31798,6,,,1,19,,31799,6,,,1,60,,31800,6,,,1,20,,31801,6,,,1,20,,31802,6,,,1,60,,31803,6,,,1,20,,31804,6,,,1,20,,31805,6,,,1,60,,31806,6,,,1,20,,31807,6,,,1,20,,31808,6,,,1,60,,31809,6,,,1,30,,31810,6,,,1,70,,31811,6,,,1,30,,31812,6,,,1,70,,31813,6,,,1
10800,'108-Weekday-11-26-02-1110100',1459,,112289,6,,,1
10800,'108-Weekday-11-26-02-1111100',537,,112290,6,,,1,20,,112291,6,,,1,60,,112292,6,,,1,21,,112293,6,,,1,10,,112294,6,,,1,10,,112350,6,,,1,50,,112295,6,,,1,10,,112296,6,,,1,10,,112351,6,,,1,10,,112297,6,,,1,10,,112298,6,,,1,10,,112349,6,,,1,42,,112358,6,,,1,8,,112299,6,,,1,10,,112300,6,,,1,10,,112353,6,,,1,10,,112301,6,,,1,20,,112302,6,,,1,60,,112303,6,,,1,20,,112304,6,,,1,20,,112305,6,,,1,60,,112306,6,,,1,20,,112307,6,,,1,20,,112308,6,,,1,60,,112309,6,,,1,20,,112310,6,,,1,20,,112311,6,,,1,60,,112312,6,,,1,20,,112313,6,,,1,20,,112314,6,,,1,60,,112315,6,,,1,20,,112316,6,,,1,20,,112317,6,,,1,60,,112318,6,,,1,20,,112319,6,,,1,20,,112320,6,,,1,60,,112321,6,,,1,10,,112322,6,,,1,10,,112323,6,,,1,10,,112357,6,,,1,10,,112324,6,,,1,50,,112325,6,,,1,10,,112356,6,,,1,10,,112326,6,,,1,10,,112327,6,,,1,10,,112355,6,,,1,10,,112328,6,,,1,50,,112329,6,,,1,10,,112352,6,,,1,10,,112330,6,,,1,10,,112331,6,,,1,10,,112354,6,,,1,60,,112332,6,,,1,20,,112333,6,,,1,19,,112334,6,,,1,60,,112335,6,,,1,20,,112336,6,,,1,20,,112337,6,,,1,60,,112338,6,,,1,20,,112339,6,,,1,20,,112340,6,,,1,60,,112341,6,,,1,20,,112342,6,,,1,20,,112343,6,,,1,60,,112344,6,,,1,30,,112345,6,,,1,70,,112346,6,,,1,30,,112347,6,,,1,70,,112348,6,,,1
10800,'108-Saturday-1-26-02-0000010',541,,32306,6,,,1,70,,32307,6,,,1,30,,32308,6,,,1,70,,32309,6,,,1,30,,32310,6,,,1,70,,32311,6,,,1,27,,32312,6,,,1,69,,32313,6,,,1,30,,32314,6,,,1,70,,32315,6,,,1,30,,32316,6,,,1,70,,32317,6,,,1,30,,32318,6,,,1,70,,32319,6,,,1,30,,32320,6,,,1,70,,32321,6,,,1,30,,32322,6,,,1,70,,32323,6,,,1,30,,32324,6,,,1,70,,32325,6,,,1,30,,32326,6,,,1,70,,32327,6,,,1,32,,32328,6,,,1,71,,32329,6,,,1,30,,32330,6,,,1,70,,32331,6,,,1,30,,32332,6,,,1,70,,32333,6,,,1,30,,32334,6,,,1,70,,32335,6,,,1,30,,32336,6,,,1,70,,32337,6,,,1,30,,32338,6,,,1,70,,32339,6,,,1,28,,32340,6,,,1,70,,32341,6,,,1,30,,32342,6,,,1
10800,'108-Sunday-2-26-02-0000001',556,,112359,6,,,1,70,,112360,6,,,1,30,,112361,6,,,1,70,,112362,6,,,1,30,,112363,6,,,1,70,,112364,6,,,1,30,,112365,6,,,1,70,,112366,6,,,1,30,,112367,6,,,1,70,,112368,6,,,1,30,,112369,6,,,1,70,,112370,6,,,1,30,,112371,6,,,1,70,,112372,6,,,1,30,,112373,6,,,1,70,,112374,6,,,1,30,,112375,6,,,1,70,,112376,6,,,1,30,,112377,6,,,1,70,,112378,6,,,1,30,,112379,6,,,1,69,,112380,6,,,1,31,,112381,6,,,1,70,,112382,6,,,1,30,,112383,6,,,1,70,,112384,6,,,1,30,,112385,6,,,1,70,,112386,6,,,1,30,,112387,6,,,1,70,,112388,6,,,1,30,,112389,6,,,1,70,,112390,6,,,1,30,,112391,6,,,1,70,,112392,6,,,1,30,,112393,6,,,1,70,,112394,6,,,1,30,,112395,6,,,1
62700,'627-Weekday-1-26-02-1111100',1521,,60893,17,,,1
62700,'627-Weekday-10-26-02-1111100',1521,,116744,17,,,1
62700,'627-Weekday-9-26-02-1111100',1521,,60897,17,,,1
