74700,'747-Weekday-1-26-02-1111100',432,,130978,,,1,95,,130997,,,1,105,,131000,,,1,70,,130980,,,1,30,,130996,,,1,70,,130998,,,1,30,,130995,,,1,70,,130994,,,1,30,,130993,,,1,70,,131004,,,1,30,,130991,,,1,70,,131005,,,1,30,,130989,,,1,76,,131006,,,1,37,,130988,,,1,70,,131007,,,1,30,,130990,,,1,70,,131008,,,1,30,,130992,,,1,70,,131009,,,1,30,,130984,,,1,70,,131002,,,1,30,,131001,,,1,70,,130987,,,1,30,,130986,,,1,70,,130985,,,1,30,,130999,,,1,70,,130983,,,1,30,,131012,,,1,70,,131010,,,1,30,,131011,,,1,70,,131003,,,1,30,,131013,,,1,70,,130982,,,1,100,,130981,,,1,100,,130979,,,1
74700,'747-Weekday-2-26-02-1111100',432,,131014,,,1,95,,131033,,,1,105,,131036,,,1,70,,131016,,,1,30,,131032,,,1,70,,131034,,,1,30,,131031,,,1,70,,131030,,,1,30,,131029,,,1,70,,131040,,,1,30,,131027,,,1,70,,131041,,,1,30,,131025,,,1,76,,131042,,,1,37,,131024,,,1,70,,131043,,,1,30,,131026,,,1,70,,131044,,,1,30,,131028,,,1,70,,131045,,,1,30,,131020,,,1,70,,131038,,,1,30,,131037,,,1,70,,131023,,,1,30,,131022,,,1,70,,131021,,,1,30,,131035,,,1,70,,131019,,,1,30,,131048,,,1,70,,131046,,,1,30,,131047,,,1,70,,131039,,,1,30,,131049,,,1,70,,131018,,,1,100,,131017,,,1,100,,131015,,,1
74700,'747-Weekday-4-26-02-1111100',432,,131050,,,1,95,,131069,,,1,105,,131072,,,1,70,,131052,,,1,30,,131068,,,1,70,,131070,,,1,30,,131067,,,1,70,,131066,,,1,30,,131065,,,1,70,,131076,,,1,30,,131063,,,1,70,,131077,,,1,30,,131061,,,1,76,,131078,,,1,37,,131060,,,1,70,,131079,,,1,30,,131062,,,1,70,,131080,,,1,30,,131064,,,1,70,,131081,,,1,30,,131056,,,1,70,,131074,,,1,30,,131073,,,1,70,,131059,,,1,30,,131058,,,1,70,,131057,,,1,30,,131071,,,1,70,,131055,,,1,30,,131084,,,1,70,,131082,,,1,30,,131083,,,1,70,,131075,,,1,30,,131085,,,1,70,,131054,,,1,100,,131053,,,1,100,,131051,,,1
74700,'747-Weekday-5-26-02-1111100',432,,131086,,,1,95,,131105,,,1,105,,131108,,,1,70,,131088,,,1,30,,131104,,,1,70,,131106,,,1,30,,131103,,,1,70,,131102,,,1,30,,131101,,,1,70,,131112,,,1,30,,131099,,,1,70,,131113,,,1,30,,131097,,,1,76,,131114,,,1,37,,131096,,,1,70,,131115,,,1,30,,131098,,,1,70,,131116,,,1,30,,131100,,,1,70,,131117,,,1,30,,131092,,,1,70,,131110,,,1,30,,131109,,,1,70,,131095,,,1,30,,131094,,,1,70,,131093,,,1,30,,131107,,,1,70,,131091,,,1,30,,131120,,,1,70,,131118,,,1,30,,131119,,,1,70,,131111,,,1,30,,131121,,,1,70,,131090,,,1,100,,131089,,,1,100,,131087,,,1
74700,'747-Weekday-6-26-02-1111100',432,,131122,,,1,95,,131141,,,1,105,,131144,,,1,70,,131124,,,1,30,,131140,,,1,70,,131142,,,1,30,,131139,,,1,70,,131138,,,1,30,,131137,,,1,70,,131148,,,1,30,,131135,,,1,70,,131149,,,1,30,,131133,,,1,76,,131150,,,1,37,,131132,,,1,70,,131151,,,1,30,,131134,,,1,70,,131152,,,1,30,,131136,,,1,70,,131153,,,1,30,,131128,,,1,70,,131146,,,1,30,,131145,,,1,70,,131131,,,1,30,,131130,,,1,70,,131129,,,1,30,,131143,,,1,70,,131127,,,1,30,,131156,,,1,70,,131154,,,1,30,,131155,,,1,70,,131147,,,1,30,,131157,,,1,70,,131126,,,1,100,,131125,,,1,100,,131123,,,1
74700,'747-Weekday-7-26-02-1111100',432,,131158,,,1,95,,131177,,,1,105,,131180,,,1,70,,131160,,,1,30,,131176,,,1,70,,131178,,,1,30,,131175,,,1,70,,131174,,,1,30,,131173,,,1,70,,131184,,,1,30,,131171,,,1,70,,131185,,,1,30,,131169,,,1,76,,131186,,,1,37,,131168,,,1,70,,131187,,,1,30,,131170,,,1,70,,131188,,,1,30,,131172,,,1,70,,131189,,,1,30,,131164,,,1,70,,131182,,,1,30,,131181,,,1,70,,131167,,,1,30,,131166,,,1,70,,131165,,,1,30,,131179,,,1,70,,131163,,,1,30,,131192,,,1,70,,131190,,,1,30,,131191,,,1,70,,131183,,,1,30,,131193,,,1,70,,131162,,,1,100,,131161,,,1,100,,131159,,,1
74700,'747-Weekday-8-26-02-1111100',432,,131194,,,1,95,,131213,,,1,105,,131216,,,1,70,,131196,,,1,30,,131212,,,1,70,,131214,,,1,30,,131211,,,1,70,,131210,,,1,30,,131209,,,1,70,,131220,,,1,30,,131207,,,1,70,,131221,,,1,30,,131205,,,1,76,,131222,,,1,37,,131204,,,1,70,,131223,,,1,30,,131206,,,1,70,,131224,,,1,30,,131208,,,1,70,,131225,,,1,30,,131200,,,1,70,,131218,,,1,30,,131217,,,1,70,,131203,,,1,30,,131202,,,1,70,,131201,,,1,30,,131215,,,1,70,,131199,,,1,30,,131228,,,1,70,,131226,,,1,30,,131227,,,1,70,,131219,,,1,30,,131229,,,1,70,,131198,,,1,100,,131197,,,1,100,,131195,,,1
74700,'747-Weekday-9-26-02-1111100',432,,131230,,,1,95,,131249,,,1,105,,131252,,,1,70,,131232,,,1,30,,131248,,,1,70,,131250,,,1,30,,131247,,,1,70,,131246,,,1,30,,131245,,,1,70,,131256,,,1,30,,131243,,,1,70,,131257,,,1,30,,131241,,,1,76,,131258,,,1,37,,131240,,,1,70,,131259,,,1,30,,131242,,,1,70,,131260,,,1,30,,131244,,,1,70,,131261,,,1,30,,131236,,,1,70,,131254,,,1,30,,131253,,,1,70,,131239,,,1,30,,131238,,,1,70,,131237,,,1,30,,131251,,,1,70,,131235,,,1,30,,131264,,,1,70,,131262,,,1,30,,131263,,,1,70,,131255,,,1,30,,131265,,,1,70,,131234,,,1,100,,131233,,,1,100,,131231,,,1
74700,'747-Saturday-1-26-02-0000010',432,,131267,,,1,95,,131268,,,1,105,,131266,,,1,70,,131269,,,1,30,,131270,,,1,70,,131271,,,1,30,,131272,,,1,70,,131273,,,1,30,,131274,,,1,70,,131293,,,1,30,,131275,,,1,70,,131296,,,1,30,,131276,,,1,76,,131295,,,1,37,,131277,,,1,70,,131297,,,1,30,,131278,,,1,70,,131298,,,1,30,,131279,,,1,70,,131294,,,1,30,,131280,,,1,70,,131281,,,1,30,,131282,,,1,70,,131283,,,1,30,,131284,,,1,70,,131285,,,1,30,,131286,,,1,70,,131287,,,1,30,,131301,,,1,70,,131292,,,1,30,,131299,,,1,70,,131288,,,1,30,,131300,,,1,70,,131289,,,1,100,,131290,,,1,100,,131291,,,1
74700,'747-Sunday-1-26-02-0000001',432,,131302,,,1,95,,131303,,,1,105,,131304,,,1,70,,131305,,,1,30,,131306,,,1,70,,131307,,,1,30,,131308,,,1,70,,131309,,,1,30,,131310,,,1,70,,131329,,,1,30,,131311,,,1,70,,131331,,,1,30,,131312,,,1,76,,131330,,,1,37,,131313,,,1,70,,131332,,,1,30,,131314,,,1,70,,131333,,,1,30,,131315,,,1,70,,131328,,,1,30,,131316,,,1,70,,131317,,,1,30,,131318,,,1,70,,131319,,,1,30,,131320,,,1,70,,131321,,,1,30,,131322,,,1,70,,131323,,,1,30,,131336,,,1,70,,131334,,,1,30,,131337,,,1,70,,131324,,,1,30,,131335,,,1,70,,131325,,,1,100,,131326,,,1,100,,131327,,,1
74701,'747-Weekday-1-26-02-1111100',432,,131338,4,,1,90,,131339,4,,1,105,,131340,4,,1,30,,131341,4,,1,70,,131342,4,,1,30,,131343,4,,1,70,,131344,4,,1,30,,131345,4,,1,70,,131346,4,,1,30,,131364,4,,1,70,,131347,4,,1,30,,131365,4,,1,70,,131348,4,,1,76,,131366,4,,1,37,,131349,4,,1,70,,131367,4,,1,30,,131350,4,,1,70,,131368,4,,1,30,,131351,4,,1,70,,131369,4,,1,30,,131352,4,,1,70,,131353,4,,1,30,,131354,4,,1,70,,131355,4,,1,30,,131356,4,,1,70,,131357,4,,1,30,,131358,4,,1,70,,131359,4,,1,30,,131371,4,,1,70,,131370,4,,1,30,,131372,4,,1,70,,131360,4,,1,30,,131373,4,,1,70,,131361,4,,1,100,,131362,4,,1,100,,131363,4,,1
74701,'747-Weekday-2-26-02-1111100',432,,131374,4,,1,90,,131375,4,,1,105,,131376,4,,1,30,,131377,4,,1,70,,131378,4,,1,30,,131379,4,,1,70,,131380,4,,1,30,,131381,4,,1,70,,131382,4,,1,30,,131400,4,,1,70,,131383,4,,1,30,,131401,4,,1,70,,131384,4,,1,76,,131402,4,,1,37,,131385,4,,1,70,,131403,4,,1,30,,131386,4,,1,70,,131404,4,,1,30,,131387,4,,1,70,,131405,4,,1,30,,131388,4,,1,70,,131389,4,,1,30,,131390,4,,1,70,,131391,4,,1,30,,131392,4,,1,70,,131393,4,,1,30,,131394,4,,1,70,,131395,4,,1,30,,131407,4,,1,70,,131406,4,,1,30,,131408,4,,1,70,,131396,4,,1,30,,131409,4,,1,70,,131397,4,,1,100,,131398,4,,1,100,,131399,4,,1
74701,'747-Weekday-4-26-02-1111100',432,,131410,4,,1,90,,131411,4,,1,105,,131412,4,,1,30,,131413,4,,1,70,,131414,4,,1,30,,131415,4,,1,70,,131416,4,,1,30,,131417,4,,1,70,,131418,4,,1,30,,131436,4,,1,70,,131419,4,,1,30,,131437,4,,1,70,,131420,4,,1,76,,131438,4,,1,37,,131421,4,,1,70,,131439,4,,1,30,,131422,4,,1,70,,131440,4,,1,30,,131423,4,,1,70,,131441,4,,1,30,,131424,4,,1,70,,131425,4,,1,30,,131426,4,,1,70,,131427,4,,1,30,,131428,4,,1,70,,131429,4,,1,30,,131430,4,,1,70,,131431,4,,1,30,,131443,4,,1,70,,131442,4,,1,30,,131444,4,,1,70,,131432,4,,1,30,,131445,4,,1,70,,131433,4,,1,100,,131434,4,,1,100,,131435,4,,1
74701,'747-Weekday-5-26-02-1111100',432,,131446,4,,1,90,,131447,4,,1,105,,131448,4,,1,30,,131449,4,,1,70,,131450,4,,1,30,,131451,4,,1,70,,131452,4,,1,30,,131453,4,,1,70,,131454,4,,1,30,,131472,4,,1,70,,131455,4,,1,30,,131473,4,,1,70,,131456,4,,1,76,,131474,4,,1,37,,131457,4,,1,70,,131475,4,,1,30,,131458,4,,1,70,,131476,4,,1,30,,131459,4,,1,70,,131477,4,,1,30,,131460,4,,1,70,,131461,4,,1,30,,131462,4,,1,70,,131463,4,,1,30,,131464,4,,1,70,,131465,4,,1,30,,131466,4,,1,70,,131467,4,,1,30,,131479,4,,1,70,,131478,4,,1,30,,131480,4,,1,70,,131468,4,,1,30,,131481,4,,1,70,,131469,4,,1,100,,131470,4,,1,100,,131471,4,,1
74701,'747-Weekday-6-26-02-1111100',432,,131482,4,,1,90,,131483,4,,1,105,,131484,4,,1,30,,131485,4,,1,70,,131486,4,,1,30,,131487,4,,1,70,,131488,4,,1,30,,131489,4,,1,70,,131490,4,,1,30,,131508,4,,1,70,,131491,4,,1,30,,131509,4,,1,70,,131492,4,,1,76,,131510,4,,1,37,,131493,4,,1,70,,131511,4,,1,30,,131494,4,,1,70,,131512,4,,1,30,,131495,4,,1,70,,131513,4,,1,30,,131496,4,,1,70,,131497,4,,1,30,,131498,4,,1,70,,131499,4,,1,30,,131500,4,,1,70,,131501,4,,1,30,,131502,4,,1,70,,131503,4,,1,30,,131515,4,,1,70,,131514,4,,1,30,,131516,4,,1,70,,131504,4,,1,30,,131517,4,,1,70,,131505,4,,1,100,,131506,4,,1,100,,131507,4,,1
74701,'747-Weekday-7-26-02-1111100',432,,131518,4,,1,90,,131519,4,,1,105,,131520,4,,1,30,,131521,4,,1,70,,131522,4,,1,30,,131523,4,,1,70,,131524,4,,1,30,,131525,4,,1,70,,131526,4,,1,30,,131544,4,,1,70,,131527,4,,1,30,,131545,4,,1,70,,131528,4,,1,76,,131546,4,,1,37,,131529,4,,1,70,,131547,4,,1,30,,131530,4,,1,70,,131548,4,,1,30,,131531,4,,1,70,,131549,4,,1,30,,131532,4,,1,70,,131533,4,,1,30,,131534,4,,1,70,,131535,4,,1,30,,131536,4,,1,70,,131537,4,,1,30,,131538,4,,1,70,,131539,4,,1,30,,131551,4,,1,70,,131550,4,,1,30,,131552,4,,1,70,,131540,4,,1,30,,131553,4,,1,70,,131541,4,,1,100,,131542,4,,1,100,,131543,4,,1
74701,'747-Weekday-8-26-02-1111100',432,,131554,4,,1,90,,131555,4,,1,105,,131556,4,,1,30,,131557,4,,1,70,,131558,4,,1,30,,131559,4,,1,70,,131560,4,,1,30,,131561,4,,1,70,,131562,4,,1,30,,131580,4,,1,70,,131563,4,,1,30,,131581,4,,1,70,,131564,4,,1,76,,131582,4,,1,37,,131565,4,,1,70,,131583,4,,1,30,,131566,4,,1,70,,131584,4,,1,30,,131567,4,,1,70,,131585,4,,1,30,,131568,4,,1,70,,131569,4,,1,30,,131570,4,,1,70,,131571,4,,1,30,,131572,4,,1,70,,131573,4,,1,30,,131574,4,,1,70,,131575,4,,1,30,,131587,4,,1,70,,131586,4,,1,30,,131588,4,,1,70,,131576,4,,1,30,,131589,4,,1,70,,131577,4,,1,100,,131578,4,,1,100,,131579,4,,1
74701,'747-Weekday-9-26-02-1111100',432,,131590,4,,1,90,,131591,4,,1,105,,131592,4,,1,30,,131593,4,,1,70,,131594,4,,1,30,,131595,4,,1,70,,131596,4,,1,30,,131597,4,,1,70,,131598,4,,1,30,,131616,4,,1,70,,131599,4,,1,30,,131617,4,,1,70,,131600,4,,1,76,,131618,4,,1,37,,131601,4,,1,70,,131619,4,,1,30,,131602,4,,1,70,,131620,4,,1,30,,131603,4,,1,70,,131621,4,,1,30,,131604,4,,1,70,,131605,4,,1,30,,131606,4,,1,70,,131607,4,,1,30,,131608,4,,1,70,,131609,4,,1,30,,131610,4,,1,70,,131611,4,,1,30,,131623,4,,1,70,,131622,4,,1,30,,131624,4,,1,70,,131612,4,,1,30,,131625,4,,1,70,,131613,4,,1,100,,131614,4,,1,100,,131615,4,,1
74701,'747-Saturday-1-26-02-0000010',432,,131627,4,,1,90,,131628,4,,1,105,,131626,4,,1,30,,131629,4,,1,70,,131630,4,,1,30,,131651,4,,1,70,,131631,4,,1,30,,131632,4,,1,70,,131633,4,,1,30,,131652,4,,1,70,,131634,4,,1,30,,131654,4,,1,70,,131635,4,,1,76,,131653,4,,1,37,,131636,4,,1,70,,131657,4,,1,30,,131637,4,,1,70,,131655,4,,1,30,,131638,4,,1,70,,131656,4,,1,30,,131639,4,,1,70,,131640,4,,1,30,,131641,4,,1,70,,131642,4,,1,30,,131643,4,,1,70,,131644,4,,1,30,,131645,4,,1,70,,131646,4,,1,30,,131659,4,,1,70,,131658,4,,1,30,,131660,4,,1,70,,131647,4,,1,30,,131661,4,,1,70,,131648,4,,1,100,,131649,4,,1,100,,131650,4,,1
74701,'747-Sunday-1-26-02-0000001',432,,131662,4,,1,90,,131663,4,,1,105,,131664,4,,1,30,,131665,4,,1,70,,131666,4,,1,30,,131667,4,,1,70,,131668,4,,1,30,,131669,4,,1,70,,131670,4,,1,30,,131688,4,,1,70,,131671,4,,1,30,,131690,4,,1,70,,131672,4,,1,76,,131689,4,,1,37,,131673,4,,1,70,,131693,4,,1,30,,131674,4,,1,70,,131691,4,,1,30,,131675,4,,1,70,,131692,4,,1,30,,131676,4,,1,70,,131677,4,,1,30,,131678,4,,1,70,,131679,4,,1,30,,131680,4,,1,70,,131681,4,,1,30,,131682,4,,1,70,,131683,4,,1,30,,131695,4,,1,70,,131694,4,,1,30,,131696,4,,1,70,,131684,4,,1,30,,131697,4,,1,70,,131685,4,,1,100,,131686,4,,1,100,,131687,4,,1
