10600,'106-Weekday-1-26-04-0001000',1210,,119005,2,,,1,5,,119006,2,,,1
10600,'106-Weekday-1-26-04-1110100',1504,,119007,2,,,1,3,,119008,2,,,1,3,,119009,2,,,1
10600,'106-Weekday-3-26-04-0001000',1210,,119137,2,,,1,5,,119138,2,,,1
10600,'106-Weekday-3-26-04-1110100',1504,,119139,2,,,1,3,,119140,2,,,1,3,,119141,2,,,1
11401,'114-Weekday-1-26-04-1111100',535,,121946,23,,,1,70,,121947,23,,,1,31,,121948,23,,,1,20,,121949,23,,,1,52,,121950,23,,,1,12,,121951,23,,,1,12,,121952,23,,,1,12,,121954,23,,,1,12,,121953,23,,,1,52,,121955,23,,,1,12,,121956,23,,,1,12,,121957,23,,,1,12,,121958,23,,,1,56,,122008,23,,,1,15,,122003,23,,,1,15,,122004,23,,,1,15,,122005,23,,,1,55,,122006,23,,,1,15,,121973,23,,,1,15,,121972,23,,,1,15,,121971,23,,,1,55,,121969,23,,,1,15,,121970,23,,,1,15,,121977,23,,,1,15,,121976,23,,,1,55,,121975,23,,,1,15,,121974,23,,,1,15,,122002,23,,,1,15,,121959,23,,,1,55,,121960,23,,,1,15,,121961,23,,,1,15,,121962,23,,,1,15,,121963,23,,,1,55,,121964,23,,,1,15,,121965,23,,,1,15,,121966,23,,,1,15,,121967,23,,,1,12,,122001,23,,,1,52,,122000,23,,,1,13,,121999,23,,,1,13,,121998,23,,,1,12,,121997,23,,,1,12,,121996,23,,,1,52,,121995,23,,,1,12,,121994,23,,,1,12,,121993,23,,,1,12,,121992,23,,,1,12,,121991,23,,,1,52,,121990,23,,,1,12,,121989,23,,,1,12,,121968,23,,,1,12,,122007,23,,,1,58,,121988,23,,,1,29,,121987,23,,,1,69,,121986,23,,,1,30,,121985,23,,,1,70,,121984,23,,,1,30,,121983,23,,,1,70,,121982,23,,,1,30,,121981,23,,,1,70,,121980,23,,,1,97,,121979,23,,,1,100,,121978,23,,,1
11401,'114-Weekday-2-26-04-1111100',535,,122013,23,,,1,70,,122014,23,,,1,31,,122015,23,,,1,20,,122016,23,,,1,52,,122017,23,,,1,12,,122018,23,,,1,12,,122019,23,,,1,12,,122021,23,,,1,12,,122020,23,,,1,52,,122022,23,,,1,12,,122023,23,,,1,12,,122024,23,,,1,12,,122025,23,,,1,56,,122075,23,,,1,15,,122070,23,,,1,15,,122071,23,,,1,15,,122072,23,,,1,55,,122073,23,,,1,15,,122040,23,,,1,15,,122039,23,,,1,15,,122038,23,,,1,55,,122036,23,,,1,15,,122037,23,,,1,15,,122044,23,,,1,15,,122043,23,,,1,55,,122042,23,,,1,15,,122041,23,,,1,15,,122069,23,,,1,15,,122026,23,,,1,55,,122027,23,,,1,15,,122028,23,,,1,15,,122029,23,,,1,15,,122030,23,,,1,55,,122031,23,,,1,15,,122032,23,,,1,15,,122033,23,,,1,15,,122034,23,,,1,12,,122068,23,,,1,52,,122067,23,,,1,13,,122066,23,,,1,13,,122065,23,,,1,12,,122064,23,,,1,12,,122063,23,,,1,52,,122062,23,,,1,12,,122061,23,,,1,12,,122060,23,,,1,12,,122059,23,,,1,12,,122058,23,,,1,52,,122057,23,,,1,12,,122056,23,,,1,12,,122035,23,,,1,12,,122074,23,,,1,58,,122055,23,,,1,29,,122054,23,,,1,69,,122053,23,,,1,30,,122052,23,,,1,70,,122051,23,,,1,30,,122050,23,,,1,70,,122049,23,,,1,30,,122048,23,,,1,70,,122047,23,,,1,97,,122046,23,,,1,100,,122045,23,,,1
11401,'114-Weekday-3-26-04-1111100',535,,122080,23,,,1,70,,122081,23,,,1,31,,122082,23,,,1,20,,122083,23,,,1,52,,122084,23,,,1,12,,122085,23,,,1,12,,122086,23,,,1,12,,122088,23,,,1,12,,122087,23,,,1,52,,122089,23,,,1,12,,122090,23,,,1,12,,122091,23,,,1,12,,122092,23,,,1,56,,122142,23,,,1,15,,122137,23,,,1,15,,122138,23,,,1,15,,122139,23,,,1,55,,122140,23,,,1,15,,122107,23,,,1,15,,122106,23,,,1,15,,122105,23,,,1,55,,122103,23,,,1,15,,122104,23,,,1,15,,122111,23,,,1,15,,122110,23,,,1,55,,122109,23,,,1,15,,122108,23,,,1,15,,122136,23,,,1,15,,122093,23,,,1,55,,122094,23,,,1,15,,122095,23,,,1,15,,122096,23,,,1,15,,122097,23,,,1,55,,122098,23,,,1,15,,122099,23,,,1,15,,122100,23,,,1,15,,122101,23,,,1,12,,122135,23,,,1,52,,122134,23,,,1,13,,122133,23,,,1,13,,122132,23,,,1,12,,122131,23,,,1,12,,122130,23,,,1,52,,122129,23,,,1,12,,122128,23,,,1,12,,122127,23,,,1,12,,122126,23,,,1,12,,122125,23,,,1,52,,122124,23,,,1,12,,122123,23,,,1,12,,122102,23,,,1,12,,122141,23,,,1,58,,122122,23,,,1,29,,122121,23,,,1,69,,122120,23,,,1,30,,122119,23,,,1,70,,122118,23,,,1,30,,122117,23,,,1,70,,122116,23,,,1,30,,122115,23,,,1,70,,122114,23,,,1,97,,122113,23,,,1,100,,122112,23,,,1
11401,'114-Saturday-1-26-04-0000010',632,,122147,23,,,1,100,,122148,23,,,1,95,,122149,23,,,1,20,,122150,23,,,1,61,,122151,23,,,1,22,,122152,23,,,1,20,,122153,23,,,1,60,,122154,23,,,1,20,,122155,23,,,1,20,,122156,23,,,1,60,,122157,23,,,1,20,,122158,23,,,1,20,,122159,23,,,1,60,,122160,23,,,1,20,,122161,23,,,1,20,,122162,23,,,1,60,,122163,23,,,1,20,,122164,23,,,1,20,,122165,23,,,1,60,,122166,23,,,1,20,,122167,23,,,1,20,,122168,23,,,1,60,,122169,23,,,1,20,,122170,23,,,1,20,,122171,23,,,1,60,,122172,23,,,1,20,,122173,23,,,1,20,,122174,23,,,1,59,,122175,23,,,1,18,,122176,23,,,1,20,,122177,23,,,1,60,,122178,23,,,1,20,,122179,23,,,1,20,,122180,23,,,1,60,,122181,23,,,1,27,,122182,23,,,1,70,,122183,23,,,1,30,,122184,23,,,1,70,,122185,23,,,1,30,,122186,23,,,1,70,,122187,23,,,1,100,,122188,23,,,1,100,,122189,23,,,1
11401,'114-Sunday-1-26-04-0000001',635,,122222,23,,,1,100,,122223,23,,,1,100,,122224,23,,,1,103,,122225,23,,,1,100,,122218,23,,,1,20,,122227,23,,,1,60,,122228,23,,,1,20,,122194,23,,,1,20,,122195,23,,,1,60,,122196,23,,,1,20,,122206,23,,,1,20,,122207,23,,,1,60,,122208,23,,,1,20,,122209,23,,,1,20,,122210,23,,,1,60,,122211,23,,,1,20,,122212,23,,,1,20,,122213,23,,,1,60,,122214,23,,,1,20,,122215,23,,,1,20,,122216,23,,,1,60,,122205,23,,,1,20,,122201,23,,,1,19,,122219,23,,,1,59,,122220,23,,,1,19,,122221,23,,,1,20,,122193,23,,,1,60,,122192,23,,,1,20,,122191,23,,,1,20,,122197,23,,,1,60,,122202,23,,,1,25,,122198,23,,,1,70,,122199,23,,,1,30,,122200,23,,,1,70,,122203,23,,,1,30,,122204,23,,,1,70,,122190,23,,,1,100,,122217,23,,,1,100,,122226,23,,,1
61000,'610-Weekday-1-26-04-0001000',1218,,131587,2,,,1,2,,131586,2,,,1,203,,131588,2,,,1,5,,131589,2,,,1
61000,'610-Weekday-1-26-04-1110100',1514,,131590,2,,,1,4,,131591,2,,,1,5,,131592,2,,,1,5,,131593,2,,,1
61000,'610-Weekday-2-26-04-1110100',1523,,131594,2,,,1,5,,131595,2,,,1
61000,'610-Weekday-3-26-04-0001000',1218,,131597,2,,,1,2,,131596,2,,,1
61000,'610-Weekday-3-26-04-1110100',1514,,131598,2,,,1,4,,131599,2,,,1
61300,'613-Weekday-1-26-04-1111100',747,,131630,26,,,1,9,,131631,26,,,1,77,,131632,26,,,1,10,,131633,26,,,1
61300,'613-Weekday-2-26-04-1111100',833,,131634,26,,,1,10,,131635,26,,,1
61300,'613-Weekday-3-26-04-1111100',747,,131636,26,,,1,9,,131637,26,,,1
62401,'624-Weekday-1-26-04-1111100',755,,131717,30,,,1
62401,'624-Weekday-3-26-04-1111100',755,,131718,30,,,1
62501,'625-Weekday-1-26-04-1111100',750,,131723,46,,,1,7,,131724,46,,,1
62501,'625-Weekday-3-26-04-1111100',750,,131725,46,,,1,7,,131726,46,,,1
