63801,'638-Weekday-1-26-02-0001000',1305,,112593,4,,1
63801,'638-Weekday-1-26-02-1110100',1553,,112594,4,,1
63801,'638-Weekday-1-26-02-1111100',1606,,112595,4,,1
63801,'638-Weekday-2-26-02-0001000',1305,,112596,4,,1
63801,'638-Weekday-2-26-02-1110100',1553,,112597,4,,1
63801,'638-Weekday-2-26-02-1111100',1606,,112598,4,,1
63801,'638-Weekday-4-26-02-1111100',1606,,112599,4,,1
63801,'638-Weekday-5-26-02-0000100',1305,,112600,4,,1
63801,'638-Weekday-5-26-02-1111000',1553,,112601,4,,1
63801,'638-Weekday-5-26-02-1111100',1606,,112602,4,,1
63801,'638-Weekday-6-26-02-1110100',1553,,112603,4,,1
63801,'638-Weekday-8-26-02-1110100',1553,,112604,4,,1
63801,'638-Weekday-9-26-02-0001000',1305,,159478,4,,1
63801,'638-Weekday-9-26-02-1111100',1606,,159479,4,,1
