10601,'106-Weekday-1-26-04-1111100',546,,119280,23,,,1,70,,119281,23,,,1,37,,119282,23,,,1,70,,119283,23,,,1,10,,119284,23,,,1,10,,119327,23,,,1,10,,119285,23,,,1,50,,119286,23,,,1,10,,119328,23,,,1,10,,119287,23,,,1,10,,119288,23,,,1,10,,119329,23,,,1,10,,119338,23,,,1,59,,119289,23,,,1,20,,119290,23,,,1,20,,119291,23,,,1,60,,119292,23,,,1,20,,119293,23,,,1,20,,119294,23,,,1,60,,119295,23,,,1,20,,119296,23,,,1,20,,119297,23,,,1,60,,119298,23,,,1,20,,119299,23,,,1,20,,119300,23,,,1,60,,119301,23,,,1,20,,119302,23,,,1,20,,119303,23,,,1,60,,119304,23,,,1,20,,119305,23,,,1,20,,119306,23,,,1,51,,119307,23,,,1,10,,119330,23,,,1,10,,119308,23,,,1,10,,119309,23,,,1,10,,119331,23,,,1,10,,119310,23,,,1,50,,119311,23,,,1,10,,119332,23,,,1,10,,119312,23,,,1,10,,119313,23,,,1,10,,119333,23,,,1,10,,119314,23,,,1,50,,119315,23,,,1,10,,119334,23,,,1,10,,119339,23,,,1,30,,119316,23,,,1,69,,119317,23,,,1,27,,119318,23,,,1,70,,119319,23,,,1,30,,119320,23,,,1,70,,119321,23,,,1,30,,119322,23,,,1,70,,119323,23,,,1,30,,119324,23,,,1,68,,119325,23,,,1,100,,119326,23,,,1,100,,119337,23,,,1
10601,'106-Saturday-1-26-04-0000010',548,,119461,23,,,1,70,,119462,23,,,1,30,,119463,23,,,1,70,,119464,23,,,1,30,,119465,23,,,1,70,,119466,23,,,1,30,,119467,23,,,1,73,,119468,23,,,1,30,,119469,23,,,1,70,,119470,23,,,1,30,,119471,23,,,1,70,,119472,23,,,1,30,,119473,23,,,1,70,,119474,23,,,1,30,,119475,23,,,1,70,,119476,23,,,1,30,,119477,23,,,1,70,,119478,23,,,1,30,,119479,23,,,1,70,,119480,23,,,1,30,,119481,23,,,1,70,,119482,23,,,1,30,,119483,23,,,1,70,,119484,23,,,1,30,,119485,23,,,1,70,,119486,23,,,1,30,,119487,23,,,1,70,,119488,23,,,1,30,,119489,23,,,1,70,,119490,23,,,1,30,,119491,23,,,1,70,,119492,23,,,1,30,,119493,23,,,1,70,,119494,23,,,1,100,,119495,23,,,1,100,,119496,23,,,1
10601,'106-Sunday-1-26-04-0000001',634,,119497,23,,,1,70,,119498,23,,,1,30,,119499,23,,,1,70,,119500,23,,,1,30,,119501,23,,,1,69,,119502,23,,,1,34,,119503,23,,,1,70,,119504,23,,,1,30,,119505,23,,,1,70,,119506,23,,,1,30,,119507,23,,,1,70,,119508,23,,,1,30,,119509,23,,,1,70,,119510,23,,,1,30,,119511,23,,,1,70,,119512,23,,,1,30,,119513,23,,,1,70,,119514,23,,,1,30,,119515,23,,,1,70,,119516,23,,,1,30,,119517,23,,,1,70,,119518,23,,,1,27,,119519,23,,,1,70,,119520,23,,,1,30,,119521,23,,,1,70,,119522,23,,,1,30,,119523,23,,,1,70,,119524,23,,,1,30,,119525,23,,,1,70,,119526,23,,,1,30,,119527,23,,,1,100,,119528,23,,,1,100,,119529,23,,,1,100,,119530,23,,,1
61301,'613-Weekday-1-26-04-0001000',1220,,131638,7,,,1,5,,131639,7,,,1,203,,131640,7,,,1,5,,131641,7,,,1
61301,'613-Weekday-1-26-04-1110100',1518,,131642,7,,,1,5,,131643,7,,,1,5,,131644,7,,,1,5,,131645,7,,,1
62400,'624-Weekday-1-26-04-0001000',1225,,131713,6,,,1
62400,'624-Weekday-1-26-04-1110100',1523,,131714,6,,,1
62500,'625-Weekday-1-26-04-0001000',1223,,131719,6,,,1
62500,'625-Weekday-1-26-04-1110100',1522,,131720,6,,,1
24015000,'150X-Weekday-1-26-04-1111100',1502,,148817,19,,,1,20,,148818,19,,,1,20,,148819,19,,,1,60,,148820,19,,,1,20,,148821,19,,,1,20,,148822,19,,,1,60,,148823,19,,,1,20,,148824,19,,,1,20,,148825,19,,,1,60,,148826,19,,,1
