50701,'507-Weekday-1-26-02-1111100',532,,46950,18,,,1,70,,46951,18,,,1,32,,46952,18,,,1,21,,46986,18,,,1,55,,46953,18,,,1,22,,46982,18,,,1,15,,46955,18,,,1,55,,46983,18,,,1,15,,46957,18,,,1,15,,46984,18,,,1,15,,46958,18,,,1,66,,46954,18,,,1,24,,46956,18,,,1,64,,46960,18,,,1,30,,46961,18,,,1,70,,46962,18,,,1,30,,46963,18,,,1,70,,46964,18,,,1,30,,46965,18,,,1,70,,46945,18,,,1,30,,46946,18,,,1,70,,46947,18,,,1,30,,46948,18,,,1,70,,46949,18,,,1,32,,46959,18,,,1,75,,46966,18,,,1,30,,46967,18,,,1,70,,46968,18,,,1,30,,46969,18,,,1,70,,46970,18,,,1,28,,46971,18,,,1,68,,46972,18,,,1,25,,46973,18,,,1,71,,46974,18,,,1,30,,46975,18,,,1,70,,46976,18,,,1,30,,46977,18,,,1,70,,46978,18,,,1,27,,46979,18,,,1,27,,46985,18,,,1,90,,46980,18,,,1,100,,46981,18,,,1
50701,'507-Weekday-10-26-02-1111100',532,,46992,18,,,1,70,,46993,18,,,1,32,,46994,18,,,1,21,,47028,18,,,1,55,,46995,18,,,1,22,,47024,18,,,1,15,,46997,18,,,1,55,,47025,18,,,1,15,,46999,18,,,1,15,,47026,18,,,1,15,,47000,18,,,1,66,,46996,18,,,1,24,,46998,18,,,1,64,,47002,18,,,1,30,,47003,18,,,1,70,,47004,18,,,1,30,,47005,18,,,1,70,,47006,18,,,1,30,,47007,18,,,1,70,,46987,18,,,1,30,,46988,18,,,1,70,,46989,18,,,1,30,,46990,18,,,1,70,,46991,18,,,1,32,,47001,18,,,1,75,,47008,18,,,1,30,,47009,18,,,1,70,,47010,18,,,1,30,,47011,18,,,1,70,,47012,18,,,1,28,,47013,18,,,1,68,,47014,18,,,1,25,,47015,18,,,1,71,,47016,18,,,1,30,,47017,18,,,1,70,,47018,18,,,1,30,,47019,18,,,1,70,,47020,18,,,1,27,,47021,18,,,1,27,,47027,18,,,1,90,,47022,18,,,1,100,,47023,18,,,1
50701,'507-Weekday-11-26-02-1111100',532,,114604,18,,,1,70,,114605,18,,,1,32,,114606,18,,,1,21,,114640,18,,,1,55,,114607,18,,,1,22,,114636,18,,,1,15,,114609,18,,,1,55,,114637,18,,,1,15,,114611,18,,,1,15,,114638,18,,,1,15,,114612,18,,,1,66,,114608,18,,,1,24,,114610,18,,,1,64,,114614,18,,,1,30,,114615,18,,,1,70,,114616,18,,,1,30,,114617,18,,,1,70,,114618,18,,,1,30,,114619,18,,,1,70,,114599,18,,,1,30,,114600,18,,,1,70,,114601,18,,,1,30,,114602,18,,,1,70,,114603,18,,,1,32,,114613,18,,,1,75,,114620,18,,,1,30,,114621,18,,,1,70,,114622,18,,,1,30,,114623,18,,,1,70,,114624,18,,,1,28,,114625,18,,,1,68,,114626,18,,,1,25,,114627,18,,,1,71,,114628,18,,,1,30,,114629,18,,,1,70,,114630,18,,,1,30,,114631,18,,,1,70,,114632,18,,,1,27,,114633,18,,,1,27,,114639,18,,,1,90,,114634,18,,,1,100,,114635,18,,,1
50701,'507-Saturday-1-26-02-0000010',539,,47324,18,,,1,100,,47326,18,,,1,100,,47327,18,,,1,70,,47325,18,,,1,30,,47328,18,,,1,71,,47329,18,,,1,33,,47330,18,,,1,72,,47331,18,,,1,30,,47332,18,,,1,70,,47333,18,,,1,30,,47334,18,,,1,70,,47335,18,,,1,30,,47336,18,,,1,70,,47337,18,,,1,30,,47338,18,,,1,70,,47339,18,,,1,30,,47340,18,,,1,70,,47341,18,,,1,30,,47342,18,,,1,70,,47343,18,,,1,30,,47344,18,,,1,68,,47345,18,,,1,28,,47346,18,,,1,69,,47347,18,,,1,30,,47348,18,,,1,70,,47349,18,,,1,100,,47350,18,,,1,100,,47351,18,,,1,100,,47352,18,,,1,100,,47353,18,,,1
50701,'507-Sunday-2-26-02-0000001',607,,114666,18,,,1,100,,114641,18,,,1,100,,114642,18,,,1,100,,114643,18,,,1,106,,114644,18,,,1,30,,114667,18,,,1,70,,114645,18,,,1,30,,114646,18,,,1,70,,114647,18,,,1,30,,114648,18,,,1,70,,114649,18,,,1,30,,114650,18,,,1,70,,114651,18,,,1,30,,114652,18,,,1,70,,114653,18,,,1,30,,114654,18,,,1,70,,114655,18,,,1,30,,114656,18,,,1,69,,114657,18,,,1,28,,114658,18,,,1,69,,114659,18,,,1,30,,114660,18,,,1,70,,114661,18,,,1,91,,114662,18,,,1,100,,114663,18,,,1,100,,114664,18,,,1,100,,114665,18,,,1
63000,'630-Weekday-1-26-02-1111100',747,,60913,29,,,1
63000,'630-Weekday-10-26-02-1111100',747,,116748,29,,,1
63000,'630-Weekday-9-26-02-1111100',747,,60919,29,,,1
63500,'635-Weekday-1-26-02-0000100',934,,61058,29,,,1
63500,'635-Weekday-1-26-02-1111000',804,,61059,29,,,1
63500,'635-Weekday-10-26-02-1111000',804,,116767,29,,,1
63500,'635-Weekday-9-26-02-1111000',804,,61065,29,,,1
