52100,'521-Weekday-1-26-02-1111100',554,,55770,14,,,1,70,,55806,14,,,1,18,,55816,14,,,1,16,,55771,14,,,1,52,,55774,14,,,1,12,,55772,14,,,1,10,,55815,14,,,1,2,,55773,14,,,1,12,,55775,14,,,1,12,,55776,14,,,1,52,,55777,14,,,1,12,,55778,14,,,1,12,,55779,14,,,1,12,,55780,14,,,1,54,,55807,14,,,1,26,,55808,14,,,1,30,,55791,14,,,1,70,,55781,14,,,1,30,,55782,14,,,1,70,,55783,14,,,1,30,,55784,14,,,1,70,,55785,14,,,1,30,,55786,14,,,1,70,,55787,14,,,1,30,,55788,14,,,1,70,,55789,14,,,1,30,,55790,14,,,1,76,,55809,14,,,1,15,,55792,14,,,1,55,,55793,14,,,1,15,,55794,14,,,1,15,,55795,14,,,1,15,,55796,14,,,1,55,,55797,14,,,1,15,,55798,14,,,1,15,,55799,14,,,1,15,,55800,14,,,1,55,,55801,14,,,1,18,,55802,14,,,1,15,,55810,14,,,1,23,,55804,14,,,1,71,,55805,14,,,1,30,,55803,14,,,1,70,,55811,14,,,1,30,,55812,14,,,1,70,,55813,14,,,1,30,,55814,14,,,1,69,,55817,14,,,1
52100,'521-Weekday-10-26-02-1111100',554,,55818,14,,,1,70,,55854,14,,,1,18,,55864,14,,,1,16,,55819,14,,,1,52,,55822,14,,,1,12,,55820,14,,,1,10,,55863,14,,,1,2,,55821,14,,,1,12,,55823,14,,,1,12,,55824,14,,,1,52,,55825,14,,,1,12,,55826,14,,,1,12,,55827,14,,,1,12,,55828,14,,,1,54,,55855,14,,,1,26,,55856,14,,,1,30,,55839,14,,,1,70,,55829,14,,,1,30,,55830,14,,,1,70,,55831,14,,,1,30,,55832,14,,,1,70,,55833,14,,,1,30,,55834,14,,,1,70,,55835,14,,,1,30,,55836,14,,,1,70,,55837,14,,,1,30,,55838,14,,,1,76,,55857,14,,,1,15,,55840,14,,,1,55,,55841,14,,,1,15,,55842,14,,,1,15,,55843,14,,,1,15,,55844,14,,,1,55,,55845,14,,,1,15,,55846,14,,,1,15,,55847,14,,,1,15,,55848,14,,,1,55,,55849,14,,,1,18,,55850,14,,,1,15,,55858,14,,,1,23,,55852,14,,,1,71,,55853,14,,,1,30,,55851,14,,,1,70,,55859,14,,,1,30,,55860,14,,,1,70,,55861,14,,,1,30,,55862,14,,,1,69,,55865,14,,,1
52100,'521-Weekday-4-26-02-1111100',554,,55914,14,,,1,70,,55950,14,,,1,18,,55959,14,,,1,16,,55915,14,,,1,52,,55918,14,,,1,12,,55916,14,,,1,12,,55917,14,,,1,12,,55919,14,,,1,12,,55920,14,,,1,52,,55921,14,,,1,12,,55922,14,,,1,12,,55923,14,,,1,12,,55924,14,,,1,54,,55951,14,,,1,26,,55952,14,,,1,30,,55935,14,,,1,70,,55925,14,,,1,30,,55926,14,,,1,70,,55927,14,,,1,30,,55928,14,,,1,70,,55929,14,,,1,30,,55930,14,,,1,70,,55931,14,,,1,30,,55932,14,,,1,70,,55933,14,,,1,30,,55934,14,,,1,76,,55953,14,,,1,15,,55936,14,,,1,55,,55937,14,,,1,15,,55938,14,,,1,15,,55939,14,,,1,15,,55940,14,,,1,55,,55941,14,,,1,15,,55942,14,,,1,15,,55943,14,,,1,15,,55944,14,,,1,55,,55945,14,,,1,18,,55946,14,,,1,15,,55954,14,,,1,23,,55948,14,,,1,71,,55949,14,,,1,30,,55947,14,,,1,70,,55955,14,,,1,30,,55956,14,,,1,70,,55957,14,,,1,30,,55958,14,,,1,69,,55960,14,,,1
52100,'521-Weekday-5-26-02-1111100',554,,55961,14,,,1,70,,55997,14,,,1,18,,56007,14,,,1,16,,55962,14,,,1,52,,55965,14,,,1,12,,55963,14,,,1,10,,56006,14,,,1,2,,55964,14,,,1,12,,55966,14,,,1,12,,55967,14,,,1,52,,55968,14,,,1,12,,55969,14,,,1,12,,55970,14,,,1,12,,55971,14,,,1,54,,55998,14,,,1,26,,55999,14,,,1,30,,55982,14,,,1,70,,55972,14,,,1,30,,55973,14,,,1,70,,55974,14,,,1,30,,55975,14,,,1,70,,55976,14,,,1,30,,55977,14,,,1,70,,55978,14,,,1,30,,55979,14,,,1,70,,55980,14,,,1,30,,55981,14,,,1,76,,56000,14,,,1,15,,55983,14,,,1,55,,55984,14,,,1,15,,55985,14,,,1,15,,55986,14,,,1,15,,55987,14,,,1,55,,55988,14,,,1,15,,55989,14,,,1,15,,55990,14,,,1,15,,55991,14,,,1,55,,55992,14,,,1,18,,55993,14,,,1,15,,56001,14,,,1,23,,55995,14,,,1,71,,55996,14,,,1,30,,55994,14,,,1,70,,56002,14,,,1,30,,56003,14,,,1,70,,56004,14,,,1,30,,56005,14,,,1,69,,56008,14,,,1
52100,'521-Weekday-7-26-02-1111100',554,,56057,14,,,1,70,,56093,14,,,1,18,,56102,14,,,1,16,,56058,14,,,1,52,,56061,14,,,1,12,,56059,14,,,1,12,,56060,14,,,1,12,,56062,14,,,1,12,,56063,14,,,1,52,,56064,14,,,1,12,,56065,14,,,1,12,,56066,14,,,1,12,,56067,14,,,1,54,,56094,14,,,1,26,,56095,14,,,1,30,,56078,14,,,1,70,,56068,14,,,1,30,,56069,14,,,1,70,,56070,14,,,1,30,,56071,14,,,1,70,,56072,14,,,1,30,,56073,14,,,1,70,,56074,14,,,1,30,,56075,14,,,1,70,,56076,14,,,1,30,,56077,14,,,1,76,,56096,14,,,1,15,,56079,14,,,1,55,,56080,14,,,1,15,,56081,14,,,1,15,,56082,14,,,1,15,,56083,14,,,1,55,,56084,14,,,1,15,,56085,14,,,1,15,,56086,14,,,1,15,,56087,14,,,1,55,,56088,14,,,1,18,,56089,14,,,1,15,,56097,14,,,1,23,,56091,14,,,1,71,,56092,14,,,1,30,,56090,14,,,1,70,,56098,14,,,1,30,,56099,14,,,1,70,,56100,14,,,1,30,,56101,14,,,1,69,,56103,14,,,1
52100,'521-Saturday-1-26-02-0000010',822,,56219,14,,,1,28,,56220,14,,,1,70,,56221,14,,,1,30,,56222,14,,,1,70,,56200,14,,,1,30,,56201,14,,,1,70,,56202,14,,,1,30,,56203,14,,,1,70,,56204,14,,,1,30,,56205,14,,,1,70,,56206,14,,,1,30,,56207,14,,,1,70,,56208,14,,,1,30,,56209,14,,,1,70,,56210,14,,,1,30,,56211,14,,,1,70,,56213,14,,,1,31,,56214,14,,,1,70,,56215,14,,,1,30,,56212,14,,,1,70,,56216,14,,,1,30,,56217,14,,,1,70,,56218,14,,,1
52100,'521-Sunday-1-26-02-0000001',1020,,56223,14,,,1,30,,56224,14,,,1,70,,56225,14,,,1,30,,56226,14,,,1,70,,56227,14,,,1,30,,56228,14,,,1,70,,56229,14,,,1,30,,56230,14,,,1,70,,56231,14,,,1,30,,56232,14,,,1,73,,56233,14,,,1,27,,56234,14,,,1,70,,56235,14,,,1,30,,56236,14,,,1,70,,56237,14,,,1,30,,56238,14,,,1,70,,56239,14,,,1,30,,56240,14,,,1,70,,56241,14,,,1
66400,'664-Weekday-1-26-02-0001000',1448,,61576,21,,,1,4,,61577,21,,,1
66400,'664-Weekday-1-26-02-1110100',1529,,61578,21,,,1,3,,61579,21,,,1
66400,'664-Weekday-5-26-02-0001000',1448,,61590,21,,,1,4,,61591,21,,,1
66400,'664-Weekday-5-26-02-1110100',1529,,61592,21,,,1,3,,61593,21,,,1
66400,'664-Weekday-9-26-02-0001000',1448,,61598,21,,,1,4,,61599,21,,,1
