63800,'638-Weekday-1-26-02-0000100',926,,112581,,,1
63800,'638-Weekday-1-26-02-1111000',814,,112582,,,1
63800,'638-Weekday-1-26-02-1111100',732,,112583,,,1
63800,'638-Weekday-2-26-02-0000100',926,,112584,,,1
63800,'638-Weekday-2-26-02-1111000',814,,112585,,,1
63800,'638-Weekday-2-26-02-1111100',732,,112586,,,1
63800,'638-Weekday-4-26-02-1111000',814,,112587,,,1
63800,'638-Weekday-5-26-02-0000100',926,,112588,,,1
63800,'638-Weekday-5-26-02-1111000',814,,112589,,,1
63800,'638-Weekday-5-26-02-1111100',732,,112590,,,1
63800,'638-Weekday-6-26-02-1111100',732,,112591,,,1
63800,'638-Weekday-8-26-02-1111100',732,,112592,,,1
