5201,'052-Weekday-1-26-06-1111100',612,,166998,49,,,1,30,,166957,49,,,1,75,,166958,49,,,1,25,,166959,49,,,1,62,,166960,49,,,1,20,,166961,49,,,1,20,,166962,49,,,1,63,,166963,49,,,1,23,,166964,49,,,1,70,,166965,49,,,1,30,,166966,49,,,1,70,,166967,49,,,1,30,,166968,49,,,1,70,,166969,49,,,1,30,,166970,49,,,1,70,,166971,49,,,1,30,,166972,49,,,1,70,,166973,49,,,1,30,,166974,49,,,1,70,,166975,49,,,1,24,,166976,49,,,1,15,,166977,49,,,1,18,,166978,49,,,1,55,,166979,49,,,1,14,,166980,49,,,1,15,,166981,49,,,1,15,,166982,49,,,1,55,,166983,49,,,1,15,,166984,49,,,1,14,,166985,49,,,1,63,,166986,49,,,1,28,,166987,49,,,1,23,,166988,49,,,1,69,,166989,49,,,1,30,,166990,49,,,1,70,,166991,49,,,1,30,,166992,49,,,1,70,,166993,49,,,1,30,,166994,49,,,1,69,,166995,49,,,1,99,,166996,49,,,1,100,,166997,49,,,1
5201,'052-Saturday-1-26-06-0000010',658,,166999,49,,,1,100,,167000,49,,,1,100,,167001,49,,,1,73,,167002,49,,,1,69,,167003,49,,,1,30,,167004,49,,,1,70,,167005,49,,,1,30,,167006,49,,,1,70,,167007,49,,,1,30,,167008,49,,,1,70,,167009,49,,,1,30,,167010,49,,,1,70,,167011,49,,,1,30,,167012,49,,,1,70,,167013,49,,,1,30,,167014,49,,,1,70,,167015,49,,,1,30,,167016,49,,,1,70,,167017,49,,,1,27,,167018,49,,,1,29,,167019,49,,,1,70,,167020,49,,,1,30,,167021,49,,,1,70,,167022,49,,,1,30,,167023,49,,,1,100,,167024,49,,,1,100,,167025,49,,,1,100,,167026,49,,,1,100,,167027,49,,,1
5201,'052-Sunday-1-26-06-0000001',756,,167051,49,,,1,100,,167028,49,,,1,103,,167029,49,,,1,100,,167030,49,,,1,70,,167031,49,,,1,30,,167032,49,,,1,70,,167033,49,,,1,30,,167034,49,,,1,70,,167035,49,,,1,30,,167036,49,,,1,70,,167037,49,,,1,30,,167038,49,,,1,70,,167039,49,,,1,30,,167040,49,,,1,70,,167041,49,,,1,74,,167042,49,,,1,31,,167043,49,,,1,70,,167044,49,,,1,30,,167045,49,,,1,70,,167046,49,,,1,30,,167050,49,,,1,70,,167047,49,,,1,100,,167048,49,,,1,100,,167049,49,,,1,100,,167052,49,,,1
90800,'908-Weekday-1-26-06-1111100',605,,183889,2,,,1,30,,183890,2,,,1,70,,183891,2,,,1,30,,183892,2,,,1,70,,183893,2,,,1,30,,183894,2,,,1,701,,183895,2,,,1,70,,183896,2,,,1,30,,183897,2,,,1,70,,183898,2,,,1,30,,183899,2,,,1,70,,183900,2,,,1
91201,'912-Weekday-1-26-06-1111100',556,,184163,2,,,1,70,,184162,2,,,1,30,,184164,2,,,1,70,,184165,2,,,1,30,,184166,2,,,1,74,,184167,2,,,1,70,,184168,2,,,1,30,,184169,2,,,1,70,,184170,2,,,1,30,,184171,2,,,1,70,,184172,2,,,1,30,,184173,2,,,1,70,,184174,2,,,1,30,,184175,2,,,1,70,,184176,2,,,1,30,,184177,2,,,1,70,,184178,2,,,1,30,,184179,2,,,1,29,,184180,2,,,1,70,,184181,2,,,1,30,,184182,2,,,1,70,,184183,2,,,1,30,,184184,2,,,1,70,,184185,2,,,1,30,,184186,2,,,1,70,,184187,2,,,1,72,,184188,2,,,1,30,,184189,2,,,1,70,,184190,2,,,1,30,,184191,2,,,1,70,,184192,2,,,1,30,,184193,2,,,1,70,,184194,2,,,1
91201,'912-Saturday-1-26-06-0000010',804,,184196,2,,,1,30,,184195,2,,,1,70,,184197,2,,,1,27,,184198,2,,,1,70,,184199,2,,,1,30,,184200,2,,,1,70,,184201,2,,,1,30,,184202,2,,,1,70,,184203,2,,,1,30,,184204,2,,,1,70,,184205,2,,,1,30,,184206,2,,,1,70,,184207,2,,,1,30,,184208,2,,,1,70,,184209,2,,,1,30,,184210,2,,,1,70,,184211,2,,,1,30,,184212,2,,,1,71,,184213,2,,,1,31,,184214,2,,,1,70,,184215,2,,,1,30,,184216,2,,,1,70,,184217,2,,,1
91201,'912-Sunday-1-26-06-0000001',1000,,184219,2,,,1,30,,184218,2,,,1,70,,184220,2,,,1,30,,184221,2,,,1,70,,184222,2,,,1,30,,184223,2,,,1,70,,184224,2,,,1,30,,184225,2,,,1,70,,184226,2,,,1,30,,184227,2,,,1,70,,184228,2,,,1,30,,184229,2,,,1,70,,184230,2,,,1,30,,184231,2,,,1,70,,184232,2,,,1,30,,184233,2,,,1,70,,184234,2,,,1,30,,184235,2,,,1,70,,184236,2,,,1
91401,'914-Weekday-1-26-06-1111100',535,,184457,2,,,1,70,,184458,2,,,1,31,,184494,2,,,1,20,,184459,2,,,1,60,,184485,2,,,1,20,,184460,2,,,1,20,,184461,2,,,1,60,,184486,2,,,1,20,,184475,2,,,1,64,,184483,2,,,1,30,,184463,2,,,1,70,,184464,2,,,1,30,,184465,2,,,1,70,,184466,2,,,1,30,,184467,2,,,1,70,,184468,2,,,1,30,,184469,2,,,1,70,,184470,2,,,1,30,,184471,2,,,1,70,,184472,2,,,1,30,,184473,2,,,1,70,,184474,2,,,1,30,,184495,2,,,1,20,,184476,2,,,1,60,,184477,2,,,1,20,,184487,2,,,1,20,,184478,2,,,1,60,,184479,2,,,1,20,,184493,2,,,1,71,,184482,2,,,1,30,,184480,2,,,1,70,,184481,2,,,1,30,,184489,2,,,1,70,,184490,2,,,1,30,,184491,2,,,1,70,,184492,2,,,1,30,,184488,2,,,1,69,,184484,2,,,1,100,,184462,2,,,1
91401,'914-Saturday-1-26-06-0000010',629,,184496,2,,,1,100,,184497,2,,,1,100,,184498,2,,,1,71,,184499,2,,,1,30,,184500,2,,,1,70,,184501,2,,,1,30,,184502,2,,,1,70,,184503,2,,,1,30,,184504,2,,,1,70,,184505,2,,,1,30,,184506,2,,,1,70,,184507,2,,,1,30,,184508,2,,,1,70,,184509,2,,,1,30,,184510,2,,,1,70,,184511,2,,,1,30,,184512,2,,,1,70,,184513,2,,,1,30,,184514,2,,,1,70,,184515,2,,,1,30,,184519,2,,,1,70,,184520,2,,,1,30,,184521,2,,,1,70,,184518,2,,,1,100,,184517,2,,,1,100,,184516,2,,,1,100,,184522,2,,,1
91401,'914-Sunday-1-26-06-0000001',632,,184525,2,,,1,100,,184526,2,,,1,97,,184523,2,,,1,101,,184524,2,,,1,100,,184527,2,,,1,70,,184528,2,,,1,30,,184529,2,,,1,70,,184530,2,,,1,30,,184531,2,,,1,70,,184532,2,,,1,30,,184533,2,,,1,70,,184534,2,,,1,30,,184535,2,,,1,70,,184536,2,,,1,30,,184537,2,,,1,70,,184538,2,,,1,30,,184539,2,,,1,70,,184540,2,,,1,30,,184541,2,,,1,29,,184542,2,,,1,70,,184543,2,,,1,30,,184544,2,,,1,100,,184545,2,,,1
91501,'915-Weekday-1-26-06-1111100',531,,184654,2,,,1,70,,184655,2,,,1,30,,184697,2,,,1,15,,184656,2,,,1,55,,184694,2,,,1,15,,184657,2,,,1,15,,184658,2,,,1,15,,184659,2,,,1,55,,184695,2,,,1,15,,184660,2,,,1,18,,184698,2,,,1,25,,184662,2,,,1,70,,184663,2,,,1,30,,184664,2,,,1,70,,184665,2,,,1,30,,184666,2,,,1,70,,184667,2,,,1,30,,184668,2,,,1,70,,184669,2,,,1,30,,184670,2,,,1,70,,184671,2,,,1,30,,184672,2,,,1,70,,184673,2,,,1,30,,184661,2,,,1,55,,184674,2,,,1,15,,184675,2,,,1,15,,184676,2,,,1,15,,184677,2,,,1,55,,184678,2,,,1,15,,184679,2,,,1,15,,184680,2,,,1,15,,184681,2,,,1,55,,184682,2,,,1,15,,184691,2,,,1,30,,184683,2,,,1,70,,184684,2,,,1,30,,184685,2,,,1,70,,184686,2,,,1,30,,184687,2,,,1,70,,184688,2,,,1,30,,184689,2,,,1,70,,184690,2,,,1,30,,184696,2,,,1,100,,184692,2,,,1,100,,184693,2,,,1
91501,'915-Saturday-1-26-06-0000010',606,,184699,2,,,1,100,,184700,2,,,1,100,,184701,2,,,1,30,,184702,2,,,1,71,,184703,2,,,1,33,,184704,2,,,1,70,,184705,2,,,1,30,,184706,2,,,1,70,,184707,2,,,1,30,,184708,2,,,1,70,,184709,2,,,1,30,,184710,2,,,1,70,,184711,2,,,1,30,,184712,2,,,1,70,,184713,2,,,1,30,,184714,2,,,1,70,,184715,2,,,1,30,,184716,2,,,1,70,,184717,2,,,1,30,,184718,2,,,1,70,,184719,2,,,1,29,,184720,2,,,1,70,,184721,2,,,1,30,,184722,2,,,1,70,,184723,2,,,1,30,,184724,2,,,1,70,,184725,2,,,1,30,,184726,2,,,1,70,,184727,2,,,1,30,,184728,2,,,1,70,,184729,2,,,1,100,,184730,2,,,1,100,,184731,2,,,1
91501,'915-Sunday-1-26-06-0000001',557,,184732,2,,,1,100,,184733,2,,,1,100,,184734,2,,,1,100,,184760,2,,,1,100,,184735,2,,,1,74,,184737,2,,,1,70,,184738,2,,,1,30,,184739,2,,,1,70,,184740,2,,,1,30,,184741,2,,,1,70,,184742,2,,,1,30,,184743,2,,,1,70,,184744,2,,,1,30,,184745,2,,,1,70,,184746,2,,,1,30,,184747,2,,,1,70,,184748,2,,,1,30,,184749,2,,,1,70,,184750,2,,,1,30,,184751,2,,,1,70,,184752,2,,,1,30,,184753,2,,,1,70,,184754,2,,,1,30,,184755,2,,,1,70,,184756,2,,,1,30,,184757,2,,,1,70,,184758,2,,,1,56,,184759,2,,,1,100,,184736,2,,,1,100,,184761,2,,,1
92101,'921-Weekday-1-26-06-1111100',517,,185640,2,,,1,30,,185641,2,,,1,70,,185642,2,,,1,24,,185643,2,,,1,60,,185644,2,,,1,20,,185645,2,,,1,20,,185646,2,,,1,60,,185647,2,,,1,20,,185648,2,,,1,24,,185649,2,,,1,70,,185650,2,,,1,30,,185651,2,,,1,70,,185652,2,,,1,30,,185653,2,,,1,70,,185654,2,,,1,30,,185655,2,,,1,70,,185656,2,,,1,30,,185657,2,,,1,70,,185658,2,,,1,30,,185659,2,,,1,70,,185660,2,,,1,30,,185661,2,,,1,72,,185677,2,,,1,20,,185663,2,,,1,20,,185664,2,,,1,60,,185665,2,,,1,20,,185666,2,,,1,20,,185667,2,,,1,60,,185668,2,,,1,20,,185669,2,,,1,20,,185670,2,,,1,70,,185671,2,,,1,30,,185672,2,,,1,70,,185673,2,,,1,30,,185674,2,,,1,70,,185675,2,,,1,30,,185676,2,,,1,70,,185662,2,,,1,30,,185678,2,,,1,100,,185679,2,,,1
92101,'921-Saturday-1-26-06-0000010',648,,185701,2,,,1,100,,185703,2,,,1,100,,185704,2,,,1,68,,185697,2,,,1,30,,185699,2,,,1,70,,185692,2,,,1,30,,185681,2,,,1,70,,185695,2,,,1,30,,185706,2,,,1,70,,185694,2,,,1,30,,185682,2,,,1,70,,185693,2,,,1,30,,185684,2,,,1,70,,185691,2,,,1,30,,185705,2,,,1,70,,185690,2,,,1,30,,185685,2,,,1,70,,185689,2,,,1,30,,185680,2,,,1,72,,185687,2,,,1,30,,185686,2,,,1,70,,185688,2,,,1,30,,185702,2,,,1,100,,185698,2,,,1,100,,185700,2,,,1,100,,185696,2,,,1,100,,185683,2,,,1
92101,'921-Sunday-1-26-06-0000001',845,,185711,2,,,1,100,,185719,2,,,1,100,,185708,2,,,1,70,,185712,2,,,1,30,,185726,2,,,1,70,,185724,2,,,1,30,,185723,2,,,1,70,,185715,2,,,1,30,,185718,2,,,1,70,,185721,2,,,1,30,,185717,2,,,1,70,,185714,2,,,1,30,,185707,2,,,1,70,,185713,2,,,1,30,,185720,2,,,1,70,,185725,2,,,1,30,,185729,2,,,1,70,,185710,2,,,1,30,,185728,2,,,1,100,,185722,2,,,1,100,,185716,2,,,1,100,,185727,2,,,1,100,,185709,2,,,1
92401,'924-Weekday-1-26-06-1111100',645,,186142,2,,,1,70,,186143,2,,,1,30,,186152,2,,,1,70,,186151,2,,,1,30,,186153,2,,,1,100,,186144,2,,,1,100,,186148,2,,,1,100,,186147,2,,,1,100,,186139,2,,,1,100,,186146,2,,,1,100,,186141,2,,,1,100,,186138,2,,,1,70,,186137,2,,,1,30,,186145,2,,,1,70,,186140,2,,,1,30,,186150,2,,,1,70,,186149,2,,,1
92401,'924-Saturday-1-26-06-0000010',815,,186154,2,,,1,100,,186155,2,,,1,100,,186156,2,,,1,100,,186157,2,,,1,100,,186158,2,,,1,100,,186159,2,,,1,100,,186160,2,,,1,100,,186161,2,,,1,100,,186162,2,,,1,100,,186163,2,,,1,100,,186164,2,,,1
92401,'924-Sunday-1-26-06-0000001',1015,,186165,2,,,1,100,,186166,2,,,1,100,,186167,2,,,1,100,,186168,2,,,1,100,,186169,2,,,1,100,,186170,2,,,1,100,,186171,2,,,1,100,,186172,2,,,1,100,,186173,2,,,1
92501,'925-Weekday-1-26-06-1111100',834,,186182,2,,,1,100,,186183,2,,,1,100,,186184,2,,,1,100,,186185,2,,,1,100,,186186,2,,,1,100,,186187,2,,,1,100,,186188,2,,,1,100,,186189,2,,,1
