11801,'118-Weekday-1-26-02-1111100',540,,39363,24,,,1,70,,39364,24,,,1,36,,39402,24,,,1,60,,39398,24,,,1,20,,39366,24,,,1,22,,39399,24,,,1,58,,39367,24,,,1,20,,39368,24,,,1,22,,39400,24,,,1,69,,39370,24,,,1,29,,39369,24,,,1,70,,39371,24,,,1,30,,39372,24,,,1,70,,39373,24,,,1,30,,39374,24,,,1,70,,39375,24,,,1,30,,39376,24,,,1,70,,39377,24,,,1,30,,39378,24,,,1,70,,39379,24,,,1,30,,39380,24,,,1,72,,39381,24,,,1,31,,39382,24,,,1,55,,39383,24,,,1,15,,39384,24,,,1,15,,39385,24,,,1,15,,39401,24,,,1,55,,39386,24,,,1,15,,39387,24,,,1,14,,39388,24,,,1,15,,39397,24,,,1,71,,39389,24,,,1,28,,39390,24,,,1,69,,39391,24,,,1,30,,39392,24,,,1,70,,39393,24,,,1,30,,39394,24,,,1,70,,39395,24,,,1,30,,39396,24,,,1,69,,39365,24,,,1
11801,'118-Weekday-10-26-02-1111100',540,,39403,24,,,1,70,,39404,24,,,1,36,,39442,24,,,1,60,,39438,24,,,1,20,,39406,24,,,1,22,,39439,24,,,1,58,,39407,24,,,1,20,,39408,24,,,1,22,,39440,24,,,1,69,,39410,24,,,1,29,,39409,24,,,1,70,,39411,24,,,1,30,,39412,24,,,1,70,,39413,24,,,1,30,,39414,24,,,1,70,,39415,24,,,1,30,,39416,24,,,1,70,,39417,24,,,1,30,,39418,24,,,1,70,,39419,24,,,1,30,,39420,24,,,1,72,,39421,24,,,1,31,,39422,24,,,1,55,,39423,24,,,1,15,,39424,24,,,1,15,,39425,24,,,1,15,,39441,24,,,1,55,,39426,24,,,1,15,,39427,24,,,1,14,,39428,24,,,1,15,,39437,24,,,1,71,,39429,24,,,1,28,,39430,24,,,1,69,,39431,24,,,1,30,,39432,24,,,1,70,,39433,24,,,1,30,,39434,24,,,1,70,,39435,24,,,1,30,,39436,24,,,1,69,,39405,24,,,1
11801,'118-Weekday-11-26-02-1111100',540,,113467,24,,,1,70,,113468,24,,,1,36,,113506,24,,,1,60,,113502,24,,,1,20,,113470,24,,,1,22,,113503,24,,,1,58,,113471,24,,,1,20,,113472,24,,,1,22,,113504,24,,,1,69,,113474,24,,,1,29,,113473,24,,,1,70,,113475,24,,,1,30,,113476,24,,,1,70,,113477,24,,,1,30,,113478,24,,,1,70,,113479,24,,,1,30,,113480,24,,,1,70,,113481,24,,,1,30,,113482,24,,,1,70,,113483,24,,,1,30,,113484,24,,,1,72,,113485,24,,,1,31,,113486,24,,,1,55,,113487,24,,,1,15,,113488,24,,,1,15,,113489,24,,,1,15,,113505,24,,,1,55,,113490,24,,,1,15,,113491,24,,,1,14,,113492,24,,,1,15,,113501,24,,,1,71,,113493,24,,,1,28,,113494,24,,,1,69,,113495,24,,,1,30,,113496,24,,,1,70,,113497,24,,,1,30,,113498,24,,,1,70,,113499,24,,,1,30,,113500,24,,,1,69,,113469,24,,,1
11801,'118-Saturday-1-26-02-0000010',701,,39723,24,,,1,100,,39724,24,,,1,45,,39725,24,,,1,78,,39726,24,,,1,29,,39727,24,,,1,70,,39728,24,,,1,30,,39729,24,,,1,70,,39730,24,,,1,30,,39731,24,,,1,70,,39732,24,,,1,30,,39733,24,,,1,70,,39734,24,,,1,30,,39735,24,,,1,70,,39736,24,,,1,30,,39737,24,,,1,70,,39738,24,,,1,30,,39739,24,,,1,70,,39740,24,,,1,30,,39741,24,,,1,69,,39742,24,,,1,30,,39743,24,,,1,70,,39744,24,,,1,30,,39745,24,,,1,70,,39746,24,,,1,30,,39747,24,,,1
11801,'118-Sunday-2-26-02-0000001',617,,113528,24,,,1,100,,113507,24,,,1,100,,113508,24,,,1,98,,113509,24,,,1,85,,113510,24,,,1,30,,113511,24,,,1,70,,113512,24,,,1,30,,113513,24,,,1,70,,113514,24,,,1,30,,113515,24,,,1,70,,113516,24,,,1,30,,113517,24,,,1,70,,113518,24,,,1,30,,113519,24,,,1,70,,113520,24,,,1,30,,113521,24,,,1,70,,113522,24,,,1,30,,113523,24,,,1,29,,113524,24,,,1,69,,113525,24,,,1,30,,113526,24,,,1,70,,113527,24,,,1
61201,'612-Weekday-1-26-02-1111100',732,,60432,23,,,1
61201,'612-Weekday-10-26-02-1111100',732,,116673,23,,,1
61201,'612-Weekday-9-26-02-1111100',732,,60437,23,,,1
62001,'620-Weekday-1-26-02-1111100',753,,60603,23,,,1,76,,60604,23,,,1,5,,60605,23,,,1
62001,'620-Weekday-10-26-02-1111100',753,,116698,23,,,1,76,,116699,23,,,1,5,,116700,23,,,1
62001,'620-Weekday-9-26-02-1111100',753,,60616,23,,,1,76,,60617,23,,,1,5,,60618,23,,,1
