10901,'109-Weekday-1-26-02-1111100',532,,33535,20,0,18 14,1,70,,33536,20,0,18 14,1,32,,33537,20,0,18 14,1,24,,33538,20,0,18 14,1,55,,33539,20,0,18 14,1,15,,33575,20,0,18 14,1,15,,33540,20,0,18 14,1,15,,33541,20,0,18 14,1,55,,33542,20,0,18 14,1,15,,33576,20,0,18 14,1,15,,33543,20,0,18 14,1,62,,33544,20,0,18 14,1,29,,33545,20,0,18 14,1,70,,33546,20,0,18 14,1,30,,33547,20,0,18 14,1,70,,33548,20,0,18 14,1,30,,33549,20,0,18 14,1,70,,33550,20,0,18 14,1,30,,33551,20,0,18 14,1,70,,33552,20,0,18 14,1,30,,33553,20,0,18 14,1,70,,33554,20,0,18 14,1,30,,33555,20,0,18 14,1,71,,33556,20,0,18 14,1,25,,33557,20,0,18 14,1,15,,33558,20,0,18 14,1,55,,33577,20,0,18 14,1,15,,33559,20,0,18 14,1,15,,33560,20,0,18 14,1,15,,33561,20,0,18 14,1,55,,33562,20,0,18 14,1,15,,33578,20,0,18 14,1,22,,33563,20,0,18 14,1,70,,33564,20,0,18 14,1,29,,33565,20,0,18 14,1,68,,33566,20,0,18 14,1,30,,33567,20,0,18 14,1,70,,33568,20,0,18 14,1,30,,33569,20,0,18 14,1,70,,33570,20,0,18 14,1,30,,33571,20,0,18 14,1,69,,33572,20,0,18 14,1,99,,33573,20,0,18 14,1,100,,33574,20,0,18 14,1
10901,'109-Weekday-10-26-02-1111100',532,,33579,20,0,18 14,1,70,,33580,20,0,18 14,1,32,,33581,20,0,18 14,1,24,,33582,20,0,18 14,1,55,,33583,20,0,18 14,1,15,,33619,20,0,18 14,1,15,,33584,20,0,18 14,1,15,,33585,20,0,18 14,1,55,,33586,20,0,18 14,1,15,,33620,20,0,18 14,1,15,,33587,20,0,18 14,1,62,,33588,20,0,18 14,1,29,,33589,20,0,18 14,1,70,,33590,20,0,18 14,1,30,,33591,20,0,18 14,1,70,,33592,20,0,18 14,1,30,,33593,20,0,18 14,1,70,,33594,20,0,18 14,1,30,,33595,20,0,18 14,1,70,,33596,20,0,18 14,1,30,,33597,20,0,18 14,1,70,,33598,20,0,18 14,1,30,,33599,20,0,18 14,1,71,,33600,20,0,18 14,1,25,,33601,20,0,18 14,1,15,,33602,20,0,18 14,1,55,,33621,20,0,18 14,1,15,,33603,20,0,18 14,1,15,,33604,20,0,18 14,1,15,,33605,20,0,18 14,1,55,,33606,20,0,18 14,1,15,,33622,20,0,18 14,1,22,,33607,20,0,18 14,1,70,,33608,20,0,18 14,1,29,,33609,20,0,18 14,1,68,,33610,20,0,18 14,1,30,,33611,20,0,18 14,1,70,,33612,20,0,18 14,1,30,,33613,20,0,18 14,1,70,,33614,20,0,18 14,1,30,,33615,20,0,18 14,1,69,,33616,20,0,18 14,1,99,,33617,20,0,18 14,1,100,,33618,20,0,18 14,1
10901,'109-Saturday-1-26-02-0000010',825,,33931,20,0,18 14,1,30,,33932,20,0,18 14,1,70,,33933,20,0,18 14,1,30,,33934,20,0,18 14,1,70,,33935,20,0,18 14,1,30,,33936,20,0,18 14,1,70,,33937,20,0,18 14,1,30,,33938,20,0,18 14,1,70,,33939,20,0,18 14,1,30,,33940,20,0,18 14,1,70,,33941,20,0,18 14,1,30,,33942,20,0,18 14,1,70,,33943,20,0,18 14,1,30,,33944,20,0,18 14,1,70,,33945,20,0,18 14,1,30,,33946,20,0,18 14,1,70,,33947,20,0,18 14,1,30,,33948,20,0,18 14,1,70,,33949,20,0,18 14,1,30,,33950,20,0,18 14,1,70,,33951,20,0,18 14,1,30,,33952,20,0,18 14,1,70,,33953,20,0,18 14,1,30,,33954,20,0,18 14,1,70,,33955,20,0,18 14,1,30,,33956,20,0,18 14,1,70,,33957,20,0,18 14,1,30,,33958,20,0,18 14,1
61301,'613-Weekday-1-26-02-1110100',1538,,60464,25,,,1,5,,60465,25,,,1,8,,60466,25,,,1,5,,60467,25,,,1
61301,'613-Weekday-9-26-02-0001000',1240,,60490,25,,,1,5,,60491,25,,,1,206,,60492,25,,,1,5,,60493,25,,,1
61801,'618-Weekday-1-26-02-1111100',802,,60578,15,,,1
61801,'618-Weekday-9-26-02-1111100',802,,60583,15,,,1
68301,'683-Weekday-1-26-02-1111100',740,,62016,9,,,1,5,,62017,9,,,1,5,,62018,9,,,1
68301,'683-Weekday-9-26-02-1111100',740,,62032,9,,,1,5,,62033,9,,,1,5,,62034,9,,,1
24015000,'150X-Weekday-1-26-02-1111100',1524,,103048,37,,,1,20,,103049,37,,,1,60,,103050,37,,,1,20,,103051,37,,,1,20,,103052,37,,,1,60,,103053,37,,,1,20,,103054,37,,,1,20,,103055,37,,,1,60,,103056,37,,,1,20,,103057,37,,,1
24015000,'150X-Weekday-10-26-02-1111100',1524,,103058,37,,,1,20,,103059,37,,,1,60,,103060,37,,,1,20,,103061,37,,,1,20,,103062,37,,,1,60,,103063,37,,,1,20,,103064,37,,,1,20,,103065,37,,,1,60,,103066,37,,,1,20,,103067,37,,,1
