71200,'712-Weekday-1-26-02-1111100',557,,121742,,,1,70,,121743,,,1,20,,121744,,,1,60,,121745,,,1,20,,121746,,,1,9,,121778,,,1,11,,121747,,,1,60,,121748,,,1,20,,121749,,,1,30,,121750,,,1,70,,121751,,,1,30,,121752,,,1,70,,121741,,,1,30,,121753,,,1,70,,121754,,,1,30,,121755,,,1,70,,121756,,,1,30,,121757,,,1,70,,121758,,,1,30,,121759,,,1,70,,121760,,,1,30,,121761,,,1,60,,121762,,,1,20,,121763,,,1,20,,121764,,,1,60,,121765,,,1,20,,121766,,,1,20,,121767,,,1,60,,121768,,,1,20,,121769,,,1,70,,121770,,,1,30,,121771,,,1,70,,121772,,,1,30,,121773,,,1,70,,121774,,,1,30,,121775,,,1,70,,121776,,,1,30,,121777,,,1
71200,'712-Weekday-2-26-02-1111100',557,,121780,,,1,70,,121781,,,1,20,,121782,,,1,60,,121783,,,1,20,,121784,,,1,9,,121816,,,1,11,,121785,,,1,60,,121786,,,1,20,,121787,,,1,30,,121788,,,1,70,,121789,,,1,30,,121790,,,1,70,,121779,,,1,30,,121791,,,1,70,,121792,,,1,30,,121793,,,1,70,,121794,,,1,30,,121795,,,1,70,,121796,,,1,30,,121797,,,1,70,,121798,,,1,30,,121799,,,1,60,,121800,,,1,20,,121801,,,1,20,,121802,,,1,60,,121803,,,1,20,,121804,,,1,20,,121805,,,1,60,,121806,,,1,20,,121807,,,1,70,,121808,,,1,30,,121809,,,1,70,,121810,,,1,30,,121811,,,1,70,,121812,,,1,30,,121813,,,1,70,,121814,,,1,30,,121815,,,1
71200,'712-Weekday-4-26-02-1111100',557,,121818,,,1,70,,121819,,,1,20,,121820,,,1,60,,121821,,,1,20,,121822,,,1,20,,121823,,,1,60,,121824,,,1,20,,121825,,,1,30,,121826,,,1,70,,121827,,,1,30,,121828,,,1,70,,121817,,,1,30,,121829,,,1,70,,121830,,,1,30,,121831,,,1,70,,121832,,,1,30,,121833,,,1,70,,121834,,,1,30,,121835,,,1,70,,121836,,,1,30,,121837,,,1,60,,121838,,,1,20,,121839,,,1,20,,121840,,,1,60,,121841,,,1,20,,121842,,,1,20,,121843,,,1,60,,121844,,,1,20,,121845,,,1,70,,121846,,,1,30,,121847,,,1,70,,121848,,,1,30,,121849,,,1,70,,121850,,,1,30,,121851,,,1,70,,121852,,,1,30,,121853,,,1
71200,'712-Weekday-5-26-02-1111100',557,,121855,,,1,70,,121856,,,1,20,,121857,,,1,60,,121858,,,1,20,,121859,,,1,9,,121891,,,1,11,,121860,,,1,60,,121861,,,1,20,,121862,,,1,30,,121863,,,1,70,,121864,,,1,30,,121865,,,1,70,,121854,,,1,30,,121866,,,1,70,,121867,,,1,30,,121868,,,1,70,,121869,,,1,30,,121870,,,1,70,,121871,,,1,30,,121872,,,1,70,,121873,,,1,30,,121874,,,1,60,,121875,,,1,20,,121876,,,1,20,,121877,,,1,60,,121878,,,1,20,,121879,,,1,20,,121880,,,1,60,,121881,,,1,20,,121882,,,1,70,,121883,,,1,30,,121884,,,1,70,,121885,,,1,30,,121886,,,1,70,,121887,,,1,30,,121888,,,1,70,,121889,,,1,30,,121890,,,1
71200,'712-Weekday-6-26-02-1111100',557,,121893,,,1,70,,121894,,,1,20,,121895,,,1,60,,121896,,,1,20,,121897,,,1,9,,121929,,,1,11,,121898,,,1,60,,121899,,,1,20,,121900,,,1,30,,121901,,,1,70,,121902,,,1,30,,121903,,,1,70,,121892,,,1,30,,121904,,,1,70,,121905,,,1,30,,121906,,,1,70,,121907,,,1,30,,121908,,,1,70,,121909,,,1,30,,121910,,,1,70,,121911,,,1,30,,121912,,,1,60,,121913,,,1,20,,121914,,,1,20,,121915,,,1,60,,121916,,,1,20,,121917,,,1,20,,121918,,,1,60,,121919,,,1,20,,121920,,,1,70,,121921,,,1,30,,121922,,,1,70,,121923,,,1,30,,121924,,,1,70,,121925,,,1,30,,121926,,,1,70,,121927,,,1,30,,121928,,,1
71200,'712-Weekday-7-26-02-1111100',557,,121931,,,1,70,,121932,,,1,20,,121933,,,1,60,,121934,,,1,20,,121935,,,1,20,,121936,,,1,60,,121937,,,1,20,,121938,,,1,30,,121939,,,1,70,,121940,,,1,30,,121941,,,1,70,,121930,,,1,30,,121942,,,1,70,,121943,,,1,30,,121944,,,1,70,,121945,,,1,30,,121946,,,1,70,,121947,,,1,30,,121948,,,1,70,,121949,,,1,30,,121950,,,1,60,,121951,,,1,20,,121952,,,1,20,,121953,,,1,60,,121954,,,1,20,,121955,,,1,20,,121956,,,1,60,,121957,,,1,20,,121958,,,1,70,,121959,,,1,30,,121960,,,1,70,,121961,,,1,30,,121962,,,1,70,,121963,,,1,30,,121964,,,1,70,,121965,,,1,30,,121966,,,1
71200,'712-Weekday-8-26-02-1111100',557,,121968,,,1,70,,121969,,,1,20,,121970,,,1,60,,121971,,,1,20,,121972,,,1,9,,122004,,,1,11,,121973,,,1,60,,121974,,,1,20,,121975,,,1,30,,121976,,,1,70,,121977,,,1,30,,121978,,,1,70,,121967,,,1,30,,121979,,,1,70,,121980,,,1,30,,121981,,,1,70,,121982,,,1,30,,121983,,,1,70,,121984,,,1,30,,121985,,,1,70,,121986,,,1,30,,121987,,,1,60,,121988,,,1,20,,121989,,,1,20,,121990,,,1,60,,121991,,,1,20,,121992,,,1,20,,121993,,,1,60,,121994,,,1,20,,121995,,,1,70,,121996,,,1,30,,121997,,,1,70,,121998,,,1,30,,121999,,,1,70,,122000,,,1,30,,122001,,,1,70,,122002,,,1,30,,122003,,,1
71200,'712-Weekday-9-26-02-1111100',557,,122006,,,1,70,,122007,,,1,20,,122008,,,1,60,,122009,,,1,20,,122010,,,1,20,,122011,,,1,60,,122012,,,1,20,,122013,,,1,30,,122014,,,1,70,,122015,,,1,30,,122016,,,1,70,,122005,,,1,30,,122017,,,1,70,,122018,,,1,30,,122019,,,1,70,,122020,,,1,30,,122021,,,1,70,,122022,,,1,30,,122023,,,1,70,,122024,,,1,30,,122025,,,1,60,,122026,,,1,20,,122027,,,1,20,,122028,,,1,60,,122029,,,1,20,,122030,,,1,20,,122031,,,1,60,,122032,,,1,20,,122033,,,1,70,,122034,,,1,30,,122035,,,1,70,,122036,,,1,30,,122037,,,1,70,,122038,,,1,30,,122039,,,1,70,,122040,,,1,30,,122041,,,1
71200,'712-Saturday-1-26-02-0000010',813,,122042,,,1,30,,122043,,,1,70,,122044,,,1,30,,122045,,,1,70,,122046,,,1,30,,122047,,,1,70,,122048,,,1,30,,122049,,,1,70,,122050,,,1,30,,122051,,,1,70,,122052,,,1,30,,122053,,,1,70,,122054,,,1,30,,122055,,,1,70,,122056,,,1,30,,122057,,,1,70,,122058,,,1,30,,122059,,,1,70,,122060,,,1,30,,122061,,,1,70,,122062,,,1,30,,122063,,,1,70,,122064,,,1
71200,'712-Sunday-1-26-02-0000001',902,,122065,,,1,30,,122066,,,1,70,,122067,,,1,30,,122068,,,1,70,,122069,,,1,30,,122070,,,1,70,,122071,,,1,30,,122072,,,1,70,,122073,,,1,30,,122074,,,1,70,,122075,,,1,30,,122076,,,1,70,,122077,,,1,30,,122078,,,1,70,,122079,,,1,30,,122080,,,1,70,,122081,,,1,30,,122082,,,1,70,,122083,,,1,30,,122084,,,1
