5201,'052-Weekday-1-26-02-1111100',557,,20660,29,,,1,70,,20618,29,,,1,74,,20619,29,,,1,22,,20620,29,,,1,17,,20621,29,,,1,15,,20622,29,,,1,55,,20623,29,,,1,15,,20617,29,,,1,14,,20661,29,0,17,1,14,,20624,29,,,1,59,,20625,29,,,1,30,,20626,29,,,1,70,,20627,29,,,1,30,,20628,29,,,1,70,,20629,29,,,1,30,,20630,29,,,1,70,,20631,29,,,1,30,,20632,29,,,1,70,,20633,29,,,1,30,,20634,29,,,1,70,,20635,29,,,1,30,,20636,29,,,1,61,,20637,29,,,1,15,,20638,29,,,1,18,,20639,29,,,1,15,,20640,29,,,1,54,,20641,29,,,1,15,,20642,29,,,1,15,,20643,29,,,1,15,,20644,29,,,1,55,,20645,29,,,1,15,,20646,29,,,1,24,,20647,29,,,1,68,,20648,29,,,1,27,,20649,29,,,1,69,,20650,29,,,1,30,,20651,29,,,1,70,,20652,29,,,1,30,,20653,29,,,1,70,,20654,29,,,1,30,,20655,29,,,1,70,,20656,29,,,1,99,,20657,29,,,1,100,,20658,29,,,1
5201,'052-Weekday-10-26-02-1111100',557,,20706,29,,,1,70,,20664,29,,,1,74,,20665,29,,,1,22,,20666,29,,,1,17,,20667,29,,,1,15,,20668,29,,,1,55,,20669,29,,,1,15,,20663,29,,,1,14,,20707,29,0,17,1,14,,20670,29,,,1,59,,20671,29,,,1,30,,20672,29,,,1,70,,20673,29,,,1,30,,20674,29,,,1,70,,20675,29,,,1,30,,20676,29,,,1,70,,20677,29,,,1,30,,20678,29,,,1,70,,20679,29,,,1,30,,20680,29,,,1,70,,20681,29,,,1,30,,20682,29,,,1,61,,20683,29,,,1,15,,20684,29,,,1,18,,20685,29,,,1,15,,20686,29,,,1,54,,20687,29,,,1,15,,20688,29,,,1,15,,20689,29,,,1,15,,20690,29,,,1,55,,20691,29,,,1,15,,20692,29,,,1,24,,20693,29,,,1,68,,20694,29,,,1,27,,20695,29,,,1,69,,20696,29,,,1,30,,20697,29,,,1,70,,20698,29,,,1,30,,20699,29,,,1,70,,20700,29,,,1,30,,20701,29,,,1,70,,20702,29,,,1,99,,20703,29,,,1,100,,20704,29,,,1
5201,'052-Weekday-4-26-02-1111100',557,,20798,29,,,1,70,,20756,29,,,1,74,,20757,29,,,1,22,,20758,29,,,1,17,,20759,29,,,1,15,,20760,29,,,1,55,,20761,29,,,1,15,,20755,29,,,1,14,,20797,29,,,1,14,,20762,29,,,1,59,,20763,29,,,1,30,,20764,29,,,1,70,,20765,29,,,1,30,,20766,29,,,1,70,,20767,29,,,1,30,,20768,29,,,1,70,,20769,29,,,1,30,,20770,29,,,1,70,,20771,29,,,1,30,,20772,29,,,1,70,,20773,29,,,1,30,,20774,29,,,1,61,,20775,29,,,1,15,,20776,29,,,1,18,,20777,29,,,1,15,,20778,29,,,1,54,,20779,29,,,1,15,,20780,29,,,1,15,,20781,29,,,1,15,,20782,29,,,1,55,,20783,29,,,1,15,,20784,29,,,1,24,,20785,29,,,1,68,,20786,29,,,1,27,,20787,29,,,1,69,,20788,29,,,1,30,,20789,29,,,1,70,,20790,29,,,1,30,,20791,29,,,1,70,,20792,29,,,1,30,,20793,29,,,1,70,,20794,29,,,1,99,,20795,29,,,1,100,,20796,29,,,1
5201,'052-Weekday-5-26-02-1111100',557,,20842,29,,,1,70,,20800,29,,,1,74,,20801,29,,,1,22,,20802,29,,,1,17,,20803,29,,,1,15,,20804,29,,,1,55,,20805,29,,,1,15,,20799,29,,,1,14,,20843,29,0,17,1,14,,20806,29,,,1,59,,20807,29,,,1,30,,20808,29,,,1,70,,20809,29,,,1,30,,20810,29,,,1,70,,20811,29,,,1,30,,20812,29,,,1,70,,20813,29,,,1,30,,20814,29,,,1,70,,20815,29,,,1,30,,20816,29,,,1,70,,20817,29,,,1,30,,20818,29,,,1,61,,20819,29,,,1,15,,20820,29,,,1,18,,20821,29,,,1,15,,20822,29,,,1,54,,20823,29,,,1,15,,20824,29,,,1,15,,20825,29,,,1,15,,20826,29,,,1,55,,20827,29,,,1,15,,20828,29,,,1,24,,20829,29,,,1,68,,20830,29,,,1,27,,20831,29,,,1,69,,20832,29,,,1,30,,20833,29,,,1,70,,20834,29,,,1,30,,20835,29,,,1,70,,20836,29,,,1,30,,20837,29,,,1,70,,20838,29,,,1,99,,20839,29,,,1,100,,20840,29,,,1
5201,'052-Weekday-7-26-02-1111100',557,,20932,29,,,1,70,,20890,29,,,1,74,,20891,29,,,1,22,,20892,29,,,1,17,,20893,29,,,1,15,,20894,29,,,1,55,,20895,29,,,1,15,,20889,29,,,1,14,,20931,29,,,1,14,,20896,29,,,1,59,,20897,29,,,1,30,,20898,29,,,1,70,,20899,29,,,1,30,,20900,29,,,1,70,,20901,29,,,1,30,,20902,29,,,1,70,,20903,29,,,1,30,,20904,29,,,1,70,,20905,29,,,1,30,,20906,29,,,1,70,,20907,29,,,1,30,,20908,29,,,1,61,,20909,29,,,1,15,,20910,29,,,1,18,,20911,29,,,1,15,,20912,29,,,1,54,,20913,29,,,1,15,,20914,29,,,1,15,,20915,29,,,1,15,,20916,29,,,1,55,,20917,29,,,1,15,,20918,29,,,1,24,,20919,29,,,1,68,,20920,29,,,1,27,,20921,29,,,1,69,,20922,29,,,1,30,,20923,29,,,1,70,,20924,29,,,1,30,,20925,29,,,1,70,,20926,29,,,1,30,,20927,29,,,1,70,,20928,29,,,1,99,,20929,29,,,1,100,,20930,29,,,1
5201,'052-Saturday-1-26-02-0000010',642,,21023,29,,,1,100,,21024,29,,,1,100,,21025,29,,,1,72,,21026,29,,,1,29,,21027,29,,,1,70,,21028,29,,,1,30,,21029,29,,,1,70,,21030,29,,,1,30,,21031,29,,,1,70,,21032,29,,,1,30,,21033,29,,,1,70,,21034,29,,,1,30,,21035,29,,,1,70,,21036,29,,,1,30,,21037,29,,,1,70,,21038,29,,,1,30,,21039,29,,,1,70,,21040,29,,,1,30,,21041,29,,,1,69,,21042,29,,,1,29,,21043,29,,,1,70,,21044,29,,,1,30,,21045,29,,,1,70,,21046,29,,,1,30,,21047,29,,,1,100,,21048,29,,,1,100,,21049,29,,,1,100,,21050,29,,,1,100,,21051,29,,,1
5201,'052-Sunday-1-26-02-0000001',740,,21075,29,,,1,100,,21052,29,,,1,102,,21053,29,,,1,100,,21054,29,,,1,70,,21055,29,,,1,30,,21056,29,,,1,70,,21057,29,,,1,30,,21058,29,,,1,70,,21059,29,,,1,30,,21060,29,,,1,70,,21061,29,,,1,30,,21062,29,,,1,70,,21063,29,,,1,30,,21064,29,,,1,70,,21065,29,,,1,34,,21066,29,,,1,72,,21067,29,,,1,30,,21068,29,,,1,70,,21069,29,,,1,30,,21070,29,,,1,70,,21074,29,,,1,30,,21071,29,,,1,100,,21072,29,,,1,100,,21073,29,,,1,100,,21076,29,,,1
68401,'684-Weekday-1-26-02-1111100',824,,62073,55,,,1,5,,62074,31,,,1,5,,62075,31,,,1
68401,'684-Weekday-5-26-02-1111100',824,,62082,55,,,1,5,,62083,31,,,1,5,,62084,31,,,1
68401,'684-Weekday-9-26-02-1111100',824,,62091,55,,,1,5,,62092,31,,,1,5,,62093,31,,,1
