12700,'127-Weekday-1-26-02-1111100',849,,43296,28,,,1,100,,43297,28,,,1,100,,43298,28,,,1,100,,43299,28,,,1,100,,43300,28,,,1,100,,43301,28,,,1,100,,43302,28,,,1,100,,43303,28,,,1,100,,43304,28,,,1
12700,'127-Weekday-10-26-02-1111100',849,,43305,28,,,1,100,,43306,28,,,1,100,,43307,28,,,1,100,,43308,28,,,1,100,,43309,28,,,1,100,,43310,28,,,1,100,,43311,28,,,1,100,,43312,28,,,1,100,,43313,28,,,1
12700,'127-Weekday-4-26-02-1111100',849,,43323,28,,,1,100,,43324,28,,,1,100,,43325,28,,,1,100,,43326,28,,,1,100,,43327,28,,,1,100,,43328,28,,,1,100,,43329,28,,,1,100,,43330,28,,,1,100,,43331,28,,,1
12700,'127-Weekday-5-26-02-1111100',849,,43332,28,,,1,100,,43333,28,,,1,100,,43334,28,,,1,100,,43335,28,,,1,100,,43336,28,,,1,100,,43337,28,,,1,100,,43338,28,,,1,100,,43339,28,,,1,100,,43340,28,,,1
12700,'127-Weekday-7-26-02-1111100',849,,43350,28,,,1,100,,43351,28,,,1,100,,43352,28,,,1,100,,43353,28,,,1,100,,43354,28,,,1,100,,43355,28,,,1,100,,43356,28,,,1,100,,43357,28,,,1,100,,43358,28,,,1
12700,'127-Saturday-1-26-02-0000010',848,,43377,28,,,1,100,,43378,28,,,1,100,,43379,28,,,1,100,,43380,28,,,1,100,,43381,28,,,1,100,,43382,28,,,1,100,,43383,28,,,1,100,,43384,28,,,1,100,,43385,28,,,1
12701,'127-Weekday-1-26-02-1111100',816,,43403,11,,,1,100,,43396,11,,,1,100,,43397,11,,,1,100,,43398,11,,,1,100,,43399,11,,,1,100,,43400,11,,,1,100,,43401,11,,,1,100,,43402,11,,,1,100,,43404,11,,,1,100,,43405,11,,,1
12701,'127-Weekday-10-26-02-1111100',816,,43413,11,,,1,100,,43406,11,,,1,100,,43407,11,,,1,100,,43408,11,,,1,100,,43409,11,,,1,100,,43410,11,,,1,100,,43411,11,,,1,100,,43412,11,,,1,100,,43414,11,,,1,100,,43415,11,,,1
12701,'127-Weekday-4-26-02-1111100',816,,43433,11,,,1,100,,43426,11,,,1,100,,43427,11,,,1,100,,43428,11,,,1,100,,43429,11,,,1,100,,43430,11,,,1,100,,43431,11,,,1,100,,43432,11,,,1,100,,43434,11,,,1,100,,43435,11,,,1
12701,'127-Weekday-5-26-02-1111100',816,,43443,11,,,1,100,,43436,11,,,1,100,,43437,11,,,1,100,,43438,11,,,1,100,,43439,11,,,1,100,,43440,11,,,1,100,,43441,11,,,1,100,,43442,11,,,1,100,,43444,11,,,1,100,,43445,11,,,1
12701,'127-Weekday-7-26-02-1111100',816,,43463,11,,,1,100,,43456,11,,,1,100,,43457,11,,,1,100,,43458,11,,,1,100,,43459,11,,,1,100,,43460,11,,,1,100,,43461,11,,,1,100,,43462,11,,,1,100,,43464,11,,,1,100,,43465,11,,,1
12701,'127-Saturday-1-26-02-0000010',915,,43486,11,,,1,100,,43487,11,,,1,100,,43488,11,,,1,100,,43489,11,,,1,100,,43490,11,,,1,100,,43491,11,,,1,100,,43492,11,,,1,100,,43493,11,,,1,100,,43494,11,,,1
12701,'127-Sunday-1-26-02-0000001',819,,43495,5,,,1,100,,43496,5,,,1,100,,43497,5,,,1,100,,43498,5,,,1,100,,43499,5,,,1,100,,43500,5,,,1,100,,43501,5,,,1,100,,43502,5,,,1,100,,43503,5,,,1,100,,43504,5,,,1
