70401,'704-Weekday-1-26-02-1111100',607,,116474,,,1,32,,116475,,,1,70,,116476,,,1,30,,116477,,,1,70,,116478,,,1,30,,116479,,,1,70,,116480,,,1,30,,116481,,,1,70,,116482,,,1,30,,116483,,,1,70,,116484,,,1,30,,116485,,,1,70,,116486,,,1,30,,116487,,,1,70,,116488,,,1,30,,116489,,,1,70,,116490,,,1,30,,116491,,,1,75,,116492,,,1,30,,116509,,,1,60,,116505,,,1,20,,116506,,,1,20,,116510,,,1,60,,116507,,,1,20,,116508,,,1,20,,116504,,,1,60,,116503,,,1,27,,116502,,,1,28,,116501,,,1,70,,116500,,,1,30,,116499,,,1,70,,116498,,,1,30,,116497,,,1,70,,116496,,,1,29,,116495,,,1,69,,116494,,,1,30,,116493,,,1
70401,'704-Weekday-10-26-02-1111100',607,,159970,,,1,32,,159971,,,1,70,,159972,,,1,30,,159973,,,1,70,,159974,,,1,30,,159975,,,1,70,,159976,,,1,30,,159977,,,1,70,,159978,,,1,30,,159979,,,1,70,,159980,,,1,30,,159981,,,1,70,,159982,,,1,30,,159983,,,1,70,,159984,,,1,30,,159985,,,1,70,,159986,,,1,30,,159987,,,1,75,,159988,,,1,30,,160005,,,1,60,,160001,,,1,20,,160002,,,1,20,,160006,,,1,60,,160003,,,1,20,,160004,,,1,20,,160000,,,1,60,,159999,,,1,27,,159998,,,1,28,,159997,,,1,70,,159996,,,1,30,,159995,,,1,70,,159994,,,1,30,,159993,,,1,70,,159992,,,1,29,,159991,,,1,69,,159990,,,1,30,,159989,,,1
70401,'704-Weekday-2-26-02-1111100',607,,116511,,,1,32,,116512,,,1,70,,116513,,,1,30,,116514,,,1,70,,116515,,,1,30,,116516,,,1,70,,116517,,,1,30,,116518,,,1,70,,116519,,,1,30,,116520,,,1,70,,116521,,,1,30,,116522,,,1,70,,116523,,,1,30,,116524,,,1,70,,116525,,,1,30,,116526,,,1,70,,116527,,,1,30,,116528,,,1,75,,116529,,,1,30,,116546,,,1,60,,116542,,,1,20,,116543,,,1,20,,116547,,,1,60,,116544,,,1,20,,116545,,,1,20,,116541,,,1,60,,116540,,,1,27,,116539,,,1,28,,116538,,,1,70,,116537,,,1,30,,116536,,,1,70,,116535,,,1,30,,116534,,,1,70,,116533,,,1,29,,116532,,,1,69,,116531,,,1,30,,116530,,,1
70401,'704-Weekday-4-26-02-1111100',607,,116548,,,1,32,,116549,,,1,70,,116550,,,1,30,,116551,,,1,70,,116552,,,1,30,,116553,,,1,70,,116554,,,1,30,,116555,,,1,70,,116556,,,1,30,,116557,,,1,70,,116558,,,1,30,,116559,,,1,70,,116560,,,1,30,,116561,,,1,70,,116562,,,1,30,,116563,,,1,70,,116564,,,1,30,,116565,,,1,75,,116566,,,1,30,,116583,,,1,60,,116579,,,1,20,,116580,,,1,20,,116584,,,1,60,,116581,,,1,20,,116582,,,1,20,,116578,,,1,60,,116577,,,1,27,,116576,,,1,28,,116575,,,1,70,,116574,,,1,30,,116573,,,1,70,,116572,,,1,30,,116571,,,1,70,,116570,,,1,29,,116569,,,1,69,,116568,,,1,30,,116567,,,1
70401,'704-Weekday-5-26-02-1111100',607,,116585,,,1,32,,116586,,,1,70,,116587,,,1,30,,116588,,,1,70,,116589,,,1,30,,116590,,,1,70,,116591,,,1,30,,116592,,,1,70,,116593,,,1,30,,116594,,,1,70,,116595,,,1,30,,116596,,,1,70,,116597,,,1,30,,116598,,,1,70,,116599,,,1,30,,116600,,,1,70,,116601,,,1,30,,116602,,,1,75,,116603,,,1,30,,116620,,,1,60,,116616,,,1,20,,116617,,,1,20,,116621,,,1,60,,116618,,,1,20,,116619,,,1,20,,116615,,,1,60,,116614,,,1,27,,116613,,,1,28,,116612,,,1,70,,116611,,,1,30,,116610,,,1,70,,116609,,,1,30,,116608,,,1,70,,116607,,,1,29,,116606,,,1,69,,116605,,,1,30,,116604,,,1
70401,'704-Weekday-6-26-02-1111100',607,,116622,,,1,32,,116623,,,1,70,,116624,,,1,30,,116625,,,1,70,,116626,,,1,30,,116627,,,1,70,,116628,,,1,30,,116629,,,1,70,,116630,,,1,30,,116631,,,1,70,,116632,,,1,30,,116633,,,1,70,,116634,,,1,30,,116635,,,1,70,,116636,,,1,30,,116637,,,1,70,,116638,,,1,30,,116639,,,1,75,,116640,,,1,30,,116657,,,1,60,,116653,,,1,20,,116654,,,1,20,,116658,,,1,60,,116655,,,1,20,,116656,,,1,20,,116652,,,1,60,,116651,,,1,27,,116650,,,1,28,,116649,,,1,70,,116648,,,1,30,,116647,,,1,70,,116646,,,1,30,,116645,,,1,70,,116644,,,1,29,,116643,,,1,69,,116642,,,1,30,,116641,,,1
70401,'704-Weekday-7-26-02-1111100',607,,116659,,,1,32,,116660,,,1,70,,116661,,,1,30,,116662,,,1,70,,116663,,,1,30,,116664,,,1,70,,116665,,,1,30,,116666,,,1,70,,116667,,,1,30,,116668,,,1,70,,116669,,,1,30,,116670,,,1,70,,116671,,,1,30,,116672,,,1,70,,116673,,,1,30,,116674,,,1,70,,116675,,,1,30,,116676,,,1,75,,116677,,,1,30,,116694,,,1,60,,116690,,,1,20,,116691,,,1,20,,116695,,,1,60,,116692,,,1,20,,116693,,,1,20,,116689,,,1,60,,116688,,,1,27,,116687,,,1,28,,116686,,,1,70,,116685,,,1,30,,116684,,,1,70,,116683,,,1,30,,116682,,,1,70,,116681,,,1,29,,116680,,,1,69,,116679,,,1,30,,116678,,,1
70401,'704-Weekday-8-26-02-1111100',607,,116696,,,1,32,,116697,,,1,70,,116698,,,1,30,,116699,,,1,70,,116700,,,1,30,,116701,,,1,70,,116702,,,1,30,,116703,,,1,70,,116704,,,1,30,,116705,,,1,70,,116706,,,1,30,,116707,,,1,70,,116708,,,1,30,,116709,,,1,70,,116710,,,1,30,,116711,,,1,70,,116712,,,1,30,,116713,,,1,75,,116714,,,1,30,,116731,,,1,60,,116727,,,1,20,,116728,,,1,20,,116732,,,1,60,,116729,,,1,20,,116730,,,1,20,,116726,,,1,60,,116725,,,1,27,,116724,,,1,28,,116723,,,1,70,,116722,,,1,30,,116721,,,1,70,,116720,,,1,30,,116719,,,1,70,,116718,,,1,29,,116717,,,1,69,,116716,,,1,30,,116715,,,1
70401,'704-Weekday-9-26-02-1111100',607,,116733,,,1,32,,116734,,,1,70,,116735,,,1,30,,116736,,,1,70,,116737,,,1,30,,116738,,,1,70,,116739,,,1,30,,116740,,,1,70,,116741,,,1,30,,116742,,,1,70,,116743,,,1,30,,116744,,,1,70,,116745,,,1,30,,116746,,,1,70,,116747,,,1,30,,116748,,,1,70,,116749,,,1,30,,116750,,,1,75,,116751,,,1,30,,116768,,,1,60,,116764,,,1,20,,116765,,,1,20,,116769,,,1,60,,116766,,,1,20,,116767,,,1,20,,116763,,,1,60,,116762,,,1,27,,116761,,,1,28,,116760,,,1,70,,116759,,,1,30,,116758,,,1,70,,116757,,,1,30,,116756,,,1,70,,116755,,,1,29,,116754,,,1,69,,116753,,,1,30,,116752,,,1
70401,'704-Saturday-1-26-02-0000010',911,,116770,,,1,30,,116771,,,1,70,,116772,,,1,30,,116773,,,1,70,,116774,,,1,30,,116775,,,1,70,,116776,,,1,30,,116777,,,1,70,,116778,,,1,30,,116779,,,1,70,,116780,,,1,30,,116781,,,1,70,,116782,,,1,30,,116783,,,1,70,,116784,,,1,30,,116785,,,1,70,,116786,,,1,30,,116787,,,1,70,,116788,,,1,30,,116789,,,1,70,,116790,,,1,30,,116791,,,1,70,,116792,,,1
70401,'704-Sunday-1-26-02-0000001',909,,116812,,,1,30,,116813,,,1,70,,116793,,,1,30,,116794,,,1,70,,116795,,,1,30,,116796,,,1,70,,116797,,,1,30,,116798,,,1,70,,116799,,,1,30,,116800,,,1,70,,116801,,,1,30,,116802,,,1,70,,116803,,,1,30,,116804,,,1,70,,116805,,,1,30,,116806,,,1,70,,116807,,,1,30,,116808,,,1,70,,116809,,,1,30,,116810,,,1,70,,116811,,,1,30,,116814,,,1,70,,116815,,,1
