10700,'107-Weekday-7-26-04-1111100',527,,153482,9,,,1,30,,153483,9,,,1,70,,153484,9,,,1,16,,153485,9,,,1,15,,153486,9,,,1,55,,153487,9,,,1,15,,153488,9,,,1,15,,153489,9,,,1,15,,153490,9,,,1,55,,153491,9,,,1,15,,153492,9,,,1,20,,153493,9,,,1,61,,153494,9,,,1,20,,153495,9,,,1,20,,153496,9,,,1,60,,153497,9,,,1,20,,153498,9,,,1,20,,153499,9,,,1,60,,153500,9,,,1,20,,153501,9,,,1,20,,153502,9,,,1,60,,153503,9,,,1,20,,153504,9,,,1,20,,153505,9,,,1,60,,153506,9,,,1,20,,153507,9,,,1,20,,153508,9,,,1,60,,153509,9,,,1,20,,153510,9,,,1,20,,153537,9,,,1,10,,153530,9,,,1,50,,153511,9,,,1,10,,153512,9,,,1,10,,153531,9,,,1,2,,153536,9,,,1,8,,153513,9,,,1,10,,153514,9,,,1,10,,153532,9,,,1,50,,153515,9,,,1,10,,153516,9,,,1,10,,153533,9,,,1,10,,153517,9,,,1,10,,153518,9,,,1,10,,153529,9,,,1,50,,153519,9,,,1,10,,153538,9,,,1,20,,153534,9,,,1,20,,153535,9,,,1,60,,153521,9,,,1,29,,153522,9,,,1,70,,153523,9,,,1,30,,153524,9,,,1,70,,153525,9,,,1,30,,153526,9,,,1,70,,153527,9,,,1,30,,153528,9,,,1,70,,153520,9,,,1
10700,'107-Saturday-1-26-04-0000010',820,,119701,9,,,1,28,,119702,9,,,1,70,,119703,9,,,1,30,,119704,9,,,1,70,,119705,9,,,1,30,,119706,9,,,1,70,,119707,9,,,1,30,,119708,9,,,1,70,,119709,9,,,1,30,,119710,9,,,1,70,,119711,9,,,1,30,,119712,9,,,1,70,,119713,9,,,1,30,,119714,9,,,1,70,,119715,9,,,1,30,,119716,9,,,1,70,,119717,9,,,1,32,,119718,9,,,1,70,,119719,9,,,1,30,,119720,9,,,1,70,,119721,9,,,1,30,,119722,9,,,1,70,,119723,9,,,1
62000,'620-Weekday-7-26-04-0001000',1204,,156437,2,0,62 63,1
62000,'620-Weekday-7-26-04-1110100',1512,,156438,2,0,62 63,1
62000,'620-Weekday-7-26-04-1111100',1534,,156439,2,0,62 63,1,5,,156440,2,0,62 63,1
62100,'621-Weekday-7-26-04-0001000',1203,,156444,2,,,1
62100,'621-Weekday-7-26-04-1110100',1512,,156445,2,,,1
62100,'621-Weekday-7-26-04-1111100',1536,,156446,2,,,1
62600,'626-Weekday-7-26-04-0001000',1228,,156457,17,,,1,4,,156458,17,,,1,4,,156459,17,,,1
62600,'626-Weekday-7-26-04-1110100',1526,,156460,17,,,1,4,,156461,17,,,1,4,,156462,17,,,1
