11901,'119-Weekday-1-26-02-1111100',508,,40288,13,,,1,30,,40289,13,,,1,70,,40290,13,,,1,31,,40291,13,,,1,12,,40292,13,,,1,52,,40293,13,,,1,12,,40335,13,,,1,12,,40294,13,,,1,12,,40295,13,,,1,12,,40296,13,,,1,52,,40297,13,,,1,12,,40334,13,,,1,12,,40298,13,,,1,12,,40299,13,,,1,70,,40300,13,,,1,31,,40301,13,,,1,70,,40302,13,,,1,30,,40303,13,,,1,70,,40304,13,,,1,30,,40305,13,,,1,70,,40306,13,,,1,30,,40307,13,,,1,70,,40308,13,,,1,30,,40309,13,,,1,70,,40310,13,,,1,30,,40311,13,,,1,71,,40312,13,,,1,20,,40313,13,,,1,16,,40336,13,,,1,55,,40314,13,,,1,15,,40315,13,,,1,15,,40316,13,,,1,15,,40317,13,,,1,55,,40318,13,,,1,15,,40319,13,,,1,30,,40320,13,,,1,70,,40321,13,,,1,29,,40322,13,,,1,68,,40323,13,,,1,30,,40324,13,,,1,70,,40325,13,,,1,30,,40326,13,,,1,70,,40327,13,,,1,30,,40328,13,,,1,70,,40329,13,,,1,29,,40330,13,,,1,70,,40331,13,,,1,30,,40332,13,,,1,70,,40333,13,,,1
11901,'119-Weekday-10-26-02-1111100',508,,40337,13,,,1,30,,40338,13,,,1,70,,40339,13,,,1,31,,40340,13,,,1,12,,40341,13,,,1,52,,40342,13,,,1,12,,40384,13,,,1,12,,40343,13,,,1,12,,40344,13,,,1,12,,40345,13,,,1,52,,40346,13,,,1,12,,40383,13,,,1,12,,40347,13,,,1,12,,40348,13,,,1,70,,40349,13,,,1,31,,40350,13,,,1,70,,40351,13,,,1,30,,40352,13,,,1,70,,40353,13,,,1,30,,40354,13,,,1,70,,40355,13,,,1,30,,40356,13,,,1,70,,40357,13,,,1,30,,40358,13,,,1,70,,40359,13,,,1,30,,40360,13,,,1,71,,40361,13,,,1,20,,40362,13,,,1,16,,40385,13,,,1,55,,40363,13,,,1,15,,40364,13,,,1,15,,40365,13,,,1,15,,40366,13,,,1,55,,40367,13,,,1,15,,40368,13,,,1,30,,40369,13,,,1,70,,40370,13,,,1,29,,40371,13,,,1,68,,40372,13,,,1,30,,40373,13,,,1,70,,40374,13,,,1,30,,40375,13,,,1,70,,40376,13,,,1,30,,40377,13,,,1,70,,40378,13,,,1,29,,40379,13,,,1,70,,40380,13,,,1,30,,40381,13,,,1,70,,40382,13,,,1
11901,'119-Weekday-4-26-02-1111100',508,,40435,13,,,1,30,,40436,13,,,1,70,,40437,13,,,1,31,,40438,13,,,1,12,,40439,13,,,1,52,,40440,13,,,1,12,,40482,13,,,1,12,,40441,13,,,1,12,,40442,13,,,1,12,,40443,13,,,1,52,,40444,13,,,1,12,,40481,13,,,1,12,,40445,13,,,1,12,,40446,13,,,1,70,,40447,13,,,1,31,,40448,13,,,1,70,,40449,13,,,1,30,,40450,13,,,1,70,,40451,13,,,1,30,,40452,13,,,1,70,,40453,13,,,1,30,,40454,13,,,1,70,,40455,13,,,1,30,,40456,13,,,1,70,,40457,13,,,1,30,,40458,13,,,1,71,,40459,13,,,1,20,,40460,13,,,1,16,,40483,13,,,1,55,,40461,13,,,1,15,,40462,13,,,1,15,,40463,13,,,1,15,,40464,13,,,1,55,,40465,13,,,1,15,,40466,13,,,1,30,,40467,13,,,1,70,,40468,13,,,1,29,,40469,13,,,1,68,,40470,13,,,1,30,,40471,13,,,1,70,,40472,13,,,1,30,,40473,13,,,1,70,,40474,13,,,1,30,,40475,13,,,1,70,,40476,13,,,1,29,,40477,13,,,1,70,,40478,13,,,1,30,,40479,13,,,1,70,,40480,13,,,1
11901,'119-Weekday-5-26-02-1111100',508,,40484,13,,,1,30,,40485,13,,,1,70,,40486,13,,,1,31,,40487,13,,,1,12,,40488,13,,,1,52,,40489,13,,,1,12,,40531,13,,,1,12,,40490,13,,,1,12,,40491,13,,,1,12,,40492,13,,,1,52,,40493,13,,,1,12,,40530,13,,,1,12,,40494,13,,,1,12,,40495,13,,,1,70,,40496,13,,,1,31,,40497,13,,,1,70,,40498,13,,,1,30,,40499,13,,,1,70,,40500,13,,,1,30,,40501,13,,,1,70,,40502,13,,,1,30,,40503,13,,,1,70,,40504,13,,,1,30,,40505,13,,,1,70,,40506,13,,,1,30,,40507,13,,,1,71,,40508,13,,,1,20,,40509,13,,,1,16,,40532,13,,,1,55,,40510,13,,,1,15,,40511,13,,,1,15,,40512,13,,,1,15,,40513,13,,,1,55,,40514,13,,,1,15,,40515,13,,,1,30,,40516,13,,,1,70,,40517,13,,,1,29,,40518,13,,,1,68,,40519,13,,,1,30,,40520,13,,,1,70,,40521,13,,,1,30,,40522,13,,,1,70,,40523,13,,,1,30,,40524,13,,,1,70,,40525,13,,,1,29,,40526,13,,,1,70,,40527,13,,,1,30,,40528,13,,,1,70,,40529,13,,,1
11901,'119-Weekday-7-26-02-1111100',508,,40582,13,,,1,30,,40583,13,,,1,70,,40584,13,,,1,31,,40585,13,,,1,12,,40586,13,,,1,52,,40587,13,,,1,12,,40629,13,,,1,12,,40588,13,,,1,12,,40589,13,,,1,12,,40590,13,,,1,52,,40591,13,,,1,12,,40628,13,,,1,12,,40592,13,,,1,12,,40593,13,,,1,70,,40594,13,,,1,31,,40595,13,,,1,70,,40596,13,,,1,30,,40597,13,,,1,70,,40598,13,,,1,30,,40599,13,,,1,70,,40600,13,,,1,30,,40601,13,,,1,70,,40602,13,,,1,30,,40603,13,,,1,70,,40604,13,,,1,30,,40605,13,,,1,71,,40606,13,,,1,20,,40607,13,,,1,16,,40630,13,,,1,55,,40608,13,,,1,15,,40609,13,,,1,15,,40610,13,,,1,15,,40611,13,,,1,55,,40612,13,,,1,15,,40613,13,,,1,30,,40614,13,,,1,70,,40615,13,,,1,29,,40616,13,,,1,68,,40617,13,,,1,30,,40618,13,,,1,70,,40619,13,,,1,30,,40620,13,,,1,70,,40621,13,,,1,30,,40622,13,,,1,70,,40623,13,,,1,29,,40624,13,,,1,70,,40625,13,,,1,30,,40626,13,,,1,70,,40627,13,,,1
11901,'119-Saturday-1-26-02-0000010',623,,40729,13,,,1,30,,40730,13,,,1,70,,40731,13,,,1,30,,40732,13,,,1,70,,40763,13,,,1,31,,40733,13,,,1,71,,40734,13,,,1,30,,40735,13,,,1,70,,40736,13,,,1,30,,40737,13,,,1,70,,40738,13,,,1,30,,40739,13,,,1,70,,40740,13,,,1,30,,40741,13,,,1,70,,40742,13,,,1,30,,40743,13,,,1,70,,40744,13,,,1,30,,40745,13,,,1,70,,40746,13,,,1,30,,40747,13,,,1,70,,40748,13,,,1,30,,40749,13,,,1,69,,40750,13,,,1,30,,40751,13,,,1,70,,40752,13,,,1,30,,40753,13,,,1,70,,40754,13,,,1,30,,40755,13,,,1,70,,40756,13,,,1,30,,40757,13,,,1,70,,40758,13,,,1,30,,40759,13,,,1,70,,40760,13,,,1,100,,40761,13,,,1,100,,40762,13,,,1
11901,'119-Sunday-1-26-02-0000001',622,,40787,13,,,1,30,,40791,13,,,1,70,,40788,13,,,1,30,,40792,13,,,1,70,,40789,13,,,1,30,,40793,13,,,1,71,,40790,13,,,1,30,,40794,13,,,1,70,,40764,13,,,1,30,,40765,13,,,1,70,,40766,13,,,1,30,,40767,13,,,1,70,,40768,13,,,1,30,,40769,13,,,1,70,,40770,13,,,1,30,,40771,13,,,1,70,,40772,13,,,1,30,,40773,13,,,1,70,,40774,13,,,1,30,,40775,13,,,1,70,,40776,13,,,1,30,,40777,13,,,1,70,,40778,13,,,1,30,,40779,13,,,1,70,,40780,13,,,1,30,,40781,13,,,1,70,,40795,13,,,1,30,,40782,13,,,1,70,,40796,13,,,1,30,,40783,13,,,1,100,,40784,13,,,1,100,,40785,13,,,1,100,,40786,13,,,1
62601,'626-Weekday-1-26-02-1111100',728,,60869,20,,,1,2,,60870,20,,,1,8,,60871,20,,,1,3,,60872,20,,,1
62601,'626-Weekday-5-26-02-1111100',728,,60877,20,,,1,2,,60878,20,,,1,8,,60879,20,,,1,3,,60880,20,,,1
62601,'626-Weekday-9-26-02-1111100',728,,60889,20,,,1,2,,60890,20,,,1,8,,60891,20,,,1,3,,60892,20,,,1
