5101,'051-Weekday-1-26-06-1111100',542,,166756,31,,,1,70,,166757,31,,,1,37,,166768,31,,,1,62,,166767,31,,,1,20,,166758,31,,,1,20,,166759,31,,,1,60,,166760,31,,,1,20,,166761,31,,,1,20,,166762,31,,,1,56,,166741,31,,,1,26,,166755,31,,,1,70,,166742,31,,,1,30,,166763,31,,,1,70,,166743,31,,,1,30,,166744,31,,,1,70,,166764,31,,,1,30,,166745,31,,,1,70,,166746,31,,,1,30,,166765,31,,,1,70,,166747,31,,,1,30,,166766,31,,,1,70,,166748,31,,,1,31,,166749,31,,,1,72,,166750,31,,,1,30,,166751,31,,,1,70,,166752,31,,,1,30,,166753,31,,,1,70,,166770,31,,,1,29,,166771,31,,,1,66,,166772,31,,,1,30,,166773,31,,,1,70,,166774,31,,,1,30,,166775,31,,,1,70,,166776,31,,,1,30,,166777,31,,,1,70,,166754,31,,,1,100,,166769,31,,,1
5101,'051-Weekday-2-26-06-1111100',542,,191492,31,,,1,70,,191493,31,,,1,37,,191504,31,,,1,62,,191503,31,,,1,20,,191494,31,,,1,20,,191495,31,,,1,60,,191496,31,,,1,20,,191497,31,,,1,20,,191498,31,,,1,56,,191477,31,,,1,26,,191491,31,,,1,70,,191478,31,,,1,30,,191499,31,,,1,70,,191479,31,,,1,30,,191480,31,,,1,70,,191500,31,,,1,30,,191481,31,,,1,70,,191482,31,,,1,30,,191501,31,,,1,70,,191483,31,,,1,30,,191502,31,,,1,70,,191484,31,,,1,31,,191485,31,,,1,72,,191486,31,,,1,30,,191487,31,,,1,70,,191488,31,,,1,30,,191489,31,,,1,70,,191506,31,,,1,29,,191507,31,,,1,66,,191508,31,,,1,30,,191509,31,,,1,70,,191510,31,,,1,30,,191511,31,,,1,70,,191512,31,,,1,30,,191513,31,,,1,70,,191490,31,,,1,100,,191505,31,,,1
5101,'051-Saturday-1-26-06-0000010',622,,166778,31,,,1,100,,166779,31,,,1,100,,166780,31,,,1,30,,166781,31,,,1,71,,166782,31,,,1,30,,166783,31,,,1,70,,166784,31,,,1,30,,166785,31,,,1,70,,166786,31,,,1,30,,166787,31,,,1,70,,166788,31,,,1,30,,166789,31,,,1,70,,166790,31,,,1,30,,166791,31,,,1,70,,166792,31,,,1,30,,166793,31,,,1,70,,166794,31,,,1,30,,166795,31,,,1,70,,166796,31,,,1,30,,166797,31,,,1,68,,166798,31,,,1,30,,166799,31,,,1,70,,166800,31,,,1,30,,166801,31,,,1,70,,166802,31,,,1,100,,166803,31,,,1,100,,166804,31,,,1,100,,166805,31,,,1
5101,'051-Sunday-1-26-06-0000001',722,,166825,31,,,1,100,,166826,31,,,1,102,,166827,31,,,1,30,,166830,31,,,1,70,,166806,31,,,1,30,,166807,31,,,1,70,,166808,31,,,1,30,,166809,31,,,1,70,,166810,31,,,1,30,,166811,31,,,1,70,,166812,31,,,1,30,,166813,31,,,1,70,,166814,31,,,1,30,,166815,31,,,1,70,,166816,31,,,1,30,,166817,31,,,1,70,,166818,31,,,1,30,,166819,31,,,1,68,,166820,31,,,1,30,,166821,31,,,1,70,,166822,31,,,1,30,,166823,31,,,1,70,,166824,31,,,1,100,,166828,31,,,1,100,,166829,31,,,1,100,,166831,31,,,1
5101,'051-Sunday-2-26-06-0000001',722,,191533,31,,,1,100,,191534,31,,,1,102,,191535,31,,,1,30,,191538,31,,,1,70,,191514,31,,,1,30,,191515,31,,,1,70,,191516,31,,,1,30,,191517,31,,,1,70,,191518,31,,,1,30,,191519,31,,,1,70,,191520,31,,,1,30,,191521,31,,,1,70,,191522,31,,,1,30,,191523,31,,,1,70,,191524,31,,,1,30,,191525,31,,,1,70,,191526,31,,,1,30,,191527,31,,,1,68,,191528,31,,,1,30,,191529,31,,,1,70,,191530,31,,,1,30,,191531,31,,,1,70,,191532,31,,,1,100,,191536,31,,,1,100,,191537,31,,,1,100,,191539,31,,,1
90901,'909-Weekday-1-26-06-1111100',546,,184000,2,,,1,70,,184032,2,,,1,31,,184001,2,,,1,70,,184002,2,,,1,30,,184003,2,,,1,70,,184004,2,,,1,21,,184033,2,,,1,70,,184005,2,,,1,30,,184006,2,,,1,70,,184007,2,,,1,30,,184008,2,,,1,70,,184009,2,,,1,30,,184010,2,,,1,70,,184011,2,,,1,30,,184012,2,,,1,70,,184013,2,,,1,30,,184014,2,,,1,70,,184015,2,,,1,29,,184016,2,,,1,70,,184017,2,,,1,30,,184018,2,,,1,70,,184019,2,,,1,30,,184020,2,,,1,70,,184021,2,,,1,30,,184022,2,,,1,72,,184023,2,,,1,30,,184024,2,,,1,70,,184025,2,,,1,30,,184026,2,,,1,70,,184027,2,,,1,30,,184028,2,,,1,70,,184029,2,,,1,28,,184034,2,,,1,100,,184030,2,,,1,100,,184031,2,,,1
90901,'909-Weekday-2-26-06-1111100',546,,200937,2,,,1,70,,200969,2,,,1,31,,200938,2,,,1,70,,200939,2,,,1,30,,200940,2,,,1,70,,200941,2,,,1,21,,200970,2,,,1,70,,200942,2,,,1,30,,200943,2,,,1,70,,200944,2,,,1,30,,200945,2,,,1,70,,200946,2,,,1,30,,200947,2,,,1,70,,200948,2,,,1,30,,200949,2,,,1,70,,200950,2,,,1,30,,200951,2,,,1,70,,200952,2,,,1,29,,200953,2,,,1,70,,200954,2,,,1,30,,200955,2,,,1,70,,200956,2,,,1,30,,200957,2,,,1,70,,200958,2,,,1,30,,200959,2,,,1,72,,200960,2,,,1,30,,200961,2,,,1,70,,200962,2,,,1,30,,200963,2,,,1,70,,200964,2,,,1,30,,200965,2,,,1,70,,200966,2,,,1,28,,200971,2,,,1,100,,200967,2,,,1,100,,200968,2,,,1
90901,'909-Saturday-1-26-06-0000010',710,,184035,2,,,1,100,,184036,2,,,1,30,,184037,2,,,1,71,,184038,2,,,1,30,,184039,2,,,1,70,,184040,2,,,1,30,,184041,2,,,1,70,,184042,2,,,1,30,,184043,2,,,1,70,,184044,2,,,1,30,,184045,2,,,1,70,,184046,2,,,1,30,,184047,2,,,1,70,,184048,2,,,1,30,,184049,2,,,1,70,,184050,2,,,1,30,,184051,2,,,1,70,,184052,2,,,1,30,,184053,2,,,1,72,,184054,2,,,1,30,,184055,2,,,1,70,,184056,2,,,1,30,,184057,2,,,1,70,,184058,2,,,1,100,,184059,2,,,1,100,,184060,2,,,1,100,,184061,2,,,1
90901,'909-Sunday-1-26-06-0000001',612,,184062,2,,,1,100,,184063,2,,,1,100,,184064,2,,,1,101,,184065,2,,,1,100,,184066,2,,,1,30,,184067,2,,,1,70,,184068,2,,,1,30,,184069,2,,,1,70,,184070,2,,,1,30,,184071,2,,,1,70,,184072,2,,,1,30,,184073,2,,,1,70,,184074,2,,,1,30,,184075,2,,,1,70,,184076,2,,,1,30,,184077,2,,,1,70,,184078,2,,,1,30,,184079,2,,,1,70,,184080,2,,,1,30,,184081,2,,,1,70,,184082,2,,,1,30,,184083,2,,,1,70,,184085,2,,,1,100,,184084,2,,,1
90901,'909-Sunday-2-26-06-0000001',612,,200972,2,,,1,100,,200973,2,,,1,100,,200974,2,,,1,101,,200975,2,,,1,100,,200976,2,,,1,30,,200977,2,,,1,70,,200978,2,,,1,30,,200979,2,,,1,70,,200980,2,,,1,30,,200981,2,,,1,70,,200982,2,,,1,30,,200983,2,,,1,70,,200984,2,,,1,30,,200985,2,,,1,70,,200986,2,,,1,30,,200987,2,,,1,70,,200988,2,,,1,30,,200989,2,,,1,70,,200990,2,,,1,30,,200991,2,,,1,70,,200992,2,,,1,30,,200993,2,,,1,70,,200995,2,,,1,100,,200994,2,,,1
