52100,'521-Weekday-1-26-02-1111100',556,,55770,16,,,1,70,,55806,16,,,1,19,,55816,16,,,1,55,,55771,16,,,1,12,,55774,16,,,1,12,,55772,16,,,1,10,,55815,16,,,1,2,,55773,16,,,1,12,,55775,16,,,1,52,,55776,16,,,1,12,,55777,16,,,1,12,,55778,16,,,1,12,,55779,16,,,1,12,,55780,16,,,1,54,,55807,16,,,1,26,,55808,16,,,1,30,,55791,16,,,1,70,,55781,16,,,1,30,,55782,16,,,1,70,,55783,16,,,1,30,,55784,16,,,1,70,,55785,16,,,1,30,,55786,16,,,1,70,,55787,16,,,1,30,,55788,16,,,1,70,,55789,16,,,1,30,,55790,16,,,1,77,,55809,16,,,1,15,,55792,16,,,1,55,,55793,16,,,1,15,,55794,16,,,1,15,,55795,16,,,1,15,,55796,16,,,1,55,,55797,16,,,1,15,,55798,16,,,1,15,,55799,16,,,1,15,,55800,16,,,1,55,,55801,16,,,1,18,,55802,16,,,1,14,,55810,16,,,1,63,,55804,16,,,1,31,,55805,16,,,1,70,,55803,16,,,1,30,,55811,16,,,1,70,,55812,16,,,1,30,,55813,16,,,1,70,,55814,16,,,1,29,,55817,16,,,1
52100,'521-Weekday-10-26-02-1111100',556,,55818,16,,,1,70,,55854,16,,,1,19,,55864,16,,,1,55,,55819,16,,,1,12,,55822,16,,,1,12,,55820,16,,,1,10,,55863,16,,,1,2,,55821,16,,,1,12,,55823,16,,,1,52,,55824,16,,,1,12,,55825,16,,,1,12,,55826,16,,,1,12,,55827,16,,,1,12,,55828,16,,,1,54,,55855,16,,,1,26,,55856,16,,,1,30,,55839,16,,,1,70,,55829,16,,,1,30,,55830,16,,,1,70,,55831,16,,,1,30,,55832,16,,,1,70,,55833,16,,,1,30,,55834,16,,,1,70,,55835,16,,,1,30,,55836,16,,,1,70,,55837,16,,,1,30,,55838,16,,,1,77,,55857,16,,,1,15,,55840,16,,,1,55,,55841,16,,,1,15,,55842,16,,,1,15,,55843,16,,,1,15,,55844,16,,,1,55,,55845,16,,,1,15,,55846,16,,,1,15,,55847,16,,,1,15,,55848,16,,,1,55,,55849,16,,,1,18,,55850,16,,,1,14,,55858,16,,,1,63,,55852,16,,,1,31,,55853,16,,,1,70,,55851,16,,,1,30,,55859,16,,,1,70,,55860,16,,,1,30,,55861,16,,,1,70,,55862,16,,,1,29,,55865,16,,,1
52100,'521-Weekday-4-26-02-1111100',556,,55914,16,,,1,70,,55950,16,,,1,19,,55959,16,,,1,55,,55915,16,,,1,12,,55918,16,,,1,12,,55916,16,,,1,12,,55917,16,,,1,12,,55919,16,,,1,52,,55920,16,,,1,12,,55921,16,,,1,12,,55922,16,,,1,12,,55923,16,,,1,12,,55924,16,,,1,54,,55951,16,,,1,26,,55952,16,,,1,30,,55935,16,,,1,70,,55925,16,,,1,30,,55926,16,,,1,70,,55927,16,,,1,30,,55928,16,,,1,70,,55929,16,,,1,30,,55930,16,,,1,70,,55931,16,,,1,30,,55932,16,,,1,70,,55933,16,,,1,30,,55934,16,,,1,77,,55953,16,,,1,15,,55936,16,,,1,55,,55937,16,,,1,15,,55938,16,,,1,15,,55939,16,,,1,15,,55940,16,,,1,55,,55941,16,,,1,15,,55942,16,,,1,15,,55943,16,,,1,15,,55944,16,,,1,55,,55945,16,,,1,18,,55946,16,,,1,14,,55954,16,,,1,63,,55948,16,,,1,31,,55949,16,,,1,70,,55947,16,,,1,30,,55955,16,,,1,70,,55956,16,,,1,30,,55957,16,,,1,70,,55958,16,,,1,29,,55960,16,,,1
52100,'521-Weekday-5-26-02-1111100',556,,55961,16,,,1,70,,55997,16,,,1,19,,56007,16,,,1,55,,55962,16,,,1,12,,55965,16,,,1,12,,55963,16,,,1,10,,56006,16,,,1,2,,55964,16,,,1,12,,55966,16,,,1,52,,55967,16,,,1,12,,55968,16,,,1,12,,55969,16,,,1,12,,55970,16,,,1,12,,55971,16,,,1,54,,55998,16,,,1,26,,55999,16,,,1,30,,55982,16,,,1,70,,55972,16,,,1,30,,55973,16,,,1,70,,55974,16,,,1,30,,55975,16,,,1,70,,55976,16,,,1,30,,55977,16,,,1,70,,55978,16,,,1,30,,55979,16,,,1,70,,55980,16,,,1,30,,55981,16,,,1,77,,56000,16,,,1,15,,55983,16,,,1,55,,55984,16,,,1,15,,55985,16,,,1,15,,55986,16,,,1,15,,55987,16,,,1,55,,55988,16,,,1,15,,55989,16,,,1,15,,55990,16,,,1,15,,55991,16,,,1,55,,55992,16,,,1,18,,55993,16,,,1,14,,56001,16,,,1,63,,55995,16,,,1,31,,55996,16,,,1,70,,55994,16,,,1,30,,56002,16,,,1,70,,56003,16,,,1,30,,56004,16,,,1,70,,56005,16,,,1,29,,56008,16,,,1
52100,'521-Weekday-7-26-02-1111100',556,,56057,16,,,1,70,,56093,16,,,1,19,,56102,16,,,1,55,,56058,16,,,1,12,,56061,16,,,1,12,,56059,16,,,1,12,,56060,16,,,1,12,,56062,16,,,1,52,,56063,16,,,1,12,,56064,16,,,1,12,,56065,16,,,1,12,,56066,16,,,1,12,,56067,16,,,1,54,,56094,16,,,1,26,,56095,16,,,1,30,,56078,16,,,1,70,,56068,16,,,1,30,,56069,16,,,1,70,,56070,16,,,1,30,,56071,16,,,1,70,,56072,16,,,1,30,,56073,16,,,1,70,,56074,16,,,1,30,,56075,16,,,1,70,,56076,16,,,1,30,,56077,16,,,1,77,,56096,16,,,1,15,,56079,16,,,1,55,,56080,16,,,1,15,,56081,16,,,1,15,,56082,16,,,1,15,,56083,16,,,1,55,,56084,16,,,1,15,,56085,16,,,1,15,,56086,16,,,1,15,,56087,16,,,1,55,,56088,16,,,1,18,,56089,16,,,1,14,,56097,16,,,1,63,,56091,16,,,1,31,,56092,16,,,1,70,,56090,16,,,1,30,,56098,16,,,1,70,,56099,16,,,1,30,,56100,16,,,1,70,,56101,16,,,1,29,,56103,16,,,1
52100,'521-Saturday-1-26-02-0000010',824,,56219,16,,,1,28,,56220,16,,,1,70,,56221,16,,,1,30,,56222,16,,,1,70,,56200,16,,,1,30,,56201,16,,,1,70,,56202,16,,,1,30,,56203,16,,,1,70,,56204,16,,,1,30,,56205,16,,,1,70,,56206,16,,,1,30,,56207,16,,,1,70,,56208,16,,,1,30,,56209,16,,,1,70,,56210,16,,,1,30,,56211,16,,,1,70,,56213,16,,,1,31,,56214,16,,,1,71,,56215,16,,,1,30,,56212,16,,,1,70,,56216,16,,,1,30,,56217,16,,,1,70,,56218,16,,,1
52100,'521-Sunday-1-26-02-0000001',1022,,56223,16,,,1,30,,56224,16,,,1,70,,56225,16,,,1,30,,56226,16,,,1,70,,56227,16,,,1,30,,56228,16,,,1,70,,56229,16,,,1,30,,56230,16,,,1,70,,56231,16,,,1,30,,56232,16,,,1,73,,56233,16,,,1,27,,56234,16,,,1,70,,56235,16,,,1,30,,56236,16,,,1,71,,56237,16,,,1,30,,56238,16,,,1,70,,56239,16,,,1,30,,56240,16,,,1,70,,56241,16,,,1
66400,'664-Weekday-1-26-02-0001000',1450,,61576,23,,,1,4,,61577,23,,,1
66400,'664-Weekday-1-26-02-1110100',1531,,61578,23,,,1,3,,61579,23,,,1
66400,'664-Weekday-5-26-02-0001000',1450,,61590,23,,,1,4,,61591,23,,,1
66400,'664-Weekday-5-26-02-1110100',1531,,61592,23,,,1,3,,61593,23,,,1
66400,'664-Weekday-9-26-02-0001000',1450,,61598,23,,,1,4,,61599,23,,,1
