10600,'106-Weekday-1-26-02-0001000',1222,,29288,12,,,1,5,,29289,12,,,1
10600,'106-Weekday-1-26-02-1110100',1517,,29290,12,,,1,3,,29291,12,,,1,3,,29292,12,,,1
10600,'106-Weekday-1-26-02-1111100',555,,29341,34,,,1,74,,29293,34,,,1,76,,29294,34,,,1,21,,29351,34,,,1,21,,29295,34,,,1,4,,29350,34,,,1,52,,29354,13,,,1,4,,29296,34,,,1,10,,29297,34,,,1,10,,29298,34,,,1,10,,29342,34,,,1,10,,29299,34,,,1,9,,29300,34,,,1,50,,29343,34,,,1,9,,29301,34,,,1,10,,29302,34,,,1,9,,29344,34,,,1,9,,29303,34,,,1,58,,29304,34,,,1,20,,29305,34,,,1,20,,29306,34,,,1,60,,29307,34,,,1,20,,29308,34,,,1,20,,29309,34,,,1,60,,29310,34,,,1,20,,29311,34,,,1,20,,29312,34,,,1,60,,29313,34,,,1,20,,29314,34,,,1,20,,29315,34,,,1,60,,29316,34,,,1,20,,29317,34,,,1,20,,29318,34,,,1,60,,29319,34,,,1,8,,29352,34,,,1,13,,29320,34,,,1,8,,29353,34,,,1,14,,29321,34,,,1,11,,29322,34,,,1,50,,29345,34,,,1,10,,29323,34,,,1,10,,29324,34,,,1,10,,29346,34,,,1,10,,29325,34,,,1,10,,29326,34,,,1,50,,29347,34,,,1,10,,29327,34,,,1,10,,29328,34,,,1,10,,29348,34,,,1,10,,29329,34,,,1,10,,29330,34,,,1,50,,29349,34,,,1,10,,29331,34,,,1,28,,29332,34,,,1,66,,29333,34,,,1,25,,29334,34,,,1,70,,29335,34,,,1,30,,29336,34,,,1,70,,29337,34,,,1,30,,29338,34,,,1,69,,29339,34,,,1,25,,29340,34,,,1,26,,29356,34,,,1
10600,'106-Weekday-10-26-02-0001000',1222,,29357,12,,,1,5,,29358,12,,,1
10600,'106-Weekday-10-26-02-1111100',555,,29407,34,,,1,74,,29359,34,,,1,76,,29360,34,,,1,21,,29417,34,,,1,21,,29361,34,,,1,4,,29416,34,,,1,52,,29420,13,,,1,4,,29362,34,,,1,10,,29363,34,,,1,10,,29364,34,,,1,10,,29408,34,,,1,10,,29365,34,,,1,9,,29366,34,,,1,50,,29409,34,,,1,9,,29367,34,,,1,10,,29368,34,,,1,9,,29410,34,,,1,9,,29369,34,,,1,58,,29370,34,,,1,20,,29371,34,,,1,20,,29372,34,,,1,60,,29373,34,,,1,20,,29374,34,,,1,20,,29375,34,,,1,60,,29376,34,,,1,20,,29377,34,,,1,20,,29378,34,,,1,60,,29379,34,,,1,20,,29380,34,,,1,20,,29381,34,,,1,60,,29382,34,,,1,20,,29383,34,,,1,20,,29384,34,,,1,60,,29385,34,,,1,8,,29418,34,,,1,13,,29386,34,,,1,8,,29419,34,,,1,14,,29387,34,,,1,11,,29388,34,,,1,50,,29411,34,,,1,10,,29389,34,,,1,10,,29390,34,,,1,10,,29412,34,,,1,10,,29391,34,,,1,10,,29392,34,,,1,50,,29413,34,,,1,10,,29393,34,,,1,10,,29394,34,,,1,10,,29414,34,,,1,10,,29395,34,,,1,10,,29396,34,,,1,50,,29415,34,,,1,10,,29397,34,,,1,28,,29398,34,,,1,66,,29399,34,,,1,25,,29400,34,,,1,70,,29401,34,,,1,30,,29402,34,,,1,70,,29403,34,,,1,30,,29404,34,,,1,69,,29405,34,,,1,25,,29406,34,,,1,26,,29422,34,,,1
10600,'106-Weekday-2-26-02-0001000',1222,,29423,12,,,1,5,,29424,12,,,1
10600,'106-Weekday-2-26-02-1110100',1517,,29425,12,,,1,3,,29426,12,,,1,3,,29427,12,,,1
10600,'106-Weekday-2-26-02-1111100',555,,29476,34,,,1,74,,29428,34,,,1,76,,29429,34,,,1,21,,29486,34,,,1,21,,29430,34,,,1,4,,29485,34,,,1,52,,29489,13,,,1,4,,29431,34,,,1,10,,29432,34,,,1,10,,29433,34,,,1,10,,29477,34,,,1,10,,29434,34,,,1,9,,29435,34,,,1,50,,29478,34,,,1,9,,29436,34,,,1,10,,29437,34,,,1,9,,29479,34,,,1,9,,29438,34,,,1,58,,29439,34,,,1,20,,29440,34,,,1,20,,29441,34,,,1,60,,29442,34,,,1,20,,29443,34,,,1,20,,29444,34,,,1,60,,29445,34,,,1,20,,29446,34,,,1,20,,29447,34,,,1,60,,29448,34,,,1,20,,29449,34,,,1,20,,29450,34,,,1,60,,29451,34,,,1,20,,29452,34,,,1,20,,29453,34,,,1,60,,29454,34,,,1,8,,29487,34,,,1,13,,29455,34,,,1,8,,29488,34,,,1,14,,29456,34,,,1,11,,29457,34,,,1,50,,29480,34,,,1,10,,29458,34,,,1,10,,29459,34,,,1,10,,29481,34,,,1,10,,29460,34,,,1,10,,29461,34,,,1,50,,29482,34,,,1,10,,29462,34,,,1,10,,29463,34,,,1,10,,29483,34,,,1,10,,29464,34,,,1,10,,29465,34,,,1,50,,29484,34,,,1,10,,29466,34,,,1,28,,29467,34,,,1,66,,29468,34,,,1,25,,29469,34,,,1,70,,29470,34,,,1,30,,29471,34,,,1,70,,29472,34,,,1,30,,29473,34,,,1,69,,29474,34,,,1,25,,29475,34,,,1,26,,29491,34,,,1
10600,'106-Weekday-4-26-02-1111100',555,,29540,34,,,1,74,,29492,34,,,1,76,,29493,34,,,1,21,,29550,34,,,1,21,,29494,34,,,1,4,,29549,34,,,1,56,,29495,34,,,1,10,,29496,34,,,1,10,,29497,34,,,1,10,,29541,34,,,1,10,,29498,34,,,1,9,,29499,34,,,1,50,,29542,34,,,1,9,,29500,34,,,1,10,,29501,34,,,1,9,,29543,34,,,1,9,,29502,34,,,1,58,,29503,34,,,1,20,,29504,34,,,1,20,,29505,34,,,1,60,,29506,34,,,1,20,,29507,34,,,1,20,,29508,34,,,1,60,,29509,34,,,1,20,,29510,34,,,1,20,,29511,34,,,1,60,,29512,34,,,1,20,,29513,34,,,1,20,,29514,34,,,1,60,,29515,34,,,1,20,,29516,34,,,1,20,,29517,34,,,1,60,,29518,34,,,1,8,,29551,34,,,1,13,,29519,34,,,1,8,,29552,34,,,1,14,,29520,34,,,1,11,,29521,34,,,1,50,,29544,34,,,1,10,,29522,34,,,1,10,,29523,34,,,1,10,,29545,34,,,1,10,,29524,34,,,1,10,,29525,34,,,1,50,,29546,34,,,1,10,,29526,34,,,1,10,,29527,34,,,1,10,,29547,34,,,1,10,,29528,34,,,1,10,,29529,34,,,1,50,,29548,34,,,1,10,,29530,34,,,1,28,,29531,34,,,1,66,,29532,34,,,1,25,,29533,34,,,1,70,,29534,34,,,1,30,,29535,34,,,1,70,,29536,34,,,1,30,,29537,34,,,1,69,,29538,34,,,1,25,,29539,34,,,1,26,,29554,34,,,1
10600,'106-Weekday-5-26-02-0000100',1222,,29555,12,,,1,5,,29556,12,,,1
10600,'106-Weekday-5-26-02-1111000',1517,,29557,12,,,1,3,,29558,12,,,1,3,,29559,12,,,1
10600,'106-Weekday-5-26-02-1111100',555,,29608,34,,,1,74,,29560,34,,,1,76,,29561,34,,,1,21,,29618,34,,,1,21,,29562,34,,,1,4,,29617,34,,,1,52,,29621,13,,,1,4,,29563,34,,,1,10,,29564,34,,,1,10,,29565,34,,,1,10,,29609,34,,,1,10,,29566,34,,,1,9,,29567,34,,,1,50,,29610,34,,,1,9,,29568,34,,,1,10,,29569,34,,,1,9,,29611,34,,,1,9,,29570,34,,,1,58,,29571,34,,,1,20,,29572,34,,,1,20,,29573,34,,,1,60,,29574,34,,,1,20,,29575,34,,,1,20,,29576,34,,,1,60,,29577,34,,,1,20,,29578,34,,,1,20,,29579,34,,,1,60,,29580,34,,,1,20,,29581,34,,,1,20,,29582,34,,,1,60,,29583,34,,,1,20,,29584,34,,,1,20,,29585,34,,,1,60,,29586,34,,,1,8,,29619,34,,,1,13,,29587,34,,,1,8,,29620,34,,,1,14,,29588,34,,,1,11,,29589,34,,,1,50,,29612,34,,,1,10,,29590,34,,,1,10,,29591,34,,,1,10,,29613,34,,,1,10,,29592,34,,,1,10,,29593,34,,,1,50,,29614,34,,,1,10,,29594,34,,,1,10,,29595,34,,,1,10,,29615,34,,,1,10,,29596,34,,,1,10,,29597,34,,,1,50,,29616,34,,,1,10,,29598,34,,,1,28,,29599,34,,,1,66,,29600,34,,,1,25,,29601,34,,,1,70,,29602,34,,,1,30,,29603,34,,,1,70,,29604,34,,,1,30,,29605,34,,,1,69,,29606,34,,,1,25,,29607,34,,,1,26,,29623,34,,,1
10600,'106-Weekday-6-26-02-1110100',1517,,29624,12,,,1,3,,29625,12,,,1,3,,29626,12,,,1
10600,'106-Weekday-6-26-02-1111100',555,,29675,34,,,1,74,,29627,34,,,1,76,,29628,34,,,1,21,,29685,34,,,1,21,,29629,34,,,1,4,,29684,34,,,1,52,,29688,13,,,1,4,,29630,34,,,1,10,,29631,34,,,1,10,,29632,34,,,1,10,,29676,34,,,1,10,,29633,34,,,1,9,,29634,34,,,1,50,,29677,34,,,1,9,,29635,34,,,1,10,,29636,34,,,1,9,,29678,34,,,1,9,,29637,34,,,1,58,,29638,34,,,1,20,,29639,34,,,1,20,,29640,34,,,1,60,,29641,34,,,1,20,,29642,34,,,1,20,,29643,34,,,1,60,,29644,34,,,1,20,,29645,34,,,1,20,,29646,34,,,1,60,,29647,34,,,1,20,,29648,34,,,1,20,,29649,34,,,1,60,,29650,34,,,1,20,,29651,34,,,1,20,,29652,34,,,1,60,,29653,34,,,1,8,,29686,34,,,1,13,,29654,34,,,1,8,,29687,34,,,1,14,,29655,34,,,1,11,,29656,34,,,1,50,,29679,34,,,1,10,,29657,34,,,1,10,,29658,34,,,1,10,,29680,34,,,1,10,,29659,34,,,1,10,,29660,34,,,1,50,,29681,34,,,1,10,,29661,34,,,1,10,,29662,34,,,1,10,,29682,34,,,1,10,,29663,34,,,1,10,,29664,34,,,1,50,,29683,34,,,1,10,,29665,34,,,1,28,,29666,34,,,1,66,,29667,34,,,1,25,,29668,34,,,1,70,,29669,34,,,1,30,,29670,34,,,1,70,,29671,34,,,1,30,,29672,34,,,1,69,,29673,34,,,1,25,,29674,34,,,1,26,,29690,34,,,1
10600,'106-Weekday-7-26-02-1111100',555,,29739,34,,,1,74,,29691,34,,,1,76,,29692,34,,,1,21,,29749,34,,,1,21,,29693,34,,,1,4,,29748,34,,,1,56,,29694,34,,,1,10,,29695,34,,,1,10,,29696,34,,,1,10,,29740,34,,,1,10,,29697,34,,,1,9,,29698,34,,,1,50,,29741,34,,,1,9,,29699,34,,,1,10,,29700,34,,,1,9,,29742,34,,,1,9,,29701,34,,,1,58,,29702,34,,,1,20,,29703,34,,,1,20,,29704,34,,,1,60,,29705,34,,,1,20,,29706,34,,,1,20,,29707,34,,,1,60,,29708,34,,,1,20,,29709,34,,,1,20,,29710,34,,,1,60,,29711,34,,,1,20,,29712,34,,,1,20,,29713,34,,,1,60,,29714,34,,,1,20,,29715,34,,,1,20,,29716,34,,,1,60,,29717,34,,,1,8,,29750,34,,,1,13,,29718,34,,,1,8,,29751,34,,,1,14,,29719,34,,,1,11,,29720,34,,,1,50,,29743,34,,,1,10,,29721,34,,,1,10,,29722,34,,,1,10,,29744,34,,,1,10,,29723,34,,,1,10,,29724,34,,,1,50,,29745,34,,,1,10,,29725,34,,,1,10,,29726,34,,,1,10,,29746,34,,,1,10,,29727,34,,,1,10,,29728,34,,,1,50,,29747,34,,,1,10,,29729,34,,,1,28,,29730,34,,,1,66,,29731,34,,,1,25,,29732,34,,,1,70,,29733,34,,,1,30,,29734,34,,,1,70,,29735,34,,,1,30,,29736,34,,,1,69,,29737,34,,,1,25,,29738,34,,,1,26,,29753,34,,,1
10600,'106-Weekday-8-26-02-1110100',1517,,29754,12,,,1,3,,29755,12,,,1,3,,29756,12,,,1
10600,'106-Weekday-8-26-02-1111100',555,,29805,34,,,1,74,,29757,34,,,1,76,,29758,34,,,1,21,,29815,34,,,1,21,,29759,34,,,1,4,,29814,34,,,1,52,,29818,13,,,1,4,,29760,34,,,1,10,,29761,34,,,1,10,,29762,34,,,1,10,,29806,34,,,1,10,,29763,34,,,1,9,,29764,34,,,1,50,,29807,34,,,1,9,,29765,34,,,1,10,,29766,34,,,1,9,,29808,34,,,1,9,,29767,34,,,1,58,,29768,34,,,1,20,,29769,34,,,1,20,,29770,34,,,1,60,,29771,34,,,1,20,,29772,34,,,1,20,,29773,34,,,1,60,,29774,34,,,1,20,,29775,34,,,1,20,,29776,34,,,1,60,,29777,34,,,1,20,,29778,34,,,1,20,,29779,34,,,1,60,,29780,34,,,1,20,,29781,34,,,1,20,,29782,34,,,1,60,,29783,34,,,1,8,,29816,34,,,1,13,,29784,34,,,1,8,,29817,34,,,1,14,,29785,34,,,1,11,,29786,34,,,1,50,,29809,34,,,1,10,,29787,34,,,1,10,,29788,34,,,1,10,,29810,34,,,1,10,,29789,34,,,1,10,,29790,34,,,1,50,,29811,34,,,1,10,,29791,34,,,1,10,,29792,34,,,1,10,,29812,34,,,1,10,,29793,34,,,1,10,,29794,34,,,1,50,,29813,34,,,1,10,,29795,34,,,1,28,,29796,34,,,1,66,,29797,34,,,1,25,,29798,34,,,1,70,,29799,34,,,1,30,,29800,34,,,1,70,,29801,34,,,1,30,,29802,34,,,1,69,,29803,34,,,1,25,,29804,34,,,1,26,,29820,34,,,1
10600,'106-Weekday-9-26-02-1111100',555,,29869,34,,,1,74,,29821,34,,,1,76,,29822,34,,,1,21,,29879,34,,,1,21,,29823,34,,,1,4,,29878,34,,,1,56,,29824,34,,,1,10,,29825,34,,,1,10,,29826,34,,,1,10,,29870,34,,,1,10,,29827,34,,,1,9,,29828,34,,,1,50,,29871,34,,,1,9,,29829,34,,,1,10,,29830,34,,,1,9,,29872,34,,,1,9,,29831,34,,,1,58,,29832,34,,,1,20,,29833,34,,,1,20,,29834,34,,,1,60,,29835,34,,,1,20,,29836,34,,,1,20,,29837,34,,,1,60,,29838,34,,,1,20,,29839,34,,,1,20,,29840,34,,,1,60,,29841,34,,,1,20,,29842,34,,,1,20,,29843,34,,,1,60,,29844,34,,,1,20,,29845,34,,,1,20,,29846,34,,,1,60,,29847,34,,,1,8,,29880,34,,,1,13,,29848,34,,,1,8,,29881,34,,,1,14,,29849,34,,,1,11,,29850,34,,,1,50,,29873,34,,,1,10,,29851,34,,,1,10,,29852,34,,,1,10,,29874,34,,,1,10,,29853,34,,,1,10,,29854,34,,,1,50,,29875,34,,,1,10,,29855,34,,,1,10,,29856,34,,,1,10,,29876,34,,,1,10,,29857,34,,,1,10,,29858,34,,,1,50,,29877,34,,,1,10,,29859,34,,,1,28,,29860,34,,,1,66,,29861,34,,,1,25,,29862,34,,,1,70,,29863,34,,,1,30,,29864,34,,,1,70,,29865,34,,,1,30,,29866,34,,,1,69,,29867,34,,,1,25,,29868,34,,,1,26,,29883,34,,,1
10600,'106-Saturday-1-26-02-0000010',559,,29884,34,,,1,72,,29885,34,,,1,70,,29886,34,,,1,30,,29887,34,,,1,70,,29888,34,,,1,30,,29889,34,,,1,71,,29890,34,,,1,32,,29891,34,,,1,76,,29892,34,,,1,30,,29893,34,,,1,70,,29894,34,,,1,30,,29895,34,,,1,70,,29896,34,,,1,30,,29897,34,,,1,70,,29898,34,,,1,30,,29899,34,,,1,70,,29900,34,,,1,30,,29901,34,,,1,70,,29902,34,,,1,30,,29903,34,,,1,70,,29904,34,,,1,30,,29905,34,,,1,69,,29906,34,,,1,28,,29907,34,,,1,69,,29908,34,,,1,30,,29909,34,,,1,70,,29910,34,,,1,30,,29911,34,,,1,70,,29912,34,,,1,30,,29913,34,,,1,70,,29914,34,,,1,30,,29915,34,,,1,70,,29916,34,,,1,30,,29917,34,,,1,70,,29918,34,,,1,100,,29919,34,,,1
10600,'106-Sunday-1-26-02-0000001',646,,29920,34,,,1,70,,29921,34,,,1,30,,29922,34,,,1,70,,29923,34,,,1,30,,29924,34,,,1,72,,29925,34,,,1,32,,29926,34,,,1,74,,29927,34,,,1,30,,29928,34,,,1,70,,29929,34,,,1,30,,29930,34,,,1,70,,29931,34,,,1,30,,29932,34,,,1,70,,29933,34,,,1,30,,29934,34,,,1,70,,29935,34,,,1,30,,29936,34,,,1,70,,29937,34,,,1,30,,29938,34,,,1,70,,29939,34,,,1,30,,29940,34,,,1,69,,29941,34,,,1,28,,29942,34,,,1,67,,29943,34,,,1,30,,29944,34,,,1,70,,29945,34,,,1,30,,29946,34,,,1,70,,29947,34,,,1,30,,29948,34,,,1,70,,29949,34,,,1,30,,29950,34,,,1,70,,29951,34,,,1,100,,29952,34,,,1,100,,29953,34,,,1
62600,'626-Weekday-1-26-02-0001000',1219,,60842,8,,,1,4,,60843,8,,,1,4,,60844,8,,,1
62600,'626-Weekday-1-26-02-1110100',1517,,60845,8,,,1,4,,60846,8,,,1,4,,60847,8,,,1
62600,'626-Weekday-2-26-02-0001000',1219,,60848,8,,,1,4,,60849,8,,,1,4,,60850,8,,,1
62600,'626-Weekday-2-26-02-1110100',1517,,60851,8,,,1,4,,60852,8,,,1,4,,60853,8,,,1
62600,'626-Weekday-5-26-02-0000100',1219,,60854,8,,,1,4,,60855,8,,,1,4,,60856,8,,,1
62600,'626-Weekday-5-26-02-1111000',1517,,60857,8,,,1,4,,60858,8,,,1,4,,60859,8,,,1
62600,'626-Weekday-6-26-02-1110100',1517,,60860,8,,,1,4,,60861,8,,,1,4,,60862,8,,,1
62600,'626-Weekday-8-26-02-1110100',1517,,60863,8,,,1,4,,60864,8,,,1,4,,60865,8,,,1
62600,'626-Weekday-9-26-02-0001000',1219,,60866,8,,,1,4,,60867,8,,,1,4,,60868,8,,,1
