11701,'117-Weekday-1-26-06-1111100',547,,172812,29,,,1,70,,172813,29,,,1,33,,172838,29,,,1,70,,172814,29,,,1,30,,172815,29,,,1,70,,172816,29,,,1,30,,172840,29,,,1,68,,172817,29,,,1,30,,172818,29,,,1,70,,172819,29,,,1,30,,172820,29,,,1,70,,172821,29,,,1,30,,172822,29,,,1,70,,172823,29,,,1,30,,172824,29,,,1,70,,172825,29,,,1,30,,172826,29,,,1,70,,172827,29,,,1,30,,172839,29,,,1,72,,172843,29,,,1,30,,172828,29,,,1,70,,172829,29,,,1,30,,172830,29,,,1,70,,172841,29,,,1,30,,172842,29,,,1,70,,172831,29,,,1,29,,172832,29,,,1,70,,172833,29,,,1,30,,172834,29,,,1,70,,172835,29,,,1,30,,172836,29,,,1,70,,172837,29,,,1,30,,172844,29,,,1
11701,'117-Weekday-3-26-06-1111100',547,,194209,29,,,1,70,,194210,29,,,1,33,,194235,29,,,1,70,,194211,29,,,1,30,,194212,29,,,1,70,,194213,29,,,1,30,,194237,29,,,1,68,,194214,29,,,1,30,,194215,29,,,1,70,,194216,29,,,1,30,,194217,29,,,1,70,,194218,29,,,1,30,,194219,29,,,1,70,,194220,29,,,1,30,,194221,29,,,1,70,,194222,29,,,1,30,,194223,29,,,1,70,,194224,29,,,1,30,,194236,29,,,1,72,,194240,29,,,1,30,,194225,29,,,1,70,,194226,29,,,1,30,,194227,29,,,1,70,,194238,29,,,1,30,,194239,29,,,1,70,,194228,29,,,1,29,,194229,29,,,1,70,,194230,29,,,1,30,,194231,29,,,1,70,,194232,29,,,1,30,,194233,29,,,1,70,,194234,29,,,1,30,,194241,29,,,1
11701,'117-Saturday-1-26-06-0000010',635,,172845,29,,,1,100,,172846,29,,,1,100,,172847,29,,,1,79,,172848,29,,,1,29,,172849,29,,,1,70,,172850,29,,,1,30,,172851,29,,,1,70,,172852,29,,,1,30,,172853,29,,,1,70,,172854,29,,,1,30,,172855,29,,,1,70,,172856,29,,,1,30,,172857,29,,,1,70,,172858,29,,,1,30,,172859,29,,,1,70,,172860,29,,,1,30,,172861,29,,,1,70,,172862,29,,,1,30,,172863,29,,,1,70,,172864,29,,,1,30,,172865,29,,,1,70,,172866,29,,,1,30,,172867,29,,,1,70,,172868,29,,,1,30,,172869,29,,,1,70,,172870,29,,,1,30,,172871,29,,,1,70,,172872,29,,,1,30,,172873,29,,,1,70,,172874,29,,,1
11701,'117-Sunday-1-26-06-0000001',650,,172875,29,,,1,100,,172876,29,,,1,100,,172877,29,,,1,101,,172878,29,,,1,70,,172879,29,,,1,30,,172880,29,,,1,70,,172881,29,,,1,30,,172882,29,,,1,70,,172883,29,,,1,30,,172884,29,,,1,70,,172885,29,,,1,30,,172886,29,,,1,70,,172887,29,,,1,30,,172888,29,,,1,70,,172889,29,,,1,30,,172890,29,,,1,70,,172891,29,,,1,30,,172892,29,,,1,69,,172893,29,,,1,28,,172894,29,,,1,70,,172895,29,,,1,30,,172896,29,,,1,70,,172897,29,,,1,100,,172898,29,,,1,100,,172899,29,,,1
11701,'117-Sunday-2-26-06-0000001',650,,194242,29,,,1,100,,194243,29,,,1,100,,194244,29,,,1,101,,194245,29,,,1,70,,194246,29,,,1,30,,194247,29,,,1,70,,194248,29,,,1,30,,194249,29,,,1,70,,194250,29,,,1,30,,194251,29,,,1,70,,194252,29,,,1,30,,194253,29,,,1,70,,194254,29,,,1,30,,194255,29,,,1,70,,194256,29,,,1,30,,194257,29,,,1,70,,194258,29,,,1,30,,194259,29,,,1,69,,194260,29,,,1,28,,194261,29,,,1,70,,194262,29,,,1,30,,194263,29,,,1,70,,194264,29,,,1,100,,194265,29,,,1,100,,194266,29,,,1
11801,'118-Weekday-1-26-06-1111100',548,,173013,42,,,1,70,,172985,42,,,1,33,,173016,42,,,1,75,,172986,42,,,1,20,,173010,42,,,1,60,,172987,42,,,1,20,,172988,42,,,1,20,,173011,42,,,1,60,,172990,42,,,1,20,,172989,42,,,1,27,,172991,42,,,1,70,,172992,42,,,1,30,,172993,42,,,1,70,,172994,42,,,1,30,,172995,42,,,1,70,,172996,42,,,1,30,,172997,42,,,1,70,,172998,42,,,1,30,,172999,42,,,1,70,,173000,42,,,1,30,,173001,42,,,1,73,,173017,42,,,1,33,,173005,42,,,1,70,,173002,42,,,1,20,,173003,42,,,1,60,,173012,42,,,1,20,,173004,42,,,1,20,,173009,42,,,1,60,,173008,42,,,1,20,,173006,42,,,1,27,,173007,42,,,1,66,,173018,42,,,1,30,,173019,42,,,1,70,,173020,42,,,1,30,,173021,42,,,1,70,,173015,42,,,1,30,,173014,42,,,1,68,,173022,42,,,1
11801,'118-Weekday-3-26-06-1111100',548,,194355,42,,,1,70,,194327,42,,,1,33,,194358,42,,,1,75,,194328,42,,,1,20,,194352,42,,,1,60,,194329,42,,,1,20,,194330,42,,,1,20,,194353,42,,,1,60,,194332,42,,,1,20,,194331,42,,,1,27,,194333,42,,,1,70,,194334,42,,,1,30,,194335,42,,,1,70,,194336,42,,,1,30,,194337,42,,,1,70,,194338,42,,,1,30,,194339,42,,,1,70,,194340,42,,,1,30,,194341,42,,,1,70,,194342,42,,,1,30,,194343,42,,,1,73,,194359,42,,,1,33,,194347,42,,,1,70,,194344,42,,,1,20,,194345,42,,,1,60,,194354,42,,,1,20,,194346,42,,,1,20,,194351,42,,,1,60,,194350,42,,,1,20,,194348,42,,,1,27,,194349,42,,,1,66,,194360,42,,,1,30,,194361,42,,,1,70,,194362,42,,,1,30,,194363,42,,,1,70,,194357,42,,,1,30,,194356,42,,,1,68,,194364,42,,,1
11801,'118-Saturday-1-26-06-0000010',709,,173023,42,,,1,100,,173024,42,,,1,45,,173025,42,,,1,78,,173026,42,,,1,69,,173027,42,,,1,30,,173028,42,,,1,70,,173029,42,,,1,30,,173030,42,,,1,70,,173031,42,,,1,30,,173032,42,,,1,70,,173033,42,,,1,30,,173034,42,,,1,70,,173035,42,,,1,30,,173036,42,,,1,70,,173037,42,,,1,30,,173038,42,,,1,70,,173039,42,,,1,30,,173040,42,,,1,70,,173041,42,,,1,29,,173042,42,,,1,70,,173043,42,,,1,30,,173044,42,,,1,70,,173045,42,,,1,30,,173046,42,,,1,70,,173047,42,,,1
11801,'118-Sunday-1-26-06-0000001',625,,173069,42,,,1,100,,173048,42,,,1,100,,173049,42,,,1,98,,173050,42,,,1,85,,173051,42,,,1,30,,173052,42,,,1,70,,173053,42,,,1,30,,173054,42,,,1,70,,173055,42,,,1,30,,173056,42,,,1,70,,173057,42,,,1,30,,173058,42,,,1,70,,173059,42,,,1,30,,173060,42,,,1,70,,173061,42,,,1,30,,173062,42,,,1,70,,173063,42,,,1,30,,173064,42,,,1,69,,173065,42,,,1,29,,173066,42,,,1,70,,173067,42,,,1,30,,173068,42,,,1
11801,'118-Sunday-2-26-06-0000001',625,,194386,42,,,1,100,,194365,42,,,1,100,,194366,42,,,1,98,,194367,42,,,1,85,,194368,42,,,1,30,,194369,42,,,1,70,,194370,42,,,1,30,,194371,42,,,1,70,,194372,42,,,1,30,,194373,42,,,1,70,,194374,42,,,1,30,,194375,42,,,1,70,,194376,42,,,1,30,,194377,42,,,1,70,,194378,42,,,1,30,,194379,42,,,1,70,,194380,42,,,1,30,,194381,42,,,1,69,,194382,42,,,1,29,,194383,42,,,1,70,,194384,42,,,1,30,,194385,42,,,1
