10901,'109-Weekday-1-26-04-1111100',530,,120704,15,0,18 14,1,70,,120705,15,0,18 14,1,30,,120706,15,0,18 14,1,24,,120707,15,0,18 14,1,55,,120708,15,0,18 14,1,15,,120743,15,0,18 14,1,15,,120709,15,0,18 14,1,15,,120710,15,0,18 14,1,55,,120711,15,0,18 14,1,15,,120744,15,0,18 14,1,15,,120712,15,0,18 14,1,62,,120713,15,0,18 14,1,29,,120714,15,0,18 14,1,70,,120715,15,0,18 14,1,30,,120716,15,0,18 14,1,70,,120717,15,0,18 14,1,30,,120718,15,0,18 14,1,70,,120719,15,0,18 14,1,30,,120720,15,0,18 14,1,70,,120721,15,0,18 14,1,30,,120722,15,0,18 14,1,70,,120723,15,0,18 14,1,30,,120724,15,0,18 14,1,71,,120725,15,0,18 14,1,25,,120726,15,0,18 14,1,15,,120727,15,0,18 14,1,15,,120745,15,0,18 14,1,55,,120728,15,0,18 14,1,15,,120729,15,0,18 14,1,15,,120730,15,0,18 14,1,15,,120731,15,0,18 14,1,55,,120746,15,0,18 14,1,22,,120732,15,0,18 14,1,70,,120733,15,0,18 14,1,29,,120734,15,0,18 14,1,68,,120735,15,0,18 14,1,30,,120736,15,0,18 14,1,70,,120737,15,0,18 14,1,30,,120738,15,0,18 14,1,70,,120739,15,0,18 14,1,30,,120740,15,0,18 14,1,70,,120747,15,0,18 14,1,59,,120741,15,0,18 14,1,100,,120742,15,0,18 14,1
10901,'109-Saturday-1-26-04-0000010',822,,120836,15,0,18 14,1,30,,120837,15,0,18 14,1,70,,120838,15,0,18 14,1,30,,120839,15,0,18 14,1,70,,120840,15,0,18 14,1,30,,120841,15,0,18 14,1,70,,120842,15,0,18 14,1,30,,120843,15,0,18 14,1,70,,120844,15,0,18 14,1,30,,120845,15,0,18 14,1,70,,120846,15,0,18 14,1,30,,120847,15,0,18 14,1,70,,120848,15,0,18 14,1,30,,120849,15,0,18 14,1,70,,120850,15,0,18 14,1,30,,120851,15,0,18 14,1,70,,120852,15,0,18 14,1,30,,120853,15,0,18 14,1,70,,120854,15,0,18 14,1,30,,120855,15,0,18 14,1,70,,120856,15,0,18 14,1,30,,120857,15,0,18 14,1,70,,120858,15,0,18 14,1,30,,120859,15,0,18 14,1,70,,120860,15,0,18 14,1,30,,120861,15,0,18 14,1,70,,120862,15,0,18 14,1,30,,120863,15,0,18 14,1
10901,'109-Sunday-1-26-04-0000001',1032,,120864,15,0,18 14,1,70,,120865,15,0,18 14,1,30,,120866,15,0,18 14,1,70,,120867,15,0,18 14,1,30,,120868,15,0,18 14,1,70,,120869,15,0,18 14,1,30,,120870,15,0,18 14,1,70,,120871,15,0,18 14,1,30,,120872,15,0,18 14,1,70,,120873,15,0,18 14,1,30,,120874,15,0,18 14,1,70,,120875,15,0,18 14,1,30,,120876,15,0,18 14,1,70,,120877,15,0,18 14,1,30,,120878,15,0,18 14,1,70,,120879,15,0,18 14,1,30,,120880,15,0,18 14,1,70,,120881,15,0,18 14,1
12401,'124-Weekday-1-26-04-1111100',532,,124535,16,,,1,70,,124536,16,,,1,32,,124537,16,,,1,17,,124538,16,,,1,55,,124539,16,,,1,15,,124540,16,,,1,15,,124541,16,,,1,15,,124542,16,,,1,8,,124528,4,,,1,47,,124543,16,,,1,2,,124529,4,,,1,13,,124544,16,,,1,15,,124530,16,,,1,70,,124559,16,,,1,29,,124560,16,,,1,70,,124561,16,,,1,30,,124562,16,,,1,70,,124563,16,,,1,30,,124545,16,,,1,70,,124546,16,,,1,30,,124547,16,,,1,70,,124548,16,,,1,30,,124549,16,,,1,70,,124550,16,,,1,30,,124551,16,,,1,70,,124531,16,,,1,25,,124564,16,,,1,15,,124565,16,,,1,55,,124566,16,,,1,15,,124554,16,,,1,15,,124555,16,,,1,15,,124556,16,,,1,55,,124552,16,,,1,15,,124553,16,,,1,15,,124532,16,,,1,70,,124533,16,,,1,30,,124534,16,,,1,26,,124557,16,,,1,67,,124558,16,,,1,28,,124567,16,,,1,70,,124568,16,,,1,30,,124569,16,,,1,70,,124570,16,,,1,30,,124571,16,,,1
12401,'124-Saturday-1-26-04-0000010',808,,124658,16,,,1,30,,124659,16,,,1,71,,124660,16,,,1,30,,124661,16,,,1,70,,124662,16,,,1,30,,124663,16,,,1,70,,124664,16,,,1,30,,124665,16,,,1,70,,124666,16,,,1,30,,124667,16,,,1,70,,124668,16,,,1,30,,124669,16,,,1,70,,124670,16,,,1,30,,124671,16,,,1,70,,124672,16,,,1,30,,124673,16,,,1,70,,124674,16,,,1,30,,124675,16,,,1,69,,124676,16,,,1,30,,124677,16,,,1,70,,124678,16,,,1,30,,124679,16,,,1,70,,124680,16,,,1
12401,'124-Sunday-1-26-04-0000001',957,,124681,16,,,1,70,,124682,16,,,1,30,,124683,16,,,1,69,,124684,16,,,1,30,,124685,16,,,1,70,,124686,16,,,1,30,,124687,16,,,1,70,,124688,16,,,1,30,,124689,16,,,1,70,,124690,16,,,1,30,,124691,16,,,1,70,,124692,16,,,1,30,,124694,16,,,1,70,,124695,16,,,1,30,,124696,16,,,1,71,,124693,16,,,1,30,,124697,16,,,1,70,,124698,16,,,1,31,,124699,16,,,1
61301,'613-Weekday-1-26-04-0001000',1239,,131638,20,,,1,5,,131639,20,,,1,203,,131640,20,,,1,5,,131641,20,,,1
61301,'613-Weekday-1-26-04-1110100',1537,,131642,20,,,1,5,,131643,20,,,1,5,,131644,20,,,1,5,,131645,20,,,1
68301,'683-Weekday-1-26-04-1111100',736,,132188,4,,,1,5,,132189,4,,,1,5,,132190,4,,,1
24015000,'150X-Weekday-1-26-04-1111100',1520,,148817,32,,,1,20,,148818,32,,,1,60,,148819,32,,,1,20,,148820,32,,,1,20,,148821,32,,,1,60,,148822,32,,,1,20,,148823,32,,,1,20,,148824,32,,,1,60,,148825,32,,,1,20,,148826,32,,,1
