200,'002-Weekday-1-26-02-1111100',2506,,1819,60,0,10 33,1,30,,1820,60,0,10 33,1,70,,1821,60,0,10 33,1,30,,1822,60,0,10 33,1,70,,1823,60,0,10 33,1
200,'002-Weekday-10-26-02-1111100',2506,,1907,60,0,10 33,1,30,,1908,60,0,10 33,1,70,,1909,60,0,10 33,1,30,,1910,60,0,10 33,1,70,,1911,60,0,10 33,1
200,'002-Weekday-2-26-02-1111100',2506,,1995,60,0,10 33,1,30,,1996,60,0,10 33,1,70,,1997,60,0,10 33,1,30,,1998,60,0,10 33,1,70,,1999,60,0,10 33,1
200,'002-Weekday-4-26-02-1111100',2506,,2083,60,0,10 33,1,30,,2084,60,0,10 33,1,70,,2085,60,0,10 33,1,30,,2086,60,0,10 33,1,70,,2087,60,0,10 33,1
200,'002-Weekday-5-26-02-1111100',2506,,2170,60,0,10 33,1,30,,2171,60,0,10 33,1,70,,2172,60,0,10 33,1,30,,2173,60,0,10 33,1,70,,2174,60,0,10 33,1
200,'002-Weekday-6-26-02-1111100',2506,,2258,60,0,10 33,1,30,,2259,60,0,10 33,1,70,,2260,60,0,10 33,1,30,,2261,60,0,10 33,1,70,,2262,60,0,10 33,1
200,'002-Weekday-7-26-02-1111100',2506,,2346,60,0,10 33,1,30,,2347,60,0,10 33,1,70,,2348,60,0,10 33,1,30,,2349,60,0,10 33,1,70,,2350,60,0,10 33,1
200,'002-Weekday-8-26-02-1111100',2506,,2433,60,0,10 33,1,30,,2434,60,0,10 33,1,70,,2435,60,0,10 33,1,30,,2436,60,0,10 33,1,70,,2437,60,0,10 33,1
200,'002-Weekday-9-26-02-1111100',2506,,2521,60,0,10 33,1,30,,2522,60,0,10 33,1,70,,2523,60,0,10 33,1,30,,2524,60,0,10 33,1,70,,2525,60,0,10 33,1
200,'002-Saturday-1-26-02-0000010',2507,,2600,60,0,10 33,1,30,,2601,60,0,10 33,1,70,,2602,60,0,10 33,1,30,,2603,60,0,10 33,1,70,,2604,60,0,10 33,1
200,'002-Sunday-1-26-02-0000001',2407,,2672,60,0,10 33,1,30,,2673,60,0,10 33,1,70,,2674,60,0,10 33,1,30,,2675,60,0,10 33,1,70,,2676,60,0,10 33,1,30,,2677,60,0,10 33,1,70,,2679,60,0,10 33,1
