50700,'507-Weekday-1-26-02-1111100',535,,46502,40,,,1,70,,46503,40,,,1,31,,46504,40,,,1,77,,46505,40,,,1,30,,46506,40,,,1,70,,46507,40,,,1,26,,46542,40,,,1,65,,46541,40,,,1,24,,46508,40,,,1,30,,46509,40,,,1,70,,46510,40,,,1,30,,46511,40,,,1,70,,46512,40,,,1,30,,46513,40,,,1,70,,46514,40,,,1,30,,46515,40,,,1,70,,46516,40,,,1,30,,46517,40,,,1,70,,46518,40,,,1,31,,46519,40,,,1,75,,46520,40,,,1,66,,46544,40,,,1,4,,46521,40,,,1,15,,46522,40,,,1,15,,46523,40,,,1,15,,46524,40,,,1,55,,46525,40,,,1,15,,46526,40,,,1,15,,46527,40,,,1,15,,46528,40,,,1,55,,46529,40,,,1,15,,46530,40,,,1,14,,46531,40,,,1,25,,46532,40,,,1,71,,46533,40,,,1,30,,46534,40,,,1,70,,46535,40,,,1,30,,46536,40,,,1,70,,46537,40,,,1,30,,46538,40,,,1,67,,46543,40,,,1,90,,46539,40,,,1,100,,46540,40,,,1
50700,'507-Weekday-10-26-02-1111100',535,,46546,40,,,1,70,,46547,40,,,1,31,,46548,40,,,1,77,,46549,40,,,1,30,,46550,40,,,1,70,,46551,40,,,1,26,,46586,40,,,1,65,,46585,40,,,1,24,,46552,40,,,1,30,,46553,40,,,1,70,,46554,40,,,1,30,,46555,40,,,1,70,,46556,40,,,1,30,,46557,40,,,1,70,,46558,40,,,1,30,,46559,40,,,1,70,,46560,40,,,1,30,,46561,40,,,1,70,,46562,40,,,1,31,,46563,40,,,1,75,,46564,40,,,1,66,,46588,40,,,1,4,,46565,40,,,1,15,,46566,40,,,1,15,,46567,40,,,1,15,,46568,40,,,1,55,,46569,40,,,1,15,,46570,40,,,1,15,,46571,40,,,1,15,,46572,40,,,1,55,,46573,40,,,1,15,,46574,40,,,1,14,,46575,40,,,1,25,,46576,40,,,1,71,,46577,40,,,1,30,,46578,40,,,1,70,,46579,40,,,1,30,,46580,40,,,1,70,,46581,40,,,1,30,,46582,40,,,1,67,,46587,40,,,1,90,,46583,40,,,1,100,,46584,40,,,1
50700,'507-Weekday-4-26-02-1111100',535,,46633,40,,,1,70,,46634,40,,,1,31,,46635,40,,,1,77,,46636,40,,,1,30,,46637,40,,,1,70,,46638,40,,,1,26,,46673,40,,,1,65,,46672,40,,,1,24,,46639,40,,,1,30,,46640,40,,,1,70,,46641,40,,,1,30,,46642,40,,,1,70,,46643,40,,,1,30,,46644,40,,,1,70,,46645,40,,,1,30,,46646,40,,,1,70,,46647,40,,,1,30,,46648,40,,,1,70,,46649,40,,,1,31,,46650,40,,,1,75,,46651,40,,,1,70,,46652,40,,,1,15,,46653,40,,,1,15,,46654,40,,,1,15,,46655,40,,,1,55,,46656,40,,,1,15,,46657,40,,,1,15,,46658,40,,,1,15,,46659,40,,,1,55,,46660,40,,,1,15,,46661,40,,,1,14,,46662,40,,,1,25,,46663,40,,,1,71,,46664,40,,,1,30,,46665,40,,,1,70,,46666,40,,,1,30,,46667,40,,,1,70,,46668,40,,,1,30,,46669,40,,,1,67,,46674,40,,,1,90,,46670,40,,,1,100,,46671,40,,,1
50700,'507-Weekday-5-26-02-1111100',535,,46676,40,,,1,70,,46677,40,,,1,31,,46678,40,,,1,77,,46679,40,,,1,30,,46680,40,,,1,70,,46681,40,,,1,26,,46716,40,,,1,65,,46715,40,,,1,24,,46682,40,,,1,30,,46683,40,,,1,70,,46684,40,,,1,30,,46685,40,,,1,70,,46686,40,,,1,30,,46687,40,,,1,70,,46688,40,,,1,30,,46689,40,,,1,70,,46690,40,,,1,30,,46691,40,,,1,70,,46692,40,,,1,31,,46693,40,,,1,75,,46694,40,,,1,66,,46718,40,,,1,4,,46695,40,,,1,15,,46696,40,,,1,15,,46697,40,,,1,15,,46698,40,,,1,55,,46699,40,,,1,15,,46700,40,,,1,15,,46701,40,,,1,15,,46702,40,,,1,55,,46703,40,,,1,15,,46704,40,,,1,14,,46705,40,,,1,25,,46706,40,,,1,71,,46707,40,,,1,30,,46708,40,,,1,70,,46709,40,,,1,30,,46710,40,,,1,70,,46711,40,,,1,30,,46712,40,,,1,67,,46717,40,,,1,90,,46713,40,,,1,100,,46714,40,,,1
50700,'507-Weekday-7-26-02-1111100',535,,46762,40,,,1,70,,46763,40,,,1,31,,46764,40,,,1,77,,46765,40,,,1,30,,46766,40,,,1,70,,46767,40,,,1,26,,46802,40,,,1,65,,46801,40,,,1,24,,46768,40,,,1,30,,46769,40,,,1,70,,46770,40,,,1,30,,46771,40,,,1,70,,46772,40,,,1,30,,46773,40,,,1,70,,46774,40,,,1,30,,46775,40,,,1,70,,46776,40,,,1,30,,46777,40,,,1,70,,46778,40,,,1,31,,46779,40,,,1,75,,46780,40,,,1,70,,46781,40,,,1,15,,46782,40,,,1,15,,46783,40,,,1,15,,46784,40,,,1,55,,46785,40,,,1,15,,46786,40,,,1,15,,46787,40,,,1,15,,46788,40,,,1,55,,46789,40,,,1,15,,46790,40,,,1,14,,46791,40,,,1,25,,46792,40,,,1,71,,46793,40,,,1,30,,46794,40,,,1,70,,46795,40,,,1,30,,46796,40,,,1,70,,46797,40,,,1,30,,46798,40,,,1,67,,46803,40,,,1,90,,46799,40,,,1,100,,46800,40,,,1
50700,'507-Saturday-1-26-02-0000010',611,,46890,40,,,1,100,,46891,40,,,1,100,,46892,40,,,1,30,,46893,40,,,1,71,,46894,40,,,1,32,,46895,40,,,1,70,,46896,40,,,1,30,,46897,40,,,1,70,,46898,40,,,1,30,,46899,40,,,1,70,,46900,40,,,1,30,,46901,40,,,1,70,,46902,40,,,1,30,,46903,40,,,1,70,,46904,40,,,1,30,,46905,40,,,1,70,,46906,40,,,1,30,,46907,40,,,1,70,,46908,40,,,1,30,,46909,40,,,1,69,,46910,40,,,1,29,,46911,40,,,1,70,,46912,40,,,1,30,,46913,40,,,1,100,,46914,40,,,1,100,,46915,40,,,1,100,,46916,40,,,1,100,,46917,40,,,1,100,,46918,40,,,1
50700,'507-Sunday-1-26-02-0000001',640,,46919,40,,,1,100,,46920,40,,,1,100,,46921,40,,,1,103,,46922,40,,,1,100,,46923,40,,,1,70,,46924,40,,,1,30,,46925,40,,,1,70,,46926,40,,,1,30,,46927,40,,,1,70,,46928,40,,,1,30,,46929,40,,,1,70,,46930,40,,,1,30,,46931,40,,,1,70,,46932,40,,,1,30,,46933,40,,,1,70,,46934,40,,,1,30,,46935,40,,,1,69,,46936,40,,,1,29,,46937,40,,,1,70,,46938,40,,,1,30,,46939,40,,,1,91,,46940,40,,,1,100,,46941,40,,,1,100,,46942,40,,,1,100,,46943,40,,,1,100,,46944,40,,,1
63001,'630-Weekday-1-26-02-0001000',1244,,60920,16,,,1,203,,60921,13,,,1
63001,'630-Weekday-1-26-02-1110100',1546,,60922,16,,,1
63001,'630-Weekday-5-26-02-0000100',1244,,60927,16,,,1
63001,'630-Weekday-5-26-02-0001000',1447,,60928,13,,,1
63001,'630-Weekday-5-26-02-1110100',1546,,60929,16,,,1
63001,'630-Weekday-9-26-02-0001000',1244,,60932,16,,,1,203,,60933,13,,,1
63501,'635-Weekday-1-26-02-1111100',1543,,61066,26,,,1
63501,'635-Weekday-5-26-02-1111100',1543,,61069,26,,,1
63501,'635-Weekday-9-26-02-1111100',1543,,61070,26,,,1
