10900,'109-Weekday-1-26-02-1111100',525,,33083,43,,,1,30,,33084,43,,,1,70,,33085,43,,,1,32,,33086,43,,,1,55,,33087,43,,,1,15,,33124,43,,,1,15,,33088,43,,,1,15,,33089,43,,,1,55,,33090,43,,,1,15,,33125,43,,,1,15,,33091,43,,,1,15,,33092,43,,,1,69,,33093,43,,,1,30,,33094,43,,,1,70,,33095,43,,,1,30,,33096,43,,,1,70,,33097,43,,,1,30,,33098,43,,,1,70,,33099,43,,,1,30,,33100,43,,,1,70,,33101,43,,,1,30,,33102,43,,,1,70,,33103,43,,,1,30,,33104,43,,,1,74,,33105,43,,,1,15,,33106,43,,,1,55,,33126,43,,,1,15,,33107,43,,,1,15,,33108,43,,,1,15,,33109,43,,,1,55,,33127,43,,,1,15,,33110,43,,,1,15,,33111,43,,,1,70,,33112,43,,,1,30,,33113,43,,,1,25,,33114,43,,,1,70,,33115,43,,,1,30,,33116,43,,,1,70,,33117,43,,,1,30,,33118,43,,,1,70,,33119,43,,,1,30,,33120,43,,,1,70,,33121,43,,,1,100,,33122,43,,,1,100,,33123,43,,,1
10900,'109-Weekday-10-26-02-1111100',525,,33128,43,,,1,30,,33129,43,,,1,70,,33130,43,,,1,32,,33131,43,,,1,55,,33132,43,,,1,15,,33169,43,,,1,15,,33133,43,,,1,15,,33134,43,,,1,55,,33135,43,,,1,15,,33170,43,,,1,15,,33136,43,,,1,15,,33137,43,,,1,69,,33138,43,,,1,30,,33139,43,,,1,70,,33140,43,,,1,30,,33141,43,,,1,70,,33142,43,,,1,30,,33143,43,,,1,70,,33144,43,,,1,30,,33145,43,,,1,70,,33146,43,,,1,30,,33147,43,,,1,70,,33148,43,,,1,30,,33149,43,,,1,74,,33150,43,,,1,15,,33151,43,,,1,55,,33171,43,,,1,15,,33152,43,,,1,15,,33153,43,,,1,15,,33154,43,,,1,55,,33172,43,,,1,15,,33155,43,,,1,15,,33156,43,,,1,70,,33157,43,,,1,30,,33158,43,,,1,25,,33159,43,,,1,70,,33160,43,,,1,30,,33161,43,,,1,70,,33162,43,,,1,30,,33163,43,,,1,70,,33164,43,,,1,30,,33165,43,,,1,70,,33166,43,,,1,100,,33167,43,,,1,100,,33168,43,,,1
10900,'109-Weekday-4-26-02-1111100',525,,33218,43,,,1,30,,33219,43,,,1,70,,33220,43,,,1,32,,33221,43,,,1,55,,33222,43,,,1,15,,33259,43,,,1,15,,33223,43,,,1,15,,33224,43,,,1,55,,33225,43,,,1,15,,33260,43,,,1,15,,33226,43,,,1,15,,33227,43,,,1,69,,33228,43,,,1,30,,33229,43,,,1,70,,33230,43,,,1,30,,33231,43,,,1,70,,33232,43,,,1,30,,33233,43,,,1,70,,33234,43,,,1,30,,33235,43,,,1,70,,33236,43,,,1,30,,33237,43,,,1,70,,33238,43,,,1,30,,33239,43,,,1,74,,33240,43,,,1,15,,33241,43,,,1,55,,33261,43,,,1,15,,33242,43,,,1,15,,33243,43,,,1,15,,33244,43,,,1,55,,33262,43,,,1,15,,33245,43,,,1,15,,33246,43,,,1,70,,33247,43,,,1,30,,33248,43,,,1,25,,33249,43,,,1,70,,33250,43,,,1,30,,33251,43,,,1,70,,33252,43,,,1,30,,33253,43,,,1,70,,33254,43,,,1,30,,33255,43,,,1,70,,33256,43,,,1,100,,33257,43,,,1,100,,33258,43,,,1
10900,'109-Weekday-5-26-02-1111100',525,,33263,43,,,1,30,,33264,43,,,1,70,,33265,43,,,1,32,,33266,43,,,1,55,,33267,43,,,1,15,,33304,43,,,1,15,,33268,43,,,1,15,,33269,43,,,1,55,,33270,43,,,1,15,,33305,43,,,1,15,,33271,43,,,1,15,,33272,43,,,1,69,,33273,43,,,1,30,,33274,43,,,1,70,,33275,43,,,1,30,,33276,43,,,1,70,,33277,43,,,1,30,,33278,43,,,1,70,,33279,43,,,1,30,,33280,43,,,1,70,,33281,43,,,1,30,,33282,43,,,1,70,,33283,43,,,1,30,,33284,43,,,1,74,,33285,43,,,1,15,,33286,43,,,1,55,,33306,43,,,1,15,,33287,43,,,1,15,,33288,43,,,1,15,,33289,43,,,1,55,,33307,43,,,1,15,,33290,43,,,1,15,,33291,43,,,1,70,,33292,43,,,1,30,,33293,43,,,1,25,,33294,43,,,1,70,,33295,43,,,1,30,,33296,43,,,1,70,,33297,43,,,1,30,,33298,43,,,1,70,,33299,43,,,1,30,,33300,43,,,1,70,,33301,43,,,1,100,,33302,43,,,1,100,,33303,43,,,1
10900,'109-Weekday-7-26-02-1111100',525,,33353,43,,,1,30,,33354,43,,,1,70,,33355,43,,,1,32,,33356,43,,,1,55,,33357,43,,,1,15,,33394,43,,,1,15,,33358,43,,,1,15,,33359,43,,,1,55,,33360,43,,,1,15,,33395,43,,,1,15,,33361,43,,,1,15,,33362,43,,,1,69,,33363,43,,,1,30,,33364,43,,,1,70,,33365,43,,,1,30,,33366,43,,,1,70,,33367,43,,,1,30,,33368,43,,,1,70,,33369,43,,,1,30,,33370,43,,,1,70,,33371,43,,,1,30,,33372,43,,,1,70,,33373,43,,,1,30,,33374,43,,,1,74,,33375,43,,,1,15,,33376,43,,,1,55,,33396,43,,,1,15,,33377,43,,,1,15,,33378,43,,,1,15,,33379,43,,,1,55,,33397,43,,,1,15,,33380,43,,,1,15,,33381,43,,,1,70,,33382,43,,,1,30,,33383,43,,,1,25,,33384,43,,,1,70,,33385,43,,,1,30,,33386,43,,,1,70,,33387,43,,,1,30,,33388,43,,,1,70,,33389,43,,,1,30,,33390,43,,,1,70,,33391,43,,,1,100,,33392,43,,,1,100,,33393,43,,,1
10900,'109-Saturday-1-26-02-0000010',815,,33488,43,,,1,30,,33489,43,,,1,72,,33490,43,,,1,31,,33491,43,,,1,70,,33492,43,,,1,30,,33493,43,,,1,70,,33494,43,,,1,30,,33495,43,,,1,70,,33496,43,,,1,30,,33497,43,,,1,70,,33498,43,,,1,30,,33499,43,,,1,70,,33500,43,,,1,30,,33501,43,,,1,70,,33502,43,,,1,30,,33503,43,,,1,70,,33504,43,,,1,30,,33505,43,,,1,69,,33506,43,,,1,30,,33507,43,,,1,70,,33508,43,,,1,30,,33509,43,,,1,70,,33510,43,,,1,30,,33511,43,,,1,70,,33512,43,,,1,30,,33513,43,,,1,70,,33514,43,,,1,30,,33515,43,,,1,70,,33516,43,,,1
10900,'109-Sunday-1-26-02-0000001',1028,,33517,43,,,1,30,,33518,43,,,1,70,,33519,43,,,1,30,,33520,43,,,1,70,,33521,43,,,1,30,,33522,43,,,1,70,,33523,43,,,1,30,,33524,43,,,1,70,,33525,43,,,1,30,,33526,43,,,1,70,,33527,43,,,1,30,,33528,43,,,1,70,,33529,43,,,1,30,,33530,43,,,1,69,,33531,43,,,1,30,,33532,43,,,1,70,,33533,43,,,1,30,,33534,43,,,1
61800,'618-Weekday-1-26-02-0001000',1251,,60569,27,,,1
61800,'618-Weekday-1-26-02-1110100',1542,,60570,27,,,1
61800,'618-Weekday-5-26-02-0000100',1251,,60573,27,,,1
61800,'618-Weekday-5-26-02-1111000',1542,,60574,27,,,1
61800,'618-Weekday-9-26-02-0001000',1251,,60577,27,,,1
68300,'683-Weekday-1-26-02-0001000',1326,,61988,34,,,1,4,,61989,34,,,1
68300,'683-Weekday-1-26-02-1110100',1624,,61990,34,,,1,4,,61991,34,,,1
68300,'683-Weekday-1-26-02-1111100',1556,,61992,34,,,1,46,,61993,34,,,1
68300,'683-Weekday-5-26-02-0000100',1326,,62002,34,,,1,4,,62003,34,,,1
68300,'683-Weekday-5-26-02-1111000',1624,,62004,34,,,1,4,,62005,34,,,1
68300,'683-Weekday-5-26-02-1111100',1556,,62006,34,,,1,46,,62007,34,,,1
68300,'683-Weekday-9-26-02-0001000',1326,,62012,34,,,1,4,,62013,34,,,1
68300,'683-Weekday-9-26-02-1111100',1556,,62014,34,,,1,46,,62015,34,,,1
