10901,'109-Weekday-1-26-02-1111100',543,,33535,39,0,18 14,1,70,,33536,39,0,18 14,1,33,,33537,39,0,18 14,1,64,,33538,39,0,18 14,1,15,,33539,39,0,18 14,1,15,,33575,39,0,18 14,1,15,,33540,39,0,18 14,1,55,,33541,39,0,18 14,1,15,,33542,39,0,18 14,1,15,,33576,39,0,18 14,1,15,,33543,39,0,18 14,1,61,,33544,39,0,18 14,1,29,,33545,39,0,18 14,1,70,,33546,39,0,18 14,1,30,,33547,39,0,18 14,1,70,,33548,39,0,18 14,1,30,,33549,39,0,18 14,1,70,,33550,39,0,18 14,1,30,,33551,39,0,18 14,1,70,,33552,39,0,18 14,1,30,,33553,39,0,18 14,1,70,,33554,39,0,18 14,1,30,,33555,39,0,18 14,1,72,,33556,39,0,18 14,1,25,,33557,39,0,18 14,1,15,,33558,39,0,18 14,1,55,,33577,39,0,18 14,1,15,,33559,39,0,18 14,1,15,,33560,39,0,18 14,1,15,,33561,39,0,18 14,1,55,,33562,39,0,18 14,1,15,,33578,39,0,18 14,1,22,,33563,39,0,18 14,1,70,,33564,39,0,18 14,1,28,,33565,39,0,18 14,1,68,,33566,39,0,18 14,1,30,,33567,39,0,18 14,1,70,,33568,39,0,18 14,1,30,,33569,39,0,18 14,1,70,,33570,39,0,18 14,1,30,,33571,39,0,18 14,1,68,,33572,39,0,18 14,1,99,,33573,39,0,18 14,1,100,,33574,39,0,18 14,1
10901,'109-Weekday-10-26-02-1111100',543,,33579,39,0,18 14,1,70,,33580,39,0,18 14,1,33,,33581,39,0,18 14,1,64,,33582,39,0,18 14,1,15,,33583,39,0,18 14,1,15,,33619,39,0,18 14,1,15,,33584,39,0,18 14,1,55,,33585,39,0,18 14,1,15,,33586,39,0,18 14,1,15,,33620,39,0,18 14,1,15,,33587,39,0,18 14,1,61,,33588,39,0,18 14,1,29,,33589,39,0,18 14,1,70,,33590,39,0,18 14,1,30,,33591,39,0,18 14,1,70,,33592,39,0,18 14,1,30,,33593,39,0,18 14,1,70,,33594,39,0,18 14,1,30,,33595,39,0,18 14,1,70,,33596,39,0,18 14,1,30,,33597,39,0,18 14,1,70,,33598,39,0,18 14,1,30,,33599,39,0,18 14,1,72,,33600,39,0,18 14,1,25,,33601,39,0,18 14,1,15,,33602,39,0,18 14,1,55,,33621,39,0,18 14,1,15,,33603,39,0,18 14,1,15,,33604,39,0,18 14,1,15,,33605,39,0,18 14,1,55,,33606,39,0,18 14,1,15,,33622,39,0,18 14,1,22,,33607,39,0,18 14,1,70,,33608,39,0,18 14,1,28,,33609,39,0,18 14,1,68,,33610,39,0,18 14,1,30,,33611,39,0,18 14,1,70,,33612,39,0,18 14,1,30,,33613,39,0,18 14,1,70,,33614,39,0,18 14,1,30,,33615,39,0,18 14,1,68,,33616,39,0,18 14,1,99,,33617,39,0,18 14,1,100,,33618,39,0,18 14,1
10901,'109-Weekday-11-26-02-1111100',543,,112566,39,0,18 14,1,70,,112567,39,0,18 14,1,33,,112568,39,0,18 14,1,64,,112569,39,0,18 14,1,15,,112570,39,0,18 14,1,15,,112606,39,0,18 14,1,15,,112571,39,0,18 14,1,55,,112572,39,0,18 14,1,15,,112573,39,0,18 14,1,15,,112607,39,0,18 14,1,15,,112574,39,0,18 14,1,61,,112575,39,0,18 14,1,29,,112576,39,0,18 14,1,70,,112577,39,0,18 14,1,30,,112578,39,0,18 14,1,70,,112579,39,0,18 14,1,30,,112580,39,0,18 14,1,70,,112581,39,0,18 14,1,30,,112582,39,0,18 14,1,70,,112583,39,0,18 14,1,30,,112584,39,0,18 14,1,70,,112585,39,0,18 14,1,30,,112586,39,0,18 14,1,72,,112587,39,0,18 14,1,25,,112588,39,0,18 14,1,15,,112589,39,0,18 14,1,55,,112608,39,0,18 14,1,15,,112590,39,0,18 14,1,15,,112591,39,0,18 14,1,15,,112592,39,0,18 14,1,55,,112593,39,0,18 14,1,15,,112609,39,0,18 14,1,22,,112594,39,0,18 14,1,70,,112595,39,0,18 14,1,28,,112596,39,0,18 14,1,68,,112597,39,0,18 14,1,30,,112598,39,0,18 14,1,70,,112599,39,0,18 14,1,30,,112600,39,0,18 14,1,70,,112601,39,0,18 14,1,30,,112602,39,0,18 14,1,68,,112603,39,0,18 14,1,99,,112604,39,0,18 14,1,100,,112605,39,0,18 14,1
10901,'109-Saturday-1-26-02-0000010',836,,33931,39,0,18 14,1,70,,33932,39,0,18 14,1,30,,33933,39,0,18 14,1,70,,33934,39,0,18 14,1,30,,33935,39,0,18 14,1,70,,33936,39,0,18 14,1,30,,33937,39,0,18 14,1,70,,33938,39,0,18 14,1,30,,33939,39,0,18 14,1,70,,33940,39,0,18 14,1,30,,33941,39,0,18 14,1,70,,33942,39,0,18 14,1,30,,33943,39,0,18 14,1,70,,33944,39,0,18 14,1,30,,33945,39,0,18 14,1,70,,33946,39,0,18 14,1,30,,33947,39,0,18 14,1,70,,33948,39,0,18 14,1,30,,33949,39,0,18 14,1,70,,33950,39,0,18 14,1,30,,33951,39,0,18 14,1,70,,33952,39,0,18 14,1,30,,33953,39,0,18 14,1,70,,33954,39,0,18 14,1,30,,33955,39,0,18 14,1,70,,33956,39,0,18 14,1,30,,33957,39,0,18 14,1,70,,33958,39,0,18 14,1
10901,'109-Sunday-2-26-02-0000001',1046,,112610,39,0,18 14,1,70,,112611,39,0,18 14,1,30,,112612,39,0,18 14,1,70,,112613,39,0,18 14,1,30,,112614,39,0,18 14,1,70,,112615,39,0,18 14,1,30,,112616,39,0,18 14,1,70,,112617,39,0,18 14,1,30,,112618,39,0,18 14,1,70,,112619,39,0,18 14,1,30,,112620,39,0,18 14,1,70,,112621,39,0,18 14,1,30,,112622,39,0,18 14,1,70,,112623,39,0,18 14,1,30,,112624,39,0,18 14,1,70,,112625,39,0,18 14,1,30,,112626,39,0,18 14,1,70,,112627,39,0,18 14,1
61801,'618-Weekday-1-26-02-1111100',817,,60578,34,,,1
61801,'618-Weekday-10-26-02-1111100',817,,116694,34,,,1
61801,'618-Weekday-9-26-02-1111100',817,,60583,34,,,1
68301,'683-Weekday-1-26-02-1111100',753,,62016,28,,,1,5,,62017,28,,,1,45,,62018,28,,,1
68301,'683-Weekday-10-26-02-1111100',753,,116920,28,,,1,5,,116921,28,,,1,45,,116922,28,,,1
68301,'683-Weekday-9-26-02-1111100',753,,62032,28,,,1,5,,62033,28,,,1,45,,62034,28,,,1
