67601,'676-Weekday-1-26-02-0001000',1241,,61835,12,,,1
67601,'676-Weekday-1-26-02-1110100',1549,,61836,12,,,1
67601,'676-Weekday-2-26-02-0001000',1241,,61837,12,,,1
67601,'676-Weekday-2-26-02-1110100',1549,,61838,12,,,1
67601,'676-Weekday-4-26-02-1110100',1549,,61839,12,,,1
67601,'676-Weekday-5-26-02-0001000',1241,,61840,12,,,1
67601,'676-Weekday-5-26-02-1110100',1549,,61841,12,,,1
67601,'676-Weekday-9-26-02-0001000',1241,,61842,12,,,1
91401,'914-Weekday-1-26-02-1111100',543,,91079,15,,,1,70,,91080,15,,,1,27,,91081,15,,,1,15,,91082,15,,,1,55,,91112,15,,,1,15,,91083,15,,,1,15,,91084,15,,,1,15,,91085,15,,,1,55,,91113,15,,,1,15,,91086,15,,,1,15,,91100,15,,,1,69,,91109,15,,,1,30,,91088,15,,,1,70,,91089,15,,,1,30,,91090,15,,,1,70,,91091,15,,,1,30,,91092,15,,,1,70,,91093,15,,,1,30,,91094,15,,,1,70,,91095,15,,,1,30,,91096,15,,,1,70,,91097,15,,,1,30,,91098,15,,,1,71,,91099,15,,,1,30,,91105,15,,,1,60,,91101,15,,,1,20,,91102,15,,,1,20,,91114,15,,,1,60,,91103,15,,,1,20,,91104,15,,,1,20,,91120,15,,,1,71,,91108,15,,,1,29,,91106,15,,,1,70,,91107,15,,,1,30,,91116,15,,,1,70,,91117,15,,,1,30,,91118,15,,,1,70,,91119,15,,,1,30,,91115,15,,,1,68,,91110,15,,,1,100,,91087,15,,,1,100,,91111,15,,,1
91401,'914-Weekday-10-26-02-1111100',543,,91121,15,,,1,70,,91122,15,,,1,27,,91123,15,,,1,15,,91124,15,,,1,55,,91154,15,,,1,15,,91125,15,,,1,15,,91126,15,,,1,15,,91127,15,,,1,55,,91155,15,,,1,15,,91128,15,,,1,15,,91142,15,,,1,69,,91151,15,,,1,30,,91130,15,,,1,70,,91131,15,,,1,30,,91132,15,,,1,70,,91133,15,,,1,30,,91134,15,,,1,70,,91135,15,,,1,30,,91136,15,,,1,70,,91137,15,,,1,30,,91138,15,,,1,70,,91139,15,,,1,30,,91140,15,,,1,71,,91141,15,,,1,30,,91147,15,,,1,60,,91143,15,,,1,20,,91144,15,,,1,20,,91156,15,,,1,60,,91145,15,,,1,20,,91146,15,,,1,20,,91162,15,,,1,71,,91150,15,,,1,29,,91148,15,,,1,70,,91149,15,,,1,30,,91158,15,,,1,70,,91159,15,,,1,30,,91160,15,,,1,70,,91161,15,,,1,30,,91157,15,,,1,68,,91152,15,,,1,100,,91129,15,,,1,100,,91153,15,,,1
91401,'914-Weekday-2-26-02-1111100',543,,91163,15,,,1,70,,91164,15,,,1,27,,91165,15,,,1,15,,91166,15,,,1,55,,91196,15,,,1,15,,91167,15,,,1,15,,91168,15,,,1,15,,91169,15,,,1,55,,91197,15,,,1,15,,91170,15,,,1,15,,91184,15,,,1,69,,91193,15,,,1,30,,91172,15,,,1,70,,91173,15,,,1,30,,91174,15,,,1,70,,91175,15,,,1,30,,91176,15,,,1,70,,91177,15,,,1,30,,91178,15,,,1,70,,91179,15,,,1,30,,91180,15,,,1,70,,91181,15,,,1,30,,91182,15,,,1,71,,91183,15,,,1,30,,91189,15,,,1,60,,91185,15,,,1,20,,91186,15,,,1,20,,91198,15,,,1,60,,91187,15,,,1,20,,91188,15,,,1,20,,91204,15,,,1,71,,91192,15,,,1,29,,91190,15,,,1,70,,91191,15,,,1,30,,91200,15,,,1,70,,91201,15,,,1,30,,91202,15,,,1,70,,91203,15,,,1,30,,91199,15,,,1,68,,91194,15,,,1,100,,91171,15,,,1,100,,91195,15,,,1
91401,'914-Weekday-4-26-02-1111100',543,,91205,15,,,1,70,,91206,15,,,1,27,,91207,15,,,1,15,,91208,15,,,1,55,,91238,15,,,1,15,,91209,15,,,1,15,,91210,15,,,1,15,,91211,15,,,1,55,,91239,15,,,1,15,,91212,15,,,1,15,,91226,15,,,1,69,,91235,15,,,1,30,,91214,15,,,1,70,,91215,15,,,1,30,,91216,15,,,1,70,,91217,15,,,1,30,,91218,15,,,1,70,,91219,15,,,1,30,,91220,15,,,1,70,,91221,15,,,1,30,,91222,15,,,1,70,,91223,15,,,1,30,,91224,15,,,1,71,,91225,15,,,1,30,,91231,15,,,1,60,,91227,15,,,1,20,,91228,15,,,1,20,,91240,15,,,1,60,,91229,15,,,1,20,,91230,15,,,1,20,,91246,15,,,1,71,,91234,15,,,1,29,,91232,15,,,1,70,,91233,15,,,1,30,,91242,15,,,1,70,,91243,15,,,1,30,,91244,15,,,1,70,,91245,15,,,1,30,,91241,15,,,1,68,,91236,15,,,1,100,,91213,15,,,1,100,,91237,15,,,1
91401,'914-Weekday-5-26-02-1111100',543,,91247,15,,,1,70,,91248,15,,,1,27,,91249,15,,,1,15,,91250,15,,,1,55,,91280,15,,,1,15,,91251,15,,,1,15,,91252,15,,,1,15,,91253,15,,,1,55,,91281,15,,,1,15,,91254,15,,,1,15,,91268,15,,,1,69,,91277,15,,,1,30,,91256,15,,,1,70,,91257,15,,,1,30,,91258,15,,,1,70,,91259,15,,,1,30,,91260,15,,,1,70,,91261,15,,,1,30,,91262,15,,,1,70,,91263,15,,,1,30,,91264,15,,,1,70,,91265,15,,,1,30,,91266,15,,,1,71,,91267,15,,,1,30,,91273,15,,,1,60,,91269,15,,,1,20,,91270,15,,,1,20,,91282,15,,,1,60,,91271,15,,,1,20,,91272,15,,,1,20,,91288,15,,,1,71,,91276,15,,,1,29,,91274,15,,,1,70,,91275,15,,,1,30,,91284,15,,,1,70,,91285,15,,,1,30,,91286,15,,,1,70,,91287,15,,,1,30,,91283,15,,,1,68,,91278,15,,,1,100,,91255,15,,,1,100,,91279,15,,,1
91401,'914-Weekday-6-26-02-1111100',543,,91289,15,,,1,70,,91290,15,,,1,27,,91291,15,,,1,15,,91292,15,,,1,55,,91322,15,,,1,15,,91293,15,,,1,15,,91294,15,,,1,15,,91295,15,,,1,55,,91323,15,,,1,15,,91296,15,,,1,15,,91310,15,,,1,69,,91319,15,,,1,30,,91298,15,,,1,70,,91299,15,,,1,30,,91300,15,,,1,70,,91301,15,,,1,30,,91302,15,,,1,70,,91303,15,,,1,30,,91304,15,,,1,70,,91305,15,,,1,30,,91306,15,,,1,70,,91307,15,,,1,30,,91308,15,,,1,71,,91309,15,,,1,30,,91315,15,,,1,60,,91311,15,,,1,20,,91312,15,,,1,20,,91324,15,,,1,60,,91313,15,,,1,20,,91314,15,,,1,20,,91330,15,,,1,71,,91318,15,,,1,29,,91316,15,,,1,70,,91317,15,,,1,30,,91326,15,,,1,70,,91327,15,,,1,30,,91328,15,,,1,70,,91329,15,,,1,30,,91325,15,,,1,68,,91320,15,,,1,100,,91297,15,,,1,100,,91321,15,,,1
91401,'914-Weekday-7-26-02-1111100',543,,91331,15,,,1,70,,91332,15,,,1,27,,91333,15,,,1,15,,91334,15,,,1,55,,91364,15,,,1,15,,91335,15,,,1,15,,91336,15,,,1,15,,91337,15,,,1,55,,91365,15,,,1,15,,91338,15,,,1,15,,91352,15,,,1,69,,91361,15,,,1,30,,91340,15,,,1,70,,91341,15,,,1,30,,91342,15,,,1,70,,91343,15,,,1,30,,91344,15,,,1,70,,91345,15,,,1,30,,91346,15,,,1,70,,91347,15,,,1,30,,91348,15,,,1,70,,91349,15,,,1,30,,91350,15,,,1,71,,91351,15,,,1,30,,91357,15,,,1,60,,91353,15,,,1,20,,91354,15,,,1,20,,91366,15,,,1,60,,91355,15,,,1,20,,91356,15,,,1,20,,91372,15,,,1,71,,91360,15,,,1,29,,91358,15,,,1,70,,91359,15,,,1,30,,91368,15,,,1,70,,91369,15,,,1,30,,91370,15,,,1,70,,91371,15,,,1,30,,91367,15,,,1,68,,91362,15,,,1,100,,91339,15,,,1,100,,91363,15,,,1
91401,'914-Weekday-8-26-02-1111100',543,,91373,15,,,1,70,,91374,15,,,1,27,,91375,15,,,1,15,,91376,15,,,1,55,,91406,15,,,1,15,,91377,15,,,1,15,,91378,15,,,1,15,,91379,15,,,1,55,,91407,15,,,1,15,,91380,15,,,1,15,,91394,15,,,1,69,,91403,15,,,1,30,,91382,15,,,1,70,,91383,15,,,1,30,,91384,15,,,1,70,,91385,15,,,1,30,,91386,15,,,1,70,,91387,15,,,1,30,,91388,15,,,1,70,,91389,15,,,1,30,,91390,15,,,1,70,,91391,15,,,1,30,,91392,15,,,1,71,,91393,15,,,1,30,,91399,15,,,1,60,,91395,15,,,1,20,,91396,15,,,1,20,,91408,15,,,1,60,,91397,15,,,1,20,,91398,15,,,1,20,,91414,15,,,1,71,,91402,15,,,1,29,,91400,15,,,1,70,,91401,15,,,1,30,,91410,15,,,1,70,,91411,15,,,1,30,,91412,15,,,1,70,,91413,15,,,1,30,,91409,15,,,1,68,,91404,15,,,1,100,,91381,15,,,1,100,,91405,15,,,1
91401,'914-Weekday-9-26-02-1111100',543,,91415,15,,,1,70,,91416,15,,,1,27,,91417,15,,,1,15,,91418,15,,,1,55,,91448,15,,,1,15,,91419,15,,,1,15,,91420,15,,,1,15,,91421,15,,,1,55,,91449,15,,,1,15,,91422,15,,,1,15,,91436,15,,,1,69,,91445,15,,,1,30,,91424,15,,,1,70,,91425,15,,,1,30,,91426,15,,,1,70,,91427,15,,,1,30,,91428,15,,,1,70,,91429,15,,,1,30,,91430,15,,,1,70,,91431,15,,,1,30,,91432,15,,,1,70,,91433,15,,,1,30,,91434,15,,,1,71,,91435,15,,,1,30,,91441,15,,,1,60,,91437,15,,,1,20,,91438,15,,,1,20,,91450,15,,,1,60,,91439,15,,,1,20,,91440,15,,,1,20,,91456,15,,,1,71,,91444,15,,,1,29,,91442,15,,,1,70,,91443,15,,,1,30,,91452,15,,,1,70,,91453,15,,,1,30,,91454,15,,,1,70,,91455,15,,,1,30,,91451,15,,,1,68,,91446,15,,,1,100,,91423,15,,,1,100,,91447,15,,,1
91401,'914-Saturday-1-26-02-0000010',638,,91457,15,,,1,100,,91458,15,,,1,100,,91459,15,,,1,72,,91460,15,,,1,30,,91461,15,,,1,70,,91462,15,,,1,30,,91463,15,,,1,70,,91464,15,,,1,30,,91465,15,,,1,70,,91466,15,,,1,30,,91467,15,,,1,70,,91468,15,,,1,30,,91469,15,,,1,70,,91470,15,,,1,30,,91471,15,,,1,70,,91472,15,,,1,30,,91473,15,,,1,70,,91474,15,,,1,30,,91475,15,,,1,70,,91476,15,,,1,30,,91480,15,,,1,70,,91481,15,,,1,30,,91482,15,,,1,70,,91479,15,,,1,100,,91478,15,,,1,100,,91477,15,,,1,100,,91483,15,,,1
91401,'914-Sunday-1-26-02-0000001',641,,91486,15,,,1,100,,91487,15,,,1,97,,91484,15,,,1,101,,91485,15,,,1,100,,91488,15,,,1,70,,91489,15,,,1,30,,91490,15,,,1,70,,91491,15,,,1,30,,91492,15,,,1,70,,91493,15,,,1,30,,91494,15,,,1,70,,91495,15,,,1,30,,91496,15,,,1,70,,91497,15,,,1,30,,91498,15,,,1,70,,91499,15,,,1,30,,91500,15,,,1,70,,91501,15,,,1,30,,91502,15,,,1,69,,91503,15,,,1,30,,91504,15,,,1,70,,91505,15,,,1,100,,91506,15,,,1
