10700,'107-Weekday-1-26-02-1111100',525,,30584,7,,,1,30,,30585,7,,,1,70,,30586,7,,,1,16,,30587,7,,,1,15,,30588,7,,,1,55,,30589,7,,,1,15,,30590,7,,,1,15,,30591,7,,,1,15,,30592,7,,,1,55,,30593,7,,,1,15,,30594,7,,,1,20,,30595,7,,,1,60,,30596,7,,,1,20,,30597,7,,,1,20,,30598,7,,,1,60,,30599,7,,,1,20,,30600,7,,,1,20,,30601,7,,,1,60,,30602,7,,,1,20,,30603,7,,,1,20,,30604,7,,,1,60,,30605,7,,,1,20,,30606,7,,,1,20,,30607,7,,,1,60,,30608,7,,,1,20,,30609,7,,,1,20,,30610,7,,,1,60,,30611,7,,,1,20,,30612,7,,,1,20,,30640,7,,,1,10,,30632,7,,,1,50,,30613,7,,,1,10,,30614,7,,,1,10,,30633,7,,,1,2,,30639,7,,,1,8,,30615,7,,,1,10,,30616,7,,,1,10,,30634,7,,,1,50,,30617,7,,,1,10,,30618,7,,,1,10,,30635,7,,,1,10,,30619,7,,,1,10,,30620,7,,,1,10,,30631,7,,,1,50,,30621,7,,,1,10,,30636,7,,,1,20,,30637,7,,,1,20,,30638,7,,,1,60,,30623,7,,,1,30,,30624,7,,,1,70,,30625,7,,,1,30,,30626,7,,,1,70,,30627,7,,,1,30,,30628,7,,,1,70,,30629,7,,,1,30,,30630,7,,,1,70,,30622,7,,,1
10700,'107-Weekday-10-26-02-1111100',525,,30641,7,,,1,30,,30642,7,,,1,70,,30643,7,,,1,16,,30644,7,,,1,15,,30645,7,,,1,55,,30646,7,,,1,15,,30647,7,,,1,15,,30648,7,,,1,15,,30649,7,,,1,55,,30650,7,,,1,15,,30651,7,,,1,20,,30652,7,,,1,60,,30653,7,,,1,20,,30654,7,,,1,20,,30655,7,,,1,60,,30656,7,,,1,20,,30657,7,,,1,20,,30658,7,,,1,60,,30659,7,,,1,20,,30660,7,,,1,20,,30661,7,,,1,60,,30662,7,,,1,20,,30663,7,,,1,20,,30664,7,,,1,60,,30665,7,,,1,20,,30666,7,,,1,20,,30667,7,,,1,60,,30668,7,,,1,20,,30669,7,,,1,20,,30697,7,,,1,10,,30689,7,,,1,50,,30670,7,,,1,10,,30671,7,,,1,10,,30690,7,,,1,2,,30696,7,,,1,8,,30672,7,,,1,10,,30673,7,,,1,10,,30691,7,,,1,50,,30674,7,,,1,10,,30675,7,,,1,10,,30692,7,,,1,10,,30676,7,,,1,10,,30677,7,,,1,10,,30688,7,,,1,50,,30678,7,,,1,10,,30693,7,,,1,20,,30694,7,,,1,20,,30695,7,,,1,60,,30680,7,,,1,30,,30681,7,,,1,70,,30682,7,,,1,30,,30683,7,,,1,70,,30684,7,,,1,30,,30685,7,,,1,70,,30686,7,,,1,30,,30687,7,,,1,70,,30679,7,,,1
10700,'107-Weekday-4-26-02-1111100',525,,30755,7,,,1,30,,30756,7,,,1,70,,30757,7,,,1,16,,30758,7,,,1,15,,30759,7,,,1,55,,30760,7,,,1,15,,30761,7,,,1,15,,30762,7,,,1,15,,30763,7,,,1,55,,30764,7,,,1,15,,30765,7,,,1,20,,30766,7,,,1,60,,30767,7,,,1,20,,30768,7,,,1,20,,30769,7,,,1,60,,30770,7,,,1,20,,30771,7,,,1,20,,30772,7,,,1,60,,30773,7,,,1,20,,30774,7,,,1,20,,30775,7,,,1,60,,30776,7,,,1,20,,30777,7,,,1,20,,30778,7,,,1,60,,30779,7,,,1,20,,30780,7,,,1,20,,30781,7,,,1,60,,30782,7,,,1,20,,30783,7,,,1,20,,30810,7,,,1,10,,30803,7,,,1,50,,30784,7,,,1,10,,30785,7,,,1,10,,30804,7,,,1,10,,30786,7,,,1,10,,30787,7,,,1,10,,30805,7,,,1,50,,30788,7,,,1,10,,30789,7,,,1,10,,30806,7,,,1,10,,30790,7,,,1,10,,30791,7,,,1,10,,30802,7,,,1,50,,30792,7,,,1,10,,30807,7,,,1,20,,30808,7,,,1,20,,30809,7,,,1,60,,30794,7,,,1,30,,30795,7,,,1,70,,30796,7,,,1,30,,30797,7,,,1,70,,30798,7,,,1,30,,30799,7,,,1,70,,30800,7,,,1,30,,30801,7,,,1,70,,30793,7,,,1
10700,'107-Weekday-5-26-02-1111100',525,,30811,7,,,1,30,,30812,7,,,1,70,,30813,7,,,1,16,,30814,7,,,1,15,,30815,7,,,1,55,,30816,7,,,1,15,,30817,7,,,1,15,,30818,7,,,1,15,,30819,7,,,1,55,,30820,7,,,1,15,,30821,7,,,1,20,,30822,7,,,1,60,,30823,7,,,1,20,,30824,7,,,1,20,,30825,7,,,1,60,,30826,7,,,1,20,,30827,7,,,1,20,,30828,7,,,1,60,,30829,7,,,1,20,,30830,7,,,1,20,,30831,7,,,1,60,,30832,7,,,1,20,,30833,7,,,1,20,,30834,7,,,1,60,,30835,7,,,1,20,,30836,7,,,1,20,,30837,7,,,1,60,,30838,7,,,1,20,,30839,7,,,1,20,,30867,7,,,1,10,,30859,7,,,1,50,,30840,7,,,1,10,,30841,7,,,1,10,,30860,7,,,1,2,,30866,7,,,1,8,,30842,7,,,1,10,,30843,7,,,1,10,,30861,7,,,1,50,,30844,7,,,1,10,,30845,7,,,1,10,,30862,7,,,1,10,,30846,7,,,1,10,,30847,7,,,1,10,,30858,7,,,1,50,,30848,7,,,1,10,,30863,7,,,1,20,,30864,7,,,1,20,,30865,7,,,1,60,,30850,7,,,1,30,,30851,7,,,1,70,,30852,7,,,1,30,,30853,7,,,1,70,,30854,7,,,1,30,,30855,7,,,1,70,,30856,7,,,1,30,,30857,7,,,1,70,,30849,7,,,1
10700,'107-Weekday-7-26-02-1111100',525,,30924,7,,,1,30,,30925,7,,,1,70,,30926,7,,,1,16,,30927,7,,,1,15,,30928,7,,,1,55,,30929,7,,,1,15,,30930,7,,,1,15,,30931,7,,,1,15,,30932,7,,,1,55,,30933,7,,,1,15,,30934,7,,,1,20,,30935,7,,,1,60,,30936,7,,,1,20,,30937,7,,,1,20,,30938,7,,,1,60,,30939,7,,,1,20,,30940,7,,,1,20,,30941,7,,,1,60,,30942,7,,,1,20,,30943,7,,,1,20,,30944,7,,,1,60,,30945,7,,,1,20,,30946,7,,,1,20,,30947,7,,,1,60,,30948,7,,,1,20,,30949,7,,,1,20,,30950,7,,,1,60,,30951,7,,,1,20,,30952,7,,,1,20,,30979,7,,,1,10,,30972,7,,,1,50,,30953,7,,,1,10,,30954,7,,,1,10,,30973,7,,,1,10,,30955,7,,,1,10,,30956,7,,,1,10,,30974,7,,,1,50,,30957,7,,,1,10,,30958,7,,,1,10,,30975,7,,,1,10,,30959,7,,,1,10,,30960,7,,,1,10,,30971,7,,,1,50,,30961,7,,,1,10,,30976,7,,,1,20,,30977,7,,,1,20,,30978,7,,,1,60,,30963,7,,,1,30,,30964,7,,,1,70,,30965,7,,,1,30,,30966,7,,,1,70,,30967,7,,,1,30,,30968,7,,,1,70,,30969,7,,,1,30,,30970,7,,,1,70,,30962,7,,,1
10700,'107-Saturday-1-26-02-0000010',817,,31093,7,,,1,28,,31094,7,,,1,70,,31095,7,,,1,30,,31096,7,,,1,70,,31097,7,,,1,30,,31098,7,,,1,70,,31099,7,,,1,30,,31100,7,,,1,70,,31101,7,,,1,30,,31102,7,,,1,70,,31103,7,,,1,30,,31104,7,,,1,70,,31105,7,,,1,30,,31106,7,,,1,70,,31107,7,,,1,30,,31108,7,,,1,70,,31109,7,,,1,32,,31110,7,,,1,70,,31111,7,,,1,30,,31112,7,,,1,70,,31113,7,,,1,30,,31114,7,,,1,70,,31115,7,,,1
10700,'107-Sunday-1-26-02-0000001',1004,,31116,7,,,1,30,,31117,7,,,1,70,,31118,7,,,1,30,,31119,7,,,1,70,,31120,7,,,1,30,,31121,7,,,1,70,,31122,7,,,1,30,,31123,7,,,1,70,,31124,7,,,1,30,,31125,7,,,1,70,,31126,7,,,1,30,,31127,7,,,1,70,,31128,7,,,1,30,,31129,7,,,1,71,,31130,7,,,1,30,,31131,7,,,1,70,,31132,7,,,1,30,,31133,7,,,1,70,,31134,7,,,1
62600,'626-Weekday-1-26-02-0001000',1221,,60842,11,,,1,4,,60843,11,,,1,4,,60844,11,,,1
62600,'626-Weekday-1-26-02-1110100',1519,,60845,11,,,1,4,,60846,11,,,1,4,,60847,11,,,1
62600,'626-Weekday-5-26-02-0000100',1221,,60854,11,,,1,4,,60855,11,,,1,4,,60856,11,,,1
62600,'626-Weekday-5-26-02-1111000',1519,,60857,11,,,1,4,,60858,11,,,1,4,,60859,11,,,1
62600,'626-Weekday-9-26-02-0001000',1221,,60866,11,,,1,4,,60867,11,,,1,4,,60868,11,,,1
