12100,'121-Weekday-1-26-02-1111100',545,,94394,,,1,69,,94344,,,1,20,,94345,,,1,20,,94346,,,1,60,,94347,,,1,20,,94348,,,1,20,,94349,,,1,60,,94350,,,1,30,,94351,,,1,71,,94352,,,1,20,,94353,,,1,20,,94354,,,1,60,,94355,,,1,20,,94356,,,1,20,,94357,,,1,60,,94358,,,1,20,,94359,,,1,20,,94360,,,1,60,,94361,,,1,20,,94362,,,1,20,,94363,,,1,60,,94364,,,1,20,,94365,,,1
12100,'121-Weekday-10-26-02-1111100',545,,157459,,,1,69,,157409,,,1,20,,157410,,,1,20,,157411,,,1,60,,157412,,,1,20,,157413,,,1,20,,157414,,,1,60,,157415,,,1,30,,157416,,,1,71,,157417,,,1,20,,157418,,,1,20,,157419,,,1,60,,157420,,,1,20,,157421,,,1,20,,157422,,,1,60,,157423,,,1,20,,157424,,,1,20,,157425,,,1,60,,157426,,,1,20,,157427,,,1,20,,157428,,,1,60,,157429,,,1,20,,157430,,,1
12100,'121-Weekday-2-26-02-1111100',545,,94456,,,1,69,,94406,,,1,20,,94407,,,1,20,,94408,,,1,60,,94409,,,1,20,,94410,,,1,20,,94411,,,1,60,,94412,,,1,30,,94413,,,1,71,,94414,,,1,20,,94415,,,1,20,,94416,,,1,60,,94417,,,1,20,,94418,,,1,20,,94419,,,1,60,,94420,,,1,20,,94421,,,1,20,,94422,,,1,60,,94423,,,1,20,,94424,,,1,20,,94425,,,1,60,,94426,,,1,20,,94427,,,1
12100,'121-Weekday-4-26-02-1111100',545,,94516,,,1,69,,94466,,,1,20,,94467,,,1,20,,94468,,,1,60,,94469,,,1,20,,94470,,,1,20,,94471,,,1,60,,94472,,,1,30,,94473,,,1,71,,94474,,,1,20,,94475,,,1,20,,94476,,,1,60,,94477,,,1,20,,94478,,,1,20,,94479,,,1,60,,94480,,,1,20,,94481,,,1,20,,94482,,,1,60,,94483,,,1,20,,94484,,,1,20,,94485,,,1,60,,94486,,,1,20,,94487,,,1
12100,'121-Weekday-5-26-02-1111100',545,,94578,,,1,69,,94528,,,1,20,,94529,,,1,20,,94530,,,1,60,,94531,,,1,20,,94532,,,1,20,,94533,,,1,60,,94534,,,1,30,,94535,,,1,71,,94536,,,1,20,,94537,,,1,20,,94538,,,1,60,,94539,,,1,20,,94540,,,1,20,,94541,,,1,60,,94542,,,1,20,,94543,,,1,20,,94544,,,1,60,,94545,,,1,20,,94546,,,1,20,,94547,,,1,60,,94548,,,1,20,,94549,,,1
12100,'121-Weekday-6-26-02-1111100',545,,94640,,,1,69,,94590,,,1,20,,94591,,,1,20,,94592,,,1,60,,94593,,,1,20,,94594,,,1,20,,94595,,,1,60,,94596,,,1,30,,94597,,,1,71,,94598,,,1,20,,94599,,,1,20,,94600,,,1,60,,94601,,,1,20,,94602,,,1,20,,94603,,,1,60,,94604,,,1,20,,94605,,,1,20,,94606,,,1,60,,94607,,,1,20,,94608,,,1,20,,94609,,,1,60,,94610,,,1,20,,94611,,,1
12100,'121-Weekday-7-26-02-1111100',545,,94700,,,1,69,,94650,,,1,20,,94651,,,1,20,,94652,,,1,60,,94653,,,1,20,,94654,,,1,20,,94655,,,1,60,,94656,,,1,30,,94657,,,1,71,,94658,,,1,20,,94659,,,1,20,,94660,,,1,60,,94661,,,1,20,,94662,,,1,20,,94663,,,1,60,,94664,,,1,20,,94665,,,1,20,,94666,,,1,60,,94667,,,1,20,,94668,,,1,20,,94669,,,1,60,,94670,,,1,20,,94671,,,1
12100,'121-Weekday-8-26-02-1111100',545,,94762,,,1,69,,94712,,,1,20,,94713,,,1,20,,94714,,,1,60,,94715,,,1,20,,94716,,,1,20,,94717,,,1,60,,94718,,,1,30,,94719,,,1,71,,94720,,,1,20,,94721,,,1,20,,94722,,,1,60,,94723,,,1,20,,94724,,,1,20,,94725,,,1,60,,94726,,,1,20,,94727,,,1,20,,94728,,,1,60,,94729,,,1,20,,94730,,,1,20,,94731,,,1,60,,94732,,,1,20,,94733,,,1
12100,'121-Weekday-9-26-02-1111100',545,,94824,,,1,69,,94774,,,1,20,,94775,,,1,20,,94776,,,1,60,,94777,,,1,20,,94778,,,1,20,,94779,,,1,60,,94780,,,1,30,,94781,,,1,71,,94782,,,1,20,,94783,,,1,20,,94784,,,1,60,,94785,,,1,20,,94786,,,1,20,,94787,,,1,60,,94788,,,1,20,,94789,,,1,20,,94790,,,1,60,,94791,,,1,20,,94792,,,1,20,,94793,,,1,60,,94794,,,1,20,,94795,,,1
12100,'121-Saturday-1-26-02-0000010',615,,94834,,,1,100,,94835,,,1,100,,94836,,,1,20,,94837,,,1,20,,94864,,,1,61,,94838,,,1,20,,94839,,,1,20,,94865,,,1,60,,94840,,,1,20,,94841,,,1,20,,94866,,,1,60,,94842,,,1,20,,94843,,,1,20,,94867,,,1,60,,94844,,,1,20,,94845,,,1,20,,94868,,,1,60,,94846,,,1,20,,94847,,,1,20,,94869,,,1
12100,'121-Sunday-1-26-02-0000001',614,,94875,,,1,100,,94876,,,1,100,,94877,,,1,102,,94878,,,1,100,,94879,,,1,30,,94880,,,1,70,,94881,,,1,30,,94882,,,1,70,,94883,,,1,30,,94884,,,1,70,,94885,,,1,30,,94886,,,1
12101,'121-Weekday-1-26-02-1111100',1400,,94925,,,1,20,,94926,,,1,20,,94927,,,1,60,,94928,,,1,21,,94929,,,1,20,,94930,,,1,60,,94931,,,1,20,,94932,,,1,20,,94933,,,1,60,,94934,,,1,20,,94935,,,1,20,,94936,,,1,60,,94937,,,1,20,,94938,,,1,20,,94951,,,1,18,,94939,,,1,60,,94940,,,1,20,,94941,,,1,20,,94942,,,1,60,,94943,,,1,20,,94944,,,1,20,,94945,,,1,60,,94946,,,1,20,,94947,,,1,20,,94952,,,1,58,,94948,,,1,100,,94949,,,1,100,,94950,,,1
12101,'121-Weekday-10-26-02-1111100',1400,,157492,,,1,20,,157493,,,1,20,,157494,,,1,60,,157495,,,1,21,,157496,,,1,20,,157497,,,1,60,,157498,,,1,20,,157499,,,1,20,,157500,,,1,60,,157501,,,1,20,,157502,,,1,20,,157503,,,1,60,,157504,,,1,20,,157505,,,1,20,,157518,,,1,18,,157506,,,1,60,,157507,,,1,20,,157508,,,1,20,,157509,,,1,60,,157510,,,1,20,,157511,,,1,20,,157512,,,1,60,,157513,,,1,20,,157514,,,1,20,,157519,,,1,58,,157515,,,1,100,,157516,,,1,100,,157517,,,1
12101,'121-Weekday-2-26-02-1111100',1400,,94987,,,1,20,,94988,,,1,20,,94989,,,1,60,,94990,,,1,21,,94991,,,1,20,,94992,,,1,60,,94993,,,1,20,,94994,,,1,20,,94995,,,1,60,,94996,,,1,20,,94997,,,1,20,,94998,,,1,60,,94999,,,1,20,,95000,,,1,20,,95013,,,1,18,,95001,,,1,60,,95002,,,1,20,,95003,,,1,20,,95004,,,1,60,,95005,,,1,20,,95006,,,1,20,,95007,,,1,60,,95008,,,1,20,,95009,,,1,20,,95014,,,1,58,,95010,,,1,100,,95011,,,1,100,,95012,,,1
12101,'121-Weekday-4-26-02-1111100',1400,,95049,,,1,20,,95050,,,1,20,,95051,,,1,60,,95052,,,1,21,,95053,,,1,20,,95054,,,1,60,,95055,,,1,20,,95056,,,1,20,,95057,,,1,60,,95058,,,1,20,,95059,,,1,20,,95060,,,1,60,,95061,,,1,20,,95062,,,1,20,,95075,,,1,18,,95063,,,1,60,,95064,,,1,20,,95065,,,1,20,,95066,,,1,60,,95067,,,1,20,,95068,,,1,20,,95069,,,1,60,,95070,,,1,20,,95071,,,1,20,,95076,,,1,58,,95072,,,1,100,,95073,,,1,100,,95074,,,1
12101,'121-Weekday-5-26-02-1111100',1400,,95109,,,1,20,,95110,,,1,20,,95111,,,1,60,,95112,,,1,21,,95113,,,1,20,,95114,,,1,60,,95115,,,1,20,,95116,,,1,20,,95117,,,1,60,,95118,,,1,20,,95119,,,1,20,,95120,,,1,60,,95121,,,1,20,,95122,,,1,20,,95135,,,1,18,,95123,,,1,60,,95124,,,1,20,,95125,,,1,20,,95126,,,1,60,,95127,,,1,20,,95128,,,1,20,,95129,,,1,60,,95130,,,1,20,,95131,,,1,20,,95136,,,1,58,,95132,,,1,100,,95133,,,1,100,,95134,,,1
12101,'121-Weekday-6-26-02-1111100',1400,,95171,,,1,20,,95172,,,1,20,,95173,,,1,60,,95174,,,1,21,,95175,,,1,20,,95176,,,1,60,,95177,,,1,20,,95178,,,1,20,,95179,,,1,60,,95180,,,1,20,,95181,,,1,20,,95182,,,1,60,,95183,,,1,20,,95184,,,1,20,,95197,,,1,18,,95185,,,1,60,,95186,,,1,20,,95187,,,1,20,,95188,,,1,60,,95189,,,1,20,,95190,,,1,20,,95191,,,1,60,,95192,,,1,20,,95193,,,1,20,,95198,,,1,58,,95194,,,1,100,,95195,,,1,100,,95196,,,1
12101,'121-Weekday-7-26-02-1111100',1400,,95233,,,1,20,,95234,,,1,20,,95235,,,1,60,,95236,,,1,21,,95237,,,1,20,,95238,,,1,60,,95239,,,1,20,,95240,,,1,20,,95241,,,1,60,,95242,,,1,20,,95243,,,1,20,,95244,,,1,60,,95245,,,1,20,,95246,,,1,20,,95259,,,1,18,,95247,,,1,60,,95248,,,1,20,,95249,,,1,20,,95250,,,1,60,,95251,,,1,20,,95252,,,1,20,,95253,,,1,60,,95254,,,1,20,,95255,,,1,20,,95260,,,1,58,,95256,,,1,100,,95257,,,1,100,,95258,,,1
12101,'121-Weekday-8-26-02-1111100',1400,,95293,,,1,20,,95294,,,1,20,,95295,,,1,60,,95296,,,1,21,,95297,,,1,20,,95298,,,1,60,,95299,,,1,20,,95300,,,1,20,,95301,,,1,60,,95302,,,1,20,,95303,,,1,20,,95304,,,1,60,,95305,,,1,20,,95306,,,1,20,,95319,,,1,18,,95307,,,1,60,,95308,,,1,20,,95309,,,1,20,,95310,,,1,60,,95311,,,1,20,,95312,,,1,20,,95313,,,1,60,,95314,,,1,20,,95315,,,1,20,,95320,,,1,58,,95316,,,1,100,,95317,,,1,100,,95318,,,1
12101,'121-Weekday-9-26-02-1111100',1400,,95355,,,1,20,,95356,,,1,20,,95357,,,1,60,,95358,,,1,21,,95359,,,1,20,,95360,,,1,60,,95361,,,1,20,,95362,,,1,20,,95363,,,1,60,,95364,,,1,20,,95365,,,1,20,,95366,,,1,60,,95367,,,1,20,,95368,,,1,20,,95381,,,1,18,,95369,,,1,60,,95370,,,1,20,,95371,,,1,20,,95372,,,1,60,,95373,,,1,20,,95374,,,1,20,,95375,,,1,60,,95376,,,1,20,,95377,,,1,20,,95382,,,1,58,,95378,,,1,100,,95379,,,1,100,,95380,,,1
12101,'121-Saturday-1-26-02-0000010',1421,,95409,,,1,20,,95410,,,1,60,,95430,,,1,20,,95411,,,1,20,,95412,,,1,60,,95431,,,1,20,,95413,,,1,20,,95414,,,1,60,,95432,,,1,20,,95415,,,1,20,,95416,,,1,60,,95433,,,1,20,,95417,,,1,20,,95418,,,1,60,,95434,,,1,20,,95419,,,1,100,,95420,,,1,100,,95421,,,1,100,,95422,,,1,100,,95397,,,1,100,,95423,,,1
12101,'121-Sunday-1-26-02-0000001',1420,,95444,,,1,30,,95448,,,1,70,,95449,,,1,30,,95450,,,1,70,,95451,,,1,30,,95452,,,1,68,,95453,,,1,30,,95454,,,1,70,,95455,,,1,30,,95456,,,1,70,,95457,,,1,100,,95458,,,1,100,,95459,,,1,100,,95460,,,1,100,,95461,,,1
