10801,'108-Weekday-1-26-02-1110100',1509,,32381,4,,,1
10801,'108-Weekday-1-26-02-1111100',542,,32385,4,,,1,60,,32382,4,,,1,20,,32384,4,,,1,20,,32383,4,,,1,13,,32386,4,,,1,50,,32387,4,,,1,10,,32388,4,,,1,10,,32389,4,,,1,10,,32390,4,,,1,10,,32391,4,,,1,10,,32392,4,,,1,50,,32393,4,,,1,10,,32394,4,,,1,10,,32395,4,,,1,10,,32396,4,,,1,10,,32397,4,,,1,60,,32398,4,,,1,20,,32399,4,,,1,20,,32400,4,,,1,60,,32401,4,,,1,20,,32402,4,,,1,20,,32403,4,,,1,60,,32404,4,,,1,20,,32405,4,,,1,20,,32406,4,,,1,60,,32407,4,,,1,20,,32408,4,,,1,20,,32409,4,,,1,60,,32410,4,,,1,20,,32411,4,,,1,20,,32412,4,,,1,60,,32413,4,,,1,20,,32414,4,,,1,20,,32415,4,,,1,10,,32416,4,,,1,50,,32417,4,,,1,10,,32418,4,,,1,10,,32419,4,,,1,10,,32420,4,,,1,10,,32421,4,,,1,10,,32422,4,,,1,50,,32423,4,,,1,10,,32424,4,,,1,10,,32425,4,,,1,10,,32426,4,,,1,10,,32427,4,,,1,10,,32428,4,,,1,50,,32429,4,,,1,10,,32430,4,,,1,10,,32431,4,,,1,10,,32432,4,,,1,10,,32433,4,,,1,10,,32434,4,,,1,60,,32435,4,,,1,20,,32436,4,,,1,20,,32437,4,,,1,60,,32438,4,,,1,20,,32439,4,,,1,20,,32440,4,,,1,60,,32441,4,,,1,20,,32442,4,,,1,20,,32443,4,,,1,60,,32444,4,,,1,20,,32445,4,,,1,65,,32450,4,,,1,30,,32446,4,,,1,70,,32447,4,,,1,30,,32448,4,,,1,70,,32449,4,,,1
10801,'108-Weekday-10-26-02-0001000',1416,,32451,4,,,1
10801,'108-Weekday-10-26-02-1111100',542,,32455,4,,,1,60,,32452,4,,,1,20,,32454,4,,,1,20,,32453,4,,,1,13,,32456,4,,,1,50,,32457,4,,,1,10,,32458,4,,,1,10,,32459,4,,,1,10,,32460,4,,,1,10,,32461,4,,,1,10,,32462,4,,,1,50,,32463,4,,,1,10,,32464,4,,,1,10,,32465,4,,,1,10,,32466,4,,,1,10,,32467,4,,,1,60,,32468,4,,,1,20,,32469,4,,,1,20,,32470,4,,,1,60,,32471,4,,,1,20,,32472,4,,,1,20,,32473,4,,,1,60,,32474,4,,,1,20,,32475,4,,,1,20,,32476,4,,,1,60,,32477,4,,,1,20,,32478,4,,,1,20,,32479,4,,,1,60,,32480,4,,,1,20,,32481,4,,,1,20,,32482,4,,,1,60,,32483,4,,,1,20,,32484,4,,,1,20,,32485,4,,,1,10,,32486,4,,,1,50,,32487,4,,,1,10,,32488,4,,,1,10,,32489,4,,,1,10,,32490,4,,,1,10,,32491,4,,,1,10,,32492,4,,,1,50,,32493,4,,,1,10,,32494,4,,,1,10,,32495,4,,,1,10,,32496,4,,,1,10,,32497,4,,,1,10,,32498,4,,,1,50,,32499,4,,,1,10,,32500,4,,,1,10,,32501,4,,,1,10,,32502,4,,,1,10,,32503,4,,,1,10,,32504,4,,,1,60,,32505,4,,,1,20,,32506,4,,,1,20,,32507,4,,,1,60,,32508,4,,,1,20,,32509,4,,,1,20,,32510,4,,,1,60,,32511,4,,,1,20,,32512,4,,,1,20,,32513,4,,,1,60,,32514,4,,,1,20,,32515,4,,,1,65,,32520,4,,,1,30,,32516,4,,,1,70,,32517,4,,,1,30,,32518,4,,,1,70,,32519,4,,,1
10801,'108-Saturday-1-26-02-0000010',536,,33009,4,,,1,70,,33010,4,,,1,30,,33011,4,,,1,70,,33012,4,,,1,30,,33013,4,,,1,70,,33014,4,,,1,30,,33015,4,,,1,67,,33016,4,,,1,30,,33017,4,,,1,70,,33018,4,,,1,30,,33019,4,,,1,70,,33020,4,,,1,30,,33021,4,,,1,70,,33022,4,,,1,30,,33023,4,,,1,70,,33024,4,,,1,30,,33025,4,,,1,70,,33026,4,,,1,30,,33027,4,,,1,70,,33028,4,,,1,30,,33029,4,,,1,70,,33030,4,,,1,30,,33031,4,,,1,72,,33032,4,,,1,30,,33033,4,,,1,70,,33034,4,,,1,30,,33035,4,,,1,70,,33045,4,,,1,30,,33036,4,,,1,70,,33037,4,,,1,30,,33038,4,,,1,70,,33039,4,,,1,30,,33040,4,,,1,70,,33041,4,,,1,30,,33042,4,,,1,70,,33043,4,,,1,30,,33044,4,,,1
12100,'121-Weekday-1-26-02-1110100',1525,,40797,4,0,49,1,80,,40798,4,0,49,1
12100,'121-Weekday-1-26-02-1111100',532,,40849,4,,,1,69,,40799,4,,,1,20,,40800,4,,,1,19,,40801,4,,,1,60,,40802,4,,,1,20,,40803,4,,,1,20,,40804,4,,,1,60,,40805,4,,,1,30,,40806,4,,,1,70,,40807,4,,,1,20,,40808,4,,,1,20,,40809,4,,,1,60,,40810,4,,,1,20,,40811,4,,,1,20,,40812,4,,,1,60,,40813,4,,,1,20,,40814,4,,,1,20,,40815,4,,,1,60,,40816,4,,,1,20,,40817,4,,,1,20,,40818,4,,,1,60,,40819,4,,,1,20,,40820,4,,,1,20,,40821,4,,,1,60,,40822,4,,,1,20,,40823,4,,,1,20,,40824,4,,,1,60,,40825,4,,,1,10,,40850,4,0,49,1,10,,40826,4,,,1,10,,40851,4,0,49,1,10,,40827,4,,,1,10,,40852,4,0,49,1,50,,40828,4,,,1,10,,40853,4,0,49,1,10,,40829,4,,,1,10,,40854,4,0,49,1,10,,40830,4,,,1,10,,40855,4,0,49,1,50,,40831,4,,,1,10,,40856,4,0,49,1,10,,40832,4,,,1,10,,40857,4,0,49,1,10,,40838,4,,,1,10,,40858,4,0,49,1,50,,40833,4,,,1,20,,40839,4,,,1,20,,40840,4,,,1,60,,40841,4,,,1,20,,40842,4,,,1,20,,40843,4,,,1,60,,40844,4,,,1,20,,40845,4,,,1,20,,40846,4,,,1,60,,40847,4,,,1,20,,40848,4,,,1,20,,40834,4,,,1,60,,40837,4,,,1,100,,40835,4,,,1,100,,40836,4,,,1
12100,'121-Weekday-10-26-02-1111100',532,,40909,4,,,1,69,,40859,4,,,1,20,,40860,4,,,1,19,,40861,4,,,1,60,,40862,4,,,1,20,,40863,4,,,1,20,,40864,4,,,1,60,,40865,4,,,1,30,,40866,4,,,1,70,,40867,4,,,1,20,,40868,4,,,1,20,,40869,4,,,1,60,,40870,4,,,1,20,,40871,4,,,1,20,,40872,4,,,1,60,,40873,4,,,1,20,,40874,4,,,1,20,,40875,4,,,1,60,,40876,4,,,1,20,,40877,4,,,1,20,,40878,4,,,1,60,,40879,4,,,1,20,,40880,4,,,1,20,,40881,4,,,1,60,,40882,4,,,1,20,,40883,4,,,1,20,,40884,4,,,1,60,,40885,4,,,1,10,,40910,4,0,49,1,10,,40886,4,,,1,10,,40911,4,0,49,1,10,,40887,4,,,1,10,,40912,4,0,49,1,50,,40888,4,,,1,10,,40913,4,0,49,1,10,,40889,4,,,1,10,,40914,4,0,49,1,10,,40890,4,,,1,10,,40915,4,0,49,1,50,,40891,4,,,1,10,,40916,4,0,49,1,10,,40892,4,,,1,10,,40917,4,0,49,1,10,,40898,4,,,1,10,,40918,4,0,49,1,50,,40893,4,,,1,20,,40899,4,,,1,20,,40900,4,,,1,60,,40901,4,,,1,20,,40902,4,,,1,20,,40903,4,,,1,60,,40904,4,,,1,20,,40905,4,,,1,20,,40906,4,,,1,60,,40907,4,,,1,20,,40908,4,,,1,20,,40894,4,,,1,60,,40897,4,,,1,100,,40895,4,,,1,100,,40896,4,,,1
12100,'121-Saturday-1-26-02-0000010',601,,41349,4,,,1,100,,41350,4,,,1,100,,41351,4,,,1,20,,41352,4,,,1,20,,41379,4,,,1,60,,41353,4,,,1,20,,41354,4,,,1,20,,41380,4,,,1,60,,41355,4,,,1,20,,41356,4,,,1,20,,41381,4,,,1,60,,41357,4,,,1,20,,41358,4,,,1,20,,41382,4,,,1,60,,41359,4,,,1,20,,41360,4,,,1,20,,41383,4,,,1,60,,41361,4,,,1,20,,41362,4,,,1,20,,41384,4,,,1,60,,41363,4,,,1,20,,41364,4,,,1,20,,41385,4,,,1,60,,41365,4,,,1,20,,41366,4,,,1,20,,41386,4,,,1,60,,41367,4,,,1,20,,41368,4,,,1,20,,41387,4,,,1,62,,41369,4,,,1,20,,41370,4,,,1,20,,41388,4,,,1,60,,41371,4,,,1,20,,41372,4,,,1,20,,41389,4,,,1,60,,41373,4,,,1,100,,41374,4,,,1,100,,41375,4,,,1,100,,41376,4,,,1,100,,41377,4,,,1,100,,41378,4,,,1
62700,'627-Weekday-1-26-02-1111100',1536,,60893,39,,,1
62700,'627-Weekday-9-26-02-1111100',1536,,60897,39,,,1
