67600,'676-Weekday-1-26-02-1111100',826,,61830,15,,,1
67600,'676-Weekday-2-26-02-1111100',826,,61831,15,,,1
67600,'676-Weekday-4-26-02-1111100',826,,61832,15,,,1
67600,'676-Weekday-5-26-02-1111100',826,,61833,15,,,1
67600,'676-Weekday-9-26-02-1111100',826,,61834,15,,,1
91500,'915-Weekday-1-26-02-1111100',537,,91507,12,,,1,70,,91508,12,,,1,32,,91509,12,,,1,12,,91510,12,,,1,52,,91511,12,,,1,12,,91552,12,,,1,12,,91512,12,,,1,12,,91513,12,,,1,12,,91514,12,,,1,52,,91515,12,,,1,12,,91516,12,,,1,12,,91517,12,,,1,12,,91553,12,,,1,69,,91518,12,,,1,30,,91519,12,,,1,70,,91520,12,,,1,30,,91521,12,,,1,70,,91522,12,,,1,30,,91523,12,,,1,70,,91524,12,,,1,30,,91525,12,,,1,70,,91526,12,,,1,30,,91527,12,,,1,70,,91528,12,,,1,30,,91529,12,,,1,73,,91530,12,,,1,14,,91531,12,,,1,15,,91532,12,,,1,15,,91533,12,,,1,55,,91534,12,,,1,15,,91535,12,,,1,15,,91536,12,,,1,15,,91537,12,,,1,55,,91538,12,,,1,15,,91539,12,,,1,15,,91540,12,,,1,70,,91541,12,,,1,27,,91542,12,,,1,69,,91543,12,,,1,30,,91544,12,,,1,70,,91545,12,,,1,30,,91546,12,,,1,70,,91547,12,,,1,30,,91548,12,,,1,70,,91549,12,,,1,100,,91550,12,,,1,100,,91551,12,,,1
91500,'915-Weekday-10-26-02-1111100',537,,91554,12,,,1,70,,91555,12,,,1,32,,91556,12,,,1,12,,91557,12,,,1,52,,91558,12,,,1,12,,91599,12,,,1,12,,91559,12,,,1,12,,91560,12,,,1,12,,91561,12,,,1,52,,91562,12,,,1,12,,91563,12,,,1,12,,91564,12,,,1,12,,91600,12,,,1,69,,91565,12,,,1,30,,91566,12,,,1,70,,91567,12,,,1,30,,91568,12,,,1,70,,91569,12,,,1,30,,91570,12,,,1,70,,91571,12,,,1,30,,91572,12,,,1,70,,91573,12,,,1,30,,91574,12,,,1,70,,91575,12,,,1,30,,91576,12,,,1,73,,91577,12,,,1,14,,91578,12,,,1,15,,91579,12,,,1,15,,91580,12,,,1,55,,91581,12,,,1,15,,91582,12,,,1,15,,91583,12,,,1,15,,91584,12,,,1,55,,91585,12,,,1,15,,91586,12,,,1,15,,91587,12,,,1,70,,91588,12,,,1,27,,91589,12,,,1,69,,91590,12,,,1,30,,91591,12,,,1,70,,91592,12,,,1,30,,91593,12,,,1,70,,91594,12,,,1,30,,91595,12,,,1,70,,91596,12,,,1,100,,91597,12,,,1,100,,91598,12,,,1
91500,'915-Weekday-2-26-02-1111100',537,,91601,12,,,1,70,,91602,12,,,1,32,,91603,12,,,1,12,,91604,12,,,1,52,,91605,12,,,1,12,,91646,12,,,1,12,,91606,12,,,1,12,,91607,12,,,1,12,,91608,12,,,1,52,,91609,12,,,1,12,,91610,12,,,1,12,,91611,12,,,1,12,,91647,12,,,1,69,,91612,12,,,1,30,,91613,12,,,1,70,,91614,12,,,1,30,,91615,12,,,1,70,,91616,12,,,1,30,,91617,12,,,1,70,,91618,12,,,1,30,,91619,12,,,1,70,,91620,12,,,1,30,,91621,12,,,1,70,,91622,12,,,1,30,,91623,12,,,1,73,,91624,12,,,1,14,,91625,12,,,1,15,,91626,12,,,1,15,,91627,12,,,1,55,,91628,12,,,1,15,,91629,12,,,1,15,,91630,12,,,1,15,,91631,12,,,1,55,,91632,12,,,1,15,,91633,12,,,1,15,,91634,12,,,1,70,,91635,12,,,1,27,,91636,12,,,1,69,,91637,12,,,1,30,,91638,12,,,1,70,,91639,12,,,1,30,,91640,12,,,1,70,,91641,12,,,1,30,,91642,12,,,1,70,,91643,12,,,1,100,,91644,12,,,1,100,,91645,12,,,1
91500,'915-Weekday-4-26-02-1111100',537,,91648,12,,,1,70,,91649,12,,,1,32,,91650,12,,,1,12,,91651,12,,,1,52,,91652,12,,,1,12,,91693,12,,,1,12,,91653,12,,,1,12,,91654,12,,,1,12,,91655,12,,,1,52,,91656,12,,,1,12,,91657,12,,,1,12,,91658,12,,,1,12,,91694,12,,,1,69,,91659,12,,,1,30,,91660,12,,,1,70,,91661,12,,,1,30,,91662,12,,,1,70,,91663,12,,,1,30,,91664,12,,,1,70,,91665,12,,,1,30,,91666,12,,,1,70,,91667,12,,,1,30,,91668,12,,,1,70,,91669,12,,,1,30,,91670,12,,,1,73,,91671,12,,,1,14,,91672,12,,,1,15,,91673,12,,,1,15,,91674,12,,,1,55,,91675,12,,,1,15,,91676,12,,,1,15,,91677,12,,,1,15,,91678,12,,,1,55,,91679,12,,,1,15,,91680,12,,,1,15,,91681,12,,,1,70,,91682,12,,,1,27,,91683,12,,,1,69,,91684,12,,,1,30,,91685,12,,,1,70,,91686,12,,,1,30,,91687,12,,,1,70,,91688,12,,,1,30,,91689,12,,,1,70,,91690,12,,,1,100,,91691,12,,,1,100,,91692,12,,,1
91500,'915-Weekday-5-26-02-1111100',537,,91695,12,,,1,70,,91696,12,,,1,32,,91697,12,,,1,12,,91698,12,,,1,52,,91699,12,,,1,12,,91740,12,,,1,12,,91700,12,,,1,12,,91701,12,,,1,12,,91702,12,,,1,52,,91703,12,,,1,12,,91704,12,,,1,12,,91705,12,,,1,12,,91741,12,,,1,69,,91706,12,,,1,30,,91707,12,,,1,70,,91708,12,,,1,30,,91709,12,,,1,70,,91710,12,,,1,30,,91711,12,,,1,70,,91712,12,,,1,30,,91713,12,,,1,70,,91714,12,,,1,30,,91715,12,,,1,70,,91716,12,,,1,30,,91717,12,,,1,73,,91718,12,,,1,14,,91719,12,,,1,15,,91720,12,,,1,15,,91721,12,,,1,55,,91722,12,,,1,15,,91723,12,,,1,15,,91724,12,,,1,15,,91725,12,,,1,55,,91726,12,,,1,15,,91727,12,,,1,15,,91728,12,,,1,70,,91729,12,,,1,27,,91730,12,,,1,69,,91731,12,,,1,30,,91732,12,,,1,70,,91733,12,,,1,30,,91734,12,,,1,70,,91735,12,,,1,30,,91736,12,,,1,70,,91737,12,,,1,100,,91738,12,,,1,100,,91739,12,,,1
91500,'915-Weekday-6-26-02-1111100',537,,91742,12,,,1,70,,91743,12,,,1,32,,91744,12,,,1,12,,91745,12,,,1,52,,91746,12,,,1,12,,91787,12,,,1,12,,91747,12,,,1,12,,91748,12,,,1,12,,91749,12,,,1,52,,91750,12,,,1,12,,91751,12,,,1,12,,91752,12,,,1,12,,91788,12,,,1,69,,91753,12,,,1,30,,91754,12,,,1,70,,91755,12,,,1,30,,91756,12,,,1,70,,91757,12,,,1,30,,91758,12,,,1,70,,91759,12,,,1,30,,91760,12,,,1,70,,91761,12,,,1,30,,91762,12,,,1,70,,91763,12,,,1,30,,91764,12,,,1,73,,91765,12,,,1,14,,91766,12,,,1,15,,91767,12,,,1,15,,91768,12,,,1,55,,91769,12,,,1,15,,91770,12,,,1,15,,91771,12,,,1,15,,91772,12,,,1,55,,91773,12,,,1,15,,91774,12,,,1,15,,91775,12,,,1,70,,91776,12,,,1,27,,91777,12,,,1,69,,91778,12,,,1,30,,91779,12,,,1,70,,91780,12,,,1,30,,91781,12,,,1,70,,91782,12,,,1,30,,91783,12,,,1,70,,91784,12,,,1,100,,91785,12,,,1,100,,91786,12,,,1
91500,'915-Weekday-7-26-02-1111100',537,,91789,12,,,1,70,,91790,12,,,1,32,,91791,12,,,1,12,,91792,12,,,1,52,,91793,12,,,1,12,,91834,12,,,1,12,,91794,12,,,1,12,,91795,12,,,1,12,,91796,12,,,1,52,,91797,12,,,1,12,,91798,12,,,1,12,,91799,12,,,1,12,,91835,12,,,1,69,,91800,12,,,1,30,,91801,12,,,1,70,,91802,12,,,1,30,,91803,12,,,1,70,,91804,12,,,1,30,,91805,12,,,1,70,,91806,12,,,1,30,,91807,12,,,1,70,,91808,12,,,1,30,,91809,12,,,1,70,,91810,12,,,1,30,,91811,12,,,1,73,,91812,12,,,1,14,,91813,12,,,1,15,,91814,12,,,1,15,,91815,12,,,1,55,,91816,12,,,1,15,,91817,12,,,1,15,,91818,12,,,1,15,,91819,12,,,1,55,,91820,12,,,1,15,,91821,12,,,1,15,,91822,12,,,1,70,,91823,12,,,1,27,,91824,12,,,1,69,,91825,12,,,1,30,,91826,12,,,1,70,,91827,12,,,1,30,,91828,12,,,1,70,,91829,12,,,1,30,,91830,12,,,1,70,,91831,12,,,1,100,,91832,12,,,1,100,,91833,12,,,1
91500,'915-Weekday-8-26-02-1111100',537,,91836,12,,,1,70,,91837,12,,,1,32,,91838,12,,,1,12,,91839,12,,,1,52,,91840,12,,,1,12,,91881,12,,,1,12,,91841,12,,,1,12,,91842,12,,,1,12,,91843,12,,,1,52,,91844,12,,,1,12,,91845,12,,,1,12,,91846,12,,,1,12,,91882,12,,,1,69,,91847,12,,,1,30,,91848,12,,,1,70,,91849,12,,,1,30,,91850,12,,,1,70,,91851,12,,,1,30,,91852,12,,,1,70,,91853,12,,,1,30,,91854,12,,,1,70,,91855,12,,,1,30,,91856,12,,,1,70,,91857,12,,,1,30,,91858,12,,,1,73,,91859,12,,,1,14,,91860,12,,,1,15,,91861,12,,,1,15,,91862,12,,,1,55,,91863,12,,,1,15,,91864,12,,,1,15,,91865,12,,,1,15,,91866,12,,,1,55,,91867,12,,,1,15,,91868,12,,,1,15,,91869,12,,,1,70,,91870,12,,,1,27,,91871,12,,,1,69,,91872,12,,,1,30,,91873,12,,,1,70,,91874,12,,,1,30,,91875,12,,,1,70,,91876,12,,,1,30,,91877,12,,,1,70,,91878,12,,,1,100,,91879,12,,,1,100,,91880,12,,,1
91500,'915-Weekday-9-26-02-1111100',537,,91883,12,,,1,70,,91884,12,,,1,32,,91885,12,,,1,12,,91886,12,,,1,52,,91887,12,,,1,12,,91928,12,,,1,12,,91888,12,,,1,12,,91889,12,,,1,12,,91890,12,,,1,52,,91891,12,,,1,12,,91892,12,,,1,12,,91893,12,,,1,12,,91929,12,,,1,69,,91894,12,,,1,30,,91895,12,,,1,70,,91896,12,,,1,30,,91897,12,,,1,70,,91898,12,,,1,30,,91899,12,,,1,70,,91900,12,,,1,30,,91901,12,,,1,70,,91902,12,,,1,30,,91903,12,,,1,70,,91904,12,,,1,30,,91905,12,,,1,73,,91906,12,,,1,14,,91907,12,,,1,15,,91908,12,,,1,15,,91909,12,,,1,55,,91910,12,,,1,15,,91911,12,,,1,15,,91912,12,,,1,15,,91913,12,,,1,55,,91914,12,,,1,15,,91915,12,,,1,15,,91916,12,,,1,70,,91917,12,,,1,27,,91918,12,,,1,69,,91919,12,,,1,30,,91920,12,,,1,70,,91921,12,,,1,30,,91922,12,,,1,70,,91923,12,,,1,30,,91924,12,,,1,70,,91925,12,,,1,100,,91926,12,,,1,100,,91927,12,,,1
91500,'915-Saturday-1-26-02-0000010',555,,91930,12,,,1,100,,91931,12,,,1,100,,91932,12,,,1,70,,91933,12,,,1,30,,91934,12,,,1,72,,91935,12,,,1,30,,91936,12,,,1,70,,91937,12,,,1,30,,91938,12,,,1,70,,91939,12,,,1,30,,91940,12,,,1,70,,91941,12,,,1,30,,91942,12,,,1,70,,91943,12,,,1,30,,91944,12,,,1,70,,91945,12,,,1,30,,91946,12,,,1,70,,91947,12,,,1,30,,91948,12,,,1,70,,91949,12,,,1,30,,91950,12,,,1,69,,91951,12,,,1,30,,91952,12,,,1,70,,91953,12,,,1,30,,91954,12,,,1,70,,91955,12,,,1,30,,91956,12,,,1,70,,91957,12,,,1,30,,91958,12,,,1,70,,91959,12,,,1,30,,91960,12,,,1,100,,91961,12,,,1,100,,91962,12,,,1
91500,'915-Sunday-1-26-02-0000001',624,,91963,12,,,1,100,,91964,12,,,1,100,,91965,12,,,1,101,,91966,12,,,1,100,,91967,12,,,1,30,,91968,12,,,1,70,,91969,12,,,1,30,,91970,12,,,1,70,,91971,12,,,1,30,,91972,12,,,1,70,,91973,12,,,1,30,,91974,12,,,1,70,,91975,12,,,1,30,,91976,12,,,1,70,,91977,12,,,1,30,,91978,12,,,1,70,,91979,12,,,1,30,,91980,12,,,1,69,,91981,12,,,1,30,,91982,12,,,1,70,,91983,12,,,1,30,,91984,12,,,1,70,,91985,12,,,1,30,,91986,12,,,1,70,,91987,12,,,1,30,,91988,12,,,1,70,,91989,12,,,1,100,,91990,12,,,1,100,,91991,12,,,1,100,,91992,12,,,1
