50701,'507-Weekday-1-26-04-1111100',530,,126162,15,,,1,70,,126163,15,,,1,31,,126164,15,,,1,21,,126198,15,,,1,55,,126165,15,,,1,22,,126194,15,,,1,15,,126167,15,,,1,15,,126195,15,,,1,55,,126169,15,,,1,15,,126196,15,,,1,15,,126170,15,,,1,66,,126166,15,,,1,24,,126168,15,,,1,24,,126172,15,,,1,70,,126173,15,,,1,30,,126174,15,,,1,70,,126175,15,,,1,30,,126176,15,,,1,70,,126177,15,,,1,30,,126157,15,,,1,70,,126158,15,,,1,30,,126159,15,,,1,70,,126160,15,,,1,30,,126161,15,,,1,73,,126171,15,,,1,75,,126178,15,,,1,30,,126179,15,,,1,70,,126180,15,,,1,30,,126181,15,,,1,70,,126182,15,,,1,28,,126183,15,,,1,68,,126184,15,,,1,25,,126185,15,,,1,31,,126186,15,,,1,70,,126187,15,,,1,30,,126188,15,,,1,70,,126189,15,,,1,30,,126190,15,,,1,67,,126191,15,,,1,27,,126197,15,,,1,90,,126192,15,,,1,100,,126193,15,,,1
50701,'507-Weekday-2-26-04-1111100',530,,126204,15,,,1,70,,126205,15,,,1,31,,126206,15,,,1,21,,126240,15,,,1,55,,126207,15,,,1,22,,126236,15,,,1,15,,126209,15,,,1,15,,126237,15,,,1,55,,126211,15,,,1,15,,126238,15,,,1,15,,126212,15,,,1,66,,126208,15,,,1,24,,126210,15,,,1,24,,126214,15,,,1,70,,126215,15,,,1,30,,126216,15,,,1,70,,126217,15,,,1,30,,126218,15,,,1,70,,126219,15,,,1,30,,126199,15,,,1,70,,126200,15,,,1,30,,126201,15,,,1,70,,126202,15,,,1,30,,126203,15,,,1,73,,126213,15,,,1,75,,126220,15,,,1,30,,126221,15,,,1,70,,126222,15,,,1,30,,126223,15,,,1,70,,126224,15,,,1,28,,126225,15,,,1,68,,126226,15,,,1,25,,126227,15,,,1,31,,126228,15,,,1,70,,126229,15,,,1,30,,126230,15,,,1,70,,126231,15,,,1,30,,126232,15,,,1,67,,126233,15,,,1,27,,126239,15,,,1,90,,126234,15,,,1,100,,126235,15,,,1
50701,'507-Weekday-3-26-04-1111100',530,,126246,15,,,1,70,,126247,15,,,1,31,,126248,15,,,1,21,,126282,15,,,1,55,,126249,15,,,1,22,,126278,15,,,1,15,,126251,15,,,1,15,,126279,15,,,1,55,,126253,15,,,1,15,,126280,15,,,1,15,,126254,15,,,1,66,,126250,15,,,1,24,,126252,15,,,1,24,,126256,15,,,1,70,,126257,15,,,1,30,,126258,15,,,1,70,,126259,15,,,1,30,,126260,15,,,1,70,,126261,15,,,1,30,,126241,15,,,1,70,,126242,15,,,1,30,,126243,15,,,1,70,,126244,15,,,1,30,,126245,15,,,1,73,,126255,15,,,1,75,,126262,15,,,1,30,,126263,15,,,1,70,,126264,15,,,1,30,,126265,15,,,1,70,,126266,15,,,1,28,,126267,15,,,1,68,,126268,15,,,1,25,,126269,15,,,1,31,,126270,15,,,1,70,,126271,15,,,1,30,,126272,15,,,1,70,,126273,15,,,1,30,,126274,15,,,1,67,,126275,15,,,1,27,,126281,15,,,1,90,,126276,15,,,1,100,,126277,15,,,1
50701,'507-Saturday-1-26-04-0000010',537,,126284,15,,,1,100,,126286,15,,,1,100,,126287,15,,,1,70,,126285,15,,,1,30,,126288,15,,,1,71,,126289,15,,,1,33,,126290,15,,,1,72,,126291,15,,,1,30,,126292,15,,,1,70,,126293,15,,,1,30,,126294,15,,,1,70,,126295,15,,,1,30,,126296,15,,,1,70,,126297,15,,,1,30,,126298,15,,,1,70,,126299,15,,,1,30,,126300,15,,,1,70,,126301,15,,,1,30,,126302,15,,,1,70,,126303,15,,,1,30,,126304,15,,,1,68,,126305,15,,,1,28,,126306,15,,,1,69,,126307,15,,,1,30,,126308,15,,,1,70,,126309,15,,,1,100,,126310,15,,,1,100,,126311,15,,,1,100,,126312,15,,,1,100,,126313,15,,,1
50701,'507-Sunday-1-26-04-0000001',605,,126339,15,,,1,100,,126314,15,,,1,100,,126315,15,,,1,100,,126316,15,,,1,106,,126317,15,,,1,30,,126340,15,,,1,70,,126318,15,,,1,30,,126319,15,,,1,70,,126320,15,,,1,30,,126321,15,,,1,70,,126322,15,,,1,30,,126323,15,,,1,70,,126324,15,,,1,30,,126325,15,,,1,70,,126326,15,,,1,30,,126327,15,,,1,70,,126328,15,,,1,30,,126329,15,,,1,69,,126330,15,,,1,28,,126331,15,,,1,69,,126332,15,,,1,30,,126333,15,,,1,70,,126334,15,,,1,51,,126335,15,,,1,100,,126336,15,,,1,100,,126337,15,,,1,100,,126338,15,,,1
63000,'630-Weekday-1-26-04-1111100',745,,131755,26,,,1
63000,'630-Weekday-2-26-04-1111100',745,,131756,26,,,1
63000,'630-Weekday-3-26-04-1111100',745,,131757,26,,,1
63500,'635-Weekday-1-26-04-0000100',932,,131813,26,,,1
63500,'635-Weekday-1-26-04-1111000',802,,131814,26,,,1
63500,'635-Weekday-2-26-04-0000100',932,,131815,26,,,1
