50701,'507-Weekday-1-26-04-1111100',528,,126162,12,,,1,30,,126163,12,,,1,71,,126164,12,,,1,21,,126198,12,,,1,55,,126165,12,,,1,22,,126194,12,,,1,15,,126167,12,,,1,15,,126195,12,,,1,55,,126169,12,,,1,15,,126196,12,,,1,15,,126170,12,,,1,66,,126166,12,,,1,24,,126168,12,,,1,24,,126172,12,,,1,70,,126173,12,,,1,30,,126174,12,,,1,70,,126175,12,,,1,30,,126176,12,,,1,70,,126177,12,,,1,30,,126157,12,,,1,70,,126158,12,,,1,30,,126159,12,,,1,70,,126160,12,,,1,30,,126161,12,,,1,72,,126171,12,,,1,75,,126178,12,,,1,30,,126179,12,,,1,70,,126180,12,,,1,30,,126181,12,,,1,70,,126182,12,,,1,29,,126183,12,,,1,68,,126184,12,,,1,25,,126185,12,,,1,31,,126186,12,,,1,70,,126187,12,,,1,30,,126188,12,,,1,70,,126189,12,,,1,30,,126190,12,,,1,67,,126191,12,,,1,27,,126197,12,,,1,90,,126192,12,,,1,100,,126193,12,,,1
50701,'507-Weekday-2-26-04-1111100',528,,126204,12,,,1,30,,126205,12,,,1,71,,126206,12,,,1,21,,126240,12,,,1,55,,126207,12,,,1,22,,126236,12,,,1,15,,126209,12,,,1,15,,126237,12,,,1,55,,126211,12,,,1,15,,126238,12,,,1,15,,126212,12,,,1,66,,126208,12,,,1,24,,126210,12,,,1,24,,126214,12,,,1,70,,126215,12,,,1,30,,126216,12,,,1,70,,126217,12,,,1,30,,126218,12,,,1,70,,126219,12,,,1,30,,126199,12,,,1,70,,126200,12,,,1,30,,126201,12,,,1,70,,126202,12,,,1,30,,126203,12,,,1,72,,126213,12,,,1,75,,126220,12,,,1,30,,126221,12,,,1,70,,126222,12,,,1,30,,126223,12,,,1,70,,126224,12,,,1,29,,126225,12,,,1,68,,126226,12,,,1,25,,126227,12,,,1,31,,126228,12,,,1,70,,126229,12,,,1,30,,126230,12,,,1,70,,126231,12,,,1,30,,126232,12,,,1,67,,126233,12,,,1,27,,126239,12,,,1,90,,126234,12,,,1,100,,126235,12,,,1
50701,'507-Weekday-3-26-04-1111100',528,,126246,12,,,1,30,,126247,12,,,1,71,,126248,12,,,1,21,,126282,12,,,1,55,,126249,12,,,1,22,,126278,12,,,1,15,,126251,12,,,1,15,,126279,12,,,1,55,,126253,12,,,1,15,,126280,12,,,1,15,,126254,12,,,1,66,,126250,12,,,1,24,,126252,12,,,1,24,,126256,12,,,1,70,,126257,12,,,1,30,,126258,12,,,1,70,,126259,12,,,1,30,,126260,12,,,1,70,,126261,12,,,1,30,,126241,12,,,1,70,,126242,12,,,1,30,,126243,12,,,1,70,,126244,12,,,1,30,,126245,12,,,1,72,,126255,12,,,1,75,,126262,12,,,1,30,,126263,12,,,1,70,,126264,12,,,1,30,,126265,12,,,1,70,,126266,12,,,1,29,,126267,12,,,1,68,,126268,12,,,1,25,,126269,12,,,1,31,,126270,12,,,1,70,,126271,12,,,1,30,,126272,12,,,1,70,,126273,12,,,1,30,,126274,12,,,1,67,,126275,12,,,1,27,,126281,12,,,1,90,,126276,12,,,1,100,,126277,12,,,1
50701,'507-Saturday-1-26-04-0000010',535,,126284,12,,,1,100,,126286,12,,,1,100,,126287,12,,,1,70,,126285,12,,,1,30,,126288,12,,,1,71,,126289,12,,,1,33,,126290,12,,,1,72,,126291,12,,,1,30,,126292,12,,,1,70,,126293,12,,,1,30,,126294,12,,,1,70,,126295,12,,,1,30,,126296,12,,,1,70,,126297,12,,,1,30,,126298,12,,,1,70,,126299,12,,,1,30,,126300,12,,,1,70,,126301,12,,,1,30,,126302,12,,,1,70,,126303,12,,,1,30,,126304,12,,,1,68,,126305,12,,,1,28,,126306,12,,,1,69,,126307,12,,,1,30,,126308,12,,,1,70,,126309,12,,,1,100,,126310,12,,,1,100,,126311,12,,,1,100,,126312,12,,,1,100,,126313,12,,,1
50701,'507-Sunday-1-26-04-0000001',603,,126339,12,,,1,100,,126314,12,,,1,100,,126315,12,,,1,100,,126316,12,,,1,106,,126317,12,,,1,30,,126340,12,,,1,70,,126318,12,,,1,30,,126319,12,,,1,70,,126320,12,,,1,30,,126321,12,,,1,70,,126322,12,,,1,30,,126323,12,,,1,70,,126324,12,,,1,30,,126325,12,,,1,70,,126326,12,,,1,30,,126327,12,,,1,70,,126328,12,,,1,30,,126329,12,,,1,69,,126330,12,,,1,28,,126331,12,,,1,69,,126332,12,,,1,30,,126333,12,,,1,70,,126334,12,,,1,51,,126335,12,,,1,100,,126336,12,,,1,100,,126337,12,,,1,100,,126338,12,,,1
63000,'630-Weekday-1-26-04-1111100',743,,131755,23,,,1
63000,'630-Weekday-2-26-04-1111100',743,,131756,23,,,1
63000,'630-Weekday-3-26-04-1111100',743,,131757,23,,,1
63500,'635-Weekday-1-26-04-0000100',930,,131813,23,,,1
63500,'635-Weekday-1-26-04-1111000',800,,131814,23,,,1
63500,'635-Weekday-2-26-04-0000100',930,,131815,23,,,1
