10400,'104-Weekday-1-26-02-1111100',538,,28371,17,,,1,70,,28372,17,,,1,32,,28373,17,,,1,70,,28374,17,,,1,20,,28375,17,,,1,20,,28414,17,,,1,60,,28376,17,,,1,20,,28377,17,,,1,15,,28378,17,,,1,60,,28379,17,,,1,20,,28380,17,,,1,20,,28381,17,,,1,60,,28382,17,,,1,20,,28383,17,,,1,20,,28384,17,,,1,60,,28385,17,,,1,20,,28386,17,,,1,20,,28387,17,,,1,60,,28388,17,,,1,20,,28389,17,,,1,20,,28390,17,,,1,60,,28391,17,,,1,20,,28392,17,,,1,20,,28393,17,,,1,60,,28394,17,,,1,20,,28395,17,,,1,20,,28396,17,,,1,61,,28413,17,,,1,11,,28417,17,,,1,3,,28416,17,,,1,2,,28397,17,,,1,15,,28398,17,,,1,15,,28399,17,,,1,55,,28415,17,,,1,15,,28400,17,,,1,15,,28401,17,,,1,15,,28402,17,,,1,70,,28403,17,,,1,30,,28404,17,,,1,70,,28405,17,,,1,28,,28406,17,,,1,70,,28407,17,,,1,30,,28408,17,,,1,70,,28409,17,,,1,30,,28410,17,,,1,70,,28411,17,,,1,30,,28412,17,,,1
10400,'104-Weekday-10-26-02-1111100',538,,28418,17,,,1,70,,28419,17,,,1,32,,28420,17,,,1,70,,28421,17,,,1,20,,28422,17,,,1,20,,28461,17,,,1,60,,28423,17,,,1,20,,28424,17,,,1,15,,28425,17,,,1,60,,28426,17,,,1,20,,28427,17,,,1,20,,28428,17,,,1,60,,28429,17,,,1,20,,28430,17,,,1,20,,28431,17,,,1,60,,28432,17,,,1,20,,28433,17,,,1,20,,28434,17,,,1,60,,28435,17,,,1,20,,28436,17,,,1,20,,28437,17,,,1,60,,28438,17,,,1,20,,28439,17,,,1,20,,28440,17,,,1,60,,28441,17,,,1,20,,28442,17,,,1,20,,28443,17,,,1,61,,28460,17,,,1,11,,28464,17,,,1,3,,28463,17,,,1,2,,28444,17,,,1,15,,28445,17,,,1,15,,28446,17,,,1,55,,28462,17,,,1,15,,28447,17,,,1,15,,28448,17,,,1,15,,28449,17,,,1,70,,28450,17,,,1,30,,28451,17,,,1,70,,28452,17,,,1,28,,28453,17,,,1,70,,28454,17,,,1,30,,28455,17,,,1,70,,28456,17,,,1,30,,28457,17,,,1,70,,28458,17,,,1,30,,28459,17,,,1
10400,'104-Weekday-4-26-02-1111100',538,,28512,17,,,1,70,,28513,17,,,1,32,,28514,17,,,1,70,,28515,17,,,1,20,,28516,17,,,1,20,,28555,17,,,1,60,,28517,17,,,1,20,,28518,17,,,1,15,,28519,17,,,1,60,,28520,17,,,1,20,,28521,17,,,1,20,,28522,17,,,1,60,,28523,17,,,1,20,,28524,17,,,1,20,,28525,17,,,1,60,,28526,17,,,1,20,,28527,17,,,1,20,,28528,17,,,1,60,,28529,17,,,1,20,,28530,17,,,1,20,,28531,17,,,1,60,,28532,17,,,1,20,,28533,17,,,1,20,,28534,17,,,1,60,,28535,17,,,1,20,,28536,17,,,1,20,,28537,17,,,1,61,,28554,17,,,1,16,,28538,17,,,1,15,,28539,17,,,1,15,,28540,17,,,1,55,,28556,17,,,1,15,,28541,17,,,1,15,,28542,17,,,1,15,,28543,17,,,1,70,,28544,17,,,1,30,,28545,17,,,1,70,,28546,17,,,1,28,,28547,17,,,1,70,,28548,17,,,1,30,,28549,17,,,1,70,,28550,17,,,1,30,,28551,17,,,1,70,,28552,17,,,1,30,,28553,17,,,1
10400,'104-Weekday-5-26-02-1111100',538,,28557,17,,,1,70,,28558,17,,,1,32,,28559,17,,,1,70,,28560,17,,,1,20,,28561,17,,,1,20,,28600,17,,,1,60,,28562,17,,,1,20,,28563,17,,,1,15,,28564,17,,,1,60,,28565,17,,,1,20,,28566,17,,,1,20,,28567,17,,,1,60,,28568,17,,,1,20,,28569,17,,,1,20,,28570,17,,,1,60,,28571,17,,,1,20,,28572,17,,,1,20,,28573,17,,,1,60,,28574,17,,,1,20,,28575,17,,,1,20,,28576,17,,,1,60,,28577,17,,,1,20,,28578,17,,,1,20,,28579,17,,,1,60,,28580,17,,,1,20,,28581,17,,,1,20,,28582,17,,,1,61,,28599,17,,,1,11,,28603,17,,,1,3,,28602,17,,,1,2,,28583,17,,,1,15,,28584,17,,,1,15,,28585,17,,,1,55,,28601,17,,,1,15,,28586,17,,,1,15,,28587,17,,,1,15,,28588,17,,,1,70,,28589,17,,,1,30,,28590,17,,,1,70,,28591,17,,,1,28,,28592,17,,,1,70,,28593,17,,,1,30,,28594,17,,,1,70,,28595,17,,,1,30,,28596,17,,,1,70,,28597,17,,,1,30,,28598,17,,,1
10400,'104-Weekday-6-26-02-1111100',538,,28604,17,,,1,70,,28605,17,,,1,32,,28606,17,,,1,70,,28607,17,,,1,20,,28608,17,,,1,20,,28647,17,,,1,60,,28609,17,,,1,20,,28610,17,,,1,15,,28611,17,,,1,60,,28612,17,,,1,20,,28613,17,,,1,20,,28614,17,,,1,60,,28615,17,,,1,20,,28616,17,,,1,20,,28617,17,,,1,60,,28618,17,,,1,20,,28619,17,,,1,20,,28620,17,,,1,60,,28621,17,,,1,20,,28622,17,,,1,20,,28623,17,,,1,60,,28624,17,,,1,20,,28625,17,,,1,20,,28626,17,,,1,60,,28627,17,,,1,20,,28628,17,,,1,20,,28629,17,,,1,61,,28646,17,,,1,16,,28630,17,,,1,15,,28631,17,,,1,15,,28632,17,,,1,55,,28648,17,,,1,15,,28633,17,,,1,15,,28634,17,,,1,15,,28635,17,,,1,70,,28636,17,,,1,30,,28637,17,,,1,70,,28638,17,,,1,28,,28639,17,,,1,70,,28640,17,,,1,30,,28641,17,,,1,70,,28642,17,,,1,30,,28643,17,,,1,70,,28644,17,,,1,30,,28645,17,,,1
10400,'104-Weekday-7-26-02-1111100',538,,28649,17,,,1,70,,28650,17,,,1,32,,28651,17,,,1,70,,28652,17,,,1,20,,28653,17,,,1,20,,28692,17,,,1,60,,28654,17,,,1,20,,28655,17,,,1,15,,28656,17,,,1,60,,28657,17,,,1,20,,28658,17,,,1,20,,28659,17,,,1,60,,28660,17,,,1,20,,28661,17,,,1,20,,28662,17,,,1,60,,28663,17,,,1,20,,28664,17,,,1,20,,28665,17,,,1,60,,28666,17,,,1,20,,28667,17,,,1,20,,28668,17,,,1,60,,28669,17,,,1,20,,28670,17,,,1,20,,28671,17,,,1,60,,28672,17,,,1,20,,28673,17,,,1,20,,28674,17,,,1,61,,28691,17,,,1,16,,28675,17,,,1,15,,28676,17,,,1,15,,28677,17,,,1,55,,28693,17,,,1,15,,28678,17,,,1,15,,28679,17,,,1,15,,28680,17,,,1,70,,28681,17,,,1,30,,28682,17,,,1,70,,28683,17,,,1,28,,28684,17,,,1,70,,28685,17,,,1,30,,28686,17,,,1,70,,28687,17,,,1,30,,28688,17,,,1,70,,28689,17,,,1,30,,28690,17,,,1
10400,'104-Saturday-1-26-02-0000010',818,,28786,17,,,1,30,,28787,17,,,1,72,,28788,17,,,1,30,,28789,17,,,1,70,,28790,17,,,1,30,,28791,17,,,1,70,,28792,17,,,1,30,,28793,17,,,1,70,,28794,17,,,1,30,,28795,17,,,1,70,,28796,17,,,1,30,,28797,17,,,1,70,,28798,17,,,1,30,,28799,17,,,1,70,,28800,17,,,1,30,,28801,17,,,1,70,,28802,17,,,1,30,,28803,17,,,1,70,,28804,17,,,1,30,,28805,17,,,1,70,,28806,17,,,1,30,,28807,17,,,1,70,,28808,17,,,1
10400,'104-Sunday-1-26-02-0000001',1020,,28809,17,,,1,30,,28810,17,,,1,70,,28811,17,,,1,30,,28812,17,,,1,70,,28813,17,,,1,30,,28814,17,,,1,70,,28815,17,,,1,30,,28816,17,,,1,70,,28817,17,,,1,30,,28818,17,,,1,70,,28819,17,,,1,30,,28820,17,,,1,70,,28821,17,,,1,30,,28822,17,,,1,70,,28823,17,,,1,30,,28824,17,,,1,70,,28825,17,,,1,30,,28826,17,,,1
62700,'627-Weekday-1-26-02-1111100',1519,,60893,14,,,1
62700,'627-Weekday-5-26-02-1111100',1519,,60896,14,,,1
62700,'627-Weekday-9-26-02-1111100',1519,,60897,14,,,1
