50400,'504-Weekday-1-26-02-1111100',536,,44989,9,,,1,70,,44990,9,,,1,31,,44991,9,,,1,70,,44992,9,,,1,30,,44993,9,,,1,70,,44994,9,,,1,30,,44995,9,,,1,103,,44996,9,,,1,100,,44997,9,,,1,100,,44998,9,,,1,100,,44999,9,,,1,100,,45000,9,,,1,100,,45001,9,,,1,82,,45002,9,,,1,30,,45003,9,,,1,71,,45004,9,,,1,30,,45005,9,,,1,70,,45006,9,,,1,100,,45007,9,,,1,98,,45008,9,,,1,100,,45009,9,,,1,100,,45010,9,,,1
50400,'504-Weekday-10-26-02-1111100',536,,45011,9,,,1,70,,45012,9,,,1,31,,45013,9,,,1,70,,45014,9,,,1,30,,45015,9,,,1,70,,45016,9,,,1,30,,45017,9,,,1,103,,45018,9,,,1,100,,45019,9,,,1,100,,45020,9,,,1,100,,45021,9,,,1,100,,45022,9,,,1,100,,45023,9,,,1,82,,45024,9,,,1,30,,45025,9,,,1,71,,45026,9,,,1,30,,45027,9,,,1,70,,45028,9,,,1,100,,45029,9,,,1,98,,45030,9,,,1,100,,45031,9,,,1,100,,45032,9,,,1
50400,'504-Weekday-2-26-02-1111100',536,,45033,9,,,1,70,,45034,9,,,1,31,,45035,9,,,1,70,,45036,9,,,1,30,,45037,9,,,1,70,,45038,9,,,1,30,,45039,9,,,1,103,,45040,9,,,1,100,,45041,9,,,1,100,,45042,9,,,1,100,,45043,9,,,1,100,,45044,9,,,1,100,,45045,9,,,1,82,,45046,9,,,1,30,,45047,9,,,1,71,,45048,9,,,1,30,,45049,9,,,1,70,,45050,9,,,1,100,,45051,9,,,1,98,,45052,9,,,1,100,,45053,9,,,1,100,,45054,9,,,1
50400,'504-Weekday-4-26-02-1111100',536,,45055,9,,,1,70,,45056,9,,,1,31,,45057,9,,,1,70,,45058,9,,,1,30,,45059,9,,,1,70,,45060,9,,,1,30,,45061,9,,,1,103,,45062,9,,,1,100,,45063,9,,,1,100,,45064,9,,,1,100,,45065,9,,,1,100,,45066,9,,,1,100,,45067,9,,,1,82,,45068,9,,,1,30,,45069,9,,,1,71,,45070,9,,,1,30,,45071,9,,,1,70,,45072,9,,,1,100,,45073,9,,,1,98,,45074,9,,,1,100,,45075,9,,,1,100,,45076,9,,,1
50400,'504-Weekday-5-26-02-1111100',536,,45077,9,,,1,70,,45078,9,,,1,31,,45079,9,,,1,70,,45080,9,,,1,30,,45081,9,,,1,70,,45082,9,,,1,30,,45083,9,,,1,103,,45084,9,,,1,100,,45085,9,,,1,100,,45086,9,,,1,100,,45087,9,,,1,100,,45088,9,,,1,100,,45089,9,,,1,82,,45090,9,,,1,30,,45091,9,,,1,71,,45092,9,,,1,30,,45093,9,,,1,70,,45094,9,,,1,100,,45095,9,,,1,98,,45096,9,,,1,100,,45097,9,,,1,100,,45098,9,,,1
50400,'504-Weekday-6-26-02-1111100',536,,45099,9,,,1,70,,45100,9,,,1,31,,45101,9,,,1,70,,45102,9,,,1,30,,45103,9,,,1,70,,45104,9,,,1,30,,45105,9,,,1,103,,45106,9,,,1,100,,45107,9,,,1,100,,45108,9,,,1,100,,45109,9,,,1,100,,45110,9,,,1,100,,45111,9,,,1,82,,45112,9,,,1,30,,45113,9,,,1,71,,45114,9,,,1,30,,45115,9,,,1,70,,45116,9,,,1,100,,45117,9,,,1,98,,45118,9,,,1,100,,45119,9,,,1,100,,45120,9,,,1
50400,'504-Weekday-7-26-02-1111100',536,,45121,9,,,1,70,,45122,9,,,1,31,,45123,9,,,1,70,,45124,9,,,1,30,,45125,9,,,1,70,,45126,9,,,1,30,,45127,9,,,1,103,,45128,9,,,1,100,,45129,9,,,1,100,,45130,9,,,1,100,,45131,9,,,1,100,,45132,9,,,1,100,,45133,9,,,1,82,,45134,9,,,1,30,,45135,9,,,1,71,,45136,9,,,1,30,,45137,9,,,1,70,,45138,9,,,1,100,,45139,9,,,1,98,,45140,9,,,1,100,,45141,9,,,1,100,,45142,9,,,1
50400,'504-Weekday-8-26-02-1111100',536,,45143,9,,,1,70,,45144,9,,,1,31,,45145,9,,,1,70,,45146,9,,,1,30,,45147,9,,,1,70,,45148,9,,,1,30,,45149,9,,,1,103,,45150,9,,,1,100,,45151,9,,,1,100,,45152,9,,,1,100,,45153,9,,,1,100,,45154,9,,,1,100,,45155,9,,,1,82,,45156,9,,,1,30,,45157,9,,,1,71,,45158,9,,,1,30,,45159,9,,,1,70,,45160,9,,,1,100,,45161,9,,,1,98,,45162,9,,,1,100,,45163,9,,,1,100,,45164,9,,,1
50400,'504-Weekday-9-26-02-1111100',536,,45165,9,,,1,70,,45166,9,,,1,31,,45167,9,,,1,70,,45168,9,,,1,30,,45169,9,,,1,70,,45170,9,,,1,30,,45171,9,,,1,103,,45172,9,,,1,100,,45173,9,,,1,100,,45174,9,,,1,100,,45175,9,,,1,100,,45176,9,,,1,100,,45177,9,,,1,82,,45178,9,,,1,30,,45179,9,,,1,71,,45180,9,,,1,30,,45181,9,,,1,70,,45182,9,,,1,100,,45183,9,,,1,98,,45184,9,,,1,100,,45185,9,,,1,100,,45186,9,,,1
50400,'504-Saturday-1-26-02-0000010',749,,45187,9,,,1,100,,45188,9,,,1,100,,45189,9,,,1,100,,45190,9,,,1,100,,45191,9,,,1,100,,45192,9,,,1,100,,45193,9,,,1,100,,45194,9,,,1,100,,45195,9,,,1,100,,45196,9,,,1,100,,45197,9,,,1,100,,45198,9,,,1,100,,45199,9,,,1
50400,'504-Sunday-1-26-02-0000001',746,,45200,9,,,1,99,,45201,9,,,1,99,,45202,9,,,1,100,,45203,9,,,1,100,,45204,9,,,1,100,,45205,9,,,1,100,,45206,9,,,1,100,,45207,9,,,1,100,,45208,9,,,1,101,,45209,9,,,1,101,,45210,9,,,1,100,,45211,9,,,1
