52200,'522-Weekday-1-26-02-1111100',628,,56687,25,,,1,72,,56688,25,,,1,31,,56689,25,,,1,70,,56690,25,,,1,30,,56691,25,,,1,70,,56692,25,,,1,28,,56693,25,,,1,99,,56694,25,,,1,100,,56695,25,,,1,100,,56696,25,,,1,100,,56697,25,,,1,100,,56698,25,,,1,103,,56699,25,,,1,72,,56700,25,,,1,30,,56701,25,,,1,70,,56702,25,,,1,30,,56703,25,,,1,70,,56704,25,,,1,29,,56705,25,,,1,97,,56706,25,,,1,100,,56707,25,,,1,100,,56708,25,,,1,97,,56709,25,,,1
52200,'522-Weekday-10-26-02-1111100',628,,56710,25,,,1,72,,56711,25,,,1,31,,56712,25,,,1,70,,56713,25,,,1,30,,56714,25,,,1,70,,56715,25,,,1,28,,56716,25,,,1,99,,56717,25,,,1,100,,56718,25,,,1,100,,56719,25,,,1,100,,56720,25,,,1,100,,56721,25,,,1,103,,56722,25,,,1,72,,56723,25,,,1,30,,56724,25,,,1,70,,56725,25,,,1,30,,56726,25,,,1,70,,56727,25,,,1,29,,56728,25,,,1,97,,56729,25,,,1,100,,56730,25,,,1,100,,56731,25,,,1,97,,56732,25,,,1
52200,'522-Weekday-2-26-02-1111100',628,,56733,25,,,1,72,,56734,25,,,1,31,,56735,25,,,1,70,,56736,25,,,1,30,,56737,25,,,1,70,,56738,25,,,1,28,,56739,25,,,1,99,,56740,25,,,1,100,,56741,25,,,1,100,,56742,25,,,1,100,,56743,25,,,1,100,,56744,25,,,1,103,,56745,25,,,1,72,,56746,25,,,1,30,,56747,25,,,1,70,,56748,25,,,1,30,,56749,25,,,1,70,,56750,25,,,1,29,,56751,25,,,1,97,,56752,25,,,1,100,,56753,25,,,1,100,,56754,25,,,1,97,,56755,25,,,1
52200,'522-Weekday-4-26-02-1111100',628,,56756,25,,,1,72,,56757,25,,,1,31,,56758,25,,,1,70,,56759,25,,,1,30,,56760,25,,,1,70,,56761,25,,,1,28,,56762,25,,,1,99,,56763,25,,,1,100,,56764,25,,,1,100,,56765,25,,,1,100,,56766,25,,,1,100,,56767,25,,,1,103,,56768,25,,,1,72,,56769,25,,,1,30,,56770,25,,,1,70,,56771,25,,,1,30,,56772,25,,,1,70,,56773,25,,,1,29,,56774,25,,,1,97,,56775,25,,,1,100,,56776,25,,,1,100,,56777,25,,,1,97,,56778,25,,,1
52200,'522-Weekday-5-26-02-1111100',628,,56779,25,,,1,72,,56780,25,,,1,31,,56781,25,,,1,70,,56782,25,,,1,30,,56783,25,,,1,70,,56784,25,,,1,28,,56785,25,,,1,99,,56786,25,,,1,100,,56787,25,,,1,100,,56788,25,,,1,100,,56789,25,,,1,100,,56790,25,,,1,103,,56791,25,,,1,72,,56792,25,,,1,30,,56793,25,,,1,70,,56794,25,,,1,30,,56795,25,,,1,70,,56796,25,,,1,29,,56797,25,,,1,97,,56798,25,,,1,100,,56799,25,,,1,100,,56800,25,,,1,97,,56801,25,,,1
52200,'522-Weekday-6-26-02-1111100',628,,56802,25,,,1,72,,56803,25,,,1,31,,56804,25,,,1,70,,56805,25,,,1,30,,56806,25,,,1,70,,56807,25,,,1,28,,56808,25,,,1,99,,56809,25,,,1,100,,56810,25,,,1,100,,56811,25,,,1,100,,56812,25,,,1,100,,56813,25,,,1,103,,56814,25,,,1,72,,56815,25,,,1,30,,56816,25,,,1,70,,56817,25,,,1,30,,56818,25,,,1,70,,56819,25,,,1,29,,56820,25,,,1,97,,56821,25,,,1,100,,56822,25,,,1,100,,56823,25,,,1,97,,56824,25,,,1
52200,'522-Weekday-7-26-02-1111100',628,,56825,25,,,1,72,,56826,25,,,1,31,,56827,25,,,1,70,,56828,25,,,1,30,,56829,25,,,1,70,,56830,25,,,1,28,,56831,25,,,1,99,,56832,25,,,1,100,,56833,25,,,1,100,,56834,25,,,1,100,,56835,25,,,1,100,,56836,25,,,1,103,,56837,25,,,1,72,,56838,25,,,1,30,,56839,25,,,1,70,,56840,25,,,1,30,,56841,25,,,1,70,,56842,25,,,1,29,,56843,25,,,1,97,,56844,25,,,1,100,,56845,25,,,1,100,,56846,25,,,1,97,,56847,25,,,1
52200,'522-Weekday-8-26-02-1111100',628,,56848,25,,,1,72,,56849,25,,,1,31,,56850,25,,,1,70,,56851,25,,,1,30,,56852,25,,,1,70,,56853,25,,,1,28,,56854,25,,,1,99,,56855,25,,,1,100,,56856,25,,,1,100,,56857,25,,,1,100,,56858,25,,,1,100,,56859,25,,,1,103,,56860,25,,,1,72,,56861,25,,,1,30,,56862,25,,,1,70,,56863,25,,,1,30,,56864,25,,,1,70,,56865,25,,,1,29,,56866,25,,,1,97,,56867,25,,,1,100,,56868,25,,,1,100,,56869,25,,,1,97,,56870,25,,,1
52200,'522-Weekday-9-26-02-1111100',628,,56871,25,,,1,72,,56872,25,,,1,31,,56873,25,,,1,70,,56874,25,,,1,30,,56875,25,,,1,70,,56876,25,,,1,28,,56877,25,,,1,99,,56878,25,,,1,100,,56879,25,,,1,100,,56880,25,,,1,100,,56881,25,,,1,100,,56882,25,,,1,103,,56883,25,,,1,72,,56884,25,,,1,30,,56885,25,,,1,70,,56886,25,,,1,30,,56887,25,,,1,70,,56888,25,,,1,29,,56889,25,,,1,97,,56890,25,,,1,100,,56891,25,,,1,100,,56892,25,,,1,97,,56893,25,,,1
52200,'522-Saturday-1-26-02-0000010',842,,56894,25,,,1,102,,56895,25,,,1,100,,56896,25,,,1,100,,56897,25,,,1,100,,56898,25,,,1,100,,56899,25,,,1,100,,56900,25,,,1,100,,56901,25,,,1,100,,56902,25,,,1,98,,56903,25,,,1,100,,56904,25,,,1
52200,'522-Sunday-1-26-02-0000001',1011,,56905,25,,,1,100,,56906,25,,,1,100,,56907,25,,,1,100,,56908,25,,,1,100,,56909,25,,,1,100,,56910,25,,,1,100,,56911,25,,,1,100,,56912,25,,,1,100,,56913,25,,,1
