52200,'522-Weekday-1-26-02-1111100',625,,56687,20,,,1,31,,56688,20,,,1,71,,56689,20,,,1,30,,56690,20,,,1,70,,56691,20,,,1,30,,56692,20,,,1,69,,56693,20,,,1,99,,56694,20,,,1,100,,56695,20,,,1,100,,56696,20,,,1,100,,56697,20,,,1,100,,56698,20,,,1,102,,56699,20,,,1,32,,56700,20,,,1,70,,56701,20,,,1,30,,56702,20,,,1,70,,56703,20,,,1,30,,56704,20,,,1,70,,56705,20,,,1,97,,56706,20,,,1,100,,56707,20,,,1,100,,56708,20,,,1,97,,56709,20,,,1
52200,'522-Weekday-10-26-02-1111100',625,,56710,20,,,1,31,,56711,20,,,1,71,,56712,20,,,1,30,,56713,20,,,1,70,,56714,20,,,1,30,,56715,20,,,1,69,,56716,20,,,1,99,,56717,20,,,1,100,,56718,20,,,1,100,,56719,20,,,1,100,,56720,20,,,1,100,,56721,20,,,1,102,,56722,20,,,1,32,,56723,20,,,1,70,,56724,20,,,1,30,,56725,20,,,1,70,,56726,20,,,1,30,,56727,20,,,1,70,,56728,20,,,1,97,,56729,20,,,1,100,,56730,20,,,1,100,,56731,20,,,1,97,,56732,20,,,1
52200,'522-Weekday-2-26-02-1111100',625,,56733,20,,,1,31,,56734,20,,,1,71,,56735,20,,,1,30,,56736,20,,,1,70,,56737,20,,,1,30,,56738,20,,,1,69,,56739,20,,,1,99,,56740,20,,,1,100,,56741,20,,,1,100,,56742,20,,,1,100,,56743,20,,,1,100,,56744,20,,,1,102,,56745,20,,,1,32,,56746,20,,,1,70,,56747,20,,,1,30,,56748,20,,,1,70,,56749,20,,,1,30,,56750,20,,,1,70,,56751,20,,,1,97,,56752,20,,,1,100,,56753,20,,,1,100,,56754,20,,,1,97,,56755,20,,,1
52200,'522-Weekday-4-26-02-1111100',625,,56756,20,,,1,31,,56757,20,,,1,71,,56758,20,,,1,30,,56759,20,,,1,70,,56760,20,,,1,30,,56761,20,,,1,69,,56762,20,,,1,99,,56763,20,,,1,100,,56764,20,,,1,100,,56765,20,,,1,100,,56766,20,,,1,100,,56767,20,,,1,102,,56768,20,,,1,32,,56769,20,,,1,70,,56770,20,,,1,30,,56771,20,,,1,70,,56772,20,,,1,30,,56773,20,,,1,70,,56774,20,,,1,97,,56775,20,,,1,100,,56776,20,,,1,100,,56777,20,,,1,97,,56778,20,,,1
52200,'522-Weekday-5-26-02-1111100',625,,56779,20,,,1,31,,56780,20,,,1,71,,56781,20,,,1,30,,56782,20,,,1,70,,56783,20,,,1,30,,56784,20,,,1,69,,56785,20,,,1,99,,56786,20,,,1,100,,56787,20,,,1,100,,56788,20,,,1,100,,56789,20,,,1,100,,56790,20,,,1,102,,56791,20,,,1,32,,56792,20,,,1,70,,56793,20,,,1,30,,56794,20,,,1,70,,56795,20,,,1,30,,56796,20,,,1,70,,56797,20,,,1,97,,56798,20,,,1,100,,56799,20,,,1,100,,56800,20,,,1,97,,56801,20,,,1
52200,'522-Weekday-6-26-02-1111100',625,,56802,20,,,1,31,,56803,20,,,1,71,,56804,20,,,1,30,,56805,20,,,1,70,,56806,20,,,1,30,,56807,20,,,1,69,,56808,20,,,1,99,,56809,20,,,1,100,,56810,20,,,1,100,,56811,20,,,1,100,,56812,20,,,1,100,,56813,20,,,1,102,,56814,20,,,1,32,,56815,20,,,1,70,,56816,20,,,1,30,,56817,20,,,1,70,,56818,20,,,1,30,,56819,20,,,1,70,,56820,20,,,1,97,,56821,20,,,1,100,,56822,20,,,1,100,,56823,20,,,1,97,,56824,20,,,1
52200,'522-Weekday-7-26-02-1111100',625,,56825,20,,,1,31,,56826,20,,,1,71,,56827,20,,,1,30,,56828,20,,,1,70,,56829,20,,,1,30,,56830,20,,,1,69,,56831,20,,,1,99,,56832,20,,,1,100,,56833,20,,,1,100,,56834,20,,,1,100,,56835,20,,,1,100,,56836,20,,,1,102,,56837,20,,,1,32,,56838,20,,,1,70,,56839,20,,,1,30,,56840,20,,,1,70,,56841,20,,,1,30,,56842,20,,,1,70,,56843,20,,,1,97,,56844,20,,,1,100,,56845,20,,,1,100,,56846,20,,,1,97,,56847,20,,,1
52200,'522-Weekday-8-26-02-1111100',625,,56848,20,,,1,31,,56849,20,,,1,71,,56850,20,,,1,30,,56851,20,,,1,70,,56852,20,,,1,30,,56853,20,,,1,69,,56854,20,,,1,99,,56855,20,,,1,100,,56856,20,,,1,100,,56857,20,,,1,100,,56858,20,,,1,100,,56859,20,,,1,102,,56860,20,,,1,32,,56861,20,,,1,70,,56862,20,,,1,30,,56863,20,,,1,70,,56864,20,,,1,30,,56865,20,,,1,70,,56866,20,,,1,97,,56867,20,,,1,100,,56868,20,,,1,100,,56869,20,,,1,97,,56870,20,,,1
52200,'522-Weekday-9-26-02-1111100',625,,56871,20,,,1,31,,56872,20,,,1,71,,56873,20,,,1,30,,56874,20,,,1,70,,56875,20,,,1,30,,56876,20,,,1,69,,56877,20,,,1,99,,56878,20,,,1,100,,56879,20,,,1,100,,56880,20,,,1,100,,56881,20,,,1,100,,56882,20,,,1,102,,56883,20,,,1,32,,56884,20,,,1,70,,56885,20,,,1,30,,56886,20,,,1,70,,56887,20,,,1,30,,56888,20,,,1,70,,56889,20,,,1,97,,56890,20,,,1,100,,56891,20,,,1,100,,56892,20,,,1,97,,56893,20,,,1
52200,'522-Saturday-1-26-02-0000010',839,,56894,20,,,1,102,,56895,20,,,1,100,,56896,20,,,1,100,,56897,20,,,1,100,,56898,20,,,1,100,,56899,20,,,1,100,,56900,20,,,1,100,,56901,20,,,1,100,,56902,20,,,1,98,,56903,20,,,1,100,,56904,20,,,1
52200,'522-Sunday-1-26-02-0000001',1008,,56905,20,,,1,100,,56906,20,,,1,100,,56907,20,,,1,100,,56908,20,,,1,100,,56909,20,,,1,100,,56910,20,,,1,100,,56911,20,,,1,100,,56912,20,,,1,100,,56913,20,,,1
