10600,'106-Weekday-1-26-02-0001000',1217,,29288,8,,,1,5,,29289,8,,,1
10600,'106-Weekday-1-26-02-1110100',1512,,29290,8,,,1,3,,29291,8,,,1,3,,29292,8,,,1
10600,'106-Weekday-1-26-02-1111100',551,,29341,30,,,1,73,,29293,30,,,1,35,,29294,30,,,1,61,,29351,30,,,1,21,,29295,30,,,1,4,,29350,30,,,1,12,,29354,9,,,1,44,,29296,30,,,1,10,,29297,30,,,1,10,,29298,30,,,1,10,,29342,30,,,1,10,,29299,30,,,1,10,,29300,30,,,1,49,,29343,30,,,1,10,,29301,30,,,1,10,,29302,30,,,1,9,,29344,30,,,1,9,,29303,30,,,1,18,,29304,30,,,1,60,,29305,30,,,1,20,,29306,30,,,1,20,,29307,30,,,1,60,,29308,30,,,1,20,,29309,30,,,1,20,,29310,30,,,1,60,,29311,30,,,1,20,,29312,30,,,1,20,,29313,30,,,1,60,,29314,30,,,1,20,,29315,30,,,1,20,,29316,30,,,1,60,,29317,30,,,1,20,,29318,30,,,1,20,,29319,30,,,1,47,,29352,30,,,1,13,,29320,30,,,1,8,,29353,30,,,1,14,,29321,30,,,1,11,,29322,30,,,1,10,,29345,30,,,1,50,,29323,30,,,1,10,,29324,30,,,1,10,,29346,30,,,1,10,,29325,30,,,1,10,,29326,30,,,1,10,,29347,30,,,1,50,,29327,30,,,1,10,,29328,30,,,1,10,,29348,30,,,1,10,,29329,30,,,1,10,,29330,30,,,1,10,,29349,30,,,1,50,,29331,30,,,1,29,,29332,30,,,1,66,,29333,30,,,1,25,,29334,30,,,1,30,,29335,30,,,1,70,,29336,30,,,1,30,,29337,30,,,1,70,,29338,30,,,1,29,,29339,30,,,1,66,,29340,30,,,1,26,,29356,30,,,1
10600,'106-Weekday-10-26-02-0001000',1217,,29357,8,,,1,5,,29358,8,,,1
10600,'106-Weekday-10-26-02-1111100',551,,29407,30,,,1,73,,29359,30,,,1,35,,29360,30,,,1,61,,29417,30,,,1,21,,29361,30,,,1,4,,29416,30,,,1,12,,29420,9,,,1,44,,29362,30,,,1,10,,29363,30,,,1,10,,29364,30,,,1,10,,29408,30,,,1,10,,29365,30,,,1,10,,29366,30,,,1,49,,29409,30,,,1,10,,29367,30,,,1,10,,29368,30,,,1,9,,29410,30,,,1,9,,29369,30,,,1,18,,29370,30,,,1,60,,29371,30,,,1,20,,29372,30,,,1,20,,29373,30,,,1,60,,29374,30,,,1,20,,29375,30,,,1,20,,29376,30,,,1,60,,29377,30,,,1,20,,29378,30,,,1,20,,29379,30,,,1,60,,29380,30,,,1,20,,29381,30,,,1,20,,29382,30,,,1,60,,29383,30,,,1,20,,29384,30,,,1,20,,29385,30,,,1,47,,29418,30,,,1,13,,29386,30,,,1,8,,29419,30,,,1,14,,29387,30,,,1,11,,29388,30,,,1,10,,29411,30,,,1,50,,29389,30,,,1,10,,29390,30,,,1,10,,29412,30,,,1,10,,29391,30,,,1,10,,29392,30,,,1,10,,29413,30,,,1,50,,29393,30,,,1,10,,29394,30,,,1,10,,29414,30,,,1,10,,29395,30,,,1,10,,29396,30,,,1,10,,29415,30,,,1,50,,29397,30,,,1,29,,29398,30,,,1,66,,29399,30,,,1,25,,29400,30,,,1,30,,29401,30,,,1,70,,29402,30,,,1,30,,29403,30,,,1,70,,29404,30,,,1,29,,29405,30,,,1,66,,29406,30,,,1,26,,29422,30,,,1
10600,'106-Weekday-11-26-02-1110100',1512,,111938,8,,,1,3,,111939,8,,,1,3,,111940,8,,,1
10600,'106-Weekday-11-26-02-1111100',551,,111989,30,,,1,73,,111941,30,,,1,35,,111942,30,,,1,61,,111999,30,,,1,21,,111943,30,,,1,4,,111998,30,,,1,12,,112002,9,,,1,44,,111944,30,,,1,10,,111945,30,,,1,10,,111946,30,,,1,10,,111990,30,,,1,10,,111947,30,,,1,10,,111948,30,,,1,49,,111991,30,,,1,10,,111949,30,,,1,10,,111950,30,,,1,9,,111992,30,,,1,9,,111951,30,,,1,18,,111952,30,,,1,60,,111953,30,,,1,20,,111954,30,,,1,20,,111955,30,,,1,60,,111956,30,,,1,20,,111957,30,,,1,20,,111958,30,,,1,60,,111959,30,,,1,20,,111960,30,,,1,20,,111961,30,,,1,60,,111962,30,,,1,20,,111963,30,,,1,20,,111964,30,,,1,60,,111965,30,,,1,20,,111966,30,,,1,20,,111967,30,,,1,47,,112000,30,,,1,13,,111968,30,,,1,8,,112001,30,,,1,14,,111969,30,,,1,11,,111970,30,,,1,10,,111993,30,,,1,50,,111971,30,,,1,10,,111972,30,,,1,10,,111994,30,,,1,10,,111973,30,,,1,10,,111974,30,,,1,10,,111995,30,,,1,50,,111975,30,,,1,10,,111976,30,,,1,10,,111996,30,,,1,10,,111977,30,,,1,10,,111978,30,,,1,10,,111997,30,,,1,50,,111979,30,,,1,29,,111980,30,,,1,66,,111981,30,,,1,25,,111982,30,,,1,30,,111983,30,,,1,70,,111984,30,,,1,30,,111985,30,,,1,70,,111986,30,,,1,29,,111987,30,,,1,66,,111988,30,,,1,26,,112004,30,,,1
10600,'106-Saturday-1-26-02-0000010',554,,29884,30,,,1,72,,29885,30,,,1,30,,29886,30,,,1,70,,29887,30,,,1,30,,29888,30,,,1,70,,29889,30,,,1,31,,29890,30,,,1,72,,29891,30,,,1,76,,29892,30,,,1,30,,29893,30,,,1,70,,29894,30,,,1,30,,29895,30,,,1,70,,29896,30,,,1,30,,29897,30,,,1,70,,29898,30,,,1,30,,29899,30,,,1,70,,29900,30,,,1,30,,29901,30,,,1,70,,29902,30,,,1,30,,29903,30,,,1,70,,29904,30,,,1,30,,29905,30,,,1,69,,29906,30,,,1,28,,29907,30,,,1,69,,29908,30,,,1,30,,29909,30,,,1,70,,29910,30,,,1,30,,29911,30,,,1,70,,29912,30,,,1,30,,29913,30,,,1,70,,29914,30,,,1,30,,29915,30,,,1,70,,29916,30,,,1,30,,29917,30,,,1,70,,29918,30,,,1,100,,29919,30,,,1
10600,'106-Sunday-2-26-02-0000001',642,,112005,30,,,1,70,,112006,30,,,1,30,,112007,30,,,1,70,,112008,30,,,1,30,,112009,30,,,1,71,,112010,30,,,1,32,,112011,30,,,1,74,,112012,30,,,1,30,,112013,30,,,1,70,,112014,30,,,1,30,,112015,30,,,1,70,,112016,30,,,1,30,,112017,30,,,1,70,,112018,30,,,1,30,,112019,30,,,1,70,,112020,30,,,1,30,,112021,30,,,1,70,,112022,30,,,1,30,,112023,30,,,1,70,,112024,30,,,1,30,,112025,30,,,1,69,,112026,30,,,1,28,,112027,30,,,1,67,,112028,30,,,1,30,,112029,30,,,1,70,,112030,30,,,1,30,,112031,30,,,1,70,,112032,30,,,1,30,,112033,30,,,1,70,,112034,30,,,1,30,,112035,30,,,1,70,,112036,30,,,1,100,,112037,30,,,1,100,,112038,30,,,1
62600,'626-Weekday-1-26-02-0001000',1215,,60842,4,,,1,4,,60843,4,,,1,4,,60844,4,,,1
62600,'626-Weekday-1-26-02-1110100',1513,,60845,4,,,1,4,,60846,4,,,1,4,,60847,4,,,1
62600,'626-Weekday-10-26-02-1110100',1513,,116737,4,,,1,4,,116738,4,,,1,4,,116739,4,,,1
62600,'626-Weekday-9-26-02-0001000',1215,,60866,4,,,1,4,,60867,4,,,1,4,,60868,4,,,1
