66400,'664-Weekday-1-26-02-0001000',1240,,61575,15,0,56,1,198,,61576,13,,,1,4,,61577,13,,,1
66400,'664-Weekday-1-26-02-1110100',1519,,61578,13,,,1,3,,61579,13,,,1,12,,61580,15,0,56,1
66400,'664-Weekday-2-26-02-0001000',1240,,61581,15,0,56,1,198,,61582,13,,,1,4,,61583,13,,,1
66400,'664-Weekday-2-26-02-1110100',1519,,61584,13,,,1,3,,61585,13,,,1,12,,61586,15,0,56,1
66400,'664-Weekday-4-26-02-1110100',1519,,61587,13,,,1,3,,61588,13,,,1
66400,'664-Weekday-5-26-02-0000100',1240,,61589,15,0,56,1
66400,'664-Weekday-5-26-02-0001000',1438,,61590,13,,,1,4,,61591,13,,,1
66400,'664-Weekday-5-26-02-1110100',1519,,61592,13,,,1,3,,61593,13,,,1
66400,'664-Weekday-5-26-02-1111000',1534,,61594,15,0,56,1
66400,'664-Weekday-6-26-02-1110100',1534,,61595,15,0,56,1
66400,'664-Weekday-8-26-02-1110100',1534,,61596,15,0,56,1
66400,'664-Weekday-9-26-02-0001000',1240,,61597,15,0,56,1,198,,61598,13,,,1,4,,61599,13,,,1
