58900,'589-Weekday-1-26-02-1111100',630,,60266,1,,,1,100,,60267,1,,,1,200,,60268,1,,,1
58900,'589-Weekday-10-26-02-1111100',635,,60269,1,,,1,100,,60270,1,,,1,195,,60271,1,,,1
58900,'589-Weekday-12-26-02-1111100',635,,60272,1,,,1,100,,60273,1,,,1,195,,60274,1,,,1
58900,'589-Weekday-13-26-02-1111100',635,,60275,1,,,1,100,,60276,1,,,1,195,,60277,1,,,1
58900,'589-Weekday-5-26-02-1111100',635,,60284,1,,,1,100,,60285,1,,,1,195,,60286,1,,,1
58900,'589-Weekday-6-26-02-1111100',630,,60287,1,,,1,100,,60288,1,,,1,200,,60289,1,,,1
58901,'589-Weekday-1-26-02-1111100',1850,,60296,2,4,,1,100,,60297,2,4,,1,200,,60298,2,4,,1
58901,'589-Weekday-10-26-02-1111100',1850,,60299,2,4,,1,100,,60300,2,4,,1,200,,60301,2,4,,1
58901,'589-Weekday-12-26-02-1111100',1850,,60302,2,4,,1,100,,60303,2,4,,1,200,,60304,2,4,,1
58901,'589-Weekday-13-26-02-1111100',1850,,60305,2,4,,1,100,,60306,2,4,,1,200,,60307,2,4,,1
58901,'589-Weekday-5-26-02-1111100',1850,,60314,2,4,,1,100,,60315,2,4,,1,200,,60316,2,4,,1
58901,'589-Weekday-6-26-02-1111100',1850,,60317,2,4,,1,100,,60318,2,4,,1,200,,60319,2,4,,1
