67801,'678-Weekday-1-26-04-0001000',1243,,132130,11,,,1,1,,132134,11,,,1,206,,132131,9,,,1,1,,132132,9,,,1,1,,132133,9,,,1
67801,'678-Weekday-1-26-04-1110100',1539,,132135,11,,,1,1,,132136,11,,,1,70,,132137,9,,,1,1,,132138,9,,,1,10,,132139,9,,,1,1,,132140,9,,,1
91601,'916-Weekday-1-26-04-0001000',1247,,144391,47,,,1
91601,'916-Weekday-1-26-04-1110100',1554,,144392,47,,,1,93,,144393,47,,,1
91601,'916-Weekday-1-26-04-1111100',614,,144394,47,,,1,32,,144429,47,,,1,61,,144430,47,,,1,19,,144431,47,,,1,20,,144432,47,,,1,60,,144433,47,,,1,20,,144434,47,,,1,24,,144395,47,,,1,64,,144428,47,,,1,31,,144396,47,,,1,72,,144397,47,,,1,30,,144398,47,,,1,70,,144399,47,,,1,30,,144400,47,,,1,70,,144401,47,,,1,30,,144402,47,,,1,70,,144403,47,,,1,30,,144404,47,,,1,70,,144405,47,,,1,30,,144406,47,,,1,72,,144407,47,,,1,20,,144408,47,,,1,12,,144409,47,,,1,52,,144410,47,,,1,12,,144435,47,,,1,12,,144411,47,,,1,12,,144412,47,,,1,12,,144413,47,,,1,52,,144414,47,,,1,12,,144436,47,,,1,12,,144415,47,,,1,12,,144416,47,,,1,12,,144417,47,,,1,52,,144418,47,,,1,16,,144427,47,,,1,28,,144419,47,,,1,68,,144420,47,,,1,30,,144421,47,,,1,70,,144422,47,,,1,30,,144423,47,,,1,70,,144424,47,,,1,30,,144425,47,,,1,69,,144426,47,,,1,28,,144437,47,,,1,66,,144438,47,,,1,100,,144439,47,,,1
91601,'916-Saturday-1-26-04-0000010',706,,144535,47,,,1,100,,144536,47,,,1,30,,144537,47,,,1,70,,144538,47,,,1,33,,144539,47,,,1,71,,144540,47,,,1,32,,144541,47,,,1,70,,144542,47,,,1,30,,144543,47,,,1,70,,144544,47,,,1,30,,144545,47,,,1,70,,144546,47,,,1,30,,144547,47,,,1,70,,144548,47,,,1,30,,144549,47,,,1,70,,144550,47,,,1,30,,144551,47,,,1,70,,144552,47,,,1,30,,144553,47,,,1,70,,144554,47,,,1,29,,144555,47,,,1,68,,144556,47,,,1,30,,144557,47,,,1,70,,144558,47,,,1,30,,144559,47,,,1,100,,144560,47,,,1,100,,144561,47,,,1,100,,144562,47,,,1,100,,144563,47,,,1,100,,144564,47,,,1
91601,'916-Sunday-1-26-04-0000001',705,,144565,47,,,1,100,,144566,47,,,1,101,,144567,47,,,1,105,,144568,47,,,1,101,,144569,47,,,1,30,,144570,47,,,1,70,,144571,47,,,1,30,,144572,47,,,1,70,,144573,47,,,1,30,,144574,47,,,1,70,,144575,47,,,1,30,,144576,47,,,1,70,,144577,47,,,1,30,,144578,47,,,1,70,,144579,47,,,1,30,,144580,47,,,1,70,,144581,47,,,1,29,,144582,47,,,1,69,,144583,47,,,1,30,,144584,47,,,1,70,,144585,47,,,1,30,,144586,47,,,1,70,,144587,47,,,1,100,,144588,47,,,1,100,,144589,47,,,1,100,,144590,47,,,1,100,,144591,47,,,1
91701,'917-Weekday-1-26-04-0001000',1522,,144774,43,,,1
91701,'917-Weekday-1-26-04-1110100',1652,,144775,43,,,1
91701,'917-Weekday-1-26-04-1111100',523,,144776,43,,,1,30,,144777,43,,,1,70,,144815,43,,,1,31,,144817,43,,,1,70,,144816,43,,,1,30,,144778,43,,,1,70,,144811,43,,,1,30,,144779,43,,,1,71,,144780,43,,,1,30,,144781,43,,,1,70,,144782,43,,,1,30,,144783,43,,,1,70,,144784,43,,,1,30,,144785,43,,,1,70,,144786,43,,,1,30,,144787,43,,,1,70,,144788,43,,,1,30,,144789,43,,,1,70,,144790,43,,,1,30,,144791,43,,,1,74,,144792,43,,,1,71,,144814,43,,,1,15,,144793,43,,,1,15,,144794,43,,,1,15,,144795,43,,,1,55,,144812,43,,,1,15,,144796,43,,,1,15,,144797,43,,,1,15,,144798,43,,,1,55,,144813,43,,,1,15,,144799,43,,,1,15,,144800,43,,,1,26,,144801,43,,,1,69,,144802,43,,,1,30,,144803,43,,,1,70,,144804,43,,,1,30,,144805,43,,,1,70,,144806,43,,,1,30,,144807,43,,,1,68,,144808,43,,,1,100,,144809,43,,,1,100,,144810,43,,,1
91701,'917-Saturday-1-26-04-0000010',647,,144903,43,,,1,100,,144904,43,,,1,70,,144929,43,,,1,30,,144930,43,,,1,72,,144905,43,,,1,31,,144906,43,,,1,70,,144907,43,,,1,30,,144908,43,,,1,70,,144909,43,,,1,30,,144910,43,,,1,70,,144911,43,,,1,30,,144912,43,,,1,70,,144913,43,,,1,30,,144914,43,,,1,70,,144915,43,,,1,30,,144916,43,,,1,70,,144917,43,,,1,30,,144918,43,,,1,70,,144919,43,,,1,30,,144920,43,,,1,70,,144921,43,,,1,30,,144922,43,,,1,70,,144923,43,,,1,30,,144924,43,,,1,70,,144925,43,,,1,100,,144926,43,,,1,100,,144927,43,,,1,100,,144928,43,,,1
91701,'917-Sunday-1-26-04-0000001',644,,144931,43,,,1,100,,144932,43,,,1,100,,144933,43,,,1,103,,144934,43,,,1,103,,144935,43,,,1,70,,144936,43,,,1,30,,144937,43,,,1,70,,144938,43,,,1,30,,144939,43,,,1,70,,144940,43,,,1,30,,144941,43,,,1,70,,144942,43,,,1,30,,144943,43,,,1,70,,144944,43,,,1,30,,144945,43,,,1,70,,144946,43,,,1,30,,144947,43,,,1,69,,144948,43,,,1,31,,144949,43,,,1,70,,144950,43,,,1,30,,144951,43,,,1,70,,144952,43,,,1,30,,144953,43,,,1,100,,144954,43,,,1
92600,'926-Weekday-1-26-04-1111100',641,,147128,65,0,5 6,1,63,,147129,65,0,5 6,1,23,,147130,65,0,5 6,1,20,,147131,65,0,5 6,1,60,,147132,65,0,5 6,1,20,,147133,65,0,5 6,1,20,,147134,65,0,5 6,1,60,,147135,65,0,5 6,1,18,,147136,65,0,5 6,1,16,,147137,65,0,5 6,1,70,,147138,65,0,5 6,1,30,,147139,65,0,5 6,1,70,,147140,65,0,5 6,1,30,,147141,65,0,5 6,1,70,,147142,65,0,5 6,1,30,,147143,65,0,5 6,1,70,,147144,65,0,5 6,1,30,,147145,65,0,5 6,1,70,,147146,65,0,5 6,1,30,,147147,65,0,5 6,1,70,,147148,65,0,5 6,1,35,,147149,65,0,5 6,1,13,,147150,65,0,5 6,1,60,,147151,65,0,5 6,1,20,,147152,65,0,5 6,1,20,,147153,65,0,5 6,1,60,,147154,65,0,5 6,1,20,,147155,65,0,5 6,1,20,,147156,65,0,5 6,1,60,,147157,65,0,5 6,1,20,,147158,65,0,5 6,1,18,,147159,65,0,5 6,1,57,,147160,65,0,5 6,1,30,,147161,65,0,5 6,1,70,,147162,65,0,5 6,1,30,,147163,65,0,5 6,1,70,,147164,65,0,5 6,1,30,,147165,65,0,5 6,1,69,,147166,65,0,5 6,1,29,,147167,65,0,5 6,1
92600,'926-Saturday-1-26-04-0000010',837,,147248,65,0,5 6,1,71,,147249,65,0,5 6,1,32,,147250,65,0,5 6,1,70,,147251,65,0,5 6,1,30,,147252,65,0,5 6,1,70,,147253,65,0,5 6,1,30,,147254,65,0,5 6,1,70,,147255,65,0,5 6,1,30,,147256,65,0,5 6,1,70,,147257,65,0,5 6,1,30,,147258,65,0,5 6,1,70,,147259,65,0,5 6,1,30,,147260,65,0,5 6,1,70,,147261,65,0,5 6,1,30,,147262,65,0,5 6,1,70,,147263,65,0,5 6,1,30,,147264,65,0,5 6,1,69,,147265,65,0,5 6,1,28,,147266,65,0,5 6,1,70,,147267,65,0,5 6,1,30,,147268,65,0,5 6,1,70,,147269,65,0,5 6,1,30,,147270,65,0,5 6,1
92600,'926-Sunday-1-26-04-0000001',1042,,147271,65,0,5 6,1,70,,147272,65,0,5 6,1,30,,147273,65,0,5 6,1,70,,147274,65,0,5 6,1,30,,147275,65,0,5 6,1,70,,147276,65,0,5 6,1,30,,147277,65,0,5 6,1,70,,147278,65,0,5 6,1,30,,147279,65,0,5 6,1,70,,147280,65,0,5 6,1,30,,147281,65,0,5 6,1,70,,147282,65,0,5 6,1,30,,147283,65,0,5 6,1,69,,147284,65,0,5 6,1,28,,147285,65,0,5 6,1,70,,147286,65,0,5 6,1,30,,147287,65,0,5 6,1,70,,147288,65,0,5 6,1,30,,147289,65,0,5 6,1
