90501,'905-Weekday-1-26-02-1111100',600,,87116,41,,,1,30,,87117,41,,,1,71,,87118,41,,,1,30,,87119,41,,,1,70,,87120,41,,,1,30,,87121,41,,,1,70,,87122,41,,,1,29,,87123,41,,,1,527,,87124,41,,,1,72,,87125,41,,,1,30,,87126,41,,,1,70,,87127,41,,,1,30,,87128,41,,,1,70,,87129,41,,,1,30,,87130,41,,,1,69,,87131,41,,,1
90501,'905-Weekday-10-26-02-1111100',600,,87132,41,,,1,30,,87133,41,,,1,71,,87134,41,,,1,30,,87135,41,,,1,70,,87136,41,,,1,30,,87137,41,,,1,70,,87138,41,,,1,29,,87139,41,,,1,527,,87140,41,,,1,72,,87141,41,,,1,30,,87142,41,,,1,70,,87143,41,,,1,30,,87144,41,,,1,70,,87145,41,,,1,30,,87146,41,,,1,69,,87147,41,,,1
90501,'905-Weekday-4-26-02-1111100',600,,87164,41,,,1,30,,87165,41,,,1,71,,87166,41,,,1,30,,87167,41,,,1,70,,87168,41,,,1,30,,87169,41,,,1,70,,87170,41,,,1,29,,87171,41,,,1,527,,87172,41,,,1,72,,87173,41,,,1,30,,87174,41,,,1,70,,87175,41,,,1,30,,87176,41,,,1,70,,87177,41,,,1,30,,87178,41,,,1,69,,87179,41,,,1
90501,'905-Weekday-5-26-02-1111100',600,,87180,41,,,1,30,,87181,41,,,1,71,,87182,41,,,1,30,,87183,41,,,1,70,,87184,41,,,1,30,,87185,41,,,1,70,,87186,41,,,1,29,,87187,41,,,1,527,,87188,41,,,1,72,,87189,41,,,1,30,,87190,41,,,1,70,,87191,41,,,1,30,,87192,41,,,1,70,,87193,41,,,1,30,,87194,41,,,1,69,,87195,41,,,1
90501,'905-Weekday-6-26-02-1111100',600,,87196,41,,,1,30,,87197,41,,,1,71,,87198,41,,,1,30,,87199,41,,,1,70,,87200,41,,,1,30,,87201,41,,,1,70,,87202,41,,,1,29,,87203,41,,,1,527,,87204,41,,,1,72,,87205,41,,,1,30,,87206,41,,,1,70,,87207,41,,,1,30,,87208,41,,,1,70,,87209,41,,,1,30,,87210,41,,,1,69,,87211,41,,,1
90501,'905-Weekday-7-26-02-1111100',600,,87212,41,,,1,30,,87213,41,,,1,71,,87214,41,,,1,30,,87215,41,,,1,70,,87216,41,,,1,30,,87217,41,,,1,70,,87218,41,,,1,29,,87219,41,,,1,527,,87220,41,,,1,72,,87221,41,,,1,30,,87222,41,,,1,70,,87223,41,,,1,30,,87224,41,,,1,70,,87225,41,,,1,30,,87226,41,,,1,69,,87227,41,,,1
90600,'906-Weekday-1-26-02-1111100',558,,87260,40,,,1,70,,87261,40,,,1,75,,87262,40,,,1,30,,87263,40,,,1,70,,87264,40,,,1,30,,87265,40,,,1,70,,87266,40,,,1,30,,87267,40,,,1,602,,87268,40,,,1,70,,87269,40,,,1,30,,87270,40,,,1,70,,87271,40,,,1,30,,87272,40,,,1,70,,87273,40,,,1
90600,'906-Weekday-10-26-02-1111100',558,,87274,40,,,1,70,,87275,40,,,1,75,,87276,40,,,1,30,,87277,40,,,1,70,,87278,40,,,1,30,,87279,40,,,1,70,,87280,40,,,1,30,,87281,40,,,1,602,,87282,40,,,1,70,,87283,40,,,1,30,,87284,40,,,1,70,,87285,40,,,1,30,,87286,40,,,1,70,,87287,40,,,1
90600,'906-Weekday-4-26-02-1111100',558,,87302,40,,,1,70,,87303,40,,,1,75,,87304,40,,,1,30,,87305,40,,,1,70,,87306,40,,,1,30,,87307,40,,,1,70,,87308,40,,,1,30,,87309,40,,,1,602,,87310,40,,,1,70,,87311,40,,,1,30,,87312,40,,,1,70,,87313,40,,,1,30,,87314,40,,,1,70,,87315,40,,,1
90600,'906-Weekday-5-26-02-1111100',558,,87316,40,,,1,70,,87317,40,,,1,75,,87318,40,,,1,30,,87319,40,,,1,70,,87320,40,,,1,30,,87321,40,,,1,70,,87322,40,,,1,30,,87323,40,,,1,602,,87324,40,,,1,70,,87325,40,,,1,30,,87326,40,,,1,70,,87327,40,,,1,30,,87328,40,,,1,70,,87329,40,,,1
90600,'906-Weekday-6-26-02-1111100',558,,87330,40,,,1,70,,87331,40,,,1,75,,87332,40,,,1,30,,87333,40,,,1,70,,87334,40,,,1,30,,87335,40,,,1,70,,87336,40,,,1,30,,87337,40,,,1,602,,87338,40,,,1,70,,87339,40,,,1,30,,87340,40,,,1,70,,87341,40,,,1,30,,87342,40,,,1,70,,87343,40,,,1
90600,'906-Weekday-7-26-02-1111100',558,,87344,40,,,1,70,,87345,40,,,1,75,,87346,40,,,1,30,,87347,40,,,1,70,,87348,40,,,1,30,,87349,40,,,1,70,,87350,40,,,1,30,,87351,40,,,1,602,,87352,40,,,1,70,,87353,40,,,1,30,,87354,40,,,1,70,,87355,40,,,1,30,,87356,40,,,1,70,,87357,40,,,1
