10901,'109-Weekday-1-26-04-1111100',539,,120704,32,0,18 14,1,70,,120705,32,0,18 14,1,33,,120706,32,0,18 14,1,64,,120707,32,0,18 14,1,15,,120708,32,0,18 14,1,15,,120743,32,0,18 14,1,15,,120709,32,0,18 14,1,55,,120710,32,0,18 14,1,15,,120711,32,0,18 14,1,15,,120744,32,0,18 14,1,15,,120712,32,0,18 14,1,62,,120713,32,0,18 14,1,29,,120714,32,0,18 14,1,70,,120715,32,0,18 14,1,30,,120716,32,0,18 14,1,70,,120717,32,0,18 14,1,30,,120718,32,0,18 14,1,70,,120719,32,0,18 14,1,30,,120720,32,0,18 14,1,70,,120721,32,0,18 14,1,30,,120722,32,0,18 14,1,70,,120723,32,0,18 14,1,30,,120724,32,0,18 14,1,72,,120725,32,0,18 14,1,25,,120726,32,0,18 14,1,15,,120727,32,0,18 14,1,55,,120745,32,0,18 14,1,15,,120728,32,0,18 14,1,15,,120729,32,0,18 14,1,15,,120730,32,0,18 14,1,55,,120731,32,0,18 14,1,15,,120746,32,0,18 14,1,22,,120732,32,0,18 14,1,70,,120733,32,0,18 14,1,27,,120734,32,0,18 14,1,68,,120735,32,0,18 14,1,30,,120736,32,0,18 14,1,70,,120737,32,0,18 14,1,30,,120738,32,0,18 14,1,70,,120739,32,0,18 14,1,30,,120740,32,0,18 14,1,69,,120747,32,0,18 14,1,99,,120741,32,0,18 14,1,100,,120742,32,0,18 14,1
10901,'109-Weekday-2-26-04-1111100',539,,120748,32,0,18 14,1,70,,120749,32,0,18 14,1,33,,120750,32,0,18 14,1,64,,120751,32,0,18 14,1,15,,120752,32,0,18 14,1,15,,120787,32,0,18 14,1,15,,120753,32,0,18 14,1,55,,120754,32,0,18 14,1,15,,120755,32,0,18 14,1,15,,120788,32,0,18 14,1,15,,120756,32,0,18 14,1,62,,120757,32,0,18 14,1,29,,120758,32,0,18 14,1,70,,120759,32,0,18 14,1,30,,120760,32,0,18 14,1,70,,120761,32,0,18 14,1,30,,120762,32,0,18 14,1,70,,120763,32,0,18 14,1,30,,120764,32,0,18 14,1,70,,120765,32,0,18 14,1,30,,120766,32,0,18 14,1,70,,120767,32,0,18 14,1,30,,120768,32,0,18 14,1,72,,120769,32,0,18 14,1,25,,120770,32,0,18 14,1,15,,120771,32,0,18 14,1,55,,120789,32,0,18 14,1,15,,120772,32,0,18 14,1,15,,120773,32,0,18 14,1,15,,120774,32,0,18 14,1,55,,120775,32,0,18 14,1,15,,120790,32,0,18 14,1,22,,120776,32,0,18 14,1,70,,120777,32,0,18 14,1,27,,120778,32,0,18 14,1,68,,120779,32,0,18 14,1,30,,120780,32,0,18 14,1,70,,120781,32,0,18 14,1,30,,120782,32,0,18 14,1,70,,120783,32,0,18 14,1,30,,120784,32,0,18 14,1,69,,120791,32,0,18 14,1,99,,120785,32,0,18 14,1,100,,120786,32,0,18 14,1
10901,'109-Weekday-3-26-04-1111100',539,,120792,32,0,18 14,1,70,,120793,32,0,18 14,1,33,,120794,32,0,18 14,1,64,,120795,32,0,18 14,1,15,,120796,32,0,18 14,1,15,,120831,32,0,18 14,1,15,,120797,32,0,18 14,1,55,,120798,32,0,18 14,1,15,,120799,32,0,18 14,1,15,,120832,32,0,18 14,1,15,,120800,32,0,18 14,1,62,,120801,32,0,18 14,1,29,,120802,32,0,18 14,1,70,,120803,32,0,18 14,1,30,,120804,32,0,18 14,1,70,,120805,32,0,18 14,1,30,,120806,32,0,18 14,1,70,,120807,32,0,18 14,1,30,,120808,32,0,18 14,1,70,,120809,32,0,18 14,1,30,,120810,32,0,18 14,1,70,,120811,32,0,18 14,1,30,,120812,32,0,18 14,1,72,,120813,32,0,18 14,1,25,,120814,32,0,18 14,1,15,,120815,32,0,18 14,1,55,,120833,32,0,18 14,1,15,,120816,32,0,18 14,1,15,,120817,32,0,18 14,1,15,,120818,32,0,18 14,1,55,,120819,32,0,18 14,1,15,,120834,32,0,18 14,1,22,,120820,32,0,18 14,1,70,,120821,32,0,18 14,1,27,,120822,32,0,18 14,1,68,,120823,32,0,18 14,1,30,,120824,32,0,18 14,1,70,,120825,32,0,18 14,1,30,,120826,32,0,18 14,1,70,,120827,32,0,18 14,1,30,,120828,32,0,18 14,1,69,,120835,32,0,18 14,1,99,,120829,32,0,18 14,1,100,,120830,32,0,18 14,1
10901,'109-Saturday-1-26-04-0000010',832,,120836,32,0,18 14,1,70,,120837,32,0,18 14,1,30,,120838,32,0,18 14,1,70,,120839,32,0,18 14,1,30,,120840,32,0,18 14,1,70,,120841,32,0,18 14,1,30,,120842,32,0,18 14,1,70,,120843,32,0,18 14,1,30,,120844,32,0,18 14,1,70,,120845,32,0,18 14,1,30,,120846,32,0,18 14,1,70,,120847,32,0,18 14,1,30,,120848,32,0,18 14,1,70,,120849,32,0,18 14,1,30,,120850,32,0,18 14,1,70,,120851,32,0,18 14,1,30,,120852,32,0,18 14,1,70,,120853,32,0,18 14,1,30,,120854,32,0,18 14,1,70,,120855,32,0,18 14,1,30,,120856,32,0,18 14,1,70,,120857,32,0,18 14,1,30,,120858,32,0,18 14,1,70,,120859,32,0,18 14,1,30,,120860,32,0,18 14,1,70,,120861,32,0,18 14,1,30,,120862,32,0,18 14,1,70,,120863,32,0,18 14,1
10901,'109-Sunday-1-26-04-0000001',1042,,120864,32,0,18 14,1,70,,120865,32,0,18 14,1,30,,120866,32,0,18 14,1,70,,120867,32,0,18 14,1,30,,120868,32,0,18 14,1,70,,120869,32,0,18 14,1,30,,120870,32,0,18 14,1,70,,120871,32,0,18 14,1,30,,120872,32,0,18 14,1,70,,120873,32,0,18 14,1,30,,120874,32,0,18 14,1,70,,120875,32,0,18 14,1,30,,120876,32,0,18 14,1,70,,120877,32,0,18 14,1,30,,120878,32,0,18 14,1,70,,120879,32,0,18 14,1,30,,120880,32,0,18 14,1,70,,120881,32,0,18 14,1
61801,'618-Weekday-1-26-04-1111100',812,,131685,27,,,1
61801,'618-Weekday-3-26-04-1111100',812,,131686,27,,,1
68301,'683-Weekday-1-26-04-1111100',749,,132188,21,,,1,5,,132189,21,,,1,5,,132190,21,,,1
68301,'683-Weekday-2-26-04-1111100',749,,132191,21,,,1,5,,132192,21,,,1,5,,132193,21,,,1
68301,'683-Weekday-3-26-04-1111100',749,,132194,21,,,1,5,,132195,21,,,1
