72700,'727-Weekday-1-26-02-1111100',551,,80636,2,,,1,70,,80637,2,,,1,30,,80638,2,,,1,70,,80639,2,,,1,30,,80640,2,,,1,70,,80641,2,,,1,704,,80642,2,,,1,31,,80643,2,,,1,70,,80644,2,,,1,30,,80645,2,,,1,70,,80646,2,,,1,30,,80647,2,,,1
72700,'727-Weekday-10-26-02-1111100',551,,80648,2,,,1,70,,80649,2,,,1,30,,80650,2,,,1,70,,80651,2,,,1,30,,80652,2,,,1,70,,80653,2,,,1,704,,80654,2,,,1,31,,80655,2,,,1,70,,80656,2,,,1,30,,80657,2,,,1,70,,80658,2,,,1,30,,80659,2,,,1
72700,'727-Weekday-2-26-02-1111100',551,,80660,2,,,1,70,,80661,2,,,1,30,,80662,2,,,1,70,,80663,2,,,1,30,,80664,2,,,1,70,,80665,2,,,1,704,,80666,2,,,1,31,,80667,2,,,1,70,,80668,2,,,1,30,,80669,2,,,1,70,,80670,2,,,1,30,,80671,2,,,1
72700,'727-Weekday-4-26-02-1111100',551,,80672,2,,,1,70,,80673,2,,,1,30,,80674,2,,,1,70,,80675,2,,,1,30,,80676,2,,,1,70,,80677,2,,,1,704,,80678,2,,,1,31,,80679,2,,,1,70,,80680,2,,,1,30,,80681,2,,,1,70,,80682,2,,,1,30,,80683,2,,,1
72700,'727-Weekday-5-26-02-1111100',551,,80684,2,,,1,70,,80685,2,,,1,30,,80686,2,,,1,70,,80687,2,,,1,30,,80688,2,,,1,70,,80689,2,,,1,704,,80690,2,,,1,31,,80691,2,,,1,70,,80692,2,,,1,30,,80693,2,,,1,70,,80694,2,,,1,30,,80695,2,,,1
72700,'727-Weekday-6-26-02-1111100',551,,80696,2,,,1,70,,80697,2,,,1,30,,80698,2,,,1,70,,80699,2,,,1,30,,80700,2,,,1,70,,80701,2,,,1,704,,80702,2,,,1,31,,80703,2,,,1,70,,80704,2,,,1,30,,80705,2,,,1,70,,80706,2,,,1,30,,80707,2,,,1
72700,'727-Weekday-7-26-02-1111100',551,,80708,2,,,1,70,,80709,2,,,1,30,,80710,2,,,1,70,,80711,2,,,1,30,,80712,2,,,1,70,,80713,2,,,1,704,,80714,2,,,1,31,,80715,2,,,1,70,,80716,2,,,1,30,,80717,2,,,1,70,,80718,2,,,1,30,,80719,2,,,1
72700,'727-Weekday-8-26-02-1111100',551,,80720,2,,,1,70,,80721,2,,,1,30,,80722,2,,,1,70,,80723,2,,,1,30,,80724,2,,,1,70,,80725,2,,,1,704,,80726,2,,,1,31,,80727,2,,,1,70,,80728,2,,,1,30,,80729,2,,,1,70,,80730,2,,,1,30,,80731,2,,,1
72700,'727-Weekday-9-26-02-1111100',551,,80732,2,,,1,70,,80733,2,,,1,30,,80734,2,,,1,70,,80735,2,,,1,30,,80736,2,,,1,70,,80737,2,,,1,704,,80738,2,,,1,31,,80739,2,,,1,70,,80740,2,,,1,30,,80741,2,,,1,70,,80742,2,,,1,30,,80743,2,,,1
72701,'727-Weekday-1-26-02-0001000',1445,,80744,15,0,35 36,1
72701,'727-Weekday-1-26-02-1111100',1825,,80757,21,,,1
72701,'727-Weekday-10-26-02-0001000',1445,,80758,15,0,35 36,1
72701,'727-Weekday-10-26-02-1111100',1825,,80771,21,,,1
72701,'727-Weekday-2-26-02-0001000',1445,,80772,15,0,35 36,1
72701,'727-Weekday-2-26-02-1111100',1825,,80785,21,,,1
72701,'727-Weekday-4-26-02-1111100',1825,,80798,21,,,1
72701,'727-Weekday-5-26-02-0001000',1445,,80799,15,0,35 36,1
72701,'727-Weekday-5-26-02-1111100',1825,,80812,21,,,1
72701,'727-Weekday-6-26-02-1111100',1825,,80825,21,,,1
72701,'727-Weekday-7-26-02-1111100',1825,,80838,21,,,1
72701,'727-Weekday-8-26-02-1111100',1825,,80851,21,,,1
72701,'727-Weekday-9-26-02-1111100',1825,,80864,21,,,1
