11900,'119-Weekday-1-26-02-1111100',510,,39770,22,,,1,30,,39771,22,,,1,70,,39772,22,,,1,23,,39773,22,,,1,16,,39774,22,,,1,52,,39775,22,,,1,12,,39776,22,,,1,12,,39818,22,,,1,12,,39777,22,,,1,12,,39778,22,,,1,52,,39779,22,,,1,12,,39780,22,,,1,12,,39819,22,,,1,12,,39781,22,,,1,12,,39782,22,,,1,61,,39783,22,,,1,30,,39784,22,,,1,70,,39785,22,,,1,30,,39786,22,,,1,70,,39787,22,,,1,30,,39788,22,,,1,70,,39789,22,,,1,30,,39790,22,,,1,70,,39791,22,,,1,30,,39792,22,,,1,70,,39793,22,,,1,30,,39794,22,,,1,73,,39795,22,,,1,15,,39796,22,,,1,15,,39797,22,,,1,15,,39798,22,,,1,55,,39799,22,,,1,15,,39800,22,,,1,15,,39801,22,,,1,15,,39802,22,,,1,55,,39803,22,,,1,30,,39804,22,,,1,70,,39805,22,,,1,28,,39806,22,,,1,70,,39807,22,,,1,30,,39808,22,,,1,70,,39809,22,,,1,30,,39810,22,,,1,70,,39811,22,,,1,33,,39812,22,,,1,72,,39813,22,,,1,30,,39814,22,,,1,70,,39815,22,,,1,30,,39816,22,,,1,70,,39817,22,,,1
11900,'119-Weekday-10-26-02-1111100',510,,39820,22,,,1,30,,39821,22,,,1,70,,39822,22,,,1,23,,39823,22,,,1,16,,39824,22,,,1,52,,39825,22,,,1,12,,39826,22,,,1,12,,39868,22,,,1,12,,39827,22,,,1,12,,39828,22,,,1,52,,39829,22,,,1,12,,39830,22,,,1,12,,39869,22,,,1,12,,39831,22,,,1,12,,39832,22,,,1,61,,39833,22,,,1,30,,39834,22,,,1,70,,39835,22,,,1,30,,39836,22,,,1,70,,39837,22,,,1,30,,39838,22,,,1,70,,39839,22,,,1,30,,39840,22,,,1,70,,39841,22,,,1,30,,39842,22,,,1,70,,39843,22,,,1,30,,39844,22,,,1,73,,39845,22,,,1,15,,39846,22,,,1,15,,39847,22,,,1,15,,39848,22,,,1,55,,39849,22,,,1,15,,39850,22,,,1,15,,39851,22,,,1,15,,39852,22,,,1,55,,39853,22,,,1,30,,39854,22,,,1,70,,39855,22,,,1,28,,39856,22,,,1,70,,39857,22,,,1,30,,39858,22,,,1,70,,39859,22,,,1,30,,39860,22,,,1,70,,39861,22,,,1,33,,39862,22,,,1,72,,39863,22,,,1,30,,39864,22,,,1,70,,39865,22,,,1,30,,39866,22,,,1,70,,39867,22,,,1
11900,'119-Weekday-4-26-02-1111100',510,,39920,22,,,1,30,,39921,22,,,1,70,,39922,22,,,1,23,,39923,22,,,1,16,,39924,22,,,1,52,,39925,22,,,1,12,,39926,22,,,1,12,,39968,22,,,1,12,,39927,22,,,1,12,,39928,22,,,1,52,,39929,22,,,1,12,,39930,22,,,1,12,,39969,22,,,1,12,,39931,22,,,1,12,,39932,22,,,1,61,,39933,22,,,1,30,,39934,22,,,1,70,,39935,22,,,1,30,,39936,22,,,1,70,,39937,22,,,1,30,,39938,22,,,1,70,,39939,22,,,1,30,,39940,22,,,1,70,,39941,22,,,1,30,,39942,22,,,1,70,,39943,22,,,1,30,,39944,22,,,1,73,,39945,22,,,1,15,,39946,22,,,1,15,,39947,22,,,1,15,,39948,22,,,1,55,,39949,22,,,1,15,,39950,22,,,1,15,,39951,22,,,1,15,,39952,22,,,1,55,,39953,22,,,1,30,,39954,22,,,1,70,,39955,22,,,1,28,,39956,22,,,1,70,,39957,22,,,1,30,,39958,22,,,1,70,,39959,22,,,1,30,,39960,22,,,1,70,,39961,22,,,1,33,,39962,22,,,1,72,,39963,22,,,1,30,,39964,22,,,1,70,,39965,22,,,1,30,,39966,22,,,1,70,,39967,22,,,1
11900,'119-Weekday-5-26-02-1111100',510,,39970,22,,,1,30,,39971,22,,,1,70,,39972,22,,,1,23,,39973,22,,,1,16,,39974,22,,,1,52,,39975,22,,,1,12,,39976,22,,,1,12,,40018,22,,,1,12,,39977,22,,,1,12,,39978,22,,,1,52,,39979,22,,,1,12,,39980,22,,,1,12,,40019,22,,,1,12,,39981,22,,,1,12,,39982,22,,,1,61,,39983,22,,,1,30,,39984,22,,,1,70,,39985,22,,,1,30,,39986,22,,,1,70,,39987,22,,,1,30,,39988,22,,,1,70,,39989,22,,,1,30,,39990,22,,,1,70,,39991,22,,,1,30,,39992,22,,,1,70,,39993,22,,,1,30,,39994,22,,,1,73,,39995,22,,,1,15,,39996,22,,,1,15,,39997,22,,,1,15,,39998,22,,,1,55,,39999,22,,,1,15,,40000,22,,,1,15,,40001,22,,,1,15,,40002,22,,,1,55,,40003,22,,,1,30,,40004,22,,,1,70,,40005,22,,,1,28,,40006,22,,,1,70,,40007,22,,,1,30,,40008,22,,,1,70,,40009,22,,,1,30,,40010,22,,,1,70,,40011,22,,,1,33,,40012,22,,,1,72,,40013,22,,,1,30,,40014,22,,,1,70,,40015,22,,,1,30,,40016,22,,,1,70,,40017,22,,,1
11900,'119-Weekday-7-26-02-1111100',510,,40070,22,,,1,30,,40071,22,,,1,70,,40072,22,,,1,23,,40073,22,,,1,16,,40074,22,,,1,52,,40075,22,,,1,12,,40076,22,,,1,12,,40118,22,,,1,12,,40077,22,,,1,12,,40078,22,,,1,52,,40079,22,,,1,12,,40080,22,,,1,12,,40119,22,,,1,12,,40081,22,,,1,12,,40082,22,,,1,61,,40083,22,,,1,30,,40084,22,,,1,70,,40085,22,,,1,30,,40086,22,,,1,70,,40087,22,,,1,30,,40088,22,,,1,70,,40089,22,,,1,30,,40090,22,,,1,70,,40091,22,,,1,30,,40092,22,,,1,70,,40093,22,,,1,30,,40094,22,,,1,73,,40095,22,,,1,15,,40096,22,,,1,15,,40097,22,,,1,15,,40098,22,,,1,55,,40099,22,,,1,15,,40100,22,,,1,15,,40101,22,,,1,15,,40102,22,,,1,55,,40103,22,,,1,30,,40104,22,,,1,70,,40105,22,,,1,28,,40106,22,,,1,70,,40107,22,,,1,30,,40108,22,,,1,70,,40109,22,,,1,30,,40110,22,,,1,70,,40111,22,,,1,33,,40112,22,,,1,72,,40113,22,,,1,30,,40114,22,,,1,70,,40115,22,,,1,30,,40116,22,,,1,70,,40117,22,,,1
11900,'119-Saturday-1-26-02-0000010',610,,40220,22,,,1,30,,40221,22,,,1,70,,40222,22,,,1,30,,40223,22,,,1,65,,40224,22,,,1,30,,40225,22,,,1,70,,40226,22,,,1,30,,40227,22,,,1,70,,40228,22,,,1,30,,40229,22,,,1,70,,40230,22,,,1,30,,40231,22,,,1,70,,40232,22,,,1,30,,40233,22,,,1,70,,40234,22,,,1,30,,40235,22,,,1,70,,40236,22,,,1,30,,40237,22,,,1,70,,40238,22,,,1,30,,40239,22,,,1,70,,40240,22,,,1,32,,40241,22,,,1,70,,40242,22,,,1,30,,40243,22,,,1,70,,40244,22,,,1,30,,40245,22,,,1,70,,40246,22,,,1,30,,40247,22,,,1,70,,40248,22,,,1,30,,40249,22,,,1,70,,40250,22,,,1,30,,40251,22,,,1,70,,40252,22,,,1,30,,40253,22,,,1,100,,40254,22,,,1
11900,'119-Sunday-1-26-02-0000001',608,,40278,22,,,1,30,,40281,22,,,1,70,,40279,22,,,1,30,,40282,22,,,1,70,,40280,22,,,1,30,,40283,22,,,1,70,,40255,22,,,1,30,,40284,22,,,1,70,,40256,22,,,1,30,,40257,22,,,1,70,,40258,22,,,1,30,,40259,22,,,1,70,,40260,22,,,1,30,,40261,22,,,1,70,,40262,22,,,1,30,,40263,22,,,1,70,,40264,22,,,1,30,,40265,22,,,1,70,,40266,22,,,1,30,,40267,22,,,1,70,,40268,22,,,1,30,,40269,22,,,1,70,,40270,22,,,1,30,,40271,22,,,1,70,,40272,22,,,1,30,,40285,22,,,1,70,,40273,22,,,1,30,,40286,22,,,1,70,,40274,22,,,1,30,,40287,22,,,1,70,,40275,22,,,1,100,,40276,22,,,1,100,,40277,22,,,1
62101,'621-Weekday-1-26-02-1111100',738,,60635,6,,,1,5,,60633,6,,,1,80,,60634,6,,,1
62101,'621-Weekday-5-26-02-1111100',738,,60642,6,,,1,5,,60640,6,,,1,80,,60641,6,,,1
62101,'621-Weekday-9-26-02-1111100',738,,60649,6,,,1,5,,60647,6,,,1,80,,60648,6,,,1
