52200,'522-Weekday-1-26-04-1111100',634,,130183,34,,,1,72,,130184,34,,,1,31,,130185,34,,,1,70,,130186,34,,,1,30,,130187,34,,,1,70,,130188,34,,,1,28,,130189,34,,,1,99,,130190,34,,,1,100,,130191,34,,,1,100,,130192,34,,,1,100,,130193,34,,,1,100,,130194,34,,,1,103,,130195,34,,,1,72,,130196,34,,,1,30,,130197,34,,,1,70,,130198,34,,,1,30,,130199,34,,,1,70,,130200,34,,,1,29,,130201,34,,,1,97,,130202,34,,,1,100,,130203,34,,,1,100,,130204,34,,,1,97,,130205,34,,,1
52200,'522-Weekday-2-26-04-1111100',634,,130206,34,,,1,72,,130207,34,,,1,31,,130208,34,,,1,70,,130209,34,,,1,30,,130210,34,,,1,70,,130211,34,,,1,28,,130212,34,,,1,99,,130213,34,,,1,100,,130214,34,,,1,100,,130215,34,,,1,100,,130216,34,,,1,100,,130217,34,,,1,103,,130218,34,,,1,72,,130219,34,,,1,30,,130220,34,,,1,70,,130221,34,,,1,30,,130222,34,,,1,70,,130223,34,,,1,29,,130224,34,,,1,97,,130225,34,,,1,100,,130226,34,,,1,100,,130227,34,,,1,97,,130228,34,,,1
52200,'522-Weekday-3-26-04-1111100',634,,130229,34,,,1,72,,130230,34,,,1,31,,130231,34,,,1,70,,130232,34,,,1,30,,130233,34,,,1,70,,130234,34,,,1,28,,130235,34,,,1,99,,130236,34,,,1,100,,130237,34,,,1,100,,130238,34,,,1,100,,130239,34,,,1,100,,130240,34,,,1,103,,130241,34,,,1,72,,130242,34,,,1,30,,130243,34,,,1,70,,130244,34,,,1,30,,130245,34,,,1,70,,130246,34,,,1,29,,130247,34,,,1,97,,130248,34,,,1,100,,130249,34,,,1,100,,130250,34,,,1,97,,130251,34,,,1
52200,'522-Saturday-1-26-04-0000010',848,,130252,34,,,1,102,,130253,34,,,1,100,,130254,34,,,1,100,,130255,34,,,1,100,,130256,34,,,1,100,,130257,34,,,1,100,,130258,34,,,1,100,,130259,34,,,1,100,,130260,34,,,1,98,,130261,34,,,1,100,,130262,34,,,1
52200,'522-Sunday-1-26-04-0000001',1017,,130263,34,,,1,100,,130264,34,,,1,100,,130265,34,,,1,100,,130266,34,,,1,100,,130267,34,,,1,100,,130268,34,,,1,100,,130269,34,,,1,100,,130270,34,,,1,100,,130271,34,,,1
63301,'633-Weekday-1-26-04-1111100',802,,131792,25,,,1,4,,131793,25,,,1,2,,131794,25,,,1,2,,131795,25,,,1
63301,'633-Weekday-3-26-04-1111100',802,,131796,25,,,1,4,,131797,25,,,1,2,,131798,25,,,1,2,,131799,25,,,1
1000100,'001-Weekday-1-26-04-1111100',516,,147290,28,,,1,40,,147291,28,,,1,81,,147292,28,,,1,83,,147293,28,,,1,20,,147294,28,,,1,60,,147295,28,,,1,20,,147296,28,,,1,20,,147297,28,,,1,64,,147298,28,,,1,31,,147299,28,,,1,70,,147300,28,,,1,30,,147301,28,,,1,70,,147302,28,,,1,30,,147303,28,,,1,70,,147304,28,,,1,30,,147305,28,,,1,70,,147306,28,,,1,30,,147307,28,,,1,70,,147308,28,,,1,30,,147309,28,,,1,71,,147310,28,,,1,15,,147330,17,,,1,14,,147311,28,,,1,20,,147312,28,,,1,60,,147313,28,,,1,20,,147314,28,,,1,20,,147315,28,,,1,60,,147316,28,,,1,25,,147317,28,,,1,70,,147318,28,,,1,28,,147319,28,,,1,68,,147320,28,,,1,30,,147321,28,,,1,70,,147322,28,,,1,30,,147323,28,,,1,70,,147324,28,,,1,30,,147325,28,,,1,67,,147326,28,,,1,37,,147327,28,,,1,80,,147328,28,,,1,80,,147329,28,,,1
1000100,'001-Weekday-2-26-04-1111100',516,,147331,28,,,1,40,,147332,28,,,1,81,,147333,28,,,1,83,,147334,28,,,1,20,,147335,28,,,1,60,,147336,28,,,1,20,,147337,28,,,1,20,,147338,28,,,1,64,,147339,28,,,1,31,,147340,28,,,1,70,,147341,28,,,1,30,,147342,28,,,1,70,,147343,28,,,1,30,,147344,28,,,1,70,,147345,28,,,1,30,,147346,28,,,1,70,,147347,28,,,1,30,,147348,28,,,1,70,,147349,28,,,1,30,,147350,28,,,1,71,,147351,28,,,1,15,,147371,17,,,1,14,,147352,28,,,1,20,,147353,28,,,1,60,,147354,28,,,1,20,,147355,28,,,1,20,,147356,28,,,1,60,,147357,28,,,1,25,,147358,28,,,1,70,,147359,28,,,1,28,,147360,28,,,1,68,,147361,28,,,1,30,,147362,28,,,1,70,,147363,28,,,1,30,,147364,28,,,1,70,,147365,28,,,1,30,,147366,28,,,1,67,,147367,28,,,1,37,,147368,28,,,1,80,,147369,28,,,1,80,,147370,28,,,1
1000100,'001-Weekday-3-26-04-1111100',516,,147372,28,,,1,40,,147373,28,,,1,81,,147374,28,,,1,83,,147375,28,,,1,20,,147376,28,,,1,60,,147377,28,,,1,20,,147378,28,,,1,20,,147379,28,,,1,64,,147380,28,,,1,31,,147381,28,,,1,70,,147382,28,,,1,30,,147383,28,,,1,70,,147384,28,,,1,30,,147385,28,,,1,70,,147386,28,,,1,30,,147387,28,,,1,70,,147388,28,,,1,30,,147389,28,,,1,70,,147390,28,,,1,30,,147391,28,,,1,71,,147392,28,,,1,29,,147393,28,,,1,20,,147394,28,,,1,60,,147395,28,,,1,20,,147396,28,,,1,20,,147397,28,,,1,60,,147398,28,,,1,25,,147399,28,,,1,70,,147400,28,,,1,28,,147401,28,,,1,68,,147402,28,,,1,30,,147403,28,,,1,70,,147404,28,,,1,30,,147405,28,,,1,70,,147406,28,,,1,30,,147407,28,,,1,67,,147408,28,,,1,37,,147409,28,,,1,80,,147410,28,,,1,80,,147411,28,,,1
1000100,'001-Saturday-1-26-04-0000010',637,,147412,28,,,1,80,,147413,28,,,1,40,,147414,28,,,1,75,,147415,28,,,1,70,,147416,28,,,1,33,,147417,28,,,1,70,,147418,28,,,1,30,,147419,28,,,1,70,,147420,28,,,1,30,,147421,28,,,1,70,,147422,28,,,1,30,,147423,28,,,1,70,,147424,28,,,1,30,,147425,28,,,1,70,,147426,28,,,1,30,,147427,28,,,1,70,,147428,28,,,1,30,,147429,28,,,1,70,,147430,28,,,1,30,,147431,28,,,1,69,,147432,28,,,1,29,,147433,28,,,1,70,,147434,28,,,1,30,,147435,28,,,1,68,,147436,28,,,1,32,,147437,28,,,1,70,,147438,28,,,1,29,,147439,28,,,1,71,,147440,28,,,1,30,,147441,28,,,1,70,,147442,28,,,1,30,,147443,28,,,1,70,,147444,28,,,1,35,,147445,28,,,1,80,,147446,28,,,1
1000100,'001-Sunday-1-26-04-0000001',613,,147447,28,,,1,40,,147448,28,,,1,80,,147449,28,,,1,80,,147450,28,,,1,40,,147451,28,,,1,82,,147452,28,,,1,80,,147453,28,,,1,35,,147454,28,,,1,70,,147455,28,,,1,30,,147456,28,,,1,70,,147457,28,,,1,30,,147458,28,,,1,70,,147459,28,,,1,30,,147460,28,,,1,70,,147461,28,,,1,30,,147462,28,,,1,70,,147463,28,,,1,30,,147464,28,,,1,70,,147465,28,,,1,30,,147466,28,,,1,69,,147467,28,,,1,30,,147468,28,,,1,70,,147469,28,,,1,30,,147470,28,,,1,68,,147471,28,,,1,40,,147472,28,,,1,80,,147473,28,,,1,80,,147474,28,,,1,40,,147475,28,,,1,80,,147476,28,,,1,80,,147477,28,,,1,40,,147478,28,,,1
