90501,'905-Weekday-1-26-02-1111100',601,,87116,42,,,1,30,,87117,42,,,1,71,,87118,42,,,1,30,,87119,42,,,1,70,,87120,42,,,1,30,,87121,42,,,1,70,,87122,42,,,1,29,,87123,42,,,1,527,,87124,42,,,1,72,,87125,42,,,1,70,,87126,42,,,1,30,,87127,42,,,1,70,,87128,42,,,1,30,,87129,42,,,1,70,,87130,42,,,1,29,,87131,42,,,1
90501,'905-Weekday-10-26-02-1111100',601,,87132,42,,,1,30,,87133,42,,,1,71,,87134,42,,,1,30,,87135,42,,,1,70,,87136,42,,,1,30,,87137,42,,,1,70,,87138,42,,,1,29,,87139,42,,,1,527,,87140,42,,,1,72,,87141,42,,,1,70,,87142,42,,,1,30,,87143,42,,,1,70,,87144,42,,,1,30,,87145,42,,,1,70,,87146,42,,,1,29,,87147,42,,,1
90501,'905-Weekday-4-26-02-1111100',601,,87164,42,,,1,30,,87165,42,,,1,71,,87166,42,,,1,30,,87167,42,,,1,70,,87168,42,,,1,30,,87169,42,,,1,70,,87170,42,,,1,29,,87171,42,,,1,527,,87172,42,,,1,72,,87173,42,,,1,70,,87174,42,,,1,30,,87175,42,,,1,70,,87176,42,,,1,30,,87177,42,,,1,70,,87178,42,,,1,29,,87179,42,,,1
90501,'905-Weekday-5-26-02-1111100',601,,87180,42,,,1,30,,87181,42,,,1,71,,87182,42,,,1,30,,87183,42,,,1,70,,87184,42,,,1,30,,87185,42,,,1,70,,87186,42,,,1,29,,87187,42,,,1,527,,87188,42,,,1,72,,87189,42,,,1,70,,87190,42,,,1,30,,87191,42,,,1,70,,87192,42,,,1,30,,87193,42,,,1,70,,87194,42,,,1,29,,87195,42,,,1
90501,'905-Weekday-6-26-02-1111100',601,,87196,42,,,1,30,,87197,42,,,1,71,,87198,42,,,1,30,,87199,42,,,1,70,,87200,42,,,1,30,,87201,42,,,1,70,,87202,42,,,1,29,,87203,42,,,1,527,,87204,42,,,1,72,,87205,42,,,1,70,,87206,42,,,1,30,,87207,42,,,1,70,,87208,42,,,1,30,,87209,42,,,1,70,,87210,42,,,1,29,,87211,42,,,1
90501,'905-Weekday-7-26-02-1111100',601,,87212,42,,,1,30,,87213,42,,,1,71,,87214,42,,,1,30,,87215,42,,,1,70,,87216,42,,,1,30,,87217,42,,,1,70,,87218,42,,,1,29,,87219,42,,,1,527,,87220,42,,,1,72,,87221,42,,,1,70,,87222,42,,,1,30,,87223,42,,,1,70,,87224,42,,,1,30,,87225,42,,,1,70,,87226,42,,,1,29,,87227,42,,,1
90600,'906-Weekday-1-26-02-1111100',559,,87260,41,,,1,70,,87261,41,,,1,75,,87262,41,,,1,30,,87263,41,,,1,70,,87264,41,,,1,30,,87265,41,,,1,70,,87266,41,,,1,30,,87267,41,,,1,602,,87268,41,,,1,70,,87269,41,,,1,30,,87270,41,,,1,70,,87271,41,,,1,30,,87272,41,,,1,70,,87273,41,,,1
90600,'906-Weekday-10-26-02-1111100',559,,87274,41,,,1,70,,87275,41,,,1,75,,87276,41,,,1,30,,87277,41,,,1,70,,87278,41,,,1,30,,87279,41,,,1,70,,87280,41,,,1,30,,87281,41,,,1,602,,87282,41,,,1,70,,87283,41,,,1,30,,87284,41,,,1,70,,87285,41,,,1,30,,87286,41,,,1,70,,87287,41,,,1
90600,'906-Weekday-4-26-02-1111100',559,,87302,41,,,1,70,,87303,41,,,1,75,,87304,41,,,1,30,,87305,41,,,1,70,,87306,41,,,1,30,,87307,41,,,1,70,,87308,41,,,1,30,,87309,41,,,1,602,,87310,41,,,1,70,,87311,41,,,1,30,,87312,41,,,1,70,,87313,41,,,1,30,,87314,41,,,1,70,,87315,41,,,1
90600,'906-Weekday-5-26-02-1111100',559,,87316,41,,,1,70,,87317,41,,,1,75,,87318,41,,,1,30,,87319,41,,,1,70,,87320,41,,,1,30,,87321,41,,,1,70,,87322,41,,,1,30,,87323,41,,,1,602,,87324,41,,,1,70,,87325,41,,,1,30,,87326,41,,,1,70,,87327,41,,,1,30,,87328,41,,,1,70,,87329,41,,,1
90600,'906-Weekday-6-26-02-1111100',559,,87330,41,,,1,70,,87331,41,,,1,75,,87332,41,,,1,30,,87333,41,,,1,70,,87334,41,,,1,30,,87335,41,,,1,70,,87336,41,,,1,30,,87337,41,,,1,602,,87338,41,,,1,70,,87339,41,,,1,30,,87340,41,,,1,70,,87341,41,,,1,30,,87342,41,,,1,70,,87343,41,,,1
90600,'906-Weekday-7-26-02-1111100',559,,87344,41,,,1,70,,87345,41,,,1,75,,87346,41,,,1,30,,87347,41,,,1,70,,87348,41,,,1,30,,87349,41,,,1,70,,87350,41,,,1,30,,87351,41,,,1,602,,87352,41,,,1,70,,87353,41,,,1,30,,87354,41,,,1,70,,87355,41,,,1,30,,87356,41,,,1,70,,87357,41,,,1
