50400,'504-Weekday-1-26-06-1111100',545,,174202,22,,,1,70,,174203,22,,,1,32,,174204,22,,,1,70,,174205,22,,,1,30,,174206,22,,,1,70,,174207,22,,,1,30,,174208,22,,,1,102,,174209,22,,,1,100,,174210,22,,,1,100,,174211,22,,,1,100,,174212,22,,,1,100,,174213,22,,,1,100,,174214,22,,,1,85,,174215,22,,,1,70,,174216,22,,,1,31,,174217,22,,,1,70,,174218,22,,,1,30,,174219,22,,,1,98,,174220,22,,,1,96,,174221,22,,,1,100,,174222,22,,,1,100,,174223,22,,,1
50400,'504-Weekday-2-26-06-1111100',545,,195089,22,,,1,70,,195090,22,,,1,32,,195091,22,,,1,70,,195092,22,,,1,30,,195093,22,,,1,70,,195094,22,,,1,30,,195095,22,,,1,102,,195096,22,,,1,100,,195097,22,,,1,100,,195098,22,,,1,100,,195099,22,,,1,100,,195100,22,,,1,100,,195101,22,,,1,85,,195102,22,,,1,70,,195103,22,,,1,31,,195104,22,,,1,70,,195105,22,,,1,30,,195106,22,,,1,98,,195107,22,,,1,96,,195108,22,,,1,100,,195109,22,,,1,100,,195110,22,,,1
50400,'504-Saturday-1-26-06-0000010',757,,174224,22,,,1,100,,174225,22,,,1,100,,174226,22,,,1,100,,174227,22,,,1,100,,174228,22,,,1,100,,174229,22,,,1,100,,174230,22,,,1,100,,174231,22,,,1,100,,174232,22,,,1,100,,174233,22,,,1,100,,174234,22,,,1,100,,174235,22,,,1,100,,174236,22,,,1
50400,'504-Sunday-1-26-06-0000001',754,,174237,22,,,1,99,,174238,22,,,1,99,,174239,22,,,1,100,,174240,22,,,1,100,,174241,22,,,1,100,,174242,22,,,1,100,,174243,22,,,1,100,,174244,22,,,1,100,,174245,22,,,1,101,,174246,22,,,1,101,,174247,22,,,1,100,,174248,22,,,1
50400,'504-Sunday-2-26-06-0000001',754,,195111,22,,,1,99,,195112,22,,,1,99,,195113,22,,,1,100,,195114,22,,,1,100,,195115,22,,,1,100,,195116,22,,,1,100,,195117,22,,,1,100,,195118,22,,,1,100,,195119,22,,,1,101,,195120,22,,,1,101,,195121,22,,,1,100,,195122,22,,,1
50401,'504-Weekday-1-26-06-1111100',535,,174249,7,,,1,70,,174250,7,,,1,31,,174251,7,,,1,70,,174252,7,,,1,30,,174253,7,,,1,70,,174254,7,,,1,30,,174255,7,,,1,69,,174256,7,,,1,100,,174257,7,,,1,100,,174258,7,,,1,100,,174259,7,,,1,100,,174260,7,,,1,100,,174261,7,,,1,45,,174262,7,,,1,71,,174263,7,,,1,32,,174264,7,,,1,70,,174265,7,,,1,30,,174266,7,,,1,100,,174267,7,,,1,99,,174268,7,,,1,100,,174269,7,,,1,100,,174270,7,,,1,100,,174271,7,,,1
50401,'504-Weekday-2-26-06-1111100',535,,195123,7,,,1,70,,195124,7,,,1,31,,195125,7,,,1,70,,195126,7,,,1,30,,195127,7,,,1,70,,195128,7,,,1,30,,195129,7,,,1,69,,195130,7,,,1,100,,195131,7,,,1,100,,195132,7,,,1,100,,195133,7,,,1,100,,195134,7,,,1,100,,195135,7,,,1,45,,195136,7,,,1,71,,195137,7,,,1,32,,195138,7,,,1,70,,195139,7,,,1,30,,195140,7,,,1,100,,195141,7,,,1,99,,195142,7,,,1,100,,195143,7,,,1,100,,195144,7,,,1,100,,195145,7,,,1
50401,'504-Saturday-1-26-06-0000010',718,,174272,7,,,1,100,,174273,7,,,1,100,,174274,7,,,1,100,,174275,7,,,1,100,,174276,7,,,1,100,,174277,7,,,1,100,,174278,7,,,1,100,,174279,7,,,1,100,,174280,7,,,1,100,,174281,7,,,1,100,,174282,7,,,1,100,,174283,7,,,1,100,,174284,7,,,1
50401,'504-Sunday-1-26-06-0000001',814,,174285,7,,,1,100,,174286,7,,,1,100,,174287,7,,,1,100,,174288,7,,,1,100,,174289,7,,,1,100,,174290,7,,,1,100,,174291,7,,,1,100,,174292,7,,,1,100,,174293,7,,,1,100,,174294,7,,,1,100,,174295,7,,,1,100,,174296,7,,,1
50401,'504-Sunday-2-26-06-0000001',814,,195146,7,,,1,100,,195147,7,,,1,100,,195148,7,,,1,100,,195149,7,,,1,100,,195150,7,,,1,100,,195151,7,,,1,100,,195152,7,,,1,100,,195153,7,,,1,100,,195154,7,,,1,100,,195155,7,,,1,100,,195156,7,,,1,100,,195157,7,,,1
