12700,'127-Weekday-1-26-02-1111100',848,,43296,27,,,1,100,,43297,27,,,1,100,,43298,27,,,1,100,,43299,27,,,1,100,,43300,27,,,1,100,,43301,27,,,1,100,,43302,27,,,1,100,,43303,27,,,1,100,,43304,27,,,1
12700,'127-Weekday-10-26-02-1111100',848,,43305,27,,,1,100,,43306,27,,,1,100,,43307,27,,,1,100,,43308,27,,,1,100,,43309,27,,,1,100,,43310,27,,,1,100,,43311,27,,,1,100,,43312,27,,,1,100,,43313,27,,,1
12700,'127-Weekday-4-26-02-1111100',848,,43323,27,,,1,100,,43324,27,,,1,100,,43325,27,,,1,100,,43326,27,,,1,100,,43327,27,,,1,100,,43328,27,,,1,100,,43329,27,,,1,100,,43330,27,,,1,100,,43331,27,,,1
12700,'127-Weekday-5-26-02-1111100',848,,43332,27,,,1,100,,43333,27,,,1,100,,43334,27,,,1,100,,43335,27,,,1,100,,43336,27,,,1,100,,43337,27,,,1,100,,43338,27,,,1,100,,43339,27,,,1,100,,43340,27,,,1
12700,'127-Weekday-7-26-02-1111100',848,,43350,27,,,1,100,,43351,27,,,1,100,,43352,27,,,1,100,,43353,27,,,1,100,,43354,27,,,1,100,,43355,27,,,1,100,,43356,27,,,1,100,,43357,27,,,1,100,,43358,27,,,1
12700,'127-Saturday-1-26-02-0000010',848,,43377,27,,,1,100,,43378,27,,,1,100,,43379,27,,,1,100,,43380,27,,,1,100,,43381,27,,,1,100,,43382,27,,,1,100,,43383,27,,,1,100,,43384,27,,,1,100,,43385,27,,,1
12701,'127-Weekday-1-26-02-1111100',823,,43403,23,,,1,100,,43396,23,,,1,100,,43397,23,,,1,100,,43398,23,,,1,100,,43399,23,,,1,100,,43400,23,,,1,100,,43401,23,,,1,100,,43402,23,,,1,100,,43404,23,,,1,100,,43405,23,,,1
12701,'127-Weekday-10-26-02-1111100',823,,43413,23,,,1,100,,43406,23,,,1,100,,43407,23,,,1,100,,43408,23,,,1,100,,43409,23,,,1,100,,43410,23,,,1,100,,43411,23,,,1,100,,43412,23,,,1,100,,43414,23,,,1,100,,43415,23,,,1
12701,'127-Weekday-4-26-02-1111100',823,,43433,23,,,1,100,,43426,23,,,1,100,,43427,23,,,1,100,,43428,23,,,1,100,,43429,23,,,1,100,,43430,23,,,1,100,,43431,23,,,1,100,,43432,23,,,1,100,,43434,23,,,1,100,,43435,23,,,1
12701,'127-Weekday-5-26-02-1111100',823,,43443,23,,,1,100,,43436,23,,,1,100,,43437,23,,,1,100,,43438,23,,,1,100,,43439,23,,,1,100,,43440,23,,,1,100,,43441,23,,,1,100,,43442,23,,,1,100,,43444,23,,,1,100,,43445,23,,,1
12701,'127-Weekday-7-26-02-1111100',823,,43463,23,,,1,100,,43456,23,,,1,100,,43457,23,,,1,100,,43458,23,,,1,100,,43459,23,,,1,100,,43460,23,,,1,100,,43461,23,,,1,100,,43462,23,,,1,100,,43464,23,,,1,100,,43465,23,,,1
12701,'127-Saturday-1-26-02-0000010',923,,43486,23,,,1,100,,43487,23,,,1,100,,43488,23,,,1,100,,43489,23,,,1,100,,43490,23,,,1,100,,43491,23,,,1,100,,43492,23,,,1,100,,43493,23,,,1,100,,43494,23,,,1
12701,'127-Sunday-1-26-02-0000001',818,,43495,4,,,1,100,,43496,4,,,1,100,,43497,4,,,1,100,,43498,4,,,1,100,,43499,4,,,1,100,,43500,4,,,1,100,,43501,4,,,1,100,,43502,4,,,1,100,,43503,4,,,1,100,,43504,4,,,1
