10901,'109-Weekday-1-26-06-1111100',534,,171391,22,0,18 14,1,70,,171392,22,0,18 14,1,31,,171393,22,0,18 14,1,66,,171394,22,0,18 14,1,20,,171395,22,0,18 14,1,20,,171396,22,0,18 14,1,60,,171397,22,0,18 14,1,20,,171398,22,0,18 14,1,20,,171399,22,0,18 14,1,65,,171400,22,0,18 14,1,29,,171401,22,0,18 14,1,70,,171402,22,0,18 14,1,30,,171403,22,0,18 14,1,70,,171404,22,0,18 14,1,30,,171405,22,0,18 14,1,70,,171406,22,0,18 14,1,30,,171407,22,0,18 14,1,70,,171408,22,0,18 14,1,30,,171409,22,0,18 14,1,70,,171410,22,0,18 14,1,30,,171411,22,0,18 14,1,71,,171412,22,0,18 14,1,27,,171413,22,0,18 14,1,20,,171414,22,0,18 14,1,60,,171415,22,0,18 14,1,20,,171416,22,0,18 14,1,20,,171417,22,0,18 14,1,60,,171429,22,0,18 14,1,25,,171418,22,0,18 14,1,70,,171419,22,0,18 14,1,29,,171420,22,0,18 14,1,68,,171421,22,0,18 14,1,30,,171422,22,0,18 14,1,70,,171423,22,0,18 14,1,30,,171424,22,0,18 14,1,70,,171425,22,0,18 14,1,30,,171426,22,0,18 14,1,69,,171430,22,0,18 14,1,99,,171427,22,0,18 14,1,100,,171428,22,0,18 14,1
10901,'109-Weekday-2-26-06-1111100',534,,193497,22,0,18 14,1,70,,193498,22,0,18 14,1,31,,193499,22,0,18 14,1,66,,193500,22,0,18 14,1,20,,193501,22,0,18 14,1,20,,193502,22,0,18 14,1,60,,193503,22,0,18 14,1,20,,193504,22,0,18 14,1,20,,193505,22,0,18 14,1,65,,193506,22,0,18 14,1,29,,193507,22,0,18 14,1,70,,193508,22,0,18 14,1,30,,193509,22,0,18 14,1,70,,193510,22,0,18 14,1,30,,193511,22,0,18 14,1,70,,193512,22,0,18 14,1,30,,193513,22,0,18 14,1,70,,193514,22,0,18 14,1,30,,193515,22,0,18 14,1,70,,193516,22,0,18 14,1,30,,193517,22,0,18 14,1,71,,193518,22,0,18 14,1,27,,193519,22,0,18 14,1,20,,193520,22,0,18 14,1,60,,193521,22,0,18 14,1,20,,193522,22,0,18 14,1,20,,193523,22,0,18 14,1,60,,193535,22,0,18 14,1,25,,193524,22,0,18 14,1,70,,193525,22,0,18 14,1,29,,193526,22,0,18 14,1,68,,193527,22,0,18 14,1,30,,193528,22,0,18 14,1,70,,193529,22,0,18 14,1,30,,193530,22,0,18 14,1,70,,193531,22,0,18 14,1,30,,193532,22,0,18 14,1,69,,193536,22,0,18 14,1,99,,193533,22,0,18 14,1,100,,193534,22,0,18 14,1
10901,'109-Saturday-1-26-06-0000010',826,,171431,22,0,18 14,1,30,,171432,22,0,18 14,1,70,,171433,22,0,18 14,1,30,,171434,22,0,18 14,1,70,,171435,22,0,18 14,1,30,,171436,22,0,18 14,1,70,,171437,22,0,18 14,1,30,,171438,22,0,18 14,1,70,,171439,22,0,18 14,1,30,,171440,22,0,18 14,1,70,,171441,22,0,18 14,1,30,,171442,22,0,18 14,1,70,,171443,22,0,18 14,1,30,,171444,22,0,18 14,1,70,,171445,22,0,18 14,1,30,,171446,22,0,18 14,1,70,,171447,22,0,18 14,1,30,,171448,22,0,18 14,1,70,,171449,22,0,18 14,1,30,,171450,22,0,18 14,1,70,,171451,22,0,18 14,1,30,,171452,22,0,18 14,1,70,,171453,22,0,18 14,1,30,,171454,22,0,18 14,1,70,,171455,22,0,18 14,1,30,,171456,22,0,18 14,1,70,,171457,22,0,18 14,1,30,,171458,22,0,18 14,1
10901,'109-Sunday-1-26-06-0000001',1036,,171459,22,0,18 14,1,70,,171460,22,0,18 14,1,30,,171461,22,0,18 14,1,70,,171462,22,0,18 14,1,30,,171463,22,0,18 14,1,70,,171464,22,0,18 14,1,30,,171465,22,0,18 14,1,70,,171466,22,0,18 14,1,30,,171467,22,0,18 14,1,70,,171468,22,0,18 14,1,30,,171469,22,0,18 14,1,70,,171470,22,0,18 14,1,30,,171471,22,0,18 14,1,70,,171472,22,0,18 14,1,30,,171473,22,0,18 14,1,70,,171474,22,0,18 14,1,30,,171475,22,0,18 14,1,70,,171476,22,0,18 14,1
10901,'109-Sunday-2-26-06-0000001',1036,,193537,22,0,18 14,1,70,,193538,22,0,18 14,1,30,,193539,22,0,18 14,1,70,,193540,22,0,18 14,1,30,,193541,22,0,18 14,1,70,,193542,22,0,18 14,1,30,,193543,22,0,18 14,1,70,,193544,22,0,18 14,1,30,,193545,22,0,18 14,1,70,,193546,22,0,18 14,1,30,,193547,22,0,18 14,1,70,,193548,22,0,18 14,1,30,,193549,22,0,18 14,1,70,,193550,22,0,18 14,1,30,,193551,22,0,18 14,1,70,,193552,22,0,18 14,1,30,,193553,22,0,18 14,1,70,,193554,22,0,18 14,1
11200,'112-Weekday-1-26-06-1111100',524,,171505,8,,,1,30,,171506,8,,,1,70,,171507,8,,,1,30,,171536,8,,,1,70,,171534,8,,,1,30,,171508,8,,,1,70,,171535,8,,,1,30,,171509,8,,,1,70,,171510,8,,,1,30,,171511,8,,,1,70,,171512,8,,,1,30,,171513,8,,,1,70,,171514,8,,,1,30,,171515,8,,,1,70,,171533,8,,,1,30,,171516,8,,,1,70,,171517,8,,,1,30,,171532,8,,,1,70,,171518,8,,,1,30,,171519,8,,,1,71,,171520,8,,,1,30,,171521,8,,,1,70,,171522,8,,,1,30,,171523,8,,,1,70,,171537,8,,,1,30,,171524,8,,,1,70,,171525,8,,,1,29,,171526,8,,,1,70,,171527,8,,,1,30,,171528,8,,,1,70,,171529,8,,,1,30,,171530,8,,,1,70,,171531,8,,,1
11200,'112-Weekday-3-26-06-1111100',524,,193569,8,,,1,30,,193570,8,,,1,70,,193571,8,,,1,30,,193600,8,,,1,70,,193598,8,,,1,30,,193572,8,,,1,70,,193599,8,,,1,30,,193573,8,,,1,70,,193574,8,,,1,30,,193575,8,,,1,70,,193576,8,,,1,30,,193577,8,,,1,70,,193578,8,,,1,30,,193579,8,,,1,70,,193597,8,,,1,30,,193580,8,,,1,70,,193581,8,,,1,30,,193596,8,,,1,70,,193582,8,,,1,30,,193583,8,,,1,71,,193584,8,,,1,30,,193585,8,,,1,70,,193586,8,,,1,30,,193587,8,,,1,70,,193601,8,,,1,30,,193588,8,,,1,70,,193589,8,,,1,29,,193590,8,,,1,70,,193591,8,,,1,30,,193592,8,,,1,70,,193593,8,,,1,30,,193594,8,,,1,70,,193595,8,,,1
11200,'112-Saturday-1-26-06-0000010',755,,171538,8,,,1,70,,171539,8,,,1,30,,171540,8,,,1,70,,171541,8,,,1,30,,171542,8,,,1,70,,171543,8,,,1,30,,171544,8,,,1,70,,171545,8,,,1,30,,171546,8,,,1,70,,171547,8,,,1,30,,171548,8,,,1,70,,171549,8,,,1,30,,171550,8,,,1,70,,171551,8,,,1,30,,171552,8,,,1,70,,171553,8,,,1,30,,171554,8,,,1,70,,171555,8,,,1,30,,171556,8,,,1,70,,171557,8,,,1,30,,171558,8,,,1,70,,171559,8,,,1,30,,171560,8,,,1
11200,'112-Sunday-1-26-06-0000001',1004,,171561,8,,,1,30,,171562,8,,,1,70,,171563,8,,,1,30,,171564,8,,,1,70,,171565,8,,,1,30,,171566,8,,,1,70,,171567,8,,,1,30,,171568,8,,,1,70,,171569,8,,,1,30,,171570,8,,,1,70,,171571,8,,,1,30,,171572,8,,,1,70,,171573,8,,,1,30,,171574,8,,,1,69,,171575,8,,,1,30,,171576,8,,,1,70,,171577,8,,,1,30,,171578,8,,,1
11200,'112-Sunday-2-26-06-0000001',1004,,193602,8,,,1,30,,193603,8,,,1,70,,193604,8,,,1,30,,193605,8,,,1,70,,193606,8,,,1,30,,193607,8,,,1,70,,193608,8,,,1,30,,193609,8,,,1,70,,193610,8,,,1,30,,193611,8,,,1,70,,193612,8,,,1,30,,193613,8,,,1,70,,193614,8,,,1,30,,193615,8,,,1,69,,193616,8,,,1,30,,193617,8,,,1,70,,193618,8,,,1,30,,193619,8,,,1
