66901,'669-Weekday-1-26-02-0001000',1243,,61712,8,,,1,3,,61711,8,,,1
66901,'669-Weekday-1-26-02-1110100',1538,,61713,8,,,1,2,,61714,8,,,1
66901,'669-Weekday-5-26-02-0000100',1243,,61720,8,,,1,3,,61719,8,,,1
66901,'669-Weekday-5-26-02-1111000',1538,,61721,8,,,1,2,,61722,8,,,1
66901,'669-Weekday-6-26-02-1110100',1538,,61723,8,,,1,2,,61724,8,,,1
66901,'669-Weekday-9-26-02-0001000',1243,,61728,8,,,1,3,,61727,8,,,1
71800,'718-Weekday-1-26-02-1111100',553,,75085,15,,,1,70,,75086,15,,,1,20,,75087,15,,,1,61,,75088,15,,,1,20,,75089,15,,,1,20,,75090,15,,,1,60,,75091,15,,,1,20,,75092,15,,,1,29,,75093,15,,,1,71,,75094,15,,,1,30,,75095,15,,,1,70,,75096,15,,,1,30,,75097,15,,,1,70,,75098,15,,,1,30,,75099,15,,,1,70,,75100,15,,,1,30,,75101,15,,,1,70,,75102,15,,,1,30,,75103,15,,,1,70,,75104,15,,,1,30,,75105,15,,,1,66,,75106,15,,,1,21,,75107,15,,,1,17,,75123,15,0,26,1,43,,75108,15,,,1,20,,75109,15,,,1,20,,75110,15,,,1,60,,75111,15,,,1,20,,75112,15,,,1,20,,75113,15,,,1,60,,75114,15,,,1,25,,75115,15,,,1,24,,75116,15,,,1,71,,75117,15,,,1,30,,75118,15,,,1,70,,75119,15,,,1,30,,75120,15,,,1,70,,75121,15,,,1,30,,75122,15,,,1
71800,'718-Weekday-10-26-02-1111100',553,,75124,15,,,1,70,,75125,15,,,1,20,,75126,15,,,1,61,,75127,15,,,1,20,,75128,15,,,1,20,,75129,15,,,1,60,,75130,15,,,1,20,,75131,15,,,1,29,,75132,15,,,1,71,,75133,15,,,1,30,,75134,15,,,1,70,,75135,15,,,1,30,,75136,15,,,1,70,,75137,15,,,1,30,,75138,15,,,1,70,,75139,15,,,1,30,,75140,15,,,1,70,,75141,15,,,1,30,,75142,15,,,1,70,,75143,15,,,1,30,,75144,15,,,1,66,,75145,15,,,1,21,,75146,15,,,1,17,,75162,15,0,26,1,43,,75147,15,,,1,20,,75148,15,,,1,20,,75149,15,,,1,60,,75150,15,,,1,20,,75151,15,,,1,20,,75152,15,,,1,60,,75153,15,,,1,25,,75154,15,,,1,24,,75155,15,,,1,71,,75156,15,,,1,30,,75157,15,,,1,70,,75158,15,,,1,30,,75159,15,,,1,70,,75160,15,,,1,30,,75161,15,,,1
71800,'718-Weekday-11-26-02-1111100',553,,107158,15,,,1,70,,107159,15,,,1,20,,107160,15,,,1,61,,107161,15,,,1,20,,107162,15,,,1,20,,107163,15,,,1,60,,107164,15,,,1,20,,107165,15,,,1,29,,107166,15,,,1,71,,107167,15,,,1,30,,107168,15,,,1,70,,107169,15,,,1,30,,107170,15,,,1,70,,107171,15,,,1,30,,107172,15,,,1,70,,107173,15,,,1,30,,107174,15,,,1,70,,107175,15,,,1,30,,107176,15,,,1,70,,107177,15,,,1,30,,107178,15,,,1,66,,107179,15,,,1,21,,107180,15,,,1,17,,107196,15,0,26,1,43,,107181,15,,,1,20,,107182,15,,,1,20,,107183,15,,,1,60,,107184,15,,,1,20,,107185,15,,,1,20,,107186,15,,,1,60,,107187,15,,,1,25,,107188,15,,,1,24,,107189,15,,,1,71,,107190,15,,,1,30,,107191,15,,,1,70,,107192,15,,,1,30,,107193,15,,,1,70,,107194,15,,,1,30,,107195,15,,,1
71800,'718-Weekday-4-26-02-1111100',553,,75202,15,,,1,70,,75203,15,,,1,20,,75204,15,,,1,61,,75205,15,,,1,20,,75206,15,,,1,20,,75207,15,,,1,60,,75208,15,,,1,20,,75209,15,,,1,29,,75210,15,,,1,71,,75211,15,,,1,30,,75212,15,,,1,70,,75213,15,,,1,30,,75214,15,,,1,70,,75215,15,,,1,30,,75216,15,,,1,70,,75217,15,,,1,30,,75218,15,,,1,70,,75219,15,,,1,30,,75220,15,,,1,70,,75221,15,,,1,30,,75222,15,,,1,66,,75223,15,,,1,21,,75224,15,,,1,60,,75225,15,,,1,20,,75226,15,,,1,20,,75227,15,,,1,60,,75228,15,,,1,20,,75229,15,,,1,20,,75230,15,,,1,60,,75231,15,,,1,25,,75232,15,,,1,24,,75233,15,,,1,71,,75234,15,,,1,30,,75235,15,,,1,70,,75236,15,,,1,30,,75237,15,,,1,70,,75238,15,,,1,30,,75239,15,,,1
71800,'718-Weekday-5-26-02-1111100',553,,75240,15,,,1,70,,75241,15,,,1,20,,75242,15,,,1,61,,75243,15,,,1,20,,75244,15,,,1,20,,75245,15,,,1,60,,75246,15,,,1,20,,75247,15,,,1,29,,75248,15,,,1,71,,75249,15,,,1,30,,75250,15,,,1,70,,75251,15,,,1,30,,75252,15,,,1,70,,75253,15,,,1,30,,75254,15,,,1,70,,75255,15,,,1,30,,75256,15,,,1,70,,75257,15,,,1,30,,75258,15,,,1,70,,75259,15,,,1,30,,75260,15,,,1,66,,75261,15,,,1,21,,75262,15,,,1,17,,75278,15,0,26,1,43,,75263,15,,,1,20,,75264,15,,,1,20,,75265,15,,,1,60,,75266,15,,,1,20,,75267,15,,,1,20,,75268,15,,,1,60,,75269,15,,,1,25,,75270,15,,,1,24,,75271,15,,,1,71,,75272,15,,,1,30,,75273,15,,,1,70,,75274,15,,,1,30,,75275,15,,,1,70,,75276,15,,,1,30,,75277,15,,,1
71800,'718-Weekday-6-26-02-1111100',553,,75279,15,,,1,70,,75280,15,,,1,20,,75281,15,,,1,61,,75282,15,,,1,20,,75283,15,,,1,20,,75284,15,,,1,60,,75285,15,,,1,20,,75286,15,,,1,29,,75287,15,,,1,71,,75288,15,,,1,30,,75289,15,,,1,70,,75290,15,,,1,30,,75291,15,,,1,70,,75292,15,,,1,30,,75293,15,,,1,70,,75294,15,,,1,30,,75295,15,,,1,70,,75296,15,,,1,30,,75297,15,,,1,70,,75298,15,,,1,30,,75299,15,,,1,66,,75300,15,,,1,21,,75301,15,,,1,60,,75302,15,,,1,20,,75303,15,,,1,20,,75304,15,,,1,60,,75305,15,,,1,20,,75306,15,,,1,20,,75307,15,,,1,60,,75308,15,,,1,25,,75309,15,,,1,24,,75310,15,,,1,71,,75311,15,,,1,30,,75312,15,,,1,70,,75313,15,,,1,30,,75314,15,,,1,70,,75315,15,,,1,30,,75316,15,,,1
71800,'718-Weekday-7-26-02-1111100',553,,75317,15,,,1,70,,75318,15,,,1,20,,75319,15,,,1,61,,75320,15,,,1,20,,75321,15,,,1,20,,75322,15,,,1,60,,75323,15,,,1,20,,75324,15,,,1,29,,75325,15,,,1,71,,75326,15,,,1,30,,75327,15,,,1,70,,75328,15,,,1,30,,75329,15,,,1,70,,75330,15,,,1,30,,75331,15,,,1,70,,75332,15,,,1,30,,75333,15,,,1,70,,75334,15,,,1,30,,75335,15,,,1,70,,75336,15,,,1,30,,75337,15,,,1,66,,75338,15,,,1,21,,75339,15,,,1,60,,75340,15,,,1,20,,75341,15,,,1,20,,75342,15,,,1,60,,75343,15,,,1,20,,75344,15,,,1,20,,75345,15,,,1,60,,75346,15,,,1,25,,75347,15,,,1,24,,75348,15,,,1,71,,75349,15,,,1,30,,75350,15,,,1,70,,75351,15,,,1,30,,75352,15,,,1,70,,75353,15,,,1,30,,75354,15,,,1
71800,'718-Saturday-1-26-02-0000010',759,,75457,15,,,1,70,,75455,15,,,1,30,,75456,15,,,1,73,,75453,15,,,1,70,,75432,15,,,1,30,,75433,15,,,1,70,,75434,15,,,1,30,,75435,15,,,1,70,,75436,15,,,1,30,,75437,15,,,1,70,,75438,15,,,1,30,,75439,15,,,1,70,,75440,15,,,1,30,,75441,15,,,1,70,,75442,15,,,1,30,,75443,15,,,1,70,,75444,15,,,1,30,,75445,15,,,1,70,,75446,15,,,1,30,,75447,15,,,1,70,,75448,15,,,1,30,,75449,15,,,1,70,,75450,15,,,1,30,,75451,15,,,1,70,,75454,15,,,1,100,,75452,15,,,1
71800,'718-Sunday-1-26-02-0000001',840,,75472,15,,,1,72,,75473,15,,,1,31,,75474,15,,,1,70,,75475,15,,,1,30,,75476,15,,,1,70,,75477,15,,,1,30,,75478,15,,,1,70,,75479,15,,,1,30,,75480,15,,,1,70,,75481,15,,,1,30,,75466,15,,,1,70,,75467,15,,,1,30,,75468,15,,,1,70,,75469,15,,,1,30,,75458,15,,,1,70,,75459,15,,,1,30,,75460,15,,,1,70,,75461,15,,,1,30,,75462,15,,,1,70,,75463,15,,,1,30,,75464,15,,,1,70,,75465,15,,,1,100,,75471,15,,,1,100,,75470,15,,,1
