11801,'118-Weekday-1-26-04-1111100',540,,123115,23,,,1,70,,123116,23,,,1,35,,123147,23,,,1,60,,123143,23,,,1,20,,123117,23,,,1,20,,123144,23,,,1,60,,123118,23,,,1,20,,123119,23,,,1,20,,123145,23,,,1,70,,123121,23,,,1,30,,123120,23,,,1,70,,123122,23,,,1,30,,123123,23,,,1,70,,123124,23,,,1,30,,123125,23,,,1,70,,123126,23,,,1,30,,123127,23,,,1,70,,123128,23,,,1,30,,123129,23,,,1,70,,123130,23,,,1,30,,123131,23,,,1,73,,123132,23,,,1,31,,123138,23,,,1,55,,123133,23,,,1,15,,123134,23,,,1,15,,123135,23,,,1,15,,123146,23,,,1,55,,123136,23,,,1,15,,123137,23,,,1,15,,123142,23,,,1,15,,123141,23,,,1,70,,123139,23,,,1,27,,123140,23,,,1,69,,123148,23,,,1,30,,123149,23,,,1,70,,123150,23,,,1,30,,123151,23,,,1,70,,123152,23,,,1,30,,123153,23,,,1,70,,123154,23,,,1
11801,'118-Weekday-2-26-04-1111100',540,,123155,23,,,1,70,,123156,23,,,1,35,,123187,23,,,1,60,,123183,23,,,1,20,,123157,23,,,1,20,,123184,23,,,1,60,,123158,23,,,1,20,,123159,23,,,1,20,,123185,23,,,1,70,,123161,23,,,1,30,,123160,23,,,1,70,,123162,23,,,1,30,,123163,23,,,1,70,,123164,23,,,1,30,,123165,23,,,1,70,,123166,23,,,1,30,,123167,23,,,1,70,,123168,23,,,1,30,,123169,23,,,1,70,,123170,23,,,1,30,,123171,23,,,1,73,,123172,23,,,1,31,,123178,23,,,1,55,,123173,23,,,1,15,,123174,23,,,1,15,,123175,23,,,1,15,,123186,23,,,1,55,,123176,23,,,1,15,,123177,23,,,1,15,,123182,23,,,1,15,,123181,23,,,1,70,,123179,23,,,1,27,,123180,23,,,1,69,,123188,23,,,1,30,,123189,23,,,1,70,,123190,23,,,1,30,,123191,23,,,1,70,,123192,23,,,1,30,,123193,23,,,1,70,,123194,23,,,1
11801,'118-Weekday-3-26-04-1111100',540,,123195,23,,,1,70,,123196,23,,,1,35,,123227,23,,,1,60,,123223,23,,,1,20,,123197,23,,,1,20,,123224,23,,,1,60,,123198,23,,,1,20,,123199,23,,,1,20,,123225,23,,,1,70,,123201,23,,,1,30,,123200,23,,,1,70,,123202,23,,,1,30,,123203,23,,,1,70,,123204,23,,,1,30,,123205,23,,,1,70,,123206,23,,,1,30,,123207,23,,,1,70,,123208,23,,,1,30,,123209,23,,,1,70,,123210,23,,,1,30,,123211,23,,,1,73,,123212,23,,,1,31,,123218,23,,,1,55,,123213,23,,,1,15,,123214,23,,,1,15,,123215,23,,,1,15,,123226,23,,,1,55,,123216,23,,,1,15,,123217,23,,,1,15,,123222,23,,,1,15,,123221,23,,,1,70,,123219,23,,,1,27,,123220,23,,,1,69,,123228,23,,,1,30,,123229,23,,,1,70,,123230,23,,,1,30,,123231,23,,,1,70,,123232,23,,,1,30,,123233,23,,,1,70,,123234,23,,,1
11801,'118-Saturday-1-26-04-0000010',701,,123235,23,,,1,100,,123236,23,,,1,45,,123237,23,,,1,77,,123238,23,,,1,29,,123239,23,,,1,70,,123240,23,,,1,30,,123241,23,,,1,70,,123242,23,,,1,30,,123243,23,,,1,70,,123244,23,,,1,30,,123245,23,,,1,70,,123246,23,,,1,30,,123247,23,,,1,70,,123248,23,,,1,30,,123249,23,,,1,70,,123250,23,,,1,30,,123251,23,,,1,70,,123252,23,,,1,30,,123253,23,,,1,70,,123254,23,,,1,30,,123255,23,,,1,70,,123256,23,,,1,30,,123257,23,,,1,70,,123258,23,,,1,30,,123259,23,,,1
11801,'118-Sunday-1-26-04-0000001',617,,123281,23,,,1,100,,123260,23,,,1,100,,123261,23,,,1,97,,123262,23,,,1,45,,123263,23,,,1,70,,123264,23,,,1,30,,123265,23,,,1,70,,123266,23,,,1,30,,123267,23,,,1,70,,123268,23,,,1,30,,123269,23,,,1,70,,123270,23,,,1,30,,123271,23,,,1,70,,123272,23,,,1,30,,123273,23,,,1,70,,123274,23,,,1,30,,123275,23,,,1,70,,123276,23,,,1,30,,123277,23,,,1,69,,123278,23,,,1,30,,123279,23,,,1,70,,123280,23,,,1
61201,'612-Weekday-1-26-04-1111100',731,,131628,22,,,1
61201,'612-Weekday-3-26-04-1111100',731,,131629,22,,,1
62001,'620-Weekday-1-26-04-1111100',752,,131695,22,,,1,76,,131696,22,,,1,5,,131697,22,,,1
62001,'620-Weekday-2-26-04-1111100',828,,131698,22,,,1,5,,131699,22,,,1
62001,'620-Weekday-3-26-04-1111100',752,,131700,22,,,1
