51500,'515-Weekday-1-26-04-0001000',1249,,127621,23,,,1
51500,'515-Weekday-1-26-04-1110100',1541,,127622,23,,,1,66,,127623,23,,,1
51500,'515-Weekday-1-26-04-1111100',551,,127624,23,,,1,70,,127670,23,,,1,33,,127659,23,,,1,55,,127665,23,,,1,15,,127666,23,,,1,15,,127625,23,,,1,15,,127626,23,,,1,55,,127627,23,,,1,15,,127661,23,,,1,15,,127628,23,,,1,20,,127629,23,,,1,59,,127653,23,,,1,20,,127630,23,,,1,20,,127631,23,,,1,60,,127654,23,,,1,20,,127632,23,,,1,20,,127633,23,,,1,60,,127655,23,,,1,20,,127634,23,,,1,20,,127635,23,,,1,60,,127656,23,,,1,20,,127636,23,,,1,20,,127637,23,,,1,60,,127657,23,,,1,20,,127638,23,,,1,20,,127639,23,,,1,60,,127658,23,,,1,20,,127640,23,,,1,21,,127641,23,,,1,57,,127674,23,,,1,16,,127663,23,,,1,15,,127671,23,,,1,55,,127664,23,,,1,15,,127660,23,,,1,15,,127672,23,,,1,15,,127673,23,,,1,55,,127668,23,,,1,15,,127662,23,,,1,15,,127642,23,,,1,15,,127643,23,,,1,70,,127667,23,,,1,27,,127644,23,,,1,69,,127645,23,,,1,30,,127646,23,,,1,70,,127647,23,,,1,30,,127648,23,,,1,70,,127649,23,,,1,30,,127650,23,,,1,69,,127669,23,,,1,100,,127651,23,,,1,100,,127652,23,,,1
51500,'515-Weekday-2-26-04-1110100',1541,,127675,23,,,1,66,,127676,23,,,1
51500,'515-Weekday-2-26-04-1111100',551,,127677,23,,,1,70,,127723,23,,,1,33,,127712,23,,,1,55,,127718,23,,,1,15,,127719,23,,,1,15,,127678,23,,,1,15,,127679,23,,,1,55,,127680,23,,,1,15,,127714,23,,,1,15,,127681,23,,,1,20,,127682,23,,,1,59,,127706,23,,,1,20,,127683,23,,,1,20,,127684,23,,,1,60,,127707,23,,,1,20,,127685,23,,,1,20,,127686,23,,,1,60,,127708,23,,,1,20,,127687,23,,,1,20,,127688,23,,,1,60,,127709,23,,,1,20,,127689,23,,,1,20,,127690,23,,,1,60,,127710,23,,,1,20,,127691,23,,,1,20,,127692,23,,,1,60,,127711,23,,,1,20,,127693,23,,,1,21,,127694,23,,,1,57,,127727,23,,,1,16,,127716,23,,,1,15,,127724,23,,,1,55,,127717,23,,,1,15,,127713,23,,,1,15,,127725,23,,,1,15,,127726,23,,,1,55,,127721,23,,,1,15,,127715,23,,,1,15,,127695,23,,,1,15,,127696,23,,,1,70,,127720,23,,,1,27,,127697,23,,,1,69,,127698,23,,,1,30,,127699,23,,,1,70,,127700,23,,,1,30,,127701,23,,,1,70,,127702,23,,,1,30,,127703,23,,,1,69,,127722,23,,,1,100,,127704,23,,,1,100,,127705,23,,,1
51500,'515-Weekday-3-26-04-0001000',1249,,127728,23,,,1
51500,'515-Weekday-3-26-04-1111100',551,,127729,23,,,1,70,,127775,23,,,1,33,,127764,23,,,1,55,,127770,23,,,1,15,,127771,23,,,1,15,,127730,23,,,1,15,,127731,23,,,1,55,,127732,23,,,1,15,,127766,23,,,1,15,,127733,23,,,1,20,,127734,23,,,1,59,,127758,23,,,1,20,,127735,23,,,1,20,,127736,23,,,1,60,,127759,23,,,1,20,,127737,23,,,1,20,,127738,23,,,1,60,,127760,23,,,1,20,,127739,23,,,1,20,,127740,23,,,1,60,,127761,23,,,1,20,,127741,23,,,1,20,,127742,23,,,1,60,,127762,23,,,1,20,,127743,23,,,1,20,,127744,23,,,1,60,,127763,23,,,1,20,,127745,23,,,1,21,,127746,23,,,1,57,,127779,23,,,1,16,,127768,23,,,1,15,,127776,23,,,1,55,,127769,23,,,1,15,,127765,23,,,1,15,,127777,23,,,1,15,,127778,23,,,1,55,,127773,23,,,1,15,,127767,23,,,1,15,,127747,23,,,1,15,,127748,23,,,1,70,,127772,23,,,1,27,,127749,23,,,1,69,,127750,23,,,1,30,,127751,23,,,1,70,,127752,23,,,1,30,,127753,23,,,1,70,,127754,23,,,1,30,,127755,23,,,1,69,,127774,23,,,1,100,,127756,23,,,1,100,,127757,23,,,1
51500,'515-Saturday-1-26-04-0000010',631,,127780,23,,,1,99,,127781,23,,,1,84,,127782,23,,,1,20,,127812,23,,,1,21,,127783,23,,,1,62,,127784,23,,,1,20,,127785,23,,,1,20,,127813,23,,,1,60,,127786,23,,,1,20,,127787,23,,,1,20,,127814,23,,,1,60,,127788,23,,,1,20,,127789,23,,,1,20,,127815,23,,,1,60,,127790,23,,,1,20,,127791,23,,,1,20,,127816,23,,,1,60,,127792,23,,,1,20,,127793,23,,,1,20,,127817,23,,,1,60,,127794,23,,,1,20,,127795,23,,,1,20,,127818,23,,,1,60,,127796,23,,,1,20,,127797,23,,,1,20,,127819,23,,,1,60,,127798,23,,,1,20,,127799,23,,,1,20,,127820,23,,,1,60,,127800,23,,,1,20,,127801,23,,,1,20,,127821,23,,,1,60,,127802,23,,,1,20,,127803,23,,,1,20,,127822,23,,,1,60,,127804,23,,,1,30,,127805,23,,,1,70,,127810,23,,,1,30,,127807,23,,,1,70,,127811,23,,,1,30,,127808,23,,,1,100,,127806,23,,,1,100,,127809,23,,,1
51500,'515-Sunday-1-26-04-0000001',630,,127823,23,,,1,100,,127824,23,,,1,100,,127825,23,,,1,100,,127826,23,,,1,85,,127827,23,,,1,20,,127828,23,,,1,20,,127852,23,,,1,60,,127829,23,,,1,20,,127830,23,,,1,20,,127853,23,,,1,60,,127831,23,,,1,20,,127832,23,,,1,20,,127854,23,,,1,60,,127833,23,,,1,20,,127834,23,,,1,20,,127855,23,,,1,60,,127835,23,,,1,20,,127836,23,,,1,20,,127856,23,,,1,60,,127837,23,,,1,20,,127838,23,,,1,20,,127857,23,,,1,60,,127839,23,,,1,20,,127840,23,,,1,20,,127858,23,,,1,60,,127841,23,,,1,22,,127842,23,,,1,20,,127859,23,,,1,60,,127843,23,,,1,20,,127844,23,,,1,20,,127860,23,,,1,60,,127845,23,,,1,30,,127848,23,,,1,70,,127846,23,,,1,30,,127849,23,,,1,70,,127850,23,,,1,100,,127847,23,,,1,100,,127851,23,,,1,100,,127861,23,,,1
63001,'630-Weekday-1-26-04-0001000',1304,,131758,43,,,1,203,,131759,40,,,1
63001,'630-Weekday-1-26-04-1110100',1606,,131760,43,,,1
63001,'630-Weekday-2-26-04-1110100',1606,,131761,43,,,1
63001,'630-Weekday-3-26-04-0001000',1304,,131762,43,,,1
63001,'630-Weekday-3-26-04-1110100',1606,,131763,43,,,1
63501,'635-Weekday-1-26-04-1111100',1601,,131816,53,,,1
63501,'635-Weekday-2-26-04-1111100',1601,,131817,53,,,1
64401,'644-Weekday-1-26-04-0000100',1014,,131863,18,,,1
64401,'644-Weekday-1-26-04-1111000',841,,131864,18,,,1
64401,'644-Weekday-2-26-04-0000100',1014,,131865,18,,,1
