50101,'501-Weekday-1-26-02-0001000',1439,,44096,34,,,1,2,,44097,34,,,1
50101,'501-Weekday-1-26-02-1110100',1533,,44098,34,,,1
50101,'501-Weekday-1-26-02-1111100',550,,44099,34,,,1,70,,44100,34,,,1,33,,44101,34,,,1,76,,44102,34,,,1,15,,44103,34,,,1,15,,44137,34,,,1,55,,44104,34,,,1,15,,44105,34,,,1,15,,44106,34,,,1,15,,44110,34,,,1,55,,44111,34,,,1,15,,44112,34,,,1,72,,44113,34,,,1,34,,44114,34,,,1,74,,44115,34,,,1,34,,44116,34,,,1,74,,44117,34,,,1,34,,44141,34,,,1,74,,44118,34,,,1,34,,44119,34,,,1,74,,44120,34,,,1,75,,44121,34,,,1,23,,44138,34,,,1,15,,44107,34,,,1,57,,44108,34,,,1,15,,44109,34,,,1,15,,44139,34,,,1,15,,44122,34,,,1,55,,44123,34,,,1,15,,44124,34,,,1,15,,44140,34,,,1,15,,44125,34,,,1,55,,44126,34,,,1,15,,44142,34,,,1,14,,44127,34,,,1,25,,44128,34,,,1,66,,44129,34,,,1,31,,44130,34,,,1,71,,44131,34,,,1,31,,44132,34,,,1,71,,44133,34,,,1,31,,44134,34,,,1,68,,44143,34,,,1,100,,44136,34,,,1,100,,44135,34,,,1
50101,'501-Weekday-10-26-02-0001000',1439,,44144,34,,,1,2,,44145,34,,,1
50101,'501-Weekday-10-26-02-1111100',550,,44146,34,,,1,70,,44147,34,,,1,33,,44148,34,,,1,76,,44149,34,,,1,15,,44150,34,,,1,15,,44184,34,,,1,55,,44151,34,,,1,15,,44152,34,,,1,15,,44153,34,,,1,15,,44157,34,,,1,55,,44158,34,,,1,15,,44159,34,,,1,72,,44160,34,,,1,34,,44161,34,,,1,74,,44162,34,,,1,34,,44163,34,,,1,74,,44164,34,,,1,34,,44188,34,,,1,74,,44165,34,,,1,34,,44166,34,,,1,74,,44167,34,,,1,75,,44168,34,,,1,23,,44185,34,,,1,15,,44154,34,,,1,57,,44155,34,,,1,15,,44156,34,,,1,15,,44186,34,,,1,15,,44169,34,,,1,55,,44170,34,,,1,15,,44171,34,,,1,15,,44187,34,,,1,15,,44172,34,,,1,55,,44173,34,,,1,15,,44189,34,,,1,14,,44174,34,,,1,25,,44175,34,,,1,66,,44176,34,,,1,31,,44177,34,,,1,71,,44178,34,,,1,31,,44179,34,,,1,71,,44180,34,,,1,31,,44181,34,,,1,68,,44190,34,,,1,100,,44183,34,,,1,100,,44182,34,,,1
50101,'501-Weekday-2-26-02-0001000',1439,,44191,34,,,1,2,,44192,34,,,1
50101,'501-Weekday-2-26-02-1110100',1533,,44193,34,,,1
50101,'501-Weekday-2-26-02-1111100',550,,44194,34,,,1,70,,44195,34,,,1,33,,44196,34,,,1,76,,44197,34,,,1,15,,44198,34,,,1,15,,44232,34,,,1,55,,44199,34,,,1,15,,44200,34,,,1,15,,44201,34,,,1,15,,44205,34,,,1,55,,44206,34,,,1,15,,44207,34,,,1,72,,44208,34,,,1,34,,44209,34,,,1,74,,44210,34,,,1,34,,44211,34,,,1,74,,44212,34,,,1,34,,44236,34,,,1,74,,44213,34,,,1,34,,44214,34,,,1,74,,44215,34,,,1,75,,44216,34,,,1,23,,44233,34,,,1,15,,44202,34,,,1,57,,44203,34,,,1,15,,44204,34,,,1,15,,44234,34,,,1,15,,44217,34,,,1,55,,44218,34,,,1,15,,44219,34,,,1,15,,44235,34,,,1,15,,44220,34,,,1,55,,44221,34,,,1,15,,44237,34,,,1,14,,44222,34,,,1,25,,44223,34,,,1,66,,44224,34,,,1,31,,44225,34,,,1,71,,44226,34,,,1,31,,44227,34,,,1,71,,44228,34,,,1,31,,44229,34,,,1,68,,44238,34,,,1,100,,44231,34,,,1,100,,44230,34,,,1
50101,'501-Weekday-4-26-02-1111100',550,,44239,34,,,1,70,,44240,34,,,1,33,,44241,34,,,1,76,,44242,34,,,1,15,,44243,34,,,1,15,,44277,34,,,1,55,,44244,34,,,1,15,,44245,34,,,1,15,,44246,34,,,1,15,,44250,34,,,1,55,,44251,34,,,1,15,,44252,34,,,1,72,,44253,34,,,1,34,,44254,34,,,1,74,,44255,34,,,1,34,,44256,34,,,1,74,,44257,34,,,1,34,,44281,34,,,1,74,,44258,34,,,1,34,,44259,34,,,1,74,,44260,34,,,1,75,,44261,34,,,1,23,,44278,34,,,1,15,,44247,34,,,1,57,,44248,34,,,1,15,,44249,34,,,1,15,,44279,34,,,1,15,,44262,34,,,1,55,,44263,34,,,1,15,,44264,34,,,1,15,,44280,34,,,1,15,,44265,34,,,1,55,,44266,34,,,1,15,,44282,34,,,1,14,,44267,34,,,1,25,,44268,34,,,1,66,,44269,34,,,1,31,,44270,34,,,1,71,,44271,34,,,1,31,,44272,34,,,1,71,,44273,34,,,1,31,,44274,34,,,1,68,,44283,34,,,1,100,,44276,34,,,1,100,,44275,34,,,1
50101,'501-Weekday-5-26-02-0001000',1439,,44284,34,,,1,2,,44285,34,,,1
50101,'501-Weekday-5-26-02-1110100',1533,,44286,34,,,1
50101,'501-Weekday-5-26-02-1111100',550,,44287,34,,,1,70,,44288,34,,,1,33,,44289,34,,,1,76,,44290,34,,,1,15,,44291,34,,,1,15,,44325,34,,,1,55,,44292,34,,,1,15,,44293,34,,,1,15,,44294,34,,,1,15,,44298,34,,,1,55,,44299,34,,,1,15,,44300,34,,,1,72,,44301,34,,,1,34,,44302,34,,,1,74,,44303,34,,,1,34,,44304,34,,,1,74,,44305,34,,,1,34,,44329,34,,,1,74,,44306,34,,,1,34,,44307,34,,,1,74,,44308,34,,,1,75,,44309,34,,,1,23,,44326,34,,,1,15,,44295,34,,,1,57,,44296,34,,,1,15,,44297,34,,,1,15,,44327,34,,,1,15,,44310,34,,,1,55,,44311,34,,,1,15,,44312,34,,,1,15,,44328,34,,,1,15,,44313,34,,,1,55,,44314,34,,,1,15,,44330,34,,,1,14,,44315,34,,,1,25,,44316,34,,,1,66,,44317,34,,,1,31,,44318,34,,,1,71,,44319,34,,,1,31,,44320,34,,,1,71,,44321,34,,,1,31,,44322,34,,,1,68,,44331,34,,,1,100,,44324,34,,,1,100,,44323,34,,,1
50101,'501-Weekday-6-26-02-1111100',550,,44332,34,,,1,70,,44333,34,,,1,33,,44334,34,,,1,76,,44335,34,,,1,15,,44336,34,,,1,15,,44370,34,,,1,55,,44337,34,,,1,15,,44338,34,,,1,15,,44339,34,,,1,15,,44343,34,,,1,55,,44344,34,,,1,15,,44345,34,,,1,72,,44346,34,,,1,34,,44347,34,,,1,74,,44348,34,,,1,34,,44349,34,,,1,74,,44350,34,,,1,34,,44374,34,,,1,74,,44351,34,,,1,34,,44352,34,,,1,74,,44353,34,,,1,75,,44354,34,,,1,23,,44371,34,,,1,15,,44340,34,,,1,57,,44341,34,,,1,15,,44342,34,,,1,15,,44372,34,,,1,15,,44355,34,,,1,55,,44356,34,,,1,15,,44357,34,,,1,15,,44373,34,,,1,15,,44358,34,,,1,55,,44359,34,,,1,15,,44375,34,,,1,14,,44360,34,,,1,25,,44361,34,,,1,66,,44362,34,,,1,31,,44363,34,,,1,71,,44364,34,,,1,31,,44365,34,,,1,71,,44366,34,,,1,31,,44367,34,,,1,68,,44376,34,,,1,100,,44369,34,,,1,100,,44368,34,,,1
50101,'501-Weekday-7-26-02-1111100',550,,44377,34,,,1,70,,44378,34,,,1,33,,44379,34,,,1,76,,44380,34,,,1,15,,44381,34,,,1,15,,44415,34,,,1,55,,44382,34,,,1,15,,44383,34,,,1,15,,44384,34,,,1,15,,44388,34,,,1,55,,44389,34,,,1,15,,44390,34,,,1,72,,44391,34,,,1,34,,44392,34,,,1,74,,44393,34,,,1,34,,44394,34,,,1,74,,44395,34,,,1,34,,44419,34,,,1,74,,44396,34,,,1,34,,44397,34,,,1,74,,44398,34,,,1,75,,44399,34,,,1,23,,44416,34,,,1,15,,44385,34,,,1,57,,44386,34,,,1,15,,44387,34,,,1,15,,44417,34,,,1,15,,44400,34,,,1,55,,44401,34,,,1,15,,44402,34,,,1,15,,44418,34,,,1,15,,44403,34,,,1,55,,44404,34,,,1,15,,44420,34,,,1,14,,44405,34,,,1,25,,44406,34,,,1,66,,44407,34,,,1,31,,44408,34,,,1,71,,44409,34,,,1,31,,44410,34,,,1,71,,44411,34,,,1,31,,44412,34,,,1,68,,44421,34,,,1,100,,44414,34,,,1,100,,44413,34,,,1
50101,'501-Weekday-8-26-02-1111100',550,,44422,34,,,1,70,,44423,34,,,1,33,,44424,34,,,1,76,,44425,34,,,1,15,,44426,34,,,1,15,,44460,34,,,1,55,,44427,34,,,1,15,,44428,34,,,1,15,,44429,34,,,1,15,,44433,34,,,1,55,,44434,34,,,1,15,,44435,34,,,1,72,,44436,34,,,1,34,,44437,34,,,1,74,,44438,34,,,1,34,,44439,34,,,1,74,,44440,34,,,1,34,,44464,34,,,1,74,,44441,34,,,1,34,,44442,34,,,1,74,,44443,34,,,1,75,,44444,34,,,1,23,,44461,34,,,1,15,,44430,34,,,1,57,,44431,34,,,1,15,,44432,34,,,1,15,,44462,34,,,1,15,,44445,34,,,1,55,,44446,34,,,1,15,,44447,34,,,1,15,,44463,34,,,1,15,,44448,34,,,1,55,,44449,34,,,1,15,,44465,34,,,1,14,,44450,34,,,1,25,,44451,34,,,1,66,,44452,34,,,1,31,,44453,34,,,1,71,,44454,34,,,1,31,,44455,34,,,1,71,,44456,34,,,1,31,,44457,34,,,1,68,,44466,34,,,1,100,,44459,34,,,1,100,,44458,34,,,1
50101,'501-Weekday-9-26-02-1110100',1533,,44467,34,,,1
50101,'501-Weekday-9-26-02-1111100',550,,44468,34,,,1,70,,44469,34,,,1,33,,44470,34,,,1,76,,44471,34,,,1,15,,44472,34,,,1,15,,44506,34,,,1,55,,44473,34,,,1,15,,44474,34,,,1,15,,44475,34,,,1,15,,44479,34,,,1,55,,44480,34,,,1,15,,44481,34,,,1,72,,44482,34,,,1,34,,44483,34,,,1,74,,44484,34,,,1,34,,44485,34,,,1,74,,44486,34,,,1,34,,44510,34,,,1,74,,44487,34,,,1,34,,44488,34,,,1,74,,44489,34,,,1,75,,44490,34,,,1,23,,44507,34,,,1,15,,44476,34,,,1,57,,44477,34,,,1,15,,44478,34,,,1,15,,44508,34,,,1,15,,44491,34,,,1,55,,44492,34,,,1,15,,44493,34,,,1,15,,44509,34,,,1,15,,44494,34,,,1,55,,44495,34,,,1,15,,44511,34,,,1,14,,44496,34,,,1,25,,44497,34,,,1,66,,44498,34,,,1,31,,44499,34,,,1,71,,44500,34,,,1,31,,44501,34,,,1,71,,44502,34,,,1,31,,44503,34,,,1,68,,44512,34,,,1,100,,44505,34,,,1,100,,44504,34,,,1
50101,'501-Saturday-1-26-02-0000010',619,,44538,34,,,1,30,,44535,34,,,1,70,,44536,34,,,1,30,,44537,34,,,1,70,,44513,34,,,1,30,,44514,34,,,1,72,,44515,34,,,1,32,,44516,34,,,1,72,,44517,34,,,1,32,,44518,34,,,1,72,,44519,34,,,1,72,,44520,34,,,1,32,,44521,34,,,1,72,,44522,34,,,1,32,,44523,34,,,1,72,,44524,34,,,1,32,,44525,34,,,1,72,,44526,34,,,1,32,,44527,34,,,1,72,,44528,34,,,1,32,,44529,34,,,1,72,,44530,34,,,1,32,,44531,34,,,1,72,,44533,34,,,1,32,,44532,34,,,1,72,,44534,34,,,1
50101,'501-Sunday-1-26-02-0000001',627,,44539,34,,,1,30,,44540,34,,,1,70,,44541,34,,,1,30,,44542,34,,,1,70,,44543,34,,,1,30,,44544,34,,,1,69,,44545,34,,,1,32,,44546,34,,,1,70,,44547,34,,,1,30,,44548,34,,,1,70,,44549,34,,,1,30,,44550,34,,,1,70,,44551,34,,,1,30,,44552,34,,,1,70,,44553,34,,,1,30,,44554,34,,,1,70,,44555,34,,,1,30,,44556,34,,,1,70,,44557,34,,,1,30,,44558,34,,,1,70,,44559,34,,,1,30,,44560,34,,,1,70,,44561,34,,,1,30,,44562,34,,,1,70,,44563,34,,,1,30,,44564,34,,,1,70,,44565,34,,,1
65600,'656-Weekday-1-26-02-1111100',1552,,61320,21,,,1,2,,61321,21,,,1
65600,'656-Weekday-2-26-02-1111100',1552,,61322,21,,,1,2,,61323,21,,,1
65600,'656-Weekday-4-26-02-1111100',1552,,61324,21,,,1,2,,61325,21,,,1
65600,'656-Weekday-5-26-02-1111100',1552,,61326,21,,,1,2,,61327,21,,,1
65600,'656-Weekday-9-26-02-1111100',1552,,61328,21,,,1,2,,61329,21,,,1
