50700,'507-Weekday-1-26-02-1111100',545,,46502,53,,,1,70,,46503,53,,,1,33,,46504,53,,,1,77,,46505,53,,,1,30,,46506,53,,,1,70,,46507,53,,,1,26,,46542,53,,,1,65,,46541,53,,,1,24,,46508,53,,,1,70,,46509,53,,,1,30,,46510,53,,,1,70,,46511,53,,,1,30,,46512,53,,,1,70,,46513,53,,,1,30,,46514,53,,,1,70,,46515,53,,,1,30,,46516,53,,,1,70,,46517,53,,,1,30,,46518,53,,,1,71,,46519,53,,,1,35,,46520,53,,,1,66,,46544,53,,,1,4,,46521,53,,,1,15,,46522,53,,,1,15,,46523,53,,,1,55,,46524,53,,,1,15,,46525,53,,,1,15,,46526,53,,,1,15,,46527,53,,,1,55,,46528,53,,,1,15,,46529,53,,,1,15,,46530,53,,,1,14,,46531,53,,,1,65,,46532,53,,,1,31,,46533,53,,,1,70,,46534,53,,,1,30,,46535,53,,,1,70,,46536,53,,,1,30,,46537,53,,,1,69,,46538,53,,,1,27,,46543,53,,,1,90,,46539,53,,,1,100,,46540,53,,,1
50700,'507-Weekday-10-26-02-1111100',545,,46546,53,,,1,70,,46547,53,,,1,33,,46548,53,,,1,77,,46549,53,,,1,30,,46550,53,,,1,70,,46551,53,,,1,26,,46586,53,,,1,65,,46585,53,,,1,24,,46552,53,,,1,70,,46553,53,,,1,30,,46554,53,,,1,70,,46555,53,,,1,30,,46556,53,,,1,70,,46557,53,,,1,30,,46558,53,,,1,70,,46559,53,,,1,30,,46560,53,,,1,70,,46561,53,,,1,30,,46562,53,,,1,71,,46563,53,,,1,35,,46564,53,,,1,66,,46588,53,,,1,4,,46565,53,,,1,15,,46566,53,,,1,15,,46567,53,,,1,55,,46568,53,,,1,15,,46569,53,,,1,15,,46570,53,,,1,15,,46571,53,,,1,55,,46572,53,,,1,15,,46573,53,,,1,15,,46574,53,,,1,14,,46575,53,,,1,65,,46576,53,,,1,31,,46577,53,,,1,70,,46578,53,,,1,30,,46579,53,,,1,70,,46580,53,,,1,30,,46581,53,,,1,69,,46582,53,,,1,27,,46587,53,,,1,90,,46583,53,,,1,100,,46584,53,,,1
50700,'507-Weekday-4-26-02-1111100',545,,46633,53,,,1,70,,46634,53,,,1,33,,46635,53,,,1,77,,46636,53,,,1,30,,46637,53,,,1,70,,46638,53,,,1,26,,46673,53,,,1,65,,46672,53,,,1,24,,46639,53,,,1,70,,46640,53,,,1,30,,46641,53,,,1,70,,46642,53,,,1,30,,46643,53,,,1,70,,46644,53,,,1,30,,46645,53,,,1,70,,46646,53,,,1,30,,46647,53,,,1,70,,46648,53,,,1,30,,46649,53,,,1,71,,46650,53,,,1,35,,46651,53,,,1,70,,46652,53,,,1,15,,46653,53,,,1,15,,46654,53,,,1,55,,46655,53,,,1,15,,46656,53,,,1,15,,46657,53,,,1,15,,46658,53,,,1,55,,46659,53,,,1,15,,46660,53,,,1,15,,46661,53,,,1,14,,46662,53,,,1,65,,46663,53,,,1,31,,46664,53,,,1,70,,46665,53,,,1,30,,46666,53,,,1,70,,46667,53,,,1,30,,46668,53,,,1,69,,46669,53,,,1,27,,46674,53,,,1,90,,46670,53,,,1,100,,46671,53,,,1
50700,'507-Weekday-5-26-02-1111100',545,,46676,53,,,1,70,,46677,53,,,1,33,,46678,53,,,1,77,,46679,53,,,1,30,,46680,53,,,1,70,,46681,53,,,1,26,,46716,53,,,1,65,,46715,53,,,1,24,,46682,53,,,1,70,,46683,53,,,1,30,,46684,53,,,1,70,,46685,53,,,1,30,,46686,53,,,1,70,,46687,53,,,1,30,,46688,53,,,1,70,,46689,53,,,1,30,,46690,53,,,1,70,,46691,53,,,1,30,,46692,53,,,1,71,,46693,53,,,1,35,,46694,53,,,1,66,,46718,53,,,1,4,,46695,53,,,1,15,,46696,53,,,1,15,,46697,53,,,1,55,,46698,53,,,1,15,,46699,53,,,1,15,,46700,53,,,1,15,,46701,53,,,1,55,,46702,53,,,1,15,,46703,53,,,1,15,,46704,53,,,1,14,,46705,53,,,1,65,,46706,53,,,1,31,,46707,53,,,1,70,,46708,53,,,1,30,,46709,53,,,1,70,,46710,53,,,1,30,,46711,53,,,1,69,,46712,53,,,1,27,,46717,53,,,1,90,,46713,53,,,1,100,,46714,53,,,1
50700,'507-Weekday-7-26-02-1111100',545,,46762,53,,,1,70,,46763,53,,,1,33,,46764,53,,,1,77,,46765,53,,,1,30,,46766,53,,,1,70,,46767,53,,,1,26,,46802,53,,,1,65,,46801,53,,,1,24,,46768,53,,,1,70,,46769,53,,,1,30,,46770,53,,,1,70,,46771,53,,,1,30,,46772,53,,,1,70,,46773,53,,,1,30,,46774,53,,,1,70,,46775,53,,,1,30,,46776,53,,,1,70,,46777,53,,,1,30,,46778,53,,,1,71,,46779,53,,,1,35,,46780,53,,,1,70,,46781,53,,,1,15,,46782,53,,,1,15,,46783,53,,,1,55,,46784,53,,,1,15,,46785,53,,,1,15,,46786,53,,,1,15,,46787,53,,,1,55,,46788,53,,,1,15,,46789,53,,,1,15,,46790,53,,,1,14,,46791,53,,,1,65,,46792,53,,,1,31,,46793,53,,,1,70,,46794,53,,,1,30,,46795,53,,,1,70,,46796,53,,,1,30,,46797,53,,,1,69,,46798,53,,,1,27,,46803,53,,,1,90,,46799,53,,,1,100,,46800,53,,,1
50700,'507-Saturday-1-26-02-0000010',622,,46890,53,,,1,100,,46891,53,,,1,100,,46892,53,,,1,30,,46893,53,,,1,71,,46894,53,,,1,32,,46895,53,,,1,70,,46896,53,,,1,30,,46897,53,,,1,70,,46898,53,,,1,30,,46899,53,,,1,70,,46900,53,,,1,30,,46901,53,,,1,70,,46902,53,,,1,30,,46903,53,,,1,70,,46904,53,,,1,30,,46905,53,,,1,70,,46906,53,,,1,30,,46907,53,,,1,70,,46908,53,,,1,30,,46909,53,,,1,69,,46910,53,,,1,29,,46911,53,,,1,70,,46912,53,,,1,30,,46913,53,,,1,100,,46914,53,,,1,100,,46915,53,,,1,100,,46916,53,,,1,100,,46917,53,,,1,100,,46918,53,,,1
50700,'507-Sunday-1-26-02-0000001',650,,46919,53,,,1,100,,46920,53,,,1,100,,46921,53,,,1,104,,46922,53,,,1,100,,46923,53,,,1,70,,46924,53,,,1,30,,46925,53,,,1,70,,46926,53,,,1,30,,46927,53,,,1,70,,46928,53,,,1,30,,46929,53,,,1,70,,46930,53,,,1,30,,46931,53,,,1,70,,46932,53,,,1,30,,46933,53,,,1,70,,46934,53,,,1,30,,46935,53,,,1,69,,46936,53,,,1,29,,46937,53,,,1,70,,46938,53,,,1,30,,46939,53,,,1,91,,46940,53,,,1,100,,46941,53,,,1,100,,46942,53,,,1,100,,46943,53,,,1,100,,46944,53,,,1
63401,'634-Weekday-1-26-02-1111100',1553,,61043,25,,,1,3,,61045,25,,,1,2,,61044,25,,,1
63401,'634-Weekday-5-26-02-1111100',1553,,61052,25,,,1,3,,61054,25,,,1,2,,61053,25,,,1
63401,'634-Weekday-9-26-02-1111100',1553,,61055,25,,,1,3,,61057,25,,,1,2,,61056,25,,,1
