91701,'917-Weekday-1-26-02-0001000',1518,,94039,36,,,1
91701,'917-Weekday-1-26-02-1110100',1648,,94040,36,,,1
91701,'917-Weekday-1-26-02-1111100',518,,94041,36,,,1,30,,94042,36,,,1,70,,94083,36,,,1,21,,94085,36,,,1,61,,94084,36,,,1,20,,94043,36,,,1,20,,94078,36,,,1,60,,94044,36,,,1,20,,94045,36,,,1,20,,94079,36,,,1,60,,94046,36,,,1,21,,94047,36,,,1,30,,94048,36,,,1,70,,94049,36,,,1,30,,94050,36,,,1,70,,94051,36,,,1,30,,94052,36,,,1,70,,94053,36,,,1,30,,94054,36,,,1,70,,94055,36,,,1,30,,94056,36,,,1,70,,94057,36,,,1,30,,94058,36,,,1,73,,94059,36,,,1,31,,94082,36,,,1,55,,94060,36,,,1,15,,94061,36,,,1,15,,94062,36,,,1,15,,94080,36,,,1,55,,94063,36,,,1,15,,94064,36,,,1,15,,94065,36,,,1,15,,94081,36,,,1,55,,94066,36,,,1,15,,94067,36,,,1,26,,94068,36,,,1,69,,94069,36,,,1,30,,94070,36,,,1,70,,94071,36,,,1,30,,94072,36,,,1,70,,94073,36,,,1,30,,94074,36,,,1,69,,94075,36,,,1,100,,94076,36,,,1,100,,94077,36,,,1
91701,'917-Weekday-10-26-02-0001000',1518,,94086,36,,,1
91701,'917-Weekday-10-26-02-1111100',518,,94087,36,,,1,30,,94088,36,,,1,70,,94129,36,,,1,21,,94131,36,,,1,61,,94130,36,,,1,20,,94089,36,,,1,20,,94124,36,,,1,60,,94090,36,,,1,20,,94091,36,,,1,20,,94125,36,,,1,60,,94092,36,,,1,21,,94093,36,,,1,30,,94094,36,,,1,70,,94095,36,,,1,30,,94096,36,,,1,70,,94097,36,,,1,30,,94098,36,,,1,70,,94099,36,,,1,30,,94100,36,,,1,70,,94101,36,,,1,30,,94102,36,,,1,70,,94103,36,,,1,30,,94104,36,,,1,73,,94105,36,,,1,31,,94128,36,,,1,55,,94106,36,,,1,15,,94107,36,,,1,15,,94108,36,,,1,15,,94126,36,,,1,55,,94109,36,,,1,15,,94110,36,,,1,15,,94111,36,,,1,15,,94127,36,,,1,55,,94112,36,,,1,15,,94113,36,,,1,26,,94114,36,,,1,69,,94115,36,,,1,30,,94116,36,,,1,70,,94117,36,,,1,30,,94118,36,,,1,70,,94119,36,,,1,30,,94120,36,,,1,69,,94121,36,,,1,100,,94122,36,,,1,100,,94123,36,,,1
91701,'917-Weekday-11-26-02-1110100',1648,,121630,36,,,1
91701,'917-Weekday-11-26-02-1111100',518,,121631,36,,,1,30,,121632,36,,,1,70,,121673,36,,,1,21,,121675,36,,,1,61,,121674,36,,,1,20,,121633,36,,,1,20,,121668,36,,,1,60,,121634,36,,,1,20,,121635,36,,,1,20,,121669,36,,,1,60,,121636,36,,,1,21,,121637,36,,,1,30,,121638,36,,,1,70,,121639,36,,,1,30,,121640,36,,,1,70,,121641,36,,,1,30,,121642,36,,,1,70,,121643,36,,,1,30,,121644,36,,,1,70,,121645,36,,,1,30,,121646,36,,,1,70,,121647,36,,,1,30,,121648,36,,,1,73,,121649,36,,,1,31,,121672,36,,,1,55,,121650,36,,,1,15,,121651,36,,,1,15,,121652,36,,,1,15,,121670,36,,,1,55,,121653,36,,,1,15,,121654,36,,,1,15,,121655,36,,,1,15,,121671,36,,,1,55,,121656,36,,,1,15,,121657,36,,,1,26,,121658,36,,,1,69,,121659,36,,,1,30,,121660,36,,,1,70,,121661,36,,,1,30,,121662,36,,,1,70,,121663,36,,,1,30,,121664,36,,,1,69,,121665,36,,,1,100,,121666,36,,,1,100,,121667,36,,,1
91701,'917-Saturday-1-26-02-0000010',643,,94452,36,,,1,100,,94453,36,,,1,70,,94480,36,,,1,30,,94481,36,,,1,71,,94454,36,,,1,31,,94455,36,,,1,70,,94456,36,,,1,30,,94457,36,,,1,70,,94458,36,,,1,30,,94459,36,,,1,70,,94460,36,,,1,30,,94461,36,,,1,70,,94462,36,,,1,30,,94463,36,,,1,70,,94464,36,,,1,30,,94465,36,,,1,70,,94466,36,,,1,30,,94467,36,,,1,70,,94468,36,,,1,30,,94469,36,,,1,70,,94470,36,,,1,30,,94471,36,,,1,70,,94472,36,,,1,30,,94473,36,,,1,70,,94474,36,,,1,100,,94475,36,,,1,100,,94476,36,,,1,100,,94477,36,,,1,100,,94478,36,,,1,100,,94479,36,,,1
91701,'917-Sunday-2-26-02-0000001',648,,121676,36,,,1,100,,121677,36,,,1,100,,121678,36,,,1,99,,121679,36,,,1,100,,121680,36,,,1,70,,121681,36,,,1,30,,121682,36,,,1,70,,121683,36,,,1,30,,121684,36,,,1,70,,121685,36,,,1,30,,121686,36,,,1,70,,121687,36,,,1,30,,121688,36,,,1,70,,121689,36,,,1,30,,121690,36,,,1,70,,121691,36,,,1,30,,121692,36,,,1,71,,121693,36,,,1,30,,121694,36,,,1,70,,121695,36,,,1,30,,121696,36,,,1,70,,121697,36,,,1,30,,121698,36,,,1,100,,121699,36,,,1,100,,121700,36,,,1,100,,121701,36,,,1,100,,121702,36,,,1
92600,'926-Weekday-1-26-02-1111100',636,,100289,58,0,5 6,1,23,,100290,58,0,5 6,1,63,,100291,58,0,5 6,1,20,,100292,58,0,5 6,1,60,,100293,58,0,5 6,1,20,,100294,58,0,5 6,1,20,,100295,58,0,5 6,1,60,,100296,58,0,5 6,1,18,,100297,58,0,5 6,1,16,,100298,58,0,5 6,1,70,,100299,58,0,5 6,1,30,,100300,58,0,5 6,1,70,,100301,58,0,5 6,1,30,,100302,58,0,5 6,1,70,,100303,58,0,5 6,1,30,,100304,58,0,5 6,1,70,,100305,58,0,5 6,1,30,,100306,58,0,5 6,1,70,,100307,58,0,5 6,1,30,,100308,58,0,5 6,1,70,,100309,58,0,5 6,1,23,,100310,58,0,5 6,1,25,,100311,58,0,5 6,1,60,,100312,58,0,5 6,1,20,,100313,58,0,5 6,1,20,,100314,58,0,5 6,1,60,,100315,58,0,5 6,1,20,,100316,58,0,5 6,1,20,,100317,58,0,5 6,1,60,,100318,58,0,5 6,1,20,,100319,58,0,5 6,1,18,,100320,58,0,5 6,1,57,,100321,58,0,5 6,1,30,,100322,58,0,5 6,1,70,,100323,58,0,5 6,1,30,,100324,58,0,5 6,1,70,,100325,58,0,5 6,1,30,,100326,58,0,5 6,1,70,,100327,58,0,5 6,1,29,,100328,58,0,5 6,1
92600,'926-Weekday-10-26-02-1111100',636,,100329,58,0,5 6,1,23,,100330,58,0,5 6,1,63,,100331,58,0,5 6,1,20,,100332,58,0,5 6,1,60,,100333,58,0,5 6,1,20,,100334,58,0,5 6,1,20,,100335,58,0,5 6,1,60,,100336,58,0,5 6,1,18,,100337,58,0,5 6,1,16,,100338,58,0,5 6,1,70,,100339,58,0,5 6,1,30,,100340,58,0,5 6,1,70,,100341,58,0,5 6,1,30,,100342,58,0,5 6,1,70,,100343,58,0,5 6,1,30,,100344,58,0,5 6,1,70,,100345,58,0,5 6,1,30,,100346,58,0,5 6,1,70,,100347,58,0,5 6,1,30,,100348,58,0,5 6,1,70,,100349,58,0,5 6,1,23,,100350,58,0,5 6,1,25,,100351,58,0,5 6,1,60,,100352,58,0,5 6,1,20,,100353,58,0,5 6,1,20,,100354,58,0,5 6,1,60,,100355,58,0,5 6,1,20,,100356,58,0,5 6,1,20,,100357,58,0,5 6,1,60,,100358,58,0,5 6,1,20,,100359,58,0,5 6,1,18,,100360,58,0,5 6,1,57,,100361,58,0,5 6,1,30,,100362,58,0,5 6,1,70,,100363,58,0,5 6,1,30,,100364,58,0,5 6,1,70,,100365,58,0,5 6,1,30,,100366,58,0,5 6,1,70,,100367,58,0,5 6,1,29,,100368,58,0,5 6,1
92600,'926-Weekday-11-26-02-1111100',636,,122499,58,0,5 6,1,23,,122500,58,0,5 6,1,63,,122501,58,0,5 6,1,20,,122502,58,0,5 6,1,60,,122503,58,0,5 6,1,20,,122504,58,0,5 6,1,20,,122505,58,0,5 6,1,60,,122506,58,0,5 6,1,18,,122507,58,0,5 6,1,16,,122508,58,0,5 6,1,70,,122509,58,0,5 6,1,30,,122510,58,0,5 6,1,70,,122511,58,0,5 6,1,30,,122512,58,0,5 6,1,70,,122513,58,0,5 6,1,30,,122514,58,0,5 6,1,70,,122515,58,0,5 6,1,30,,122516,58,0,5 6,1,70,,122517,58,0,5 6,1,30,,122518,58,0,5 6,1,70,,122519,58,0,5 6,1,23,,122520,58,0,5 6,1,25,,122521,58,0,5 6,1,60,,122522,58,0,5 6,1,20,,122523,58,0,5 6,1,20,,122524,58,0,5 6,1,60,,122525,58,0,5 6,1,20,,122526,58,0,5 6,1,20,,122527,58,0,5 6,1,60,,122528,58,0,5 6,1,20,,122529,58,0,5 6,1,18,,122530,58,0,5 6,1,57,,122531,58,0,5 6,1,30,,122532,58,0,5 6,1,70,,122533,58,0,5 6,1,30,,122534,58,0,5 6,1,70,,122535,58,0,5 6,1,30,,122536,58,0,5 6,1,70,,122537,58,0,5 6,1,29,,122538,58,0,5 6,1
92600,'926-Saturday-1-26-02-0000010',833,,100649,58,0,5 6,1,70,,100650,58,0,5 6,1,32,,100651,58,0,5 6,1,70,,100652,58,0,5 6,1,30,,100653,58,0,5 6,1,70,,100654,58,0,5 6,1,30,,100655,58,0,5 6,1,70,,100656,58,0,5 6,1,30,,100657,58,0,5 6,1,70,,100658,58,0,5 6,1,30,,100659,58,0,5 6,1,70,,100660,58,0,5 6,1,30,,100661,58,0,5 6,1,70,,100662,58,0,5 6,1,30,,100663,58,0,5 6,1,70,,100664,58,0,5 6,1,30,,100665,58,0,5 6,1,70,,100666,58,0,5 6,1,28,,100667,58,0,5 6,1,70,,100668,58,0,5 6,1,30,,100669,58,0,5 6,1,70,,100670,58,0,5 6,1,30,,100671,58,0,5 6,1
92600,'926-Sunday-2-26-02-0000001',1037,,122539,58,0,5 6,1,70,,122540,58,0,5 6,1,30,,122541,58,0,5 6,1,70,,122542,58,0,5 6,1,30,,122543,58,0,5 6,1,70,,122544,58,0,5 6,1,30,,122545,58,0,5 6,1,70,,122546,58,0,5 6,1,30,,122547,58,0,5 6,1,70,,122548,58,0,5 6,1,30,,122549,58,0,5 6,1,70,,122550,58,0,5 6,1,30,,122551,58,0,5 6,1,70,,122552,58,0,5 6,1,28,,122553,58,0,5 6,1,70,,122554,58,0,5 6,1,30,,122555,58,0,5 6,1,70,,122556,58,0,5 6,1,30,,122557,58,0,5 6,1
24093000,'930X-Weekday-1-26-02-1111100',613,,106954,26,,,1,30,,106955,26,,,1,15,,106956,26,,,1,55,,106959,26,,,1,15,,106957,26,,,1,15,,106958,26,,,1,15,,106953,26,,,1,55,,106960,26,,,1,15,,106951,26,,,1,15,,106952,26,,,1,15,,106961,26,,,1,55,,106962,26,,,1
24093000,'930X-Weekday-10-26-02-1111100',613,,106966,26,,,1,30,,106967,26,,,1,15,,106968,26,,,1,55,,106971,26,,,1,15,,106969,26,,,1,15,,106970,26,,,1,15,,106965,26,,,1,55,,106972,26,,,1,15,,106963,26,,,1,15,,106964,26,,,1,15,,106973,26,,,1,55,,106974,26,,,1
24093000,'930X-Weekday-11-26-02-1111100',613,,123308,26,,,1,30,,123309,26,,,1,15,,123310,26,,,1,55,,123313,26,,,1,15,,123311,26,,,1,15,,123312,26,,,1,15,,123307,26,,,1,55,,123314,26,,,1,15,,123305,26,,,1,15,,123306,26,,,1,15,,123315,26,,,1,55,,123316,26,,,1
