10900,'109-Weekday-1-26-02-1111100',521,,33083,36,,,1,30,,33084,36,,,1,70,,33085,36,,,1,32,,33086,36,,,1,55,,33087,36,,,1,15,,33124,36,,,1,15,,33088,36,,,1,15,,33089,36,,,1,55,,33090,36,,,1,15,,33125,36,,,1,15,,33091,36,,,1,15,,33092,36,,,1,69,,33093,36,,,1,30,,33094,36,,,1,70,,33095,36,,,1,30,,33096,36,,,1,70,,33097,36,,,1,30,,33098,36,,,1,70,,33099,36,,,1,30,,33100,36,,,1,70,,33101,36,,,1,30,,33102,36,,,1,70,,33103,36,,,1,30,,33104,36,,,1,74,,33105,36,,,1,15,,33106,36,,,1,15,,33126,36,,,1,55,,33107,36,,,1,15,,33108,36,,,1,15,,33109,36,,,1,15,,33127,36,,,1,55,,33110,36,,,1,15,,33111,36,,,1,30,,33112,36,,,1,70,,33113,36,,,1,25,,33114,36,,,1,70,,33115,36,,,1,30,,33116,36,,,1,70,,33117,36,,,1,30,,33118,36,,,1,70,,33119,36,,,1,30,,33120,36,,,1,70,,33121,36,,,1,100,,33122,36,,,1,100,,33123,36,,,1
10900,'109-Weekday-10-26-02-1111100',521,,33128,36,,,1,30,,33129,36,,,1,70,,33130,36,,,1,32,,33131,36,,,1,55,,33132,36,,,1,15,,33169,36,,,1,15,,33133,36,,,1,15,,33134,36,,,1,55,,33135,36,,,1,15,,33170,36,,,1,15,,33136,36,,,1,15,,33137,36,,,1,69,,33138,36,,,1,30,,33139,36,,,1,70,,33140,36,,,1,30,,33141,36,,,1,70,,33142,36,,,1,30,,33143,36,,,1,70,,33144,36,,,1,30,,33145,36,,,1,70,,33146,36,,,1,30,,33147,36,,,1,70,,33148,36,,,1,30,,33149,36,,,1,74,,33150,36,,,1,15,,33151,36,,,1,15,,33171,36,,,1,55,,33152,36,,,1,15,,33153,36,,,1,15,,33154,36,,,1,15,,33172,36,,,1,55,,33155,36,,,1,15,,33156,36,,,1,30,,33157,36,,,1,70,,33158,36,,,1,25,,33159,36,,,1,70,,33160,36,,,1,30,,33161,36,,,1,70,,33162,36,,,1,30,,33163,36,,,1,70,,33164,36,,,1,30,,33165,36,,,1,70,,33166,36,,,1,100,,33167,36,,,1,100,,33168,36,,,1
10900,'109-Weekday-11-26-02-1111100',521,,112503,36,,,1,30,,112504,36,,,1,70,,112505,36,,,1,32,,112506,36,,,1,55,,112507,36,,,1,15,,112544,36,,,1,15,,112508,36,,,1,15,,112509,36,,,1,55,,112510,36,,,1,15,,112545,36,,,1,15,,112511,36,,,1,15,,112512,36,,,1,69,,112513,36,,,1,30,,112514,36,,,1,70,,112515,36,,,1,30,,112516,36,,,1,70,,112517,36,,,1,30,,112518,36,,,1,70,,112519,36,,,1,30,,112520,36,,,1,70,,112521,36,,,1,30,,112522,36,,,1,70,,112523,36,,,1,30,,112524,36,,,1,74,,112525,36,,,1,15,,112526,36,,,1,15,,112546,36,,,1,55,,112527,36,,,1,15,,112528,36,,,1,15,,112529,36,,,1,15,,112547,36,,,1,55,,112530,36,,,1,15,,112531,36,,,1,30,,112532,36,,,1,70,,112533,36,,,1,25,,112534,36,,,1,70,,112535,36,,,1,30,,112536,36,,,1,70,,112537,36,,,1,30,,112538,36,,,1,70,,112539,36,,,1,30,,112540,36,,,1,70,,112541,36,,,1,100,,112542,36,,,1,100,,112543,36,,,1
10900,'109-Saturday-1-26-02-0000010',812,,33488,36,,,1,30,,33489,36,,,1,71,,33490,36,,,1,31,,33491,36,,,1,70,,33492,36,,,1,30,,33493,36,,,1,70,,33494,36,,,1,30,,33495,36,,,1,70,,33496,36,,,1,30,,33497,36,,,1,70,,33498,36,,,1,30,,33499,36,,,1,70,,33500,36,,,1,30,,33501,36,,,1,70,,33502,36,,,1,30,,33503,36,,,1,70,,33504,36,,,1,30,,33505,36,,,1,69,,33506,36,,,1,30,,33507,36,,,1,70,,33508,36,,,1,30,,33509,36,,,1,70,,33510,36,,,1,30,,33511,36,,,1,70,,33512,36,,,1,30,,33513,36,,,1,70,,33514,36,,,1,30,,33515,36,,,1,70,,33516,36,,,1
10900,'109-Sunday-2-26-02-0000001',1024,,112548,36,,,1,30,,112549,36,,,1,70,,112550,36,,,1,30,,112551,36,,,1,70,,112552,36,,,1,30,,112553,36,,,1,70,,112554,36,,,1,30,,112555,36,,,1,70,,112556,36,,,1,30,,112557,36,,,1,70,,112558,36,,,1,30,,112559,36,,,1,70,,112560,36,,,1,30,,112561,36,,,1,70,,112562,36,,,1,30,,112563,36,,,1,70,,112564,36,,,1,30,,112565,36,,,1
61800,'618-Weekday-1-26-02-0001000',1247,,60569,20,,,1
61800,'618-Weekday-1-26-02-1110100',1538,,60570,20,,,1
61800,'618-Weekday-10-26-02-1110100',1538,,116693,20,,,1
61800,'618-Weekday-9-26-02-0001000',1247,,60577,20,,,1
68300,'683-Weekday-1-26-02-0001000',1320,,61988,27,,,1,4,,61989,27,,,1
68300,'683-Weekday-1-26-02-1110100',1618,,61990,27,,,1,4,,61991,27,,,1
68300,'683-Weekday-1-26-02-1111100',1550,,61992,27,,,1,6,,61993,27,,,1
68300,'683-Weekday-10-26-02-1110100',1618,,116916,27,,,1,4,,116917,27,,,1
68300,'683-Weekday-10-26-02-1111100',1550,,116918,27,,,1,6,,116919,27,,,1
68300,'683-Weekday-9-26-02-0001000',1320,,62012,27,,,1,4,,62013,27,,,1
68300,'683-Weekday-9-26-02-1111100',1550,,62014,27,,,1,6,,62015,27,,,1
