91601,'916-Weekday-1-26-06-1111100',546,,184861,20,,,1,70,,184899,20,,,1,22,,184889,20,,,1,21,,184890,20,,,1,60,,184891,20,,,1,20,,184892,20,,,1,20,,184893,20,,,1,60,,184898,20,,,1,30,,184897,20,,,1,71,,184862,20,,,1,30,,184863,20,,,1,70,,184864,20,,,1,30,,184865,20,,,1,70,,184866,20,,,1,30,,184867,20,,,1,70,,184868,20,,,1,30,,184869,20,,,1,70,,184870,20,,,1,30,,184871,20,,,1,70,,184872,20,,,1,30,,184873,20,,,1,72,,184874,20,,,1,15,,184875,20,,,1,15,,184894,20,,,1,55,,184876,20,,,1,15,,184877,20,,,1,15,,184878,20,,,1,15,,184895,20,,,1,55,,184879,20,,,1,15,,184880,20,,,1,15,,184881,20,,,1,15,,184900,20,,,1,70,,184901,20,,,1,28,,184882,20,,,1,70,,184883,20,,,1,30,,184884,20,,,1,70,,184885,20,,,1,30,,184886,20,,,1,70,,184887,20,,,1,30,,184888,20,,,1,73,,184902,20,,,1,95,,184896,20,,,1,100,,184903,20,,,1
91601,'916-Weekday-2-26-06-1111100',546,,201517,20,,,1,70,,201555,20,,,1,22,,201545,20,,,1,21,,201546,20,,,1,60,,201547,20,,,1,20,,201548,20,,,1,20,,201549,20,,,1,60,,201554,20,,,1,30,,201553,20,,,1,71,,201518,20,,,1,30,,201519,20,,,1,70,,201520,20,,,1,30,,201521,20,,,1,70,,201522,20,,,1,30,,201523,20,,,1,70,,201524,20,,,1,30,,201525,20,,,1,70,,201526,20,,,1,30,,201527,20,,,1,70,,201528,20,,,1,30,,201529,20,,,1,72,,201530,20,,,1,15,,201531,20,,,1,15,,201550,20,,,1,55,,201532,20,,,1,15,,201533,20,,,1,15,,201534,20,,,1,15,,201551,20,,,1,55,,201535,20,,,1,15,,201536,20,,,1,15,,201537,20,,,1,15,,201556,20,,,1,70,,201557,20,,,1,28,,201538,20,,,1,70,,201539,20,,,1,30,,201540,20,,,1,70,,201541,20,,,1,30,,201542,20,,,1,70,,201543,20,,,1,30,,201544,20,,,1,73,,201558,20,,,1,95,,201552,20,,,1,100,,201559,20,,,1
91601,'916-Saturday-1-26-06-0000010',649,,184904,20,,,1,100,,184905,20,,,1,70,,184906,20,,,1,30,,184907,20,,,1,73,,184908,20,,,1,31,,184909,20,,,1,72,,184910,20,,,1,30,,184911,20,,,1,70,,184912,20,,,1,30,,184913,20,,,1,70,,184914,20,,,1,30,,184915,20,,,1,70,,184916,20,,,1,30,,184917,20,,,1,70,,184918,20,,,1,30,,184919,20,,,1,70,,184920,20,,,1,30,,184921,20,,,1,70,,184922,20,,,1,30,,184923,20,,,1,69,,184924,20,,,1,28,,184925,20,,,1,70,,184926,20,,,1,30,,184927,20,,,1,70,,184928,20,,,1,100,,184929,20,,,1,100,,184930,20,,,1,100,,184931,20,,,1,100,,184932,20,,,1,100,,184933,20,,,1
91601,'916-Sunday-1-26-06-0000001',649,,184934,20,,,1,100,,184935,20,,,1,100,,184936,20,,,1,105,,184937,20,,,1,101,,184938,20,,,1,70,,184939,20,,,1,30,,184940,20,,,1,70,,184941,20,,,1,30,,184942,20,,,1,70,,184943,20,,,1,30,,184944,20,,,1,70,,184945,20,,,1,30,,184946,20,,,1,70,,184947,20,,,1,30,,184948,20,,,1,70,,184949,20,,,1,30,,184950,20,,,1,69,,184951,20,,,1,29,,184952,20,,,1,70,,184953,20,,,1,30,,184954,20,,,1,70,,184955,20,,,1,30,,184956,20,,,1,100,,184957,20,,,1,100,,184958,20,,,1,100,,184959,20,,,1,100,,184960,20,,,1
91601,'916-Sunday-2-26-06-0000001',649,,201560,20,,,1,100,,201561,20,,,1,100,,201562,20,,,1,105,,201563,20,,,1,101,,201564,20,,,1,70,,201565,20,,,1,30,,201566,20,,,1,70,,201567,20,,,1,30,,201568,20,,,1,70,,201569,20,,,1,30,,201570,20,,,1,70,,201571,20,,,1,30,,201572,20,,,1,70,,201573,20,,,1,30,,201574,20,,,1,70,,201575,20,,,1,30,,201576,20,,,1,69,,201577,20,,,1,29,,201578,20,,,1,70,,201579,20,,,1,30,,201580,20,,,1,70,,201581,20,,,1,30,,201582,20,,,1,100,,201583,20,,,1,100,,201584,20,,,1,100,,201585,20,,,1,100,,201586,20,,,1
92600,'926-Weekday-1-26-06-1111100',611,,186190,17,,,1,20,,186191,17,,,1,23,,186192,17,,,1,60,,186193,17,,,1,20,,186194,17,,,1,20,,186195,17,,,1,60,,186196,17,,,1,20,,186197,17,,,1,20,,186198,17,,,1,56,,186199,17,,,1,30,,186200,17,,,1,70,,186201,17,,,1,30,,186202,17,,,1,70,,186203,17,,,1,30,,186204,17,,,1,70,,186205,17,,,1,30,,186206,17,,,1,70,,186207,17,,,1,30,,186208,17,,,1,70,,186209,17,,,1,30,,186210,17,,,1,72,,186211,17,,,1,13,,186212,17,,,1,20,,186213,17,,,1,60,,186214,17,,,1,20,,186215,17,,,1,20,,186216,17,,,1,60,,186217,17,,,1,20,,186218,17,,,1,20,,186219,17,,,1,60,,186220,17,,,1,20,,186221,17,,,1,18,,186222,17,,,1,70,,186223,17,,,1,30,,186224,17,,,1,70,,186225,17,,,1,30,,186226,17,,,1,70,,186227,17,,,1,30,,186228,17,,,1,70,,186229,17,,,1
92600,'926-Weekday-2-26-06-1111100',611,,202458,17,,,1,20,,202459,17,,,1,23,,202460,17,,,1,60,,202461,17,,,1,20,,202462,17,,,1,20,,202463,17,,,1,60,,202464,17,,,1,20,,202465,17,,,1,20,,202466,17,,,1,56,,202467,17,,,1,30,,202468,17,,,1,70,,202469,17,,,1,30,,202470,17,,,1,70,,202471,17,,,1,30,,202472,17,,,1,70,,202473,17,,,1,30,,202474,17,,,1,70,,202475,17,,,1,30,,202476,17,,,1,70,,202477,17,,,1,30,,202478,17,,,1,72,,202479,17,,,1,13,,202480,17,,,1,20,,202481,17,,,1,60,,202482,17,,,1,20,,202483,17,,,1,20,,202484,17,,,1,60,,202485,17,,,1,20,,202486,17,,,1,20,,202487,17,,,1,60,,202488,17,,,1,20,,202489,17,,,1,18,,202490,17,,,1,70,,202491,17,,,1,30,,202492,17,,,1,70,,202493,17,,,1,30,,202494,17,,,1,70,,202495,17,,,1,30,,202496,17,,,1,70,,202497,17,,,1
92600,'926-Saturday-1-26-06-0000010',807,,186230,17,,,1,30,,186231,17,,,1,71,,186232,17,,,1,30,,186233,17,,,1,70,,186234,17,,,1,30,,186235,17,,,1,70,,186236,17,,,1,30,,186237,17,,,1,70,,186238,17,,,1,30,,186239,17,,,1,70,,186240,17,,,1,30,,186241,17,,,1,70,,186242,17,,,1,30,,186243,17,,,1,70,,186244,17,,,1,30,,186245,17,,,1,70,,186246,17,,,1,30,,186247,17,,,1,69,,186248,17,,,1,30,,186249,17,,,1,70,,186250,17,,,1,30,,186251,17,,,1,70,,186252,17,,,1
92600,'926-Sunday-1-26-06-0000001',1010,,186253,17,,,1,30,,186254,17,,,1,70,,186255,17,,,1,30,,186256,17,,,1,70,,186257,17,,,1,30,,186258,17,,,1,70,,186259,17,,,1,30,,186260,17,,,1,70,,186261,17,,,1,31,,186262,17,,,1,69,,186263,17,,,1,30,,186264,17,,,1,70,,186265,17,,,1,30,,186266,17,,,1,69,,186267,17,,,1,30,,186268,17,,,1,70,,186269,17,,,1,30,,186270,17,,,1,70,,186271,17,,,1
92600,'926-Sunday-2-26-06-0000001',1010,,202498,17,,,1,30,,202499,17,,,1,70,,202500,17,,,1,30,,202501,17,,,1,70,,202502,17,,,1,30,,202503,17,,,1,70,,202504,17,,,1,30,,202505,17,,,1,70,,202506,17,,,1,31,,202507,17,,,1,69,,202508,17,,,1,30,,202509,17,,,1,70,,202510,17,,,1,30,,202511,17,,,1,69,,202512,17,,,1,30,,202513,17,,,1,70,,202514,17,,,1,30,,202515,17,,,1,70,,202516,17,,,1
