91701,'917-Weekday-1-26-02-0001000',1505,,94039,18,,,1
91701,'917-Weekday-1-26-02-1110100',1635,,94040,18,,,1
91701,'917-Weekday-1-26-02-1111100',507,,94041,18,,,1,30,,94042,18,,,1,70,,94083,18,,,1,20,,94085,18,,,1,21,,94084,18,,,1,60,,94043,18,,,1,20,,94078,18,,,1,20,,94044,18,,,1,60,,94045,18,,,1,20,,94079,18,,,1,20,,94046,18,,,1,61,,94047,18,,,1,30,,94048,18,,,1,70,,94049,18,,,1,30,,94050,18,,,1,70,,94051,18,,,1,30,,94052,18,,,1,70,,94053,18,,,1,30,,94054,18,,,1,70,,94055,18,,,1,30,,94056,18,,,1,70,,94057,18,,,1,30,,94058,18,,,1,72,,94059,18,,,1,31,,94082,18,,,1,15,,94060,18,,,1,55,,94061,18,,,1,15,,94062,18,,,1,15,,94080,18,,,1,15,,94063,18,,,1,55,,94064,18,,,1,15,,94065,18,,,1,15,,94081,18,,,1,15,,94066,18,,,1,55,,94067,18,,,1,28,,94068,18,,,1,69,,94069,18,,,1,30,,94070,18,,,1,70,,94071,18,,,1,30,,94072,18,,,1,70,,94073,18,,,1,30,,94074,18,,,1,69,,94075,18,,,1,100,,94076,18,,,1,100,,94077,18,,,1
91701,'917-Weekday-10-26-02-0001000',1505,,94086,18,,,1
91701,'917-Weekday-10-26-02-1111100',507,,94087,18,,,1,30,,94088,18,,,1,70,,94129,18,,,1,20,,94131,18,,,1,21,,94130,18,,,1,60,,94089,18,,,1,20,,94124,18,,,1,20,,94090,18,,,1,60,,94091,18,,,1,20,,94125,18,,,1,20,,94092,18,,,1,61,,94093,18,,,1,30,,94094,18,,,1,70,,94095,18,,,1,30,,94096,18,,,1,70,,94097,18,,,1,30,,94098,18,,,1,70,,94099,18,,,1,30,,94100,18,,,1,70,,94101,18,,,1,30,,94102,18,,,1,70,,94103,18,,,1,30,,94104,18,,,1,72,,94105,18,,,1,31,,94128,18,,,1,15,,94106,18,,,1,55,,94107,18,,,1,15,,94108,18,,,1,15,,94126,18,,,1,15,,94109,18,,,1,55,,94110,18,,,1,15,,94111,18,,,1,15,,94127,18,,,1,15,,94112,18,,,1,55,,94113,18,,,1,28,,94114,18,,,1,69,,94115,18,,,1,30,,94116,18,,,1,70,,94117,18,,,1,30,,94118,18,,,1,70,,94119,18,,,1,30,,94120,18,,,1,69,,94121,18,,,1,100,,94122,18,,,1,100,,94123,18,,,1
91701,'917-Weekday-4-26-02-1111100',507,,94179,18,,,1,30,,94180,18,,,1,70,,94221,18,,,1,20,,94223,18,,,1,21,,94222,18,,,1,60,,94181,18,,,1,20,,94216,18,,,1,20,,94182,18,,,1,60,,94183,18,,,1,20,,94217,18,,,1,20,,94184,18,,,1,61,,94185,18,,,1,30,,94186,18,,,1,70,,94187,18,,,1,30,,94188,18,,,1,70,,94189,18,,,1,30,,94190,18,,,1,70,,94191,18,,,1,30,,94192,18,,,1,70,,94193,18,,,1,30,,94194,18,,,1,70,,94195,18,,,1,30,,94196,18,,,1,72,,94197,18,,,1,31,,94220,18,,,1,15,,94198,18,,,1,55,,94199,18,,,1,15,,94200,18,,,1,15,,94218,18,,,1,15,,94201,18,,,1,55,,94202,18,,,1,15,,94203,18,,,1,15,,94219,18,,,1,15,,94204,18,,,1,55,,94205,18,,,1,28,,94206,18,,,1,69,,94207,18,,,1,30,,94208,18,,,1,70,,94209,18,,,1,30,,94210,18,,,1,70,,94211,18,,,1,30,,94212,18,,,1,69,,94213,18,,,1,100,,94214,18,,,1,100,,94215,18,,,1
91701,'917-Weekday-5-26-02-0001000',1505,,94224,18,,,1
91701,'917-Weekday-5-26-02-1110100',1635,,94225,18,,,1
91701,'917-Weekday-5-26-02-1111100',507,,94226,18,,,1,30,,94227,18,,,1,70,,94268,18,,,1,20,,94270,18,,,1,21,,94269,18,,,1,60,,94228,18,,,1,20,,94263,18,,,1,20,,94229,18,,,1,60,,94230,18,,,1,20,,94264,18,,,1,20,,94231,18,,,1,61,,94232,18,,,1,30,,94233,18,,,1,70,,94234,18,,,1,30,,94235,18,,,1,70,,94236,18,,,1,30,,94237,18,,,1,70,,94238,18,,,1,30,,94239,18,,,1,70,,94240,18,,,1,30,,94241,18,,,1,70,,94242,18,,,1,30,,94243,18,,,1,72,,94244,18,,,1,31,,94267,18,,,1,15,,94245,18,,,1,55,,94246,18,,,1,15,,94247,18,,,1,15,,94265,18,,,1,15,,94248,18,,,1,55,,94249,18,,,1,15,,94250,18,,,1,15,,94266,18,,,1,15,,94251,18,,,1,55,,94252,18,,,1,28,,94253,18,,,1,69,,94254,18,,,1,30,,94255,18,,,1,70,,94256,18,,,1,30,,94257,18,,,1,70,,94258,18,,,1,30,,94259,18,,,1,69,,94260,18,,,1,100,,94261,18,,,1,100,,94262,18,,,1
91701,'917-Weekday-7-26-02-1111100',507,,94316,18,,,1,30,,94317,18,,,1,70,,94358,18,,,1,20,,94360,18,,,1,21,,94359,18,,,1,60,,94318,18,,,1,20,,94353,18,,,1,20,,94319,18,,,1,60,,94320,18,,,1,20,,94354,18,,,1,20,,94321,18,,,1,61,,94322,18,,,1,30,,94323,18,,,1,70,,94324,18,,,1,30,,94325,18,,,1,70,,94326,18,,,1,30,,94327,18,,,1,70,,94328,18,,,1,30,,94329,18,,,1,70,,94330,18,,,1,30,,94331,18,,,1,70,,94332,18,,,1,30,,94333,18,,,1,72,,94334,18,,,1,31,,94357,18,,,1,15,,94335,18,,,1,55,,94336,18,,,1,15,,94337,18,,,1,15,,94355,18,,,1,15,,94338,18,,,1,55,,94339,18,,,1,15,,94340,18,,,1,15,,94356,18,,,1,15,,94341,18,,,1,55,,94342,18,,,1,28,,94343,18,,,1,69,,94344,18,,,1,30,,94345,18,,,1,70,,94346,18,,,1,30,,94347,18,,,1,70,,94348,18,,,1,30,,94349,18,,,1,69,,94350,18,,,1,100,,94351,18,,,1,100,,94352,18,,,1
91701,'917-Saturday-1-26-02-0000010',632,,94452,18,,,1,100,,94453,18,,,1,70,,94480,18,,,1,30,,94481,18,,,1,71,,94454,18,,,1,31,,94455,18,,,1,70,,94456,18,,,1,30,,94457,18,,,1,70,,94458,18,,,1,30,,94459,18,,,1,70,,94460,18,,,1,30,,94461,18,,,1,70,,94462,18,,,1,30,,94463,18,,,1,70,,94464,18,,,1,30,,94465,18,,,1,70,,94466,18,,,1,30,,94467,18,,,1,70,,94468,18,,,1,30,,94469,18,,,1,70,,94470,18,,,1,30,,94471,18,,,1,70,,94472,18,,,1,30,,94473,18,,,1,70,,94474,18,,,1,100,,94475,18,,,1,100,,94476,18,,,1,100,,94477,18,,,1,100,,94478,18,,,1,100,,94479,18,,,1
91701,'917-Sunday-1-26-02-0000001',637,,94482,18,,,1,100,,94483,18,,,1,100,,94484,18,,,1,99,,94485,18,,,1,100,,94486,18,,,1,70,,94487,18,,,1,30,,94488,18,,,1,70,,94489,18,,,1,30,,94490,18,,,1,70,,94491,18,,,1,30,,94492,18,,,1,70,,94493,18,,,1,30,,94494,18,,,1,70,,94495,18,,,1,30,,94496,18,,,1,70,,94497,18,,,1,30,,94498,18,,,1,71,,94499,18,,,1,30,,94500,18,,,1,70,,94501,18,,,1,30,,94502,18,,,1,70,,94503,18,,,1,30,,94504,18,,,1,100,,94505,18,,,1,100,,94506,18,,,1,100,,94507,18,,,1,100,,94508,18,,,1
