11300,'113-Weekday-1-26-02-1111100',533,,34851,21,,,1,70,,34849,21,,,1,31,,34850,21,,,1,18,,34853,21,,,1,55,,34854,21,,,1,15,,34855,21,,,1,15,,34856,21,,,1,15,,34857,21,,,1,55,,34858,21,,,1,15,,34859,21,,,1,15,,34860,21,,,1,15,,34861,21,,,1,55,,34862,21,,,1,27,,34863,21,,,1,70,,34864,21,,,1,30,,34865,21,,,1,70,,34866,21,,,1,30,,34867,21,,,1,70,,34868,21,,,1,30,,34869,21,,,1,70,,34870,21,,,1,30,,34871,21,,,1,70,,34872,21,,,1,30,,34873,21,,,1,70,,34874,21,,,1,18,,34875,21,,,1,15,,34876,21,,,1,15,,34877,21,,,1,55,,34878,21,,,1,15,,34879,21,,,1,15,,34880,21,,,1,15,,34881,21,,,1,55,,34882,21,,,1,15,,34883,21,,,1,15,,34884,21,,,1,70,,34885,21,,,1,28,,34886,21,,,1,69,,34887,21,,,1,30,,34888,21,,,1,70,,34889,21,,,1,30,,34890,21,,,1,70,,34891,21,,,1,30,,34892,21,,,1,70,,34893,21,,,1,29,,34894,21,,,1,70,,34895,21,,,1,30,,34896,21,,,1,70,,34852,21,,,1
11300,'113-Weekday-10-26-02-1111100',533,,34899,21,,,1,70,,34897,21,,,1,31,,34898,21,,,1,18,,34901,21,,,1,55,,34902,21,,,1,15,,34903,21,,,1,15,,34904,21,,,1,15,,34905,21,,,1,55,,34906,21,,,1,15,,34907,21,,,1,15,,34908,21,,,1,15,,34909,21,,,1,55,,34910,21,,,1,27,,34911,21,,,1,70,,34912,21,,,1,30,,34913,21,,,1,70,,34914,21,,,1,30,,34915,21,,,1,70,,34916,21,,,1,30,,34917,21,,,1,70,,34918,21,,,1,30,,34919,21,,,1,70,,34920,21,,,1,30,,34921,21,,,1,70,,34922,21,,,1,18,,34923,21,,,1,15,,34924,21,,,1,15,,34925,21,,,1,55,,34926,21,,,1,15,,34927,21,,,1,15,,34928,21,,,1,15,,34929,21,,,1,55,,34930,21,,,1,15,,34931,21,,,1,15,,34932,21,,,1,70,,34933,21,,,1,28,,34934,21,,,1,69,,34935,21,,,1,30,,34936,21,,,1,70,,34937,21,,,1,30,,34938,21,,,1,70,,34939,21,,,1,30,,34940,21,,,1,70,,34941,21,,,1,29,,34942,21,,,1,70,,34943,21,,,1,30,,34944,21,,,1,70,,34900,21,,,1
11300,'113-Saturday-1-26-02-0000010',609,,35281,21,,,1,30,,35282,21,,,1,70,,35283,21,,,1,30,,35284,21,,,1,70,,35285,21,,,1,30,,35286,21,,,1,72,,35287,21,,,1,30,,35288,21,,,1,70,,35289,21,,,1,30,,35290,21,,,1,70,,35291,21,,,1,30,,35292,21,,,1,70,,35293,21,,,1,30,,35294,21,,,1,70,,35295,21,,,1,30,,35296,21,,,1,70,,35297,21,,,1,30,,35298,21,,,1,70,,35299,21,,,1,30,,35300,21,,,1,70,,35301,21,,,1,30,,35302,21,,,1,69,,35303,21,,,1,30,,35304,21,,,1,70,,35305,21,,,1,30,,35306,21,,,1,70,,35307,21,,,1,30,,35308,21,,,1,69,,35309,21,,,1,30,,35310,21,,,1,70,,35311,21,,,1,30,,35312,21,,,1,70,,35313,21,,,1,30,,35314,21,,,1,70,,35315,21,,,1,30,,35316,21,,,1,70,,35317,21,,,1
11400,'114-Weekday-1-26-02-1111100',529,,35872,30,,,1,30,,35873,30,,,1,70,,35874,30,,,1,19,,35875,30,,,1,54,,35876,30,,,1,12,,35877,30,,,1,12,,35878,30,,,1,12,,35880,30,,,1,12,,35879,30,,,1,52,,35881,30,,,1,12,,35882,30,,,1,12,,35883,30,,,1,12,,35884,30,,,1,11,,35894,30,,,1,51,,35934,30,,,1,9,,35895,30,,,1,14,,35896,30,,,1,15,,35897,30,,,1,15,,35898,30,,,1,55,,35899,30,,,1,15,,35900,30,,,1,15,,35901,30,,,1,15,,35902,30,,,1,55,,35903,30,,,1,15,,35904,30,,,1,15,,35905,30,,,1,15,,35906,30,,,1,55,,35907,30,,,1,15,,35908,30,,,1,15,,35885,30,,,1,15,,35886,30,,,1,55,,35887,30,,,1,15,,35888,30,,,1,15,,35889,30,,,1,15,,35890,30,,,1,55,,35891,30,,,1,15,,35870,30,,,1,15,,35871,30,,,1,14,,35909,30,,,1,53,,35910,30,,,1,15,,35911,30,,,1,8,,35935,12,,,1,6,,35912,30,,,1,9,,35936,12,,,1,3,,35913,30,,,1,12,,35914,30,,,1,52,,35915,30,,,1,12,,35916,30,,,1,12,,35917,30,,,1,12,,35918,30,,,1,12,,35919,30,,,1,52,,35920,30,,,1,12,,35921,30,,,1,12,,35892,30,,,1,12,,35893,30,,,1,12,,35922,30,,,1,63,,35923,30,,,1,26,,35924,30,,,1,68,,35925,30,,,1,30,,35926,30,,,1,70,,35927,30,,,1,30,,35928,30,,,1,70,,35929,30,,,1,30,,35930,30,,,1,69,,35931,30,,,1,98,,35932,30,,,1,100,,35933,30,,,1
11400,'114-Weekday-10-26-02-1111100',529,,35939,30,,,1,30,,35940,30,,,1,70,,35941,30,,,1,19,,35942,30,,,1,54,,35943,30,,,1,12,,35944,30,,,1,12,,35945,30,,,1,12,,35947,30,,,1,12,,35946,30,,,1,52,,35948,30,,,1,12,,35949,30,,,1,12,,35950,30,,,1,12,,35951,30,,,1,11,,35961,30,,,1,51,,36001,30,,,1,9,,35962,30,,,1,14,,35963,30,,,1,15,,35964,30,,,1,15,,35965,30,,,1,55,,35966,30,,,1,15,,35967,30,,,1,15,,35968,30,,,1,15,,35969,30,,,1,55,,35970,30,,,1,15,,35971,30,,,1,15,,35972,30,,,1,15,,35973,30,,,1,55,,35974,30,,,1,15,,35975,30,,,1,15,,35952,30,,,1,15,,35953,30,,,1,55,,35954,30,,,1,15,,35955,30,,,1,15,,35956,30,,,1,15,,35957,30,,,1,55,,35958,30,,,1,15,,35937,30,,,1,15,,35938,30,,,1,14,,35976,30,,,1,53,,35977,30,,,1,15,,35978,30,,,1,8,,36002,12,,,1,6,,35979,30,,,1,9,,36003,12,,,1,3,,35980,30,,,1,12,,35981,30,,,1,52,,35982,30,,,1,12,,35983,30,,,1,12,,35984,30,,,1,12,,35985,30,,,1,12,,35986,30,,,1,52,,35987,30,,,1,12,,35988,30,,,1,12,,35959,30,,,1,12,,35960,30,,,1,12,,35989,30,,,1,63,,35990,30,,,1,26,,35991,30,,,1,68,,35992,30,,,1,30,,35993,30,,,1,70,,35994,30,,,1,30,,35995,30,,,1,70,,35996,30,,,1,30,,35997,30,,,1,69,,35998,30,,,1,98,,35999,30,,,1,100,,36000,30,,,1
11400,'114-Saturday-1-26-02-0000010',636,,36469,30,,,1,100,,36470,30,,,1,90,,36471,30,,,1,20,,36472,30,,,1,60,,36473,30,,,1,23,,36475,30,,,1,20,,36476,30,,,1,60,,36477,30,,,1,20,,36479,30,,,1,20,,36480,30,,,1,60,,36481,30,,,1,20,,36483,30,,,1,20,,36484,30,,,1,60,,36485,30,,,1,20,,36487,30,,,1,20,,36488,30,,,1,60,,36489,30,,,1,20,,36491,30,,,1,20,,36492,30,,,1,60,,36493,30,,,1,20,,36495,30,,,1,20,,36496,30,,,1,60,,36497,30,,,1,20,,36499,30,,,1,20,,36500,30,,,1,60,,36501,30,,,1,20,,36503,30,,,1,20,,36486,30,,,1,60,,36502,30,,,1,18,,36498,30,,,1,20,,36494,30,,,1,60,,36490,30,,,1,20,,36482,30,,,1,20,,36478,30,,,1,60,,36474,30,,,1,34,,36504,30,,,1,70,,36505,30,,,1,30,,36506,30,,,1,70,,36507,30,,,1,30,,36508,30,,,1,70,,36509,30,,,1,100,,36510,30,,,1,100,,36511,30,,,1
62001,'620-Weekday-1-26-02-1111100',803,,60603,34,,,1,36,,60604,34,,,1,5,,60605,34,,,1
62001,'620-Weekday-9-26-02-1111100',803,,60616,34,,,1,36,,60617,34,,,1,5,,60618,34,,,1
62101,'621-Weekday-1-26-02-1111100',759,,60635,32,,,1,45,,60633,32,,,1,40,,60634,32,,,1
62101,'621-Weekday-9-26-02-1111100',759,,60649,32,,,1,45,,60647,32,,,1,40,,60648,32,,,1
