65000,'650-Weekday-1-26-02-1111100',753,,61230,25,,,1,6,,61231,25,,,1
65000,'650-Weekday-2-26-02-1111100',753,,61232,25,,,1,6,,61233,25,,,1
65000,'650-Weekday-4-26-02-1111100',753,,61234,25,,,1,6,,61235,25,,,1
65000,'650-Weekday-5-26-02-1111100',753,,61236,25,,,1,6,,61237,25,,,1
65000,'650-Weekday-9-26-02-1111100',753,,61238,25,,,1,6,,61239,25,,,1
72400,'724-Weekday-1-26-02-1111100',542,,80403,25,,,1,70,,80404,25,,,1,31,,80405,25,,,1,70,,80406,25,,,1,30,,80402,25,,,1,70,,80407,25,,,1,30,,80408,25,,,1,669,,80409,25,,,1,30,,80410,25,,,1,70,,80411,25,,,1,30,,80412,25,,,1,70,,80413,25,,,1,30,,80414,25,,,1
72400,'724-Weekday-10-26-02-1111100',542,,80416,25,,,1,70,,80417,25,,,1,31,,80418,25,,,1,70,,80419,25,,,1,30,,80415,25,,,1,70,,80420,25,,,1,30,,80421,25,,,1,669,,80422,25,,,1,30,,80423,25,,,1,70,,80424,25,,,1,30,,80425,25,,,1,70,,80426,25,,,1,30,,80427,25,,,1
72400,'724-Weekday-2-26-02-1111100',542,,80429,25,,,1,70,,80430,25,,,1,31,,80431,25,,,1,70,,80432,25,,,1,30,,80428,25,,,1,70,,80433,25,,,1,30,,80434,25,,,1,669,,80435,25,,,1,30,,80436,25,,,1,70,,80437,25,,,1,30,,80438,25,,,1,70,,80439,25,,,1,30,,80440,25,,,1
72400,'724-Weekday-4-26-02-1111100',542,,80442,25,,,1,70,,80443,25,,,1,31,,80444,25,,,1,70,,80445,25,,,1,30,,80441,25,,,1,70,,80446,25,,,1,30,,80447,25,,,1,669,,80448,25,,,1,30,,80449,25,,,1,70,,80450,25,,,1,30,,80451,25,,,1,70,,80452,25,,,1,30,,80453,25,,,1
72400,'724-Weekday-5-26-02-1111100',542,,80455,25,,,1,70,,80456,25,,,1,31,,80457,25,,,1,70,,80458,25,,,1,30,,80454,25,,,1,70,,80459,25,,,1,30,,80460,25,,,1,669,,80461,25,,,1,30,,80462,25,,,1,70,,80463,25,,,1,30,,80464,25,,,1,70,,80465,25,,,1,30,,80466,25,,,1
72400,'724-Weekday-6-26-02-1111100',542,,80468,25,,,1,70,,80469,25,,,1,31,,80470,25,,,1,70,,80471,25,,,1,30,,80467,25,,,1,70,,80472,25,,,1,30,,80473,25,,,1,669,,80474,25,,,1,30,,80475,25,,,1,70,,80476,25,,,1,30,,80477,25,,,1,70,,80478,25,,,1,30,,80479,25,,,1
72400,'724-Weekday-7-26-02-1111100',542,,80481,25,,,1,70,,80482,25,,,1,31,,80483,25,,,1,70,,80484,25,,,1,30,,80480,25,,,1,70,,80485,25,,,1,30,,80486,25,,,1,669,,80487,25,,,1,30,,80488,25,,,1,70,,80489,25,,,1,30,,80490,25,,,1,70,,80491,25,,,1,30,,80492,25,,,1
72400,'724-Weekday-8-26-02-1111100',542,,80494,25,,,1,70,,80495,25,,,1,31,,80496,25,,,1,70,,80497,25,,,1,30,,80493,25,,,1,70,,80498,25,,,1,30,,80499,25,,,1,669,,80500,25,,,1,30,,80501,25,,,1,70,,80502,25,,,1,30,,80503,25,,,1,70,,80504,25,,,1,30,,80505,25,,,1
72400,'724-Weekday-9-26-02-1111100',542,,80507,25,,,1,70,,80508,25,,,1,31,,80509,25,,,1,70,,80510,25,,,1,30,,80506,25,,,1,70,,80511,25,,,1,30,,80512,25,,,1,669,,80513,25,,,1,30,,80514,25,,,1,70,,80515,25,,,1,30,,80516,25,,,1,70,,80517,25,,,1,30,,80518,25,,,1
