50801,'508-Weekday-1-26-06-1111100',554,,174849,26,,,1,70,,174850,26,,,1,34,,174851,26,,,1,70,,174852,26,,,1,20,,174853,26,,,1,60,,174871,26,,,1,20,,174854,26,,,1,20,,174856,26,,,1,64,,174872,26,,,1,26,,174870,26,,,1,70,,174873,26,,,1,30,,174874,26,,,1,70,,174875,26,,,1,30,,174876,26,,,1,70,,174877,26,,,1,30,,174878,26,,,1,70,,174879,26,,,1,30,,174880,26,,,1,70,,174881,26,,,1,30,,174882,26,,,1,73,,174883,26,,,1,20,,174858,26,,,1,20,,174859,26,,,1,60,,174884,26,,,1,20,,174861,26,,,1,20,,174862,26,,,1,60,,174863,26,,,1,20,,174865,26,,,1,25,,174886,26,,,1,70,,174867,26,,,1,26,,174868,26,,,1,70,,174869,26,,,1,30,,174866,26,,,1,70,,174864,26,,,1,30,,174860,26,,,1,70,,174857,26,,,1,30,,174855,26,,,1,70,,174885,26,,,1
50801,'508-Weekday-2-26-06-1111100',554,,195502,26,,,1,70,,195503,26,,,1,34,,195504,26,,,1,70,,195505,26,,,1,20,,195506,26,,,1,60,,195524,26,,,1,20,,195507,26,,,1,20,,195509,26,,,1,64,,195525,26,,,1,26,,195523,26,,,1,70,,195526,26,,,1,30,,195527,26,,,1,70,,195528,26,,,1,30,,195529,26,,,1,70,,195530,26,,,1,30,,195531,26,,,1,70,,195532,26,,,1,30,,195533,26,,,1,70,,195534,26,,,1,30,,195535,26,,,1,73,,195536,26,,,1,20,,195511,26,,,1,20,,195512,26,,,1,60,,195537,26,,,1,20,,195514,26,,,1,20,,195515,26,,,1,60,,195516,26,,,1,20,,195518,26,,,1,25,,195539,26,,,1,70,,195520,26,,,1,26,,195521,26,,,1,70,,195522,26,,,1,30,,195519,26,,,1,70,,195517,26,,,1,30,,195513,26,,,1,70,,195510,26,,,1,30,,195508,26,,,1,70,,195538,26,,,1
50801,'508-Saturday-1-26-06-0000010',626,,174887,26,,,1,100,,174888,26,,,1,100,,174889,26,,,1,30,,174890,26,,,1,70,,174891,26,,,1,30,,174892,26,,,1,70,,174893,26,,,1,30,,174894,26,,,1,70,,174895,26,,,1,30,,174896,26,,,1,70,,174897,26,,,1,30,,174898,26,,,1,70,,174899,26,,,1,30,,174900,26,,,1,70,,174901,26,,,1,30,,174902,26,,,1,70,,174903,26,,,1,30,,174904,26,,,1,70,,174905,26,,,1,30,,174906,26,,,1,70,,174907,26,,,1,30,,174908,26,,,1,70,,174909,26,,,1,30,,174910,26,,,1,70,,174911,26,,,1
50801,'508-Sunday-1-26-06-0000001',1028,,174912,26,,,1,30,,174913,26,,,1,70,,174914,26,,,1,30,,174915,26,,,1,70,,174916,26,,,1,30,,174917,26,,,1,70,,174918,26,,,1,30,,174919,26,,,1,70,,174920,26,,,1,30,,174921,26,,,1,70,,174922,26,,,1,30,,174923,26,,,1,70,,174924,26,,,1,30,,174925,26,,,1,70,,174926,26,,,1,30,,174927,26,,,1,70,,174928,26,,,1,30,,174929,26,,,1
50801,'508-Sunday-2-26-06-0000001',1028,,195540,26,,,1,30,,195541,26,,,1,70,,195542,26,,,1,30,,195543,26,,,1,70,,195544,26,,,1,30,,195545,26,,,1,70,,195546,26,,,1,30,,195547,26,,,1,70,,195548,26,,,1,30,,195549,26,,,1,70,,195550,26,,,1,30,,195551,26,,,1,70,,195552,26,,,1,30,,195553,26,,,1,70,,195554,26,,,1,30,,195555,26,,,1,70,,195556,26,,,1,30,,195557,26,,,1
51401,'514-Weekday-1-26-06-1111100',531,,175408,2,,,1,70,,175409,2,,,1,31,,175410,2,,,1,70,,175411,2,,,1,30,,175412,2,,,1,70,,175413,2,,,1,25,,175414,2,,,1,25,,175428,2,,,1,69,,175429,2,,,1,30,,175430,2,,,1,70,,175431,2,,,1,30,,175432,2,,,1,70,,175433,2,,,1,30,,175434,2,,,1,70,,175435,2,,,1,30,,175436,2,,,1,70,,175437,2,,,1,30,,175438,2,,,1,70,,175439,2,,,1,30,,175440,2,,,1,71,,175441,2,,,1,30,,175415,2,,,1,70,,175416,2,,,1,30,,175417,2,,,1,70,,175418,2,,,1,30,,175419,2,,,1,70,,175420,2,,,1,29,,175421,2,,,1,70,,175422,2,,,1,30,,175423,2,,,1,70,,175424,2,,,1,30,,175425,2,,,1,70,,175426,2,,,1,30,,175427,2,,,1
51401,'514-Weekday-2-26-06-1111100',531,,195847,2,,,1,70,,195848,2,,,1,31,,195849,2,,,1,70,,195850,2,,,1,30,,195851,2,,,1,70,,195852,2,,,1,25,,195853,2,,,1,25,,195867,2,,,1,69,,195868,2,,,1,30,,195869,2,,,1,70,,195870,2,,,1,30,,195871,2,,,1,70,,195872,2,,,1,30,,195873,2,,,1,70,,195874,2,,,1,30,,195875,2,,,1,70,,195876,2,,,1,30,,195877,2,,,1,70,,195878,2,,,1,30,,195879,2,,,1,71,,195880,2,,,1,30,,195854,2,,,1,70,,195855,2,,,1,30,,195856,2,,,1,70,,195857,2,,,1,30,,195858,2,,,1,70,,195859,2,,,1,29,,195860,2,,,1,70,,195861,2,,,1,30,,195862,2,,,1,70,,195863,2,,,1,30,,195864,2,,,1,70,,195865,2,,,1,30,,195866,2,,,1
51401,'514-Saturday-1-26-06-0000010',753,,175442,2,,,1,70,,175443,2,,,1,30,,175444,2,,,1,70,,175445,2,,,1,32,,175446,2,,,1,70,,175447,2,,,1,30,,175448,2,,,1,70,,175449,2,,,1,30,,175450,2,,,1,70,,175451,2,,,1,30,,175452,2,,,1,70,,175453,2,,,1,30,,175454,2,,,1,70,,175455,2,,,1,30,,175456,2,,,1,70,,175457,2,,,1,30,,175458,2,,,1,70,,175459,2,,,1,30,,175460,2,,,1,70,,175461,2,,,1,30,,175462,2,,,1,70,,175463,2,,,1,30,,175464,2,,,1
51401,'514-Sunday-1-26-06-0000001',1001,,175465,2,,,1,30,,175466,2,,,1,70,,175467,2,,,1,30,,175468,2,,,1,70,,175469,2,,,1,30,,175470,2,,,1,70,,175471,2,,,1,30,,175472,2,,,1,70,,175473,2,,,1,30,,175474,2,,,1,70,,175475,2,,,1,30,,175476,2,,,1,70,,175477,2,,,1,30,,175478,2,,,1,70,,175479,2,,,1,30,,175480,2,,,1,70,,175481,2,,,1,30,,175482,2,,,1,70,,175483,2,,,1
51401,'514-Sunday-2-26-06-0000001',1001,,195881,2,,,1,30,,195882,2,,,1,70,,195883,2,,,1,30,,195884,2,,,1,70,,195885,2,,,1,30,,195886,2,,,1,70,,195887,2,,,1,30,,195888,2,,,1,70,,195889,2,,,1,30,,195890,2,,,1,70,,195891,2,,,1,30,,195892,2,,,1,70,,195893,2,,,1,30,,195894,2,,,1,70,,195895,2,,,1,30,,195896,2,,,1,70,,195897,2,,,1,30,,195898,2,,,1,70,,195899,2,,,1
51601,'516-Weekday-1-26-06-1111100',541,,176006,28,,,1,70,,176007,28,,,1,35,,176008,28,,,1,13,,176009,28,,,1,52,,176034,28,,,1,12,,176010,28,,,1,12,,176011,28,,,1,12,,176035,28,,,1,12,,176036,28,,,1,52,,176037,28,,,1,12,,176038,28,,,1,12,,176039,28,,,1,12,,176040,28,,,1,12,,176012,28,,,1,58,,176013,28,,,1,20,,176014,28,,,1,19,,176051,28,,,1,60,,176052,28,,,1,20,,176053,28,,,1,20,,176054,28,,,1,60,,176055,28,,,1,20,,176056,28,,,1,20,,176057,28,,,1,60,,176058,28,,,1,20,,176059,28,,,1,20,,176060,28,,,1,60,,176061,28,,,1,20,,176062,28,,,1,20,,176063,28,,,1,60,,176064,28,,,1,20,,176065,28,,,1,20,,176066,28,,,1,60,,176067,28,,,1,16,,176030,28,,,1,15,,176015,28,,,1,55,,176016,28,,,1,15,,176031,28,,,1,15,,176017,28,,,1,15,,176018,28,,,1,55,,176019,28,,,1,15,,176020,28,,,1,15,,176032,28,,,1,15,,176022,28,,,1,55,,176023,28,,,1,15,,176024,28,,,1,14,,176025,28,,,1,14,,176021,28,,,1,58,,176033,28,,,1,20,,176050,28,,,1,20,,176049,28,,,1,60,,176048,28,,,1,20,,176047,28,,,1,20,,176046,28,,,1,60,,176045,28,,,1,20,,176044,28,,,1,20,,176043,28,,,1,60,,176042,28,,,1,17,,176041,28,,,1,20,,176026,28,,,1,60,,176029,28,,,1,20,,176068,28,,,1,30,,176027,28,,,1,70,,176028,28,,,1
51601,'516-Weekday-2-26-06-1111100',541,,196209,28,,,1,70,,196210,28,,,1,35,,196211,28,,,1,13,,196212,28,,,1,52,,196237,28,,,1,12,,196213,28,,,1,12,,196214,28,,,1,12,,196238,28,,,1,12,,196239,28,,,1,52,,196240,28,,,1,12,,196241,28,,,1,12,,196242,28,,,1,12,,196243,28,,,1,12,,196215,28,,,1,58,,196216,28,,,1,20,,196217,28,,,1,19,,196254,28,,,1,60,,196255,28,,,1,20,,196256,28,,,1,20,,196257,28,,,1,60,,196258,28,,,1,20,,196259,28,,,1,20,,196260,28,,,1,60,,196261,28,,,1,20,,196262,28,,,1,20,,196263,28,,,1,60,,196264,28,,,1,20,,196265,28,,,1,20,,196266,28,,,1,60,,196267,28,,,1,20,,196268,28,,,1,20,,196269,28,,,1,60,,196270,28,,,1,16,,196233,28,,,1,15,,196218,28,,,1,55,,196219,28,,,1,15,,196234,28,,,1,15,,196220,28,,,1,15,,196221,28,,,1,55,,196222,28,,,1,15,,196223,28,,,1,15,,196235,28,,,1,15,,196225,28,,,1,55,,196226,28,,,1,15,,196227,28,,,1,14,,196228,28,,,1,14,,196224,28,,,1,58,,196236,28,,,1,20,,196253,28,,,1,20,,196252,28,,,1,60,,196251,28,,,1,20,,196250,28,,,1,20,,196249,28,,,1,60,,196248,28,,,1,20,,196247,28,,,1,20,,196246,28,,,1,60,,196245,28,,,1,17,,196244,28,,,1,20,,196229,28,,,1,60,,196232,28,,,1,20,,196271,28,,,1,30,,196230,28,,,1,70,,196231,28,,,1
51601,'516-Saturday-1-26-06-0000010',631,,176103,28,,,1,20,,176069,28,,,1,60,,176117,28,,,1,20,,176097,28,,,1,20,,176070,28,,,1,60,,176118,28,,,1,17,,176098,28,,,1,19,,176071,28,,,1,55,,176104,28,,,1,15,,176119,28,,,1,16,,176072,28,,,1,15,,176073,28,,,1,55,,176120,28,,,1,15,,176105,28,,,1,15,,176074,28,,,1,15,,176075,28,,,1,55,,176121,28,,,1,15,,176106,28,,,1,15,,176076,28,,,1,15,,176077,28,,,1,55,,176122,28,,,1,15,,176107,28,,,1,15,,176078,28,,,1,15,,176079,28,,,1,55,,176123,28,,,1,15,,176108,28,,,1,15,,176080,28,,,1,15,,176081,28,,,1,55,,176124,28,,,1,15,,176109,28,,,1,15,,176082,28,,,1,15,,176083,28,,,1,55,,176125,28,,,1,15,,176110,28,,,1,15,,176084,28,,,1,15,,176085,28,,,1,55,,176126,28,,,1,15,,176111,28,,,1,15,,176086,28,,,1,15,,176088,28,,,1,55,,176127,28,,,1,14,,176112,28,,,1,14,,176089,28,,,1,14,,176090,28,,,1,57,,176128,28,,,1,13,,176113,28,,,1,15,,176087,28,,,1,15,,176091,28,,,1,57,,176129,28,,,1,15,,176132,28,,,1,15,,176114,28,,,1,18,,176092,28,,,1,60,,176099,28,,,1,20,,176093,28,,,1,20,,176130,28,,,1,60,,176100,28,,,1,20,,176094,28,,,1,20,,176131,28,,,1,60,,176101,28,,,1,30,,176095,28,,,1,70,,176115,28,,,1,30,,176102,28,,,1,70,,176116,28,,,1,30,,176096,28,,,1
51601,'516-Sunday-1-26-06-0000001',622,,176178,28,,,1,20,,176133,28,,,1,60,,176160,28,,,1,20,,176134,28,,,1,20,,176179,28,,,1,60,,176161,28,,,1,20,,176135,28,,,1,20,,176180,28,,,1,61,,176162,28,,,1,21,,176136,28,,,1,20,,176181,28,,,1,57,,176163,28,,,1,15,,176193,28,,,1,15,,176137,28,,,1,15,,176166,28,,,1,55,,176182,28,,,1,15,,176138,28,,,1,15,,176139,28,,,1,15,,176167,28,,,1,55,,176183,28,,,1,15,,176140,28,,,1,15,,176141,28,,,1,15,,176168,28,,,1,55,,176184,28,,,1,15,,176142,28,,,1,15,,176144,28,,,1,15,,176169,28,,,1,55,,176185,28,,,1,15,,176146,28,,,1,15,,176147,28,,,1,15,,176170,28,,,1,55,,176186,28,,,1,15,,176143,28,,,1,15,,176148,28,,,1,15,,176171,28,,,1,55,,176187,28,,,1,15,,176145,28,,,1,15,,176149,28,,,1,15,,176172,28,,,1,55,,176188,28,,,1,14,,176150,28,,,1,13,,176151,28,,,1,15,,176173,28,,,1,15,,176189,28,,,1,54,,176152,28,,,1,15,,176153,28,,,1,15,,176174,28,,,1,15,,176190,28,,,1,55,,176154,28,,,1,20,,176155,28,,,1,20,,176164,28,,,1,60,,176191,28,,,1,20,,176156,28,,,1,20,,176165,28,,,1,60,,176192,28,,,1,20,,176157,28,,,1,70,,176175,28,,,1,30,,176158,28,,,1,70,,176176,28,,,1,30,,176159,28,,,1,70,,176177,28,,,1
51601,'516-Sunday-3-26-06-0000001',622,,196317,28,,,1,20,,196272,28,,,1,60,,196299,28,,,1,20,,196273,28,,,1,20,,196318,28,,,1,60,,196300,28,,,1,20,,196274,28,,,1,20,,196319,28,,,1,61,,196301,28,,,1,21,,196275,28,,,1,20,,196320,28,,,1,57,,196302,28,,,1,15,,196332,28,,,1,15,,196276,28,,,1,15,,196305,28,,,1,55,,196321,28,,,1,15,,196277,28,,,1,15,,196278,28,,,1,15,,196306,28,,,1,55,,196322,28,,,1,15,,196279,28,,,1,15,,196280,28,,,1,15,,196307,28,,,1,55,,196323,28,,,1,15,,196281,28,,,1,15,,196283,28,,,1,15,,196308,28,,,1,55,,196324,28,,,1,15,,196285,28,,,1,15,,196286,28,,,1,15,,196309,28,,,1,55,,196325,28,,,1,15,,196282,28,,,1,15,,196287,28,,,1,15,,196310,28,,,1,55,,196326,28,,,1,15,,196284,28,,,1,15,,196288,28,,,1,15,,196311,28,,,1,55,,196327,28,,,1,14,,196289,28,,,1,13,,196290,28,,,1,15,,196312,28,,,1,15,,196328,28,,,1,54,,196291,28,,,1,15,,196292,28,,,1,15,,196313,28,,,1,15,,196329,28,,,1,55,,196293,28,,,1,20,,196294,28,,,1,20,,196303,28,,,1,60,,196330,28,,,1,20,,196295,28,,,1,20,,196304,28,,,1,60,,196331,28,,,1,20,,196296,28,,,1,70,,196314,28,,,1,30,,196297,28,,,1,70,,196315,28,,,1,30,,196298,28,,,1,70,,196316,28,,,1
52700,'527-Weekday-1-26-06-1111100',538,,177451,15,,,1,70,,177413,15,,,1,32,,177414,15,,,1,75,,177415,15,,,1,30,,177416,15,,,1,60,,177417,15,,,1,20,,177418,15,,,1,20,,177419,15,,,1,60,,177420,15,,,1,18,,177421,15,,,1,18,,177422,15,,,1,70,,177423,15,,,1,30,,177424,15,,,1,70,,177425,15,,,1,30,,177426,15,,,1,70,,177427,15,,,1,30,,177428,15,,,1,70,,177429,15,,,1,30,,177430,15,,,1,70,,177431,15,,,1,30,,177432,15,,,1,73,,177433,15,,,1,35,,177434,15,,,1,60,,177435,15,,,1,20,,177436,15,,,1,20,,177437,15,,,1,60,,177438,15,,,1,20,,177439,15,,,1,20,,177440,15,,,1,60,,177441,15,,,1,19,,177442,15,,,1,16,,177443,15,,,1,64,,177444,15,,,1,30,,177445,15,,,1,70,,177446,15,,,1,30,,177447,15,,,1,70,,177448,15,,,1,30,,177449,15,,,1,70,,177450,15,,,1
52700,'527-Weekday-2-26-06-1111100',538,,197138,15,,,1,70,,197100,15,,,1,32,,197101,15,,,1,75,,197102,15,,,1,30,,197103,15,,,1,60,,197104,15,,,1,20,,197105,15,,,1,20,,197106,15,,,1,60,,197107,15,,,1,18,,197108,15,,,1,18,,197109,15,,,1,70,,197110,15,,,1,30,,197111,15,,,1,70,,197112,15,,,1,30,,197113,15,,,1,70,,197114,15,,,1,30,,197115,15,,,1,70,,197116,15,,,1,30,,197117,15,,,1,70,,197118,15,,,1,30,,197119,15,,,1,73,,197120,15,,,1,35,,197121,15,,,1,60,,197122,15,,,1,20,,197123,15,,,1,20,,197124,15,,,1,60,,197125,15,,,1,20,,197126,15,,,1,20,,197127,15,,,1,60,,197128,15,,,1,19,,197129,15,,,1,16,,197130,15,,,1,64,,197131,15,,,1,30,,197132,15,,,1,70,,197133,15,,,1,30,,197134,15,,,1,70,,197135,15,,,1,30,,197136,15,,,1,70,,197137,15,,,1
52700,'527-Saturday-1-26-06-0000010',643,,177452,15,,,1,100,,177453,15,,,1,100,,177454,15,,,1,72,,177455,15,,,1,32,,177456,15,,,1,70,,177457,15,,,1,30,,177458,15,,,1,70,,177459,15,,,1,30,,177460,15,,,1,70,,177461,15,,,1,30,,177462,15,,,1,70,,177463,15,,,1,30,,177464,15,,,1,70,,177465,15,,,1,30,,177466,15,,,1,70,,177467,15,,,1,30,,177468,15,,,1,70,,177469,15,,,1,30,,177470,15,,,1,68,,177471,15,,,1,29,,177472,15,,,1,70,,177473,15,,,1,30,,177474,15,,,1,70,,177475,15,,,1
52700,'527-Sunday-1-26-06-0000001',1051,,177476,15,,,1,70,,177477,15,,,1,30,,177478,15,,,1,70,,177479,15,,,1,30,,177480,15,,,1,70,,177481,15,,,1,30,,177482,15,,,1,70,,177483,15,,,1,30,,177484,15,,,1,70,,177485,15,,,1,30,,177486,15,,,1,70,,177487,15,,,1,30,,177488,15,,,1,68,,177489,15,,,1,30,,177490,15,,,1,70,,177491,15,,,1,30,,177492,15,,,1,70,,177493,15,,,1
52700,'527-Sunday-2-26-06-0000001',1051,,197139,15,,,1,70,,197140,15,,,1,30,,197141,15,,,1,70,,197142,15,,,1,30,,197143,15,,,1,70,,197144,15,,,1,30,,197145,15,,,1,70,,197146,15,,,1,30,,197147,15,,,1,70,,197148,15,,,1,30,,197149,15,,,1,70,,197150,15,,,1,30,,197151,15,,,1,68,,197152,15,,,1,30,,197153,15,,,1,70,,197154,15,,,1,30,,197155,15,,,1,70,,197156,15,,,1
