10301,'103-Weekday-1-26-02-1111100',540,,27856,13,,,1,70,,27857,13,,,1,31,,27858,13,,,1,70,,27859,13,,,1,30,,27860,13,,,1,70,,27861,13,,,1,28,,27867,13,,,1,20,,27868,13,,,1,59,,27869,13,,,1,20,,27870,13,,,1,20,,27871,13,,,1,60,,27872,13,,,1,20,,27873,13,,,1,20,,27874,13,,,1,60,,27875,13,,,1,20,,27876,13,,,1,20,,27877,13,,,1,60,,27878,13,,,1,20,,27879,13,,,1,20,,27880,13,,,1,60,,27881,13,,,1,20,,27882,13,,,1,20,,27883,13,,,1,60,,27884,13,,,1,20,,27885,13,,,1,20,,27886,13,,,1,66,,27887,13,,,1,30,,27888,13,,,1,70,,27889,13,,,1,30,,27890,13,,,1,70,,27891,13,,,1,30,,27892,13,,,1,70,,27893,13,,,1,29,,27894,13,,,1,70,,27895,13,,,1,30,,27896,13,,,1,70,,27897,13,,,1,30,,27898,13,,,1,70,,27899,13,,,1,30,,27900,13,,,1,70,,27901,13,,,1,33,,27902,13,,,1,70,,27903,13,,,1,30,,27904,13,,,1
10301,'103-Weekday-10-26-02-1111100',540,,27905,13,,,1,70,,27906,13,,,1,31,,27907,13,,,1,70,,27908,13,,,1,30,,27909,13,,,1,70,,27910,13,,,1,28,,27916,13,,,1,20,,27917,13,,,1,59,,27918,13,,,1,20,,27919,13,,,1,20,,27920,13,,,1,60,,27921,13,,,1,20,,27922,13,,,1,20,,27923,13,,,1,60,,27924,13,,,1,20,,27925,13,,,1,20,,27926,13,,,1,60,,27927,13,,,1,20,,27928,13,,,1,20,,27929,13,,,1,60,,27930,13,,,1,20,,27931,13,,,1,20,,27932,13,,,1,60,,27933,13,,,1,20,,27934,13,,,1,20,,27935,13,,,1,66,,27936,13,,,1,30,,27937,13,,,1,70,,27938,13,,,1,30,,27939,13,,,1,70,,27940,13,,,1,30,,27941,13,,,1,70,,27942,13,,,1,29,,27943,13,,,1,70,,27944,13,,,1,30,,27945,13,,,1,70,,27946,13,,,1,30,,27947,13,,,1,70,,27948,13,,,1,30,,27949,13,,,1,70,,27950,13,,,1,33,,27951,13,,,1,70,,27952,13,,,1,30,,27953,13,,,1
10301,'103-Weekday-4-26-02-1111100',540,,28003,13,,,1,70,,28004,13,,,1,31,,28005,13,,,1,70,,28006,13,,,1,30,,28007,13,,,1,70,,28008,13,,,1,28,,28014,13,,,1,20,,28015,13,,,1,59,,28016,13,,,1,20,,28017,13,,,1,20,,28018,13,,,1,60,,28019,13,,,1,20,,28020,13,,,1,20,,28021,13,,,1,60,,28022,13,,,1,20,,28023,13,,,1,20,,28024,13,,,1,60,,28025,13,,,1,20,,28026,13,,,1,20,,28027,13,,,1,60,,28028,13,,,1,20,,28029,13,,,1,20,,28030,13,,,1,60,,28031,13,,,1,20,,28032,13,,,1,20,,28033,13,,,1,66,,28034,13,,,1,30,,28035,13,,,1,70,,28036,13,,,1,30,,28037,13,,,1,70,,28038,13,,,1,30,,28039,13,,,1,70,,28040,13,,,1,29,,28041,13,,,1,70,,28042,13,,,1,30,,28043,13,,,1,70,,28044,13,,,1,30,,28045,13,,,1,70,,28046,13,,,1,30,,28047,13,,,1,70,,28048,13,,,1,33,,28049,13,,,1,70,,28050,13,,,1,30,,28051,13,,,1
10301,'103-Weekday-5-26-02-1111100',540,,28052,13,,,1,70,,28053,13,,,1,31,,28054,13,,,1,70,,28055,13,,,1,30,,28056,13,,,1,70,,28057,13,,,1,28,,28063,13,,,1,20,,28064,13,,,1,59,,28065,13,,,1,20,,28066,13,,,1,20,,28067,13,,,1,60,,28068,13,,,1,20,,28069,13,,,1,20,,28070,13,,,1,60,,28071,13,,,1,20,,28072,13,,,1,20,,28073,13,,,1,60,,28074,13,,,1,20,,28075,13,,,1,20,,28076,13,,,1,60,,28077,13,,,1,20,,28078,13,,,1,20,,28079,13,,,1,60,,28080,13,,,1,20,,28081,13,,,1,20,,28082,13,,,1,66,,28083,13,,,1,30,,28084,13,,,1,70,,28085,13,,,1,30,,28086,13,,,1,70,,28087,13,,,1,30,,28088,13,,,1,70,,28089,13,,,1,29,,28090,13,,,1,70,,28091,13,,,1,30,,28092,13,,,1,70,,28093,13,,,1,30,,28094,13,,,1,70,,28095,13,,,1,30,,28096,13,,,1,70,,28097,13,,,1,33,,28098,13,,,1,70,,28099,13,,,1,30,,28100,13,,,1
10301,'103-Weekday-7-26-02-1111100',540,,28150,13,,,1,70,,28151,13,,,1,31,,28152,13,,,1,70,,28153,13,,,1,30,,28154,13,,,1,70,,28155,13,,,1,28,,28161,13,,,1,20,,28162,13,,,1,59,,28163,13,,,1,20,,28164,13,,,1,20,,28165,13,,,1,60,,28166,13,,,1,20,,28167,13,,,1,20,,28168,13,,,1,60,,28169,13,,,1,20,,28170,13,,,1,20,,28171,13,,,1,60,,28172,13,,,1,20,,28173,13,,,1,20,,28174,13,,,1,60,,28175,13,,,1,20,,28176,13,,,1,20,,28177,13,,,1,60,,28178,13,,,1,20,,28179,13,,,1,20,,28180,13,,,1,66,,28181,13,,,1,30,,28182,13,,,1,70,,28183,13,,,1,30,,28184,13,,,1,70,,28185,13,,,1,30,,28186,13,,,1,70,,28187,13,,,1,29,,28188,13,,,1,70,,28189,13,,,1,30,,28190,13,,,1,70,,28191,13,,,1,30,,28192,13,,,1,70,,28193,13,,,1,30,,28194,13,,,1,70,,28195,13,,,1,33,,28196,13,,,1,70,,28197,13,,,1,30,,28198,13,,,1
10301,'103-Saturday-1-26-02-0000010',613,,28297,13,,,1,30,,28298,13,,,1,70,,28299,13,,,1,30,,28300,13,,,1,70,,28301,13,,,1,30,,28302,13,,,1,68,,28303,13,,,1,30,,28304,13,,,1,70,,28305,13,,,1,30,,28306,13,,,1,70,,28307,13,,,1,30,,28308,13,,,1,70,,28309,13,,,1,30,,28310,13,,,1,70,,28311,13,,,1,30,,28312,13,,,1,70,,28313,13,,,1,30,,28314,13,,,1,70,,28315,13,,,1,30,,28316,13,,,1,70,,28317,13,,,1,30,,28318,13,,,1,72,,28319,13,,,1,30,,28320,13,,,1,70,,28321,13,,,1,30,,28322,13,,,1,70,,28323,13,,,1,30,,28324,13,,,1,70,,28325,13,,,1,30,,28326,13,,,1,70,,28327,13,,,1,30,,28328,13,,,1,70,,28329,13,,,1,30,,28330,13,,,1,70,,28331,13,,,1,30,,28332,13,,,1,70,,28333,13,,,1
10301,'103-Sunday-1-26-02-0000001',607,,28334,13,,,1,30,,28335,13,,,1,70,,28336,13,,,1,30,,28337,13,,,1,70,,28338,13,,,1,30,,28339,13,,,1,67,,28340,13,,,1,32,,28341,13,,,1,70,,28342,13,,,1,30,,28343,13,,,1,70,,28344,13,,,1,30,,28345,13,,,1,70,,28346,13,,,1,30,,28347,13,,,1,70,,28348,13,,,1,30,,28349,13,,,1,70,,28350,13,,,1,30,,28351,13,,,1,70,,28352,13,,,1,30,,28353,13,,,1,70,,28354,13,,,1,30,,28355,13,,,1,71,,28356,13,,,1,30,,28357,13,,,1,70,,28358,13,,,1,30,,28359,13,,,1,70,,28360,13,,,1,30,,28361,13,,,1,70,,28362,13,,,1,30,,28363,13,,,1,70,,28364,13,,,1,30,,28365,13,,,1,70,,28366,13,,,1,30,,28367,13,,,1,70,,28368,13,,,1,30,,28369,13,,,1,70,,28370,13,,,1
24013000,'130X-Weekday-1-26-02-1111100',1526,,102697,31,4,,1,20,,102698,31,4,,1,60,,102699,31,4,,1,20,,102700,31,4,,1,20,,102701,31,4,,1,60,,102702,31,4,,1,20,,102703,31,4,,1,20,,102704,31,4,,1,60,,102705,31,4,,1,20,,102706,31,4,,1
24013000,'130X-Weekday-10-26-02-1111100',1526,,102707,31,4,,1,20,,102708,31,4,,1,60,,102709,31,4,,1,20,,102710,31,4,,1,20,,102711,31,4,,1,60,,102712,31,4,,1,20,,102713,31,4,,1,20,,102714,31,4,,1,60,,102715,31,4,,1,20,,102716,31,4,,1
24013000,'130X-Weekday-4-26-02-1111100',1526,,102727,31,4,,1,20,,102728,31,4,,1,60,,102729,31,4,,1,20,,102730,31,4,,1,20,,102731,31,4,,1,60,,102732,31,4,,1,20,,102733,31,4,,1,20,,102734,31,4,,1,60,,102735,31,4,,1,20,,102736,31,4,,1
24013000,'130X-Weekday-5-26-02-1111100',1526,,102737,31,4,,1,20,,102738,31,4,,1,60,,102739,31,4,,1,20,,102740,31,4,,1,20,,102741,31,4,,1,60,,102742,31,4,,1,20,,102743,31,4,,1,20,,102744,31,4,,1,60,,102745,31,4,,1,20,,102746,31,4,,1
24013000,'130X-Weekday-7-26-02-1111100',1526,,102757,31,4,,1,20,,102758,31,4,,1,60,,102759,31,4,,1,20,,102760,31,4,,1,20,,102761,31,4,,1,60,,102762,31,4,,1,20,,102763,31,4,,1,20,,102764,31,4,,1,60,,102765,31,4,,1,20,,102766,31,4,,1
