71700,'717-Weekday-1-26-06-1111100',514,,180822,17,,,1,30,,180823,17,,,1,70,,180857,17,,,1,21,,180824,17,,,1,23,,180825,17,,,1,60,,180826,17,,,1,20,,180827,17,,,1,20,,180828,17,,,1,60,,180829,17,,,1,20,,180830,17,,,1,70,,180831,17,,,1,31,,180832,17,,,1,70,,180833,17,,,1,30,,180834,17,,,1,70,,180835,17,,,1,30,,180836,17,,,1,70,,180837,17,,,1,30,,180838,17,,,1,70,,180839,17,,,1,30,,180840,17,,,1,70,,180841,17,,,1,30,,180842,17,,,1,72,,180843,17,,,1,32,,180844,17,,,1,70,,180845,17,,,1,30,,180846,17,,,1,70,,180847,17,,,1,30,,180848,17,,,1,70,,180849,17,,,1,26,,180850,17,,,1,66,,180851,17,,,1,30,,180852,17,,,1,70,,180853,17,,,1,30,,180854,17,,,1,70,,180855,17,,,1,30,,180856,17,,,1
71700,'717-Weekday-2-26-06-1111100',514,,198950,17,,,1,30,,198951,17,,,1,70,,198985,17,,,1,21,,198952,17,,,1,23,,198953,17,,,1,60,,198954,17,,,1,20,,198955,17,,,1,20,,198956,17,,,1,60,,198957,17,,,1,20,,198958,17,,,1,70,,198959,17,,,1,31,,198960,17,,,1,70,,198961,17,,,1,30,,198962,17,,,1,70,,198963,17,,,1,30,,198964,17,,,1,70,,198965,17,,,1,30,,198966,17,,,1,70,,198967,17,,,1,30,,198968,17,,,1,70,,198969,17,,,1,30,,198970,17,,,1,72,,198971,17,,,1,32,,198972,17,,,1,70,,198973,17,,,1,30,,198974,17,,,1,70,,198975,17,,,1,30,,198976,17,,,1,70,,198977,17,,,1,26,,198978,17,,,1,66,,198979,17,,,1,30,,198980,17,,,1,70,,198981,17,,,1,30,,198982,17,,,1,70,,198983,17,,,1,30,,198984,17,,,1
71700,'717-Saturday-1-26-06-0000010',840,,180858,17,,,1,68,,180859,17,,,1,30,,180860,17,,,1,70,,180861,17,,,1,30,,180862,17,,,1,70,,180863,17,,,1,30,,180864,17,,,1,70,,180865,17,,,1,30,,180866,17,,,1,70,,180867,17,,,1,30,,180868,17,,,1,70,,180869,17,,,1,30,,180870,17,,,1,70,,180871,17,,,1,30,,180872,17,,,1,70,,180873,17,,,1,30,,180874,17,,,1,72,,180875,17,,,1,30,,180876,17,,,1,70,,180877,17,,,1,30,,180878,17,,,1,70,,180879,17,,,1
71700,'717-Sunday-1-26-06-0000001',1039,,180880,17,,,1,70,,180881,17,,,1,30,,180882,17,,,1,70,,180883,17,,,1,30,,180884,17,,,1,70,,180885,17,,,1,30,,180886,17,,,1,70,,180887,17,,,1,30,,180888,17,,,1,70,,180889,17,,,1,30,,180891,17,,,1,70,,180892,17,,,1,30,,180893,17,,,1,72,,180890,17,,,1,31,,180894,17,,,1,70,,180895,17,,,1,30,,180896,17,,,1,70,,180897,17,,,1
71700,'717-Sunday-2-26-06-0000001',1039,,198986,17,,,1,70,,198987,17,,,1,30,,198988,17,,,1,70,,198989,17,,,1,30,,198990,17,,,1,70,,198991,17,,,1,30,,198992,17,,,1,70,,198993,17,,,1,30,,198994,17,,,1,70,,198995,17,,,1,30,,198997,17,,,1,70,,198998,17,,,1,30,,198999,17,,,1,72,,198996,17,,,1,31,,199000,17,,,1,70,,199001,17,,,1,30,,199002,17,,,1,70,,199003,17,,,1
71800,'718-Weekday-1-26-06-1111100',547,,180976,8,,,1,70,,180977,8,,,1,19,,180978,8,,,1,21,,180979,8,,,1,60,,180980,8,,,1,20,,180981,8,,,1,20,,180982,8,,,1,60,,180983,8,,,1,29,,180984,8,,,1,71,,180985,8,,,1,30,,180986,8,,,1,70,,180987,8,,,1,30,,180988,8,,,1,70,,180989,8,,,1,30,,180990,8,,,1,70,,180991,8,,,1,30,,180992,8,,,1,70,,180993,8,,,1,30,,180994,8,,,1,70,,180995,8,,,1,30,,180996,8,,,1,65,,180997,8,,,1,21,,180998,8,,,1,20,,180999,8,,,1,60,,181000,8,,,1,20,,181001,8,,,1,20,,181002,8,,,1,60,,181003,8,,,1,20,,181004,8,,,1,20,,181005,8,,,1,65,,181006,8,,,1,26,,181007,8,,,1,71,,181008,8,,,1,30,,181009,8,,,1,70,,181010,8,,,1,30,,181011,8,,,1,70,,181012,8,,,1,30,,181013,8,,,1
71800,'718-Weekday-2-26-06-1111100',547,,199060,8,,,1,70,,199061,8,,,1,19,,199062,8,,,1,21,,199063,8,,,1,60,,199064,8,,,1,20,,199065,8,,,1,20,,199066,8,,,1,60,,199067,8,,,1,29,,199068,8,,,1,71,,199069,8,,,1,30,,199070,8,,,1,70,,199071,8,,,1,30,,199072,8,,,1,70,,199073,8,,,1,30,,199074,8,,,1,70,,199075,8,,,1,30,,199076,8,,,1,70,,199077,8,,,1,30,,199078,8,,,1,70,,199079,8,,,1,30,,199080,8,,,1,65,,199081,8,,,1,21,,199082,8,,,1,20,,199083,8,,,1,60,,199084,8,,,1,20,,199085,8,,,1,20,,199086,8,,,1,60,,199087,8,,,1,20,,199088,8,,,1,20,,199089,8,,,1,65,,199090,8,,,1,26,,199091,8,,,1,71,,199092,8,,,1,30,,199093,8,,,1,70,,199094,8,,,1,30,,199095,8,,,1,70,,199096,8,,,1,30,,199097,8,,,1
71800,'718-Saturday-1-26-06-0000010',754,,181039,8,,,1,70,,181037,8,,,1,30,,181038,8,,,1,71,,181035,8,,,1,30,,181014,8,,,1,70,,181015,8,,,1,30,,181016,8,,,1,70,,181017,8,,,1,30,,181018,8,,,1,70,,181019,8,,,1,30,,181020,8,,,1,70,,181021,8,,,1,30,,181022,8,,,1,70,,181023,8,,,1,30,,181024,8,,,1,70,,181025,8,,,1,30,,181026,8,,,1,70,,181027,8,,,1,30,,181028,8,,,1,70,,181029,8,,,1,30,,181030,8,,,1,70,,181031,8,,,1,30,,181032,8,,,1,70,,181033,8,,,1,30,,181036,8,,,1,100,,181034,8,,,1
71800,'718-Sunday-1-26-06-0000001',835,,181054,8,,,1,71,,181055,8,,,1,30,,181056,8,,,1,70,,181057,8,,,1,30,,181058,8,,,1,70,,181059,8,,,1,30,,181060,8,,,1,70,,181061,8,,,1,30,,181062,8,,,1,70,,181063,8,,,1,30,,181048,8,,,1,70,,181049,8,,,1,30,,181050,8,,,1,70,,181051,8,,,1,30,,181040,8,,,1,70,,181041,8,,,1,30,,181042,8,,,1,70,,181043,8,,,1,30,,181044,8,,,1,70,,181045,8,,,1,30,,181046,8,,,1,70,,181047,8,,,1,100,,181053,8,,,1,100,,181052,8,,,1
71800,'718-Sunday-2-26-06-0000001',835,,199112,8,,,1,71,,199113,8,,,1,30,,199114,8,,,1,70,,199115,8,,,1,30,,199116,8,,,1,70,,199117,8,,,1,30,,199118,8,,,1,70,,199119,8,,,1,30,,199120,8,,,1,70,,199121,8,,,1,30,,199106,8,,,1,70,,199107,8,,,1,30,,199108,8,,,1,70,,199109,8,,,1,30,,199098,8,,,1,70,,199099,8,,,1,30,,199100,8,,,1,70,,199101,8,,,1,30,,199102,8,,,1,70,,199103,8,,,1,30,,199104,8,,,1,70,,199105,8,,,1,100,,199111,8,,,1,100,,199110,8,,,1
