90700,'907-Weekday-1-26-02-1111100',535,,87494,9,,,1,70,,87495,9,,,1,31,,87496,9,,,1,15,,87497,9,,,1,55,,87498,9,,,1,15,,87499,9,,,1,15,,87500,9,,,1,15,,87501,9,,,1,55,,87502,9,,,1,15,,87503,9,,,1,15,,87504,9,,,1,69,,87505,9,,,1,30,,87506,9,,,1,70,,87507,9,,,1,30,,87508,9,,,1,70,,87509,9,,,1,30,,87510,9,,,1,70,,87511,9,,,1,30,,87512,9,,,1,70,,87513,9,,,1,30,,87514,9,,,1,70,,87515,9,,,1,30,,87516,9,,,1,71,,87517,9,,,1,30,,87518,9,,,1,15,,87519,9,,,1,55,,87520,9,,,1,15,,87521,9,,,1,15,,87522,9,,,1,15,,87523,9,,,1,55,,87524,9,,,1,15,,87525,9,,,1,15,,87526,9,,,1,70,,87527,9,,,1,29,,87528,9,,,1,70,,87529,9,,,1,30,,87530,9,,,1,70,,87531,9,,,1,30,,87532,9,,,1,70,,87533,9,,,1,30,,87534,9,,,1,70,,87535,9,,,1,100,,87536,9,,,1,100,,87537,9,,,1
90700,'907-Weekday-10-26-02-1111100',535,,87538,9,,,1,70,,87539,9,,,1,31,,87540,9,,,1,15,,87541,9,,,1,55,,87542,9,,,1,15,,87543,9,,,1,15,,87544,9,,,1,15,,87545,9,,,1,55,,87546,9,,,1,15,,87547,9,,,1,15,,87548,9,,,1,69,,87549,9,,,1,30,,87550,9,,,1,70,,87551,9,,,1,30,,87552,9,,,1,70,,87553,9,,,1,30,,87554,9,,,1,70,,87555,9,,,1,30,,87556,9,,,1,70,,87557,9,,,1,30,,87558,9,,,1,70,,87559,9,,,1,30,,87560,9,,,1,71,,87561,9,,,1,30,,87562,9,,,1,15,,87563,9,,,1,55,,87564,9,,,1,15,,87565,9,,,1,15,,87566,9,,,1,15,,87567,9,,,1,55,,87568,9,,,1,15,,87569,9,,,1,15,,87570,9,,,1,70,,87571,9,,,1,29,,87572,9,,,1,70,,87573,9,,,1,30,,87574,9,,,1,70,,87575,9,,,1,30,,87576,9,,,1,70,,87577,9,,,1,30,,87578,9,,,1,70,,87579,9,,,1,100,,87580,9,,,1,100,,87581,9,,,1
90700,'907-Weekday-4-26-02-1111100',535,,87626,9,,,1,70,,87627,9,,,1,31,,87628,9,,,1,15,,87629,9,,,1,55,,87630,9,,,1,15,,87631,9,,,1,15,,87632,9,,,1,15,,87633,9,,,1,55,,87634,9,,,1,15,,87635,9,,,1,15,,87636,9,,,1,69,,87637,9,,,1,30,,87638,9,,,1,70,,87639,9,,,1,30,,87640,9,,,1,70,,87641,9,,,1,30,,87642,9,,,1,70,,87643,9,,,1,30,,87644,9,,,1,70,,87645,9,,,1,30,,87646,9,,,1,70,,87647,9,,,1,30,,87648,9,,,1,71,,87649,9,,,1,30,,87650,9,,,1,15,,87651,9,,,1,55,,87652,9,,,1,15,,87653,9,,,1,15,,87654,9,,,1,15,,87655,9,,,1,55,,87656,9,,,1,15,,87657,9,,,1,15,,87658,9,,,1,70,,87659,9,,,1,29,,87660,9,,,1,70,,87661,9,,,1,30,,87662,9,,,1,70,,87663,9,,,1,30,,87664,9,,,1,70,,87665,9,,,1,30,,87666,9,,,1,70,,87667,9,,,1,100,,87668,9,,,1,100,,87669,9,,,1
90700,'907-Weekday-5-26-02-1111100',535,,87670,9,,,1,70,,87671,9,,,1,31,,87672,9,,,1,15,,87673,9,,,1,55,,87674,9,,,1,15,,87675,9,,,1,15,,87676,9,,,1,15,,87677,9,,,1,55,,87678,9,,,1,15,,87679,9,,,1,15,,87680,9,,,1,69,,87681,9,,,1,30,,87682,9,,,1,70,,87683,9,,,1,30,,87684,9,,,1,70,,87685,9,,,1,30,,87686,9,,,1,70,,87687,9,,,1,30,,87688,9,,,1,70,,87689,9,,,1,30,,87690,9,,,1,70,,87691,9,,,1,30,,87692,9,,,1,71,,87693,9,,,1,30,,87694,9,,,1,15,,87695,9,,,1,55,,87696,9,,,1,15,,87697,9,,,1,15,,87698,9,,,1,15,,87699,9,,,1,55,,87700,9,,,1,15,,87701,9,,,1,15,,87702,9,,,1,70,,87703,9,,,1,29,,87704,9,,,1,70,,87705,9,,,1,30,,87706,9,,,1,70,,87707,9,,,1,30,,87708,9,,,1,70,,87709,9,,,1,30,,87710,9,,,1,70,,87711,9,,,1,100,,87712,9,,,1,100,,87713,9,,,1
90700,'907-Weekday-6-26-02-1111100',535,,87714,9,,,1,70,,87715,9,,,1,31,,87716,9,,,1,15,,87717,9,,,1,55,,87718,9,,,1,15,,87719,9,,,1,15,,87720,9,,,1,15,,87721,9,,,1,55,,87722,9,,,1,15,,87723,9,,,1,15,,87724,9,,,1,69,,87725,9,,,1,30,,87726,9,,,1,70,,87727,9,,,1,30,,87728,9,,,1,70,,87729,9,,,1,30,,87730,9,,,1,70,,87731,9,,,1,30,,87732,9,,,1,70,,87733,9,,,1,30,,87734,9,,,1,70,,87735,9,,,1,30,,87736,9,,,1,71,,87737,9,,,1,30,,87738,9,,,1,15,,87739,9,,,1,55,,87740,9,,,1,15,,87741,9,,,1,15,,87742,9,,,1,15,,87743,9,,,1,55,,87744,9,,,1,15,,87745,9,,,1,15,,87746,9,,,1,70,,87747,9,,,1,29,,87748,9,,,1,70,,87749,9,,,1,30,,87750,9,,,1,70,,87751,9,,,1,30,,87752,9,,,1,70,,87753,9,,,1,30,,87754,9,,,1,70,,87755,9,,,1,100,,87756,9,,,1,100,,87757,9,,,1
90700,'907-Weekday-7-26-02-1111100',535,,87758,9,,,1,70,,87759,9,,,1,31,,87760,9,,,1,15,,87761,9,,,1,55,,87762,9,,,1,15,,87763,9,,,1,15,,87764,9,,,1,15,,87765,9,,,1,55,,87766,9,,,1,15,,87767,9,,,1,15,,87768,9,,,1,69,,87769,9,,,1,30,,87770,9,,,1,70,,87771,9,,,1,30,,87772,9,,,1,70,,87773,9,,,1,30,,87774,9,,,1,70,,87775,9,,,1,30,,87776,9,,,1,70,,87777,9,,,1,30,,87778,9,,,1,70,,87779,9,,,1,30,,87780,9,,,1,71,,87781,9,,,1,30,,87782,9,,,1,15,,87783,9,,,1,55,,87784,9,,,1,15,,87785,9,,,1,15,,87786,9,,,1,15,,87787,9,,,1,55,,87788,9,,,1,15,,87789,9,,,1,15,,87790,9,,,1,70,,87791,9,,,1,29,,87792,9,,,1,70,,87793,9,,,1,30,,87794,9,,,1,70,,87795,9,,,1,30,,87796,9,,,1,70,,87797,9,,,1,30,,87798,9,,,1,70,,87799,9,,,1,100,,87800,9,,,1,100,,87801,9,,,1
90700,'907-Saturday-1-26-02-0000010',706,,87890,9,,,1,100,,87891,9,,,1,30,,87896,9,,,1,72,,87897,9,,,1,30,,87898,9,,,1,70,,87899,9,,,1,30,,87900,9,,,1,70,,87901,9,,,1,30,,87902,9,,,1,70,,87903,9,,,1,30,,87904,9,,,1,70,,87905,9,,,1,30,,87906,9,,,1,70,,87907,9,,,1,30,,87908,9,,,1,70,,87909,9,,,1,30,,87910,9,,,1,70,,87911,9,,,1,30,,87912,9,,,1,70,,87913,9,,,1,30,,87914,9,,,1,70,,87915,9,,,1,30,,87916,9,,,1,70,,87892,9,,,1,100,,87893,9,,,1,100,,87894,9,,,1,100,,87895,9,,,1
90700,'907-Sunday-1-26-02-0000001',1012,,87917,9,,,1,30,,87918,9,,,1,70,,87919,9,,,1,30,,87920,9,,,1,70,,87921,9,,,1,30,,87922,9,,,1,70,,87923,9,,,1,30,,87924,9,,,1,70,,87925,9,,,1,30,,87926,9,,,1,70,,87927,9,,,1,30,,87928,9,,,1,70,,87929,9,,,1,30,,87930,9,,,1,70,,87931,9,,,1,30,,87932,9,,,1,70,,87933,9,,,1,30,,87934,9,,,1,70,,87935,9,,,1
92500,'925-Weekday-1-26-02-1111100',819,,100152,19,,,1,101,,100150,19,,,1,100,,100147,19,,,1,100,,100151,19,,,1,100,,100145,19,,,1,100,,100149,19,,,1,100,,100146,19,,,1,100,,100148,19,,,1
92500,'925-Weekday-10-26-02-1111100',819,,100160,19,,,1,101,,100158,19,,,1,100,,100155,19,,,1,100,,100159,19,,,1,100,,100153,19,,,1,100,,100157,19,,,1,100,,100154,19,,,1,100,,100156,19,,,1
92500,'925-Weekday-4-26-02-1111100',819,,100176,19,,,1,101,,100174,19,,,1,100,,100171,19,,,1,100,,100175,19,,,1,100,,100169,19,,,1,100,,100173,19,,,1,100,,100170,19,,,1,100,,100172,19,,,1
92500,'925-Weekday-5-26-02-1111100',819,,100184,19,,,1,101,,100182,19,,,1,100,,100179,19,,,1,100,,100183,19,,,1,100,,100177,19,,,1,100,,100181,19,,,1,100,,100178,19,,,1,100,,100180,19,,,1
92500,'925-Weekday-6-26-02-1111100',819,,100192,19,,,1,101,,100190,19,,,1,100,,100187,19,,,1,100,,100191,19,,,1,100,,100185,19,,,1,100,,100189,19,,,1,100,,100186,19,,,1,100,,100188,19,,,1
92500,'925-Weekday-7-26-02-1111100',819,,100200,19,,,1,101,,100198,19,,,1,100,,100195,19,,,1,100,,100199,19,,,1,100,,100193,19,,,1,100,,100197,19,,,1,100,,100194,19,,,1,100,,100196,19,,,1
