11100,'111-Weekday-1-26-02-1111100',910,,33977,16,,,1,100,,33978,16,,,1,100,,33979,16,,,1,100,,33980,16,,,1,100,,33981,16,,,1,100,,33982,16,,,1,101,,33983,16,0,30,1
11100,'111-Weekday-10-26-02-1111100',910,,33984,16,,,1,100,,33985,16,,,1,100,,33986,16,,,1,100,,33987,16,,,1,100,,33988,16,,,1,100,,33989,16,,,1,101,,33990,16,0,30,1
11100,'111-Weekday-2-26-02-1111100',910,,33991,16,,,1,100,,33992,16,,,1,100,,33993,16,,,1,100,,33994,16,,,1,100,,33995,16,,,1,100,,33996,16,,,1,101,,33997,16,0,30,1
11100,'111-Weekday-4-26-02-1111100',910,,33998,16,,,1,100,,33999,16,,,1,100,,34000,16,,,1,100,,34001,16,,,1,100,,34002,16,,,1,100,,34003,16,,,1,101,,34004,16,0,30,1
11100,'111-Weekday-5-26-02-1111100',910,,34005,16,,,1,100,,34006,16,,,1,100,,34007,16,,,1,100,,34008,16,,,1,100,,34009,16,,,1,100,,34010,16,,,1,101,,34011,16,0,30,1
11100,'111-Weekday-6-26-02-1111100',910,,34012,16,,,1,100,,34013,16,,,1,100,,34014,16,,,1,100,,34015,16,,,1,100,,34016,16,,,1,100,,34017,16,,,1,101,,34018,16,0,30,1
11100,'111-Weekday-7-26-02-1111100',910,,34019,16,,,1,100,,34020,16,,,1,100,,34021,16,,,1,100,,34022,16,,,1,100,,34023,16,,,1,100,,34024,16,,,1,101,,34025,16,0,30,1
11100,'111-Weekday-8-26-02-1111100',910,,34026,16,,,1,100,,34027,16,,,1,100,,34028,16,,,1,100,,34029,16,,,1,100,,34030,16,,,1,100,,34031,16,,,1,101,,34032,16,0,30,1
11100,'111-Weekday-9-26-02-1111100',910,,34033,16,,,1,100,,34034,16,,,1,100,,34035,16,,,1,100,,34036,16,,,1,100,,34037,16,,,1,100,,34038,16,,,1,101,,34039,16,0,30,1
11100,'111-Saturday-1-26-02-0000010',910,,34045,16,0,30,1,100,,34046,16,0,30,1,100,,34042,16,0,30,1,100,,34043,16,0,30,1,100,,34044,16,0,30,1,100,,34040,16,0,30,1,100,,34041,16,0,30,1
11101,'111-Weekday-1-26-02-1111100',1007,,34047,47,,,1,100,,34048,47,,,1,100,,34049,47,,,1,100,,34050,47,,,1,100,,34051,47,,,1,100,,34052,47,,,1,100,,34053,47,,,1
11101,'111-Weekday-10-26-02-1111100',1007,,34054,47,,,1,100,,34055,47,,,1,100,,34056,47,,,1,100,,34057,47,,,1,100,,34058,47,,,1,100,,34059,47,,,1,100,,34060,47,,,1
11101,'111-Weekday-2-26-02-1111100',1007,,34061,47,,,1,100,,34062,47,,,1,100,,34063,47,,,1,100,,34064,47,,,1,100,,34065,47,,,1,100,,34066,47,,,1,100,,34067,47,,,1
11101,'111-Weekday-4-26-02-1111100',1007,,34068,47,,,1,100,,34069,47,,,1,100,,34070,47,,,1,100,,34071,47,,,1,100,,34072,47,,,1,100,,34073,47,,,1,100,,34074,47,,,1
11101,'111-Weekday-5-26-02-1111100',1007,,34075,47,,,1,100,,34076,47,,,1,100,,34077,47,,,1,100,,34078,47,,,1,100,,34079,47,,,1,100,,34080,47,,,1,100,,34081,47,,,1
11101,'111-Weekday-6-26-02-1111100',1007,,34082,47,,,1,100,,34083,47,,,1,100,,34084,47,,,1,100,,34085,47,,,1,100,,34086,47,,,1,100,,34087,47,,,1,100,,34088,47,,,1
11101,'111-Weekday-7-26-02-1111100',1007,,34089,47,,,1,100,,34090,47,,,1,100,,34091,47,,,1,100,,34092,47,,,1,100,,34093,47,,,1,100,,34094,47,,,1,100,,34095,47,,,1
11101,'111-Weekday-8-26-02-1111100',1007,,34096,47,,,1,100,,34097,47,,,1,100,,34098,47,,,1,100,,34099,47,,,1,100,,34100,47,,,1,100,,34101,47,,,1,100,,34102,47,,,1
11101,'111-Weekday-9-26-02-1111100',1007,,34103,47,,,1,100,,34104,47,,,1,100,,34105,47,,,1,100,,34106,47,,,1,100,,34107,47,,,1,100,,34108,47,,,1,100,,34109,47,,,1
11101,'111-Saturday-1-26-02-0000010',950,,34110,40,0,25,1,100,,34112,40,0,25,1,100,,34113,40,0,25,1,100,,34114,40,0,25,1,100,,34115,40,0,25,1,100,,34116,40,0,25,1,100,,34111,40,0,25,1
