50400,'504-Weekday-1-26-02-1111100',534,,44989,6,,,1,70,,44990,6,,,1,31,,44991,6,,,1,70,,44992,6,,,1,30,,44993,6,,,1,70,,44994,6,,,1,30,,44995,6,,,1,103,,44996,6,,,1,100,,44997,6,,,1,100,,44998,6,,,1,100,,44999,6,,,1,100,,45000,6,,,1,100,,45001,6,,,1,82,,45002,6,,,1,30,,45003,6,,,1,71,,45004,6,,,1,30,,45005,6,,,1,70,,45006,6,,,1,99,,45007,6,,,1,99,,45008,6,,,1,100,,45009,6,,,1,100,,45010,6,,,1
50400,'504-Weekday-10-26-02-1111100',534,,45011,6,,,1,70,,45012,6,,,1,31,,45013,6,,,1,70,,45014,6,,,1,30,,45015,6,,,1,70,,45016,6,,,1,30,,45017,6,,,1,103,,45018,6,,,1,100,,45019,6,,,1,100,,45020,6,,,1,100,,45021,6,,,1,100,,45022,6,,,1,100,,45023,6,,,1,82,,45024,6,,,1,30,,45025,6,,,1,71,,45026,6,,,1,30,,45027,6,,,1,70,,45028,6,,,1,99,,45029,6,,,1,99,,45030,6,,,1,100,,45031,6,,,1,100,,45032,6,,,1
50400,'504-Weekday-2-26-02-1111100',534,,45033,6,,,1,70,,45034,6,,,1,31,,45035,6,,,1,70,,45036,6,,,1,30,,45037,6,,,1,70,,45038,6,,,1,30,,45039,6,,,1,103,,45040,6,,,1,100,,45041,6,,,1,100,,45042,6,,,1,100,,45043,6,,,1,100,,45044,6,,,1,100,,45045,6,,,1,82,,45046,6,,,1,30,,45047,6,,,1,71,,45048,6,,,1,30,,45049,6,,,1,70,,45050,6,,,1,99,,45051,6,,,1,99,,45052,6,,,1,100,,45053,6,,,1,100,,45054,6,,,1
50400,'504-Weekday-4-26-02-1111100',534,,45055,6,,,1,70,,45056,6,,,1,31,,45057,6,,,1,70,,45058,6,,,1,30,,45059,6,,,1,70,,45060,6,,,1,30,,45061,6,,,1,103,,45062,6,,,1,100,,45063,6,,,1,100,,45064,6,,,1,100,,45065,6,,,1,100,,45066,6,,,1,100,,45067,6,,,1,82,,45068,6,,,1,30,,45069,6,,,1,71,,45070,6,,,1,30,,45071,6,,,1,70,,45072,6,,,1,99,,45073,6,,,1,99,,45074,6,,,1,100,,45075,6,,,1,100,,45076,6,,,1
50400,'504-Weekday-5-26-02-1111100',534,,45077,6,,,1,70,,45078,6,,,1,31,,45079,6,,,1,70,,45080,6,,,1,30,,45081,6,,,1,70,,45082,6,,,1,30,,45083,6,,,1,103,,45084,6,,,1,100,,45085,6,,,1,100,,45086,6,,,1,100,,45087,6,,,1,100,,45088,6,,,1,100,,45089,6,,,1,82,,45090,6,,,1,30,,45091,6,,,1,71,,45092,6,,,1,30,,45093,6,,,1,70,,45094,6,,,1,99,,45095,6,,,1,99,,45096,6,,,1,100,,45097,6,,,1,100,,45098,6,,,1
50400,'504-Weekday-6-26-02-1111100',534,,45099,6,,,1,70,,45100,6,,,1,31,,45101,6,,,1,70,,45102,6,,,1,30,,45103,6,,,1,70,,45104,6,,,1,30,,45105,6,,,1,103,,45106,6,,,1,100,,45107,6,,,1,100,,45108,6,,,1,100,,45109,6,,,1,100,,45110,6,,,1,100,,45111,6,,,1,82,,45112,6,,,1,30,,45113,6,,,1,71,,45114,6,,,1,30,,45115,6,,,1,70,,45116,6,,,1,99,,45117,6,,,1,99,,45118,6,,,1,100,,45119,6,,,1,100,,45120,6,,,1
50400,'504-Weekday-7-26-02-1111100',534,,45121,6,,,1,70,,45122,6,,,1,31,,45123,6,,,1,70,,45124,6,,,1,30,,45125,6,,,1,70,,45126,6,,,1,30,,45127,6,,,1,103,,45128,6,,,1,100,,45129,6,,,1,100,,45130,6,,,1,100,,45131,6,,,1,100,,45132,6,,,1,100,,45133,6,,,1,82,,45134,6,,,1,30,,45135,6,,,1,71,,45136,6,,,1,30,,45137,6,,,1,70,,45138,6,,,1,99,,45139,6,,,1,99,,45140,6,,,1,100,,45141,6,,,1,100,,45142,6,,,1
50400,'504-Weekday-8-26-02-1111100',534,,45143,6,,,1,70,,45144,6,,,1,31,,45145,6,,,1,70,,45146,6,,,1,30,,45147,6,,,1,70,,45148,6,,,1,30,,45149,6,,,1,103,,45150,6,,,1,100,,45151,6,,,1,100,,45152,6,,,1,100,,45153,6,,,1,100,,45154,6,,,1,100,,45155,6,,,1,82,,45156,6,,,1,30,,45157,6,,,1,71,,45158,6,,,1,30,,45159,6,,,1,70,,45160,6,,,1,99,,45161,6,,,1,99,,45162,6,,,1,100,,45163,6,,,1,100,,45164,6,,,1
50400,'504-Weekday-9-26-02-1111100',534,,45165,6,,,1,70,,45166,6,,,1,31,,45167,6,,,1,70,,45168,6,,,1,30,,45169,6,,,1,70,,45170,6,,,1,30,,45171,6,,,1,103,,45172,6,,,1,100,,45173,6,,,1,100,,45174,6,,,1,100,,45175,6,,,1,100,,45176,6,,,1,100,,45177,6,,,1,82,,45178,6,,,1,30,,45179,6,,,1,71,,45180,6,,,1,30,,45181,6,,,1,70,,45182,6,,,1,99,,45183,6,,,1,99,,45184,6,,,1,100,,45185,6,,,1,100,,45186,6,,,1
50400,'504-Saturday-1-26-02-0000010',747,,45187,6,,,1,100,,45188,6,,,1,100,,45189,6,,,1,100,,45190,6,,,1,100,,45191,6,,,1,100,,45192,6,,,1,100,,45193,6,,,1,100,,45194,6,,,1,100,,45195,6,,,1,100,,45196,6,,,1,100,,45197,6,,,1,100,,45198,6,,,1,100,,45199,6,,,1
50400,'504-Sunday-1-26-02-0000001',744,,45200,6,,,1,99,,45201,6,,,1,99,,45202,6,,,1,100,,45203,6,,,1,100,,45204,6,,,1,100,,45205,6,,,1,100,,45206,6,,,1,100,,45207,6,,,1,100,,45208,6,,,1,101,,45209,6,,,1,101,,45210,6,,,1,100,,45211,6,,,1
