12400,'124-Weekday-1-26-04-1111100',559,,124395,39,,,1,70,,124398,39,,,1,74,,124362,39,,,1,15,,124363,39,,,1,15,,124364,39,,,1,15,,124365,39,,,1,55,,124366,39,,,1,15,,124367,39,,,1,15,,124368,39,,,1,15,,124369,39,,,1,55,,124389,39,,,1,30,,124390,39,,,1,70,,124391,39,,,1,30,,124370,39,,,1,70,,124371,39,,,1,30,,124372,39,,,1,70,,124373,39,,,1,30,,124374,39,,,1,70,,124375,39,,,1,30,,124376,39,,,1,70,,124394,39,,,1,30,,124396,39,,,1,70,,124397,39,,,1,34,,124392,39,,,1,8,,124358,39,,,1,7,,124377,39,,,1,55,,124378,39,,,1,15,,124379,39,,,1,15,,124380,39,,,1,15,,124381,39,,,1,55,,124382,39,,,1,15,,124383,39,,,1,15,,124384,39,,,1,15,,124385,39,,,1,55,,124393,39,,,1,29,,124388,39,,,1,66,,124399,39,,,1,30,,124400,39,,,1,70,,124359,39,,,1,30,,124360,39,,,1,70,,124361,39,,,1,30,,124386,39,,,1,70,,124387,39,,,1
12400,'124-Weekday-2-26-04-1111100',559,,124438,39,,,1,70,,124441,39,,,1,74,,124405,39,,,1,15,,124406,39,,,1,15,,124407,39,,,1,15,,124408,39,,,1,55,,124409,39,,,1,15,,124410,39,,,1,15,,124411,39,,,1,15,,124412,39,,,1,55,,124432,39,,,1,30,,124433,39,,,1,70,,124434,39,,,1,30,,124413,39,,,1,70,,124414,39,,,1,30,,124415,39,,,1,70,,124416,39,,,1,30,,124417,39,,,1,70,,124418,39,,,1,30,,124419,39,,,1,70,,124437,39,,,1,30,,124439,39,,,1,70,,124440,39,,,1,34,,124435,39,,,1,8,,124401,39,,,1,7,,124420,39,,,1,55,,124421,39,,,1,15,,124422,39,,,1,15,,124423,39,,,1,15,,124424,39,,,1,55,,124425,39,,,1,15,,124426,39,,,1,15,,124427,39,,,1,15,,124428,39,,,1,55,,124436,39,,,1,29,,124431,39,,,1,66,,124442,39,,,1,30,,124443,39,,,1,70,,124402,39,,,1,30,,124403,39,,,1,70,,124404,39,,,1,30,,124429,39,,,1,70,,124430,39,,,1
12400,'124-Weekday-3-26-04-1111100',559,,124480,39,,,1,70,,124483,39,,,1,74,,124447,39,,,1,15,,124448,39,,,1,15,,124449,39,,,1,15,,124450,39,,,1,55,,124451,39,,,1,15,,124452,39,,,1,15,,124453,39,,,1,15,,124454,39,,,1,55,,124474,39,,,1,30,,124475,39,,,1,70,,124476,39,,,1,30,,124455,39,,,1,70,,124456,39,,,1,30,,124457,39,,,1,70,,124458,39,,,1,30,,124459,39,,,1,70,,124460,39,,,1,30,,124461,39,,,1,70,,124479,39,,,1,30,,124481,39,,,1,70,,124482,39,,,1,34,,124477,39,,,1,15,,124462,39,,,1,55,,124463,39,,,1,15,,124464,39,,,1,15,,124465,39,,,1,15,,124466,39,,,1,55,,124467,39,,,1,15,,124468,39,,,1,15,,124469,39,,,1,15,,124470,39,,,1,55,,124478,39,,,1,29,,124473,39,,,1,66,,124484,39,,,1,30,,124485,39,,,1,70,,124444,39,,,1,30,,124445,39,,,1,70,,124446,39,,,1,30,,124471,39,,,1,70,,124472,39,,,1
12400,'124-Saturday-1-26-04-0000010',810,,124486,39,,,1,30,,124487,39,,,1,71,,124488,39,,,1,30,,124489,39,,,1,70,,124490,39,,,1,30,,124491,39,,,1,70,,124492,39,,,1,30,,124493,39,,,1,70,,124494,39,,,1,30,,124495,39,,,1,70,,124496,39,,,1,30,,124497,39,,,1,70,,124498,39,,,1,30,,124499,39,,,1,70,,124500,39,,,1,30,,124501,39,,,1,70,,124502,39,,,1,30,,124503,39,,,1,69,,124504,39,,,1,30,,124505,39,,,1,70,,124506,39,,,1,30,,124507,39,,,1,70,,124508,39,,,1
12400,'124-Sunday-1-26-04-0000001',1029,,124509,39,,,1,27,,124510,39,,,1,70,,124511,39,,,1,30,,124512,39,,,1,70,,124513,39,,,1,30,,124514,39,,,1,70,,124515,39,,,1,30,,124516,39,,,1,70,,124517,39,,,1,30,,124518,39,,,1,70,,124519,39,,,1,30,,124520,39,,,1,70,,124521,39,,,1,31,,124522,39,,,1,70,,124523,39,,,1,30,,124524,39,,,1,70,,124525,39,,,1,73,,124526,39,,,1,30,,124527,39,,,1
61301,'613-Weekday-1-26-04-0001000',1247,,131638,28,4,,1,5,,131639,28,4,,1,203,,131640,28,4,,1,45,,131641,28,4,,1
61301,'613-Weekday-1-26-04-1110100',1545,,131642,28,4,,1,5,,131643,28,4,,1,5,,131644,28,4,,1,45,,131645,28,4,,1
61301,'613-Weekday-2-26-04-1110100',1555,,131646,28,4,,1,45,,131647,28,4,,1
61301,'613-Weekday-3-26-04-0001000',1247,,131648,28,4,,1,5,,131649,28,4,,1
61301,'613-Weekday-3-26-04-1110100',1545,,131650,28,4,,1,5,,131651,28,4,,1
