10700,'107-Weekday-1-26-02-1111100',534,,30584,24,,,1,70,,30585,24,,,1,32,,30586,24,,,1,17,,30587,24,,,1,55,,30588,24,,,1,15,,30589,24,,,1,15,,30590,24,,,1,15,,30591,24,,,1,55,,30592,24,,,1,15,,30593,24,,,1,15,,30594,24,,,1,19,,30595,24,,,1,60,,30596,24,,,1,20,,30597,24,,,1,20,,30598,24,,,1,60,,30599,24,,,1,20,,30600,24,,,1,20,,30601,24,,,1,60,,30602,24,,,1,20,,30603,24,,,1,20,,30604,24,,,1,60,,30605,24,,,1,20,,30606,24,,,1,20,,30607,24,,,1,60,,30608,24,,,1,20,,30609,24,,,1,20,,30610,24,,,1,60,,30611,24,,,1,20,,30612,24,,,1,21,,30640,24,,,1,52,,30632,24,,,1,10,,30613,24,,,1,10,,30614,24,,,1,10,,30633,24,,,1,2,,30639,24,,,1,8,,30615,24,,,1,50,,30616,24,,,1,10,,30634,24,,,1,10,,30617,24,,,1,10,,30618,24,,,1,10,,30635,24,,,1,10,,30619,24,,,1,50,,30620,24,,,1,10,,30631,24,,,1,10,,30621,24,,,1,10,,30636,24,,,1,20,,30637,24,,,1,60,,30638,24,,,1,19,,30623,24,,,1,27,,30624,24,,,1,70,,30625,24,,,1,30,,30626,24,,,1,70,,30627,24,,,1,30,,30628,24,,,1,70,,30629,24,,,1,30,,30630,24,,,1,70,,30622,24,,,1
10700,'107-Weekday-10-26-02-1111100',534,,30641,24,,,1,70,,30642,24,,,1,32,,30643,24,,,1,17,,30644,24,,,1,55,,30645,24,,,1,15,,30646,24,,,1,15,,30647,24,,,1,15,,30648,24,,,1,55,,30649,24,,,1,15,,30650,24,,,1,15,,30651,24,,,1,19,,30652,24,,,1,60,,30653,24,,,1,20,,30654,24,,,1,20,,30655,24,,,1,60,,30656,24,,,1,20,,30657,24,,,1,20,,30658,24,,,1,60,,30659,24,,,1,20,,30660,24,,,1,20,,30661,24,,,1,60,,30662,24,,,1,20,,30663,24,,,1,20,,30664,24,,,1,60,,30665,24,,,1,20,,30666,24,,,1,20,,30667,24,,,1,60,,30668,24,,,1,20,,30669,24,,,1,21,,30697,24,,,1,52,,30689,24,,,1,10,,30670,24,,,1,10,,30671,24,,,1,10,,30690,24,,,1,2,,30696,24,,,1,8,,30672,24,,,1,50,,30673,24,,,1,10,,30691,24,,,1,10,,30674,24,,,1,10,,30675,24,,,1,10,,30692,24,,,1,10,,30676,24,,,1,50,,30677,24,,,1,10,,30688,24,,,1,10,,30678,24,,,1,10,,30693,24,,,1,20,,30694,24,,,1,60,,30695,24,,,1,19,,30680,24,,,1,27,,30681,24,,,1,70,,30682,24,,,1,30,,30683,24,,,1,70,,30684,24,,,1,30,,30685,24,,,1,70,,30686,24,,,1,30,,30687,24,,,1,70,,30679,24,,,1
10700,'107-Weekday-11-26-02-1111100',534,,112136,24,,,1,70,,112137,24,,,1,32,,112138,24,,,1,17,,112139,24,,,1,55,,112140,24,,,1,15,,112141,24,,,1,15,,112142,24,,,1,15,,112143,24,,,1,55,,112144,24,,,1,15,,112145,24,,,1,15,,112146,24,,,1,19,,112147,24,,,1,60,,112148,24,,,1,20,,112149,24,,,1,20,,112150,24,,,1,60,,112151,24,,,1,20,,112152,24,,,1,20,,112153,24,,,1,60,,112154,24,,,1,20,,112155,24,,,1,20,,112156,24,,,1,60,,112157,24,,,1,20,,112158,24,,,1,20,,112159,24,,,1,60,,112160,24,,,1,20,,112161,24,,,1,20,,112162,24,,,1,60,,112163,24,,,1,20,,112164,24,,,1,21,,112192,24,,,1,52,,112184,24,,,1,10,,112165,24,,,1,10,,112166,24,,,1,10,,112185,24,,,1,2,,112191,24,,,1,8,,112167,24,,,1,50,,112168,24,,,1,10,,112186,24,,,1,10,,112169,24,,,1,10,,112170,24,,,1,10,,112187,24,,,1,10,,112171,24,,,1,50,,112172,24,,,1,10,,112183,24,,,1,10,,112173,24,,,1,10,,112188,24,,,1,20,,112189,24,,,1,60,,112190,24,,,1,19,,112175,24,,,1,27,,112176,24,,,1,70,,112177,24,,,1,30,,112178,24,,,1,70,,112179,24,,,1,30,,112180,24,,,1,70,,112181,24,,,1,30,,112182,24,,,1,70,,112174,24,,,1
10700,'107-Saturday-1-26-02-0000010',828,,31093,24,,,1,29,,31094,24,,,1,70,,31095,24,,,1,30,,31096,24,,,1,70,,31097,24,,,1,30,,31098,24,,,1,70,,31099,24,,,1,30,,31100,24,,,1,70,,31101,24,,,1,30,,31102,24,,,1,70,,31103,24,,,1,30,,31104,24,,,1,70,,31105,24,,,1,30,,31106,24,,,1,70,,31107,24,,,1,30,,31108,24,,,1,70,,31109,24,,,1,31,,31110,24,,,1,70,,31111,24,,,1,30,,31112,24,,,1,70,,31113,24,,,1,30,,31114,24,,,1,70,,31115,24,,,1
10700,'107-Sunday-2-26-02-0000001',1015,,112193,24,,,1,30,,112194,24,,,1,70,,112195,24,,,1,30,,112196,24,,,1,70,,112197,24,,,1,30,,112198,24,,,1,70,,112199,24,,,1,30,,112200,24,,,1,70,,112201,24,,,1,30,,112202,24,,,1,70,,112203,24,,,1,30,,112204,24,,,1,70,,112205,24,,,1,30,,112206,24,,,1,71,,112207,24,,,1,30,,112208,24,,,1,70,,112209,24,,,1,30,,112210,24,,,1,70,,112211,24,,,1
62601,'626-Weekday-1-26-02-1111100',723,,60869,12,,,1,2,,60870,12,,,1,8,,60871,12,,,1,3,,60872,12,,,1
62601,'626-Weekday-10-26-02-1111100',723,,116740,12,,,1,2,,116741,12,,,1,8,,116742,12,,,1,3,,116743,12,,,1
62601,'626-Weekday-9-26-02-1111100',723,,60889,12,,,1,2,,60890,12,,,1,8,,60891,12,,,1,3,,60892,12,,,1
62800,'628-Weekday-1-26-02-1111100',1527,,60903,16,,,1
62800,'628-Weekday-10-26-02-1111100',1527,,116746,16,,,1
62800,'628-Weekday-9-26-02-1111100',1527,,60907,16,,,1
