50701,'507-Weekday-1-26-02-1111100',531,,46950,17,,,1,70,,46951,17,,,1,32,,46952,17,,,1,21,,46986,17,,,1,55,,46953,17,,,1,22,,46982,17,,,1,15,,46955,17,,,1,55,,46983,17,,,1,15,,46957,17,,,1,15,,46984,17,,,1,15,,46958,17,,,1,66,,46954,17,,,1,24,,46956,17,,,1,64,,46960,17,,,1,30,,46961,17,,,1,70,,46962,17,,,1,30,,46963,17,,,1,70,,46964,17,,,1,30,,46965,17,,,1,70,,46945,17,,,1,30,,46946,17,,,1,70,,46947,17,,,1,30,,46948,17,,,1,70,,46949,17,,,1,33,,46959,17,,,1,75,,46966,17,,,1,30,,46967,17,,,1,70,,46968,17,,,1,30,,46969,17,,,1,70,,46970,17,,,1,27,,46971,17,,,1,68,,46972,17,,,1,25,,46973,17,,,1,31,,46974,17,,,1,70,,46975,17,,,1,30,,46976,17,,,1,70,,46977,17,,,1,30,,46978,17,,,1,67,,46979,17,,,1,27,,46985,17,,,1,90,,46980,17,,,1,100,,46981,17,,,1
50701,'507-Weekday-10-26-02-1111100',531,,46992,17,,,1,70,,46993,17,,,1,32,,46994,17,,,1,21,,47028,17,,,1,55,,46995,17,,,1,22,,47024,17,,,1,15,,46997,17,,,1,55,,47025,17,,,1,15,,46999,17,,,1,15,,47026,17,,,1,15,,47000,17,,,1,66,,46996,17,,,1,24,,46998,17,,,1,64,,47002,17,,,1,30,,47003,17,,,1,70,,47004,17,,,1,30,,47005,17,,,1,70,,47006,17,,,1,30,,47007,17,,,1,70,,46987,17,,,1,30,,46988,17,,,1,70,,46989,17,,,1,30,,46990,17,,,1,70,,46991,17,,,1,33,,47001,17,,,1,75,,47008,17,,,1,30,,47009,17,,,1,70,,47010,17,,,1,30,,47011,17,,,1,70,,47012,17,,,1,27,,47013,17,,,1,68,,47014,17,,,1,25,,47015,17,,,1,31,,47016,17,,,1,70,,47017,17,,,1,30,,47018,17,,,1,70,,47019,17,,,1,30,,47020,17,,,1,67,,47021,17,,,1,27,,47027,17,,,1,90,,47022,17,,,1,100,,47023,17,,,1
50701,'507-Weekday-4-26-02-1111100',531,,47076,17,,,1,70,,47077,17,,,1,32,,47078,17,,,1,21,,47112,17,,,1,55,,47079,17,,,1,22,,47108,17,,,1,15,,47081,17,,,1,55,,47109,17,,,1,15,,47083,17,,,1,15,,47110,17,,,1,15,,47084,17,,,1,66,,47080,17,,,1,24,,47082,17,,,1,64,,47086,17,,,1,30,,47087,17,,,1,70,,47088,17,,,1,30,,47089,17,,,1,70,,47090,17,,,1,30,,47091,17,,,1,70,,47071,17,,,1,30,,47072,17,,,1,70,,47073,17,,,1,30,,47074,17,,,1,70,,47075,17,,,1,33,,47085,17,,,1,75,,47092,17,,,1,30,,47093,17,,,1,70,,47094,17,,,1,30,,47095,17,,,1,70,,47096,17,,,1,27,,47097,17,,,1,68,,47098,17,,,1,25,,47099,17,,,1,31,,47100,17,,,1,70,,47101,17,,,1,30,,47102,17,,,1,70,,47103,17,,,1,30,,47104,17,,,1,67,,47105,17,,,1,27,,47111,17,,,1,90,,47106,17,,,1,100,,47107,17,,,1
50701,'507-Weekday-5-26-02-1111100',531,,47118,17,,,1,70,,47119,17,,,1,32,,47120,17,,,1,21,,47154,17,,,1,55,,47121,17,,,1,22,,47150,17,,,1,15,,47123,17,,,1,55,,47151,17,,,1,15,,47125,17,,,1,15,,47152,17,,,1,15,,47126,17,,,1,66,,47122,17,,,1,24,,47124,17,,,1,64,,47128,17,,,1,30,,47129,17,,,1,70,,47130,17,,,1,30,,47131,17,,,1,70,,47132,17,,,1,30,,47133,17,,,1,70,,47113,17,,,1,30,,47114,17,,,1,70,,47115,17,,,1,30,,47116,17,,,1,70,,47117,17,,,1,33,,47127,17,,,1,75,,47134,17,,,1,30,,47135,17,,,1,70,,47136,17,,,1,30,,47137,17,,,1,70,,47138,17,,,1,27,,47139,17,,,1,68,,47140,17,,,1,25,,47141,17,,,1,31,,47142,17,,,1,70,,47143,17,,,1,30,,47144,17,,,1,70,,47145,17,,,1,30,,47146,17,,,1,67,,47147,17,,,1,27,,47153,17,,,1,90,,47148,17,,,1,100,,47149,17,,,1
50701,'507-Weekday-6-26-02-1111100',531,,47160,17,,,1,70,,47161,17,,,1,32,,47162,17,,,1,21,,47196,17,,,1,55,,47163,17,,,1,22,,47192,17,,,1,15,,47165,17,,,1,55,,47193,17,,,1,15,,47167,17,,,1,15,,47194,17,,,1,15,,47168,17,,,1,66,,47164,17,,,1,24,,47166,17,,,1,64,,47170,17,,,1,30,,47171,17,,,1,70,,47172,17,,,1,30,,47173,17,,,1,70,,47174,17,,,1,30,,47175,17,,,1,70,,47155,17,,,1,30,,47156,17,,,1,70,,47157,17,,,1,30,,47158,17,,,1,70,,47159,17,,,1,33,,47169,17,,,1,75,,47176,17,,,1,30,,47177,17,,,1,70,,47178,17,,,1,30,,47179,17,,,1,70,,47180,17,,,1,27,,47181,17,,,1,68,,47182,17,,,1,25,,47183,17,,,1,31,,47184,17,,,1,70,,47185,17,,,1,30,,47186,17,,,1,70,,47187,17,,,1,30,,47188,17,,,1,67,,47189,17,,,1,27,,47195,17,,,1,90,,47190,17,,,1,100,,47191,17,,,1
50701,'507-Weekday-7-26-02-1111100',531,,47202,17,,,1,70,,47203,17,,,1,32,,47204,17,,,1,21,,47238,17,,,1,55,,47205,17,,,1,22,,47234,17,,,1,15,,47207,17,,,1,55,,47235,17,,,1,15,,47209,17,,,1,15,,47236,17,,,1,15,,47210,17,,,1,66,,47206,17,,,1,24,,47208,17,,,1,64,,47212,17,,,1,30,,47213,17,,,1,70,,47214,17,,,1,30,,47215,17,,,1,70,,47216,17,,,1,30,,47217,17,,,1,70,,47197,17,,,1,30,,47198,17,,,1,70,,47199,17,,,1,30,,47200,17,,,1,70,,47201,17,,,1,33,,47211,17,,,1,75,,47218,17,,,1,30,,47219,17,,,1,70,,47220,17,,,1,30,,47221,17,,,1,70,,47222,17,,,1,27,,47223,17,,,1,68,,47224,17,,,1,25,,47225,17,,,1,31,,47226,17,,,1,70,,47227,17,,,1,30,,47228,17,,,1,70,,47229,17,,,1,30,,47230,17,,,1,67,,47231,17,,,1,27,,47237,17,,,1,90,,47232,17,,,1,100,,47233,17,,,1
50701,'507-Saturday-1-26-02-0000010',539,,47324,17,,,1,100,,47326,17,,,1,100,,47327,17,,,1,70,,47325,17,,,1,30,,47328,17,,,1,71,,47329,17,,,1,33,,47330,17,,,1,72,,47331,17,,,1,30,,47332,17,,,1,70,,47333,17,,,1,30,,47334,17,,,1,70,,47335,17,,,1,30,,47336,17,,,1,70,,47337,17,,,1,30,,47338,17,,,1,70,,47339,17,,,1,30,,47340,17,,,1,70,,47341,17,,,1,30,,47342,17,,,1,70,,47343,17,,,1,30,,47344,17,,,1,68,,47345,17,,,1,28,,47346,17,,,1,69,,47347,17,,,1,30,,47348,17,,,1,70,,47349,17,,,1,100,,47350,17,,,1,100,,47351,17,,,1,100,,47352,17,,,1,100,,47353,17,,,1
50701,'507-Sunday-1-26-02-0000001',606,,47379,17,,,1,100,,47354,17,,,1,100,,47355,17,,,1,101,,47356,17,,,1,106,,47357,17,,,1,30,,47380,17,,,1,70,,47358,17,,,1,30,,47359,17,,,1,70,,47360,17,,,1,30,,47361,17,,,1,70,,47362,17,,,1,30,,47363,17,,,1,70,,47364,17,,,1,30,,47365,17,,,1,70,,47366,17,,,1,30,,47367,17,,,1,70,,47368,17,,,1,30,,47369,17,,,1,68,,47370,17,,,1,28,,47371,17,,,1,69,,47372,17,,,1,30,,47373,17,,,1,70,,47374,17,,,1,51,,47375,17,,,1,100,,47376,17,,,1,100,,47377,17,,,1,100,,47378,17,,,1
63000,'630-Weekday-1-26-02-1111100',747,,60913,28,,,1
63000,'630-Weekday-5-26-02-1111100',747,,60916,28,,,1
63000,'630-Weekday-6-26-02-1111100',747,,60917,28,,,1
63000,'630-Weekday-9-26-02-1111100',747,,60919,28,,,1
63500,'635-Weekday-1-26-02-0000100',933,,61058,28,,,1
63500,'635-Weekday-1-26-02-1111000',803,,61059,28,,,1
63500,'635-Weekday-5-26-02-0000100',933,,61063,28,,,1
63500,'635-Weekday-5-26-02-1111000',803,,61064,28,,,1
63500,'635-Weekday-9-26-02-1111000',803,,61065,28,,,1
