11400,'114-Weekday-1-26-02-1111100',525,,35872,23,,,1,30,,35873,23,,,1,70,,35874,23,,,1,18,,35875,23,,,1,14,,35876,23,,,1,52,,35877,23,,,1,12,,35878,23,,,1,12,,35880,23,,,1,12,,35879,23,,,1,12,,35881,23,,,1,52,,35882,23,,,1,12,,35883,23,,,1,12,,35884,23,,,1,11,,35894,23,,,1,11,,35934,23,,,1,50,,35895,23,,,1,14,,35896,23,,,1,15,,35897,23,,,1,15,,35898,23,,,1,55,,35899,23,,,1,15,,35900,23,,,1,15,,35901,23,,,1,15,,35902,23,,,1,55,,35903,23,,,1,15,,35904,23,,,1,15,,35905,23,,,1,15,,35906,23,,,1,55,,35907,23,,,1,15,,35908,23,,,1,15,,35885,23,,,1,15,,35886,23,,,1,55,,35887,23,,,1,15,,35888,23,,,1,15,,35889,23,,,1,15,,35890,23,,,1,55,,35891,23,,,1,15,,35870,23,,,1,15,,35871,23,,,1,14,,35909,23,,,1,52,,35910,23,,,1,15,,35911,23,,,1,8,,35935,5,,,1,6,,35912,23,,,1,9,,35936,5,,,1,3,,35913,23,,,1,12,,35914,23,,,1,52,,35915,23,,,1,12,,35916,23,,,1,12,,35917,23,,,1,12,,35918,23,,,1,12,,35919,23,,,1,52,,35920,23,,,1,12,,35921,23,,,1,12,,35892,23,,,1,12,,35893,23,,,1,12,,35922,23,,,1,63,,35923,23,,,1,27,,35924,23,,,1,68,,35925,23,,,1,30,,35926,23,,,1,70,,35927,23,,,1,30,,35928,23,,,1,70,,35929,23,,,1,30,,35930,23,,,1,69,,35931,23,,,1,98,,35932,23,,,1,100,,35933,23,,,1
11400,'114-Weekday-10-26-02-1111100',525,,35939,23,,,1,30,,35940,23,,,1,70,,35941,23,,,1,18,,35942,23,,,1,14,,35943,23,,,1,52,,35944,23,,,1,12,,35945,23,,,1,12,,35947,23,,,1,12,,35946,23,,,1,12,,35948,23,,,1,52,,35949,23,,,1,12,,35950,23,,,1,12,,35951,23,,,1,11,,35961,23,,,1,11,,36001,23,,,1,50,,35962,23,,,1,14,,35963,23,,,1,15,,35964,23,,,1,15,,35965,23,,,1,55,,35966,23,,,1,15,,35967,23,,,1,15,,35968,23,,,1,15,,35969,23,,,1,55,,35970,23,,,1,15,,35971,23,,,1,15,,35972,23,,,1,15,,35973,23,,,1,55,,35974,23,,,1,15,,35975,23,,,1,15,,35952,23,,,1,15,,35953,23,,,1,55,,35954,23,,,1,15,,35955,23,,,1,15,,35956,23,,,1,15,,35957,23,,,1,55,,35958,23,,,1,15,,35937,23,,,1,15,,35938,23,,,1,14,,35976,23,,,1,52,,35977,23,,,1,15,,35978,23,,,1,8,,36002,5,,,1,6,,35979,23,,,1,9,,36003,5,,,1,3,,35980,23,,,1,12,,35981,23,,,1,52,,35982,23,,,1,12,,35983,23,,,1,12,,35984,23,,,1,12,,35985,23,,,1,12,,35986,23,,,1,52,,35987,23,,,1,12,,35988,23,,,1,12,,35959,23,,,1,12,,35960,23,,,1,12,,35989,23,,,1,63,,35990,23,,,1,27,,35991,23,,,1,68,,35992,23,,,1,30,,35993,23,,,1,70,,35994,23,,,1,30,,35995,23,,,1,70,,35996,23,,,1,30,,35997,23,,,1,69,,35998,23,,,1,98,,35999,23,,,1,100,,36000,23,,,1
11400,'114-Weekday-11-26-02-1111100',525,,112926,23,,,1,30,,112927,23,,,1,70,,112928,23,,,1,18,,112929,23,,,1,14,,112930,23,,,1,52,,112931,23,,,1,12,,112932,23,,,1,12,,112934,23,,,1,12,,112933,23,,,1,12,,112935,23,,,1,52,,112936,23,,,1,12,,112937,23,,,1,12,,112938,23,,,1,11,,112948,23,,,1,11,,112988,23,,,1,50,,112949,23,,,1,14,,112950,23,,,1,15,,112951,23,,,1,15,,112952,23,,,1,55,,112953,23,,,1,15,,112954,23,,,1,15,,112955,23,,,1,15,,112956,23,,,1,55,,112957,23,,,1,15,,112958,23,,,1,15,,112959,23,,,1,15,,112960,23,,,1,55,,112961,23,,,1,15,,112962,23,,,1,15,,112939,23,,,1,15,,112940,23,,,1,55,,112941,23,,,1,15,,112942,23,,,1,15,,112943,23,,,1,15,,112944,23,,,1,55,,112945,23,,,1,15,,112924,23,,,1,15,,112925,23,,,1,14,,112963,23,,,1,52,,112964,23,,,1,15,,112965,23,,,1,8,,112989,5,,,1,6,,112966,23,,,1,9,,112990,5,,,1,3,,112967,23,,,1,12,,112968,23,,,1,52,,112969,23,,,1,12,,112970,23,,,1,12,,112971,23,,,1,12,,112972,23,,,1,12,,112973,23,,,1,52,,112974,23,,,1,12,,112975,23,,,1,12,,112946,23,,,1,12,,112947,23,,,1,12,,112976,23,,,1,63,,112977,23,,,1,27,,112978,23,,,1,68,,112979,23,,,1,30,,112980,23,,,1,70,,112981,23,,,1,30,,112982,23,,,1,70,,112983,23,,,1,30,,112984,23,,,1,69,,112985,23,,,1,98,,112986,23,,,1,100,,112987,23,,,1
11400,'114-Saturday-1-26-02-0000010',632,,36469,23,,,1,100,,36470,23,,,1,90,,36471,23,,,1,20,,36472,23,,,1,60,,36473,23,,,1,23,,36475,23,,,1,20,,36476,23,,,1,60,,36477,23,,,1,20,,36479,23,,,1,20,,36480,23,,,1,60,,36481,23,,,1,20,,36483,23,,,1,20,,36484,23,,,1,60,,36485,23,,,1,20,,36487,23,,,1,20,,36488,23,,,1,60,,36489,23,,,1,20,,36491,23,,,1,20,,36492,23,,,1,60,,36493,23,,,1,20,,36495,23,,,1,20,,36496,23,,,1,60,,36497,23,,,1,20,,36499,23,,,1,20,,36500,23,,,1,60,,36501,23,,,1,20,,36503,23,,,1,20,,36486,23,,,1,60,,36502,23,,,1,18,,36498,23,,,1,20,,36494,23,,,1,60,,36490,23,,,1,20,,36482,23,,,1,20,,36478,23,,,1,60,,36474,23,,,1,34,,36504,23,,,1,70,,36505,23,,,1,30,,36506,23,,,1,70,,36507,23,,,1,30,,36508,23,,,1,70,,36509,23,,,1,100,,36510,23,,,1,100,,36511,23,,,1
11400,'114-Sunday-2-26-02-0000001',641,,112994,23,,,1,100,,112993,23,,,1,100,,112992,23,,,1,103,,112991,23,,,1,89,,112995,23,,,1,20,,112996,23,,,1,60,,112997,23,,,1,20,,112998,23,,,1,20,,112999,23,,,1,60,,113000,23,,,1,20,,113001,23,,,1,20,,113002,23,,,1,60,,113003,23,,,1,20,,113004,23,,,1,20,,113005,23,,,1,60,,113006,23,,,1,20,,113007,23,,,1,20,,113008,23,,,1,60,,113009,23,,,1,20,,113010,23,,,1,20,,113011,23,,,1,60,,113012,23,,,1,20,,113013,23,,,1,20,,113014,23,,,1,59,,113015,23,,,1,20,,113016,23,,,1,20,,113017,23,,,1,60,,113018,23,,,1,20,,113019,23,,,1,20,,113020,23,,,1,60,,113021,23,,,1,31,,113022,23,,,1,70,,113023,23,,,1,30,,113024,23,,,1,70,,113025,23,,,1,30,,113026,23,,,1,70,,113027,23,,,1,100,,113028,23,,,1,100,,113029,23,,,1
61001,'610-Weekday-1-26-02-1111100',740,,60360,30,,,1,4,,60361,30,,,1,6,,60362,30,,,1,80,,60363,30,,,1,6,,60364,30,,,1,5,,60365,30,,,1
61001,'610-Weekday-10-26-02-1111100',740,,116662,30,,,1,4,,116663,30,,,1,6,,116664,30,,,1,80,,116665,30,,,1,6,,116666,30,,,1,5,,116667,30,,,1
61001,'610-Weekday-9-26-02-1111100',740,,60387,30,,,1,4,,60388,30,,,1,6,,60389,30,,,1,80,,60390,30,,,1,6,,60391,30,,,1,5,,60392,30,,,1
61101,'611-Weekday-1-26-02-1111100',749,,60411,30,4,,1,51,,60412,30,4,,1
61101,'611-Weekday-10-26-02-1111100',749,,116670,30,4,,1,51,,116671,30,4,,1
61101,'611-Weekday-9-26-02-1111100',749,,60421,30,4,,1,51,,60422,30,4,,1
