90801,'908-Weekday-1-26-04-1111100',626,,142568,32,,,1,31,,142569,32,,,1,70,,142570,32,,,1,30,,142571,32,,,1,70,,142572,32,,,1,30,,142573,32,,,1,702,,142574,32,,,1,70,,142575,32,,,1,30,,142576,32,,,1,70,,142577,32,,,1,30,,142578,32,,,1,70,,142579,32,,,1
90901,'909-Weekday-1-26-04-1111100',617,,142776,22,,,1,35,,142777,22,,,1,65,,142778,22,,,1,20,,142779,22,,,1,20,,142780,22,,,1,60,,142781,22,,,1,20,,142782,22,,,1,20,,142783,22,,,1,66,,142784,22,,,1,30,,142785,22,,,1,70,,142786,22,,,1,30,,142787,22,,,1,70,,142788,22,,,1,30,,142789,22,,,1,70,,142790,22,,,1,30,,142791,22,,,1,70,,142792,22,,,1,30,,142793,22,,,1,70,,142794,22,,,1,30,,142795,22,,,1,70,,142796,22,,,1,20,,142797,22,,,1,60,,142798,22,,,1,20,,142799,22,,,1,20,,142800,22,,,1,60,,142801,22,,,1,20,,142802,22,,,1,20,,142803,22,,,1,60,,142804,22,,,1,20,,142805,22,,,1,24,,142806,22,,,1,70,,142807,22,,,1,30,,142808,22,,,1,70,,142809,22,,,1,30,,142810,22,,,1,70,,142811,22,,,1,30,,142812,22,,,1,68,,142813,22,,,1,41,,142814,22,,,1,100,,142815,22,,,1
90901,'909-Saturday-1-26-04-0000010',623,,142923,22,,,1,100,,142896,22,,,1,100,,142897,22,,,1,30,,142898,22,,,1,74,,142899,22,,,1,30,,142900,22,,,1,70,,142901,22,,,1,30,,142902,22,,,1,70,,142903,22,,,1,30,,142904,22,,,1,70,,142905,22,,,1,30,,142906,22,,,1,70,,142907,22,,,1,30,,142908,22,,,1,70,,142909,22,,,1,30,,142910,22,,,1,70,,142911,22,,,1,30,,142912,22,,,1,70,,142913,22,,,1,30,,142914,22,,,1,69,,142915,22,,,1,30,,142916,22,,,1,70,,142917,22,,,1,30,,142918,22,,,1,70,,142919,22,,,1,100,,142920,22,,,1,100,,142921,22,,,1,100,,142922,22,,,1
90901,'909-Sunday-1-26-04-0000001',625,,142924,22,,,1,100,,142925,22,,,1,100,,142926,22,,,1,103,,142927,22,,,1,100,,142928,22,,,1,30,,142929,22,,,1,70,,142930,22,,,1,30,,142931,22,,,1,70,,142932,22,,,1,30,,142933,22,,,1,70,,142934,22,,,1,30,,142935,22,,,1,70,,142936,22,,,1,30,,142937,22,,,1,70,,142938,22,,,1,30,,142939,22,,,1,70,,142940,22,,,1,30,,142941,22,,,1,68,,142942,22,,,1,30,,142943,22,,,1,70,,142944,22,,,1,30,,142945,22,,,1,70,,142947,22,,,1,100,,142946,22,,,1
91200,'912-Weekday-1-26-04-1111100',552,,142948,15,,,1,70,,142949,15,,,1,30,,142950,15,,,1,70,,142951,15,,,1,30,,142952,15,,,1,70,,142953,15,,,1,30,,142954,15,,,1,69,,142955,15,,,1,30,,142956,15,,,1,70,,142957,15,,,1,30,,142958,15,,,1,70,,142959,15,,,1,30,,142960,15,,,1,70,,142961,15,,,1,30,,142962,15,,,1,70,,142963,15,,,1,30,,142964,15,,,1,70,,142965,15,,,1,30,,142966,15,,,1,74,,142967,15,,,1,30,,142968,15,,,1,70,,142969,15,,,1,30,,142970,15,,,1,70,,142971,15,,,1,30,,142972,15,,,1,70,,142973,15,,,1,24,,142974,15,,,1,70,,142975,15,,,1,30,,142976,15,,,1,70,,142977,15,,,1,30,,142978,15,,,1,70,,142979,15,,,1,30,,142980,15,,,1,69,,142981,15,,,1
91200,'912-Saturday-1-26-04-0000010',800,,143051,15,,,1,30,,143052,15,,,1,70,,143050,15,,,1,45,,143053,15,,,1,70,,143054,15,,,1,30,,143055,15,,,1,70,,143056,15,,,1,30,,143057,15,,,1,70,,143058,15,,,1,30,,143059,15,,,1,70,,143060,15,,,1,30,,143061,15,,,1,70,,143062,15,,,1,30,,143063,15,,,1,70,,143064,15,,,1,30,,143065,15,,,1,70,,143066,15,,,1,30,,143067,15,,,1,69,,143068,15,,,1,31,,143069,15,,,1,70,,143070,15,,,1,30,,143071,15,,,1,70,,143072,15,,,1
91200,'912-Sunday-1-26-04-0000001',1014,,143074,15,,,1,30,,143075,15,,,1,70,,143073,15,,,1,30,,143076,15,,,1,70,,143077,15,,,1,30,,143078,15,,,1,70,,143079,15,,,1,30,,143080,15,,,1,70,,143081,15,,,1,30,,143082,15,,,1,70,,143083,15,,,1,30,,143084,15,,,1,70,,143085,15,,,1,30,,143086,15,,,1,70,,143087,15,,,1,30,,143088,15,,,1,70,,143089,15,,,1,30,,143090,15,,,1,70,,143091,15,,,1
91400,'914-Weekday-1-26-04-1111100',550,,143436,30,,,1,70,,143437,30,,,1,35,,143475,30,,,1,60,,143438,30,,,1,20,,143439,30,,,1,20,,143440,30,,,1,60,,143441,30,,,1,20,,143442,30,,,1,20,,143456,30,,,1,69,,143443,30,,,1,30,,143444,30,,,1,70,,143445,30,,,1,30,,143446,30,,,1,70,,143447,30,,,1,30,,143448,30,,,1,70,,143449,30,,,1,30,,143450,30,,,1,70,,143451,30,,,1,30,,143452,30,,,1,70,,143453,30,,,1,30,,143454,30,,,1,74,,143455,30,,,1,30,,143476,30,,,1,55,,143457,30,,,1,15,,143477,30,,,1,15,,143458,30,,,1,15,,143459,30,,,1,55,,143460,30,,,1,15,,143461,30,,,1,15,,143462,30,,,1,15,,143471,30,,,1,70,,143463,30,,,1,26,,143464,30,,,1,70,,143465,30,,,1,30,,143466,30,,,1,70,,143467,30,,,1,30,,143468,30,,,1,70,,143469,30,,,1,30,,143470,30,,,1,67,,143474,30,,,1,100,,143472,30,,,1,100,,143473,30,,,1
91400,'914-Saturday-1-26-04-0000010',720,,143562,30,,,1,100,,143563,30,,,1,30,,143564,30,,,1,74,,143565,30,,,1,30,,143566,30,,,1,70,,143567,30,,,1,30,,143568,30,,,1,70,,143569,30,,,1,30,,143570,30,,,1,70,,143571,30,,,1,30,,143572,30,,,1,70,,143573,30,,,1,30,,143574,30,,,1,70,,143575,30,,,1,30,,143576,30,,,1,70,,143577,30,,,1,30,,143578,30,,,1,70,,143579,30,,,1,30,,143580,30,,,1,69,,143581,30,,,1,30,,143582,30,,,1,70,,143583,30,,,1,30,,143584,30,,,1,100,,143585,30,,,1,100,,143586,30,,,1,100,,143587,30,,,1,100,,143588,30,,,1
91400,'914-Sunday-1-26-04-0000001',720,,143589,30,,,1,100,,143590,30,,,1,100,,143591,30,,,1,103,,143592,30,,,1,100,,143593,30,,,1,30,,143594,30,,,1,70,,143595,30,,,1,30,,143596,30,,,1,70,,143597,30,,,1,30,,143598,30,,,1,70,,143599,30,,,1,30,,143600,30,,,1,70,,143601,30,,,1,30,,143602,30,,,1,70,,143603,30,,,1,30,,143604,30,,,1,70,,143605,30,,,1,28,,143606,30,,,1,70,,143607,30,,,1,30,,143608,30,,,1,70,,143609,30,,,1,30,,143610,30,,,1,100,,143611,30,,,1
91500,'915-Weekday-1-26-04-1111100',544,,143785,22,,,1,70,,143786,22,,,1,33,,143787,22,,,1,12,,143788,22,,,1,52,,143789,22,,,1,12,,143830,22,,,1,12,,143790,22,,,1,12,,143791,22,,,1,12,,143792,22,,,1,52,,143793,22,,,1,12,,143794,22,,,1,12,,143795,22,,,1,12,,143831,22,,,1,69,,143796,22,,,1,30,,143797,22,,,1,70,,143798,22,,,1,30,,143799,22,,,1,70,,143800,22,,,1,30,,143801,22,,,1,70,,143802,22,,,1,30,,143803,22,,,1,70,,143804,22,,,1,30,,143805,22,,,1,70,,143806,22,,,1,30,,143807,22,,,1,74,,143808,22,,,1,15,,143809,22,,,1,15,,143810,22,,,1,55,,143811,22,,,1,15,,143812,22,,,1,15,,143813,22,,,1,15,,143814,22,,,1,55,,143815,22,,,1,15,,143816,22,,,1,15,,143817,22,,,1,15,,143818,22,,,1,70,,143819,22,,,1,25,,143820,22,,,1,69,,143821,22,,,1,30,,143822,22,,,1,70,,143823,22,,,1,30,,143824,22,,,1,70,,143825,22,,,1,30,,143826,22,,,1,69,,143827,22,,,1,100,,143828,22,,,1,100,,143829,22,,,1
91500,'915-Saturday-1-26-04-0000010',601,,143926,22,,,1,100,,143927,22,,,1,100,,143928,22,,,1,30,,143929,22,,,1,71,,143930,22,,,1,33,,143931,22,,,1,70,,143932,22,,,1,30,,143933,22,,,1,70,,143934,22,,,1,30,,143935,22,,,1,70,,143936,22,,,1,30,,143937,22,,,1,70,,143938,22,,,1,30,,143939,22,,,1,70,,143940,22,,,1,30,,143941,22,,,1,70,,143942,22,,,1,30,,143943,22,,,1,70,,143944,22,,,1,30,,143945,22,,,1,70,,143946,22,,,1,29,,143947,22,,,1,70,,143948,22,,,1,30,,143949,22,,,1,70,,143950,22,,,1,30,,143951,22,,,1,70,,143952,22,,,1,30,,143953,22,,,1,70,,143954,22,,,1,30,,143955,22,,,1,70,,143956,22,,,1,100,,143957,22,,,1,100,,143958,22,,,1
91500,'915-Sunday-1-26-04-0000001',631,,143959,22,,,1,100,,143960,22,,,1,100,,143961,22,,,1,102,,143962,22,,,1,100,,143963,22,,,1,70,,143964,22,,,1,30,,143965,22,,,1,70,,143966,22,,,1,30,,143967,22,,,1,70,,143968,22,,,1,30,,143969,22,,,1,70,,143970,22,,,1,30,,143971,22,,,1,70,,143972,22,,,1,30,,143973,22,,,1,70,,143974,22,,,1,30,,143975,22,,,1,70,,143976,22,,,1,29,,143977,22,,,1,70,,143978,22,,,1,30,,143979,22,,,1,70,,143980,22,,,1,30,,143981,22,,,1,70,,143982,22,,,1,30,,143983,22,,,1,70,,143984,22,,,1,30,,143985,22,,,1,100,,143986,22,,,1,100,,143987,22,,,1,100,,143988,22,,,1
92100,'921-Weekday-1-26-04-1111100',557,,145866,23,,,1,70,,145867,23,,,1,32,,145868,23,,,1,65,,145869,23,,,1,20,,145870,23,,,1,60,,145871,23,,,1,20,,145872,23,,,1,20,,145873,23,,,1,60,,145874,23,,,1,24,,145875,23,,,1,30,,145876,23,,,1,70,,145877,23,,,1,30,,145878,23,,,1,70,,145879,23,,,1,30,,145880,23,,,1,70,,145881,23,,,1,30,,145882,23,,,1,70,,145883,23,,,1,30,,145884,23,,,1,70,,145885,23,,,1,30,,145886,23,,,1,73,,145887,23,,,1,73,,145888,23,,,1,20,,145889,23,,,1,20,,145890,23,,,1,60,,145891,23,,,1,20,,145892,23,,,1,20,,145893,23,,,1,60,,145894,23,,,1,20,,145895,23,,,1,19,,145896,23,,,1,64,,145897,23,,,1,30,,145898,23,,,1,70,,145899,23,,,1,30,,145900,23,,,1,70,,145901,23,,,1,30,,145902,23,,,1,70,,145903,23,,,1,30,,145904,23,,,1,100,,145905,23,,,1
92100,'921-Saturday-1-26-04-0000010',726,,145986,23,,,1,100,,145987,23,,,1,100,,145988,23,,,1,30,,145989,23,,,1,70,,145990,23,,,1,30,,145991,23,,,1,70,,145992,23,,,1,30,,145993,23,,,1,70,,145994,23,,,1,30,,145995,23,,,1,70,,145996,23,,,1,30,,145997,23,,,1,70,,145998,23,,,1,30,,145999,23,,,1,70,,146000,23,,,1,30,,146001,23,,,1,70,,146002,23,,,1,30,,146003,23,,,1,70,,146004,23,,,1,30,,146005,23,,,1,70,,146006,23,,,1,30,,146007,23,,,1,70,,146008,23,,,1,30,,146009,23,,,1,70,,146010,23,,,1,100,,146011,23,,,1,100,,146012,23,,,1,100,,146013,23,,,1
92100,'921-Sunday-1-26-04-0000001',926,,146014,23,,,1,100,,146015,23,,,1,100,,146016,23,,,1,30,,146017,23,,,1,70,,146018,23,,,1,30,,146019,23,,,1,70,,146020,23,,,1,30,,146021,23,,,1,70,,146022,23,,,1,30,,146023,23,,,1,70,,146024,23,,,1,30,,146025,23,,,1,70,,146026,23,,,1,30,,146027,23,,,1,70,,146028,23,,,1,30,,146029,23,,,1,70,,146030,23,,,1,30,,146031,23,,,1,70,,146032,23,,,1,100,,146033,23,,,1,100,,146034,23,,,1,100,,146035,23,,,1,100,,146036,23,,,1
