50800,'508-Weekday-1-26-06-1111100',555,,174770,28,4,,1,70,,174771,28,4,,1,76,,174775,28,4,,1,30,,174797,28,4,,1,25,,174772,28,4,,1,60,,174794,28,4,,1,20,,174773,28,4,,1,20,,174774,28,4,,1,55,,174805,28,4,,1,30,,174776,28,4,,1,70,,174777,28,4,,1,30,,174778,28,4,,1,70,,174779,28,4,,1,30,,174780,28,4,,1,70,,174781,28,4,,1,30,,174782,28,4,,1,70,,174783,28,4,,1,30,,174784,28,4,,1,70,,174785,28,4,,1,30,,174786,28,4,,1,70,,174787,28,4,,1,30,,174788,28,4,,1,60,,174795,28,4,,1,20,,174789,28,4,,1,20,,174790,28,4,,1,60,,174791,28,4,,1,20,,174792,28,4,,1,20,,174793,28,4,,1,60,,174807,28,4,,1,30,,174806,28,4,,1,24,,174798,28,4,,1,70,,174799,28,4,,1,30,,174800,28,4,,1,70,,174801,28,4,,1,31,,174802,28,4,,1,70,,174803,28,4,,1,30,,174804,28,4,,1,69,,174796,28,4,,1
50800,'508-Weekday-2-26-06-1111100',555,,195447,28,4,,1,70,,195448,28,4,,1,76,,195452,28,4,,1,30,,195474,28,4,,1,25,,195449,28,4,,1,60,,195471,28,4,,1,20,,195450,28,4,,1,20,,195451,28,4,,1,55,,195482,28,4,,1,30,,195453,28,4,,1,70,,195454,28,4,,1,30,,195455,28,4,,1,70,,195456,28,4,,1,30,,195457,28,4,,1,70,,195458,28,4,,1,30,,195459,28,4,,1,70,,195460,28,4,,1,30,,195461,28,4,,1,70,,195462,28,4,,1,30,,195463,28,4,,1,70,,195464,28,4,,1,30,,195465,28,4,,1,60,,195472,28,4,,1,20,,195466,28,4,,1,20,,195467,28,4,,1,60,,195468,28,4,,1,20,,195469,28,4,,1,20,,195470,28,4,,1,60,,195484,28,4,,1,30,,195483,28,4,,1,24,,195475,28,4,,1,70,,195476,28,4,,1,30,,195477,28,4,,1,70,,195478,28,4,,1,31,,195479,28,4,,1,70,,195480,28,4,,1,30,,195481,28,4,,1,69,,195473,28,4,,1
50800,'508-Saturday-1-26-06-0000010',700,,174808,28,4,,1,100,,174809,28,4,,1,100,,174810,28,4,,1,30,,174811,28,4,,1,70,,174812,28,4,,1,30,,174813,28,4,,1,70,,174814,28,4,,1,30,,174815,28,4,,1,70,,174816,28,4,,1,30,,174817,28,4,,1,70,,174818,28,4,,1,30,,174819,28,4,,1,70,,174820,28,4,,1,30,,174821,28,4,,1,70,,174822,28,4,,1,30,,174823,28,4,,1,70,,174824,28,4,,1,30,,174825,28,4,,1,70,,174826,28,4,,1,30,,174827,28,4,,1,70,,174828,28,4,,1,30,,174829,28,4,,1,70,,174830,28,4,,1,30,,174831,28,4,,1
50800,'508-Sunday-1-26-06-0000001',1102,,174832,28,4,,1,30,,174833,28,4,,1,70,,174834,28,4,,1,30,,174835,28,4,,1,70,,174836,28,4,,1,30,,174837,28,4,,1,70,,174838,28,4,,1,30,,174839,28,4,,1,70,,174840,28,4,,1,30,,174841,28,4,,1,70,,174842,28,4,,1,30,,174843,28,4,,1,70,,174844,28,4,,1,30,,174845,28,4,,1,70,,174846,28,4,,1,30,,174847,28,4,,1,70,,174848,28,4,,1
50800,'508-Sunday-2-26-06-0000001',1102,,195485,28,4,,1,30,,195486,28,4,,1,70,,195487,28,4,,1,30,,195488,28,4,,1,70,,195489,28,4,,1,30,,195490,28,4,,1,70,,195491,28,4,,1,30,,195492,28,4,,1,70,,195493,28,4,,1,30,,195494,28,4,,1,70,,195495,28,4,,1,30,,195496,28,4,,1,70,,195497,28,4,,1,30,,195498,28,4,,1,70,,195499,28,4,,1,30,,195500,28,4,,1,70,,195501,28,4,,1
50801,'508-Weekday-1-26-06-1111100',530,,174849,1,,,1,70,,174850,1,,,1,30,,174851,1,,,1,70,,174852,1,,,1,20,,174853,1,,,1,20,,174871,1,,,1,60,,174854,1,,,1,20,,174856,1,,,1,25,,174872,1,,,1,70,,174870,1,,,1,30,,174873,1,,,1,70,,174874,1,,,1,30,,174875,1,,,1,70,,174876,1,,,1,30,,174877,1,,,1,70,,174878,1,,,1,30,,174879,1,,,1,70,,174880,1,,,1,30,,174881,1,,,1,70,,174882,1,,,1,30,,174883,1,,,1,60,,174858,1,,,1,20,,174859,1,,,1,20,,174884,1,,,1,60,,174861,1,,,1,20,,174862,1,,,1,20,,174863,1,,,1,60,,174865,1,,,1,25,,174886,1,,,1,70,,174867,1,,,1,30,,174868,1,,,1,70,,174869,1,,,1,30,,174866,1,,,1,70,,174864,1,,,1,30,,174860,1,,,1,70,,174857,1,,,1,30,,174855,1,,,1,70,,174885,1,,,1
50801,'508-Weekday-2-26-06-1111100',530,,195502,1,,,1,70,,195503,1,,,1,30,,195504,1,,,1,70,,195505,1,,,1,20,,195506,1,,,1,20,,195524,1,,,1,60,,195507,1,,,1,20,,195509,1,,,1,25,,195525,1,,,1,70,,195523,1,,,1,30,,195526,1,,,1,70,,195527,1,,,1,30,,195528,1,,,1,70,,195529,1,,,1,30,,195530,1,,,1,70,,195531,1,,,1,30,,195532,1,,,1,70,,195533,1,,,1,30,,195534,1,,,1,70,,195535,1,,,1,30,,195536,1,,,1,60,,195511,1,,,1,20,,195512,1,,,1,20,,195537,1,,,1,60,,195514,1,,,1,20,,195515,1,,,1,20,,195516,1,,,1,60,,195518,1,,,1,25,,195539,1,,,1,70,,195520,1,,,1,30,,195521,1,,,1,70,,195522,1,,,1,30,,195519,1,,,1,70,,195517,1,,,1,30,,195513,1,,,1,70,,195510,1,,,1,30,,195508,1,,,1,70,,195538,1,,,1
50801,'508-Saturday-1-26-06-0000010',603,,174887,1,,,1,100,,174888,1,,,1,100,,174889,1,,,1,30,,174890,1,,,1,70,,174891,1,,,1,30,,174892,1,,,1,70,,174893,1,,,1,30,,174894,1,,,1,70,,174895,1,,,1,30,,174896,1,,,1,70,,174897,1,,,1,30,,174898,1,,,1,70,,174899,1,,,1,30,,174900,1,,,1,70,,174901,1,,,1,30,,174902,1,,,1,70,,174903,1,,,1,30,,174904,1,,,1,70,,174905,1,,,1,30,,174906,1,,,1,70,,174907,1,,,1,30,,174908,1,,,1,70,,174909,1,,,1,30,,174910,1,,,1,70,,174911,1,,,1
50801,'508-Sunday-1-26-06-0000001',1005,,174912,1,,,1,30,,174913,1,,,1,70,,174914,1,,,1,30,,174915,1,,,1,70,,174916,1,,,1,30,,174917,1,,,1,70,,174918,1,,,1,30,,174919,1,,,1,70,,174920,1,,,1,30,,174921,1,,,1,70,,174922,1,,,1,30,,174923,1,,,1,70,,174924,1,,,1,30,,174925,1,,,1,70,,174926,1,,,1,30,,174927,1,,,1,70,,174928,1,,,1,30,,174929,1,,,1
50801,'508-Sunday-2-26-06-0000001',1005,,195540,1,,,1,30,,195541,1,,,1,70,,195542,1,,,1,30,,195543,1,,,1,70,,195544,1,,,1,30,,195545,1,,,1,70,,195546,1,,,1,30,,195547,1,,,1,70,,195548,1,,,1,30,,195549,1,,,1,70,,195550,1,,,1,30,,195551,1,,,1,70,,195552,1,,,1,30,,195553,1,,,1,70,,195554,1,,,1,30,,195555,1,,,1,70,,195556,1,,,1,30,,195557,1,,,1
