71601,'716-Weekday-1-26-06-1111100',537,,180698,9,,,1,70,,180699,9,,,1,33,,180700,9,,,1,70,,180701,9,,,1,30,,180702,9,,,1,70,,180730,9,,,1,30,,180731,9,,,1,67,,180703,9,,,1,28,,180704,9,,,1,70,,180705,9,,,1,30,,180706,9,,,1,70,,180707,9,,,1,30,,180708,9,,,1,70,,180709,9,,,1,30,,180710,9,,,1,70,,180711,9,,,1,30,,180712,9,,,1,70,,180713,9,,,1,30,,180714,9,,,1,72,,180715,9,,,1,19,,180716,9,,,1,20,,180718,9,,,1,60,,180717,9,,,1,20,,180732,9,,,1,20,,180733,9,,,1,60,,180734,9,,,1,20,,180735,9,,,1,20,,180736,9,,,1,62,,180729,9,,,1,23,,180719,9,,,1,26,,180720,9,,,1,70,,180721,9,,,1,30,,180722,9,,,1,70,,180723,9,,,1,30,,180724,9,,,1,70,,180725,9,,,1,30,,180726,9,,,1,97,,180727,9,,,1,100,,180728,9,,,1
71601,'716-Weekday-2-26-06-1111100',537,,198884,9,,,1,70,,198885,9,,,1,33,,198886,9,,,1,70,,198887,9,,,1,30,,198888,9,,,1,70,,198916,9,,,1,30,,198917,9,,,1,67,,198889,9,,,1,28,,198890,9,,,1,70,,198891,9,,,1,30,,198892,9,,,1,70,,198893,9,,,1,30,,198894,9,,,1,70,,198895,9,,,1,30,,198896,9,,,1,70,,198897,9,,,1,30,,198898,9,,,1,70,,198899,9,,,1,30,,198900,9,,,1,72,,198901,9,,,1,19,,198902,9,,,1,20,,198904,9,,,1,60,,198903,9,,,1,20,,198918,9,,,1,20,,198919,9,,,1,60,,198920,9,,,1,20,,198921,9,,,1,20,,198922,9,,,1,62,,198915,9,,,1,23,,198905,9,,,1,26,,198906,9,,,1,70,,198907,9,,,1,30,,198908,9,,,1,70,,198909,9,,,1,30,,198910,9,,,1,70,,198911,9,,,1,30,,198912,9,,,1,97,,198913,9,,,1,100,,198914,9,,,1
71601,'716-Saturday-1-26-06-0000010',553,,180737,9,,,1,100,,180738,9,,,1,100,,180739,9,,,1,70,,180740,9,,,1,30,,180741,9,,,1,74,,180742,9,,,1,30,,180743,9,,,1,70,,180744,9,,,1,30,,180745,9,,,1,70,,180746,9,,,1,30,,180747,9,,,1,70,,180748,9,,,1,30,,180749,9,,,1,70,,180750,9,,,1,30,,180751,9,,,1,70,,180752,9,,,1,30,,180753,9,,,1,70,,180754,9,,,1,30,,180755,9,,,1,70,,180756,9,,,1,30,,180757,9,,,1,69,,180758,9,,,1,30,,180759,9,,,1,70,,180760,9,,,1,30,,180761,9,,,1,100,,180762,9,,,1,100,,180763,9,,,1,100,,180764,9,,,1,100,,180765,9,,,1,100,,180766,9,,,1
71601,'716-Sunday-1-26-06-0000001',649,,180767,9,,,1,100,,180768,9,,,1,100,,180769,9,,,1,103,,180770,9,,,1,70,,180771,9,,,1,30,,180772,9,,,1,70,,180773,9,,,1,30,,180774,9,,,1,70,,180775,9,,,1,30,,180776,9,,,1,70,,180777,9,,,1,30,,180778,9,,,1,70,,180779,9,,,1,30,,180780,9,,,1,70,,180781,9,,,1,30,,180782,9,,,1,70,,180783,9,,,1,30,,180784,9,,,1,72,,180785,9,,,1,30,,180786,9,,,1,70,,180787,9,,,1,30,,180788,9,,,1,100,,180789,9,,,1,100,,180790,9,,,1,100,,180791,9,,,1,100,,180792,9,,,1,100,,180793,9,,,1
71601,'716-Sunday-3-26-06-0000001',649,,198923,9,,,1,100,,198924,9,,,1,100,,198925,9,,,1,103,,198926,9,,,1,70,,198927,9,,,1,30,,198928,9,,,1,70,,198929,9,,,1,30,,198930,9,,,1,70,,198931,9,,,1,30,,198932,9,,,1,70,,198933,9,,,1,30,,198934,9,,,1,70,,198935,9,,,1,30,,198936,9,,,1,70,,198937,9,,,1,30,,198938,9,,,1,70,,198939,9,,,1,30,,198940,9,,,1,72,,198941,9,,,1,30,,198942,9,,,1,70,,198943,9,,,1,30,,198944,9,,,1,100,,198945,9,,,1,100,,198946,9,,,1,100,,198947,9,,,1,100,,198948,9,,,1,100,,198949,9,,,1
71701,'717-Weekday-1-26-06-1111100',515,,180899,9,,,1,30,,180900,9,,,1,70,,180898,9,,,1,32,,180901,9,,,1,70,,180902,9,,,1,30,,180903,9,,,1,70,,180904,9,,,1,30,,180905,9,,,1,68,,180920,9,,,1,29,,180921,9,,,1,70,,180922,9,,,1,30,,180923,9,,,1,70,,180924,9,,,1,30,,180925,9,,,1,70,,180926,9,,,1,30,,180927,9,,,1,70,,180928,9,,,1,30,,180929,9,,,1,70,,180930,9,,,1,30,,180931,9,,,1,71,,180913,9,,,1,20,,180917,9,,,1,20,,180932,9,,,1,60,,180919,9,,,1,20,,180918,9,,,1,20,,180916,9,,,1,60,,180914,9,,,1,20,,180915,9,,,1,20,,180933,9,,,1,58,,180934,9,,,1,29,,180912,9,,,1,70,,180911,9,,,1,30,,180910,9,,,1,70,,180909,9,,,1,30,,180908,9,,,1,70,,180907,9,,,1,30,,180906,9,,,1,69,,180935,9,,,1
71701,'717-Weekday-2-26-06-1111100',515,,199005,9,,,1,30,,199006,9,,,1,70,,199004,9,,,1,32,,199007,9,,,1,70,,199008,9,,,1,30,,199009,9,,,1,70,,199010,9,,,1,30,,199011,9,,,1,68,,199026,9,,,1,29,,199027,9,,,1,70,,199028,9,,,1,30,,199029,9,,,1,70,,199030,9,,,1,30,,199031,9,,,1,70,,199032,9,,,1,30,,199033,9,,,1,70,,199034,9,,,1,30,,199035,9,,,1,70,,199036,9,,,1,30,,199037,9,,,1,71,,199019,9,,,1,20,,199023,9,,,1,20,,199038,9,,,1,60,,199025,9,,,1,20,,199024,9,,,1,20,,199022,9,,,1,60,,199020,9,,,1,20,,199021,9,,,1,20,,199039,9,,,1,58,,199040,9,,,1,29,,199018,9,,,1,70,,199017,9,,,1,30,,199016,9,,,1,70,,199015,9,,,1,30,,199014,9,,,1,70,,199013,9,,,1,30,,199012,9,,,1,69,,199041,9,,,1
71701,'717-Saturday-1-26-06-0000010',808,,180936,9,,,1,30,,180937,9,,,1,75,,180938,9,,,1,30,,180939,9,,,1,70,,180940,9,,,1,30,,180941,9,,,1,70,,180942,9,,,1,30,,180943,9,,,1,70,,180944,9,,,1,30,,180945,9,,,1,70,,180946,9,,,1,30,,180947,9,,,1,70,,180948,9,,,1,30,,180949,9,,,1,70,,180950,9,,,1,30,,180951,9,,,1,70,,180952,9,,,1,30,,180953,9,,,1,70,,180954,9,,,1,30,,180955,9,,,1,70,,180956,9,,,1,30,,180957,9,,,1
71701,'717-Sunday-1-26-06-0000001',1008,,180958,9,,,1,30,,180959,9,,,1,70,,180960,9,,,1,30,,180961,9,,,1,70,,180962,9,,,1,30,,180963,9,,,1,70,,180964,9,,,1,30,,180965,9,,,1,70,,180966,9,,,1,30,,180967,9,,,1,70,,180968,9,,,1,30,,180969,9,,,1,70,,180970,9,,,1,30,,180971,9,,,1,71,,180972,9,,,1,30,,180973,9,,,1,70,,180974,9,,,1,30,,180975,9,,,1
71701,'717-Sunday-2-26-06-0000001',1008,,199042,9,,,1,30,,199043,9,,,1,70,,199044,9,,,1,30,,199045,9,,,1,70,,199046,9,,,1,30,,199047,9,,,1,70,,199048,9,,,1,30,,199049,9,,,1,70,,199050,9,,,1,30,,199051,9,,,1,70,,199052,9,,,1,30,,199053,9,,,1,70,,199054,9,,,1,30,,199055,9,,,1,71,,199056,9,,,1,30,,199057,9,,,1,70,,199058,9,,,1,30,,199059,9,,,1
