50601,'506-Weekday-1-26-04-1111100',534,,125814,20,,,1,70,,125773,20,,,1,31,,125774,20,,,1,74,,125775,20,,,1,16,,125776,20,,,1,15,,125815,20,,,1,15,,125777,20,,,1,55,,125778,20,,,1,15,,125779,20,,,1,15,,125816,20,,,1,15,,125780,20,,,1,55,,125781,20,,,1,28,,125782,20,,,1,68,,125783,20,,,1,30,,125784,20,,,1,70,,125785,20,,,1,30,,125786,20,,,1,70,,125787,20,,,1,30,,125788,20,,,1,70,,125789,20,,,1,30,,125790,20,,,1,70,,125791,20,,,1,30,,125792,20,,,1,71,,125793,20,,,1,35,,125794,20,,,1,72,,125795,20,,,1,17,,125796,20,,,1,15,,125817,20,,,1,55,,125797,20,,,1,15,,125798,20,,,1,15,,125799,20,,,1,15,,125818,20,,,1,55,,125800,20,,,1,15,,125801,20,,,1,25,,125802,20,,,1,65,,125803,20,,,1,26,,125804,20,,,1,70,,125805,20,,,1,30,,125806,20,,,1,70,,125807,20,,,1,30,,125808,20,,,1,70,,125809,20,,,1,26,,125810,20,,,1,28,,125811,20,,,1,100,,125812,20,,,1
50601,'506-Weekday-2-26-04-1111100',534,,125860,20,,,1,70,,125819,20,,,1,31,,125820,20,,,1,74,,125821,20,,,1,16,,125822,20,,,1,15,,125861,20,,,1,15,,125823,20,,,1,55,,125824,20,,,1,15,,125825,20,,,1,15,,125862,20,,,1,15,,125826,20,,,1,55,,125827,20,,,1,28,,125828,20,,,1,68,,125829,20,,,1,30,,125830,20,,,1,70,,125831,20,,,1,30,,125832,20,,,1,70,,125833,20,,,1,30,,125834,20,,,1,70,,125835,20,,,1,30,,125836,20,,,1,70,,125837,20,,,1,30,,125838,20,,,1,71,,125839,20,,,1,35,,125840,20,,,1,72,,125841,20,,,1,17,,125842,20,,,1,15,,125863,20,,,1,55,,125843,20,,,1,15,,125844,20,,,1,15,,125845,20,,,1,15,,125864,20,,,1,55,,125846,20,,,1,15,,125847,20,,,1,25,,125848,20,,,1,65,,125849,20,,,1,26,,125850,20,,,1,70,,125851,20,,,1,30,,125852,20,,,1,70,,125853,20,,,1,30,,125854,20,,,1,70,,125855,20,,,1,26,,125856,20,,,1,28,,125857,20,,,1,100,,125858,20,,,1
50601,'506-Weekday-3-26-04-1111100',534,,125906,20,,,1,70,,125865,20,,,1,31,,125866,20,,,1,74,,125867,20,,,1,16,,125868,20,,,1,15,,125907,20,,,1,15,,125869,20,,,1,55,,125870,20,,,1,15,,125871,20,,,1,15,,125908,20,,,1,15,,125872,20,,,1,55,,125873,20,,,1,28,,125874,20,,,1,68,,125875,20,,,1,30,,125876,20,,,1,70,,125877,20,,,1,30,,125878,20,,,1,70,,125879,20,,,1,30,,125880,20,,,1,70,,125881,20,,,1,30,,125882,20,,,1,70,,125883,20,,,1,30,,125884,20,,,1,71,,125885,20,,,1,35,,125886,20,,,1,72,,125887,20,,,1,17,,125888,20,,,1,15,,125909,20,,,1,55,,125889,20,,,1,15,,125890,20,,,1,15,,125891,20,,,1,15,,125910,20,,,1,55,,125892,20,,,1,15,,125893,20,,,1,25,,125894,20,,,1,65,,125895,20,,,1,26,,125896,20,,,1,70,,125897,20,,,1,30,,125898,20,,,1,70,,125899,20,,,1,30,,125900,20,,,1,70,,125901,20,,,1,26,,125902,20,,,1,28,,125903,20,,,1,100,,125904,20,,,1
50601,'506-Saturday-1-26-04-0000010',550,,125911,20,,,1,100,,125912,20,,,1,100,,125913,20,,,1,70,,125914,20,,,1,28,,125915,20,,,1,70,,125916,20,,,1,33,,125917,20,,,1,70,,125918,20,,,1,30,,125919,20,,,1,70,,125920,20,,,1,30,,125921,20,,,1,70,,125922,20,,,1,30,,125923,20,,,1,70,,125924,20,,,1,30,,125925,20,,,1,70,,125926,20,,,1,30,,125927,20,,,1,70,,125928,20,,,1,30,,125929,20,,,1,70,,125930,20,,,1,30,,125931,20,,,1,70,,125932,20,,,1,29,,125933,20,,,1,70,,125934,20,,,1,30,,125935,20,,,1,70,,125936,20,,,1,30,,125937,20,,,1,85,,125938,20,,,1,100,,125939,20,,,1,100,,125940,20,,,1,100,,125941,20,,,1
50601,'506-Sunday-1-26-04-0000001',553,,125943,20,,,1,98,,125944,20,,,1,100,,125945,20,,,1,100,,125946,20,,,1,100,,125947,20,,,1,70,,125948,20,,,1,30,,125949,20,,,1,70,,125950,20,,,1,30,,125951,20,,,1,70,,125952,20,,,1,30,,125953,20,,,1,70,,125954,20,,,1,30,,125955,20,,,1,70,,125956,20,,,1,30,,125957,20,,,1,70,,125958,20,,,1,30,,125959,20,,,1,70,,125960,20,,,1,30,,125961,20,,,1,70,,125962,20,,,1,31,,125963,20,,,1,70,,125964,20,,,1,30,,125965,20,,,1,85,,125966,20,,,1,100,,125967,20,,,1,100,,125968,20,,,1,100,,125969,20,,,1,100,,125970,20,,,1
63100,'631-Weekday-1-26-04-1111100',752,,131764,26,,,1
63100,'631-Weekday-2-26-04-1111100',752,,131765,26,,,1
63100,'631-Weekday-3-26-04-1111100',752,,131766,26,,,1
63400,'634-Weekday-1-26-04-0000100',932,,131800,23,,,1,2,,131801,23,,,1
63400,'634-Weekday-1-26-04-1111000',752,,131802,23,,,1,2,,131803,23,,,1,3,,131804,23,,,1
63400,'634-Weekday-2-26-04-0000100',932,,131805,23,,,1,2,,131806,23,,,1
