11800,'118-Weekday-1-26-02-1111100',508,,38948,22,,,1,30,,38949,22,,,1,70,,38950,22,,,1,31,,38951,22,,,1,15,,38952,22,,,1,55,,38985,22,,,1,15,,38953,22,,,1,15,,38954,22,,,1,15,,38955,22,,,1,55,,38986,22,,,1,15,,38956,22,,,1,15,,38957,22,,,1,70,,38958,22,,,1,30,,38959,22,,,1,70,,38960,22,,,1,30,,38961,22,,,1,70,,38962,22,,,1,30,,38963,22,,,1,70,,38964,22,,,1,30,,38965,22,,,1,70,,38966,22,,,1,30,,38967,22,,,1,70,,38968,22,,,1,30,,38969,22,,,1,71,,38970,22,,,1,30,,38971,22,,,1,60,,38972,22,,,1,20,,38987,22,,,1,20,,38973,22,,,1,60,,38974,22,,,1,20,,38988,22,,,1,20,,38975,22,,,1,70,,38976,22,,,1,29,,38977,22,,,1,70,,38978,22,,,1,30,,38979,22,,,1,70,,38980,22,,,1,30,,38981,22,,,1,70,,38982,22,,,1,30,,38983,22,,,1,70,,38984,22,,,1
11800,'118-Weekday-10-26-02-1111100',508,,38989,22,,,1,30,,38990,22,,,1,70,,38991,22,,,1,31,,38992,22,,,1,15,,38993,22,,,1,55,,39026,22,,,1,15,,38994,22,,,1,15,,38995,22,,,1,15,,38996,22,,,1,55,,39027,22,,,1,15,,38997,22,,,1,15,,38998,22,,,1,70,,38999,22,,,1,30,,39000,22,,,1,70,,39001,22,,,1,30,,39002,22,,,1,70,,39003,22,,,1,30,,39004,22,,,1,70,,39005,22,,,1,30,,39006,22,,,1,70,,39007,22,,,1,30,,39008,22,,,1,70,,39009,22,,,1,30,,39010,22,,,1,71,,39011,22,,,1,30,,39012,22,,,1,60,,39013,22,,,1,20,,39028,22,,,1,20,,39014,22,,,1,60,,39015,22,,,1,20,,39029,22,,,1,20,,39016,22,,,1,70,,39017,22,,,1,29,,39018,22,,,1,70,,39019,22,,,1,30,,39020,22,,,1,70,,39021,22,,,1,30,,39022,22,,,1,70,,39023,22,,,1,30,,39024,22,,,1,70,,39025,22,,,1
11800,'118-Weekday-4-26-02-1111100',508,,39071,22,,,1,30,,39072,22,,,1,70,,39073,22,,,1,31,,39074,22,,,1,15,,39075,22,,,1,55,,39108,22,,,1,15,,39076,22,,,1,15,,39077,22,,,1,15,,39078,22,,,1,55,,39109,22,,,1,15,,39079,22,,,1,15,,39080,22,,,1,70,,39081,22,,,1,30,,39082,22,,,1,70,,39083,22,,,1,30,,39084,22,,,1,70,,39085,22,,,1,30,,39086,22,,,1,70,,39087,22,,,1,30,,39088,22,,,1,70,,39089,22,,,1,30,,39090,22,,,1,70,,39091,22,,,1,30,,39092,22,,,1,71,,39093,22,,,1,30,,39094,22,,,1,60,,39095,22,,,1,20,,39110,22,,,1,20,,39096,22,,,1,60,,39097,22,,,1,20,,39111,22,,,1,20,,39098,22,,,1,70,,39099,22,,,1,29,,39100,22,,,1,70,,39101,22,,,1,30,,39102,22,,,1,70,,39103,22,,,1,30,,39104,22,,,1,70,,39105,22,,,1,30,,39106,22,,,1,70,,39107,22,,,1
11800,'118-Weekday-5-26-02-1111100',508,,39112,22,,,1,30,,39113,22,,,1,70,,39114,22,,,1,31,,39115,22,,,1,15,,39116,22,,,1,55,,39149,22,,,1,15,,39117,22,,,1,15,,39118,22,,,1,15,,39119,22,,,1,55,,39150,22,,,1,15,,39120,22,,,1,15,,39121,22,,,1,70,,39122,22,,,1,30,,39123,22,,,1,70,,39124,22,,,1,30,,39125,22,,,1,70,,39126,22,,,1,30,,39127,22,,,1,70,,39128,22,,,1,30,,39129,22,,,1,70,,39130,22,,,1,30,,39131,22,,,1,70,,39132,22,,,1,30,,39133,22,,,1,71,,39134,22,,,1,30,,39135,22,,,1,60,,39136,22,,,1,20,,39151,22,,,1,20,,39137,22,,,1,60,,39138,22,,,1,20,,39152,22,,,1,20,,39139,22,,,1,70,,39140,22,,,1,29,,39141,22,,,1,70,,39142,22,,,1,30,,39143,22,,,1,70,,39144,22,,,1,30,,39145,22,,,1,70,,39146,22,,,1,30,,39147,22,,,1,70,,39148,22,,,1
11800,'118-Weekday-6-26-02-1111100',508,,39153,22,,,1,30,,39154,22,,,1,70,,39155,22,,,1,31,,39156,22,,,1,15,,39157,22,,,1,55,,39190,22,,,1,15,,39158,22,,,1,15,,39159,22,,,1,15,,39160,22,,,1,55,,39191,22,,,1,15,,39161,22,,,1,15,,39162,22,,,1,70,,39163,22,,,1,30,,39164,22,,,1,70,,39165,22,,,1,30,,39166,22,,,1,70,,39167,22,,,1,30,,39168,22,,,1,70,,39169,22,,,1,30,,39170,22,,,1,70,,39171,22,,,1,30,,39172,22,,,1,70,,39173,22,,,1,30,,39174,22,,,1,71,,39175,22,,,1,30,,39176,22,,,1,60,,39177,22,,,1,20,,39192,22,,,1,20,,39178,22,,,1,60,,39179,22,,,1,20,,39193,22,,,1,20,,39180,22,,,1,70,,39181,22,,,1,29,,39182,22,,,1,70,,39183,22,,,1,30,,39184,22,,,1,70,,39185,22,,,1,30,,39186,22,,,1,70,,39187,22,,,1,30,,39188,22,,,1,70,,39189,22,,,1
11800,'118-Weekday-7-26-02-1111100',508,,39194,22,,,1,30,,39195,22,,,1,70,,39196,22,,,1,31,,39197,22,,,1,15,,39198,22,,,1,55,,39231,22,,,1,15,,39199,22,,,1,15,,39200,22,,,1,15,,39201,22,,,1,55,,39232,22,,,1,15,,39202,22,,,1,15,,39203,22,,,1,70,,39204,22,,,1,30,,39205,22,,,1,70,,39206,22,,,1,30,,39207,22,,,1,70,,39208,22,,,1,30,,39209,22,,,1,70,,39210,22,,,1,30,,39211,22,,,1,70,,39212,22,,,1,30,,39213,22,,,1,70,,39214,22,,,1,30,,39215,22,,,1,71,,39216,22,,,1,30,,39217,22,,,1,60,,39218,22,,,1,20,,39233,22,,,1,20,,39219,22,,,1,60,,39220,22,,,1,20,,39234,22,,,1,20,,39221,22,,,1,70,,39222,22,,,1,29,,39223,22,,,1,70,,39224,22,,,1,30,,39225,22,,,1,70,,39226,22,,,1,30,,39227,22,,,1,70,,39228,22,,,1,30,,39229,22,,,1,70,,39230,22,,,1
11800,'118-Saturday-1-26-02-0000010',625,,39317,22,,,1,100,,39318,22,,,1,100,,39319,22,,,1,31,,39320,22,,,1,70,,39321,22,,,1,30,,39322,22,,,1,70,,39323,22,,,1,30,,39324,22,,,1,70,,39325,22,,,1,30,,39326,22,,,1,70,,39327,22,,,1,30,,39328,22,,,1,70,,39329,22,,,1,30,,39330,22,,,1,70,,39331,22,,,1,30,,39332,22,,,1,70,,39333,22,,,1,30,,39334,22,,,1,70,,39335,22,,,1,30,,39336,22,,,1,70,,39337,22,,,1,30,,39338,22,,,1,70,,39339,22,,,1,30,,39340,22,,,1,70,,39341,22,,,1
11800,'118-Sunday-1-26-02-0000001',647,,39362,22,,,1,100,,39342,22,,,1,100,,39343,22,,,1,102,,39344,22,,,1,100,,39345,22,,,1,85,,39346,22,,,1,70,,39347,22,,,1,30,,39348,22,,,1,70,,39349,22,,,1,30,,39350,22,,,1,70,,39351,22,,,1,30,,39352,22,,,1,70,,39353,22,,,1,30,,39354,22,,,1,70,,39355,22,,,1,30,,39356,22,,,1,69,,39357,22,,,1,29,,39358,22,,,1,70,,39359,22,,,1,30,,39360,22,,,1,70,,39361,22,,,1
61200,'612-Weekday-1-26-02-0001000',1239,,60423,25,,,1
61200,'612-Weekday-1-26-02-1110100',1537,,60424,25,,,1
61200,'612-Weekday-5-26-02-0000100',1239,,60427,25,,,1
61200,'612-Weekday-5-26-02-1111000',1537,,60428,25,,,1
61200,'612-Weekday-6-26-02-1110100',1537,,60429,25,,,1
61200,'612-Weekday-9-26-02-0001000',1239,,60431,25,,,1
