900,'009-Weekday-1-26-06-1111100',2443,,166157,5,0,28 29 30,1,70,,166158,5,0,28 29 30,1,30,,166159,5,0,28 29 30,1,70,,166160,5,0,28 29 30,1,30,,166161,5,0,28 29 30,1
900,'009-Weekday-2-26-06-1111100',2443,,191074,5,0,28 29 30,1,70,,191075,5,0,28 29 30,1,30,,191076,5,0,28 29 30,1,70,,191077,5,0,28 29 30,1,30,,191078,5,0,28 29 30,1
900,'009-Saturday-1-26-06-0000010',2443,,166226,5,0,28 29 30,1,70,,166227,5,0,28 29 30,1,30,,166228,5,0,28 29 30,1,70,,166229,5,0,28 29 30,1,30,,166230,5,0,28 29 30,1
900,'009-Sunday-1-26-06-0000001',2444,,166300,5,0,28 29 30,1,70,,166301,5,0,28 29 30,1,30,,166302,5,0,28 29 30,1,70,,166303,5,0,28 29 30,1,30,,166304,5,0,28 29 30,1
900,'009-Sunday-2-26-06-0000001',2444,,191140,5,0,28 29 30,1,70,,191141,5,0,28 29 30,1,30,,191142,5,0,28 29 30,1,70,,191143,5,0,28 29 30,1,30,,191144,5,0,28 29 30,1
70700,'707-Weekday-1-26-06-1111100',543,,179021,18,,,1,70,,179022,18,,,1,34,,179023,18,,,1,70,,179064,18,,,1,15,,179024,18,,,1,15,,179025,18,,,1,55,,179061,18,,,1,15,,179026,18,,,1,20,,179062,18,,,1,20,,179063,18,,,1,58,,179027,18,,,1,20,,179028,18,,,1,20,,179029,18,,,1,60,,179030,18,,,1,20,,179031,18,,,1,20,,179032,18,,,1,60,,179033,18,,,1,20,,179034,18,,,1,20,,179035,18,,,1,60,,179036,18,,,1,20,,179037,18,,,1,20,,179038,18,,,1,60,,179039,18,,,1,20,,179040,18,,,1,20,,179041,18,,,1,60,,179042,18,,,1,20,,179043,18,,,1,20,,179044,18,,,1,61,,179045,18,,,1,30,,179046,18,,,1,70,,179047,18,,,1,30,,179048,18,,,1,70,,179049,18,,,1,30,,179050,18,,,1,73,,179051,18,,,1,32,,179052,18,,,1,70,,179053,18,,,1,30,,179054,18,,,1,70,,179055,18,,,1,30,,179056,18,,,1,70,,179057,18,,,1,30,,179058,18,,,1,68,,179065,18,,,1,100,,179059,18,,,1,100,,179060,18,,,1
70700,'707-Weekday-4-26-06-1111100',543,,198029,18,,,1,70,,198030,18,,,1,34,,198031,18,,,1,70,,198072,18,,,1,15,,198032,18,,,1,15,,198033,18,,,1,55,,198069,18,,,1,15,,198034,18,,,1,20,,198070,18,,,1,20,,198071,18,,,1,58,,198035,18,,,1,20,,198036,18,,,1,20,,198037,18,,,1,60,,198038,18,,,1,20,,198039,18,,,1,20,,198040,18,,,1,60,,198041,18,,,1,20,,198042,18,,,1,20,,198043,18,,,1,60,,198044,18,,,1,20,,198045,18,,,1,20,,198046,18,,,1,60,,198047,18,,,1,20,,198048,18,,,1,20,,198049,18,,,1,60,,198050,18,,,1,20,,198051,18,,,1,20,,198052,18,,,1,61,,198053,18,,,1,30,,198054,18,,,1,70,,198055,18,,,1,30,,198056,18,,,1,70,,198057,18,,,1,30,,198058,18,,,1,73,,198059,18,,,1,32,,198060,18,,,1,70,,198061,18,,,1,30,,198062,18,,,1,70,,198063,18,,,1,30,,198064,18,,,1,70,,198065,18,,,1,30,,198066,18,,,1,68,,198073,18,,,1,100,,198067,18,,,1,100,,198068,18,,,1
70700,'707-Saturday-1-26-06-0000010',601,,179111,18,,,1,100,,179112,18,,,1,100,,179113,18,,,1,43,,179114,18,,,1,71,,179115,18,,,1,30,,179116,18,,,1,70,,179117,18,,,1,30,,179118,18,,,1,70,,179119,18,,,1,30,,179120,18,,,1,70,,179121,18,,,1,30,,179122,18,,,1,70,,179123,18,,,1,30,,179124,18,,,1,70,,179125,18,,,1,30,,179126,18,,,1,70,,179127,18,,,1,30,,179128,18,,,1,70,,179129,18,,,1,30,,179130,18,,,1,70,,179131,18,,,1,30,,179132,18,,,1,70,,179133,18,,,1,30,,179134,18,,,1,70,,179135,18,,,1,87,,179136,18,,,1,100,,179137,18,,,1,100,,179138,18,,,1,100,,179139,18,,,1
70700,'707-Sunday-1-26-06-0000001',607,,179140,18,,,1,106,,179153,18,,,1,100,,179141,18,,,1,101,,179154,18,,,1,99,,179142,18,,,1,30,,179155,18,,,1,70,,179143,18,,,1,30,,179156,18,,,1,70,,179144,18,,,1,30,,179157,18,,,1,70,,179145,18,,,1,30,,179159,18,,,1,70,,179146,18,,,1,30,,179160,18,,,1,70,,179147,18,,,1,30,,179161,18,,,1,70,,179148,18,,,1,30,,179158,18,,,1,69,,179149,18,,,1,29,,179162,18,,,1,70,,179150,18,,,1,30,,179163,18,,,1,70,,179151,18,,,1,100,,179152,18,,,1,100,,179164,18,,,1
70700,'707-Sunday-2-26-06-0000001',607,,198074,18,,,1,106,,198087,18,,,1,100,,198075,18,,,1,101,,198088,18,,,1,99,,198076,18,,,1,30,,198089,18,,,1,70,,198077,18,,,1,30,,198090,18,,,1,70,,198078,18,,,1,30,,198091,18,,,1,70,,198079,18,,,1,30,,198093,18,,,1,70,,198080,18,,,1,30,,198094,18,,,1,70,,198081,18,,,1,30,,198095,18,,,1,70,,198082,18,,,1,30,,198092,18,,,1,69,,198083,18,,,1,29,,198096,18,,,1,70,,198084,18,,,1,30,,198097,18,,,1,70,,198085,18,,,1,100,,198086,18,,,1,100,,198098,18,,,1
70800,'708-Weekday-1-26-06-1111100',535,,179313,18,,,1,70,,179314,18,,,1,32,,179315,18,,,1,17,,179316,18,,,1,55,,179345,18,,,1,15,,179317,18,,,1,15,,179347,18,,,1,15,,179349,18,,,1,55,,179348,18,,,1,15,,179350,18,,,1,15,,179352,18,,,1,15,,179351,18,,,1,70,,179344,18,,,1,30,,179318,18,,,1,70,,179343,18,,,1,30,,179319,18,,,1,70,,179342,18,,,1,30,,179321,18,,,1,70,,179341,18,,,1,30,,179322,18,,,1,70,,179340,18,,,1,30,,179320,18,,,1,70,,179339,18,,,1,25,,179353,18,,,1,67,,179323,18,,,1,30,,179324,18,,,1,70,,179325,18,,,1,30,,179326,18,,,1,70,,179346,18,,,1,34,,179337,18,,,1,74,,179327,18,,,1,28,,179328,18,,,1,70,,179329,18,,,1,30,,179330,18,,,1,70,,179331,18,,,1,30,,179332,18,,,1,70,,179333,18,,,1,30,,179334,18,,,1,67,,179338,18,,,1,102,,179335,18,,,1,100,,179336,18,,,1
70800,'708-Weekday-2-26-06-1111100',535,,198171,18,,,1,70,,198172,18,,,1,32,,198173,18,,,1,17,,198174,18,,,1,55,,198203,18,,,1,15,,198175,18,,,1,15,,198205,18,,,1,15,,198207,18,,,1,55,,198206,18,,,1,15,,198208,18,,,1,15,,198210,18,,,1,15,,198209,18,,,1,70,,198202,18,,,1,30,,198176,18,,,1,70,,198201,18,,,1,30,,198177,18,,,1,70,,198200,18,,,1,30,,198179,18,,,1,70,,198199,18,,,1,30,,198180,18,,,1,70,,198198,18,,,1,30,,198178,18,,,1,70,,198197,18,,,1,25,,198211,18,,,1,67,,198181,18,,,1,30,,198182,18,,,1,70,,198183,18,,,1,30,,198184,18,,,1,70,,198204,18,,,1,34,,198195,18,,,1,74,,198185,18,,,1,28,,198186,18,,,1,70,,198187,18,,,1,30,,198188,18,,,1,70,,198189,18,,,1,30,,198190,18,,,1,70,,198191,18,,,1,30,,198192,18,,,1,67,,198196,18,,,1,102,,198193,18,,,1,100,,198194,18,,,1
70800,'708-Saturday-1-26-06-0000010',554,,179354,18,,,1,100,,179355,18,,,1,100,,179356,18,,,1,70,,179357,18,,,1,30,,179358,18,,,1,72,,179359,18,,,1,30,,179360,18,,,1,70,,179361,18,,,1,30,,179362,18,,,1,70,,179363,18,,,1,30,,179364,18,,,1,70,,179365,18,,,1,30,,179366,18,,,1,70,,179367,18,,,1,30,,179368,18,,,1,70,,179369,18,,,1,30,,179370,18,,,1,70,,179371,18,,,1,30,,179372,18,,,1,70,,179373,18,,,1,30,,179374,18,,,1,69,,179375,18,,,1,30,,179376,18,,,1,70,,179377,18,,,1,30,,179378,18,,,1,100,,179379,18,,,1,100,,179380,18,,,1,100,,179381,18,,,1,100,,179382,18,,,1,100,,179383,18,,,1
70800,'708-Sunday-1-26-06-0000001',655,,179384,18,,,1,100,,179385,18,,,1,100,,179386,18,,,1,101,,179387,18,,,1,70,,179388,18,,,1,30,,179389,18,,,1,70,,179390,18,,,1,30,,179391,18,,,1,70,,179392,18,,,1,30,,179393,18,,,1,70,,179394,18,,,1,30,,179395,18,,,1,70,,179396,18,,,1,30,,179397,18,,,1,70,,179398,18,,,1,30,,179399,18,,,1,70,,179400,18,,,1,30,,179401,18,,,1,69,,179402,18,,,1,30,,179403,18,,,1,70,,179404,18,,,1,30,,179405,18,,,1,100,,179406,18,,,1,100,,179407,18,,,1,100,,179408,18,,,1,100,,179409,18,,,1
70800,'708-Sunday-3-26-06-0000001',655,,198212,18,,,1,100,,198213,18,,,1,100,,198214,18,,,1,101,,198215,18,,,1,70,,198216,18,,,1,30,,198217,18,,,1,70,,198218,18,,,1,30,,198219,18,,,1,70,,198220,18,,,1,30,,198221,18,,,1,70,,198222,18,,,1,30,,198223,18,,,1,70,,198224,18,,,1,30,,198225,18,,,1,70,,198226,18,,,1,30,,198227,18,,,1,70,,198228,18,,,1,30,,198229,18,,,1,69,,198230,18,,,1,30,,198231,18,,,1,70,,198232,18,,,1,30,,198233,18,,,1,100,,198234,18,,,1,100,,198235,18,,,1,100,,198236,18,,,1,100,,198237,18,,,1
70900,'709-Weekday-1-26-06-1111100',514,,179564,21,,,1,20,,179565,21,,,1,20,,179566,21,,,1,60,,179568,21,,,1,12,,179569,21,,,1,15,,179570,21,,,1,12,,179567,21,,,1,52,,179571,21,,,1,12,,179573,21,,,1,12,,179572,21,,,1,12,,179574,21,,,1,12,,179575,21,,,1,52,,179625,21,,,1,12,,179624,21,,,1,12,,179623,21,,,1,12,,179622,21,,,1,12,,179621,21,,,1,52,,179620,21,,,1,18,,179601,21,,,1,20,,179602,21,,,1,60,,179603,21,,,1,20,,179604,21,,,1,20,,179605,21,,,1,60,,179606,21,,,1,20,,179607,21,,,1,20,,179608,21,,,1,60,,179609,21,,,1,20,,179610,21,,,1,20,,179611,21,,,1,60,,179612,21,,,1,20,,179613,21,,,1,20,,179614,21,,,1,60,,179615,21,,,1,20,,179616,21,,,1,20,,179617,21,,,1,60,,179618,21,,,1,20,,179576,21,,,1,20,,179577,21,,,1,60,,179578,21,,,1,20,,179579,21,,,1,20,,179580,21,,,1,60,,179581,21,,,1,20,,179582,21,,,1,20,,179583,21,,,1,60,,179584,21,,,1,20,,179585,21,,,1,18,,179586,21,,,1,60,,179587,21,,,1,20,,179588,21,,,1,20,,179593,21,,,1,60,,179594,21,,,1,20,,179596,21,,,1,20,,179592,21,,,1,60,,179600,21,,,1,20,,179599,21,,,1,20,,179598,21,,,1,59,,179619,21,,,1,23,,179597,21,,,1,30,,179589,21,,,1,70,,179590,21,,,1,30,,179591,21,,,1,70,,179595,21,,,1
70900,'709-Weekday-4-26-06-1111100',514,,198306,21,,,1,20,,198307,21,,,1,20,,198308,21,,,1,60,,198310,21,,,1,12,,198311,21,,,1,15,,198312,21,,,1,12,,198309,21,,,1,52,,198313,21,,,1,12,,198315,21,,,1,12,,198314,21,,,1,12,,198316,21,,,1,12,,198317,21,,,1,52,,198367,21,,,1,12,,198366,21,,,1,12,,198365,21,,,1,12,,198364,21,,,1,12,,198363,21,,,1,52,,198362,21,,,1,18,,198343,21,,,1,20,,198344,21,,,1,60,,198345,21,,,1,20,,198346,21,,,1,20,,198347,21,,,1,60,,198348,21,,,1,20,,198349,21,,,1,20,,198350,21,,,1,60,,198351,21,,,1,20,,198352,21,,,1,20,,198353,21,,,1,60,,198354,21,,,1,20,,198355,21,,,1,20,,198356,21,,,1,60,,198357,21,,,1,20,,198358,21,,,1,20,,198359,21,,,1,60,,198360,21,,,1,20,,198318,21,,,1,20,,198319,21,,,1,60,,198320,21,,,1,20,,198321,21,,,1,20,,198322,21,,,1,60,,198323,21,,,1,20,,198324,21,,,1,20,,198325,21,,,1,60,,198326,21,,,1,20,,198327,21,,,1,18,,198328,21,,,1,60,,198329,21,,,1,20,,198330,21,,,1,20,,198335,21,,,1,60,,198336,21,,,1,20,,198338,21,,,1,20,,198334,21,,,1,60,,198342,21,,,1,20,,198341,21,,,1,20,,198340,21,,,1,59,,198361,21,,,1,23,,198339,21,,,1,30,,198331,21,,,1,70,,198332,21,,,1,30,,198333,21,,,1,70,,198337,21,,,1
70900,'709-Saturday-1-26-06-0000010',550,,179737,21,,,1,70,,179689,21,,,1,30,,179690,21,,,1,70,,179691,21,,,1,30,,179692,21,,,1,65,,179693,21,,,1,20,,179694,21,,,1,20,,179695,21,,,1,62,,179696,21,,,1,20,,179697,21,,,1,20,,179698,21,,,1,60,,179699,21,,,1,20,,179700,21,,,1,20,,179701,21,,,1,60,,179702,21,,,1,20,,179703,21,,,1,20,,179704,21,,,1,60,,179705,21,,,1,20,,179706,21,,,1,20,,179707,21,,,1,60,,179708,21,,,1,20,,179709,21,,,1,20,,179710,21,,,1,60,,179711,21,,,1,20,,179712,21,,,1,20,,179713,21,,,1,60,,179714,21,,,1,20,,179715,21,,,1,20,,179716,21,,,1,60,,179717,21,,,1,20,,179718,21,,,1,20,,179719,21,,,1,58,,179720,21,,,1,20,,179721,21,,,1,20,,179722,21,,,1,60,,179723,21,,,1,20,,179724,21,,,1,20,,179725,21,,,1,65,,179726,21,,,1,29,,179727,21,,,1,70,,179728,21,,,1,30,,179729,21,,,1,70,,179730,21,,,1,30,,179731,21,,,1,70,,179732,21,,,1,30,,179733,21,,,1,70,,179734,21,,,1,30,,179735,21,,,1,70,,179736,21,,,1,30,,179738,21,,,1
70900,'709-Sunday-1-26-06-0000001',603,,179739,21,,,1,30,,179740,21,,,1,70,,179741,21,,,1,30,,179742,21,,,1,70,,179743,21,,,1,30,,179744,21,,,1,70,,179745,21,,,1,31,,179746,21,,,1,70,,179747,21,,,1,30,,179748,21,,,1,70,,179749,21,,,1,30,,179750,21,,,1,70,,179751,21,,,1,30,,179752,21,,,1,70,,179753,21,,,1,30,,179754,21,,,1,70,,179755,21,,,1,30,,179756,21,,,1,70,,179757,21,,,1,30,,179758,21,,,1,70,,179759,21,,,1,30,,179760,21,,,1,69,,179761,21,,,1,30,,179762,21,,,1,70,,179764,21,,,1,30,,179765,21,,,1,70,,179766,21,,,1,30,,179767,21,,,1,70,,179768,21,,,1,30,,179763,21,,,1,70,,179769,21,,,1,30,,179770,21,,,1,70,,179771,21,,,1,30,,179772,21,,,1,70,,179773,21,,,1,30,,179774,21,,,1,70,,179775,21,,,1
70900,'709-Sunday-3-26-06-0000001',603,,198368,21,,,1,30,,198369,21,,,1,70,,198370,21,,,1,30,,198371,21,,,1,70,,198372,21,,,1,30,,198373,21,,,1,70,,198374,21,,,1,31,,198375,21,,,1,70,,198376,21,,,1,30,,198377,21,,,1,70,,198378,21,,,1,30,,198379,21,,,1,70,,198380,21,,,1,30,,198381,21,,,1,70,,198382,21,,,1,30,,198383,21,,,1,70,,198384,21,,,1,30,,198385,21,,,1,70,,198386,21,,,1,30,,198387,21,,,1,70,,198388,21,,,1,30,,198389,21,,,1,69,,198390,21,,,1,30,,198391,21,,,1,70,,198393,21,,,1,30,,198394,21,,,1,70,,198395,21,,,1,30,,198396,21,,,1,70,,198397,21,,,1,30,,198392,21,,,1,70,,198398,21,,,1,30,,198399,21,,,1,70,,198400,21,,,1,30,,198401,21,,,1,70,,198402,21,,,1,30,,198403,21,,,1,70,,198404,21,,,1
