61200,'612-Weekday-1-26-02-0001000',1257,,112009,,,1
61200,'612-Weekday-1-26-02-1110100',1555,,112010,,,1
61200,'612-Weekday-2-26-02-0001000',1257,,112011,,,1
61200,'612-Weekday-2-26-02-1110100',1555,,112012,,,1
61200,'612-Weekday-5-26-02-0000100',1257,,112013,,,1
61200,'612-Weekday-5-26-02-1111000',1555,,112014,,,1
61200,'612-Weekday-6-26-02-1110100',1555,,112015,,,1
61200,'612-Weekday-8-26-02-1110100',1555,,112016,,,1
61200,'612-Weekday-9-26-02-0001000',1257,,159372,,,1
62000,'620-Weekday-1-26-02-0001000',1222,,112147,,,1
62000,'620-Weekday-1-26-02-1110100',1530,,112148,,,1
62000,'620-Weekday-1-26-02-1111100',1553,,112149,,,1,5,,112150,,,1
62000,'620-Weekday-2-26-02-0001000',1222,,112151,,,1
62000,'620-Weekday-2-26-02-1110100',1530,,112152,,,1
62000,'620-Weekday-2-26-02-1111100',1553,,112153,,,1,5,,112154,,,1
62000,'620-Weekday-4-26-02-1111100',1553,,112155,,,1,5,,112156,,,1
62000,'620-Weekday-5-26-02-0000100',1222,,112157,,,1
62000,'620-Weekday-5-26-02-1111000',1530,,112158,,,1
62000,'620-Weekday-5-26-02-1111100',1553,,112159,,,1,5,,112160,,,1
62000,'620-Weekday-6-26-02-1110100',1530,,112161,,,1
62000,'620-Weekday-8-26-02-1110100',1530,,112162,,,1
62000,'620-Weekday-9-26-02-0001000',1222,,159395,,,1
62000,'620-Weekday-9-26-02-1111100',1553,,159396,,,1,5,,159397,,,1
