51801,'518-Weekday-1-26-04-0001000',1252,,129195,28,,,1
51801,'518-Weekday-1-26-04-1111100',536,,129196,28,,,1,70,,129197,28,,,1,23,,129245,28,,,1,21,,129198,28,,,1,52,,129199,28,,,1,12,,129200,28,,,1,12,,129246,28,,,1,12,,129201,28,,,1,12,,129202,28,,,1,52,,129203,28,,,1,12,,129204,28,,,1,12,,129247,28,,,1,12,,129205,28,,,1,12,,129206,28,,,1,52,,129248,28,,,1,35,,129207,28,,,1,70,,129208,28,,,1,30,,129209,28,,,1,70,,129210,28,,,1,30,,129211,28,,,1,70,,129212,28,,,1,30,,129213,28,,,1,70,,129214,28,,,1,30,,129215,28,,,1,70,,129216,28,,,1,30,,129217,28,,,1,71,,129218,28,,,1,15,,129219,28,,,1,12,,129220,28,,,1,12,,129242,28,,,1,12,,129221,28,,,1,45,,129249,28,,,1,7,,129222,28,,,1,12,,129223,28,,,1,12,,129224,28,,,1,12,,129244,28,,,1,12,,129225,28,,,1,52,,129226,28,,,1,12,,129227,28,,,1,12,,129228,28,,,1,12,,129243,28,,,1,12,,129229,28,,,1,52,,129230,28,,,1,12,,129231,28,,,1,16,,129232,28,,,1,67,,129233,28,,,1,30,,129234,28,,,1,70,,129235,28,,,1,30,,129236,28,,,1,70,,129237,28,,,1,30,,129238,28,,,1,70,,129239,28,,,1,98,,129240,28,,,1,100,,129241,28,,,1
51801,'518-Weekday-2-26-04-1111100',536,,129250,28,,,1,70,,129251,28,,,1,23,,129299,28,,,1,21,,129252,28,,,1,52,,129253,28,,,1,12,,129254,28,,,1,12,,129300,28,,,1,12,,129255,28,,,1,12,,129256,28,,,1,52,,129257,28,,,1,12,,129258,28,,,1,12,,129301,28,,,1,12,,129259,28,,,1,12,,129260,28,,,1,52,,129302,28,,,1,35,,129261,28,,,1,70,,129262,28,,,1,30,,129263,28,,,1,70,,129264,28,,,1,30,,129265,28,,,1,70,,129266,28,,,1,30,,129267,28,,,1,70,,129268,28,,,1,30,,129269,28,,,1,70,,129270,28,,,1,30,,129271,28,,,1,71,,129272,28,,,1,15,,129273,28,,,1,12,,129274,28,,,1,12,,129296,28,,,1,12,,129275,28,,,1,45,,129303,28,,,1,7,,129276,28,,,1,12,,129277,28,,,1,12,,129278,28,,,1,12,,129298,28,,,1,12,,129279,28,,,1,52,,129280,28,,,1,12,,129281,28,,,1,12,,129282,28,,,1,12,,129297,28,,,1,12,,129283,28,,,1,52,,129284,28,,,1,12,,129285,28,,,1,16,,129286,28,,,1,67,,129287,28,,,1,30,,129288,28,,,1,70,,129289,28,,,1,30,,129290,28,,,1,70,,129291,28,,,1,30,,129292,28,,,1,70,,129293,28,,,1,98,,129294,28,,,1,100,,129295,28,,,1
51801,'518-Weekday-3-26-04-0001000',1252,,129304,28,,,1
51801,'518-Weekday-3-26-04-1111100',536,,129305,28,,,1,70,,129306,28,,,1,23,,129354,28,,,1,21,,129307,28,,,1,52,,129308,28,,,1,12,,129309,28,,,1,12,,129355,28,,,1,12,,129310,28,,,1,12,,129311,28,,,1,52,,129312,28,,,1,12,,129313,28,,,1,12,,129356,28,,,1,12,,129314,28,,,1,12,,129315,28,,,1,52,,129357,28,,,1,35,,129316,28,,,1,70,,129317,28,,,1,30,,129318,28,,,1,70,,129319,28,,,1,30,,129320,28,,,1,70,,129321,28,,,1,30,,129322,28,,,1,70,,129323,28,,,1,30,,129324,28,,,1,70,,129325,28,,,1,30,,129326,28,,,1,71,,129327,28,,,1,15,,129328,28,,,1,12,,129329,28,,,1,12,,129351,28,,,1,12,,129330,28,,,1,45,,129358,28,,,1,7,,129331,28,,,1,12,,129332,28,,,1,12,,129333,28,,,1,12,,129353,28,,,1,12,,129334,28,,,1,52,,129335,28,,,1,12,,129336,28,,,1,12,,129337,28,,,1,12,,129352,28,,,1,12,,129338,28,,,1,52,,129339,28,,,1,12,,129340,28,,,1,16,,129341,28,,,1,67,,129342,28,,,1,30,,129343,28,,,1,70,,129344,28,,,1,30,,129345,28,,,1,70,,129346,28,,,1,30,,129347,28,,,1,70,,129348,28,,,1,98,,129349,28,,,1,100,,129350,28,,,1
51801,'518-Saturday-1-26-04-0000010',636,,129359,28,,,1,97,,129360,28,,,1,88,,129361,28,,,1,30,,129362,28,,,1,73,,129363,28,,,1,30,,129364,28,,,1,70,,129365,28,,,1,30,,129366,28,,,1,70,,129367,28,,,1,30,,129368,28,,,1,70,,129369,28,,,1,30,,129370,28,,,1,70,,129371,28,,,1,30,,129372,28,,,1,70,,129373,28,,,1,30,,129374,28,,,1,70,,129375,28,,,1,30,,129376,28,,,1,67,,129377,28,,,1,30,,129378,28,,,1,70,,129379,28,,,1,33,,129380,28,,,1,70,,129381,28,,,1,30,,129382,28,,,1,70,,129383,28,,,1,30,,129388,28,,,1,70,,129384,28,,,1,30,,129389,28,,,1,70,,129385,28,,,1,30,,129390,28,,,1,70,,129386,28,,,1,100,,129387,28,,,1,100,,129391,28,,,1
51801,'518-Sunday-1-26-04-0000001',629,,129413,28,,,1,100,,129414,28,,,1,100,,129415,28,,,1,103,,129416,28,,,1,85,,129392,28,,,1,30,,129393,28,,,1,70,,129394,28,,,1,30,,129395,28,,,1,70,,129396,28,,,1,30,,129397,28,,,1,70,,129398,28,,,1,30,,129399,28,,,1,70,,129400,28,,,1,30,,129401,28,,,1,70,,129402,28,,,1,30,,129403,28,,,1,70,,129404,28,,,1,30,,129405,28,,,1,72,,129406,28,,,1,30,,129407,28,,,1,70,,129408,28,,,1,37,,129409,28,,,1,86,,129410,28,,,1,99,,129411,28,,,1,100,,129412,28,,,1,100,,129417,28,,,1,100,,129418,28,,,1
63800,'638-Weekday-1-26-04-0000100',940,,131829,24,,,1
63800,'638-Weekday-1-26-04-1111000',828,,131830,24,,,1
63800,'638-Weekday-1-26-04-1111100',746,,131831,24,,,1
63800,'638-Weekday-2-26-04-0000100',940,,131832,24,,,1
63800,'638-Weekday-3-26-04-1111100',746,,131833,24,,,1
