51500,'515-Weekday-1-26-04-0001000',1247,,127621,19,,,1
51500,'515-Weekday-1-26-04-1110100',1538,,127622,19,,,1,66,,127623,19,,,1
51500,'515-Weekday-1-26-04-1111100',549,,127624,19,,,1,70,,127670,19,,,1,32,,127659,19,,,1,55,,127665,19,,,1,15,,127666,19,,,1,15,,127625,19,,,1,15,,127626,19,,,1,55,,127627,19,,,1,15,,127661,19,,,1,15,,127628,19,,,1,20,,127629,19,,,1,60,,127653,19,,,1,20,,127630,19,,,1,20,,127631,19,,,1,60,,127654,19,,,1,20,,127632,19,,,1,20,,127633,19,,,1,60,,127655,19,,,1,20,,127634,19,,,1,20,,127635,19,,,1,60,,127656,19,,,1,20,,127636,19,,,1,20,,127637,19,,,1,60,,127657,19,,,1,20,,127638,19,,,1,20,,127639,19,,,1,60,,127658,19,,,1,20,,127640,19,,,1,20,,127641,19,,,1,57,,127674,19,,,1,16,,127663,19,,,1,15,,127671,19,,,1,15,,127664,19,,,1,55,,127660,19,,,1,15,,127672,19,,,1,15,,127673,19,,,1,15,,127668,19,,,1,55,,127662,19,,,1,15,,127642,19,,,1,15,,127643,19,,,1,70,,127667,19,,,1,28,,127644,19,,,1,69,,127645,19,,,1,30,,127646,19,,,1,70,,127647,19,,,1,30,,127648,19,,,1,70,,127649,19,,,1,30,,127650,19,,,1,69,,127669,19,,,1,100,,127651,19,,,1,100,,127652,19,,,1
51500,'515-Saturday-1-26-04-0000010',629,,127780,19,,,1,99,,127781,19,,,1,84,,127782,19,,,1,20,,127812,19,,,1,21,,127783,19,,,1,62,,127784,19,,,1,20,,127785,19,,,1,20,,127813,19,,,1,60,,127786,19,,,1,20,,127787,19,,,1,20,,127814,19,,,1,60,,127788,19,,,1,20,,127789,19,,,1,20,,127815,19,,,1,60,,127790,19,,,1,20,,127791,19,,,1,20,,127816,19,,,1,60,,127792,19,,,1,20,,127793,19,,,1,20,,127817,19,,,1,60,,127794,19,,,1,20,,127795,19,,,1,20,,127818,19,,,1,60,,127796,19,,,1,20,,127797,19,,,1,20,,127819,19,,,1,60,,127798,19,,,1,20,,127799,19,,,1,20,,127820,19,,,1,60,,127800,19,,,1,20,,127801,19,,,1,20,,127821,19,,,1,60,,127802,19,,,1,20,,127803,19,,,1,20,,127822,19,,,1,60,,127804,19,,,1,30,,127805,19,,,1,70,,127810,19,,,1,30,,127807,19,,,1,70,,127811,19,,,1,30,,127808,19,,,1,100,,127806,19,,,1,100,,127809,19,,,1
51500,'515-Sunday-1-26-04-0000001',628,,127823,19,,,1,100,,127824,19,,,1,100,,127825,19,,,1,100,,127826,19,,,1,85,,127827,19,,,1,20,,127828,19,,,1,20,,127852,19,,,1,60,,127829,19,,,1,20,,127830,19,,,1,20,,127853,19,,,1,60,,127831,19,,,1,20,,127832,19,,,1,20,,127854,19,,,1,60,,127833,19,,,1,20,,127834,19,,,1,20,,127855,19,,,1,60,,127835,19,,,1,20,,127836,19,,,1,20,,127856,19,,,1,60,,127837,19,,,1,20,,127838,19,,,1,20,,127857,19,,,1,60,,127839,19,,,1,20,,127840,19,,,1,20,,127858,19,,,1,60,,127841,19,,,1,22,,127842,19,,,1,20,,127859,19,,,1,60,,127843,19,,,1,20,,127844,19,,,1,20,,127860,19,,,1,60,,127845,19,,,1,30,,127848,19,,,1,70,,127846,19,,,1,30,,127849,19,,,1,70,,127850,19,,,1,100,,127847,19,,,1,100,,127851,19,,,1,100,,127861,19,,,1
63001,'630-Weekday-1-26-04-0001000',1302,,131758,39,,,1,203,,131759,36,,,1
63001,'630-Weekday-1-26-04-1110100',1604,,131760,39,,,1
63501,'635-Weekday-1-26-04-1111100',1559,,131816,49,,,1
64401,'644-Weekday-1-26-04-0000100',1010,,131863,14,,,1
64401,'644-Weekday-1-26-04-1111000',837,,131864,14,,,1
