92401,'924-Weekday-1-26-02-1111100',653,,99977,12,,,1,70,,99978,12,,,1,30,,99987,12,,,1,70,,99986,12,,,1,30,,99988,12,,,1,100,,99979,12,,,1,100,,99983,12,,,1,100,,99982,12,,,1,100,,99974,12,,,1,100,,99981,12,,,1,100,,99976,12,,,1,100,,99973,12,,,1,70,,99972,12,,,1,30,,99980,12,,,1,70,,99975,12,,,1,30,,99985,12,,,1,70,,99984,12,,,1
92401,'924-Weekday-10-26-02-1111100',653,,99994,12,,,1,70,,99995,12,,,1,30,,100004,12,,,1,70,,100003,12,,,1,30,,100005,12,,,1,100,,99996,12,,,1,100,,100000,12,,,1,100,,99999,12,,,1,100,,99991,12,,,1,100,,99998,12,,,1,100,,99993,12,,,1,100,,99990,12,,,1,70,,99989,12,,,1,30,,99997,12,,,1,70,,99992,12,,,1,30,,100002,12,,,1,70,,100001,12,,,1
92401,'924-Weekday-2-26-02-1111100',653,,100011,12,,,1,70,,100012,12,,,1,30,,100021,12,,,1,70,,100020,12,,,1,30,,100022,12,,,1,100,,100013,12,,,1,100,,100017,12,,,1,100,,100016,12,,,1,100,,100008,12,,,1,100,,100015,12,,,1,100,,100010,12,,,1,100,,100007,12,,,1,70,,100006,12,,,1,30,,100014,12,,,1,70,,100009,12,,,1,30,,100019,12,,,1,70,,100018,12,,,1
92401,'924-Weekday-4-26-02-1111100',653,,100028,12,,,1,70,,100029,12,,,1,30,,100038,12,,,1,70,,100037,12,,,1,30,,100039,12,,,1,100,,100030,12,,,1,100,,100034,12,,,1,100,,100033,12,,,1,100,,100025,12,,,1,100,,100032,12,,,1,100,,100027,12,,,1,100,,100024,12,,,1,70,,100023,12,,,1,30,,100031,12,,,1,70,,100026,12,,,1,30,,100036,12,,,1,70,,100035,12,,,1
92401,'924-Weekday-5-26-02-1111100',653,,100045,12,,,1,70,,100046,12,,,1,30,,100055,12,,,1,70,,100054,12,,,1,30,,100056,12,,,1,100,,100047,12,,,1,100,,100051,12,,,1,100,,100050,12,,,1,100,,100042,12,,,1,100,,100049,12,,,1,100,,100044,12,,,1,100,,100041,12,,,1,70,,100040,12,,,1,30,,100048,12,,,1,70,,100043,12,,,1,30,,100053,12,,,1,70,,100052,12,,,1
92401,'924-Weekday-6-26-02-1111100',653,,100062,12,,,1,70,,100063,12,,,1,30,,100072,12,,,1,70,,100071,12,,,1,30,,100073,12,,,1,100,,100064,12,,,1,100,,100068,12,,,1,100,,100067,12,,,1,100,,100059,12,,,1,100,,100066,12,,,1,100,,100061,12,,,1,100,,100058,12,,,1,70,,100057,12,,,1,30,,100065,12,,,1,70,,100060,12,,,1,30,,100070,12,,,1,70,,100069,12,,,1
92401,'924-Weekday-7-26-02-1111100',653,,100079,12,,,1,70,,100080,12,,,1,30,,100089,12,,,1,70,,100088,12,,,1,30,,100090,12,,,1,100,,100081,12,,,1,100,,100085,12,,,1,100,,100084,12,,,1,100,,100076,12,,,1,100,,100083,12,,,1,100,,100078,12,,,1,100,,100075,12,,,1,70,,100074,12,,,1,30,,100082,12,,,1,70,,100077,12,,,1,30,,100087,12,,,1,70,,100086,12,,,1
92401,'924-Weekday-8-26-02-1111100',653,,100096,12,,,1,70,,100097,12,,,1,30,,100106,12,,,1,70,,100105,12,,,1,30,,100107,12,,,1,100,,100098,12,,,1,100,,100102,12,,,1,100,,100101,12,,,1,100,,100093,12,,,1,100,,100100,12,,,1,100,,100095,12,,,1,100,,100092,12,,,1,70,,100091,12,,,1,30,,100099,12,,,1,70,,100094,12,,,1,30,,100104,12,,,1,70,,100103,12,,,1
92401,'924-Weekday-9-26-02-1111100',653,,100113,12,,,1,70,,100114,12,,,1,30,,100123,12,,,1,70,,100122,12,,,1,30,,100124,12,,,1,100,,100115,12,,,1,100,,100119,12,,,1,100,,100118,12,,,1,100,,100110,12,,,1,100,,100117,12,,,1,100,,100112,12,,,1,100,,100109,12,,,1,70,,100108,12,,,1,30,,100116,12,,,1,70,,100111,12,,,1,30,,100121,12,,,1,70,,100120,12,,,1
92401,'924-Saturday-1-26-02-0000010',823,,100125,12,,,1,100,,100126,12,,,1,100,,100127,12,,,1,100,,100128,12,,,1,100,,100129,12,,,1,100,,100130,12,,,1,100,,100131,12,,,1,100,,100132,12,,,1,100,,100133,12,,,1,100,,100134,12,,,1,100,,100135,12,,,1
92401,'924-Sunday-1-26-02-0000001',1023,,100136,12,,,1,100,,100137,12,,,1,100,,100138,12,,,1,100,,100139,12,,,1,100,,100140,12,,,1,100,,100141,12,,,1,100,,100142,12,,,1,100,,100143,12,,,1,100,,100144,12,,,1
