68400,'684-Weekday-1-26-02-1111100',1512,,62040,5,0,18 19,1,4,,62041,5,0,18 19,1,5,,62042,5,,,1
68400,'684-Weekday-2-26-02-1111100',1512,,62048,5,0,18 19,1,4,,62049,5,0,18 19,1,5,,62050,5,,,1
68400,'684-Weekday-4-26-02-1111100',1512,,62051,5,0,18 19,1,4,,62052,5,0,18 19,1,5,,62053,5,,,1
68400,'684-Weekday-5-26-02-1111100',1512,,62059,5,0,18 19,1,4,,62060,5,0,18 19,1,5,,62061,5,,,1
68400,'684-Weekday-9-26-02-1111100',1512,,62070,5,0,18 19,1,4,,62071,5,0,18 19,1,5,,62072,5,,,1
90500,'905-Weekday-1-26-02-1111100',541,,86990,6,,,1,70,,86991,6,,,1,30,,86992,6,,,1,71,,86993,6,,,1,30,,86994,6,,,1,70,,86995,6,,,1,30,,86996,6,,,1,597,,86997,6,,,1,70,,86998,6,,,1,32,,86999,6,,,1,70,,87000,6,,,1,30,,87001,6,,,1,70,,87002,6,,,1,30,,87003,6,,,1
90500,'905-Weekday-10-26-02-1111100',541,,87004,6,,,1,70,,87005,6,,,1,30,,87006,6,,,1,71,,87007,6,,,1,30,,87008,6,,,1,70,,87009,6,,,1,30,,87010,6,,,1,597,,87011,6,,,1,70,,87012,6,,,1,32,,87013,6,,,1,70,,87014,6,,,1,30,,87015,6,,,1,70,,87016,6,,,1,30,,87017,6,,,1
90500,'905-Weekday-2-26-02-1111100',541,,87018,6,,,1,70,,87019,6,,,1,30,,87020,6,,,1,71,,87021,6,,,1,30,,87022,6,,,1,70,,87023,6,,,1,30,,87024,6,,,1,597,,87025,6,,,1,70,,87026,6,,,1,32,,87027,6,,,1,70,,87028,6,,,1,30,,87029,6,,,1,70,,87030,6,,,1,30,,87031,6,,,1
90500,'905-Weekday-4-26-02-1111100',541,,87032,6,,,1,70,,87033,6,,,1,30,,87034,6,,,1,71,,87035,6,,,1,30,,87036,6,,,1,70,,87037,6,,,1,30,,87038,6,,,1,597,,87039,6,,,1,70,,87040,6,,,1,32,,87041,6,,,1,70,,87042,6,,,1,30,,87043,6,,,1,70,,87044,6,,,1,30,,87045,6,,,1
90500,'905-Weekday-5-26-02-1111100',541,,87046,6,,,1,70,,87047,6,,,1,30,,87048,6,,,1,71,,87049,6,,,1,30,,87050,6,,,1,70,,87051,6,,,1,30,,87052,6,,,1,597,,87053,6,,,1,70,,87054,6,,,1,32,,87055,6,,,1,70,,87056,6,,,1,30,,87057,6,,,1,70,,87058,6,,,1,30,,87059,6,,,1
90500,'905-Weekday-6-26-02-1111100',541,,87060,6,,,1,70,,87061,6,,,1,30,,87062,6,,,1,71,,87063,6,,,1,30,,87064,6,,,1,70,,87065,6,,,1,30,,87066,6,,,1,597,,87067,6,,,1,70,,87068,6,,,1,32,,87069,6,,,1,70,,87070,6,,,1,30,,87071,6,,,1,70,,87072,6,,,1,30,,87073,6,,,1
90500,'905-Weekday-7-26-02-1111100',541,,87074,6,,,1,70,,87075,6,,,1,30,,87076,6,,,1,71,,87077,6,,,1,30,,87078,6,,,1,70,,87079,6,,,1,30,,87080,6,,,1,597,,87081,6,,,1,70,,87082,6,,,1,32,,87083,6,,,1,70,,87084,6,,,1,30,,87085,6,,,1,70,,87086,6,,,1,30,,87087,6,,,1
90500,'905-Weekday-8-26-02-1111100',541,,87088,6,,,1,70,,87089,6,,,1,30,,87090,6,,,1,71,,87091,6,,,1,30,,87092,6,,,1,70,,87093,6,,,1,30,,87094,6,,,1,597,,87095,6,,,1,70,,87096,6,,,1,32,,87097,6,,,1,70,,87098,6,,,1,30,,87099,6,,,1,70,,87100,6,,,1,30,,87101,6,,,1
90500,'905-Weekday-9-26-02-1111100',541,,87102,6,,,1,70,,87103,6,,,1,30,,87104,6,,,1,71,,87105,6,,,1,30,,87106,6,,,1,70,,87107,6,,,1,30,,87108,6,,,1,597,,87109,6,,,1,70,,87110,6,,,1,32,,87111,6,,,1,70,,87112,6,,,1,30,,87113,6,,,1,70,,87114,6,,,1,30,,87115,6,,,1
90601,'906-Weekday-1-26-02-1111100',619,,87386,6,,,1,30,,87387,6,,,1,70,,87388,6,,,1,30,,87389,6,,,1,70,,87390,6,,,1,30,,87391,6,,,1,670,,87392,6,,,1,30,,87393,6,,,1,70,,87394,6,,,1,30,,87395,6,,,1,70,,87396,6,,,1,30,,87397,6,,,1
90601,'906-Weekday-10-26-02-1111100',619,,87398,6,,,1,30,,87399,6,,,1,70,,87400,6,,,1,30,,87401,6,,,1,70,,87402,6,,,1,30,,87403,6,,,1,670,,87404,6,,,1,30,,87405,6,,,1,70,,87406,6,,,1,30,,87407,6,,,1,70,,87408,6,,,1,30,,87409,6,,,1
90601,'906-Weekday-2-26-02-1111100',619,,87410,6,,,1,30,,87411,6,,,1,70,,87412,6,,,1,30,,87413,6,,,1,70,,87414,6,,,1,30,,87415,6,,,1,670,,87416,6,,,1,30,,87417,6,,,1,70,,87418,6,,,1,30,,87419,6,,,1,70,,87420,6,,,1,30,,87421,6,,,1
90601,'906-Weekday-4-26-02-1111100',619,,87422,6,,,1,30,,87423,6,,,1,70,,87424,6,,,1,30,,87425,6,,,1,70,,87426,6,,,1,30,,87427,6,,,1,670,,87428,6,,,1,30,,87429,6,,,1,70,,87430,6,,,1,30,,87431,6,,,1,70,,87432,6,,,1,30,,87433,6,,,1
90601,'906-Weekday-5-26-02-1111100',619,,87434,6,,,1,30,,87435,6,,,1,70,,87436,6,,,1,30,,87437,6,,,1,70,,87438,6,,,1,30,,87439,6,,,1,670,,87440,6,,,1,30,,87441,6,,,1,70,,87442,6,,,1,30,,87443,6,,,1,70,,87444,6,,,1,30,,87445,6,,,1
90601,'906-Weekday-6-26-02-1111100',619,,87446,6,,,1,30,,87447,6,,,1,70,,87448,6,,,1,30,,87449,6,,,1,70,,87450,6,,,1,30,,87451,6,,,1,670,,87452,6,,,1,30,,87453,6,,,1,70,,87454,6,,,1,30,,87455,6,,,1,70,,87456,6,,,1,30,,87457,6,,,1
90601,'906-Weekday-7-26-02-1111100',619,,87458,6,,,1,30,,87459,6,,,1,70,,87460,6,,,1,30,,87461,6,,,1,70,,87462,6,,,1,30,,87463,6,,,1,670,,87464,6,,,1,30,,87465,6,,,1,70,,87466,6,,,1,30,,87467,6,,,1,70,,87468,6,,,1,30,,87469,6,,,1
90601,'906-Weekday-8-26-02-1111100',619,,87470,6,,,1,30,,87471,6,,,1,70,,87472,6,,,1,30,,87473,6,,,1,70,,87474,6,,,1,30,,87475,6,,,1,670,,87476,6,,,1,30,,87477,6,,,1,70,,87478,6,,,1,30,,87479,6,,,1,70,,87480,6,,,1,30,,87481,6,,,1
90601,'906-Weekday-9-26-02-1111100',619,,87482,6,,,1,30,,87483,6,,,1,70,,87484,6,,,1,30,,87485,6,,,1,70,,87486,6,,,1,30,,87487,6,,,1,670,,87488,6,,,1,30,,87489,6,,,1,70,,87490,6,,,1,30,,87491,6,,,1,70,,87492,6,,,1,30,,87493,6,,,1
