201,'002-Weekday-1-26-02-1111100',2518,,2761,15,0,10 21 22 23,1,30,,2762,15,0,10 21 22 23,1,70,,2763,15,0,10 21 22 23,1,30,,2764,15,0,10 21 22 23,1
201,'002-Weekday-10-26-02-1111100',2518,,2851,15,0,10 21 22 23,1,30,,2852,15,0,10 21 22 23,1,70,,2853,15,0,10 21 22 23,1,30,,2854,15,0,10 21 22 23,1
201,'002-Weekday-2-26-02-1111100',2518,,2941,15,0,10 21 22 23,1,30,,2942,15,0,10 21 22 23,1,70,,2943,15,0,10 21 22 23,1,30,,2944,15,0,10 21 22 23,1
201,'002-Weekday-4-26-02-1111100',2518,,3031,15,0,10 21 22 23,1,30,,3032,15,0,10 21 22 23,1,70,,3033,15,0,10 21 22 23,1,30,,3034,15,0,10 21 22 23,1
201,'002-Weekday-5-26-02-1111100',2518,,3120,15,0,10 21 22 23,1,30,,3121,15,0,10 21 22 23,1,70,,3122,15,0,10 21 22 23,1,30,,3123,15,0,10 21 22 23,1
201,'002-Weekday-6-26-02-1111100',2518,,3210,15,0,10 21 22 23,1,30,,3211,15,0,10 21 22 23,1,70,,3212,15,0,10 21 22 23,1,30,,3213,15,0,10 21 22 23,1
201,'002-Weekday-7-26-02-1111100',2518,,3300,15,0,10 21 22 23,1,30,,3301,15,0,10 21 22 23,1,70,,3302,15,0,10 21 22 23,1,30,,3303,15,0,10 21 22 23,1
201,'002-Weekday-8-26-02-1111100',2518,,3388,15,0,10 21 22 23,1,30,,3389,15,0,10 21 22 23,1,70,,3390,15,0,10 21 22 23,1,30,,3391,15,0,10 21 22 23,1
201,'002-Weekday-9-26-02-1111100',2518,,3478,15,0,10 21 22 23,1,30,,3479,15,0,10 21 22 23,1,70,,3480,15,0,10 21 22 23,1,30,,3481,15,0,10 21 22 23,1
201,'002-Saturday-1-26-02-0000010',2518,,3559,15,0,10 21 22 23,1,30,,3556,15,0,10 21 22 23,1,70,,3560,15,0,10 21 22 23,1,30,,3561,15,0,10 21 22 23,1
201,'002-Sunday-1-26-02-0000001',2417,,3632,15,0,10 21 22 23,1,30,,3633,15,0,10 21 22 23,1,70,,3634,15,0,10 21 22 23,1,30,,3635,15,0,10 21 22 23,1,70,,3636,15,0,10 21 22 23,1,30,,3637,15,0,10 21 22 23,1
501,'005-Weekday-1-26-02-1111100',500,,8963,2,,,1,15,,8964,2,,,1,15,,8965,2,,,1,15,,8966,2,,,1,55,,8967,2,,,1,15,,8968,2,,,1,15,,8969,2,,,1,15,,9038,2,,,1,55,,8970,2,,,1,15,,8971,2,,,1,15,,8972,2,,,1,15,,8973,2,,,1,55,,8974,2,,,1,15,,8975,2,,,1,15,,8976,2,,,1,15,,8977,2,,,1,55,,8978,2,,,1,17,,8979,2,,,1,15,,8980,2,,,1,15,,8981,2,,,1,55,,8982,2,,,1,15,,8984,2,,,1,15,,8985,2,,,1,15,,8986,2,,,1,55,,8987,2,,,1,15,,8988,2,,,1,15,,8989,2,,,1,15,,8983,2,,,1,55,,8990,2,,,1,15,,8991,2,,,1,15,,8992,2,,,1,15,,8993,2,,,1,55,,8994,2,,,1,15,,8995,2,,,1,15,,8996,2,,,1,15,,8997,2,,,1,55,,8998,2,,,1,15,,8999,2,,,1,15,,9000,2,,,1,14,,9040,2,,,1,11,,9001,2,,,1,55,,9002,2,,,1,15,,9003,2,,,1,15,,9004,2,,,1,15,,9005,2,,,1,54,,9006,2,,,1,14,,9007,2,,,1,15,,9008,2,,,1,15,,9009,2,,,1,55,,9010,2,,,1,15,,9011,2,,,1,15,,9012,2,,,1,15,,9013,2,,,1,55,,9014,2,,,1,15,,9015,2,,,1,17,,9016,2,,,1,15,,9017,2,,,1,55,,9018,2,,,1,15,,9019,2,,,1,15,,9021,2,,,1,15,,9022,2,,,1,55,,9023,2,,,1,15,,9020,2,,,1,15,,9024,2,,,1,15,,9025,2,,,1,55,,9026,2,,,1,15,,9027,2,,,1,15,,9028,2,,,1,17,,9029,2,,,1,58,,9030,2,,,1,20,,9031,2,,,1,21,,9032,2,,,1,60,,9033,2,,,1,20,,9034,2,,,1,20,,9035,2,,,1,60,,9036,2,,,1,20,,9037,2,,,1,20,,9039,2,,,1
501,'005-Weekday-10-26-02-1111100',500,,9085,2,,,1,15,,9086,2,,,1,15,,9087,2,,,1,15,,9088,2,,,1,55,,9089,2,,,1,15,,9090,2,,,1,15,,9091,2,,,1,15,,9160,2,,,1,55,,9092,2,,,1,15,,9093,2,,,1,15,,9094,2,,,1,15,,9095,2,,,1,55,,9096,2,,,1,15,,9097,2,,,1,15,,9098,2,,,1,15,,9099,2,,,1,55,,9100,2,,,1,17,,9101,2,,,1,15,,9102,2,,,1,15,,9103,2,,,1,55,,9104,2,,,1,15,,9106,2,,,1,15,,9107,2,,,1,15,,9108,2,,,1,55,,9109,2,,,1,15,,9110,2,,,1,15,,9111,2,,,1,15,,9105,2,,,1,55,,9112,2,,,1,15,,9113,2,,,1,15,,9114,2,,,1,15,,9115,2,,,1,55,,9116,2,,,1,15,,9117,2,,,1,15,,9118,2,,,1,15,,9119,2,,,1,55,,9120,2,,,1,15,,9121,2,,,1,15,,9122,2,,,1,14,,9162,2,,,1,11,,9123,2,,,1,55,,9124,2,,,1,15,,9125,2,,,1,15,,9126,2,,,1,15,,9127,2,,,1,54,,9128,2,,,1,14,,9129,2,,,1,15,,9130,2,,,1,15,,9131,2,,,1,55,,9132,2,,,1,15,,9133,2,,,1,15,,9134,2,,,1,15,,9135,2,,,1,55,,9136,2,,,1,15,,9137,2,,,1,17,,9138,2,,,1,15,,9139,2,,,1,55,,9140,2,,,1,15,,9141,2,,,1,15,,9143,2,,,1,15,,9144,2,,,1,55,,9145,2,,,1,15,,9142,2,,,1,15,,9146,2,,,1,15,,9147,2,,,1,55,,9148,2,,,1,15,,9149,2,,,1,15,,9150,2,,,1,17,,9151,2,,,1,58,,9152,2,,,1,20,,9153,2,,,1,21,,9154,2,,,1,60,,9155,2,,,1,20,,9156,2,,,1,20,,9157,2,,,1,60,,9158,2,,,1,20,,9159,2,,,1,20,,9161,2,,,1
501,'005-Weekday-2-26-02-1111100',500,,9207,2,,,1,15,,9208,2,,,1,15,,9209,2,,,1,15,,9210,2,,,1,55,,9211,2,,,1,15,,9212,2,,,1,15,,9213,2,,,1,15,,9282,2,,,1,55,,9214,2,,,1,15,,9215,2,,,1,15,,9216,2,,,1,15,,9217,2,,,1,55,,9218,2,,,1,15,,9219,2,,,1,15,,9220,2,,,1,15,,9221,2,,,1,55,,9222,2,,,1,17,,9223,2,,,1,15,,9224,2,,,1,15,,9225,2,,,1,55,,9226,2,,,1,15,,9228,2,,,1,15,,9229,2,,,1,15,,9230,2,,,1,55,,9231,2,,,1,15,,9232,2,,,1,15,,9233,2,,,1,15,,9227,2,,,1,55,,9234,2,,,1,15,,9235,2,,,1,15,,9236,2,,,1,15,,9237,2,,,1,55,,9238,2,,,1,15,,9239,2,,,1,15,,9240,2,,,1,15,,9241,2,,,1,55,,9242,2,,,1,15,,9243,2,,,1,15,,9244,2,,,1,14,,9284,2,,,1,11,,9245,2,,,1,55,,9246,2,,,1,15,,9247,2,,,1,15,,9248,2,,,1,15,,9249,2,,,1,54,,9250,2,,,1,14,,9251,2,,,1,15,,9252,2,,,1,15,,9253,2,,,1,55,,9254,2,,,1,15,,9255,2,,,1,15,,9256,2,,,1,15,,9257,2,,,1,55,,9258,2,,,1,15,,9259,2,,,1,17,,9260,2,,,1,15,,9261,2,,,1,55,,9262,2,,,1,15,,9263,2,,,1,15,,9265,2,,,1,15,,9266,2,,,1,55,,9267,2,,,1,15,,9264,2,,,1,15,,9268,2,,,1,15,,9269,2,,,1,55,,9270,2,,,1,15,,9271,2,,,1,15,,9272,2,,,1,17,,9273,2,,,1,58,,9274,2,,,1,20,,9275,2,,,1,21,,9276,2,,,1,60,,9277,2,,,1,20,,9278,2,,,1,20,,9279,2,,,1,60,,9280,2,,,1,20,,9281,2,,,1,20,,9283,2,,,1
501,'005-Weekday-4-26-02-1111100',500,,9329,2,,,1,15,,9330,2,,,1,15,,9331,2,,,1,15,,9332,2,,,1,55,,9333,2,,,1,15,,9334,2,,,1,15,,9335,2,,,1,15,,9404,2,,,1,55,,9336,2,,,1,15,,9337,2,,,1,15,,9338,2,,,1,15,,9339,2,,,1,55,,9340,2,,,1,15,,9341,2,,,1,15,,9342,2,,,1,15,,9343,2,,,1,55,,9344,2,,,1,17,,9345,2,,,1,15,,9346,2,,,1,15,,9347,2,,,1,55,,9348,2,,,1,15,,9350,2,,,1,15,,9351,2,,,1,15,,9352,2,,,1,55,,9353,2,,,1,15,,9354,2,,,1,15,,9355,2,,,1,15,,9349,2,,,1,55,,9356,2,,,1,15,,9357,2,,,1,15,,9358,2,,,1,15,,9359,2,,,1,55,,9360,2,,,1,15,,9361,2,,,1,15,,9362,2,,,1,15,,9363,2,,,1,55,,9364,2,,,1,15,,9365,2,,,1,15,,9366,2,,,1,14,,9406,2,,,1,11,,9367,2,,,1,55,,9368,2,,,1,15,,9369,2,,,1,15,,9370,2,,,1,15,,9371,2,,,1,54,,9372,2,,,1,14,,9373,2,,,1,15,,9374,2,,,1,15,,9375,2,,,1,55,,9376,2,,,1,15,,9377,2,,,1,15,,9378,2,,,1,15,,9379,2,,,1,55,,9380,2,,,1,15,,9381,2,,,1,17,,9382,2,,,1,15,,9383,2,,,1,55,,9384,2,,,1,15,,9385,2,,,1,15,,9387,2,,,1,15,,9388,2,,,1,55,,9389,2,,,1,15,,9386,2,,,1,15,,9390,2,,,1,15,,9391,2,,,1,55,,9392,2,,,1,15,,9393,2,,,1,15,,9394,2,,,1,17,,9395,2,,,1,58,,9396,2,,,1,20,,9397,2,,,1,21,,9398,2,,,1,60,,9399,2,,,1,20,,9400,2,,,1,20,,9401,2,,,1,60,,9402,2,,,1,20,,9403,2,,,1,20,,9405,2,,,1
501,'005-Weekday-5-26-02-1111100',500,,9451,2,,,1,15,,9452,2,,,1,15,,9453,2,,,1,15,,9454,2,,,1,55,,9455,2,,,1,15,,9456,2,,,1,15,,9457,2,,,1,15,,9526,2,,,1,55,,9458,2,,,1,15,,9459,2,,,1,15,,9460,2,,,1,15,,9461,2,,,1,55,,9462,2,,,1,15,,9463,2,,,1,15,,9464,2,,,1,15,,9465,2,,,1,55,,9466,2,,,1,17,,9467,2,,,1,15,,9468,2,,,1,15,,9469,2,,,1,55,,9470,2,,,1,15,,9472,2,,,1,15,,9473,2,,,1,15,,9474,2,,,1,55,,9475,2,,,1,15,,9476,2,,,1,15,,9477,2,,,1,15,,9471,2,,,1,55,,9478,2,,,1,15,,9479,2,,,1,15,,9480,2,,,1,15,,9481,2,,,1,55,,9482,2,,,1,15,,9483,2,,,1,15,,9484,2,,,1,15,,9485,2,,,1,55,,9486,2,,,1,15,,9487,2,,,1,15,,9488,2,,,1,14,,9528,2,,,1,11,,9489,2,,,1,55,,9490,2,,,1,15,,9491,2,,,1,15,,9492,2,,,1,15,,9493,2,,,1,54,,9494,2,,,1,14,,9495,2,,,1,15,,9496,2,,,1,15,,9497,2,,,1,55,,9498,2,,,1,15,,9499,2,,,1,15,,9500,2,,,1,15,,9501,2,,,1,55,,9502,2,,,1,15,,9503,2,,,1,17,,9504,2,,,1,15,,9505,2,,,1,55,,9506,2,,,1,15,,9507,2,,,1,15,,9509,2,,,1,15,,9510,2,,,1,55,,9511,2,,,1,15,,9508,2,,,1,15,,9512,2,,,1,15,,9513,2,,,1,55,,9514,2,,,1,15,,9515,2,,,1,15,,9516,2,,,1,17,,9517,2,,,1,58,,9518,2,,,1,20,,9519,2,,,1,21,,9520,2,,,1,60,,9521,2,,,1,20,,9522,2,,,1,20,,9523,2,,,1,60,,9524,2,,,1,20,,9525,2,,,1,20,,9527,2,,,1
501,'005-Weekday-6-26-02-1111100',500,,9573,2,,,1,15,,9574,2,,,1,15,,9575,2,,,1,15,,9576,2,,,1,55,,9577,2,,,1,15,,9578,2,,,1,15,,9579,2,,,1,15,,9648,2,,,1,55,,9580,2,,,1,15,,9581,2,,,1,15,,9582,2,,,1,15,,9583,2,,,1,55,,9584,2,,,1,15,,9585,2,,,1,15,,9586,2,,,1,15,,9587,2,,,1,55,,9588,2,,,1,17,,9589,2,,,1,15,,9590,2,,,1,15,,9591,2,,,1,55,,9592,2,,,1,15,,9594,2,,,1,15,,9595,2,,,1,15,,9596,2,,,1,55,,9597,2,,,1,15,,9598,2,,,1,15,,9599,2,,,1,15,,9593,2,,,1,55,,9600,2,,,1,15,,9601,2,,,1,15,,9602,2,,,1,15,,9603,2,,,1,55,,9604,2,,,1,15,,9605,2,,,1,15,,9606,2,,,1,15,,9607,2,,,1,55,,9608,2,,,1,15,,9609,2,,,1,15,,9610,2,,,1,14,,9650,2,,,1,11,,9611,2,,,1,55,,9612,2,,,1,15,,9613,2,,,1,15,,9614,2,,,1,15,,9615,2,,,1,54,,9616,2,,,1,14,,9617,2,,,1,15,,9618,2,,,1,15,,9619,2,,,1,55,,9620,2,,,1,15,,9621,2,,,1,15,,9622,2,,,1,15,,9623,2,,,1,55,,9624,2,,,1,15,,9625,2,,,1,17,,9626,2,,,1,15,,9627,2,,,1,55,,9628,2,,,1,15,,9629,2,,,1,15,,9631,2,,,1,15,,9632,2,,,1,55,,9633,2,,,1,15,,9630,2,,,1,15,,9634,2,,,1,15,,9635,2,,,1,55,,9636,2,,,1,15,,9637,2,,,1,15,,9638,2,,,1,17,,9639,2,,,1,58,,9640,2,,,1,20,,9641,2,,,1,21,,9642,2,,,1,60,,9643,2,,,1,20,,9644,2,,,1,20,,9645,2,,,1,60,,9646,2,,,1,20,,9647,2,,,1,20,,9649,2,,,1
501,'005-Weekday-7-26-02-1111100',500,,9695,2,,,1,15,,9696,2,,,1,15,,9697,2,,,1,15,,9698,2,,,1,55,,9699,2,,,1,15,,9700,2,,,1,15,,9701,2,,,1,15,,9770,2,,,1,55,,9702,2,,,1,15,,9703,2,,,1,15,,9704,2,,,1,15,,9705,2,,,1,55,,9706,2,,,1,15,,9707,2,,,1,15,,9708,2,,,1,15,,9709,2,,,1,55,,9710,2,,,1,17,,9711,2,,,1,15,,9712,2,,,1,15,,9713,2,,,1,55,,9714,2,,,1,15,,9716,2,,,1,15,,9717,2,,,1,15,,9718,2,,,1,55,,9719,2,,,1,15,,9720,2,,,1,15,,9721,2,,,1,15,,9715,2,,,1,55,,9722,2,,,1,15,,9723,2,,,1,15,,9724,2,,,1,15,,9725,2,,,1,55,,9726,2,,,1,15,,9727,2,,,1,15,,9728,2,,,1,15,,9729,2,,,1,55,,9730,2,,,1,15,,9731,2,,,1,15,,9732,2,,,1,14,,9772,2,,,1,11,,9733,2,,,1,55,,9734,2,,,1,15,,9735,2,,,1,15,,9736,2,,,1,15,,9737,2,,,1,54,,9738,2,,,1,14,,9739,2,,,1,15,,9740,2,,,1,15,,9741,2,,,1,55,,9742,2,,,1,15,,9743,2,,,1,15,,9744,2,,,1,15,,9745,2,,,1,55,,9746,2,,,1,15,,9747,2,,,1,17,,9748,2,,,1,15,,9749,2,,,1,55,,9750,2,,,1,15,,9751,2,,,1,15,,9753,2,,,1,15,,9754,2,,,1,55,,9755,2,,,1,15,,9752,2,,,1,15,,9756,2,,,1,15,,9757,2,,,1,55,,9758,2,,,1,15,,9759,2,,,1,15,,9760,2,,,1,17,,9761,2,,,1,58,,9762,2,,,1,20,,9763,2,,,1,21,,9764,2,,,1,60,,9765,2,,,1,20,,9766,2,,,1,20,,9767,2,,,1,60,,9768,2,,,1,20,,9769,2,,,1,20,,9771,2,,,1
501,'005-Weekday-8-26-02-1111100',500,,9817,2,,,1,15,,9818,2,,,1,15,,9819,2,,,1,15,,9820,2,,,1,55,,9821,2,,,1,15,,9822,2,,,1,15,,9823,2,,,1,15,,9892,2,,,1,55,,9824,2,,,1,15,,9825,2,,,1,15,,9826,2,,,1,15,,9827,2,,,1,55,,9828,2,,,1,15,,9829,2,,,1,15,,9830,2,,,1,15,,9831,2,,,1,55,,9832,2,,,1,17,,9833,2,,,1,15,,9834,2,,,1,15,,9835,2,,,1,55,,9836,2,,,1,15,,9838,2,,,1,15,,9839,2,,,1,15,,9840,2,,,1,55,,9841,2,,,1,15,,9842,2,,,1,15,,9843,2,,,1,15,,9837,2,,,1,55,,9844,2,,,1,15,,9845,2,,,1,15,,9846,2,,,1,15,,9847,2,,,1,55,,9848,2,,,1,15,,9849,2,,,1,15,,9850,2,,,1,15,,9851,2,,,1,55,,9852,2,,,1,15,,9853,2,,,1,15,,9854,2,,,1,14,,9894,2,,,1,11,,9855,2,,,1,55,,9856,2,,,1,15,,9857,2,,,1,15,,9858,2,,,1,15,,9859,2,,,1,54,,9860,2,,,1,14,,9861,2,,,1,15,,9862,2,,,1,15,,9863,2,,,1,55,,9864,2,,,1,15,,9865,2,,,1,15,,9866,2,,,1,15,,9867,2,,,1,55,,9868,2,,,1,15,,9869,2,,,1,17,,9870,2,,,1,15,,9871,2,,,1,55,,9872,2,,,1,15,,9873,2,,,1,15,,9875,2,,,1,15,,9876,2,,,1,55,,9877,2,,,1,15,,9874,2,,,1,15,,9878,2,,,1,15,,9879,2,,,1,55,,9880,2,,,1,15,,9881,2,,,1,15,,9882,2,,,1,17,,9883,2,,,1,58,,9884,2,,,1,20,,9885,2,,,1,21,,9886,2,,,1,60,,9887,2,,,1,20,,9888,2,,,1,20,,9889,2,,,1,60,,9890,2,,,1,20,,9891,2,,,1,20,,9893,2,,,1
501,'005-Weekday-9-26-02-1111100',500,,9939,2,,,1,15,,9940,2,,,1,15,,9941,2,,,1,15,,9942,2,,,1,55,,9943,2,,,1,15,,9944,2,,,1,15,,9945,2,,,1,15,,10014,2,,,1,55,,9946,2,,,1,15,,9947,2,,,1,15,,9948,2,,,1,15,,9949,2,,,1,55,,9950,2,,,1,15,,9951,2,,,1,15,,9952,2,,,1,15,,9953,2,,,1,55,,9954,2,,,1,17,,9955,2,,,1,15,,9956,2,,,1,15,,9957,2,,,1,55,,9958,2,,,1,15,,9960,2,,,1,15,,9961,2,,,1,15,,9962,2,,,1,55,,9963,2,,,1,15,,9964,2,,,1,15,,9965,2,,,1,15,,9959,2,,,1,55,,9966,2,,,1,15,,9967,2,,,1,15,,9968,2,,,1,15,,9969,2,,,1,55,,9970,2,,,1,15,,9971,2,,,1,15,,9972,2,,,1,15,,9973,2,,,1,55,,9974,2,,,1,15,,9975,2,,,1,15,,9976,2,,,1,14,,10016,2,,,1,11,,9977,2,,,1,55,,9978,2,,,1,15,,9979,2,,,1,15,,9980,2,,,1,15,,9981,2,,,1,54,,9982,2,,,1,14,,9983,2,,,1,15,,9984,2,,,1,15,,9985,2,,,1,55,,9986,2,,,1,15,,9987,2,,,1,15,,9988,2,,,1,15,,9989,2,,,1,55,,9990,2,,,1,15,,9991,2,,,1,17,,9992,2,,,1,15,,9993,2,,,1,55,,9994,2,,,1,15,,9995,2,,,1,15,,9997,2,,,1,15,,9998,2,,,1,55,,9999,2,,,1,15,,9996,2,,,1,15,,10000,2,,,1,15,,10001,2,,,1,55,,10002,2,,,1,15,,10003,2,,,1,15,,10004,2,,,1,17,,10005,2,,,1,58,,10006,2,,,1,20,,10007,2,,,1,21,,10008,2,,,1,60,,10009,2,,,1,20,,10010,2,,,1,20,,10011,2,,,1,60,,10012,2,,,1,20,,10013,2,,,1,20,,10015,2,,,1
501,'005-Saturday-1-26-02-0000010',538,,10061,2,,,1,20,,10062,2,,,1,60,,10063,2,,,1,20,,10065,2,,,1,20,,10066,2,,,1,60,,10067,2,,,1,20,,10064,2,,,1,13,,10068,2,,,1,55,,10069,2,,,1,15,,10070,2,,,1,15,,10071,2,,,1,15,,10072,2,,,1,53,,10073,2,,,1,15,,10074,2,,,1,15,,10075,2,,,1,15,,10076,2,,,1,55,,10077,2,,,1,15,,10078,2,,,1,15,,10079,2,,,1,15,,10080,2,,,1,55,,10081,2,,,1,15,,10082,2,,,1,15,,10083,2,,,1,15,,10084,2,,,1,55,,10085,2,,,1,15,,10086,2,,,1,15,,10087,2,,,1,15,,10088,2,,,1,55,,10089,2,,,1,15,,10090,2,,,1,15,,10091,2,,,1,15,,10092,2,,,1,55,,10093,2,,,1,15,,10094,2,,,1,15,,10095,2,,,1,15,,10096,2,,,1,55,,10097,2,,,1,15,,10098,2,,,1,15,,10099,2,,,1,15,,10101,2,,,1,55,,10102,2,,,1,15,,10103,2,,,1,15,,10100,2,,,1,15,,10104,2,,,1,56,,10105,2,,,1,15,,10106,2,,,1,15,,10107,2,,,1,15,,10108,2,,,1,55,,10109,2,,,1,15,,10110,2,,,1,15,,10111,2,,,1,15,,10112,2,,,1,55,,10113,2,,,1,15,,10114,2,,,1,15,,10115,2,,,1,15,,10116,2,,,1,55,,10117,2,,,1,15,,10118,2,,,1,15,,10119,2,,,1,15,,10120,2,,,1,55,,10121,2,,,1,15,,10122,2,,,1,15,,10123,2,,,1,15,,10124,2,,,1,55,,10125,2,,,1,18,,10126,2,,,1,20,,10127,2,,,1,60,,10128,2,,,1,20,,10129,2,,,1,20,,10130,2,,,1,58,,10131,2,,,1,20,,10132,2,,,1,20,,10133,2,,,1
501,'005-Sunday-1-26-02-0000001',539,,10199,2,,,1,20,,10198,2,,,1,60,,10197,2,,,1,20,,10134,2,,,1,20,,10135,2,,,1,60,,10136,2,,,1,20,,10137,2,,,1,20,,10138,2,,,1,60,,10139,2,,,1,20,,10140,2,,,1,19,,10141,2,,,1,59,,10142,2,,,1,20,,10143,2,,,1,20,,10144,2,,,1,60,,10145,2,,,1,17,,10146,2,,,1,16,,10147,2,,,1,55,,10148,2,,,1,15,,10149,2,,,1,15,,10150,2,,,1,15,,10151,2,,,1,54,,10152,2,,,1,15,,10153,2,,,1,15,,10154,2,,,1,15,,10155,2,,,1,55,,10156,2,,,1,15,,10157,2,,,1,15,,10158,2,,,1,15,,10159,2,,,1,55,,10160,2,,,1,15,,10161,2,,,1,15,,10163,2,,,1,15,,10164,2,,,1,55,,10162,2,,,1,15,,10165,2,,,1,15,,10166,2,,,1,15,,10167,2,,,1,55,,10168,2,,,1,15,,10169,2,,,1,15,,10170,2,,,1,16,,10171,2,,,1,55,,10172,2,,,1,15,,10173,2,,,1,15,,10174,2,,,1,15,,10175,2,,,1,55,,10176,2,,,1,15,,10177,2,,,1,15,,10178,2,,,1,15,,10179,2,,,1,55,,10180,2,,,1,16,,10181,2,,,1,20,,10182,2,,,1,60,,10183,2,,,1,20,,10189,2,,,1,20,,10190,2,,,1,60,,10191,2,,,1,20,,10192,2,,,1,20,,10193,2,,,1,60,,10194,2,,,1,27,,10195,2,,,1,20,,10196,2,,,1,60,,10184,2,,,1,20,,10185,2,,,1,24,,10186,2,,,1,60,,10187,2,,,1,20,,10188,2,,,1
801,'008-Weekday-1-26-02-1111100',504,,14904,23,,,1,20,,14905,23,,,1,20,,14906,23,,,1,60,,14907,23,,,1,20,,14908,23,,,1,22,,14909,23,,,1,12,,14981,23,,,1,52,,14980,23,,,1,12,,14910,23,,,1,12,,14911,23,,,1,12,,14912,23,,,1,12,,14977,23,,,1,52,,14913,23,,,1,12,,14914,23,,,1,12,,14915,23,,,1,12,,14916,23,,,1,12,,14979,23,,,1,52,,14917,23,,,1,15,,14918,23,,,1,15,,14919,23,,,1,15,,14920,23,,,1,55,,14921,23,,,1,15,,14922,23,,,1,15,,14923,23,,,1,15,,14924,23,,,1,55,,14925,23,,,1,15,,14926,23,,,1,15,,14927,23,,,1,15,,14928,23,,,1,55,,14929,23,,,1,15,,14930,23,,,1,15,,14931,23,,,1,15,,14932,23,,,1,55,,14933,23,,,1,15,,14934,23,,,1,15,,14935,23,,,1,15,,14936,23,,,1,55,,14937,23,,,1,12,,14938,23,,,1,12,,14939,23,,,1,12,,14940,23,,,1,12,,14941,23,,,1,53,,14942,23,,,1,13,,14943,23,,,1,12,,14944,23,,,1,12,,14945,23,,,1,52,,14946,23,,,1,12,,14947,23,,,1,12,,14948,23,,,1,12,,14949,23,,,1,12,,14950,23,,,1,52,,14951,23,,,1,12,,14952,23,,,1,15,,14953,23,,,1,15,,14954,23,,,1,15,,14955,23,,,1,55,,14956,23,,,1,15,,14957,23,,,1,13,,14958,23,,,1,14,,14959,23,,,1,55,,14960,23,,,1,15,,14961,23,,,1,15,,14962,23,,,1,15,,14963,23,,,1,55,,14964,23,,,1,15,,14965,23,,,1,15,,14966,23,,,1,15,,14967,23,,,1,55,,14968,23,,,1,15,,14969,23,,,1,15,,14970,23,,,1,15,,14971,23,,,1,59,,14978,23,,,1,20,,14972,23,,,1,20,,14973,23,,,1,60,,14974,23,,,1,20,,14975,23,,,1,20,,14976,23,,,1,56,,14898,23,,,1,30,,14899,23,,,1,70,,14900,23,,,1,30,,14901,23,,,1,70,,14902,23,,,1,30,,14903,23,,,1
801,'008-Weekday-10-26-02-1111100',504,,14988,23,,,1,20,,14989,23,,,1,20,,14990,23,,,1,60,,14991,23,,,1,20,,14992,23,,,1,22,,14993,23,,,1,12,,15065,23,,,1,52,,15064,23,,,1,12,,14994,23,,,1,12,,14995,23,,,1,12,,14996,23,,,1,12,,15061,23,,,1,52,,14997,23,,,1,12,,14998,23,,,1,12,,14999,23,,,1,12,,15000,23,,,1,12,,15063,23,,,1,52,,15001,23,,,1,15,,15002,23,,,1,15,,15003,23,,,1,15,,15004,23,,,1,55,,15005,23,,,1,15,,15006,23,,,1,15,,15007,23,,,1,15,,15008,23,,,1,55,,15009,23,,,1,15,,15010,23,,,1,15,,15011,23,,,1,15,,15012,23,,,1,55,,15013,23,,,1,15,,15014,23,,,1,15,,15015,23,,,1,15,,15016,23,,,1,55,,15017,23,,,1,15,,15018,23,,,1,15,,15019,23,,,1,15,,15020,23,,,1,55,,15021,23,,,1,12,,15022,23,,,1,12,,15023,23,,,1,12,,15024,23,,,1,12,,15025,23,,,1,53,,15026,23,,,1,13,,15027,23,,,1,12,,15028,23,,,1,12,,15029,23,,,1,52,,15030,23,,,1,12,,15031,23,,,1,12,,15032,23,,,1,12,,15033,23,,,1,12,,15034,23,,,1,52,,15035,23,,,1,12,,15036,23,,,1,15,,15037,23,,,1,15,,15038,23,,,1,15,,15039,23,,,1,55,,15040,23,,,1,15,,15041,23,,,1,13,,15042,23,,,1,14,,15043,23,,,1,55,,15044,23,,,1,15,,15045,23,,,1,15,,15046,23,,,1,15,,15047,23,,,1,55,,15048,23,,,1,15,,15049,23,,,1,15,,15050,23,,,1,15,,15051,23,,,1,55,,15052,23,,,1,15,,15053,23,,,1,15,,15054,23,,,1,15,,15055,23,,,1,59,,15062,23,,,1,20,,15056,23,,,1,20,,15057,23,,,1,60,,15058,23,,,1,20,,15059,23,,,1,20,,15060,23,,,1,56,,14982,23,,,1,30,,14983,23,,,1,70,,14984,23,,,1,30,,14985,23,,,1,70,,14986,23,,,1,30,,14987,23,,,1
801,'008-Weekday-2-26-02-1111100',504,,15072,23,,,1,20,,15073,23,,,1,20,,15074,23,,,1,60,,15075,23,,,1,20,,15076,23,,,1,22,,15077,23,,,1,12,,15149,23,,,1,52,,15148,23,,,1,12,,15078,23,,,1,12,,15079,23,,,1,12,,15080,23,,,1,12,,15145,23,,,1,52,,15081,23,,,1,12,,15082,23,,,1,12,,15083,23,,,1,12,,15084,23,,,1,12,,15147,23,,,1,52,,15085,23,,,1,15,,15086,23,,,1,15,,15087,23,,,1,15,,15088,23,,,1,55,,15089,23,,,1,15,,15090,23,,,1,15,,15091,23,,,1,15,,15092,23,,,1,55,,15093,23,,,1,15,,15094,23,,,1,15,,15095,23,,,1,15,,15096,23,,,1,55,,15097,23,,,1,15,,15098,23,,,1,15,,15099,23,,,1,15,,15100,23,,,1,55,,15101,23,,,1,15,,15102,23,,,1,15,,15103,23,,,1,15,,15104,23,,,1,55,,15105,23,,,1,12,,15106,23,,,1,12,,15107,23,,,1,12,,15108,23,,,1,12,,15109,23,,,1,53,,15110,23,,,1,13,,15111,23,,,1,12,,15112,23,,,1,12,,15113,23,,,1,52,,15114,23,,,1,12,,15115,23,,,1,12,,15116,23,,,1,12,,15117,23,,,1,12,,15118,23,,,1,52,,15119,23,,,1,12,,15120,23,,,1,15,,15121,23,,,1,15,,15122,23,,,1,15,,15123,23,,,1,55,,15124,23,,,1,15,,15125,23,,,1,13,,15126,23,,,1,14,,15127,23,,,1,55,,15128,23,,,1,15,,15129,23,,,1,15,,15130,23,,,1,15,,15131,23,,,1,55,,15132,23,,,1,15,,15133,23,,,1,15,,15134,23,,,1,15,,15135,23,,,1,55,,15136,23,,,1,15,,15137,23,,,1,15,,15138,23,,,1,15,,15139,23,,,1,59,,15146,23,,,1,20,,15140,23,,,1,20,,15141,23,,,1,60,,15142,23,,,1,20,,15143,23,,,1,20,,15144,23,,,1,56,,15066,23,,,1,30,,15067,23,,,1,70,,15068,23,,,1,30,,15069,23,,,1,70,,15070,23,,,1,30,,15071,23,,,1
801,'008-Weekday-4-26-02-1111100',504,,15156,23,,,1,20,,15157,23,,,1,20,,15158,23,,,1,60,,15159,23,,,1,20,,15160,23,,,1,22,,15161,23,,,1,12,,15233,23,,,1,52,,15232,23,,,1,12,,15162,23,,,1,12,,15163,23,,,1,12,,15164,23,,,1,12,,15229,23,,,1,52,,15165,23,,,1,12,,15166,23,,,1,12,,15167,23,,,1,12,,15168,23,,,1,12,,15231,23,,,1,52,,15169,23,,,1,15,,15170,23,,,1,15,,15171,23,,,1,15,,15172,23,,,1,55,,15173,23,,,1,15,,15174,23,,,1,15,,15175,23,,,1,15,,15176,23,,,1,55,,15177,23,,,1,15,,15178,23,,,1,15,,15179,23,,,1,15,,15180,23,,,1,55,,15181,23,,,1,15,,15182,23,,,1,15,,15183,23,,,1,15,,15184,23,,,1,55,,15185,23,,,1,15,,15186,23,,,1,15,,15187,23,,,1,15,,15188,23,,,1,55,,15189,23,,,1,12,,15190,23,,,1,12,,15191,23,,,1,12,,15192,23,,,1,12,,15193,23,,,1,53,,15194,23,,,1,13,,15195,23,,,1,12,,15196,23,,,1,12,,15197,23,,,1,52,,15198,23,,,1,12,,15199,23,,,1,12,,15200,23,,,1,12,,15201,23,,,1,12,,15202,23,,,1,52,,15203,23,,,1,12,,15204,23,,,1,15,,15205,23,,,1,15,,15206,23,,,1,15,,15207,23,,,1,55,,15208,23,,,1,15,,15209,23,,,1,13,,15210,23,,,1,14,,15211,23,,,1,55,,15212,23,,,1,15,,15213,23,,,1,15,,15214,23,,,1,15,,15215,23,,,1,55,,15216,23,,,1,15,,15217,23,,,1,15,,15218,23,,,1,15,,15219,23,,,1,55,,15220,23,,,1,15,,15221,23,,,1,15,,15222,23,,,1,15,,15223,23,,,1,59,,15230,23,,,1,20,,15224,23,,,1,20,,15225,23,,,1,60,,15226,23,,,1,20,,15227,23,,,1,20,,15228,23,,,1,56,,15150,23,,,1,30,,15151,23,,,1,70,,15152,23,,,1,30,,15153,23,,,1,70,,15154,23,,,1,30,,15155,23,,,1
801,'008-Weekday-5-26-02-1111100',504,,15240,23,,,1,20,,15241,23,,,1,20,,15242,23,,,1,60,,15243,23,,,1,20,,15244,23,,,1,22,,15245,23,,,1,12,,15317,23,,,1,52,,15316,23,,,1,12,,15246,23,,,1,12,,15247,23,,,1,12,,15248,23,,,1,12,,15313,23,,,1,52,,15249,23,,,1,12,,15250,23,,,1,12,,15251,23,,,1,12,,15252,23,,,1,12,,15315,23,,,1,52,,15253,23,,,1,15,,15254,23,,,1,15,,15255,23,,,1,15,,15256,23,,,1,55,,15257,23,,,1,15,,15258,23,,,1,15,,15259,23,,,1,15,,15260,23,,,1,55,,15261,23,,,1,15,,15262,23,,,1,15,,15263,23,,,1,15,,15264,23,,,1,55,,15265,23,,,1,15,,15266,23,,,1,15,,15267,23,,,1,15,,15268,23,,,1,55,,15269,23,,,1,15,,15270,23,,,1,15,,15271,23,,,1,15,,15272,23,,,1,55,,15273,23,,,1,12,,15274,23,,,1,12,,15275,23,,,1,12,,15276,23,,,1,12,,15277,23,,,1,53,,15278,23,,,1,13,,15279,23,,,1,12,,15280,23,,,1,12,,15281,23,,,1,52,,15282,23,,,1,12,,15283,23,,,1,12,,15284,23,,,1,12,,15285,23,,,1,12,,15286,23,,,1,52,,15287,23,,,1,12,,15288,23,,,1,15,,15289,23,,,1,15,,15290,23,,,1,15,,15291,23,,,1,55,,15292,23,,,1,15,,15293,23,,,1,13,,15294,23,,,1,14,,15295,23,,,1,55,,15296,23,,,1,15,,15297,23,,,1,15,,15298,23,,,1,15,,15299,23,,,1,55,,15300,23,,,1,15,,15301,23,,,1,15,,15302,23,,,1,15,,15303,23,,,1,55,,15304,23,,,1,15,,15305,23,,,1,15,,15306,23,,,1,15,,15307,23,,,1,59,,15314,23,,,1,20,,15308,23,,,1,20,,15309,23,,,1,60,,15310,23,,,1,20,,15311,23,,,1,20,,15312,23,,,1,56,,15234,23,,,1,30,,15235,23,,,1,70,,15236,23,,,1,30,,15237,23,,,1,70,,15238,23,,,1,30,,15239,23,,,1
801,'008-Weekday-6-26-02-1111100',504,,15324,23,,,1,20,,15325,23,,,1,20,,15326,23,,,1,60,,15327,23,,,1,20,,15328,23,,,1,22,,15329,23,,,1,12,,15401,23,,,1,52,,15400,23,,,1,12,,15330,23,,,1,12,,15331,23,,,1,12,,15332,23,,,1,12,,15397,23,,,1,52,,15333,23,,,1,12,,15334,23,,,1,12,,15335,23,,,1,12,,15336,23,,,1,12,,15399,23,,,1,52,,15337,23,,,1,15,,15338,23,,,1,15,,15339,23,,,1,15,,15340,23,,,1,55,,15341,23,,,1,15,,15342,23,,,1,15,,15343,23,,,1,15,,15344,23,,,1,55,,15345,23,,,1,15,,15346,23,,,1,15,,15347,23,,,1,15,,15348,23,,,1,55,,15349,23,,,1,15,,15350,23,,,1,15,,15351,23,,,1,15,,15352,23,,,1,55,,15353,23,,,1,15,,15354,23,,,1,15,,15355,23,,,1,15,,15356,23,,,1,55,,15357,23,,,1,12,,15358,23,,,1,12,,15359,23,,,1,12,,15360,23,,,1,12,,15361,23,,,1,53,,15362,23,,,1,13,,15363,23,,,1,12,,15364,23,,,1,12,,15365,23,,,1,52,,15366,23,,,1,12,,15367,23,,,1,12,,15368,23,,,1,12,,15369,23,,,1,12,,15370,23,,,1,52,,15371,23,,,1,12,,15372,23,,,1,15,,15373,23,,,1,15,,15374,23,,,1,15,,15375,23,,,1,55,,15376,23,,,1,15,,15377,23,,,1,13,,15378,23,,,1,14,,15379,23,,,1,55,,15380,23,,,1,15,,15381,23,,,1,15,,15382,23,,,1,15,,15383,23,,,1,55,,15384,23,,,1,15,,15385,23,,,1,15,,15386,23,,,1,15,,15387,23,,,1,55,,15388,23,,,1,15,,15389,23,,,1,15,,15390,23,,,1,15,,15391,23,,,1,59,,15398,23,,,1,20,,15392,23,,,1,20,,15393,23,,,1,60,,15394,23,,,1,20,,15395,23,,,1,20,,15396,23,,,1,56,,15318,23,,,1,30,,15319,23,,,1,70,,15320,23,,,1,30,,15321,23,,,1,70,,15322,23,,,1,30,,15323,23,,,1
801,'008-Weekday-7-26-02-1111100',504,,15408,23,,,1,20,,15409,23,,,1,20,,15410,23,,,1,60,,15411,23,,,1,20,,15412,23,,,1,22,,15413,23,,,1,12,,15485,23,,,1,52,,15484,23,,,1,12,,15414,23,,,1,12,,15415,23,,,1,12,,15416,23,,,1,12,,15481,23,,,1,52,,15417,23,,,1,12,,15418,23,,,1,12,,15419,23,,,1,12,,15420,23,,,1,12,,15483,23,,,1,52,,15421,23,,,1,15,,15422,23,,,1,15,,15423,23,,,1,15,,15424,23,,,1,55,,15425,23,,,1,15,,15426,23,,,1,15,,15427,23,,,1,15,,15428,23,,,1,55,,15429,23,,,1,15,,15430,23,,,1,15,,15431,23,,,1,15,,15432,23,,,1,55,,15433,23,,,1,15,,15434,23,,,1,15,,15435,23,,,1,15,,15436,23,,,1,55,,15437,23,,,1,15,,15438,23,,,1,15,,15439,23,,,1,15,,15440,23,,,1,55,,15441,23,,,1,12,,15442,23,,,1,12,,15443,23,,,1,12,,15444,23,,,1,12,,15445,23,,,1,53,,15446,23,,,1,13,,15447,23,,,1,12,,15448,23,,,1,12,,15449,23,,,1,52,,15450,23,,,1,12,,15451,23,,,1,12,,15452,23,,,1,12,,15453,23,,,1,12,,15454,23,,,1,52,,15455,23,,,1,12,,15456,23,,,1,15,,15457,23,,,1,15,,15458,23,,,1,15,,15459,23,,,1,55,,15460,23,,,1,15,,15461,23,,,1,13,,15462,23,,,1,14,,15463,23,,,1,55,,15464,23,,,1,15,,15465,23,,,1,15,,15466,23,,,1,15,,15467,23,,,1,55,,15468,23,,,1,15,,15469,23,,,1,15,,15470,23,,,1,15,,15471,23,,,1,55,,15472,23,,,1,15,,15473,23,,,1,15,,15474,23,,,1,15,,15475,23,,,1,59,,15482,23,,,1,20,,15476,23,,,1,20,,15477,23,,,1,60,,15478,23,,,1,20,,15479,23,,,1,20,,15480,23,,,1,56,,15402,23,,,1,30,,15403,23,,,1,70,,15404,23,,,1,30,,15405,23,,,1,70,,15406,23,,,1,30,,15407,23,,,1
801,'008-Weekday-8-26-02-1111100',504,,15492,23,,,1,20,,15493,23,,,1,20,,15494,23,,,1,60,,15495,23,,,1,20,,15496,23,,,1,22,,15497,23,,,1,12,,15569,23,,,1,52,,15568,23,,,1,12,,15498,23,,,1,12,,15499,23,,,1,12,,15500,23,,,1,12,,15565,23,,,1,52,,15501,23,,,1,12,,15502,23,,,1,12,,15503,23,,,1,12,,15504,23,,,1,12,,15567,23,,,1,52,,15505,23,,,1,15,,15506,23,,,1,15,,15507,23,,,1,15,,15508,23,,,1,55,,15509,23,,,1,15,,15510,23,,,1,15,,15511,23,,,1,15,,15512,23,,,1,55,,15513,23,,,1,15,,15514,23,,,1,15,,15515,23,,,1,15,,15516,23,,,1,55,,15517,23,,,1,15,,15518,23,,,1,15,,15519,23,,,1,15,,15520,23,,,1,55,,15522,23,,,1,15,,15523,23,,,1,15,,15524,23,,,1,15,,15521,23,,,1,55,,15525,23,,,1,12,,15526,23,,,1,12,,15527,23,,,1,12,,15528,23,,,1,12,,15529,23,,,1,53,,15530,23,,,1,13,,15531,23,,,1,12,,15532,23,,,1,12,,15533,23,,,1,52,,15534,23,,,1,12,,15535,23,,,1,12,,15536,23,,,1,12,,15537,23,,,1,12,,15538,23,,,1,52,,15539,23,,,1,12,,15540,23,,,1,15,,15541,23,,,1,15,,15542,23,,,1,15,,15543,23,,,1,55,,15544,23,,,1,15,,15545,23,,,1,13,,15546,23,,,1,14,,15547,23,,,1,55,,15548,23,,,1,15,,15549,23,,,1,15,,15550,23,,,1,15,,15551,23,,,1,55,,15552,23,,,1,15,,15553,23,,,1,15,,15554,23,,,1,15,,15555,23,,,1,55,,15556,23,,,1,15,,15558,23,,,1,15,,15559,23,,,1,15,,15560,23,,,1,59,,15566,23,,,1,20,,15557,23,,,1,20,,15561,23,,,1,60,,15562,23,,,1,20,,15563,23,,,1,20,,15564,23,,,1,56,,15486,23,,,1,30,,15487,23,,,1,70,,15488,23,,,1,30,,15489,23,,,1,70,,15490,23,,,1,30,,15491,23,,,1
801,'008-Weekday-9-26-02-1111100',504,,15576,23,,,1,20,,15577,23,,,1,20,,15578,23,,,1,60,,15579,23,,,1,20,,15580,23,,,1,22,,15581,23,,,1,12,,15653,23,,,1,52,,15652,23,,,1,12,,15582,23,,,1,12,,15583,23,,,1,12,,15584,23,,,1,12,,15649,23,,,1,52,,15585,23,,,1,12,,15586,23,,,1,12,,15587,23,,,1,12,,15588,23,,,1,12,,15651,23,,,1,52,,15589,23,,,1,15,,15590,23,,,1,15,,15591,23,,,1,15,,15592,23,,,1,55,,15593,23,,,1,15,,15594,23,,,1,15,,15595,23,,,1,15,,15596,23,,,1,55,,15597,23,,,1,15,,15598,23,,,1,15,,15599,23,,,1,15,,15600,23,,,1,55,,15601,23,,,1,15,,15602,23,,,1,15,,15603,23,,,1,15,,15604,23,,,1,55,,15605,23,,,1,15,,15606,23,,,1,15,,15607,23,,,1,15,,15608,23,,,1,55,,15609,23,,,1,12,,15610,23,,,1,12,,15611,23,,,1,12,,15612,23,,,1,12,,15613,23,,,1,53,,15614,23,,,1,13,,15615,23,,,1,12,,15616,23,,,1,12,,15617,23,,,1,52,,15618,23,,,1,12,,15619,23,,,1,12,,15620,23,,,1,12,,15621,23,,,1,12,,15622,23,,,1,52,,15623,23,,,1,12,,15624,23,,,1,15,,15625,23,,,1,15,,15626,23,,,1,15,,15627,23,,,1,55,,15628,23,,,1,15,,15629,23,,,1,13,,15630,23,,,1,14,,15631,23,,,1,55,,15632,23,,,1,15,,15633,23,,,1,15,,15634,23,,,1,15,,15635,23,,,1,55,,15636,23,,,1,15,,15637,23,,,1,15,,15638,23,,,1,15,,15639,23,,,1,55,,15640,23,,,1,15,,15641,23,,,1,15,,15642,23,,,1,15,,15643,23,,,1,59,,15650,23,,,1,20,,15644,23,,,1,20,,15645,23,,,1,60,,15646,23,,,1,20,,15647,23,,,1,20,,15648,23,,,1,56,,15570,23,,,1,30,,15571,23,,,1,70,,15572,23,,,1,30,,15573,23,,,1,70,,15574,23,,,1,30,,15575,23,,,1
801,'008-Saturday-1-26-02-0000010',537,,15654,23,,,1,20,,15655,23,,,1,60,,15656,23,,,1,20,,15657,23,,,1,20,,15658,23,,,1,60,,15659,23,,,1,20,,15660,23,,,1,20,,15661,23,,,1,60,,15662,23,,,1,19,,15663,23,,,1,15,,15664,23,,,1,56,,15665,23,,,1,16,,15666,23,,,1,15,,15667,23,,,1,15,,15668,23,,,1,55,,15669,23,,,1,15,,15670,23,,,1,15,,15671,23,,,1,15,,15672,23,,,1,55,,15673,23,,,1,15,,15674,23,,,1,15,,15675,23,,,1,15,,15676,23,,,1,55,,15677,23,,,1,15,,15678,23,,,1,15,,15679,23,,,1,15,,15680,23,,,1,55,,15681,23,,,1,15,,15682,23,,,1,15,,15683,23,,,1,15,,15684,23,,,1,55,,15685,23,,,1,15,,15686,23,,,1,15,,15687,23,,,1,15,,15688,23,,,1,55,,15689,23,,,1,15,,15690,23,,,1,15,,15691,23,,,1,15,,15692,23,,,1,55,,15693,23,,,1,15,,15694,23,,,1,16,,15695,23,,,1,16,,15696,23,,,1,54,,15697,23,,,1,17,,15698,23,,,1,16,,15699,23,,,1,16,,15700,23,,,1,56,,15701,23,,,1,15,,15702,23,,,1,15,,15703,23,,,1,15,,15704,23,,,1,55,,15706,23,,,1,15,,15707,23,,,1,15,,15708,23,,,1,15,,15705,23,,,1,55,,15709,23,,,1,15,,15710,23,,,1,15,,15711,23,,,1,15,,15712,23,,,1,55,,15714,23,,,1,15,,15715,23,,,1,15,,15716,23,,,1,15,,15713,23,,,1,61,,15717,23,,,1,21,,15718,23,,,1,61,,15719,23,,,1,20,,15720,23,,,1,20,,15721,23,,,1,66,,15722,23,,,1,30,,15723,23,,,1,70,,15724,23,,,1,30,,15725,23,,,1,70,,15726,23,,,1,30,,15727,23,,,1
801,'008-Sunday-1-26-02-0000001',548,,15728,23,,,1,60,,15729,23,,,1,20,,15730,23,,,1,20,,15731,23,,,1,60,,15732,23,,,1,20,,15733,23,,,1,20,,15734,23,,,1,60,,15735,23,,,1,20,,15736,23,,,1,17,,15737,23,,,1,55,,15738,23,,,1,16,,15739,23,,,1,15,,15740,23,,,1,15,,15741,23,,,1,55,,15790,23,,,1,15,,15742,23,,,1,15,,15743,23,,,1,15,,15744,23,,,1,55,,15745,23,,,1,15,,15746,23,,,1,15,,15747,23,,,1,15,,15748,23,,,1,55,,15749,23,,,1,15,,15750,23,,,1,15,,15751,23,,,1,15,,15752,23,,,1,55,,15753,23,,,1,15,,15754,23,,,1,15,,15755,23,,,1,15,,15756,23,,,1,55,,15757,23,,,1,15,,15758,23,,,1,15,,15759,23,,,1,15,,15760,23,,,1,55,,15761,23,,,1,15,,15762,23,,,1,15,,15763,23,,,1,15,,15764,23,,,1,55,,15765,23,,,1,15,,15766,23,,,1,16,,15767,23,,,1,14,,15768,23,,,1,55,,15769,23,,,1,15,,15770,23,,,1,16,,15771,23,,,1,15,,15772,23,,,1,55,,15773,23,,,1,15,,15774,23,,,1,15,,15775,23,,,1,15,,15776,23,,,1,54,,15777,23,,,1,15,,15778,23,,,1,16,,15799,23,,,1,20,,15798,23,,,1,60,,15797,23,,,1,20,,15796,23,,,1,20,,15792,23,,,1,60,,15795,23,,,1,20,,15794,23,,,1,20,,15793,23,,,1,61,,15779,23,,,1,20,,15780,23,,,1,20,,15781,23,,,1,60,,15789,23,,,1,20,,15782,23,,,1,17,,15783,23,,,1,60,,15791,23,,,1,30,,15784,23,,,1,70,,15785,23,,,1,30,,15786,23,,,1,70,,15787,23,,,1,30,,15788,23,,,1
10201,'102-Weekday-1-26-02-1111100',553,,26967,34,,,1,70,,26938,34,,,1,27,,26939,34,,,1,55,,26940,34,,,1,15,,26968,34,,,1,15,,26941,34,,,1,15,,26942,34,,,1,55,,26943,34,,,1,15,,26966,34,,,1,15,,26944,34,,,1,15,,26945,34,,,1,55,,26965,34,,,1,28,,26958,34,,,1,70,,26946,34,,,1,30,,26947,34,,,1,70,,26948,34,,,1,30,,26949,34,,,1,70,,26950,34,,,1,30,,26951,34,,,1,70,,26952,34,,,1,30,,26953,34,,,1,70,,26954,34,,,1,30,,26955,34,,,1,70,,26956,34,,,1,31,,26957,34,,,1,74,,26964,34,,,1,30,,26963,34,,,1,70,,26962,34,,,1,30,,26961,34,,,1,70,,26960,34,,,1,29,,26959,34,,,1,69,,26969,34,,,1,28,,26970,34,,,1,70,,26971,34,,,1,30,,26972,34,,,1,70,,26973,34,,,1,30,,26974,34,,,1,70,,26975,34,,,1
10201,'102-Weekday-10-26-02-1111100',553,,27005,34,,,1,70,,26976,34,,,1,27,,26977,34,,,1,55,,26978,34,,,1,15,,27006,34,,,1,15,,26979,34,,,1,15,,26980,34,,,1,55,,26981,34,,,1,15,,27004,34,,,1,15,,26982,34,,,1,15,,26983,34,,,1,55,,27003,34,,,1,28,,26996,34,,,1,70,,26984,34,,,1,30,,26985,34,,,1,70,,26986,34,,,1,30,,26987,34,,,1,70,,26988,34,,,1,30,,26989,34,,,1,70,,26990,34,,,1,30,,26991,34,,,1,70,,26992,34,,,1,30,,26993,34,,,1,70,,26994,34,,,1,31,,26995,34,,,1,74,,27002,34,,,1,30,,27001,34,,,1,70,,27000,34,,,1,30,,26999,34,,,1,70,,26998,34,,,1,29,,26997,34,,,1,69,,27007,34,,,1,28,,27008,34,,,1,70,,27009,34,,,1,30,,27010,34,,,1,70,,27011,34,,,1,30,,27012,34,,,1,70,,27013,34,,,1
10201,'102-Weekday-2-26-02-1111100',553,,27043,34,,,1,70,,27014,34,,,1,27,,27015,34,,,1,55,,27016,34,,,1,15,,27044,34,,,1,15,,27017,34,,,1,15,,27018,34,,,1,55,,27019,34,,,1,15,,27042,34,,,1,15,,27020,34,,,1,15,,27021,34,,,1,55,,27041,34,,,1,28,,27034,34,,,1,70,,27022,34,,,1,30,,27023,34,,,1,70,,27024,34,,,1,30,,27025,34,,,1,70,,27026,34,,,1,30,,27027,34,,,1,70,,27028,34,,,1,30,,27029,34,,,1,70,,27030,34,,,1,30,,27031,34,,,1,70,,27032,34,,,1,31,,27033,34,,,1,74,,27040,34,,,1,30,,27039,34,,,1,70,,27038,34,,,1,30,,27037,34,,,1,70,,27036,34,,,1,29,,27035,34,,,1,69,,27045,34,,,1,28,,27046,34,,,1,70,,27047,34,,,1,30,,27048,34,,,1,70,,27049,34,,,1,30,,27050,34,,,1,70,,27051,34,,,1
10201,'102-Weekday-4-26-02-1111100',553,,27081,34,,,1,70,,27052,34,,,1,27,,27053,34,,,1,55,,27054,34,,,1,15,,27082,34,,,1,15,,27055,34,,,1,15,,27056,34,,,1,55,,27057,34,,,1,15,,27080,34,,,1,15,,27058,34,,,1,15,,27059,34,,,1,55,,27079,34,,,1,28,,27072,34,,,1,70,,27060,34,,,1,30,,27061,34,,,1,70,,27062,34,,,1,30,,27063,34,,,1,70,,27064,34,,,1,30,,27065,34,,,1,70,,27066,34,,,1,30,,27067,34,,,1,70,,27068,34,,,1,30,,27069,34,,,1,70,,27070,34,,,1,31,,27071,34,,,1,74,,27078,34,,,1,30,,27077,34,,,1,70,,27076,34,,,1,30,,27075,34,,,1,70,,27074,34,,,1,29,,27073,34,,,1,69,,27083,34,,,1,28,,27084,34,,,1,70,,27085,34,,,1,30,,27086,34,,,1,70,,27087,34,,,1,30,,27088,34,,,1,70,,27089,34,,,1
10201,'102-Weekday-5-26-02-1111100',553,,27119,34,,,1,70,,27090,34,,,1,27,,27091,34,,,1,55,,27092,34,,,1,15,,27120,34,,,1,15,,27093,34,,,1,15,,27094,34,,,1,55,,27095,34,,,1,15,,27118,34,,,1,15,,27096,34,,,1,15,,27097,34,,,1,55,,27117,34,,,1,28,,27110,34,,,1,70,,27098,34,,,1,30,,27099,34,,,1,70,,27100,34,,,1,30,,27101,34,,,1,70,,27102,34,,,1,30,,27103,34,,,1,70,,27104,34,,,1,30,,27105,34,,,1,70,,27106,34,,,1,30,,27107,34,,,1,70,,27108,34,,,1,31,,27109,34,,,1,74,,27116,34,,,1,30,,27115,34,,,1,70,,27114,34,,,1,30,,27113,34,,,1,70,,27112,34,,,1,29,,27111,34,,,1,69,,27121,34,,,1,28,,27122,34,,,1,70,,27123,34,,,1,30,,27124,34,,,1,70,,27125,34,,,1,30,,27126,34,,,1,70,,27127,34,,,1
10201,'102-Weekday-6-26-02-1111100',553,,27157,34,,,1,70,,27128,34,,,1,27,,27129,34,,,1,55,,27130,34,,,1,15,,27158,34,,,1,15,,27131,34,,,1,15,,27132,34,,,1,55,,27133,34,,,1,15,,27156,34,,,1,15,,27134,34,,,1,15,,27135,34,,,1,55,,27155,34,,,1,28,,27148,34,,,1,70,,27136,34,,,1,30,,27137,34,,,1,70,,27138,34,,,1,30,,27139,34,,,1,70,,27140,34,,,1,30,,27141,34,,,1,70,,27142,34,,,1,30,,27143,34,,,1,70,,27144,34,,,1,30,,27145,34,,,1,70,,27146,34,,,1,31,,27147,34,,,1,74,,27154,34,,,1,30,,27153,34,,,1,70,,27152,34,,,1,30,,27151,34,,,1,70,,27150,34,,,1,29,,27149,34,,,1,69,,27159,34,,,1,28,,27160,34,,,1,70,,27161,34,,,1,30,,27162,34,,,1,70,,27163,34,,,1,30,,27164,34,,,1,70,,27165,34,,,1
10201,'102-Weekday-7-26-02-1111100',553,,27195,34,,,1,70,,27166,34,,,1,27,,27167,34,,,1,55,,27168,34,,,1,15,,27196,34,,,1,15,,27169,34,,,1,15,,27170,34,,,1,55,,27171,34,,,1,15,,27194,34,,,1,15,,27172,34,,,1,15,,27173,34,,,1,55,,27193,34,,,1,28,,27186,34,,,1,70,,27174,34,,,1,30,,27175,34,,,1,70,,27176,34,,,1,30,,27177,34,,,1,70,,27178,34,,,1,30,,27179,34,,,1,70,,27180,34,,,1,30,,27181,34,,,1,70,,27182,34,,,1,30,,27183,34,,,1,70,,27184,34,,,1,31,,27185,34,,,1,74,,27192,34,,,1,30,,27191,34,,,1,70,,27190,34,,,1,30,,27189,34,,,1,70,,27188,34,,,1,29,,27187,34,,,1,69,,27197,34,,,1,28,,27198,34,,,1,70,,27199,34,,,1,30,,27200,34,,,1,70,,27201,34,,,1,30,,27202,34,,,1,70,,27203,34,,,1
10201,'102-Weekday-8-26-02-1111100',553,,27233,34,,,1,70,,27204,34,,,1,27,,27205,34,,,1,55,,27206,34,,,1,15,,27234,34,,,1,15,,27207,34,,,1,15,,27208,34,,,1,55,,27209,34,,,1,15,,27232,34,,,1,15,,27210,34,,,1,15,,27211,34,,,1,55,,27231,34,,,1,28,,27224,34,,,1,70,,27212,34,,,1,30,,27213,34,,,1,70,,27214,34,,,1,30,,27215,34,,,1,70,,27216,34,,,1,30,,27217,34,,,1,70,,27218,34,,,1,30,,27219,34,,,1,70,,27220,34,,,1,30,,27221,34,,,1,70,,27222,34,,,1,31,,27223,34,,,1,74,,27230,34,,,1,30,,27229,34,,,1,70,,27228,34,,,1,30,,27227,34,,,1,70,,27226,34,,,1,29,,27225,34,,,1,69,,27235,34,,,1,28,,27236,34,,,1,70,,27237,34,,,1,30,,27238,34,,,1,70,,27239,34,,,1,30,,27240,34,,,1,70,,27241,34,,,1
10201,'102-Weekday-9-26-02-1111100',553,,27271,34,,,1,70,,27242,34,,,1,27,,27243,34,,,1,55,,27244,34,,,1,15,,27272,34,,,1,15,,27245,34,,,1,15,,27246,34,,,1,55,,27247,34,,,1,15,,27270,34,,,1,15,,27248,34,,,1,15,,27249,34,,,1,55,,27269,34,,,1,28,,27262,34,,,1,70,,27250,34,,,1,30,,27251,34,,,1,70,,27252,34,,,1,30,,27253,34,,,1,70,,27254,34,,,1,30,,27255,34,,,1,70,,27256,34,,,1,30,,27257,34,,,1,70,,27258,34,,,1,30,,27259,34,,,1,70,,27260,34,,,1,31,,27261,34,,,1,74,,27268,34,,,1,30,,27267,34,,,1,70,,27266,34,,,1,30,,27265,34,,,1,70,,27264,34,,,1,29,,27263,34,,,1,69,,27273,34,,,1,28,,27274,34,,,1,70,,27275,34,,,1,30,,27276,34,,,1,70,,27277,34,,,1,30,,27278,34,,,1,70,,27279,34,,,1
10201,'102-Saturday-1-26-02-0000010',620,,27280,34,,,1,100,,27281,34,,,1,100,,27282,34,,,1,36,,27283,34,,,1,72,,27284,34,,,1,73,,27285,34,,,1,32,,27286,34,,,1,70,,27287,34,,,1,30,,27288,34,,,1,70,,27289,34,,,1,30,,27290,34,,,1,70,,27291,34,,,1,30,,27292,34,,,1,70,,27293,34,,,1,30,,27294,34,,,1,70,,27295,34,,,1,30,,27296,34,,,1,70,,27297,34,,,1,30,,27298,34,,,1,70,,27299,34,,,1,29,,27300,34,,,1,68,,27301,34,,,1,29,,27302,34,,,1,30,,27303,34,,,1,70,,27304,34,,,1
10201,'102-Sunday-1-26-02-0000001',1030,,27305,34,,,1,70,,27306,34,,,1,30,,27307,34,,,1,70,,27308,34,,,1,30,,27309,34,,,1,70,,27310,34,,,1,30,,27311,34,,,1,70,,27312,34,,,1,30,,27313,34,,,1,70,,27314,34,,,1,30,,27315,34,,,1,70,,27316,34,,,1,30,,27317,34,,,1,70,,27318,34,,,1,29,,27319,34,,,1,30,,27320,34,,,1,70,,27321,34,,,1,30,,27322,34,,,1
11400,'114-Weekday-1-26-02-1111100',509,,35872,2,,,1,30,,35873,2,,,1,70,,35874,2,,,1,15,,35875,2,,,1,12,,35876,2,,,1,12,,35877,2,,,1,52,,35878,2,,,1,12,,35880,2,,,1,12,,35879,2,,,1,12,,35881,2,,,1,12,,35882,2,,,1,52,,35883,2,,,1,12,,35884,2,,,1,11,,35894,2,,,1,11,,35934,2,,,1,11,,35895,2,,,1,55,,35896,2,,,1,15,,35897,2,,,1,15,,35898,2,,,1,15,,35899,2,,,1,55,,35900,2,,,1,15,,35901,2,,,1,15,,35902,2,,,1,15,,35903,2,,,1,55,,35904,2,,,1,15,,35905,2,,,1,15,,35906,2,,,1,15,,35907,2,,,1,55,,35908,2,,,1,15,,35885,2,,,1,15,,35886,2,,,1,15,,35887,2,,,1,55,,35888,2,,,1,15,,35889,2,,,1,15,,35890,2,,,1,15,,35891,2,,,1,55,,35870,2,,,1,15,,35871,2,,,1,14,,35909,2,,,1,12,,35910,2,,,1,13,,35911,2,,,1,52,,35912,2,,,1,12,,35913,2,,,1,12,,35914,2,,,1,12,,35915,2,,,1,12,,35916,2,,,1,52,,35917,2,,,1,12,,35918,2,,,1,12,,35919,2,,,1,12,,35920,2,,,1,12,,35921,2,,,1,52,,35892,2,,,1,12,,35893,2,,,1,12,,35922,2,,,1,23,,35923,2,,,1,70,,35924,2,,,1,29,,35925,2,,,1,70,,35926,2,,,1,30,,35927,2,,,1,70,,35928,2,,,1,30,,35929,2,,,1,70,,35930,2,,,1,30,,35931,2,,,1,100,,35932,2,,,1,100,,35933,2,,,1
11400,'114-Weekday-10-26-02-1111100',509,,35939,2,,,1,30,,35940,2,,,1,70,,35941,2,,,1,15,,35942,2,,,1,12,,35943,2,,,1,12,,35944,2,,,1,52,,35945,2,,,1,12,,35947,2,,,1,12,,35946,2,,,1,12,,35948,2,,,1,12,,35949,2,,,1,52,,35950,2,,,1,12,,35951,2,,,1,11,,35961,2,,,1,11,,36001,2,,,1,11,,35962,2,,,1,55,,35963,2,,,1,15,,35964,2,,,1,15,,35965,2,,,1,15,,35966,2,,,1,55,,35967,2,,,1,15,,35968,2,,,1,15,,35969,2,,,1,15,,35970,2,,,1,55,,35971,2,,,1,15,,35972,2,,,1,15,,35973,2,,,1,15,,35974,2,,,1,55,,35975,2,,,1,15,,35952,2,,,1,15,,35953,2,,,1,15,,35954,2,,,1,55,,35955,2,,,1,15,,35956,2,,,1,15,,35957,2,,,1,15,,35958,2,,,1,55,,35937,2,,,1,15,,35938,2,,,1,14,,35976,2,,,1,12,,35977,2,,,1,13,,35978,2,,,1,52,,35979,2,,,1,12,,35980,2,,,1,12,,35981,2,,,1,12,,35982,2,,,1,12,,35983,2,,,1,52,,35984,2,,,1,12,,35985,2,,,1,12,,35986,2,,,1,12,,35987,2,,,1,12,,35988,2,,,1,52,,35959,2,,,1,12,,35960,2,,,1,12,,35989,2,,,1,23,,35990,2,,,1,70,,35991,2,,,1,29,,35992,2,,,1,70,,35993,2,,,1,30,,35994,2,,,1,70,,35995,2,,,1,30,,35996,2,,,1,70,,35997,2,,,1,30,,35998,2,,,1,100,,35999,2,,,1,100,,36000,2,,,1
11400,'114-Weekday-2-26-02-1111100',509,,36006,2,,,1,30,,36007,2,,,1,70,,36008,2,,,1,15,,36009,2,,,1,12,,36010,2,,,1,12,,36011,2,,,1,52,,36012,2,,,1,12,,36014,2,,,1,12,,36013,2,,,1,12,,36015,2,,,1,12,,36016,2,,,1,52,,36017,2,,,1,12,,36018,2,,,1,11,,36028,2,,,1,11,,36068,2,,,1,11,,36029,2,,,1,55,,36030,2,,,1,15,,36031,2,,,1,15,,36032,2,,,1,15,,36033,2,,,1,55,,36034,2,,,1,15,,36035,2,,,1,15,,36036,2,,,1,15,,36037,2,,,1,55,,36038,2,,,1,15,,36039,2,,,1,15,,36040,2,,,1,15,,36041,2,,,1,55,,36042,2,,,1,15,,36019,2,,,1,15,,36020,2,,,1,15,,36021,2,,,1,55,,36022,2,,,1,15,,36023,2,,,1,15,,36024,2,,,1,15,,36025,2,,,1,55,,36004,2,,,1,15,,36005,2,,,1,14,,36043,2,,,1,12,,36044,2,,,1,13,,36045,2,,,1,52,,36046,2,,,1,12,,36047,2,,,1,12,,36048,2,,,1,12,,36049,2,,,1,12,,36050,2,,,1,52,,36051,2,,,1,12,,36052,2,,,1,12,,36053,2,,,1,12,,36054,2,,,1,12,,36055,2,,,1,52,,36026,2,,,1,12,,36027,2,,,1,12,,36056,2,,,1,23,,36057,2,,,1,70,,36058,2,,,1,29,,36059,2,,,1,70,,36060,2,,,1,30,,36061,2,,,1,70,,36062,2,,,1,30,,36063,2,,,1,70,,36064,2,,,1,30,,36065,2,,,1,100,,36066,2,,,1,100,,36067,2,,,1
11400,'114-Weekday-4-26-02-1111100',509,,36073,2,,,1,30,,36074,2,,,1,70,,36075,2,,,1,15,,36076,2,,,1,12,,36077,2,,,1,12,,36078,2,,,1,52,,36079,2,,,1,12,,36081,2,,,1,12,,36080,2,,,1,12,,36082,2,,,1,12,,36083,2,,,1,52,,36084,2,,,1,12,,36085,2,,,1,11,,36095,2,,,1,11,,36135,2,,,1,11,,36096,2,,,1,55,,36097,2,,,1,15,,36098,2,,,1,15,,36099,2,,,1,15,,36100,2,,,1,55,,36101,2,,,1,15,,36102,2,,,1,15,,36103,2,,,1,15,,36104,2,,,1,55,,36105,2,,,1,15,,36106,2,,,1,15,,36107,2,,,1,15,,36108,2,,,1,55,,36109,2,,,1,15,,36086,2,,,1,15,,36087,2,,,1,15,,36088,2,,,1,55,,36089,2,,,1,15,,36090,2,,,1,15,,36091,2,,,1,15,,36092,2,,,1,55,,36071,2,,,1,15,,36072,2,,,1,14,,36110,2,,,1,12,,36111,2,,,1,13,,36112,2,,,1,52,,36113,2,,,1,12,,36114,2,,,1,12,,36115,2,,,1,12,,36116,2,,,1,12,,36117,2,,,1,52,,36118,2,,,1,12,,36119,2,,,1,12,,36120,2,,,1,12,,36121,2,,,1,12,,36122,2,,,1,52,,36093,2,,,1,12,,36094,2,,,1,12,,36123,2,,,1,23,,36124,2,,,1,70,,36125,2,,,1,29,,36126,2,,,1,70,,36127,2,,,1,30,,36128,2,,,1,70,,36129,2,,,1,30,,36130,2,,,1,70,,36131,2,,,1,30,,36132,2,,,1,100,,36133,2,,,1,100,,36134,2,,,1
11400,'114-Weekday-5-26-02-1111100',509,,36138,2,,,1,30,,36139,2,,,1,70,,36140,2,,,1,15,,36141,2,,,1,12,,36142,2,,,1,12,,36143,2,,,1,52,,36144,2,,,1,12,,36146,2,,,1,12,,36145,2,,,1,12,,36147,2,,,1,12,,36148,2,,,1,52,,36149,2,,,1,12,,36150,2,,,1,11,,36160,2,,,1,11,,36200,2,,,1,11,,36161,2,,,1,55,,36162,2,,,1,15,,36163,2,,,1,15,,36164,2,,,1,15,,36165,2,,,1,55,,36166,2,,,1,15,,36167,2,,,1,15,,36168,2,,,1,15,,36169,2,,,1,55,,36170,2,,,1,15,,36171,2,,,1,15,,36172,2,,,1,15,,36173,2,,,1,55,,36174,2,,,1,15,,36151,2,,,1,15,,36152,2,,,1,15,,36153,2,,,1,55,,36154,2,,,1,15,,36155,2,,,1,15,,36156,2,,,1,15,,36157,2,,,1,55,,36136,2,,,1,15,,36137,2,,,1,14,,36175,2,,,1,12,,36176,2,,,1,13,,36177,2,,,1,52,,36178,2,,,1,12,,36179,2,,,1,12,,36180,2,,,1,12,,36181,2,,,1,12,,36182,2,,,1,52,,36183,2,,,1,12,,36184,2,,,1,12,,36185,2,,,1,12,,36186,2,,,1,12,,36187,2,,,1,52,,36158,2,,,1,12,,36159,2,,,1,12,,36188,2,,,1,23,,36189,2,,,1,70,,36190,2,,,1,29,,36191,2,,,1,70,,36192,2,,,1,30,,36193,2,,,1,70,,36194,2,,,1,30,,36195,2,,,1,70,,36196,2,,,1,30,,36197,2,,,1,100,,36198,2,,,1,100,,36199,2,,,1
11400,'114-Weekday-6-26-02-1111100',509,,36205,2,,,1,30,,36206,2,,,1,70,,36207,2,,,1,15,,36208,2,,,1,12,,36209,2,,,1,12,,36210,2,,,1,52,,36211,2,,,1,12,,36213,2,,,1,12,,36212,2,,,1,12,,36214,2,,,1,12,,36215,2,,,1,52,,36216,2,,,1,12,,36217,2,,,1,11,,36227,2,,,1,11,,36267,2,,,1,11,,36228,2,,,1,55,,36229,2,,,1,15,,36230,2,,,1,15,,36231,2,,,1,15,,36232,2,,,1,55,,36233,2,,,1,15,,36234,2,,,1,15,,36235,2,,,1,15,,36236,2,,,1,55,,36237,2,,,1,15,,36238,2,,,1,15,,36239,2,,,1,15,,36240,2,,,1,55,,36241,2,,,1,15,,36218,2,,,1,15,,36219,2,,,1,15,,36220,2,,,1,55,,36221,2,,,1,15,,36222,2,,,1,15,,36223,2,,,1,15,,36224,2,,,1,55,,36203,2,,,1,15,,36204,2,,,1,14,,36242,2,,,1,12,,36243,2,,,1,13,,36244,2,,,1,52,,36245,2,,,1,12,,36246,2,,,1,12,,36247,2,,,1,12,,36248,2,,,1,12,,36249,2,,,1,52,,36250,2,,,1,12,,36251,2,,,1,12,,36252,2,,,1,12,,36253,2,,,1,12,,36254,2,,,1,52,,36225,2,,,1,12,,36226,2,,,1,12,,36255,2,,,1,23,,36256,2,,,1,70,,36257,2,,,1,29,,36258,2,,,1,70,,36259,2,,,1,30,,36260,2,,,1,70,,36261,2,,,1,30,,36262,2,,,1,70,,36263,2,,,1,30,,36264,2,,,1,100,,36265,2,,,1,100,,36266,2,,,1
11400,'114-Weekday-7-26-02-1111100',509,,36272,2,,,1,30,,36273,2,,,1,70,,36274,2,,,1,15,,36275,2,,,1,12,,36276,2,,,1,12,,36277,2,,,1,52,,36278,2,,,1,12,,36280,2,,,1,12,,36279,2,,,1,12,,36281,2,,,1,12,,36282,2,,,1,52,,36283,2,,,1,12,,36284,2,,,1,11,,36294,2,,,1,11,,36334,2,,,1,11,,36295,2,,,1,55,,36296,2,,,1,15,,36297,2,,,1,15,,36298,2,,,1,15,,36299,2,,,1,55,,36300,2,,,1,15,,36301,2,,,1,15,,36302,2,,,1,15,,36303,2,,,1,55,,36304,2,,,1,15,,36305,2,,,1,15,,36306,2,,,1,15,,36307,2,,,1,55,,36308,2,,,1,15,,36285,2,,,1,15,,36286,2,,,1,15,,36287,2,,,1,55,,36288,2,,,1,15,,36289,2,,,1,15,,36290,2,,,1,15,,36291,2,,,1,55,,36270,2,,,1,15,,36271,2,,,1,14,,36309,2,,,1,12,,36310,2,,,1,13,,36311,2,,,1,52,,36312,2,,,1,12,,36313,2,,,1,12,,36314,2,,,1,12,,36315,2,,,1,12,,36316,2,,,1,52,,36317,2,,,1,12,,36318,2,,,1,12,,36319,2,,,1,12,,36320,2,,,1,12,,36321,2,,,1,52,,36292,2,,,1,12,,36293,2,,,1,12,,36322,2,,,1,23,,36323,2,,,1,70,,36324,2,,,1,29,,36325,2,,,1,70,,36326,2,,,1,30,,36327,2,,,1,70,,36328,2,,,1,30,,36329,2,,,1,70,,36330,2,,,1,30,,36331,2,,,1,100,,36332,2,,,1,100,,36333,2,,,1
11400,'114-Weekday-8-26-02-1111100',509,,36337,2,,,1,30,,36338,2,,,1,70,,36339,2,,,1,15,,36340,2,,,1,12,,36341,2,,,1,12,,36342,2,,,1,52,,36343,2,,,1,12,,36345,2,,,1,12,,36344,2,,,1,12,,36346,2,,,1,12,,36347,2,,,1,52,,36348,2,,,1,12,,36349,2,,,1,11,,36359,2,,,1,11,,36399,2,,,1,11,,36360,2,,,1,55,,36361,2,,,1,15,,36362,2,,,1,15,,36363,2,,,1,15,,36364,2,,,1,55,,36365,2,,,1,15,,36366,2,,,1,15,,36367,2,,,1,15,,36368,2,,,1,55,,36369,2,,,1,15,,36370,2,,,1,15,,36371,2,,,1,15,,36372,2,,,1,55,,36373,2,,,1,15,,36350,2,,,1,15,,36351,2,,,1,15,,36352,2,,,1,55,,36353,2,,,1,15,,36354,2,,,1,15,,36355,2,,,1,15,,36356,2,,,1,55,,36335,2,,,1,15,,36336,2,,,1,14,,36374,2,,,1,12,,36375,2,,,1,13,,36376,2,,,1,52,,36377,2,,,1,12,,36378,2,,,1,12,,36379,2,,,1,12,,36380,2,,,1,12,,36381,2,,,1,52,,36382,2,,,1,12,,36383,2,,,1,12,,36384,2,,,1,12,,36385,2,,,1,12,,36386,2,,,1,52,,36357,2,,,1,12,,36358,2,,,1,12,,36387,2,,,1,23,,36388,2,,,1,70,,36389,2,,,1,29,,36390,2,,,1,70,,36391,2,,,1,30,,36392,2,,,1,70,,36393,2,,,1,30,,36394,2,,,1,70,,36395,2,,,1,30,,36396,2,,,1,100,,36397,2,,,1,100,,36398,2,,,1
11400,'114-Weekday-9-26-02-1111100',509,,36404,2,,,1,30,,36405,2,,,1,70,,36406,2,,,1,15,,36407,2,,,1,12,,36408,2,,,1,12,,36409,2,,,1,52,,36410,2,,,1,12,,36412,2,,,1,12,,36411,2,,,1,12,,36413,2,,,1,12,,36414,2,,,1,52,,36415,2,,,1,12,,36416,2,,,1,11,,36426,2,,,1,11,,36466,2,,,1,11,,36427,2,,,1,55,,36428,2,,,1,15,,36429,2,,,1,15,,36430,2,,,1,15,,36431,2,,,1,55,,36432,2,,,1,15,,36433,2,,,1,15,,36434,2,,,1,15,,36435,2,,,1,55,,36436,2,,,1,15,,36437,2,,,1,15,,36438,2,,,1,15,,36439,2,,,1,55,,36440,2,,,1,15,,36417,2,,,1,15,,36418,2,,,1,15,,36419,2,,,1,55,,36420,2,,,1,15,,36421,2,,,1,15,,36422,2,,,1,15,,36423,2,,,1,55,,36402,2,,,1,15,,36403,2,,,1,14,,36441,2,,,1,12,,36442,2,,,1,13,,36443,2,,,1,52,,36444,2,,,1,12,,36445,2,,,1,12,,36446,2,,,1,12,,36447,2,,,1,12,,36448,2,,,1,52,,36449,2,,,1,12,,36450,2,,,1,12,,36451,2,,,1,12,,36452,2,,,1,12,,36453,2,,,1,52,,36424,2,,,1,12,,36425,2,,,1,12,,36454,2,,,1,23,,36455,2,,,1,70,,36456,2,,,1,29,,36457,2,,,1,70,,36458,2,,,1,30,,36459,2,,,1,70,,36460,2,,,1,30,,36461,2,,,1,70,,36462,2,,,1,30,,36463,2,,,1,100,,36464,2,,,1,100,,36465,2,,,1
11400,'114-Saturday-1-26-02-0000010',615,,36469,2,,,1,100,,36470,2,,,1,90,,36471,2,,,1,20,,36472,2,,,1,20,,36473,2,,,1,60,,36475,2,,,1,20,,36476,2,,,1,20,,36477,2,,,1,60,,36479,2,,,1,20,,36480,2,,,1,20,,36481,2,,,1,60,,36483,2,,,1,20,,36484,2,,,1,20,,36485,2,,,1,60,,36487,2,,,1,20,,36488,2,,,1,20,,36489,2,,,1,60,,36491,2,,,1,20,,36492,2,,,1,20,,36493,2,,,1,60,,36495,2,,,1,20,,36496,2,,,1,20,,36497,2,,,1,60,,36499,2,,,1,20,,36500,2,,,1,20,,36501,2,,,1,60,,36503,2,,,1,20,,36486,2,,,1,20,,36502,2,,,1,60,,36498,2,,,1,20,,36494,2,,,1,20,,36490,2,,,1,60,,36482,2,,,1,20,,36478,2,,,1,20,,36474,2,,,1,74,,36504,2,,,1,30,,36505,2,,,1,70,,36506,2,,,1,30,,36507,2,,,1,70,,36508,2,,,1,30,,36509,2,,,1,100,,36510,2,,,1,100,,36511,2,,,1
11400,'114-Sunday-1-26-02-0000001',625,,36515,2,,,1,100,,36514,2,,,1,100,,36513,2,,,1,100,,36512,2,,,1,89,,36516,2,,,1,20,,36517,2,,,1,20,,36518,2,,,1,60,,36519,2,,,1,20,,36520,2,,,1,20,,36521,2,,,1,60,,36522,2,,,1,20,,36523,2,,,1,20,,36524,2,,,1,60,,36525,2,,,1,20,,36526,2,,,1,20,,36527,2,,,1,60,,36528,2,,,1,20,,36529,2,,,1,20,,36530,2,,,1,60,,36531,2,,,1,20,,36532,2,,,1,20,,36533,2,,,1,60,,36534,2,,,1,20,,36535,2,,,1,20,,36536,2,,,1,60,,36537,2,,,1,20,,36538,2,,,1,20,,36539,2,,,1,60,,36540,2,,,1,20,,36541,2,,,1,20,,36542,2,,,1,71,,36543,2,,,1,30,,36544,2,,,1,70,,36545,2,,,1,30,,36546,2,,,1,70,,36547,2,,,1,30,,36548,2,,,1,100,,36549,2,,,1,100,,36550,2,,,1
