5100,'051-Weekday-1-26-02-1111100',544,,19127,8,,,1,70,,19128,7,,,1,30,,19129,8,,,1,60,,19130,8,,,1,20,,19152,7,,,1,20,,19131,7,,,1,60,,19132,7,,,1,20,,19153,7,,,1,18,,19177,7,,,1,60,,19176,7,,,1,20,,19175,7,,,1,20,,19174,7,,,1,60,,19173,7,,,1,20,,19172,8,,,1,20,,19171,7,,,1,60,,19170,8,,,1,20,,19169,8,,,1,20,,19168,8,,,1,60,,19167,8,,,1,20,,19166,8,,,1,20,,19165,7,,,1,60,,19164,8,,,1,20,,19163,7,,,1,20,,19162,8,,,1,60,,19149,8,,,1,2,,19161,7,,,1,18,,19160,8,,,1,17,,19133,7,,,1,16,,19154,7,,,1,55,,19134,7,,,1,15,,19155,8,,,1,15,,19135,7,,,1,15,,19156,7,,,1,55,,19136,7,,,1,15,,19157,7,,,1,15,,19137,8,,,1,15,,19158,8,,,1,55,,19138,7,,,1,15,,19159,7,,,1,16,,19139,7,,,1,70,,19140,7,,,1,29,,19141,7,,,1,70,,19142,7,,,1,30,,19143,8,,,1,70,,19144,7,,,1,30,,19145,7,,,1,70,,19146,7,,,1,30,,19147,7,,,1,100,,19148,7,,,1
5100,'051-Weekday-10-26-02-1111100',544,,19178,8,,,1,70,,19179,7,,,1,30,,19180,8,,,1,60,,19181,8,,,1,20,,19203,7,,,1,20,,19182,7,,,1,60,,19183,7,,,1,20,,19204,7,,,1,18,,19228,7,,,1,60,,19227,7,,,1,20,,19226,7,,,1,20,,19225,7,,,1,60,,19224,7,,,1,20,,19223,8,,,1,20,,19222,7,,,1,60,,19221,8,,,1,20,,19220,8,,,1,20,,19219,8,,,1,60,,19218,8,,,1,20,,19217,8,,,1,20,,19216,7,,,1,60,,19215,8,,,1,20,,19214,7,,,1,20,,19213,8,,,1,60,,19200,8,,,1,2,,19212,7,,,1,18,,19211,8,,,1,17,,19184,7,,,1,16,,19205,7,,,1,55,,19185,7,,,1,15,,19206,8,,,1,15,,19186,7,,,1,15,,19207,7,,,1,55,,19187,7,,,1,15,,19208,7,,,1,15,,19188,8,,,1,15,,19209,8,,,1,55,,19189,7,,,1,15,,19210,7,,,1,16,,19190,7,,,1,70,,19191,7,,,1,29,,19192,7,,,1,70,,19193,7,,,1,30,,19194,8,,,1,70,,19195,7,,,1,30,,19196,7,,,1,70,,19197,7,,,1,30,,19198,7,,,1,100,,19199,7,,,1
5100,'051-Weekday-11-26-02-1111100',544,,110327,8,,,1,70,,110328,7,,,1,30,,110329,8,,,1,60,,110330,8,,,1,20,,110352,7,,,1,20,,110331,7,,,1,60,,110332,7,,,1,20,,110353,7,,,1,18,,110377,7,,,1,60,,110376,7,,,1,20,,110375,7,,,1,20,,110374,7,,,1,60,,110373,7,,,1,20,,110372,8,,,1,20,,110371,7,,,1,60,,110370,8,,,1,20,,110369,8,,,1,20,,110368,8,,,1,60,,110367,8,,,1,20,,110366,8,,,1,20,,110365,7,,,1,60,,110364,8,,,1,20,,110363,7,,,1,20,,110362,8,,,1,60,,110349,8,,,1,2,,110361,7,,,1,18,,110360,8,,,1,17,,110333,7,,,1,16,,110354,7,,,1,55,,110334,7,,,1,15,,110355,8,,,1,15,,110335,7,,,1,15,,110356,7,,,1,55,,110336,7,,,1,15,,110357,7,,,1,15,,110337,8,,,1,15,,110358,8,,,1,55,,110338,7,,,1,15,,110359,7,,,1,16,,110339,7,,,1,70,,110340,7,,,1,29,,110341,7,,,1,70,,110342,7,,,1,30,,110343,8,,,1,70,,110344,7,,,1,30,,110345,7,,,1,70,,110346,7,,,1,30,,110347,7,,,1,100,,110348,7,,,1
5100,'051-Saturday-1-26-02-0000010',642,,19600,7,,,1,99,,19577,7,,,1,100,,19578,7,,,1,71,,19579,7,,,1,32,,19580,7,,,1,70,,19581,7,,,1,30,,19582,7,,,1,70,,19584,7,,,1,30,,19585,7,,,1,70,,19586,7,,,1,30,,19583,8,,,1,70,,19587,7,,,1,30,,19588,7,,,1,70,,19589,7,,,1,30,,19591,7,,,1,70,,19592,7,,,1,30,,19593,7,,,1,70,,19590,7,,,1,30,,19594,7,,,1,70,,19595,7,,,1,30,,19596,7,,,1,70,,19597,7,,,1,30,,19598,7,,,1,70,,19599,7,,,1,100,,19601,7,,,1,100,,19602,7,,,1
5100,'051-Sunday-2-26-02-0000001',723,,110397,7,,,1,100,,110398,7,,,1,100,,110399,8,,,1,26,,110402,7,,,1,66,,110378,7,,,1,30,,110379,7,,,1,70,,110380,7,,,1,30,,110381,7,,,1,70,,110382,7,,,1,30,,110384,7,,,1,70,,110385,8,,,1,30,,110387,7,,,1,70,,110383,7,,,1,30,,110388,7,,,1,70,,110389,8,,,1,30,,110386,7,,,1,70,,110390,7,,,1,30,,110391,7,,,1,69,,110392,7,,,1,28,,110393,7,,,1,70,,110394,7,,,1,30,,110395,7,,,1,70,,110396,7,,,1,100,,110400,8,,,1,100,,110401,7,,,1,100,,110403,7,,,1
65401,'654-Weekday-1-26-02-1111100',802,,61300,1,,,1,6,,61300,8,,,1
65401,'654-Weekday-10-26-02-1111100',802,,116809,1,,,1,6,,116809,8,,,1
65401,'654-Weekday-9-26-02-1111100',802,,61304,1,,,1,6,,61304,8,,,1
90200,'902-Weekday-1-26-02-1111100',532,,84076,5,,,1,70,,84077,4,,,1,30,,84078,4,,,1,70,,84079,4,,,1,30,,84080,4,,,1,24,,84081,4,,,1,64,,84082,4,,,1,24,,84083,4,,,1,65,,84084,4,,,1,23,,84125,4,,,1,25,,84126,4,,,1,62,,84085,4,,,1,20,,84086,4,,,1,20,,84087,4,,,1,60,,84088,4,,,1,20,,84089,5,,,1,20,,84090,5,,,1,60,,84091,4,,,1,20,,84092,4,,,1,20,,84093,4,,,1,60,,84094,4,,,1,20,,84095,4,,,1,20,,84096,5,,,1,60,,84097,5,,,1,24,,84098,4,,,1,12,,84099,5,,,1,52,,84100,4,,,1,12,,84101,5,,,1,12,,84102,5,,,1,12,,84103,4,,,1,12,,84104,5,,,1,52,,84105,5,,,1,12,,84106,4,,,1,12,,84107,4,,,1,12,,84108,4,,,1,12,,84109,5,,,1,52,,84110,5,,,1,12,,84111,4,,,1,12,,84112,5,,,1,12,,84113,4,,,1,64,,84114,4,,,1,30,,84115,4,,,1,70,,84116,5,,,1,30,,84117,4,,,1,70,,84118,4,,,1,30,,84119,5,,,1,70,,84120,4,,,1,30,,84121,4,,,1,69,,84122,4,,,1,100,,84123,4,,,1,100,,84124,4,,,1
90200,'902-Weekday-10-26-02-1111100',532,,84127,5,,,1,70,,84128,4,,,1,30,,84129,4,,,1,70,,84130,4,,,1,30,,84131,4,,,1,24,,84132,4,,,1,64,,84133,4,,,1,24,,84134,4,,,1,65,,84135,4,,,1,23,,84176,4,,,1,25,,84177,4,,,1,62,,84136,4,,,1,20,,84137,4,,,1,20,,84138,4,,,1,60,,84139,4,,,1,20,,84140,5,,,1,20,,84141,5,,,1,60,,84142,4,,,1,20,,84143,4,,,1,20,,84144,4,,,1,60,,84145,4,,,1,20,,84146,4,,,1,20,,84147,5,,,1,60,,84148,5,,,1,24,,84149,4,,,1,12,,84150,5,,,1,52,,84151,4,,,1,12,,84152,5,,,1,12,,84153,5,,,1,12,,84154,4,,,1,12,,84155,5,,,1,52,,84156,5,,,1,12,,84157,4,,,1,12,,84158,4,,,1,12,,84159,4,,,1,12,,84160,5,,,1,52,,84161,5,,,1,12,,84162,4,,,1,12,,84163,5,,,1,12,,84164,4,,,1,64,,84165,4,,,1,30,,84166,4,,,1,70,,84167,5,,,1,30,,84168,4,,,1,70,,84169,4,,,1,30,,84170,5,,,1,70,,84171,4,,,1,30,,84172,4,,,1,69,,84173,4,,,1,100,,84174,4,,,1,100,,84175,4,,,1
90200,'902-Weekday-11-26-02-1111100',532,,120130,5,,,1,70,,120131,4,,,1,30,,120132,4,,,1,70,,120133,4,,,1,30,,120134,4,,,1,24,,120135,4,,,1,64,,120136,4,,,1,24,,120137,4,,,1,65,,120138,4,,,1,23,,120179,4,,,1,25,,120180,4,,,1,62,,120139,4,,,1,20,,120140,4,,,1,20,,120141,4,,,1,60,,120142,4,,,1,20,,120143,5,,,1,20,,120144,5,,,1,60,,120145,4,,,1,20,,120146,4,,,1,20,,120147,4,,,1,60,,120148,4,,,1,20,,120149,4,,,1,20,,120150,5,,,1,60,,120151,5,,,1,24,,120152,4,,,1,12,,120153,5,,,1,52,,120154,4,,,1,12,,120155,5,,,1,12,,120156,5,,,1,12,,120157,4,,,1,12,,120158,5,,,1,52,,120159,5,,,1,12,,120160,4,,,1,12,,120161,4,,,1,12,,120162,4,,,1,12,,120163,5,,,1,52,,120164,5,,,1,12,,120165,4,,,1,12,,120166,5,,,1,12,,120167,4,,,1,64,,120168,4,,,1,30,,120169,4,,,1,70,,120170,5,,,1,30,,120171,4,,,1,70,,120172,4,,,1,30,,120173,5,,,1,70,,120174,4,,,1,30,,120175,4,,,1,69,,120176,4,,,1,100,,120177,4,,,1,100,,120178,4,,,1
90200,'902-Saturday-1-26-02-0000010',550,,84535,5,,,1,100,,84536,4,,,1,100,,84537,4,,,1,77,,84538,5,,,1,30,,84539,5,,,1,70,,84540,4,,,1,30,,84541,4,,,1,70,,84542,4,,,1,30,,84543,4,,,1,70,,84544,4,,,1,30,,84545,4,,,1,70,,84546,4,,,1,30,,84547,4,,,1,70,,84548,4,,,1,30,,84549,4,,,1,70,,84550,4,,,1,30,,84551,4,,,1,70,,84552,4,,,1,30,,84553,4,,,1,70,,84554,4,,,1,30,,84555,4,,,1,73,,84561,4,,,1,70,,84562,4,,,1,30,,84563,4,,,1,100,,84556,4,,,1,100,,84557,4,,,1,100,,84558,4,,,1,100,,84559,4,,,1,100,,84560,4,,,1
90200,'902-Sunday-2-26-02-0000001',551,,120181,5,,,1,100,,120182,4,,,1,100,,120183,4,,,1,99,,120206,4,,,1,99,,120207,4,,,1,85,,120208,5,,,1,70,,120184,5,,,1,30,,120185,4,,,1,70,,120186,4,,,1,30,,120187,4,,,1,70,,120188,4,,,1,30,,120189,4,,,1,70,,120190,4,,,1,30,,120191,4,,,1,70,,120192,4,,,1,30,,120193,4,,,1,70,,120194,4,,,1,30,,120195,4,,,1,70,,120196,4,,,1,30,,120197,4,,,1,70,,120198,4,,,1,30,,120199,4,,,1,70,,120200,4,,,1,100,,120201,5,,,1,100,,120202,4,,,1,100,,120203,4,,,1,100,,120204,4,,,1,100,,120205,4,,,1
