70901,'709-Weekday-1-26-02-0001000',1423,,70382,8,,,1,2,,70383,8,,,1,2,,70384,8,,,1
70901,'709-Weekday-1-26-02-1110100',1522,,70385,8,,,1,2,,70386,8,,,1,2,,70387,8,,,1
70901,'709-Weekday-1-26-02-1111100',525,,70388,12,,,1,20,,70391,12,,,1,60,,70396,12,,,1,20,,70421,12,,,1,17,,70422,12,,,1,15,,70423,12,,,1,55,,70424,12,,,1,15,,70425,12,,,1,15,,70426,12,,,1,15,,70427,12,,,1,55,,70428,12,,,1,15,,70429,12,,,1,15,,70430,12,,,1,15,,70431,12,,,1,55,,70432,12,,,1,13,,70435,12,,,1,15,,70436,12,,,1,15,,70437,12,,,1,55,,70438,12,,,1,15,,70439,12,,,1,15,,70440,12,,,1,15,,70441,12,,,1,55,,70442,12,,,1,15,,70443,12,,,1,15,,70444,12,,,1,15,,70445,12,,,1,55,,70446,12,,,1,15,,70447,12,,,1,15,,70448,12,,,1,15,,70449,12,,,1,55,,70450,12,,,1,15,,70451,12,,,1,15,,70452,12,,,1,15,,70453,12,,,1,55,,70454,12,,,1,15,,70455,12,,,1,15,,70456,12,,,1,15,,70392,12,,,1,51,,70393,12,,,1,6,,70459,11,,,1,3,,70460,11,,,1,2,,70394,12,,,1,10,,70397,12,,,1,10,,70398,12,,,1,10,,70399,12,,,1,10,,70400,12,,,1,50,,70401,12,,,1,10,,70458,12,,,1,13,,70457,12,,,1,13,,70413,12,,,1,12,,70402,12,,,1,52,,70395,12,,,1,12,,70389,12,,,1,12,,70390,12,,,1,12,,70412,12,,,1,60,,70411,12,,,1,20,,70410,12,,,1,16,,70409,12,,,1,20,,70408,12,,,1,60,,70407,12,,,1,20,,70406,12,,,1,20,,70405,12,,,1,60,,70404,12,,,1,20,,70403,12,,,1,20,,70416,12,,,1,60,,70417,12,,,1,20,,70418,12,,,1,20,,70419,12,,,1,70,,70420,12,,,1,30,,70414,12,,,1,70,,70434,12,,,1,30,,70433,12,,,1,70,,70415,12,,,1
70901,'709-Weekday-10-26-02-0000100',1224,,70461,11,,,1
70901,'709-Weekday-10-26-02-1110100',1522,,70462,8,,,1,2,,70463,8,,,1,2,,70464,8,,,1
70901,'709-Weekday-10-26-02-1111100',525,,70465,12,,,1,20,,70468,12,,,1,60,,70473,12,,,1,20,,70498,12,,,1,17,,70499,12,,,1,15,,70500,12,,,1,55,,70501,12,,,1,15,,70502,12,,,1,15,,70503,12,,,1,15,,70504,12,,,1,55,,70505,12,,,1,15,,70506,12,,,1,15,,70507,12,,,1,15,,70508,12,,,1,55,,70509,12,,,1,13,,70512,12,,,1,15,,70513,12,,,1,15,,70514,12,,,1,55,,70515,12,,,1,15,,70516,12,,,1,15,,70517,12,,,1,15,,70518,12,,,1,55,,70519,12,,,1,15,,70520,12,,,1,15,,70521,12,,,1,15,,70522,12,,,1,55,,70523,12,,,1,15,,70524,12,,,1,15,,70525,12,,,1,15,,70526,12,,,1,55,,70527,12,,,1,15,,70528,12,,,1,15,,70529,12,,,1,15,,70530,12,,,1,55,,70531,12,,,1,15,,70532,12,,,1,15,,70533,12,,,1,15,,70469,12,,,1,51,,70470,12,,,1,6,,70536,11,,,1,3,,70537,11,,,1,2,,70471,12,,,1,10,,70474,12,,,1,10,,70475,12,,,1,10,,70476,12,,,1,10,,70477,12,,,1,50,,70478,12,,,1,10,,70535,12,,,1,13,,70534,12,,,1,13,,70490,12,,,1,12,,70479,12,,,1,52,,70472,12,,,1,12,,70466,12,,,1,12,,70467,12,,,1,12,,70489,12,,,1,60,,70488,12,,,1,20,,70487,12,,,1,16,,70486,12,,,1,20,,70485,12,,,1,60,,70484,12,,,1,20,,70483,12,,,1,20,,70482,12,,,1,60,,70481,12,,,1,20,,70480,12,,,1,20,,70493,12,,,1,60,,70494,12,,,1,20,,70495,12,,,1,20,,70496,12,,,1,70,,70497,12,,,1,30,,70491,12,,,1,70,,70511,12,,,1,30,,70510,12,,,1,70,,70492,12,,,1
70901,'709-Weekday-11-26-02-0001000',1224,,70541,11,,,1,199,,70538,8,,,1,2,,70539,8,,,1,2,,70540,8,,,1
70901,'709-Weekday-11-26-02-1111100',525,,70542,12,,,1,20,,70545,12,,,1,60,,70550,12,,,1,20,,70575,12,,,1,17,,70576,12,,,1,15,,70577,12,,,1,55,,70578,12,,,1,15,,70579,12,,,1,15,,70580,12,,,1,15,,70581,12,,,1,55,,70582,12,,,1,15,,70583,12,,,1,15,,70584,12,,,1,15,,70585,12,,,1,55,,70586,12,,,1,13,,70589,12,,,1,15,,70590,12,,,1,15,,70591,12,,,1,55,,70592,12,,,1,15,,70593,12,,,1,15,,70594,12,,,1,15,,70595,12,,,1,55,,70596,12,,,1,15,,70597,12,,,1,15,,70598,12,,,1,15,,70599,12,,,1,55,,70600,12,,,1,15,,70601,12,,,1,15,,70602,12,,,1,15,,70603,12,,,1,55,,70604,12,,,1,15,,70605,12,,,1,15,,70606,12,,,1,15,,70607,12,,,1,55,,70608,12,,,1,15,,70609,12,,,1,15,,70610,12,,,1,15,,70546,12,,,1,51,,70547,12,,,1,6,,70613,11,,,1,3,,70614,11,,,1,2,,70548,12,,,1,10,,70551,12,,,1,10,,70552,12,,,1,10,,70553,12,,,1,10,,70554,12,,,1,50,,70555,12,,,1,10,,70612,12,,,1,13,,70611,12,,,1,13,,70567,12,,,1,12,,70556,12,,,1,52,,70549,12,,,1,12,,70543,12,,,1,12,,70544,12,,,1,12,,70566,12,,,1,60,,70565,12,,,1,20,,70564,12,,,1,16,,70563,12,,,1,20,,70562,12,,,1,60,,70561,12,,,1,20,,70560,12,,,1,20,,70559,12,,,1,60,,70558,12,,,1,20,,70557,12,,,1,20,,70570,12,,,1,60,,70571,12,,,1,20,,70572,12,,,1,20,,70573,12,,,1,70,,70574,12,,,1,30,,70568,12,,,1,70,,70588,12,,,1,30,,70587,12,,,1,70,,70569,12,,,1
70901,'709-Weekday-12-26-02-0001000',1224,,70618,11,,,1,199,,70615,8,,,1,2,,70616,8,,,1,2,,70617,8,,,1
70901,'709-Weekday-12-26-02-1111100',525,,70619,12,,,1,20,,70622,12,,,1,60,,70627,12,,,1,20,,70652,12,,,1,17,,70653,12,,,1,15,,70654,12,,,1,55,,70655,12,,,1,15,,70656,12,,,1,15,,70657,12,,,1,15,,70658,12,,,1,55,,70659,12,,,1,15,,70660,12,,,1,15,,70661,12,,,1,15,,70662,12,,,1,55,,70663,12,,,1,13,,70666,12,,,1,15,,70667,12,,,1,15,,70668,12,,,1,55,,70669,12,,,1,15,,70670,12,,,1,15,,70671,12,,,1,15,,70672,12,,,1,55,,70673,12,,,1,15,,70674,12,,,1,15,,70675,12,,,1,15,,70676,12,,,1,55,,70677,12,,,1,15,,70678,12,,,1,15,,70679,12,,,1,15,,70680,12,,,1,55,,70681,12,,,1,15,,70682,12,,,1,15,,70683,12,,,1,15,,70684,12,,,1,55,,70685,12,,,1,15,,70686,12,,,1,15,,70687,12,,,1,15,,70623,12,,,1,51,,70624,12,,,1,6,,70690,11,,,1,3,,70691,11,,,1,2,,70625,12,,,1,10,,70628,12,,,1,10,,70629,12,,,1,10,,70630,12,,,1,10,,70631,12,,,1,50,,70632,12,,,1,10,,70689,12,,,1,13,,70688,12,,,1,13,,70644,12,,,1,12,,70633,12,,,1,52,,70626,12,,,1,12,,70620,12,,,1,12,,70621,12,,,1,12,,70643,12,,,1,60,,70642,12,,,1,20,,70641,12,,,1,16,,70640,12,,,1,20,,70639,12,,,1,60,,70638,12,,,1,20,,70637,12,,,1,20,,70636,12,,,1,60,,70635,12,,,1,20,,70634,12,,,1,20,,70647,12,,,1,60,,70648,12,,,1,20,,70649,12,,,1,20,,70650,12,,,1,70,,70651,12,,,1,30,,70645,12,,,1,70,,70665,12,,,1,30,,70664,12,,,1,70,,70646,12,,,1
70901,'709-Weekday-2-26-02-0001000',1423,,70692,8,,,1,2,,70693,8,,,1,2,,70694,8,,,1
70901,'709-Weekday-2-26-02-1110100',1522,,70695,8,,,1,2,,70696,8,,,1,2,,70697,8,,,1
70901,'709-Weekday-2-26-02-1111100',525,,70698,12,,,1,20,,70701,12,,,1,60,,70706,12,,,1,20,,70731,12,,,1,17,,70732,12,,,1,15,,70733,12,,,1,55,,70734,12,,,1,15,,70735,12,,,1,15,,70736,12,,,1,15,,70737,12,,,1,55,,70738,12,,,1,15,,70739,12,,,1,15,,70740,12,,,1,15,,70741,12,,,1,55,,70742,12,,,1,13,,70745,12,,,1,15,,70746,12,,,1,15,,70747,12,,,1,55,,70748,12,,,1,15,,70749,12,,,1,15,,70750,12,,,1,15,,70751,12,,,1,55,,70752,12,,,1,15,,70753,12,,,1,15,,70754,12,,,1,15,,70755,12,,,1,55,,70756,12,,,1,15,,70757,12,,,1,15,,70758,12,,,1,15,,70759,12,,,1,55,,70760,12,,,1,15,,70761,12,,,1,15,,70762,12,,,1,15,,70763,12,,,1,55,,70764,12,,,1,15,,70765,12,,,1,15,,70766,12,,,1,15,,70702,12,,,1,51,,70703,12,,,1,6,,70769,11,,,1,3,,70770,11,,,1,2,,70704,12,,,1,10,,70707,12,,,1,10,,70708,12,,,1,10,,70709,12,,,1,10,,70710,12,,,1,50,,70711,12,,,1,10,,70768,12,,,1,13,,70767,12,,,1,13,,70723,12,,,1,12,,70712,12,,,1,52,,70705,12,,,1,12,,70699,12,,,1,12,,70700,12,,,1,12,,70722,12,,,1,60,,70721,12,,,1,20,,70720,12,,,1,16,,70719,12,,,1,20,,70718,12,,,1,60,,70717,12,,,1,20,,70716,12,,,1,20,,70715,12,,,1,60,,70714,12,,,1,20,,70713,12,,,1,20,,70726,12,,,1,60,,70727,12,,,1,20,,70728,12,,,1,20,,70729,12,,,1,70,,70730,12,,,1,30,,70724,12,,,1,70,,70744,12,,,1,30,,70743,12,,,1,70,,70725,12,,,1
70901,'709-Weekday-4-26-02-1111100',525,,70771,12,,,1,20,,70774,12,,,1,60,,70779,12,,,1,20,,70804,12,,,1,17,,70805,12,,,1,15,,70806,12,,,1,55,,70807,12,,,1,15,,70808,12,,,1,15,,70809,12,,,1,15,,70810,12,,,1,55,,70811,12,,,1,15,,70812,12,,,1,15,,70813,12,,,1,15,,70814,12,,,1,55,,70815,12,,,1,13,,70818,12,,,1,15,,70819,12,,,1,15,,70820,12,,,1,55,,70821,12,,,1,15,,70822,12,,,1,15,,70823,12,,,1,15,,70824,12,,,1,55,,70825,12,,,1,15,,70826,12,,,1,15,,70827,12,,,1,15,,70828,12,,,1,55,,70829,12,,,1,15,,70830,12,,,1,15,,70831,12,,,1,15,,70832,12,,,1,55,,70833,12,,,1,15,,70834,12,,,1,15,,70835,12,,,1,15,,70836,12,,,1,55,,70837,12,,,1,15,,70838,12,,,1,15,,70839,12,,,1,15,,70775,12,,,1,51,,70776,12,,,1,11,,70777,12,,,1,10,,70780,12,,,1,10,,70781,12,,,1,10,,70782,12,,,1,10,,70783,12,,,1,50,,70784,12,,,1,10,,70841,12,,,1,13,,70840,12,,,1,13,,70796,12,,,1,12,,70785,12,,,1,52,,70778,12,,,1,12,,70772,12,,,1,12,,70773,12,,,1,12,,70795,12,,,1,60,,70794,12,,,1,20,,70793,12,,,1,16,,70792,12,,,1,20,,70791,12,,,1,60,,70790,12,,,1,20,,70789,12,,,1,20,,70788,12,,,1,60,,70787,12,,,1,20,,70786,12,,,1,20,,70799,12,,,1,60,,70800,12,,,1,20,,70801,12,,,1,20,,70802,12,,,1,70,,70803,12,,,1,30,,70797,12,,,1,70,,70817,12,,,1,30,,70816,12,,,1,70,,70798,12,,,1
70901,'709-Weekday-5-26-02-0001000',1423,,70842,8,,,1,2,,70843,8,,,1,2,,70844,8,,,1
70901,'709-Weekday-5-26-02-1110100',1522,,70845,8,,,1,2,,70846,8,,,1,2,,70847,8,,,1
70901,'709-Weekday-5-26-02-1111100',525,,70848,12,,,1,20,,70851,12,,,1,60,,70856,12,,,1,20,,70881,12,,,1,17,,70882,12,,,1,15,,70883,12,,,1,55,,70884,12,,,1,15,,70885,12,,,1,15,,70886,12,,,1,15,,70887,12,,,1,55,,70888,12,,,1,15,,70889,12,,,1,15,,70890,12,,,1,15,,70891,12,,,1,55,,70892,12,,,1,13,,70895,12,,,1,15,,70896,12,,,1,15,,70897,12,,,1,55,,70898,12,,,1,15,,70899,12,,,1,15,,70900,12,,,1,15,,70901,12,,,1,55,,70902,12,,,1,15,,70903,12,,,1,15,,70904,12,,,1,15,,70905,12,,,1,55,,70906,12,,,1,15,,70907,12,,,1,15,,70908,12,,,1,15,,70909,12,,,1,55,,70910,12,,,1,15,,70911,12,,,1,15,,70912,12,,,1,15,,70913,12,,,1,55,,70914,12,,,1,15,,70915,12,,,1,15,,70916,12,,,1,15,,70852,12,,,1,51,,70853,12,,,1,6,,70919,11,,,1,3,,70920,11,,,1,2,,70854,12,,,1,10,,70857,12,,,1,10,,70858,12,,,1,10,,70859,12,,,1,10,,70860,12,,,1,50,,70861,12,,,1,10,,70918,12,,,1,13,,70917,12,,,1,13,,70873,12,,,1,12,,70862,12,,,1,52,,70855,12,,,1,12,,70849,12,,,1,12,,70850,12,,,1,12,,70872,12,,,1,60,,70871,12,,,1,20,,70870,12,,,1,16,,70869,12,,,1,20,,70868,12,,,1,60,,70867,12,,,1,20,,70866,12,,,1,20,,70865,12,,,1,60,,70864,12,,,1,20,,70863,12,,,1,20,,70876,12,,,1,60,,70877,12,,,1,20,,70878,12,,,1,20,,70879,12,,,1,70,,70880,12,,,1,30,,70874,12,,,1,70,,70894,12,,,1,30,,70893,12,,,1,70,,70875,12,,,1
70901,'709-Weekday-6-26-02-1111100',525,,70921,12,,,1,20,,70924,12,,,1,60,,70929,12,,,1,20,,70954,12,,,1,17,,70955,12,,,1,15,,70956,12,,,1,55,,70957,12,,,1,15,,70958,12,,,1,15,,70959,12,,,1,15,,70960,12,,,1,55,,70961,12,,,1,15,,70962,12,,,1,15,,70963,12,,,1,15,,70964,12,,,1,55,,70965,12,,,1,13,,70968,12,,,1,15,,70969,12,,,1,15,,70970,12,,,1,55,,70971,12,,,1,15,,70972,12,,,1,15,,70973,12,,,1,15,,70974,12,,,1,55,,70975,12,,,1,15,,70976,12,,,1,15,,70977,12,,,1,15,,70978,12,,,1,55,,70979,12,,,1,15,,70980,12,,,1,15,,70981,12,,,1,15,,70982,12,,,1,55,,70983,12,,,1,15,,70984,12,,,1,15,,70985,12,,,1,15,,70986,12,,,1,55,,70987,12,,,1,15,,70988,12,,,1,15,,70989,12,,,1,15,,70925,12,,,1,51,,70926,12,,,1,11,,70927,12,,,1,10,,70930,12,,,1,10,,70931,12,,,1,10,,70932,12,,,1,10,,70933,12,,,1,50,,70934,12,,,1,10,,70991,12,,,1,13,,70990,12,,,1,13,,70946,12,,,1,12,,70935,12,,,1,52,,70928,12,,,1,12,,70922,12,,,1,12,,70923,12,,,1,12,,70945,12,,,1,60,,70944,12,,,1,20,,70943,12,,,1,16,,70942,12,,,1,20,,70941,12,,,1,60,,70940,12,,,1,20,,70939,12,,,1,20,,70938,12,,,1,60,,70937,12,,,1,20,,70936,12,,,1,20,,70949,12,,,1,60,,70950,12,,,1,20,,70951,12,,,1,20,,70952,12,,,1,70,,70953,12,,,1,30,,70947,12,,,1,70,,70967,12,,,1,30,,70966,12,,,1,70,,70948,12,,,1
70901,'709-Weekday-7-26-02-1111100',525,,70992,12,,,1,20,,70995,12,,,1,60,,71000,12,,,1,20,,71025,12,,,1,17,,71026,12,,,1,15,,71027,12,,,1,55,,71028,12,,,1,15,,71029,12,,,1,15,,71030,12,,,1,15,,71031,12,,,1,55,,71032,12,,,1,15,,71033,12,,,1,15,,71034,12,,,1,15,,71035,12,,,1,55,,71036,12,,,1,13,,71039,12,,,1,15,,71040,12,,,1,15,,71041,12,,,1,55,,71042,12,,,1,15,,71043,12,,,1,15,,71044,12,,,1,15,,71045,12,,,1,55,,71046,12,,,1,15,,71047,12,,,1,15,,71048,12,,,1,15,,71049,12,,,1,55,,71050,12,,,1,15,,71051,12,,,1,15,,71052,12,,,1,15,,71053,12,,,1,55,,71054,12,,,1,15,,71055,12,,,1,15,,71056,12,,,1,15,,71057,12,,,1,55,,71058,12,,,1,15,,71059,12,,,1,15,,71060,12,,,1,15,,70996,12,,,1,51,,70997,12,,,1,11,,70998,12,,,1,10,,71001,12,,,1,10,,71002,12,,,1,10,,71003,12,,,1,10,,71004,12,,,1,50,,71005,12,,,1,10,,71062,12,,,1,13,,71061,12,,,1,13,,71017,12,,,1,12,,71006,12,,,1,52,,70999,12,,,1,12,,70993,12,,,1,12,,70994,12,,,1,12,,71016,12,,,1,60,,71015,12,,,1,20,,71014,12,,,1,16,,71013,12,,,1,20,,71012,12,,,1,60,,71011,12,,,1,20,,71010,12,,,1,20,,71009,12,,,1,60,,71008,12,,,1,20,,71007,12,,,1,20,,71020,12,,,1,60,,71021,12,,,1,20,,71022,12,,,1,20,,71023,12,,,1,70,,71024,12,,,1,30,,71018,12,,,1,70,,71038,12,,,1,30,,71037,12,,,1,70,,71019,12,,,1
70901,'709-Weekday-8-26-02-1111100',525,,71063,12,,,1,20,,71066,12,,,1,60,,71071,12,,,1,20,,71096,12,,,1,17,,71097,12,,,1,15,,71098,12,,,1,55,,71099,12,,,1,15,,71100,12,,,1,15,,71101,12,,,1,15,,71102,12,,,1,55,,71103,12,,,1,15,,71104,12,,,1,15,,71105,12,,,1,15,,71106,12,,,1,55,,71107,12,,,1,13,,71110,12,,,1,15,,71111,12,,,1,15,,71112,12,,,1,55,,71113,12,,,1,15,,71114,12,,,1,15,,71115,12,,,1,15,,71116,12,,,1,55,,71117,12,,,1,15,,71118,12,,,1,15,,71119,12,,,1,15,,71120,12,,,1,55,,71121,12,,,1,15,,71122,12,,,1,15,,71123,12,,,1,15,,71124,12,,,1,55,,71125,12,,,1,15,,71126,12,,,1,15,,71127,12,,,1,15,,71128,12,,,1,55,,71129,12,,,1,15,,71130,12,,,1,15,,71131,12,,,1,15,,71067,12,,,1,51,,71068,12,,,1,11,,71069,12,,,1,10,,71072,12,,,1,10,,71073,12,,,1,10,,71074,12,,,1,10,,71075,12,,,1,50,,71076,12,,,1,10,,71133,12,,,1,13,,71132,12,,,1,13,,71088,12,,,1,12,,71077,12,,,1,52,,71070,12,,,1,12,,71064,12,,,1,12,,71065,12,,,1,12,,71087,12,,,1,60,,71086,12,,,1,20,,71085,12,,,1,16,,71084,12,,,1,20,,71083,12,,,1,60,,71082,12,,,1,20,,71081,12,,,1,20,,71080,12,,,1,60,,71079,12,,,1,20,,71078,12,,,1,20,,71091,12,,,1,60,,71092,12,,,1,20,,71093,12,,,1,20,,71094,12,,,1,70,,71095,12,,,1,30,,71089,12,,,1,70,,71109,12,,,1,30,,71108,12,,,1,70,,71090,12,,,1
70901,'709-Weekday-9-26-02-1110100',1522,,71134,8,,,1,2,,71135,8,,,1,2,,71136,8,,,1
70901,'709-Weekday-9-26-02-1111100',525,,71137,12,,,1,20,,71140,12,,,1,60,,71145,12,,,1,20,,71170,12,,,1,17,,71171,12,,,1,15,,71172,12,,,1,55,,71173,12,,,1,15,,71174,12,,,1,15,,71175,12,,,1,15,,71176,12,,,1,55,,71177,12,,,1,15,,71178,12,,,1,15,,71179,12,,,1,15,,71180,12,,,1,55,,71181,12,,,1,13,,71184,12,,,1,15,,71185,12,,,1,15,,71186,12,,,1,55,,71187,12,,,1,15,,71188,12,,,1,15,,71189,12,,,1,15,,71190,12,,,1,55,,71191,12,,,1,15,,71192,12,,,1,15,,71193,12,,,1,15,,71194,12,,,1,55,,71195,12,,,1,15,,71196,12,,,1,15,,71197,12,,,1,15,,71198,12,,,1,55,,71199,12,,,1,15,,71200,12,,,1,15,,71201,12,,,1,15,,71202,12,,,1,55,,71203,12,,,1,15,,71204,12,,,1,15,,71205,12,,,1,15,,71141,12,,,1,51,,71142,12,,,1,6,,71208,11,,,1,3,,71209,11,,,1,2,,71143,12,,,1,10,,71146,12,,,1,10,,71147,12,,,1,10,,71148,12,,,1,10,,71149,12,,,1,50,,71150,12,,,1,10,,71207,12,,,1,13,,71206,12,,,1,13,,71162,12,,,1,12,,71151,12,,,1,52,,71144,12,,,1,12,,71138,12,,,1,12,,71139,12,,,1,12,,71161,12,,,1,60,,71160,12,,,1,20,,71159,12,,,1,16,,71158,12,,,1,20,,71157,12,,,1,60,,71156,12,,,1,20,,71155,12,,,1,20,,71154,12,,,1,60,,71153,12,,,1,20,,71152,12,,,1,20,,71165,12,,,1,60,,71166,12,,,1,20,,71167,12,,,1,20,,71168,12,,,1,70,,71169,12,,,1,30,,71163,12,,,1,70,,71183,12,,,1,30,,71182,12,,,1,70,,71164,12,,,1
70901,'709-Saturday-1-26-02-0000010',606,,71210,12,,,1,30,,71211,12,,,1,70,,71212,12,,,1,30,,71213,12,,,1,70,,71214,12,,,1,30,,71215,12,,,1,20,,71216,12,,,1,59,,71217,12,,,1,20,,71218,12,,,1,20,,71219,12,,,1,60,,71220,12,,,1,20,,71221,12,,,1,20,,71222,12,,,1,60,,71223,12,,,1,20,,71224,12,,,1,20,,71225,12,,,1,60,,71226,12,,,1,20,,71228,12,,,1,20,,71229,12,,,1,60,,71230,12,,,1,20,,71227,12,,,1,20,,71231,12,,,1,60,,71232,12,,,1,20,,71233,12,,,1,20,,71234,12,,,1,60,,71235,12,,,1,20,,71236,12,,,1,20,,71237,12,,,1,60,,71238,12,,,1,20,,71239,12,,,1,20,,71240,12,,,1,59,,71241,12,,,1,18,,71242,12,,,1,20,,71243,12,,,1,60,,71244,12,,,1,20,,71245,12,,,1,20,,71246,12,,,1,60,,71247,12,,,1,25,,71248,12,,,1,70,,71249,12,,,1,30,,71250,12,,,1,70,,71251,12,,,1,30,,71252,12,,,1,70,,71253,12,,,1,30,,71254,12,,,1,70,,71255,12,,,1,30,,71256,12,,,1,70,,71257,12,,,1,30,,71258,12,,,1,70,,71259,12,,,1
70901,'709-Sunday-1-26-02-0000001',619,,71260,12,,,1,30,,71261,12,,,1,70,,71262,12,,,1,30,,71263,12,,,1,70,,71264,12,,,1,30,,71265,12,,,1,81,,71266,12,,,1,21,,71267,12,,,1,70,,71268,12,,,1,30,,71269,12,,,1,70,,71270,12,,,1,30,,71271,12,,,1,70,,71272,12,,,1,30,,71273,12,,,1,70,,71274,12,,,1,30,,71275,12,,,1,70,,71276,12,,,1,30,,71277,12,,,1,70,,71278,12,,,1,30,,71279,12,,,1,70,,71280,12,,,1,30,,71281,12,,,1,69,,71282,12,,,1,30,,71283,12,,,1,70,,71284,12,,,1,30,,71286,12,,,1,70,,71287,12,,,1,30,,71288,12,,,1,70,,71285,12,,,1,30,,71289,12,,,1,70,,71290,12,,,1,30,,71291,12,,,1,70,,71292,12,,,1,30,,71293,12,,,1,70,,71294,12,,,1,30,,71295,12,,,1,70,,71296,12,,,1
