50100,'501-Weekday-1-26-04-1111100',623,,124859,36,,,1,34,,124860,36,,,1,70,,124897,36,,,1,15,,124862,36,,,1,15,,124893,36,,,1,55,,124863,36,,,1,15,,124865,36,,,1,15,,124864,36,,,1,15,,124861,36,,,1,73,,124867,36,,,1,74,,124868,36,,,1,34,,124869,36,,,1,74,,124870,36,,,1,34,,124871,36,,,1,74,,124872,36,,,1,34,,124873,36,,,1,74,,124874,36,,,1,74,,124875,36,,,1,34,,124899,36,,,1,76,,124898,36,,,1,17,,124894,36,,,1,15,,124876,36,,,1,15,,124877,36,,,1,55,,124878,36,,,1,15,,124895,36,,,1,15,,124880,36,,,1,15,,124879,36,,,1,55,,124881,36,,,1,15,,124896,36,,,1,15,,124884,36,,,1,15,,124883,36,,,1,70,,124885,36,,,1,26,,124886,36,,,1,71,,124887,36,,,1,31,,124888,36,,,1,71,,124889,36,,,1,31,,124890,36,,,1,71,,124891,36,,,1,71,,124892,36,,,1,57,,124882,36,,,1,100,,124866,36,,,1
50100,'501-Weekday-2-26-04-1111100',623,,124900,36,,,1,34,,124901,36,,,1,70,,124938,36,,,1,15,,124903,36,,,1,15,,124934,36,,,1,55,,124904,36,,,1,15,,124906,36,,,1,15,,124905,36,,,1,15,,124902,36,,,1,73,,124908,36,,,1,74,,124909,36,,,1,34,,124910,36,,,1,74,,124911,36,,,1,34,,124912,36,,,1,74,,124913,36,,,1,34,,124914,36,,,1,74,,124915,36,,,1,74,,124916,36,,,1,34,,124940,36,,,1,76,,124939,36,,,1,17,,124935,36,,,1,15,,124917,36,,,1,15,,124918,36,,,1,55,,124919,36,,,1,15,,124936,36,,,1,15,,124921,36,,,1,15,,124920,36,,,1,55,,124922,36,,,1,15,,124937,36,,,1,15,,124925,36,,,1,15,,124924,36,,,1,70,,124926,36,,,1,26,,124927,36,,,1,71,,124928,36,,,1,31,,124929,36,,,1,71,,124930,36,,,1,31,,124931,36,,,1,71,,124932,36,,,1,71,,124933,36,,,1,57,,124923,36,,,1,100,,124907,36,,,1
50100,'501-Weekday-3-26-04-1111100',623,,124941,36,,,1,34,,124942,36,,,1,70,,124979,36,,,1,15,,124944,36,,,1,15,,124975,36,,,1,55,,124945,36,,,1,15,,124947,36,,,1,15,,124946,36,,,1,15,,124943,36,,,1,73,,124949,36,,,1,74,,124950,36,,,1,34,,124951,36,,,1,74,,124952,36,,,1,34,,124953,36,,,1,74,,124954,36,,,1,34,,124955,36,,,1,74,,124956,36,,,1,74,,124957,36,,,1,34,,124981,36,,,1,76,,124980,36,,,1,17,,124976,36,,,1,15,,124958,36,,,1,15,,124959,36,,,1,55,,124960,36,,,1,15,,124977,36,,,1,15,,124962,36,,,1,15,,124961,36,,,1,55,,124963,36,,,1,15,,124978,36,,,1,15,,124966,36,,,1,15,,124965,36,,,1,70,,124967,36,,,1,26,,124968,36,,,1,71,,124969,36,,,1,31,,124970,36,,,1,71,,124971,36,,,1,31,,124972,36,,,1,71,,124973,36,,,1,71,,124974,36,,,1,57,,124964,36,,,1,100,,124948,36,,,1
50100,'501-Saturday-1-26-04-0000010',623,,125004,36,,,1,100,,125005,36,,,1,100,,124982,36,,,1,30,,124983,36,,,1,71,,124984,36,,,1,32,,124985,36,,,1,72,,124986,36,,,1,72,,124987,36,,,1,32,,124988,36,,,1,72,,124989,36,,,1,32,,124990,36,,,1,72,,124991,36,,,1,32,,124992,36,,,1,72,,124993,36,,,1,32,,124994,36,,,1,72,,124995,36,,,1,32,,124996,36,,,1,72,,124997,36,,,1,32,,124998,36,,,1,72,,124999,36,,,1,32,,125000,36,,,1,72,,125001,36,,,1,72,,125002,36,,,1,32,,125003,36,,,1
50100,'501-Sunday-1-26-04-0000001',630,,125006,36,,,1,100,,125007,36,,,1,100,,125008,36,,,1,102,,125009,36,,,1,100,,125010,36,,,1,70,,125011,36,,,1,30,,125012,36,,,1,70,,125013,36,,,1,30,,125014,36,,,1,70,,125015,36,,,1,30,,125016,36,,,1,70,,125017,36,,,1,30,,125018,36,,,1,70,,125019,36,,,1,30,,125020,36,,,1,70,,125021,36,,,1,30,,125022,36,,,1,70,,125023,36,,,1,30,,125024,36,,,1,70,,125025,36,,,1,30,,125026,36,,,1,70,,125027,36,,,1,30,,125028,36,,,1
63000,'630-Weekday-1-26-04-1111100',808,,131755,47,,,1
63000,'630-Weekday-2-26-04-1111100',808,,131756,47,,,1
63000,'630-Weekday-3-26-04-1111100',808,,131757,47,,,1
63100,'631-Weekday-1-26-04-1111100',808,,131764,41,,,1
63100,'631-Weekday-2-26-04-1111100',808,,131765,41,,,1
63100,'631-Weekday-3-26-04-1111100',808,,131766,41,,,1
63200,'632-Weekday-1-26-04-1111100',807,,131773,9,,,1
63200,'632-Weekday-2-26-04-1111100',807,,131774,9,,,1
63200,'632-Weekday-3-26-04-1111100',807,,131775,9,,,1
63300,'633-Weekday-1-26-04-0001000',1215,,131776,2,,,1,2,,131777,2,,,1,2,,131778,2,,,1,2,,131779,2,,,1
63300,'633-Weekday-1-26-04-1110100',1515,,131780,2,,,1,2,,131781,2,,,1,2,,131782,2,,,1,2,,131783,2,,,1
63300,'633-Weekday-3-26-04-0001000',1215,,131784,2,,,1,2,,131785,2,,,1,2,,131786,2,,,1,2,,131787,2,,,1
63300,'633-Weekday-3-26-04-1110100',1515,,131788,2,,,1,2,,131789,2,,,1,2,,131790,2,,,1,2,,131791,2,,,1
