50200,'502-Weekday-1-26-02-1111100',627,,44573,1,,,1,30,,44566,1,,,1,70,,44567,1,,,1,30,,44568,1,,,1,70,,44569,1,,,1,30,,44570,1,,,1,70,,44571,1,,,1,527,,44572,1,,,1,70,,44574,1,,,1,30,,44575,1,,,1,70,,44576,1,,,1,30,,44577,1,,,1,70,,44578,1,,,1
50200,'502-Weekday-10-26-02-1111100',627,,44586,1,,,1,30,,44579,1,,,1,70,,44580,1,,,1,30,,44581,1,,,1,70,,44582,1,,,1,30,,44583,1,,,1,70,,44584,1,,,1,527,,44585,1,,,1,70,,44587,1,,,1,30,,44588,1,,,1,70,,44589,1,,,1,30,,44590,1,,,1,70,,44591,1,,,1
50200,'502-Weekday-2-26-02-1111100',627,,44599,1,,,1,30,,44592,1,,,1,70,,44593,1,,,1,30,,44594,1,,,1,70,,44595,1,,,1,30,,44596,1,,,1,70,,44597,1,,,1,527,,44598,1,,,1,70,,44600,1,,,1,30,,44601,1,,,1,70,,44602,1,,,1,30,,44603,1,,,1,70,,44604,1,,,1
50200,'502-Weekday-4-26-02-1111100',627,,44612,1,,,1,30,,44605,1,,,1,70,,44606,1,,,1,30,,44607,1,,,1,70,,44608,1,,,1,30,,44609,1,,,1,70,,44610,1,,,1,527,,44611,1,,,1,70,,44613,1,,,1,30,,44614,1,,,1,70,,44615,1,,,1,30,,44616,1,,,1,70,,44617,1,,,1
50200,'502-Weekday-5-26-02-1111100',627,,44625,1,,,1,30,,44618,1,,,1,70,,44619,1,,,1,30,,44620,1,,,1,70,,44621,1,,,1,30,,44622,1,,,1,70,,44623,1,,,1,527,,44624,1,,,1,70,,44626,1,,,1,30,,44627,1,,,1,70,,44628,1,,,1,30,,44629,1,,,1,70,,44630,1,,,1
50200,'502-Weekday-6-26-02-1111100',627,,44638,1,,,1,30,,44631,1,,,1,70,,44632,1,,,1,30,,44633,1,,,1,70,,44634,1,,,1,30,,44635,1,,,1,70,,44636,1,,,1,527,,44637,1,,,1,70,,44639,1,,,1,30,,44640,1,,,1,70,,44641,1,,,1,30,,44642,1,,,1,70,,44643,1,,,1
50200,'502-Weekday-7-26-02-1111100',627,,44651,1,,,1,30,,44644,1,,,1,70,,44645,1,,,1,30,,44646,1,,,1,70,,44647,1,,,1,30,,44648,1,,,1,70,,44649,1,,,1,527,,44650,1,,,1,70,,44652,1,,,1,30,,44653,1,,,1,70,,44654,1,,,1,30,,44655,1,,,1,70,,44656,1,,,1
50200,'502-Weekday-8-26-02-1111100',627,,44664,1,,,1,30,,44657,1,,,1,70,,44658,1,,,1,30,,44659,1,,,1,70,,44660,1,,,1,30,,44661,1,,,1,70,,44662,1,,,1,527,,44663,1,,,1,70,,44665,1,,,1,30,,44666,1,,,1,70,,44667,1,,,1,30,,44668,1,,,1,70,,44669,1,,,1
50200,'502-Weekday-9-26-02-1111100',627,,44677,1,,,1,30,,44670,1,,,1,70,,44671,1,,,1,30,,44672,1,,,1,70,,44673,1,,,1,30,,44674,1,,,1,70,,44675,1,,,1,527,,44676,1,,,1,70,,44678,1,,,1,30,,44679,1,,,1,70,,44680,1,,,1,30,,44681,1,,,1,70,,44682,1,,,1
65500,'655-Weekday-1-26-02-1111100',816,,61305,1,,,1
65500,'655-Weekday-2-26-02-1111100',816,,61306,1,,,1
65500,'655-Weekday-4-26-02-1111100',816,,61307,1,,,1
65500,'655-Weekday-5-26-02-1111100',816,,61308,1,,,1
65500,'655-Weekday-9-26-02-1111100',816,,61309,1,,,1
