11701,'117-Weekday-1-25-12-1111100',546,,21748,,,1,70,,21749,,,1,34,,21750,,,1,60,,21751,,,1,20,,21752,,,1,20,,21753,,,1,60,,21754,,,1,20,,21755,,,1,20,,21756,,,1,68,,21757,,,1,30,,21758,,,1,70,,21759,,,1,30,,21760,,,1,70,,21761,,,1,30,,21762,,,1,70,,21763,,,1,30,,21764,,,1,70,,21765,,,1,30,,21766,,,1,70,,21767,,,1,30,,21768,,,1,60,,21769,,,1,21,,21770,,,1,20,,21771,,,1,60,,21772,,,1,20,,21773,,,1,20,,21774,,,1,60,,21775,,,1,20,,21776,,,1,20,,21777,,,1,70,,21778,,,1,30,,21779,,,1,70,,21780,,,1,30,,21781,,,1,70,,21782,,,1,30,,21783,,,1,70,,21784,,,1,30,,21785,,,1,70,,21786,,,1
11701,'117-Weekday-5-25-12-1111100',546,,21855,,,1,70,,21856,,,1,34,,21857,,,1,60,,21858,,,1,20,,21859,,,1,20,,21860,,,1,60,,21861,,,1,20,,21862,,,1,20,,21863,,,1,68,,21864,,,1,30,,21865,,,1,70,,21866,,,1,30,,21867,,,1,70,,21868,,,1,30,,21869,,,1,70,,21870,,,1,30,,21871,,,1,70,,21872,,,1,30,,21873,,,1,70,,21874,,,1,30,,21875,,,1,60,,21876,,,1,21,,21877,,,1,20,,21878,,,1,60,,21879,,,1,20,,21880,,,1,20,,21881,,,1,60,,21882,,,1,20,,21883,,,1,20,,21884,,,1,70,,21885,,,1,30,,21886,,,1,70,,21887,,,1,30,,21888,,,1,70,,21889,,,1,30,,21890,,,1,70,,21891,,,1,30,,21892,,,1,70,,21893,,,1
11701,'117-Saturday-1-25-12-0000010',635,,21894,,,1,100,,21895,,,1,100,,21896,,,1,79,,21897,,,1,29,,21898,,,1,70,,21899,,,1,30,,21900,,,1,70,,21901,,,1,30,,21902,,,1,70,,21903,,,1,30,,21904,,,1,70,,21905,,,1,30,,21906,,,1,70,,21907,,,1,30,,21908,,,1,70,,21909,,,1,30,,21910,,,1,70,,21911,,,1,30,,21912,,,1,70,,21913,,,1,30,,21914,,,1,70,,21915,,,1,30,,21916,,,1,70,,21917,,,1,30,,21918,,,1,70,,21919,,,1,30,,21920,,,1,70,,21921,,,1,30,,21922,,,1,70,,21923,,,1
11701,'117-Sunday-1-25-12-0000001',649,,21924,,,1,100,,21925,,,1,100,,21926,,,1,101,,21927,,,1,70,,21928,,,1,30,,21929,,,1,70,,21930,,,1,30,,21931,,,1,70,,21932,,,1,30,,21933,,,1,70,,21934,,,1,30,,21935,,,1,70,,21936,,,1,30,,21937,,,1,70,,21938,,,1,30,,21939,,,1,70,,21940,,,1,30,,21941,,,1,69,,21942,,,1,28,,21943,,,1,70,,21944,,,1,30,,21945,,,1,70,,21946,,,1,100,,21947,,,1,100,,21948,,,1
11801,'118-Weekday-1-25-12-1111100',547,,22201,,,1,70,,22202,,,1,37,,22240,,,1,60,,22236,,,1,20,,22204,,,1,20,,22237,,,1,60,,22205,,,1,20,,22206,,,1,20,,22238,,,1,70,,22208,,,1,30,,22207,,,1,70,,22209,,,1,30,,22210,,,1,70,,22211,,,1,30,,22212,,,1,70,,22213,,,1,30,,22214,,,1,70,,22215,,,1,30,,22216,,,1,70,,22217,,,1,30,,22218,,,1,73,,22219,,,1,30,,22220,,,1,55,,22221,,,1,15,,22222,,,1,15,,22223,,,1,15,,22239,,,1,55,,22224,,,1,15,,22225,,,1,15,,22226,,,1,15,,22235,,,1,70,,22227,,,1,27,,22228,,,1,70,,22229,,,1,30,,22230,,,1,70,,22231,,,1,30,,22232,,,1,70,,22233,,,1,30,,22234,,,1,68,,22203,,,1
11801,'118-Weekday-5-25-12-1111100',547,,22317,,,1,70,,22318,,,1,37,,22356,,,1,60,,22352,,,1,20,,22320,,,1,20,,22353,,,1,60,,22321,,,1,20,,22322,,,1,20,,22354,,,1,70,,22324,,,1,30,,22323,,,1,70,,22325,,,1,30,,22326,,,1,70,,22327,,,1,30,,22328,,,1,70,,22329,,,1,30,,22330,,,1,70,,22331,,,1,30,,22332,,,1,70,,22333,,,1,30,,22334,,,1,73,,22335,,,1,30,,22336,,,1,55,,22337,,,1,15,,22338,,,1,15,,22339,,,1,15,,22355,,,1,55,,22340,,,1,15,,22341,,,1,15,,22342,,,1,15,,22351,,,1,70,,22343,,,1,27,,22344,,,1,70,,22345,,,1,30,,22346,,,1,70,,22347,,,1,30,,22348,,,1,70,,22349,,,1,30,,22350,,,1,68,,22319,,,1
11801,'118-Saturday-1-25-12-0000010',708,,22357,,,1,100,,22358,,,1,45,,22359,,,1,79,,22360,,,1,69,,22361,,,1,30,,22362,,,1,70,,22363,,,1,30,,22364,,,1,70,,22365,,,1,30,,22366,,,1,70,,22367,,,1,30,,22368,,,1,70,,22369,,,1,30,,22370,,,1,70,,22371,,,1,30,,22372,,,1,70,,22373,,,1,30,,22374,,,1,69,,22375,,,1,29,,22376,,,1,30,,22377,,,1,70,,22378,,,1,30,,22379,,,1,70,,22380,,,1,30,,22381,,,1
11801,'118-Sunday-1-25-12-0000001',624,,22403,,,1,100,,22382,,,1,100,,22383,,,1,98,,22384,,,1,85,,22385,,,1,30,,22386,,,1,70,,22387,,,1,30,,22388,,,1,70,,22389,,,1,30,,22390,,,1,70,,22391,,,1,30,,22392,,,1,70,,22393,,,1,30,,22394,,,1,70,,22395,,,1,30,,22396,,,1,70,,22397,,,1,30,,22398,,,1,69,,22399,,,1,29,,22400,,,1,70,,22401,,,1,30,,22402,,,1
61201,'612-Weekday-1-25-12-1111100',741,,33740,,,1
61201,'612-Weekday-4-25-12-1111100',741,,33741,,,1
