65901,'659-Weekday-1-26-02-1111100',757,,61399,12,,,1
65901,'659-Weekday-10-26-02-1111100',757,,116826,12,,,1
65901,'659-Weekday-9-26-02-1111100',757,,61404,12,,,1
66701,'667-Weekday-1-26-02-1111100',827,,61658,16,,,1,13,,61659,16,,,1
66701,'667-Weekday-10-26-02-1111100',827,,116865,16,,,1,13,,116866,16,,,1
66701,'667-Weekday-9-26-02-1111100',827,,61666,16,,,1,13,,61667,16,,,1
72101,'721-Weekday-1-26-02-1111100',608,,77994,15,,,1,20,,77995,15,,,1,24,,77996,15,,,1,55,,77997,15,,,1,15,,77998,15,,,1,15,,77999,15,,,1,15,,78000,15,,,1,55,,78001,15,,,1,15,,78002,15,,,1,8,,78061,15,0,21 22,1,7,,78003,15,,,1,1,,78060,15,0,21 22,1,14,,78004,15,,,1,54,,78005,15,,,1,20,,78006,15,,,1,20,,78007,15,,,1,60,,78008,15,,,1,20,,78009,15,,,1,20,,78010,15,,,1,60,,78011,15,,,1,20,,78012,15,,,1,20,,78013,15,,,1,60,,78014,15,,,1,20,,78015,15,,,1,20,,78016,15,,,1,60,,78017,15,,,1,20,,78018,15,,,1,20,,78019,15,,,1,60,,78020,15,,,1,20,,78021,15,,,1,20,,78022,15,,,1,62,,78023,15,,,1,12,,78024,15,,,1,10,,78025,15,,,1,10,,78026,15,,,1,10,,78027,15,,,1,50,,78028,15,,,1,10,,78029,15,,,1,10,,78030,15,,,1,10,,78031,15,,,1,10,,78032,15,,,1,10,,78033,15,,,1,50,,78034,15,,,1,10,,78035,15,,,1,10,,78036,15,,,1,10,,78037,15,,,1,10,,78038,15,,,1,10,,78039,15,,,1,50,,78040,15,,,1,10,,78041,15,,,1,21,,78042,15,,,1,17,,78043,15,,,1,60,,78044,15,,,1,20,,78045,15,,,1,20,,78046,15,,,1,60,,78047,15,,,1,20,,78048,15,,,1,20,,78049,15,,,1,60,,78050,15,,,1,20,,78051,15,,,1,20,,78052,15,,,1,70,,78053,15,,,1,30,,78054,15,,,1,70,,78055,15,,,1,30,,78056,15,,,1,70,,78057,15,,,1,30,,78058,15,,,1,70,,78059,15,,,1
72101,'721-Weekday-10-26-02-1111100',608,,78062,15,,,1,20,,78063,15,,,1,24,,78064,15,,,1,55,,78065,15,,,1,15,,78066,15,,,1,15,,78067,15,,,1,15,,78068,15,,,1,55,,78069,15,,,1,15,,78070,15,,,1,8,,78129,15,0,21 22,1,7,,78071,15,,,1,1,,78128,15,0,21 22,1,14,,78072,15,,,1,54,,78073,15,,,1,20,,78074,15,,,1,20,,78075,15,,,1,60,,78076,15,,,1,20,,78077,15,,,1,20,,78078,15,,,1,60,,78079,15,,,1,20,,78080,15,,,1,20,,78081,15,,,1,60,,78082,15,,,1,20,,78083,15,,,1,20,,78084,15,,,1,60,,78085,15,,,1,20,,78086,15,,,1,20,,78087,15,,,1,60,,78088,15,,,1,20,,78089,15,,,1,20,,78090,15,,,1,62,,78091,15,,,1,12,,78092,15,,,1,10,,78093,15,,,1,10,,78094,15,,,1,10,,78095,15,,,1,50,,78096,15,,,1,10,,78097,15,,,1,10,,78098,15,,,1,10,,78099,15,,,1,10,,78100,15,,,1,10,,78101,15,,,1,50,,78102,15,,,1,10,,78103,15,,,1,10,,78104,15,,,1,10,,78105,15,,,1,10,,78106,15,,,1,10,,78107,15,,,1,50,,78108,15,,,1,10,,78109,15,,,1,21,,78110,15,,,1,17,,78111,15,,,1,60,,78112,15,,,1,20,,78113,15,,,1,20,,78114,15,,,1,60,,78115,15,,,1,20,,78116,15,,,1,20,,78117,15,,,1,60,,78118,15,,,1,20,,78119,15,,,1,20,,78120,15,,,1,70,,78121,15,,,1,30,,78122,15,,,1,70,,78123,15,,,1,30,,78124,15,,,1,70,,78125,15,,,1,30,,78126,15,,,1,70,,78127,15,,,1
72101,'721-Weekday-11-26-02-1111100',608,,119296,15,,,1,20,,119297,15,,,1,24,,119298,15,,,1,55,,119299,15,,,1,15,,119300,15,,,1,15,,119301,15,,,1,15,,119302,15,,,1,55,,119303,15,,,1,15,,119304,15,,,1,8,,119363,15,0,21 22,1,7,,119305,15,,,1,1,,119362,15,0,21 22,1,14,,119306,15,,,1,54,,119307,15,,,1,20,,119308,15,,,1,20,,119309,15,,,1,60,,119310,15,,,1,20,,119311,15,,,1,20,,119312,15,,,1,60,,119313,15,,,1,20,,119314,15,,,1,20,,119315,15,,,1,60,,119316,15,,,1,20,,119317,15,,,1,20,,119318,15,,,1,60,,119319,15,,,1,20,,119320,15,,,1,20,,119321,15,,,1,60,,119322,15,,,1,20,,119323,15,,,1,20,,119324,15,,,1,62,,119325,15,,,1,12,,119326,15,,,1,10,,119327,15,,,1,10,,119328,15,,,1,10,,119329,15,,,1,50,,119330,15,,,1,10,,119331,15,,,1,10,,119332,15,,,1,10,,119333,15,,,1,10,,119334,15,,,1,10,,119335,15,,,1,50,,119336,15,,,1,10,,119337,15,,,1,10,,119338,15,,,1,10,,119339,15,,,1,10,,119340,15,,,1,10,,119341,15,,,1,50,,119342,15,,,1,10,,119343,15,,,1,21,,119344,15,,,1,17,,119345,15,,,1,60,,119346,15,,,1,20,,119347,15,,,1,20,,119348,15,,,1,60,,119349,15,,,1,20,,119350,15,,,1,20,,119351,15,,,1,60,,119352,15,,,1,20,,119353,15,,,1,20,,119354,15,,,1,70,,119355,15,,,1,30,,119356,15,,,1,70,,119357,15,,,1,30,,119358,15,,,1,70,,119359,15,,,1,30,,119360,15,,,1,70,,119361,15,,,1
72101,'721-Saturday-1-26-02-0000010',605,,78604,15,,,1,30,,78601,15,,,1,70,,78608,15,,,1,30,,78611,15,,,1,70,,78614,15,,,1,25,,78598,15,,,1,20,,78599,15,,,1,61,,78618,15,,,1,20,,78619,15,,,1,20,,78620,15,,,1,60,,78621,15,,,1,20,,78622,15,,,1,20,,78623,15,,,1,60,,78624,15,,,1,20,,78625,15,,,1,20,,78626,15,,,1,60,,78627,15,,,1,20,,78628,15,,,1,20,,78629,15,,,1,60,,78630,15,,,1,20,,78631,15,,,1,20,,78632,15,,,1,60,,78633,15,,,1,20,,78634,15,,,1,20,,78635,15,,,1,60,,78636,15,,,1,20,,78637,15,,,1,20,,78638,15,,,1,60,,78639,15,,,1,20,,78640,15,,,1,20,,78641,15,,,1,60,,78642,15,,,1,20,,78643,15,,,1,20,,78644,15,,,1,60,,78645,15,,,1,20,,78616,15,,,1,20,,78617,15,,,1,70,,78603,15,,,1,30,,78613,15,,,1,70,,78615,15,,,1,30,,78607,15,,,1,70,,78600,15,,,1,30,,78606,15,,,1,70,,78612,15,,,1,30,,78605,15,,,1,70,,78610,15,,,1,30,,78602,15,,,1,70,,78609,15,,,1
72101,'721-Sunday-2-26-02-0000001',626,,119364,15,,,1,30,,119365,15,,,1,70,,119366,15,,,1,30,,119367,15,,,1,70,,119368,15,,,1,28,,119369,15,,,1,70,,119370,15,,,1,30,,119371,15,,,1,70,,119372,15,,,1,30,,119373,15,,,1,70,,119374,15,,,1,30,,119375,15,,,1,70,,119376,15,,,1,27,,119377,15,,,1,70,,119378,15,,,1,30,,119379,15,,,1,70,,119380,15,,,1,30,,119381,15,,,1,70,,119382,15,,,1,30,,119383,15,,,1,70,,119384,15,,,1,30,,119385,15,,,1,71,,119386,15,,,1,30,,119387,15,,,1,70,,119388,15,,,1,30,,119389,15,,,1,70,,119390,15,,,1,30,,119391,15,,,1,70,,119392,15,,,1,30,,119393,15,,,1,70,,119394,15,,,1,30,,119395,15,,,1,70,,119396,15,,,1,30,,119397,15,,,1,70,,119398,15,,,1,30,,119399,15,,,1,70,,119400,15,,,1
