51101,'511-Weekday-1-26-02-1111100',2519,,49378,12,,,1,30,,49379,12,,,1,70,,49380,12,,,1,30,,49381,12,,,1
51101,'511-Weekday-10-26-02-1111100',2519,,49382,12,,,1,30,,49383,12,,,1,70,,49384,12,,,1,30,,49385,12,,,1
51101,'511-Weekday-2-26-02-1111100',2519,,49386,12,,,1,30,,49387,12,,,1,70,,49388,12,,,1,30,,49389,12,,,1
51101,'511-Weekday-4-26-02-1111100',2519,,49390,12,,,1,30,,49391,12,,,1,70,,49392,12,,,1,30,,49393,12,,,1
51101,'511-Weekday-5-26-02-1111100',2519,,49394,12,,,1,30,,49395,12,,,1,70,,49396,12,,,1,30,,49397,12,,,1
51101,'511-Weekday-6-26-02-1111100',2519,,49398,12,,,1,30,,49399,12,,,1,70,,49400,12,,,1,30,,49401,12,,,1
51101,'511-Weekday-7-26-02-1111100',2519,,49402,12,,,1,30,,49403,12,,,1,70,,49404,12,,,1,30,,49405,12,,,1
51101,'511-Weekday-8-26-02-1111100',2519,,49406,12,,,1,30,,49407,12,,,1,70,,49408,12,,,1,30,,49409,12,,,1
51101,'511-Weekday-9-26-02-1111100',2519,,49410,12,,,1,30,,49411,12,,,1,70,,49412,12,,,1,30,,49413,12,,,1
51101,'511-Saturday-1-26-02-0000010',2518,,49414,12,,,1,30,,49415,12,,,1,70,,49416,12,,,1,30,,49417,12,,,1
51101,'511-Sunday-1-26-02-0000001',2517,,49418,12,,,1,30,,49419,12,,,1,70,,49420,12,,,1,30,,49421,12,,,1
63601,'636-Weekday-1-26-02-1111100',1525,,61079,7,,,1,2,,61080,7,,,1
63601,'636-Weekday-2-26-02-1111100',1525,,61081,7,,,1,2,,61082,7,,,1
63601,'636-Weekday-4-26-02-1111100',1525,,61083,7,,,1,2,,61084,7,,,1
63601,'636-Weekday-5-26-02-1111100',1525,,61085,7,,,1,2,,61086,7,,,1
63601,'636-Weekday-9-26-02-1111100',1525,,61087,7,,,1,2,,61088,7,,,1
