90601,'906-Weekday-1-26-02-1111100',623,,87386,14,,,1,30,,87387,14,,,1,70,,87388,14,,,1,30,,87389,14,,,1,70,,87390,14,,,1,30,,87391,14,,,1,670,,87392,14,,,1,30,,87393,14,,,1,70,,87394,14,,,1,30,,87395,14,,,1,70,,87396,14,,,1,30,,87397,14,,,1
90601,'906-Weekday-10-26-02-1111100',623,,87398,14,,,1,30,,87399,14,,,1,70,,87400,14,,,1,30,,87401,14,,,1,70,,87402,14,,,1,30,,87403,14,,,1,670,,87404,14,,,1,30,,87405,14,,,1,70,,87406,14,,,1,30,,87407,14,,,1,70,,87408,14,,,1,30,,87409,14,,,1
90601,'906-Weekday-2-26-02-1111100',623,,87410,14,,,1,30,,87411,14,,,1,70,,87412,14,,,1,30,,87413,14,,,1,70,,87414,14,,,1,30,,87415,14,,,1,670,,87416,14,,,1,30,,87417,14,,,1,70,,87418,14,,,1,30,,87419,14,,,1,70,,87420,14,,,1,30,,87421,14,,,1
90601,'906-Weekday-4-26-02-1111100',623,,87422,14,,,1,30,,87423,14,,,1,70,,87424,14,,,1,30,,87425,14,,,1,70,,87426,14,,,1,30,,87427,14,,,1,670,,87428,14,,,1,30,,87429,14,,,1,70,,87430,14,,,1,30,,87431,14,,,1,70,,87432,14,,,1,30,,87433,14,,,1
90601,'906-Weekday-5-26-02-1111100',623,,87434,14,,,1,30,,87435,14,,,1,70,,87436,14,,,1,30,,87437,14,,,1,70,,87438,14,,,1,30,,87439,14,,,1,670,,87440,14,,,1,30,,87441,14,,,1,70,,87442,14,,,1,30,,87443,14,,,1,70,,87444,14,,,1,30,,87445,14,,,1
90601,'906-Weekday-6-26-02-1111100',623,,87446,14,,,1,30,,87447,14,,,1,70,,87448,14,,,1,30,,87449,14,,,1,70,,87450,14,,,1,30,,87451,14,,,1,670,,87452,14,,,1,30,,87453,14,,,1,70,,87454,14,,,1,30,,87455,14,,,1,70,,87456,14,,,1,30,,87457,14,,,1
90601,'906-Weekday-7-26-02-1111100',623,,87458,14,,,1,30,,87459,14,,,1,70,,87460,14,,,1,30,,87461,14,,,1,70,,87462,14,,,1,30,,87463,14,,,1,670,,87464,14,,,1,30,,87465,14,,,1,70,,87466,14,,,1,30,,87467,14,,,1,70,,87468,14,,,1,30,,87469,14,,,1
90601,'906-Weekday-8-26-02-1111100',623,,87470,14,,,1,30,,87471,14,,,1,70,,87472,14,,,1,30,,87473,14,,,1,70,,87474,14,,,1,30,,87475,14,,,1,670,,87476,14,,,1,30,,87477,14,,,1,70,,87478,14,,,1,30,,87479,14,,,1,70,,87480,14,,,1,30,,87481,14,,,1
90601,'906-Weekday-9-26-02-1111100',623,,87482,14,,,1,30,,87483,14,,,1,70,,87484,14,,,1,30,,87485,14,,,1,70,,87486,14,,,1,30,,87487,14,,,1,670,,87488,14,,,1,30,,87489,14,,,1,70,,87490,14,,,1,30,,87491,14,,,1,70,,87492,14,,,1,30,,87493,14,,,1
90701,'907-Weekday-1-26-02-1111100',536,,87936,15,,,1,70,,87937,15,,,1,27,,87938,15,,,1,16,,87939,15,,,1,55,,87940,15,,,1,15,,87941,15,,,1,15,,87942,15,,,1,15,,87943,15,,,1,55,,87944,15,,,1,15,,87945,15,,,1,15,,87946,15,,,1,71,,87947,15,,,1,30,,87948,15,,,1,70,,87949,15,,,1,30,,87950,15,,,1,70,,87951,15,,,1,30,,87952,15,,,1,70,,87953,15,,,1,30,,87954,15,,,1,70,,87955,15,,,1,30,,87956,15,,,1,70,,87957,15,,,1,30,,87958,15,,,1,71,,87959,15,,,1,22,,87960,15,,,1,17,,87961,15,,,1,55,,87962,15,,,1,15,,87963,15,,,1,15,,87964,15,,,1,15,,87965,15,,,1,55,,87966,15,,,1,15,,87967,15,,,1,15,,87968,15,,,1,15,,87969,15,,,1,67,,87970,15,,,1,24,,87971,15,,,1,70,,87972,15,,,1,30,,87973,15,,,1,70,,87974,15,,,1,30,,87975,15,,,1,70,,87976,15,,,1,30,,87977,15,,,1,73,,87978,15,,,1,100,,87979,15,,,1,100,,87980,15,,,1
90701,'907-Weekday-10-26-02-1111100',536,,87981,15,,,1,70,,87982,15,,,1,27,,87983,15,,,1,16,,87984,15,,,1,55,,87985,15,,,1,15,,87986,15,,,1,15,,87987,15,,,1,15,,87988,15,,,1,55,,87989,15,,,1,15,,87990,15,,,1,15,,87991,15,,,1,71,,87992,15,,,1,30,,87993,15,,,1,70,,87994,15,,,1,30,,87995,15,,,1,70,,87996,15,,,1,30,,87997,15,,,1,70,,87998,15,,,1,30,,87999,15,,,1,70,,88000,15,,,1,30,,88001,15,,,1,70,,88002,15,,,1,30,,88003,15,,,1,71,,88004,15,,,1,22,,88005,15,,,1,17,,88006,15,,,1,55,,88007,15,,,1,15,,88008,15,,,1,15,,88009,15,,,1,15,,88010,15,,,1,55,,88011,15,,,1,15,,88012,15,,,1,15,,88013,15,,,1,15,,88014,15,,,1,67,,88015,15,,,1,24,,88016,15,,,1,70,,88017,15,,,1,30,,88018,15,,,1,70,,88019,15,,,1,30,,88020,15,,,1,70,,88021,15,,,1,30,,88022,15,,,1,73,,88023,15,,,1,100,,88024,15,,,1,100,,88025,15,,,1
90701,'907-Weekday-2-26-02-1111100',536,,88026,15,,,1,70,,88027,15,,,1,27,,88028,15,,,1,16,,88029,15,,,1,55,,88030,15,,,1,15,,88031,15,,,1,15,,88032,15,,,1,15,,88033,15,,,1,55,,88034,15,,,1,15,,88035,15,,,1,15,,88036,15,,,1,71,,88037,15,,,1,30,,88038,15,,,1,70,,88039,15,,,1,30,,88040,15,,,1,70,,88041,15,,,1,30,,88042,15,,,1,70,,88043,15,,,1,30,,88044,15,,,1,70,,88045,15,,,1,30,,88046,15,,,1,70,,88047,15,,,1,30,,88048,15,,,1,71,,88049,15,,,1,22,,88050,15,,,1,17,,88051,15,,,1,55,,88052,15,,,1,15,,88053,15,,,1,15,,88054,15,,,1,15,,88055,15,,,1,55,,88056,15,,,1,15,,88057,15,,,1,15,,88058,15,,,1,15,,88059,15,,,1,67,,88060,15,,,1,24,,88061,15,,,1,70,,88062,15,,,1,30,,88063,15,,,1,70,,88064,15,,,1,30,,88065,15,,,1,70,,88066,15,,,1,30,,88067,15,,,1,73,,88068,15,,,1,100,,88069,15,,,1,100,,88070,15,,,1
90701,'907-Weekday-4-26-02-1111100',536,,88071,15,,,1,70,,88072,15,,,1,27,,88073,15,,,1,16,,88074,15,,,1,55,,88075,15,,,1,15,,88076,15,,,1,15,,88077,15,,,1,15,,88078,15,,,1,55,,88079,15,,,1,15,,88080,15,,,1,15,,88081,15,,,1,71,,88082,15,,,1,30,,88083,15,,,1,70,,88084,15,,,1,30,,88085,15,,,1,70,,88086,15,,,1,30,,88087,15,,,1,70,,88088,15,,,1,30,,88089,15,,,1,70,,88090,15,,,1,30,,88091,15,,,1,70,,88092,15,,,1,30,,88093,15,,,1,71,,88094,15,,,1,22,,88095,15,,,1,17,,88096,15,,,1,55,,88097,15,,,1,15,,88098,15,,,1,15,,88099,15,,,1,15,,88100,15,,,1,55,,88101,15,,,1,15,,88102,15,,,1,15,,88103,15,,,1,15,,88104,15,,,1,67,,88105,15,,,1,24,,88106,15,,,1,70,,88107,15,,,1,30,,88108,15,,,1,70,,88109,15,,,1,30,,88110,15,,,1,70,,88111,15,,,1,30,,88112,15,,,1,73,,88113,15,,,1,100,,88114,15,,,1,100,,88115,15,,,1
90701,'907-Weekday-5-26-02-1111100',536,,88116,15,,,1,70,,88117,15,,,1,27,,88118,15,,,1,16,,88119,15,,,1,55,,88120,15,,,1,15,,88121,15,,,1,15,,88122,15,,,1,15,,88123,15,,,1,55,,88124,15,,,1,15,,88125,15,,,1,15,,88126,15,,,1,71,,88127,15,,,1,30,,88128,15,,,1,70,,88129,15,,,1,30,,88130,15,,,1,70,,88131,15,,,1,30,,88132,15,,,1,70,,88133,15,,,1,30,,88134,15,,,1,70,,88135,15,,,1,30,,88136,15,,,1,70,,88137,15,,,1,30,,88138,15,,,1,71,,88139,15,,,1,22,,88140,15,,,1,17,,88141,15,,,1,55,,88142,15,,,1,15,,88143,15,,,1,15,,88144,15,,,1,15,,88145,15,,,1,55,,88146,15,,,1,15,,88147,15,,,1,15,,88148,15,,,1,15,,88149,15,,,1,67,,88150,15,,,1,24,,88151,15,,,1,70,,88152,15,,,1,30,,88153,15,,,1,70,,88154,15,,,1,30,,88155,15,,,1,70,,88156,15,,,1,30,,88157,15,,,1,73,,88158,15,,,1,100,,88159,15,,,1,100,,88160,15,,,1
90701,'907-Weekday-6-26-02-1111100',536,,88161,15,,,1,70,,88162,15,,,1,27,,88163,15,,,1,16,,88164,15,,,1,55,,88165,15,,,1,15,,88166,15,,,1,15,,88167,15,,,1,15,,88168,15,,,1,55,,88169,15,,,1,15,,88170,15,,,1,15,,88171,15,,,1,71,,88172,15,,,1,30,,88173,15,,,1,70,,88174,15,,,1,30,,88175,15,,,1,70,,88176,15,,,1,30,,88177,15,,,1,70,,88178,15,,,1,30,,88179,15,,,1,70,,88180,15,,,1,30,,88181,15,,,1,70,,88182,15,,,1,30,,88183,15,,,1,71,,88184,15,,,1,22,,88185,15,,,1,17,,88186,15,,,1,55,,88187,15,,,1,15,,88188,15,,,1,15,,88189,15,,,1,15,,88190,15,,,1,55,,88191,15,,,1,15,,88192,15,,,1,15,,88193,15,,,1,15,,88194,15,,,1,67,,88195,15,,,1,24,,88196,15,,,1,70,,88197,15,,,1,30,,88198,15,,,1,70,,88199,15,,,1,30,,88200,15,,,1,70,,88201,15,,,1,30,,88202,15,,,1,73,,88203,15,,,1,100,,88204,15,,,1,100,,88205,15,,,1
90701,'907-Weekday-7-26-02-1111100',536,,88206,15,,,1,70,,88207,15,,,1,27,,88208,15,,,1,16,,88209,15,,,1,55,,88210,15,,,1,15,,88211,15,,,1,15,,88212,15,,,1,15,,88213,15,,,1,55,,88214,15,,,1,15,,88215,15,,,1,15,,88216,15,,,1,71,,88217,15,,,1,30,,88218,15,,,1,70,,88219,15,,,1,30,,88220,15,,,1,70,,88221,15,,,1,30,,88222,15,,,1,70,,88223,15,,,1,30,,88224,15,,,1,70,,88225,15,,,1,30,,88226,15,,,1,70,,88227,15,,,1,30,,88228,15,,,1,71,,88229,15,,,1,22,,88230,15,,,1,17,,88231,15,,,1,55,,88232,15,,,1,15,,88233,15,,,1,15,,88234,15,,,1,15,,88235,15,,,1,55,,88236,15,,,1,15,,88237,15,,,1,15,,88238,15,,,1,15,,88239,15,,,1,67,,88240,15,,,1,24,,88241,15,,,1,70,,88242,15,,,1,30,,88243,15,,,1,70,,88244,15,,,1,30,,88245,15,,,1,70,,88246,15,,,1,30,,88247,15,,,1,73,,88248,15,,,1,100,,88249,15,,,1,100,,88250,15,,,1
90701,'907-Weekday-8-26-02-1111100',536,,88251,15,,,1,70,,88252,15,,,1,27,,88253,15,,,1,16,,88254,15,,,1,55,,88255,15,,,1,15,,88256,15,,,1,15,,88257,15,,,1,15,,88258,15,,,1,55,,88259,15,,,1,15,,88260,15,,,1,15,,88261,15,,,1,71,,88262,15,,,1,30,,88263,15,,,1,70,,88264,15,,,1,30,,88265,15,,,1,70,,88266,15,,,1,30,,88267,15,,,1,70,,88268,15,,,1,30,,88269,15,,,1,70,,88270,15,,,1,30,,88271,15,,,1,70,,88272,15,,,1,30,,88273,15,,,1,71,,88274,15,,,1,22,,88275,15,,,1,17,,88276,15,,,1,55,,88277,15,,,1,15,,88278,15,,,1,15,,88279,15,,,1,15,,88280,15,,,1,55,,88281,15,,,1,15,,88282,15,,,1,15,,88283,15,,,1,15,,88284,15,,,1,67,,88285,15,,,1,24,,88286,15,,,1,70,,88287,15,,,1,30,,88288,15,,,1,70,,88289,15,,,1,30,,88290,15,,,1,70,,88291,15,,,1,30,,88292,15,,,1,73,,88293,15,,,1,100,,88294,15,,,1,100,,88295,15,,,1
90701,'907-Weekday-9-26-02-1111100',536,,88296,15,,,1,70,,88297,15,,,1,27,,88298,15,,,1,16,,88299,15,,,1,55,,88300,15,,,1,15,,88301,15,,,1,15,,88302,15,,,1,15,,88303,15,,,1,55,,88304,15,,,1,15,,88305,15,,,1,15,,88306,15,,,1,71,,88307,15,,,1,30,,88308,15,,,1,70,,88309,15,,,1,30,,88310,15,,,1,70,,88311,15,,,1,30,,88312,15,,,1,70,,88313,15,,,1,30,,88314,15,,,1,70,,88315,15,,,1,30,,88316,15,,,1,70,,88317,15,,,1,30,,88318,15,,,1,71,,88319,15,,,1,22,,88320,15,,,1,17,,88321,15,,,1,55,,88322,15,,,1,15,,88323,15,,,1,15,,88324,15,,,1,15,,88325,15,,,1,55,,88326,15,,,1,15,,88327,15,,,1,15,,88328,15,,,1,15,,88329,15,,,1,67,,88330,15,,,1,24,,88331,15,,,1,70,,88332,15,,,1,30,,88333,15,,,1,70,,88334,15,,,1,30,,88335,15,,,1,70,,88336,15,,,1,30,,88337,15,,,1,73,,88338,15,,,1,100,,88339,15,,,1,100,,88340,15,,,1
90701,'907-Saturday-1-26-02-0000010',639,,88341,15,,,1,100,,88342,15,,,1,100,,88343,15,,,1,67,,88344,15,,,1,30,,88345,15,,,1,70,,88346,15,,,1,30,,88347,15,,,1,70,,88348,15,,,1,30,,88349,15,,,1,70,,88350,15,,,1,30,,88351,15,,,1,70,,88352,15,,,1,30,,88353,15,,,1,70,,88354,15,,,1,30,,88355,15,,,1,70,,88356,15,,,1,30,,88357,15,,,1,70,,88358,15,,,1,30,,88359,15,,,1,72,,88360,15,,,1,30,,88361,15,,,1,70,,88362,15,,,1,30,,88363,15,,,1,70,,88364,15,,,1,100,,88365,15,,,1,100,,88366,15,,,1,100,,88367,15,,,1
90701,'907-Sunday-1-26-02-0000001',1040,,88368,15,,,1,70,,88369,15,,,1,30,,88370,15,,,1,70,,88371,15,,,1,30,,88372,15,,,1,70,,88373,15,,,1,30,,88374,15,,,1,70,,88375,15,,,1,30,,88376,15,,,1,70,,88377,15,,,1,30,,88378,15,,,1,70,,88379,15,,,1,30,,88380,15,,,1,70,,88381,15,,,1,30,,88382,15,,,1,70,,88383,15,,,1,30,,88384,15,,,1,70,,88385,15,,,1,30,,88386,15,,,1
