91500,'915-Weekday-1-26-02-1111100',534,,91507,8,,,1,70,,91508,8,,,1,31,,91509,8,,,1,12,,91510,8,,,1,12,,91511,8,,,1,52,,91552,8,,,1,12,,91512,8,,,1,12,,91513,8,,,1,12,,91514,8,,,1,12,,91515,8,,,1,52,,91516,8,,,1,12,,91517,8,,,1,12,,91553,8,,,1,70,,91518,8,,,1,30,,91519,8,,,1,70,,91520,8,,,1,30,,91521,8,,,1,70,,91522,8,,,1,30,,91523,8,,,1,70,,91524,8,,,1,30,,91525,8,,,1,70,,91526,8,,,1,30,,91527,8,,,1,70,,91528,8,,,1,30,,91529,8,,,1,71,,91530,8,,,1,15,,91531,8,,,1,15,,91532,8,,,1,15,,91533,8,,,1,55,,91534,8,,,1,15,,91535,8,,,1,15,,91536,8,,,1,15,,91537,8,,,1,55,,91538,8,,,1,15,,91539,8,,,1,15,,91540,8,,,1,70,,91541,8,,,1,28,,91542,8,,,1,69,,91543,8,,,1,30,,91544,8,,,1,70,,91545,8,,,1,30,,91546,8,,,1,70,,91547,8,,,1,30,,91548,8,,,1,70,,91549,8,,,1,100,,91550,8,,,1,100,,91551,8,,,1
91500,'915-Weekday-10-26-02-1111100',534,,91554,8,,,1,70,,91555,8,,,1,31,,91556,8,,,1,12,,91557,8,,,1,12,,91558,8,,,1,52,,91599,8,,,1,12,,91559,8,,,1,12,,91560,8,,,1,12,,91561,8,,,1,12,,91562,8,,,1,52,,91563,8,,,1,12,,91564,8,,,1,12,,91600,8,,,1,70,,91565,8,,,1,30,,91566,8,,,1,70,,91567,8,,,1,30,,91568,8,,,1,70,,91569,8,,,1,30,,91570,8,,,1,70,,91571,8,,,1,30,,91572,8,,,1,70,,91573,8,,,1,30,,91574,8,,,1,70,,91575,8,,,1,30,,91576,8,,,1,71,,91577,8,,,1,15,,91578,8,,,1,15,,91579,8,,,1,15,,91580,8,,,1,55,,91581,8,,,1,15,,91582,8,,,1,15,,91583,8,,,1,15,,91584,8,,,1,55,,91585,8,,,1,15,,91586,8,,,1,15,,91587,8,,,1,70,,91588,8,,,1,28,,91589,8,,,1,69,,91590,8,,,1,30,,91591,8,,,1,70,,91592,8,,,1,30,,91593,8,,,1,70,,91594,8,,,1,30,,91595,8,,,1,70,,91596,8,,,1,100,,91597,8,,,1,100,,91598,8,,,1
91500,'915-Weekday-4-26-02-1111100',534,,91648,8,,,1,70,,91649,8,,,1,31,,91650,8,,,1,12,,91651,8,,,1,12,,91652,8,,,1,52,,91693,8,,,1,12,,91653,8,,,1,12,,91654,8,,,1,12,,91655,8,,,1,12,,91656,8,,,1,52,,91657,8,,,1,12,,91658,8,,,1,12,,91694,8,,,1,70,,91659,8,,,1,30,,91660,8,,,1,70,,91661,8,,,1,30,,91662,8,,,1,70,,91663,8,,,1,30,,91664,8,,,1,70,,91665,8,,,1,30,,91666,8,,,1,70,,91667,8,,,1,30,,91668,8,,,1,70,,91669,8,,,1,30,,91670,8,,,1,71,,91671,8,,,1,15,,91672,8,,,1,15,,91673,8,,,1,15,,91674,8,,,1,55,,91675,8,,,1,15,,91676,8,,,1,15,,91677,8,,,1,15,,91678,8,,,1,55,,91679,8,,,1,15,,91680,8,,,1,15,,91681,8,,,1,70,,91682,8,,,1,28,,91683,8,,,1,69,,91684,8,,,1,30,,91685,8,,,1,70,,91686,8,,,1,30,,91687,8,,,1,70,,91688,8,,,1,30,,91689,8,,,1,70,,91690,8,,,1,100,,91691,8,,,1,100,,91692,8,,,1
91500,'915-Weekday-5-26-02-1111100',534,,91695,8,,,1,70,,91696,8,,,1,31,,91697,8,,,1,12,,91698,8,,,1,12,,91699,8,,,1,52,,91740,8,,,1,12,,91700,8,,,1,12,,91701,8,,,1,12,,91702,8,,,1,12,,91703,8,,,1,52,,91704,8,,,1,12,,91705,8,,,1,12,,91741,8,,,1,70,,91706,8,,,1,30,,91707,8,,,1,70,,91708,8,,,1,30,,91709,8,,,1,70,,91710,8,,,1,30,,91711,8,,,1,70,,91712,8,,,1,30,,91713,8,,,1,70,,91714,8,,,1,30,,91715,8,,,1,70,,91716,8,,,1,30,,91717,8,,,1,71,,91718,8,,,1,15,,91719,8,,,1,15,,91720,8,,,1,15,,91721,8,,,1,55,,91722,8,,,1,15,,91723,8,,,1,15,,91724,8,,,1,15,,91725,8,,,1,55,,91726,8,,,1,15,,91727,8,,,1,15,,91728,8,,,1,70,,91729,8,,,1,28,,91730,8,,,1,69,,91731,8,,,1,30,,91732,8,,,1,70,,91733,8,,,1,30,,91734,8,,,1,70,,91735,8,,,1,30,,91736,8,,,1,70,,91737,8,,,1,100,,91738,8,,,1,100,,91739,8,,,1
91500,'915-Weekday-7-26-02-1111100',534,,91789,8,,,1,70,,91790,8,,,1,31,,91791,8,,,1,12,,91792,8,,,1,12,,91793,8,,,1,52,,91834,8,,,1,12,,91794,8,,,1,12,,91795,8,,,1,12,,91796,8,,,1,12,,91797,8,,,1,52,,91798,8,,,1,12,,91799,8,,,1,12,,91835,8,,,1,70,,91800,8,,,1,30,,91801,8,,,1,70,,91802,8,,,1,30,,91803,8,,,1,70,,91804,8,,,1,30,,91805,8,,,1,70,,91806,8,,,1,30,,91807,8,,,1,70,,91808,8,,,1,30,,91809,8,,,1,70,,91810,8,,,1,30,,91811,8,,,1,71,,91812,8,,,1,15,,91813,8,,,1,15,,91814,8,,,1,15,,91815,8,,,1,55,,91816,8,,,1,15,,91817,8,,,1,15,,91818,8,,,1,15,,91819,8,,,1,55,,91820,8,,,1,15,,91821,8,,,1,15,,91822,8,,,1,70,,91823,8,,,1,28,,91824,8,,,1,69,,91825,8,,,1,30,,91826,8,,,1,70,,91827,8,,,1,30,,91828,8,,,1,70,,91829,8,,,1,30,,91830,8,,,1,70,,91831,8,,,1,100,,91832,8,,,1,100,,91833,8,,,1
91500,'915-Saturday-1-26-02-0000010',552,,91930,8,,,1,100,,91931,8,,,1,100,,91932,8,,,1,70,,91933,8,,,1,30,,91934,8,,,1,72,,91935,8,,,1,30,,91936,8,,,1,70,,91937,8,,,1,30,,91938,8,,,1,70,,91939,8,,,1,30,,91940,8,,,1,70,,91941,8,,,1,30,,91942,8,,,1,70,,91943,8,,,1,30,,91944,8,,,1,70,,91945,8,,,1,30,,91946,8,,,1,70,,91947,8,,,1,30,,91948,8,,,1,70,,91949,8,,,1,30,,91950,8,,,1,69,,91951,8,,,1,30,,91952,8,,,1,70,,91953,8,,,1,30,,91954,8,,,1,70,,91955,8,,,1,30,,91956,8,,,1,70,,91957,8,,,1,30,,91958,8,,,1,70,,91959,8,,,1,30,,91960,8,,,1,100,,91961,8,,,1,100,,91962,8,,,1
91500,'915-Sunday-1-26-02-0000001',621,,91963,8,,,1,100,,91964,8,,,1,100,,91965,8,,,1,101,,91966,8,,,1,100,,91967,8,,,1,30,,91968,8,,,1,70,,91969,8,,,1,30,,91970,8,,,1,70,,91971,8,,,1,30,,91972,8,,,1,70,,91973,8,,,1,30,,91974,8,,,1,70,,91975,8,,,1,30,,91976,8,,,1,70,,91977,8,,,1,30,,91978,8,,,1,70,,91979,8,,,1,30,,91980,8,,,1,69,,91981,8,,,1,30,,91982,8,,,1,70,,91983,8,,,1,30,,91984,8,,,1,70,,91985,8,,,1,30,,91986,8,,,1,70,,91987,8,,,1,30,,91988,8,,,1,70,,91989,8,,,1,100,,91990,8,,,1,100,,91991,8,,,1,100,,91992,8,,,1
92500,'925-Weekday-1-26-02-1111100',812,,100152,8,,,1,100,,100150,8,,,1,100,,100147,8,,,1,100,,100151,8,,,1,100,,100145,8,,,1,100,,100149,8,,,1,100,,100146,8,,,1,100,,100148,8,,,1
92500,'925-Weekday-10-26-02-1111100',812,,100160,8,,,1,100,,100158,8,,,1,100,,100155,8,,,1,100,,100159,8,,,1,100,,100153,8,,,1,100,,100157,8,,,1,100,,100154,8,,,1,100,,100156,8,,,1
92500,'925-Weekday-4-26-02-1111100',812,,100176,8,,,1,100,,100174,8,,,1,100,,100171,8,,,1,100,,100175,8,,,1,100,,100169,8,,,1,100,,100173,8,,,1,100,,100170,8,,,1,100,,100172,8,,,1
92500,'925-Weekday-5-26-02-1111100',812,,100184,8,,,1,100,,100182,8,,,1,100,,100179,8,,,1,100,,100183,8,,,1,100,,100177,8,,,1,100,,100181,8,,,1,100,,100178,8,,,1,100,,100180,8,,,1
92500,'925-Weekday-7-26-02-1111100',812,,100200,8,,,1,100,,100198,8,,,1,100,,100195,8,,,1,100,,100199,8,,,1,100,,100193,8,,,1,100,,100197,8,,,1,100,,100194,8,,,1,100,,100196,8,,,1
