10601,'106-Weekday-1-26-04-1111100',538,,119280,11,,,1,70,,119281,11,,,1,33,,119282,11,,,1,70,,119283,11,,,1,10,,119284,11,,,1,10,,119327,11,,,1,10,,119285,11,,,1,10,,119286,11,,,1,2,,119335,11,0,14,1,48,,119336,11,0,14,1,10,,119287,11,,,1,10,,119288,11,,,1,10,,119329,11,,,1,10,,119338,11,,,1,60,,119289,11,,,1,20,,119290,11,,,1,20,,119291,11,,,1,60,,119292,11,,,1,20,,119293,11,,,1,20,,119294,11,,,1,60,,119295,11,,,1,20,,119296,11,,,1,20,,119297,11,,,1,60,,119298,11,,,1,20,,119299,11,,,1,20,,119300,11,,,1,60,,119301,11,,,1,20,,119302,11,,,1,20,,119303,11,,,1,60,,119304,11,,,1,20,,119305,11,,,1,20,,119306,11,,,1,10,,119307,11,,,1,50,,119330,11,,,1,10,,119308,11,,,1,10,,119309,11,,,1,10,,119331,11,,,1,10,,119310,11,,,1,10,,119311,11,,,1,50,,119332,11,,,1,10,,119312,11,,,1,10,,119313,11,,,1,10,,119333,11,,,1,10,,119314,11,,,1,10,,119315,11,,,1,50,,119334,11,,,1,10,,119339,11,,,1,30,,119316,11,,,1,70,,119317,11,,,1,28,,119318,11,,,1,70,,119319,11,,,1,30,,119320,11,,,1,70,,119321,11,,,1,30,,119322,11,,,1,70,,119323,11,,,1,30,,119324,11,,,1,69,,119325,11,,,1,100,,119326,11,,,1,100,,119337,11,,,1
10601,'106-Weekday-2-26-04-1111100',538,,119341,11,,,1,70,,119342,11,,,1,33,,119343,11,,,1,70,,119344,11,,,1,10,,119345,11,,,1,10,,119388,11,,,1,10,,119346,11,,,1,10,,119347,11,,,1,50,,119389,11,,,1,10,,119348,11,,,1,10,,119349,11,,,1,10,,119390,11,,,1,10,,119397,11,,,1,60,,119350,11,,,1,20,,119351,11,,,1,20,,119352,11,,,1,60,,119353,11,,,1,20,,119354,11,,,1,20,,119355,11,,,1,60,,119356,11,,,1,20,,119357,11,,,1,20,,119358,11,,,1,60,,119359,11,,,1,20,,119360,11,,,1,20,,119361,11,,,1,60,,119362,11,,,1,20,,119363,11,,,1,20,,119364,11,,,1,60,,119365,11,,,1,20,,119366,11,,,1,20,,119367,11,,,1,10,,119368,11,,,1,50,,119391,11,,,1,10,,119369,11,,,1,10,,119370,11,,,1,10,,119392,11,,,1,10,,119371,11,,,1,10,,119372,11,,,1,50,,119393,11,,,1,10,,119373,11,,,1,10,,119374,11,,,1,10,,119394,11,,,1,10,,119375,11,,,1,10,,119376,11,,,1,50,,119395,11,,,1,10,,119398,11,,,1,30,,119377,11,,,1,70,,119378,11,,,1,28,,119379,11,,,1,70,,119380,11,,,1,30,,119381,11,,,1,70,,119382,11,,,1,30,,119383,11,,,1,70,,119384,11,,,1,30,,119385,11,,,1,69,,119386,11,,,1,100,,119387,11,,,1,100,,119396,11,,,1
10601,'106-Weekday-3-26-04-1111100',538,,119401,11,,,1,70,,119402,11,,,1,33,,119403,11,,,1,70,,119404,11,,,1,10,,119405,11,,,1,10,,119448,11,,,1,10,,119406,11,,,1,10,,119407,11,,,1,2,,119456,11,0,14,1,48,,119457,11,0,14,1,10,,119408,11,,,1,10,,119409,11,,,1,10,,119450,11,,,1,10,,119459,11,,,1,60,,119410,11,,,1,20,,119411,11,,,1,20,,119412,11,,,1,60,,119413,11,,,1,20,,119414,11,,,1,20,,119415,11,,,1,60,,119416,11,,,1,20,,119417,11,,,1,20,,119418,11,,,1,60,,119419,11,,,1,20,,119420,11,,,1,20,,119421,11,,,1,60,,119422,11,,,1,20,,119423,11,,,1,20,,119424,11,,,1,60,,119425,11,,,1,20,,119426,11,,,1,20,,119427,11,,,1,10,,119428,11,,,1,50,,119451,11,,,1,10,,119429,11,,,1,10,,119430,11,,,1,10,,119452,11,,,1,10,,119431,11,,,1,10,,119432,11,,,1,50,,119453,11,,,1,10,,119433,11,,,1,10,,119434,11,,,1,10,,119454,11,,,1,10,,119435,11,,,1,10,,119436,11,,,1,50,,119455,11,,,1,10,,119460,11,,,1,30,,119437,11,,,1,70,,119438,11,,,1,28,,119439,11,,,1,70,,119440,11,,,1,30,,119441,11,,,1,70,,119442,11,,,1,30,,119443,11,,,1,70,,119444,11,,,1,30,,119445,11,,,1,69,,119446,11,,,1,100,,119447,11,,,1,100,,119458,11,,,1
10601,'106-Saturday-1-26-04-0000010',540,,119461,11,,,1,70,,119462,11,,,1,30,,119463,11,,,1,70,,119464,11,,,1,30,,119465,11,,,1,70,,119466,11,,,1,30,,119467,11,,,1,71,,119468,11,,,1,30,,119469,11,,,1,70,,119470,11,,,1,30,,119471,11,,,1,70,,119472,11,,,1,30,,119473,11,,,1,70,,119474,11,,,1,30,,119475,11,,,1,70,,119476,11,,,1,30,,119477,11,,,1,70,,119478,11,,,1,30,,119479,11,,,1,70,,119480,11,,,1,30,,119481,11,,,1,70,,119482,11,,,1,30,,119483,11,,,1,70,,119484,11,,,1,30,,119485,11,,,1,70,,119486,11,,,1,30,,119487,11,,,1,70,,119488,11,,,1,30,,119489,11,,,1,70,,119490,11,,,1,30,,119491,11,,,1,70,,119492,11,,,1,30,,119493,11,,,1,70,,119494,11,,,1,100,,119495,11,,,1,100,,119496,11,,,1
10601,'106-Sunday-1-26-04-0000001',625,,119497,11,,,1,30,,119498,11,,,1,70,,119499,11,,,1,30,,119500,11,,,1,70,,119501,11,,,1,29,,119502,11,,,1,73,,119503,11,,,1,30,,119504,11,,,1,70,,119505,11,,,1,30,,119506,11,,,1,70,,119507,11,,,1,30,,119508,11,,,1,70,,119509,11,,,1,30,,119510,11,,,1,70,,119511,11,,,1,30,,119512,11,,,1,70,,119513,11,,,1,30,,119514,11,,,1,70,,119515,11,,,1,30,,119516,11,,,1,70,,119517,11,,,1,30,,119518,11,,,1,67,,119519,11,,,1,30,,119520,11,,,1,70,,119521,11,,,1,30,,119522,11,,,1,70,,119523,11,,,1,30,,119524,11,,,1,70,,119525,11,,,1,30,,119526,11,,,1,70,,119527,11,,,1,100,,119528,11,,,1,100,,119529,11,,,1,100,,119530,11,,,1
12801,'128-Weekday-1-26-04-1111100',920,,124827,7,,,1,100,,124828,7,,,1,100,,124829,7,,,1,100,,124830,7,,,1,100,,124831,7,,,1,100,,124832,7,,,1,100,,124833,7,,,1,100,,124834,7,,,1
12801,'128-Weekday-2-26-04-1111100',920,,124835,7,,,1,100,,124836,7,,,1,100,,124837,7,,,1,100,,124838,7,,,1,100,,124839,7,,,1,100,,124840,7,,,1,100,,124841,7,,,1,100,,124842,7,,,1
12801,'128-Weekday-3-26-04-1111100',920,,124843,7,,,1,100,,124844,7,,,1,100,,124845,7,,,1,100,,124846,7,,,1,100,,124847,7,,,1,100,,124848,7,,,1,100,,124849,7,,,1,100,,124850,7,,,1
12801,'128-Saturday-1-26-04-0000010',918,,124851,7,,,1,100,,124852,7,,,1,100,,124853,7,,,1,100,,124854,7,,,1,100,,124855,7,,,1,100,,124856,7,,,1,100,,124857,7,,,1,100,,124858,7,,,1
61001,'610-Weekday-1-26-04-1111100',744,,131600,34,,,1,4,,131601,34,,,1,6,,131602,34,,,1,80,,131603,34,,,1,6,,131604,34,,,1,5,,131605,34,,,1
61001,'610-Weekday-2-26-04-1111100',834,,131606,34,,,1,6,,131607,34,,,1,5,,131608,34,,,1
61001,'610-Weekday-3-26-04-1111100',744,,131609,34,,,1,4,,131610,34,,,1,6,,131611,34,,,1
61201,'612-Weekday-1-26-04-1111100',755,,131628,52,,,1
61201,'612-Weekday-3-26-04-1111100',755,,131629,52,,,1
62601,'626-Weekday-1-26-04-1111100',745,,131739,41,,,1,2,,131740,41,,,1,8,,131741,41,,,1,3,,131742,41,,,1
62601,'626-Weekday-3-26-04-1111100',745,,131743,41,,,1,2,,131744,41,,,1,8,,131745,41,,,1,3,,131746,41,,,1
