10901,'109-Weekday-1-26-04-1111100',532,,120704,18,0,18 14,1,70,,120705,18,0,18 14,1,31,,120706,18,0,18 14,1,24,,120707,18,0,18 14,1,55,,120708,18,0,18 14,1,15,,120743,18,0,18 14,1,15,,120709,18,0,18 14,1,15,,120710,18,0,18 14,1,55,,120711,18,0,18 14,1,15,,120744,18,0,18 14,1,15,,120712,18,0,18 14,1,62,,120713,18,0,18 14,1,29,,120714,18,0,18 14,1,70,,120715,18,0,18 14,1,30,,120716,18,0,18 14,1,70,,120717,18,0,18 14,1,30,,120718,18,0,18 14,1,70,,120719,18,0,18 14,1,30,,120720,18,0,18 14,1,70,,120721,18,0,18 14,1,30,,120722,18,0,18 14,1,70,,120723,18,0,18 14,1,30,,120724,18,0,18 14,1,71,,120725,18,0,18 14,1,25,,120726,18,0,18 14,1,15,,120727,18,0,18 14,1,15,,120745,18,0,18 14,1,55,,120728,18,0,18 14,1,15,,120729,18,0,18 14,1,15,,120730,18,0,18 14,1,15,,120731,18,0,18 14,1,55,,120746,18,0,18 14,1,22,,120732,18,0,18 14,1,70,,120733,18,0,18 14,1,29,,120734,18,0,18 14,1,68,,120735,18,0,18 14,1,30,,120736,18,0,18 14,1,70,,120737,18,0,18 14,1,30,,120738,18,0,18 14,1,70,,120739,18,0,18 14,1,30,,120740,18,0,18 14,1,69,,120747,18,0,18 14,1,99,,120741,18,0,18 14,1,100,,120742,18,0,18 14,1
10901,'109-Weekday-2-26-04-1111100',532,,120748,18,0,18 14,1,70,,120749,18,0,18 14,1,31,,120750,18,0,18 14,1,24,,120751,18,0,18 14,1,55,,120752,18,0,18 14,1,15,,120787,18,0,18 14,1,15,,120753,18,0,18 14,1,15,,120754,18,0,18 14,1,55,,120755,18,0,18 14,1,15,,120788,18,0,18 14,1,15,,120756,18,0,18 14,1,62,,120757,18,0,18 14,1,29,,120758,18,0,18 14,1,70,,120759,18,0,18 14,1,30,,120760,18,0,18 14,1,70,,120761,18,0,18 14,1,30,,120762,18,0,18 14,1,70,,120763,18,0,18 14,1,30,,120764,18,0,18 14,1,70,,120765,18,0,18 14,1,30,,120766,18,0,18 14,1,70,,120767,18,0,18 14,1,30,,120768,18,0,18 14,1,71,,120769,18,0,18 14,1,25,,120770,18,0,18 14,1,15,,120771,18,0,18 14,1,15,,120789,18,0,18 14,1,55,,120772,18,0,18 14,1,15,,120773,18,0,18 14,1,15,,120774,18,0,18 14,1,15,,120775,18,0,18 14,1,55,,120790,18,0,18 14,1,22,,120776,18,0,18 14,1,70,,120777,18,0,18 14,1,29,,120778,18,0,18 14,1,68,,120779,18,0,18 14,1,30,,120780,18,0,18 14,1,70,,120781,18,0,18 14,1,30,,120782,18,0,18 14,1,70,,120783,18,0,18 14,1,30,,120784,18,0,18 14,1,69,,120791,18,0,18 14,1,99,,120785,18,0,18 14,1,100,,120786,18,0,18 14,1
10901,'109-Weekday-3-26-04-1111100',532,,120792,18,0,18 14,1,70,,120793,18,0,18 14,1,31,,120794,18,0,18 14,1,24,,120795,18,0,18 14,1,55,,120796,18,0,18 14,1,15,,120831,18,0,18 14,1,15,,120797,18,0,18 14,1,15,,120798,18,0,18 14,1,55,,120799,18,0,18 14,1,15,,120832,18,0,18 14,1,15,,120800,18,0,18 14,1,62,,120801,18,0,18 14,1,29,,120802,18,0,18 14,1,70,,120803,18,0,18 14,1,30,,120804,18,0,18 14,1,70,,120805,18,0,18 14,1,30,,120806,18,0,18 14,1,70,,120807,18,0,18 14,1,30,,120808,18,0,18 14,1,70,,120809,18,0,18 14,1,30,,120810,18,0,18 14,1,70,,120811,18,0,18 14,1,30,,120812,18,0,18 14,1,71,,120813,18,0,18 14,1,25,,120814,18,0,18 14,1,15,,120815,18,0,18 14,1,15,,120833,18,0,18 14,1,55,,120816,18,0,18 14,1,15,,120817,18,0,18 14,1,15,,120818,18,0,18 14,1,15,,120819,18,0,18 14,1,55,,120834,18,0,18 14,1,22,,120820,18,0,18 14,1,70,,120821,18,0,18 14,1,29,,120822,18,0,18 14,1,68,,120823,18,0,18 14,1,30,,120824,18,0,18 14,1,70,,120825,18,0,18 14,1,30,,120826,18,0,18 14,1,70,,120827,18,0,18 14,1,30,,120828,18,0,18 14,1,69,,120835,18,0,18 14,1,99,,120829,18,0,18 14,1,100,,120830,18,0,18 14,1
10901,'109-Saturday-1-26-04-0000010',824,,120836,18,0,18 14,1,30,,120837,18,0,18 14,1,70,,120838,18,0,18 14,1,30,,120839,18,0,18 14,1,70,,120840,18,0,18 14,1,30,,120841,18,0,18 14,1,70,,120842,18,0,18 14,1,30,,120843,18,0,18 14,1,70,,120844,18,0,18 14,1,30,,120845,18,0,18 14,1,70,,120846,18,0,18 14,1,30,,120847,18,0,18 14,1,70,,120848,18,0,18 14,1,30,,120849,18,0,18 14,1,70,,120850,18,0,18 14,1,30,,120851,18,0,18 14,1,70,,120852,18,0,18 14,1,30,,120853,18,0,18 14,1,70,,120854,18,0,18 14,1,30,,120855,18,0,18 14,1,70,,120856,18,0,18 14,1,30,,120857,18,0,18 14,1,70,,120858,18,0,18 14,1,30,,120859,18,0,18 14,1,70,,120860,18,0,18 14,1,30,,120861,18,0,18 14,1,70,,120862,18,0,18 14,1,30,,120863,18,0,18 14,1
10901,'109-Sunday-1-26-04-0000001',1034,,120864,18,0,18 14,1,70,,120865,18,0,18 14,1,30,,120866,18,0,18 14,1,70,,120867,18,0,18 14,1,30,,120868,18,0,18 14,1,70,,120869,18,0,18 14,1,30,,120870,18,0,18 14,1,70,,120871,18,0,18 14,1,30,,120872,18,0,18 14,1,70,,120873,18,0,18 14,1,30,,120874,18,0,18 14,1,70,,120875,18,0,18 14,1,30,,120876,18,0,18 14,1,70,,120877,18,0,18 14,1,30,,120878,18,0,18 14,1,70,,120879,18,0,18 14,1,30,,120880,18,0,18 14,1,70,,120881,18,0,18 14,1
61301,'613-Weekday-1-26-04-0001000',1243,,131638,23,,,1,5,,131639,23,,,1,203,,131640,23,,,1,5,,131641,23,,,1
61301,'613-Weekday-1-26-04-1110100',1541,,131642,23,,,1,5,,131643,23,,,1,5,,131644,23,,,1,5,,131645,23,,,1
61301,'613-Weekday-2-26-04-1110100',1551,,131646,23,,,1,5,,131647,23,,,1
61301,'613-Weekday-3-26-04-0001000',1243,,131648,23,,,1,5,,131649,23,,,1
61301,'613-Weekday-3-26-04-1110100',1541,,131650,23,,,1,5,,131651,23,,,1
61801,'618-Weekday-1-26-04-1111100',801,,131685,13,,,1
61801,'618-Weekday-3-26-04-1111100',801,,131686,13,,,1
68301,'683-Weekday-1-26-04-1111100',739,,132188,7,,,1,5,,132189,7,,,1,5,,132190,7,,,1
68301,'683-Weekday-2-26-04-1111100',739,,132191,7,,,1,5,,132192,7,,,1,5,,132193,7,,,1
68301,'683-Weekday-3-26-04-1111100',739,,132194,7,,,1,5,,132195,7,,,1
24015000,'150X-Weekday-1-26-04-1111100',1523,,148817,35,,,1,20,,148818,35,,,1,60,,148819,35,,,1,20,,148820,35,,,1,20,,148821,35,,,1,60,,148822,35,,,1,20,,148823,35,,,1,20,,148824,35,,,1,60,,148825,35,,,1,20,,148826,35,,,1
24015000,'150X-Weekday-2-26-04-1111100',1523,,148827,35,,,1,20,,148828,35,,,1,60,,148829,35,,,1,20,,148830,35,,,1,20,,148831,35,,,1,60,,148832,35,,,1,20,,148833,35,,,1,20,,148834,35,,,1,60,,148835,35,,,1,20,,148836,35,,,1
24015000,'150X-Weekday-3-26-04-1111100',1523,,148837,35,,,1,20,,148838,35,,,1,60,,148839,35,,,1,20,,148840,35,,,1,20,,148841,35,,,1,60,,148842,35,,,1,20,,148843,35,,,1,20,,148844,35,,,1,60,,148845,35,,,1,20,,148846,35,,,1
