12100,'121-Weekday-1-26-04-1110100',1535,,123703,19,0,49,1,80,,123704,19,0,49,1
12100,'121-Weekday-1-26-04-1111100',1519,,123756,19,0,49,1,20,,123757,19,0,49,1,20,,123758,19,0,49,1,60,,123759,19,0,49,1,20,,123760,19,0,49,1,20,,123761,19,0,49,1,60,,123762,19,0,49,1,20,,123763,19,0,49,1,20,,123764,19,0,49,1
12100,'121-Weekday-2-26-04-1110100',1535,,123765,19,0,49,1,80,,123766,19,0,49,1
12100,'121-Weekday-2-26-04-1111100',1519,,123818,19,0,49,1,20,,123819,19,0,49,1,20,,123820,19,0,49,1,60,,123821,19,0,49,1,20,,123822,19,0,49,1,20,,123823,19,0,49,1,60,,123824,19,0,49,1,20,,123825,19,0,49,1,20,,123826,19,0,49,1
12100,'121-Weekday-3-26-04-1110100',1535,,123827,19,0,49,1,80,,123828,19,0,49,1
12100,'121-Weekday-3-26-04-1111100',1519,,123880,19,0,49,1,20,,123881,19,0,49,1,20,,123882,19,0,49,1,60,,123883,19,0,49,1,20,,123884,19,0,49,1,20,,123885,19,0,49,1,60,,123886,19,0,49,1,20,,123887,19,0,49,1,20,,123888,19,0,49,1
12101,'121-Weekday-1-26-04-1111100',528,,123979,4,,,1,30,,124008,4,,,1,61,,124010,5,,,1,8,,123957,4,,,1,12,,124009,5,,,1,8,,123958,4,,,1,12,,124011,5,,,1,48,,123959,4,,,1,12,,124012,5,,,1,8,,123960,4,,,1,6,,124017,5,,,1,6,,124014,5,,,1,8,,123961,4,,,1,8,,124018,5,,,1,4,,124016,5,,,1,48,,123962,4,,,1,12,,124013,5,,,1,8,,123963,4,,,1,12,,124015,5,,,1,18,,123964,4,,,1,71,,123965,4,,,1,20,,123966,4,,,1,60,,123967,4,,,1,20,,123968,4,,,1,20,,123969,4,,,1,60,,123970,4,,,1,20,,123971,4,,,1,20,,123972,4,,,1,60,,123973,4,,,1,20,,123974,4,,,1,20,,123975,4,,,1,60,,123976,4,,,1,20,,123977,4,,,1,20,,123978,4,,,1,61,,123980,8,,,1,20,,123981,8,,,1,20,,123982,8,,,1,60,,123983,8,,,1,21,,123984,8,,,1,20,,123985,8,,,1,60,,123986,8,,,1,20,,123987,8,,,1,20,,123988,8,,,1,60,,123989,8,,,1,20,,123990,8,,,1,20,,123991,8,,,1,60,,123992,8,,,1,20,,123993,8,,,1,20,,124006,8,,,1,58,,123994,8,,,1,20,,123995,8,,,1,20,,123996,8,,,1,60,,123997,8,,,1,20,,123998,8,,,1,20,,123999,8,,,1,60,,124000,8,,,1,20,,124001,8,,,1,20,,124002,8,,,1,60,,124007,8,,,1,18,,124003,8,,,1,100,,124004,8,,,1,100,,124005,8,,,1
12101,'121-Weekday-2-26-04-1111100',528,,124041,4,,,1,30,,124070,4,,,1,61,,124072,5,,,1,8,,124019,4,,,1,12,,124071,5,,,1,8,,124020,4,,,1,12,,124073,5,,,1,48,,124021,4,,,1,12,,124074,5,,,1,8,,124022,4,,,1,6,,124079,5,,,1,6,,124076,5,,,1,8,,124023,4,,,1,8,,124080,5,,,1,4,,124078,5,,,1,48,,124024,4,,,1,12,,124075,5,,,1,8,,124025,4,,,1,12,,124077,5,,,1,18,,124026,4,,,1,71,,124027,4,,,1,20,,124028,4,,,1,60,,124029,4,,,1,20,,124030,4,,,1,20,,124031,4,,,1,60,,124032,4,,,1,20,,124033,4,,,1,20,,124034,4,,,1,60,,124035,4,,,1,20,,124036,4,,,1,20,,124037,4,,,1,60,,124038,4,,,1,20,,124039,4,,,1,20,,124040,4,,,1,61,,124042,8,,,1,20,,124043,8,,,1,20,,124044,8,,,1,60,,124045,8,,,1,21,,124046,8,,,1,20,,124047,8,,,1,60,,124048,8,,,1,20,,124049,8,,,1,20,,124050,8,,,1,60,,124051,8,,,1,20,,124052,8,,,1,20,,124053,8,,,1,60,,124054,8,,,1,20,,124055,8,,,1,20,,124068,8,,,1,58,,124056,8,,,1,20,,124057,8,,,1,20,,124058,8,,,1,60,,124059,8,,,1,20,,124060,8,,,1,20,,124061,8,,,1,60,,124062,8,,,1,20,,124063,8,,,1,20,,124064,8,,,1,60,,124069,8,,,1,18,,124065,8,,,1,100,,124066,8,,,1,100,,124067,8,,,1
12101,'121-Weekday-3-26-04-1111100',528,,124103,4,,,1,30,,124132,4,,,1,61,,124134,5,,,1,8,,124081,4,,,1,12,,124133,5,,,1,8,,124082,4,,,1,12,,124135,5,,,1,48,,124083,4,,,1,12,,124136,5,,,1,8,,124084,4,,,1,6,,124141,5,,,1,6,,124138,5,,,1,8,,124085,4,,,1,8,,124142,5,,,1,4,,124140,5,,,1,48,,124086,4,,,1,12,,124137,5,,,1,8,,124087,4,,,1,12,,124139,5,,,1,18,,124088,4,,,1,71,,124089,4,,,1,20,,124090,4,,,1,60,,124091,4,,,1,20,,124092,4,,,1,20,,124093,4,,,1,60,,124094,4,,,1,20,,124095,4,,,1,20,,124096,4,,,1,60,,124097,4,,,1,20,,124098,4,,,1,20,,124099,4,,,1,60,,124100,4,,,1,20,,124101,4,,,1,20,,124102,4,,,1,61,,124104,8,,,1,20,,124105,8,,,1,20,,124106,8,,,1,60,,124107,8,,,1,21,,124108,8,,,1,20,,124109,8,,,1,60,,124110,8,,,1,20,,124111,8,,,1,20,,124112,8,,,1,60,,124113,8,,,1,20,,124114,8,,,1,20,,124115,8,,,1,60,,124116,8,,,1,20,,124117,8,,,1,20,,124130,8,,,1,58,,124118,8,,,1,20,,124119,8,,,1,20,,124120,8,,,1,60,,124121,8,,,1,20,,124122,8,,,1,20,,124123,8,,,1,60,,124124,8,,,1,20,,124125,8,,,1,20,,124126,8,,,1,60,,124131,8,,,1,18,,124127,8,,,1,100,,124128,8,,,1,100,,124129,8,,,1
12101,'121-Saturday-1-26-04-0000010',628,,124143,4,,,1,100,,124144,4,,,1,100,,124145,4,,,1,20,,124147,4,,,1,60,,124173,4,,,1,21,,124148,4,,,1,20,,124149,4,,,1,60,,124174,4,,,1,20,,124150,4,,,1,20,,124151,4,,,1,60,,124175,4,,,1,20,,124152,4,,,1,20,,124153,4,,,1,60,,124176,4,,,1,20,,124155,4,,,1,20,,124156,4,,,1,60,,124177,4,,,1,20,,124157,4,,,1,20,,124154,4,,,1,60,,124178,4,,,1,21,,124158,8,,,1,20,,124159,8,,,1,60,,124179,8,,,1,20,,124160,8,,,1,20,,124161,8,,,1,60,,124180,8,,,1,20,,124162,8,,,1,20,,124163,8,,,1,60,,124181,8,,,1,20,,124164,8,,,1,20,,124165,8,,,1,60,,124182,8,,,1,20,,124166,8,,,1,20,,124167,8,,,1,60,,124183,8,,,1,20,,124168,8,,,1,100,,124169,8,,,1,100,,124170,8,,,1,100,,124171,8,,,1,100,,124146,8,,,1,100,,124172,8,,,1
12101,'121-Sunday-1-26-04-0000001',627,,124184,4,,,1,100,,124185,4,,,1,100,,124186,4,,,1,102,,124187,4,,,1,100,,124188,4,,,1,30,,124189,4,,,1,70,,124190,4,,,1,30,,124191,4,,,1,70,,124192,4,,,1,30,,124194,4,,,1,70,,124195,4,,,1,30,,124196,4,,,1,70,,124193,8,,,1,30,,124197,8,,,1,70,,124198,8,,,1,30,,124199,8,,,1,70,,124200,8,,,1,30,,124201,8,,,1,68,,124202,8,,,1,30,,124203,8,,,1,70,,124204,8,,,1,30,,124205,8,,,1,70,,124206,8,,,1,100,,124207,8,,,1,100,,124208,8,,,1,100,,124209,8,,,1,100,,124210,8,,,1
