92401,'924-Weekday-1-26-02-1111100',704,,99977,27,,,1,30,,99978,27,,,1,70,,99987,27,,,1,30,,99986,27,,,1,70,,99988,27,,,1,100,,99979,27,,,1,100,,99983,27,,,1,100,,99982,27,,,1,100,,99974,27,,,1,100,,99981,27,,,1,100,,99976,27,,,1,100,,99973,27,,,1,30,,99972,27,,,1,70,,99980,27,,,1,30,,99975,27,,,1,70,,99985,27,,,1,30,,99984,27,,,1
92401,'924-Weekday-10-26-02-1111100',704,,99994,27,,,1,30,,99995,27,,,1,70,,100004,27,,,1,30,,100003,27,,,1,70,,100005,27,,,1,100,,99996,27,,,1,100,,100000,27,,,1,100,,99999,27,,,1,100,,99991,27,,,1,100,,99998,27,,,1,100,,99993,27,,,1,100,,99990,27,,,1,30,,99989,27,,,1,70,,99997,27,,,1,30,,99992,27,,,1,70,,100002,27,,,1,30,,100001,27,,,1
92401,'924-Weekday-2-26-02-1111100',704,,100011,27,,,1,30,,100012,27,,,1,70,,100021,27,,,1,30,,100020,27,,,1,70,,100022,27,,,1,100,,100013,27,,,1,100,,100017,27,,,1,100,,100016,27,,,1,100,,100008,27,,,1,100,,100015,27,,,1,100,,100010,27,,,1,100,,100007,27,,,1,30,,100006,27,,,1,70,,100014,27,,,1,30,,100009,27,,,1,70,,100019,27,,,1,30,,100018,27,,,1
92401,'924-Weekday-4-26-02-1111100',704,,100028,27,,,1,30,,100029,27,,,1,70,,100038,27,,,1,30,,100037,27,,,1,70,,100039,27,,,1,100,,100030,27,,,1,100,,100034,27,,,1,100,,100033,27,,,1,100,,100025,27,,,1,100,,100032,27,,,1,100,,100027,27,,,1,100,,100024,27,,,1,30,,100023,27,,,1,70,,100031,27,,,1,30,,100026,27,,,1,70,,100036,27,,,1,30,,100035,27,,,1
92401,'924-Weekday-5-26-02-1111100',704,,100045,27,,,1,30,,100046,27,,,1,70,,100055,27,,,1,30,,100054,27,,,1,70,,100056,27,,,1,100,,100047,27,,,1,100,,100051,27,,,1,100,,100050,27,,,1,100,,100042,27,,,1,100,,100049,27,,,1,100,,100044,27,,,1,100,,100041,27,,,1,30,,100040,27,,,1,70,,100048,27,,,1,30,,100043,27,,,1,70,,100053,27,,,1,30,,100052,27,,,1
92401,'924-Weekday-6-26-02-1111100',704,,100062,27,,,1,30,,100063,27,,,1,70,,100072,27,,,1,30,,100071,27,,,1,70,,100073,27,,,1,100,,100064,27,,,1,100,,100068,27,,,1,100,,100067,27,,,1,100,,100059,27,,,1,100,,100066,27,,,1,100,,100061,27,,,1,100,,100058,27,,,1,30,,100057,27,,,1,70,,100065,27,,,1,30,,100060,27,,,1,70,,100070,27,,,1,30,,100069,27,,,1
92401,'924-Weekday-7-26-02-1111100',704,,100079,27,,,1,30,,100080,27,,,1,70,,100089,27,,,1,30,,100088,27,,,1,70,,100090,27,,,1,100,,100081,27,,,1,100,,100085,27,,,1,100,,100084,27,,,1,100,,100076,27,,,1,100,,100083,27,,,1,100,,100078,27,,,1,100,,100075,27,,,1,30,,100074,27,,,1,70,,100082,27,,,1,30,,100077,27,,,1,70,,100087,27,,,1,30,,100086,27,,,1
92401,'924-Weekday-8-26-02-1111100',704,,100096,27,,,1,30,,100097,27,,,1,70,,100106,27,,,1,30,,100105,27,,,1,70,,100107,27,,,1,100,,100098,27,,,1,100,,100102,27,,,1,100,,100101,27,,,1,100,,100093,27,,,1,100,,100100,27,,,1,100,,100095,27,,,1,100,,100092,27,,,1,30,,100091,27,,,1,70,,100099,27,,,1,30,,100094,27,,,1,70,,100104,27,,,1,30,,100103,27,,,1
92401,'924-Weekday-9-26-02-1111100',704,,100113,27,,,1,30,,100114,27,,,1,70,,100123,27,,,1,30,,100122,27,,,1,70,,100124,27,,,1,100,,100115,27,,,1,100,,100119,27,,,1,100,,100118,27,,,1,100,,100110,27,,,1,100,,100117,27,,,1,100,,100112,27,,,1,100,,100109,27,,,1,30,,100108,27,,,1,70,,100116,27,,,1,30,,100111,27,,,1,70,,100121,27,,,1,30,,100120,27,,,1
92401,'924-Saturday-1-26-02-0000010',834,,100125,27,,,1,100,,100126,27,,,1,100,,100127,27,,,1,100,,100128,27,,,1,100,,100129,27,,,1,100,,100130,27,,,1,100,,100131,27,,,1,100,,100132,27,,,1,100,,100133,27,,,1,100,,100134,27,,,1,100,,100135,27,,,1
92401,'924-Sunday-1-26-02-0000001',1034,,100136,27,,,1,100,,100137,27,,,1,100,,100138,27,,,1,100,,100139,27,,,1,100,,100140,27,,,1,100,,100141,27,,,1,100,,100142,27,,,1,100,,100143,27,,,1,100,,100144,27,,,1
