10801,'108-Weekday-1-26-02-0001000',1427,,32380,23,,,1
10801,'108-Weekday-1-26-02-1110100',1521,,32381,23,,,1
10801,'108-Weekday-1-26-02-1111100',551,,32385,23,,,1,60,,32382,23,,,1,20,,32384,23,,,1,21,,32383,23,,,1,53,,32386,23,,,1,10,,32387,23,,,1,10,,32388,23,,,1,10,,32389,23,,,1,10,,32390,23,,,1,10,,32391,23,,,1,50,,32392,23,,,1,10,,32393,23,,,1,10,,32394,23,,,1,10,,32395,23,,,1,10,,32396,23,,,1,10,,32397,23,,,1,61,,32398,23,,,1,20,,32399,23,,,1,20,,32400,23,,,1,60,,32401,23,,,1,20,,32402,23,,,1,20,,32403,23,,,1,60,,32404,23,,,1,20,,32405,23,,,1,20,,32406,23,,,1,60,,32407,23,,,1,20,,32408,23,,,1,20,,32409,23,,,1,60,,32410,23,,,1,20,,32411,23,,,1,20,,32412,23,,,1,60,,32413,23,,,1,20,,32414,23,,,1,20,,32415,23,,,1,51,,32416,23,,,1,10,,32417,23,,,1,10,,32418,23,,,1,10,,32419,23,,,1,10,,32420,23,,,1,10,,32421,23,,,1,50,,32422,23,,,1,10,,32423,23,,,1,10,,32424,23,,,1,10,,32425,23,,,1,10,,32426,23,,,1,10,,32427,23,,,1,50,,32428,23,,,1,10,,32429,23,,,1,10,,32430,23,,,1,10,,32431,23,,,1,10,,32432,23,,,1,10,,32433,23,,,1,50,,32434,23,,,1,20,,32435,23,,,1,18,,32436,23,,,1,60,,32437,23,,,1,20,,32438,23,,,1,20,,32439,23,,,1,60,,32440,23,,,1,20,,32441,23,,,1,20,,32442,23,,,1,60,,32443,23,,,1,20,,32444,23,,,1,20,,32445,23,,,1,64,,32450,23,,,1,30,,32446,23,,,1,70,,32447,23,,,1,30,,32448,23,,,1,70,,32449,23,,,1
10801,'108-Weekday-10-26-02-0001000',1427,,32451,23,,,1
10801,'108-Weekday-10-26-02-1111100',551,,32455,23,,,1,60,,32452,23,,,1,20,,32454,23,,,1,21,,32453,23,,,1,53,,32456,23,,,1,10,,32457,23,,,1,10,,32458,23,,,1,10,,32459,23,,,1,10,,32460,23,,,1,10,,32461,23,,,1,50,,32462,23,,,1,10,,32463,23,,,1,10,,32464,23,,,1,10,,32465,23,,,1,10,,32466,23,,,1,10,,32467,23,,,1,61,,32468,23,,,1,20,,32469,23,,,1,20,,32470,23,,,1,60,,32471,23,,,1,20,,32472,23,,,1,20,,32473,23,,,1,60,,32474,23,,,1,20,,32475,23,,,1,20,,32476,23,,,1,60,,32477,23,,,1,20,,32478,23,,,1,20,,32479,23,,,1,60,,32480,23,,,1,20,,32481,23,,,1,20,,32482,23,,,1,60,,32483,23,,,1,20,,32484,23,,,1,20,,32485,23,,,1,51,,32486,23,,,1,10,,32487,23,,,1,10,,32488,23,,,1,10,,32489,23,,,1,10,,32490,23,,,1,10,,32491,23,,,1,50,,32492,23,,,1,10,,32493,23,,,1,10,,32494,23,,,1,10,,32495,23,,,1,10,,32496,23,,,1,10,,32497,23,,,1,50,,32498,23,,,1,10,,32499,23,,,1,10,,32500,23,,,1,10,,32501,23,,,1,10,,32502,23,,,1,10,,32503,23,,,1,50,,32504,23,,,1,20,,32505,23,,,1,18,,32506,23,,,1,60,,32507,23,,,1,20,,32508,23,,,1,20,,32509,23,,,1,60,,32510,23,,,1,20,,32511,23,,,1,20,,32512,23,,,1,60,,32513,23,,,1,20,,32514,23,,,1,20,,32515,23,,,1,64,,32520,23,,,1,30,,32516,23,,,1,70,,32517,23,,,1,30,,32518,23,,,1,70,,32519,23,,,1
10801,'108-Weekday-2-26-02-0001000',1427,,32521,23,,,1
10801,'108-Weekday-2-26-02-1110100',1521,,32522,23,,,1
10801,'108-Weekday-2-26-02-1111100',551,,32526,23,,,1,60,,32523,23,,,1,20,,32525,23,,,1,21,,32524,23,,,1,53,,32527,23,,,1,10,,32528,23,,,1,10,,32529,23,,,1,10,,32530,23,,,1,10,,32531,23,,,1,10,,32532,23,,,1,50,,32533,23,,,1,10,,32534,23,,,1,10,,32535,23,,,1,10,,32536,23,,,1,10,,32537,23,,,1,10,,32538,23,,,1,61,,32539,23,,,1,20,,32540,23,,,1,20,,32541,23,,,1,60,,32542,23,,,1,20,,32543,23,,,1,20,,32544,23,,,1,60,,32545,23,,,1,20,,32546,23,,,1,20,,32547,23,,,1,60,,32548,23,,,1,20,,32549,23,,,1,20,,32550,23,,,1,60,,32551,23,,,1,20,,32552,23,,,1,20,,32553,23,,,1,60,,32554,23,,,1,20,,32555,23,,,1,20,,32556,23,,,1,51,,32557,23,,,1,10,,32558,23,,,1,10,,32559,23,,,1,10,,32560,23,,,1,10,,32561,23,,,1,10,,32562,23,,,1,50,,32563,23,,,1,10,,32564,23,,,1,10,,32565,23,,,1,10,,32566,23,,,1,10,,32567,23,,,1,10,,32568,23,,,1,50,,32569,23,,,1,10,,32570,23,,,1,10,,32571,23,,,1,10,,32572,23,,,1,10,,32573,23,,,1,10,,32574,23,,,1,50,,32575,23,,,1,20,,32576,23,,,1,18,,32577,23,,,1,60,,32578,23,,,1,20,,32579,23,,,1,20,,32580,23,,,1,60,,32581,23,,,1,20,,32582,23,,,1,20,,32583,23,,,1,60,,32584,23,,,1,20,,32585,23,,,1,20,,32586,23,,,1,64,,32591,23,,,1,30,,32587,23,,,1,70,,32588,23,,,1,30,,32589,23,,,1,70,,32590,23,,,1
10801,'108-Weekday-4-26-02-1111100',551,,32595,23,,,1,60,,32592,23,,,1,20,,32594,23,,,1,21,,32593,23,,,1,53,,32596,23,,,1,10,,32597,23,,,1,10,,32598,23,,,1,10,,32599,23,,,1,10,,32600,23,,,1,10,,32601,23,,,1,50,,32602,23,,,1,10,,32603,23,,,1,10,,32604,23,,,1,10,,32605,23,,,1,10,,32606,23,,,1,10,,32607,23,,,1,61,,32608,23,,,1,20,,32609,23,,,1,20,,32610,23,,,1,60,,32611,23,,,1,20,,32612,23,,,1,20,,32613,23,,,1,60,,32614,23,,,1,20,,32615,23,,,1,20,,32616,23,,,1,60,,32617,23,,,1,20,,32618,23,,,1,20,,32619,23,,,1,60,,32620,23,,,1,20,,32621,23,,,1,20,,32622,23,,,1,60,,32623,23,,,1,20,,32624,23,,,1,20,,32625,23,,,1,51,,32626,23,,,1,10,,32627,23,,,1,10,,32628,23,,,1,10,,32629,23,,,1,10,,32630,23,,,1,10,,32631,23,,,1,50,,32632,23,,,1,10,,32633,23,,,1,10,,32634,23,,,1,10,,32635,23,,,1,10,,32636,23,,,1,10,,32637,23,,,1,50,,32638,23,,,1,10,,32639,23,,,1,10,,32640,23,,,1,10,,32641,23,,,1,10,,32642,23,,,1,10,,32643,23,,,1,50,,32644,23,,,1,20,,32645,23,,,1,18,,32646,23,,,1,60,,32647,23,,,1,20,,32648,23,,,1,20,,32649,23,,,1,60,,32650,23,,,1,20,,32651,23,,,1,20,,32652,23,,,1,60,,32653,23,,,1,20,,32654,23,,,1,20,,32655,23,,,1,64,,32660,23,,,1,30,,32656,23,,,1,70,,32657,23,,,1,30,,32658,23,,,1,70,,32659,23,,,1
10801,'108-Weekday-5-26-02-0001000',1427,,32661,23,,,1
10801,'108-Weekday-5-26-02-1110100',1521,,32662,23,,,1
10801,'108-Weekday-5-26-02-1111100',551,,32666,23,,,1,60,,32663,23,,,1,20,,32665,23,,,1,21,,32664,23,,,1,53,,32667,23,,,1,10,,32668,23,,,1,10,,32669,23,,,1,10,,32670,23,,,1,10,,32671,23,,,1,10,,32672,23,,,1,50,,32673,23,,,1,10,,32674,23,,,1,10,,32675,23,,,1,10,,32676,23,,,1,10,,32677,23,,,1,10,,32678,23,,,1,61,,32679,23,,,1,20,,32680,23,,,1,20,,32681,23,,,1,60,,32682,23,,,1,20,,32683,23,,,1,20,,32684,23,,,1,60,,32685,23,,,1,20,,32686,23,,,1,20,,32687,23,,,1,60,,32688,23,,,1,20,,32689,23,,,1,20,,32690,23,,,1,60,,32691,23,,,1,20,,32692,23,,,1,20,,32693,23,,,1,60,,32694,23,,,1,20,,32695,23,,,1,20,,32696,23,,,1,51,,32697,23,,,1,10,,32698,23,,,1,10,,32699,23,,,1,10,,32700,23,,,1,10,,32701,23,,,1,10,,32702,23,,,1,50,,32703,23,,,1,10,,32704,23,,,1,10,,32705,23,,,1,10,,32706,23,,,1,10,,32707,23,,,1,10,,32708,23,,,1,50,,32709,23,,,1,10,,32710,23,,,1,10,,32711,23,,,1,10,,32712,23,,,1,10,,32713,23,,,1,10,,32714,23,,,1,50,,32715,23,,,1,20,,32716,23,,,1,18,,32717,23,,,1,60,,32718,23,,,1,20,,32719,23,,,1,20,,32720,23,,,1,60,,32721,23,,,1,20,,32722,23,,,1,20,,32723,23,,,1,60,,32724,23,,,1,20,,32725,23,,,1,20,,32726,23,,,1,64,,32731,23,,,1,30,,32727,23,,,1,70,,32728,23,,,1,30,,32729,23,,,1,70,,32730,23,,,1
10801,'108-Weekday-6-26-02-1111100',551,,32735,23,,,1,60,,32732,23,,,1,20,,32734,23,,,1,21,,32733,23,,,1,53,,32736,23,,,1,10,,32737,23,,,1,10,,32738,23,,,1,10,,32739,23,,,1,10,,32740,23,,,1,10,,32741,23,,,1,50,,32742,23,,,1,10,,32743,23,,,1,10,,32744,23,,,1,10,,32745,23,,,1,10,,32746,23,,,1,10,,32747,23,,,1,61,,32748,23,,,1,20,,32749,23,,,1,20,,32750,23,,,1,60,,32751,23,,,1,20,,32752,23,,,1,20,,32753,23,,,1,60,,32754,23,,,1,20,,32755,23,,,1,20,,32756,23,,,1,60,,32757,23,,,1,20,,32758,23,,,1,20,,32759,23,,,1,60,,32760,23,,,1,20,,32761,23,,,1,20,,32762,23,,,1,60,,32763,23,,,1,20,,32764,23,,,1,20,,32765,23,,,1,51,,32766,23,,,1,10,,32767,23,,,1,10,,32768,23,,,1,10,,32769,23,,,1,10,,32770,23,,,1,10,,32771,23,,,1,50,,32772,23,,,1,10,,32773,23,,,1,10,,32774,23,,,1,10,,32775,23,,,1,10,,32776,23,,,1,10,,32777,23,,,1,50,,32778,23,,,1,10,,32779,23,,,1,10,,32780,23,,,1,10,,32781,23,,,1,10,,32782,23,,,1,10,,32783,23,,,1,50,,32784,23,,,1,20,,32785,23,,,1,18,,32786,23,,,1,60,,32787,23,,,1,20,,32788,23,,,1,20,,32789,23,,,1,60,,32790,23,,,1,20,,32791,23,,,1,20,,32792,23,,,1,60,,32793,23,,,1,20,,32794,23,,,1,20,,32795,23,,,1,64,,32800,23,,,1,30,,32796,23,,,1,70,,32797,23,,,1,30,,32798,23,,,1,70,,32799,23,,,1
10801,'108-Weekday-7-26-02-1111100',551,,32804,23,,,1,60,,32801,23,,,1,20,,32803,23,,,1,21,,32802,23,,,1,53,,32805,23,,,1,10,,32806,23,,,1,10,,32807,23,,,1,10,,32808,23,,,1,10,,32809,23,,,1,10,,32810,23,,,1,50,,32811,23,,,1,10,,32812,23,,,1,10,,32813,23,,,1,10,,32814,23,,,1,10,,32815,23,,,1,10,,32816,23,,,1,61,,32817,23,,,1,20,,32818,23,,,1,20,,32819,23,,,1,60,,32820,23,,,1,20,,32821,23,,,1,20,,32822,23,,,1,60,,32823,23,,,1,20,,32824,23,,,1,20,,32825,23,,,1,60,,32826,23,,,1,20,,32827,23,,,1,20,,32828,23,,,1,60,,32829,23,,,1,20,,32830,23,,,1,20,,32831,23,,,1,60,,32832,23,,,1,20,,32833,23,,,1,20,,32834,23,,,1,51,,32835,23,,,1,10,,32836,23,,,1,10,,32837,23,,,1,10,,32838,23,,,1,10,,32839,23,,,1,10,,32840,23,,,1,50,,32841,23,,,1,10,,32842,23,,,1,10,,32843,23,,,1,10,,32844,23,,,1,10,,32845,23,,,1,10,,32846,23,,,1,50,,32847,23,,,1,10,,32848,23,,,1,10,,32849,23,,,1,10,,32850,23,,,1,10,,32851,23,,,1,10,,32852,23,,,1,50,,32853,23,,,1,20,,32854,23,,,1,18,,32855,23,,,1,60,,32856,23,,,1,20,,32857,23,,,1,20,,32858,23,,,1,60,,32859,23,,,1,20,,32860,23,,,1,20,,32861,23,,,1,60,,32862,23,,,1,20,,32863,23,,,1,20,,32864,23,,,1,64,,32869,23,,,1,30,,32865,23,,,1,70,,32866,23,,,1,30,,32867,23,,,1,70,,32868,23,,,1
10801,'108-Weekday-8-26-02-1111100',551,,32873,23,,,1,60,,32870,23,,,1,20,,32872,23,,,1,21,,32871,23,,,1,53,,32874,23,,,1,10,,32875,23,,,1,10,,32876,23,,,1,10,,32877,23,,,1,10,,32878,23,,,1,10,,32879,23,,,1,50,,32880,23,,,1,10,,32881,23,,,1,10,,32882,23,,,1,10,,32883,23,,,1,10,,32884,23,,,1,10,,32885,23,,,1,61,,32886,23,,,1,20,,32887,23,,,1,20,,32888,23,,,1,60,,32889,23,,,1,20,,32890,23,,,1,20,,32891,23,,,1,60,,32892,23,,,1,20,,32893,23,,,1,20,,32894,23,,,1,60,,32895,23,,,1,20,,32896,23,,,1,20,,32897,23,,,1,60,,32898,23,,,1,20,,32899,23,,,1,20,,32900,23,,,1,60,,32901,23,,,1,20,,32902,23,,,1,20,,32903,23,,,1,51,,32904,23,,,1,10,,32905,23,,,1,10,,32906,23,,,1,10,,32907,23,,,1,10,,32908,23,,,1,10,,32909,23,,,1,50,,32910,23,,,1,10,,32911,23,,,1,10,,32912,23,,,1,10,,32913,23,,,1,10,,32914,23,,,1,10,,32915,23,,,1,50,,32916,23,,,1,10,,32917,23,,,1,10,,32918,23,,,1,10,,32919,23,,,1,10,,32920,23,,,1,10,,32921,23,,,1,50,,32922,23,,,1,20,,32923,23,,,1,18,,32924,23,,,1,60,,32925,23,,,1,20,,32926,23,,,1,20,,32927,23,,,1,60,,32928,23,,,1,20,,32929,23,,,1,20,,32930,23,,,1,60,,32931,23,,,1,20,,32932,23,,,1,20,,32933,23,,,1,64,,32938,23,,,1,30,,32934,23,,,1,70,,32935,23,,,1,30,,32936,23,,,1,70,,32937,23,,,1
10801,'108-Weekday-9-26-02-1110100',1521,,32939,23,,,1
10801,'108-Weekday-9-26-02-1111100',551,,32943,23,,,1,60,,32940,23,,,1,20,,32942,23,,,1,21,,32941,23,,,1,53,,32944,23,,,1,10,,32945,23,,,1,10,,32946,23,,,1,10,,32947,23,,,1,10,,32948,23,,,1,10,,32949,23,,,1,50,,32950,23,,,1,10,,32951,23,,,1,10,,32952,23,,,1,10,,32953,23,,,1,10,,32954,23,,,1,10,,32955,23,,,1,61,,32956,23,,,1,20,,32957,23,,,1,20,,32958,23,,,1,60,,32959,23,,,1,20,,32960,23,,,1,20,,32961,23,,,1,60,,32962,23,,,1,20,,32963,23,,,1,20,,32964,23,,,1,60,,32965,23,,,1,20,,32966,23,,,1,20,,32967,23,,,1,60,,32968,23,,,1,20,,32969,23,,,1,20,,32970,23,,,1,60,,32971,23,,,1,20,,32972,23,,,1,20,,32973,23,,,1,51,,32974,23,,,1,10,,32975,23,,,1,10,,32976,23,,,1,10,,32977,23,,,1,10,,32978,23,,,1,10,,32979,23,,,1,50,,32980,23,,,1,10,,32981,23,,,1,10,,32982,23,,,1,10,,32983,23,,,1,10,,32984,23,,,1,10,,32985,23,,,1,50,,32986,23,,,1,10,,32987,23,,,1,10,,32988,23,,,1,10,,32989,23,,,1,10,,32990,23,,,1,10,,32991,23,,,1,50,,32992,23,,,1,20,,32993,23,,,1,18,,32994,23,,,1,60,,32995,23,,,1,20,,32996,23,,,1,20,,32997,23,,,1,60,,32998,23,,,1,20,,32999,23,,,1,20,,33000,23,,,1,60,,33001,23,,,1,20,,33002,23,,,1,20,,33003,23,,,1,64,,33008,23,,,1,30,,33004,23,,,1,70,,33005,23,,,1,30,,33006,23,,,1,70,,33007,23,,,1
10801,'108-Saturday-1-26-02-0000010',545,,33009,23,,,1,70,,33010,23,,,1,30,,33011,23,,,1,70,,33012,23,,,1,30,,33013,23,,,1,70,,33014,23,,,1,30,,33015,23,,,1,69,,33016,23,,,1,30,,33017,23,,,1,70,,33018,23,,,1,30,,33019,23,,,1,70,,33020,23,,,1,30,,33021,23,,,1,70,,33022,23,,,1,30,,33023,23,,,1,70,,33024,23,,,1,30,,33025,23,,,1,70,,33026,23,,,1,30,,33027,23,,,1,70,,33028,23,,,1,30,,33029,23,,,1,70,,33030,23,,,1,30,,33031,23,,,1,71,,33032,23,,,1,30,,33033,23,,,1,70,,33034,23,,,1,30,,33035,23,,,1,70,,33045,23,,,1,30,,33036,23,,,1,70,,33037,23,,,1,30,,33038,23,,,1,70,,33039,23,,,1,30,,33040,23,,,1,70,,33041,23,,,1,30,,33042,23,,,1,70,,33043,23,,,1,30,,33044,23,,,1
10801,'108-Sunday-1-26-02-0000001',601,,33046,23,,,1,30,,33047,23,,,1,70,,33048,23,,,1,30,,33049,23,,,1,70,,33050,23,,,1,29,,33051,23,,,1,72,,33052,23,,,1,30,,33053,23,,,1,70,,33054,23,,,1,30,,33055,23,,,1,70,,33056,23,,,1,30,,33057,23,,,1,70,,33058,23,,,1,30,,33059,23,,,1,70,,33060,23,,,1,30,,33061,23,,,1,70,,33062,23,,,1,30,,33063,23,,,1,70,,33064,23,,,1,30,,33065,23,,,1,70,,33066,23,,,1,30,,33067,23,,,1,68,,33068,23,,,1,30,,33069,23,,,1,70,,33070,23,,,1,30,,33071,23,,,1,70,,33072,23,,,1,30,,33073,23,,,1,70,,33074,23,,,1,30,,33075,23,,,1,70,,33076,23,,,1,30,,33077,23,,,1,70,,33078,23,,,1,30,,33079,23,,,1,70,,33080,23,,,1,30,,33081,23,,,1,70,,33082,23,,,1
62701,'627-Weekday-1-26-02-1111100',839,,60898,21,,,1
62701,'627-Weekday-2-26-02-1111100',839,,60899,21,,,1
62701,'627-Weekday-4-26-02-1111100',839,,60900,21,,,1
62701,'627-Weekday-5-26-02-1111100',839,,60901,21,,,1
62701,'627-Weekday-9-26-02-1111100',839,,60902,21,,,1
