201,'002-Weekday-1-26-06-1111100',2514,,161526,10,0,28 41 7 42,1,30,,161527,10,0,28 41 7 42,1,70,,161528,10,0,28 41 7 42,1,30,,161529,10,0,28 41 7 42,1
201,'002-Weekday-2-26-06-1111100',2514,,189069,10,0,28 41 7 42,1,30,,189070,10,0,28 41 7 42,1,70,,189071,10,0,28 41 7 42,1,30,,189072,10,0,28 41 7 42,1
201,'002-Saturday-1-26-06-0000010',2414,,161609,10,0,28 41 7 42,1,30,,161603,10,0,28 41 7 42,1,70,,161604,10,0,28 41 7 42,1,30,,161601,10,0,28 41 7 42,1,70,,161605,10,0,28 41 7 42,1,30,,161606,10,0,28 41 7 42,1
201,'002-Sunday-1-26-06-0000001',2413,,161677,10,0,28 41 7 42,1,30,,161678,10,0,28 41 7 42,1,70,,161679,10,0,28 41 7 42,1,30,,161680,10,0,28 41 7 42,1,70,,161681,10,0,28 41 7 42,1,30,,161682,10,0,28 41 7 42,1
201,'002-Sunday-2-26-06-0000001',2413,,189142,10,0,28 41 7 42,1,30,,189143,10,0,28 41 7 42,1,70,,189144,10,0,28 41 7 42,1,30,,189145,10,0,28 41 7 42,1,70,,189146,10,0,28 41 7 42,1,30,,189147,10,0,28 41 7 42,1
5301,'053-Weekday-1-26-06-1111100',541,,167325,10,,,1,70,,167326,10,,,1,32,,167357,10,,,1,15,,167327,10,,,1,55,,167328,10,,,1,15,,167355,10,,,1,15,,167329,10,,,1,15,,167365,10,,,1,55,,167366,10,,,1,15,,167360,10,,,1,15,,167364,10,,,1,70,,167356,10,,,1,30,,167330,10,,,1,70,,167331,10,,,1,30,,167332,10,,,1,70,,167333,10,,,1,30,,167334,10,,,1,70,,167335,10,,,1,30,,167336,10,,,1,70,,167337,10,,,1,30,,167338,10,,,1,70,,167339,10,,,1,30,,167340,10,,,1,15,,167370,10,,,1,56,,167341,10,,,1,15,,167342,10,,,1,15,,167343,10,,,1,15,,167358,10,,,1,55,,167344,10,,,1,15,,167345,10,,,1,15,,167359,10,,,1,15,,167346,10,,,1,55,,167361,10,,,1,15,,167367,10,,,1,15,,167368,10,,,1,70,,167369,10,,,1,29,,167362,10,,,1,70,,167347,10,,,1,30,,167348,10,,,1,70,,167349,10,,,1,30,,167350,10,,,1,70,,167351,10,,,1,30,,167352,10,,,1,69,,167353,10,,,1,100,,167354,10,,,1,100,,167363,10,,,1
5301,'053-Weekday-2-26-06-1111100',541,,167371,10,,,1,70,,167372,10,,,1,32,,167403,10,,,1,15,,167373,10,,,1,55,,167374,10,,,1,15,,167401,10,,,1,15,,167375,10,,,1,15,,167411,10,,,1,55,,167412,10,,,1,15,,167406,10,,,1,15,,167410,10,,,1,70,,167402,10,,,1,30,,167376,10,,,1,70,,167377,10,,,1,30,,167378,10,,,1,70,,167379,10,,,1,30,,167380,10,,,1,70,,167381,10,,,1,30,,167382,10,,,1,70,,167383,10,,,1,30,,167384,10,,,1,70,,167385,10,,,1,30,,167386,10,,,1,15,,167416,10,,,1,56,,167387,10,,,1,15,,167388,10,,,1,15,,167389,10,,,1,15,,167404,10,,,1,55,,167390,10,,,1,15,,167391,10,,,1,15,,167405,10,,,1,15,,167392,10,,,1,55,,167407,10,,,1,15,,167413,10,,,1,15,,167414,10,,,1,70,,167415,10,,,1,29,,167408,10,,,1,70,,167393,10,,,1,30,,167394,10,,,1,70,,167395,10,,,1,30,,167396,10,,,1,70,,167397,10,,,1,30,,167398,10,,,1,69,,167399,10,,,1,100,,167400,10,,,1,100,,167409,10,,,1
5301,'053-Weekday-3-26-06-1111100',541,,191747,10,,,1,70,,191748,10,,,1,32,,191779,10,,,1,15,,191749,10,,,1,55,,191750,10,,,1,15,,191777,10,,,1,15,,191751,10,,,1,15,,191787,10,,,1,55,,191788,10,,,1,15,,191782,10,,,1,15,,191786,10,,,1,70,,191778,10,,,1,30,,191752,10,,,1,70,,191753,10,,,1,30,,191754,10,,,1,70,,191755,10,,,1,30,,191756,10,,,1,70,,191757,10,,,1,30,,191758,10,,,1,70,,191759,10,,,1,30,,191760,10,,,1,70,,191761,10,,,1,30,,191762,10,,,1,15,,191792,10,,,1,56,,191763,10,,,1,15,,191764,10,,,1,15,,191765,10,,,1,15,,191780,10,,,1,55,,191766,10,,,1,15,,191767,10,,,1,15,,191781,10,,,1,15,,191768,10,,,1,55,,191783,10,,,1,15,,191789,10,,,1,15,,191790,10,,,1,70,,191791,10,,,1,29,,191784,10,,,1,70,,191769,10,,,1,30,,191770,10,,,1,70,,191771,10,,,1,30,,191772,10,,,1,70,,191773,10,,,1,30,,191774,10,,,1,69,,191775,10,,,1,100,,191776,10,,,1,100,,191785,10,,,1
5301,'053-Saturday-1-26-06-0000010',614,,167419,10,,,1,100,,167420,10,,,1,100,,167421,10,,,1,24,,167449,10,,,1,64,,167422,10,,,1,30,,167423,10,,,1,70,,167424,10,,,1,30,,167425,10,,,1,70,,167426,10,,,1,30,,167427,10,,,1,70,,167428,10,,,1,30,,167429,10,,,1,70,,167430,10,,,1,30,,167431,10,,,1,70,,167432,10,,,1,30,,167433,10,,,1,70,,167434,10,,,1,30,,167435,10,,,1,70,,167436,10,,,1,30,,167437,10,,,1,70,,167438,10,,,1,30,,167439,10,,,1,70,,167440,10,,,1,30,,167441,10,,,1,70,,167442,10,,,1,30,,167447,10,,,1,82,,167443,10,,,1,100,,167444,10,,,1,100,,167445,10,,,1,100,,167446,10,,,1,100,,167448,10,,,1
5301,'053-Saturday-3-26-06-0000010',614,,167485,10,,,1,100,,167486,10,,,1,100,,167487,10,,,1,24,,167515,10,,,1,64,,167488,10,,,1,30,,167489,10,,,1,70,,167490,10,,,1,30,,167491,10,,,1,70,,167492,10,,,1,30,,167493,10,,,1,70,,167494,10,,,1,30,,167495,10,,,1,70,,167496,10,,,1,30,,167497,10,,,1,70,,167498,10,,,1,30,,167499,10,,,1,70,,167500,10,,,1,30,,167501,10,,,1,70,,167502,10,,,1,30,,167503,10,,,1,70,,167504,10,,,1,30,,167505,10,,,1,70,,167506,10,,,1,30,,167507,10,,,1,70,,167508,10,,,1,30,,167513,10,,,1,82,,167509,10,,,1,100,,167510,10,,,1,100,,167511,10,,,1,100,,167512,10,,,1,100,,167514,10,,,1
5301,'053-Sunday-1-26-06-0000001',712,,167520,10,,,1,100,,167521,10,,,1,91,,167522,10,,,1,100,,167523,10,,,1,30,,167524,10,,,1,70,,167525,10,,,1,30,,167526,10,,,1,70,,167527,10,,,1,30,,167528,10,,,1,70,,167529,10,,,1,30,,167530,10,,,1,70,,167531,10,,,1,30,,167532,10,,,1,70,,167533,10,,,1,30,,167534,10,,,1,70,,167535,10,,,1,30,,167536,10,,,1,70,,167537,10,,,1,30,,167538,10,,,1,70,,167539,10,,,1,30,,167540,10,,,1,79,,167541,10,,,1,100,,167542,10,,,1,100,,167543,10,,,1,100,,167544,10,,,1,100,,167545,10,,,1
5301,'053-Sunday-2-26-06-0000001',712,,167546,10,,,1,100,,167547,10,,,1,91,,167548,10,,,1,100,,167549,10,,,1,30,,167550,10,,,1,70,,167551,10,,,1,30,,167552,10,,,1,70,,167553,10,,,1,30,,167554,10,,,1,70,,167555,10,,,1,30,,167556,10,,,1,70,,167557,10,,,1,30,,167558,10,,,1,70,,167559,10,,,1,30,,167560,10,,,1,70,,167561,10,,,1,30,,167562,10,,,1,70,,167563,10,,,1,30,,167564,10,,,1,70,,167565,10,,,1,30,,167566,10,,,1,79,,167567,10,,,1,30,,167572,10,,,1,70,,167568,10,,,1,30,,167573,10,,,1,70,,167569,10,,,1,30,,167574,10,,,1,70,,167570,10,,,1,100,,167571,10,,,1
5301,'053-Sunday-3-26-06-0000001',712,,191793,10,,,1,100,,191794,10,,,1,91,,191795,10,,,1,100,,191796,10,,,1,30,,191797,10,,,1,70,,191798,10,,,1,30,,191799,10,,,1,70,,191800,10,,,1,30,,191801,10,,,1,70,,191802,10,,,1,30,,191803,10,,,1,70,,191804,10,,,1,30,,191805,10,,,1,70,,191806,10,,,1,30,,191807,10,,,1,70,,191808,10,,,1,30,,191809,10,,,1,70,,191810,10,,,1,30,,191811,10,,,1,70,,191812,10,,,1,30,,191813,10,,,1,79,,191814,10,,,1,100,,191815,10,,,1,100,,191816,10,,,1,100,,191817,10,,,1,100,,191818,10,,,1
