11800,'118-Weekday-1-26-04-1111100',515,,122946,35,,,1,30,,122947,35,,,1,70,,122948,35,,,1,33,,122949,35,,,1,55,,122950,35,,,1,15,,122983,35,,,1,15,,122951,35,,,1,15,,122952,35,,,1,55,,122953,35,,,1,15,,122984,35,,,1,15,,122954,35,,,1,15,,122955,35,,,1,68,,122956,35,,,1,30,,122957,35,,,1,70,,122958,35,,,1,30,,122959,35,,,1,70,,122960,35,,,1,30,,122961,35,,,1,70,,122962,35,,,1,30,,122963,35,,,1,70,,122964,35,,,1,30,,122965,35,,,1,70,,122966,35,,,1,30,,122967,35,,,1,72,,122968,35,,,1,30,,122969,35,,,1,60,,122970,35,,,1,20,,122985,35,,,1,20,,122971,35,,,1,60,,122972,35,,,1,20,,122986,35,,,1,20,,122973,35,,,1,70,,122974,35,,,1,28,,122975,35,,,1,70,,122976,35,,,1,30,,122977,35,,,1,70,,122978,35,,,1,30,,122979,35,,,1,70,,122980,35,,,1,30,,122981,35,,,1,70,,122982,35,,,1
11800,'118-Weekday-2-26-04-1111100',515,,122987,35,,,1,30,,122988,35,,,1,70,,122989,35,,,1,33,,122990,35,,,1,55,,122991,35,,,1,15,,123024,35,,,1,15,,122992,35,,,1,15,,122993,35,,,1,55,,122994,35,,,1,15,,123025,35,,,1,15,,122995,35,,,1,15,,122996,35,,,1,68,,122997,35,,,1,30,,122998,35,,,1,70,,122999,35,,,1,30,,123000,35,,,1,70,,123001,35,,,1,30,,123002,35,,,1,70,,123003,35,,,1,30,,123004,35,,,1,70,,123005,35,,,1,30,,123006,35,,,1,70,,123007,35,,,1,30,,123008,35,,,1,72,,123009,35,,,1,30,,123010,35,,,1,60,,123011,35,,,1,20,,123026,35,,,1,20,,123012,35,,,1,60,,123013,35,,,1,20,,123027,35,,,1,20,,123014,35,,,1,70,,123015,35,,,1,28,,123016,35,,,1,70,,123017,35,,,1,30,,123018,35,,,1,70,,123019,35,,,1,30,,123020,35,,,1,70,,123021,35,,,1,30,,123022,35,,,1,70,,123023,35,,,1
11800,'118-Weekday-3-26-04-1111100',515,,123028,35,,,1,30,,123029,35,,,1,70,,123030,35,,,1,33,,123031,35,,,1,55,,123032,35,,,1,15,,123065,35,,,1,15,,123033,35,,,1,15,,123034,35,,,1,55,,123035,35,,,1,15,,123066,35,,,1,15,,123036,35,,,1,15,,123037,35,,,1,68,,123038,35,,,1,30,,123039,35,,,1,70,,123040,35,,,1,30,,123041,35,,,1,70,,123042,35,,,1,30,,123043,35,,,1,70,,123044,35,,,1,30,,123045,35,,,1,70,,123046,35,,,1,30,,123047,35,,,1,70,,123048,35,,,1,30,,123049,35,,,1,72,,123050,35,,,1,30,,123051,35,,,1,60,,123052,35,,,1,20,,123067,35,,,1,20,,123053,35,,,1,60,,123054,35,,,1,20,,123068,35,,,1,20,,123055,35,,,1,70,,123056,35,,,1,28,,123057,35,,,1,70,,123058,35,,,1,30,,123059,35,,,1,70,,123060,35,,,1,30,,123061,35,,,1,70,,123062,35,,,1,30,,123063,35,,,1,70,,123064,35,,,1
11800,'118-Saturday-1-26-04-0000010',632,,123069,35,,,1,100,,123070,35,,,1,100,,123071,35,,,1,71,,123072,35,,,1,31,,123073,35,,,1,70,,123074,35,,,1,30,,123075,35,,,1,70,,123076,35,,,1,30,,123077,35,,,1,70,,123078,35,,,1,30,,123079,35,,,1,70,,123080,35,,,1,30,,123081,35,,,1,70,,123082,35,,,1,30,,123083,35,,,1,70,,123084,35,,,1,30,,123085,35,,,1,70,,123086,35,,,1,30,,123087,35,,,1,69,,123088,35,,,1,30,,123089,35,,,1,70,,123090,35,,,1,30,,123091,35,,,1,70,,123092,35,,,1,30,,123093,35,,,1
11800,'118-Sunday-1-26-04-0000001',654,,123114,35,,,1,100,,123094,35,,,1,100,,123095,35,,,1,103,,123096,35,,,1,100,,123097,35,,,1,85,,123098,35,,,1,70,,123099,35,,,1,30,,123100,35,,,1,70,,123101,35,,,1,30,,123102,35,,,1,70,,123103,35,,,1,30,,123104,35,,,1,70,,123105,35,,,1,30,,123106,35,,,1,70,,123107,35,,,1,30,,123108,35,,,1,68,,123109,35,,,1,29,,123110,35,,,1,70,,123111,35,,,1,30,,123112,35,,,1,70,,123113,35,,,1
61200,'612-Weekday-1-26-04-0001000',1253,,131624,40,,,1
61200,'612-Weekday-1-26-04-1110100',1551,,131625,40,,,1
61200,'612-Weekday-3-26-04-0001000',1253,,131626,40,,,1
61200,'612-Weekday-3-26-04-1110100',1551,,131627,40,,,1
62000,'620-Weekday-1-26-04-0001000',1217,,131687,19,,,1
62000,'620-Weekday-1-26-04-1110100',1525,,131688,19,,,1
62000,'620-Weekday-1-26-04-1111100',1548,,131689,19,,,1,5,,131690,19,,,1
62000,'620-Weekday-2-26-04-1111100',1548,,131691,19,,,1,5,,131692,19,,,1
62000,'620-Weekday-3-26-04-0001000',1217,,131693,19,,,1
62000,'620-Weekday-3-26-04-1110100',1525,,131694,19,,,1
