91701,'917-Weekday-1-26-04-0001000',1507,,144774,20,,,1
91701,'917-Weekday-1-26-04-1110100',1636,,144775,20,,,1
91701,'917-Weekday-1-26-04-1111100',508,,144776,20,,,1,30,,144777,20,,,1,70,,144815,20,,,1,31,,144817,20,,,1,70,,144816,20,,,1,30,,144778,20,,,1,70,,144811,20,,,1,30,,144779,20,,,1,71,,144780,20,,,1,30,,144781,20,,,1,70,,144782,20,,,1,30,,144783,20,,,1,70,,144784,20,,,1,30,,144785,20,,,1,70,,144786,20,,,1,30,,144787,20,,,1,70,,144788,20,,,1,30,,144789,20,,,1,70,,144790,20,,,1,30,,144791,20,,,1,72,,144792,20,,,1,31,,144814,20,,,1,15,,144793,20,,,1,55,,144794,20,,,1,15,,144795,20,,,1,15,,144812,20,,,1,15,,144796,20,,,1,55,,144797,20,,,1,15,,144798,20,,,1,15,,144813,20,,,1,15,,144799,20,,,1,55,,144800,20,,,1,28,,144801,20,,,1,69,,144802,20,,,1,30,,144803,20,,,1,70,,144804,20,,,1,30,,144805,20,,,1,70,,144806,20,,,1,30,,144807,20,,,1,69,,144808,20,,,1,100,,144809,20,,,1,100,,144810,20,,,1
91701,'917-Weekday-2-26-04-1110100',1636,,144818,20,,,1
91701,'917-Weekday-2-26-04-1111100',508,,144819,20,,,1,30,,144820,20,,,1,70,,144858,20,,,1,31,,144860,20,,,1,70,,144859,20,,,1,30,,144821,20,,,1,70,,144854,20,,,1,30,,144822,20,,,1,71,,144823,20,,,1,30,,144824,20,,,1,70,,144825,20,,,1,30,,144826,20,,,1,70,,144827,20,,,1,30,,144828,20,,,1,70,,144829,20,,,1,30,,144830,20,,,1,70,,144831,20,,,1,30,,144832,20,,,1,70,,144833,20,,,1,30,,144834,20,,,1,72,,144835,20,,,1,31,,144857,20,,,1,15,,144836,20,,,1,55,,144837,20,,,1,15,,144838,20,,,1,15,,144855,20,,,1,15,,144839,20,,,1,55,,144840,20,,,1,15,,144841,20,,,1,15,,144856,20,,,1,15,,144842,20,,,1,55,,144843,20,,,1,28,,144844,20,,,1,69,,144845,20,,,1,30,,144846,20,,,1,70,,144847,20,,,1,30,,144848,20,,,1,70,,144849,20,,,1,30,,144850,20,,,1,69,,144851,20,,,1,100,,144852,20,,,1,100,,144853,20,,,1
91701,'917-Weekday-3-26-04-1111100',508,,144861,20,,,1,30,,144862,20,,,1,70,,144900,20,,,1,31,,144902,20,,,1,70,,144901,20,,,1,30,,144863,20,,,1,70,,144896,20,,,1,30,,144864,20,,,1,71,,144865,20,,,1,30,,144866,20,,,1,70,,144867,20,,,1,30,,144868,20,,,1,70,,144869,20,,,1,30,,144870,20,,,1,70,,144871,20,,,1,30,,144872,20,,,1,70,,144873,20,,,1,30,,144874,20,,,1,70,,144875,20,,,1,30,,144876,20,,,1,72,,144877,20,,,1,31,,144899,20,,,1,15,,144878,20,,,1,55,,144879,20,,,1,15,,144880,20,,,1,15,,144897,20,,,1,15,,144881,20,,,1,55,,144882,20,,,1,15,,144883,20,,,1,15,,144898,20,,,1,15,,144884,20,,,1,55,,144885,20,,,1,28,,144886,20,,,1,69,,144887,20,,,1,30,,144888,20,,,1,70,,144889,20,,,1,30,,144890,20,,,1,70,,144891,20,,,1,30,,144892,20,,,1,69,,144893,20,,,1,100,,144894,20,,,1,100,,144895,20,,,1
91701,'917-Saturday-1-26-04-0000010',633,,144903,20,,,1,100,,144904,20,,,1,70,,144929,20,,,1,30,,144930,20,,,1,71,,144905,20,,,1,31,,144906,20,,,1,70,,144907,20,,,1,30,,144908,20,,,1,70,,144909,20,,,1,30,,144910,20,,,1,70,,144911,20,,,1,30,,144912,20,,,1,70,,144913,20,,,1,30,,144914,20,,,1,70,,144915,20,,,1,30,,144916,20,,,1,70,,144917,20,,,1,30,,144918,20,,,1,70,,144919,20,,,1,30,,144920,20,,,1,70,,144921,20,,,1,30,,144922,20,,,1,70,,144923,20,,,1,30,,144924,20,,,1,70,,144925,20,,,1,100,,144926,20,,,1,100,,144927,20,,,1,100,,144928,20,,,1
91701,'917-Sunday-1-26-04-0000001',630,,144931,20,,,1,100,,144932,20,,,1,100,,144933,20,,,1,102,,144934,20,,,1,103,,144935,20,,,1,70,,144936,20,,,1,30,,144937,20,,,1,70,,144938,20,,,1,30,,144939,20,,,1,70,,144940,20,,,1,30,,144941,20,,,1,70,,144942,20,,,1,30,,144943,20,,,1,70,,144944,20,,,1,30,,144945,20,,,1,70,,144946,20,,,1,30,,144947,20,,,1,70,,144948,20,,,1,31,,144949,20,,,1,70,,144950,20,,,1,30,,144951,20,,,1,70,,144952,20,,,1,30,,144953,20,,,1,100,,144954,20,,,1
24091000,'910X-Weekday-1-26-04-1111100',548,,149938,4,,,1,70,,149940,4,,,1,15,,149941,4,,,1,15,,149942,4,,,1,55,,149943,4,,,1,15,,149939,4,,,1,15,,149935,4,,,1,15,,149934,4,,,1,55,,149933,4,,,1,15,,149944,4,,,1,15,,149936,4,,,1,15,,149937,4,,,1
24091000,'910X-Weekday-2-26-04-1111100',548,,149950,4,,,1,70,,149952,4,,,1,15,,149953,4,,,1,15,,149954,4,,,1,55,,149955,4,,,1,15,,149951,4,,,1,15,,149947,4,,,1,15,,149946,4,,,1,55,,149945,4,,,1,15,,149956,4,,,1,15,,149948,4,,,1,15,,149949,4,,,1
24091000,'910X-Weekday-3-26-04-1111100',548,,149962,4,,,1,70,,149964,4,,,1,15,,149965,4,,,1,15,,149966,4,,,1,55,,149967,4,,,1,15,,149963,4,,,1,15,,149959,4,,,1,15,,149958,4,,,1,55,,149957,4,,,1,15,,149968,4,,,1,15,,149960,4,,,1,15,,149961,4,,,1
24091001,'910X-Weekday-1-26-04-1111100',1532,,149969,10,,,1,15,,149970,10,,,1,55,,149977,10,,,1,15,,149971,10,,,1,15,,149972,10,,,1,15,,149973,10,,,1,55,,149978,10,,,1,15,,149974,10,,,1,15,,149975,10,,,1,15,,149976,10,,,1
24091001,'910X-Weekday-2-26-04-1111100',1532,,149979,10,,,1,15,,149980,10,,,1,55,,149987,10,,,1,15,,149981,10,,,1,15,,149982,10,,,1,15,,149983,10,,,1,55,,149988,10,,,1,15,,149984,10,,,1,15,,149985,10,,,1,15,,149986,10,,,1
24091001,'910X-Weekday-3-26-04-1111100',1532,,149989,10,,,1,15,,149990,10,,,1,55,,149997,10,,,1,15,,149991,10,,,1,15,,149992,10,,,1,15,,149993,10,,,1,55,,149998,10,,,1,15,,149994,10,,,1,15,,149995,10,,,1,15,,149996,10,,,1
