51801,'518-Weekday-1-26-02-0001000',1242,,54253,10,,,1
51801,'518-Weekday-1-26-02-1111100',526,,54254,10,,,1,30,,54255,10,,,1,63,,54303,10,,,1,21,,54256,10,,,1,12,,54257,10,,,1,52,,54258,10,,,1,12,,54304,10,,,1,12,,54259,10,,,1,12,,54260,10,,,1,12,,54261,10,,,1,52,,54262,10,,,1,12,,54305,10,,,1,12,,54263,10,,,1,12,,54264,10,,,1,12,,54306,10,,,1,75,,54265,10,,,1,30,,54266,10,,,1,70,,54267,10,,,1,30,,54268,10,,,1,70,,54269,10,,,1,30,,54270,10,,,1,70,,54271,10,,,1,30,,54272,10,,,1,70,,54273,10,,,1,30,,54274,10,,,1,70,,54275,10,,,1,30,,54276,10,,,1,54,,54277,10,,,1,12,,54278,10,,,1,12,,54300,10,,,1,12,,54279,10,,,1,5,,54307,10,,,1,7,,54280,10,,,1,52,,54281,10,,,1,12,,54282,10,,,1,12,,54302,10,,,1,12,,54283,10,,,1,12,,54284,10,,,1,52,,54285,10,,,1,12,,54286,10,,,1,12,,54301,10,,,1,12,,54287,10,,,1,12,,54288,10,,,1,52,,54289,10,,,1,18,,54290,10,,,1,28,,54291,10,,,1,70,,54292,10,,,1,30,,54293,10,,,1,70,,54294,10,,,1,30,,54295,10,,,1,70,,54296,10,,,1,30,,54297,10,,,1,98,,54298,10,,,1,100,,54299,10,,,1
51801,'518-Weekday-10-26-02-0001000',1242,,54308,10,,,1
51801,'518-Weekday-10-26-02-1111100',526,,54309,10,,,1,30,,54310,10,,,1,63,,54358,10,,,1,21,,54311,10,,,1,12,,54312,10,,,1,52,,54313,10,,,1,12,,54359,10,,,1,12,,54314,10,,,1,12,,54315,10,,,1,12,,54316,10,,,1,52,,54317,10,,,1,12,,54360,10,,,1,12,,54318,10,,,1,12,,54319,10,,,1,12,,54361,10,,,1,75,,54320,10,,,1,30,,54321,10,,,1,70,,54322,10,,,1,30,,54323,10,,,1,70,,54324,10,,,1,30,,54325,10,,,1,70,,54326,10,,,1,30,,54327,10,,,1,70,,54328,10,,,1,30,,54329,10,,,1,70,,54330,10,,,1,30,,54331,10,,,1,54,,54332,10,,,1,12,,54333,10,,,1,12,,54355,10,,,1,12,,54334,10,,,1,5,,54362,10,,,1,7,,54335,10,,,1,52,,54336,10,,,1,12,,54337,10,,,1,12,,54357,10,,,1,12,,54338,10,,,1,12,,54339,10,,,1,52,,54340,10,,,1,12,,54341,10,,,1,12,,54356,10,,,1,12,,54342,10,,,1,12,,54343,10,,,1,52,,54344,10,,,1,18,,54345,10,,,1,28,,54346,10,,,1,70,,54347,10,,,1,30,,54348,10,,,1,70,,54349,10,,,1,30,,54350,10,,,1,70,,54351,10,,,1,30,,54352,10,,,1,98,,54353,10,,,1,100,,54354,10,,,1
51801,'518-Weekday-11-26-02-1111100',526,,115753,10,,,1,30,,115754,10,,,1,63,,115802,10,,,1,21,,115755,10,,,1,12,,115756,10,,,1,52,,115757,10,,,1,12,,115803,10,,,1,12,,115758,10,,,1,12,,115759,10,,,1,12,,115760,10,,,1,52,,115761,10,,,1,12,,115804,10,,,1,12,,115762,10,,,1,12,,115763,10,,,1,12,,115805,10,,,1,75,,115764,10,,,1,30,,115765,10,,,1,70,,115766,10,,,1,30,,115767,10,,,1,70,,115768,10,,,1,30,,115769,10,,,1,70,,115770,10,,,1,30,,115771,10,,,1,70,,115772,10,,,1,30,,115773,10,,,1,70,,115774,10,,,1,30,,115775,10,,,1,54,,115776,10,,,1,12,,115777,10,,,1,12,,115799,10,,,1,12,,115778,10,,,1,5,,115806,10,,,1,7,,115779,10,,,1,52,,115780,10,,,1,12,,115781,10,,,1,12,,115801,10,,,1,12,,115782,10,,,1,12,,115783,10,,,1,52,,115784,10,,,1,12,,115785,10,,,1,12,,115800,10,,,1,12,,115786,10,,,1,12,,115787,10,,,1,52,,115788,10,,,1,18,,115789,10,,,1,28,,115790,10,,,1,70,,115791,10,,,1,30,,115792,10,,,1,70,,115793,10,,,1,30,,115794,10,,,1,70,,115795,10,,,1,30,,115796,10,,,1,98,,115797,10,,,1,100,,115798,10,,,1
51801,'518-Saturday-1-26-02-0000010',626,,54741,10,,,1,97,,54742,10,,,1,88,,54743,10,,,1,30,,54744,10,,,1,72,,54745,10,,,1,30,,54746,10,,,1,70,,54747,10,,,1,30,,54748,10,,,1,70,,54749,10,,,1,30,,54750,10,,,1,70,,54751,10,,,1,30,,54752,10,,,1,70,,54753,10,,,1,30,,54754,10,,,1,70,,54755,10,,,1,30,,54756,10,,,1,70,,54757,10,,,1,30,,54758,10,,,1,67,,54759,10,,,1,30,,54760,10,,,1,70,,54761,10,,,1,33,,54762,10,,,1,70,,54763,10,,,1,30,,54764,10,,,1,70,,54765,10,,,1,30,,54770,10,,,1,70,,54766,10,,,1,30,,54771,10,,,1,70,,54767,10,,,1,30,,54772,10,,,1,70,,54768,10,,,1,100,,54769,10,,,1,100,,54773,10,,,1
51801,'518-Sunday-2-26-02-0000001',619,,115828,10,,,1,100,,115829,10,,,1,100,,115830,10,,,1,102,,115831,10,,,1,85,,115807,10,,,1,30,,115808,10,,,1,70,,115809,10,,,1,30,,115810,10,,,1,70,,115811,10,,,1,30,,115812,10,,,1,70,,115813,10,,,1,30,,115814,10,,,1,70,,115815,10,,,1,30,,115816,10,,,1,70,,115817,10,,,1,30,,115818,10,,,1,70,,115819,10,,,1,30,,115820,10,,,1,72,,115821,10,,,1,30,,115822,10,,,1,70,,115823,10,,,1,37,,115824,10,,,1,86,,115825,10,,,1,99,,115826,10,,,1,100,,115827,10,,,1,100,,115832,10,,,1,100,,115833,10,,,1
66501,'665-Weekday-1-26-02-1111100',801,,61632,1,,,1,2,,61633,1,,,1
66501,'665-Weekday-10-26-02-1111100',801,,116861,1,,,1,2,,116862,1,,,1
66501,'665-Weekday-9-26-02-1111100',801,,61640,1,,,1,2,,61641,1,,,1
