72700,'727-Weekday-1-26-02-1111100',615,,130151,4,,1,30,,130152,4,,1,70,,130153,4,,1,30,,130154,4,,1,70,,130155,4,,1,30,,130156,4,,1,703,,130157,4,,1,71,,130158,4,,1,30,,130159,4,,1,70,,130160,4,,1,30,,130161,4,,1,70,,130162,4,,1
72700,'727-Weekday-2-26-02-1111100',615,,130163,4,,1,30,,130164,4,,1,70,,130165,4,,1,30,,130166,4,,1,70,,130167,4,,1,30,,130168,4,,1,703,,130169,4,,1,71,,130170,4,,1,30,,130171,4,,1,70,,130172,4,,1,30,,130173,4,,1,70,,130174,4,,1
72700,'727-Weekday-4-26-02-1111100',615,,130175,4,,1,30,,130176,4,,1,70,,130177,4,,1,30,,130178,4,,1,70,,130179,4,,1,30,,130180,4,,1,703,,130181,4,,1,71,,130182,4,,1,30,,130183,4,,1,70,,130184,4,,1,30,,130185,4,,1,70,,130186,4,,1
72700,'727-Weekday-5-26-02-1111100',615,,130187,4,,1,30,,130188,4,,1,70,,130189,4,,1,30,,130190,4,,1,70,,130191,4,,1,30,,130192,4,,1,703,,130193,4,,1,71,,130194,4,,1,30,,130195,4,,1,70,,130196,4,,1,30,,130197,4,,1,70,,130198,4,,1
72700,'727-Weekday-6-26-02-1111100',615,,130199,4,,1,30,,130200,4,,1,70,,130201,4,,1,30,,130202,4,,1,70,,130203,4,,1,30,,130204,4,,1,703,,130205,4,,1,71,,130206,4,,1,30,,130207,4,,1,70,,130208,4,,1,30,,130209,4,,1,70,,130210,4,,1
72700,'727-Weekday-7-26-02-1111100',615,,130211,4,,1,30,,130212,4,,1,70,,130213,4,,1,30,,130214,4,,1,70,,130215,4,,1,30,,130216,4,,1,703,,130217,4,,1,71,,130218,4,,1,30,,130219,4,,1,70,,130220,4,,1,30,,130221,4,,1,70,,130222,4,,1
72700,'727-Weekday-8-26-02-1111100',615,,130223,4,,1,30,,130224,4,,1,70,,130225,4,,1,30,,130226,4,,1,70,,130227,4,,1,30,,130228,4,,1,703,,130229,4,,1,71,,130230,4,,1,30,,130231,4,,1,70,,130232,4,,1,30,,130233,4,,1,70,,130234,4,,1
72700,'727-Weekday-9-26-02-1111100',615,,130235,4,,1,30,,130236,4,,1,70,,130237,4,,1,30,,130238,4,,1,70,,130239,4,,1,30,,130240,4,,1,703,,130241,4,,1,71,,130242,4,,1,30,,130243,4,,1,70,,130244,4,,1,30,,130245,4,,1,70,,130246,4,,1
72701,'727-Weekday-1-26-02-1111100',534,,130248,,,1,70,,130249,,,1,30,,130250,,,1,70,,130251,,,1,30,,130252,,,1,70,,130253,,,1,703,,130254,,,1,31,,130255,,,1,70,,130256,,,1,30,,130257,,,1,70,,130258,,,1,30,,130259,,,1,68,,130260,,,1
72701,'727-Weekday-2-26-02-1111100',534,,130262,,,1,70,,130263,,,1,30,,130264,,,1,70,,130265,,,1,30,,130266,,,1,70,,130267,,,1,703,,130268,,,1,31,,130269,,,1,70,,130270,,,1,30,,130271,,,1,70,,130272,,,1,30,,130273,,,1,68,,130274,,,1
72701,'727-Weekday-4-26-02-1111100',534,,130275,,,1,70,,130276,,,1,30,,130277,,,1,70,,130278,,,1,30,,130279,,,1,70,,130280,,,1,703,,130281,,,1,31,,130282,,,1,70,,130283,,,1,30,,130284,,,1,70,,130285,,,1,30,,130286,,,1,68,,130287,,,1
72701,'727-Weekday-5-26-02-1111100',534,,130289,,,1,70,,130290,,,1,30,,130291,,,1,70,,130292,,,1,30,,130293,,,1,70,,130294,,,1,703,,130295,,,1,31,,130296,,,1,70,,130297,,,1,30,,130298,,,1,70,,130299,,,1,30,,130300,,,1,68,,130301,,,1
72701,'727-Weekday-6-26-02-1111100',534,,130302,,,1,70,,130303,,,1,30,,130304,,,1,70,,130305,,,1,30,,130306,,,1,70,,130307,,,1,703,,130308,,,1,31,,130309,,,1,70,,130310,,,1,30,,130311,,,1,70,,130312,,,1,30,,130313,,,1,68,,130314,,,1
72701,'727-Weekday-7-26-02-1111100',534,,130315,,,1,70,,130316,,,1,30,,130317,,,1,70,,130318,,,1,30,,130319,,,1,70,,130320,,,1,703,,130321,,,1,31,,130322,,,1,70,,130323,,,1,30,,130324,,,1,70,,130325,,,1,30,,130326,,,1,68,,130327,,,1
72701,'727-Weekday-8-26-02-1111100',534,,130328,,,1,70,,130329,,,1,30,,130330,,,1,70,,130331,,,1,30,,130332,,,1,70,,130333,,,1,703,,130334,,,1,31,,130335,,,1,70,,130336,,,1,30,,130337,,,1,70,,130338,,,1,30,,130339,,,1,68,,130340,,,1
72701,'727-Weekday-9-26-02-1111100',534,,130341,,,1,70,,130342,,,1,30,,130343,,,1,70,,130344,,,1,30,,130345,,,1,70,,130346,,,1,703,,130347,,,1,31,,130348,,,1,70,,130349,,,1,30,,130350,,,1,70,,130351,,,1,30,,130352,,,1,68,,130353,,,1
