5300,'053-Weekday-1-26-04-1111100',553,,115130,32,,,1,70,,115131,32,,,1,36,,115132,32,,,1,56,,115160,32,,,1,15,,115133,32,,,1,15,,115161,32,,,1,55,,115134,32,,,1,15,,115135,32,,,1,15,,115166,32,,,1,15,,115167,32,,,1,55,,115136,32,,,1,32,,115172,32,,,1,68,,115137,32,,,1,30,,115138,32,,,1,70,,115139,32,,,1,30,,115140,32,,,1,70,,115141,32,,,1,30,,115142,32,,,1,70,,115143,32,,,1,30,,115144,32,,,1,70,,115145,32,,,1,30,,115146,32,,,1,70,,115147,32,,,1,20,,115164,32,,,1,20,,115148,32,,,1,18,,115165,32,,,1,56,,115149,32,,,1,15,,115162,32,,,1,15,,115163,32,,,1,15,,115150,32,,,1,55,,115168,32,,,1,15,,115169,32,,,1,15,,115151,32,,,1,15,,115173,32,,,1,55,,115174,32,,,1,26,,115152,32,,,1,64,,115153,32,,,1,28,,115154,32,,,1,26,,115155,32,,,1,70,,115156,32,,,1,30,,115157,32,,,1,70,,115158,32,,,1,30,,115159,32,,,1,69,,115129,32,,,1,92,,115170,32,,,1,100,,115171,32,,,1
5300,'053-Saturday-1-26-04-0000010',626,,115267,32,,,1,100,,115268,32,,,1,100,,115269,32,,,1,92,,115270,32,,,1,30,,115271,32,,,1,70,,115272,32,,,1,30,,115273,32,,,1,70,,115274,32,,,1,30,,115275,32,,,1,70,,115276,32,,,1,30,,115277,32,,,1,70,,115278,32,,,1,30,,115279,32,,,1,70,,115280,32,,,1,30,,115281,32,,,1,70,,115282,32,,,1,30,,115283,32,,,1,70,,115284,32,,,1,30,,115285,32,,,1,70,,115286,32,,,1,30,,115287,32,,,1,70,,115288,32,,,1,30,,115289,32,,,1,70,,115290,32,,,1,30,,115291,32,,,1,79,,115292,32,,,1,100,,115293,32,,,1,100,,115294,32,,,1,100,,115295,32,,,1
5300,'053-Sunday-1-26-04-0000001',725,,115296,32,,,1,100,,115297,32,,,1,101,,115298,32,,,1,104,,115299,32,,,1,70,,115300,32,,,1,30,,115301,32,,,1,70,,115302,32,,,1,30,,115303,32,,,1,70,,115304,32,,,1,30,,115305,32,,,1,70,,115306,32,,,1,30,,115307,32,,,1,70,,115308,32,,,1,30,,115309,32,,,1,70,,115310,32,,,1,30,,115311,32,,,1,70,,115312,32,,,1,30,,115313,32,,,1,70,,115314,32,,,1,30,,115315,32,,,1,70,,115316,32,,,1,30,,115317,32,,,1,96,,115318,32,,,1,100,,115319,32,,,1,100,,115320,32,,,1,100,,115321,32,,,1
52201,'522-Weekday-1-26-04-1111100',624,,130272,18,,,1,31,,130273,18,,,1,70,,130274,18,,,1,30,,130275,18,,,1,70,,130276,18,,,1,30,,130277,18,,,1,99,,130278,18,,,1,100,,130279,18,,,1,100,,130280,18,,,1,100,,130281,18,,,1,100,,130282,18,,,1,100,,130283,18,,,1,71,,130284,18,,,1,30,,130285,18,,,1,70,,130286,18,,,1,30,,130287,18,,,1,70,,130288,18,,,1,30,,130289,18,,,1,99,,130290,18,,,1,100,,130291,18,,,1,100,,130292,18,,,1,100,,130293,18,,,1
52201,'522-Saturday-1-26-04-0000010',809,,130349,18,,,1,100,,130338,18,,,1,100,,130339,18,,,1,100,,130340,18,,,1,100,,130341,18,,,1,100,,130342,18,,,1,100,,130343,18,,,1,100,,130344,18,,,1,100,,130345,18,,,1,99,,130346,18,,,1,100,,130347,18,,,1,100,,130348,18,,,1
52201,'522-Sunday-1-26-04-0000001',1040,,130350,18,,,1,100,,130351,18,,,1,100,,130352,18,,,1,100,,130353,18,,,1,100,,130354,18,,,1,100,,130355,18,,,1,100,,130356,18,,,1,100,,130357,18,,,1,100,,130358,18,,,1
63300,'633-Weekday-1-26-04-0001000',1224,,131776,12,,,1,2,,131777,12,,,1,2,,131778,12,,,1,2,,131779,12,,,1
63300,'633-Weekday-1-26-04-1110100',1524,,131780,12,,,1,2,,131781,12,,,1,2,,131782,12,,,1,2,,131783,12,,,1
63500,'635-Weekday-1-26-04-0000100',1001,,131813,53,,,1
63500,'635-Weekday-1-26-04-1111000',831,,131814,53,,,1
1000101,'001-Weekday-1-26-04-1111100',533,,147479,11,,,1,80,,147480,11,,,1,41,,147481,11,,,1,70,,147482,11,,,1,20,,147483,11,,,1,60,,147484,11,,,1,20,,147485,11,,,1,20,,147486,11,,,1,61,,147487,11,,,1,30,,147488,11,,,1,70,,147489,11,,,1,30,,147490,11,,,1,70,,147491,11,,,1,30,,147492,11,,,1,70,,147493,11,,,1,30,,147494,11,,,1,70,,147495,11,,,1,30,,147496,11,,,1,70,,147497,11,,,1,30,,147498,11,,,1,68,,147499,11,,,1,25,,147500,11,,,1,20,,147501,11,,,1,60,,147502,11,,,1,20,,147503,11,,,1,20,,147504,11,,,1,65,,147505,11,,,1,30,,147506,11,,,1,70,,147507,11,,,1,29,,147508,11,,,1,70,,147509,11,,,1,30,,147510,11,,,1,70,,147511,11,,,1,30,,147512,11,,,1,70,,147513,11,,,1,30,,147514,11,,,1,68,,147515,11,,,1,38,,147516,11,,,1,80,,147517,11,,,1,80,,147518,11,,,1
1000101,'001-Saturday-1-26-04-0000010',538,,147599,11,,,1,80,,147600,11,,,1,40,,147601,11,,,1,80,,147602,11,,,1,70,,147603,11,,,1,30,,147604,11,,,1,71,,147605,11,,,1,30,,147606,11,,,1,70,,147607,11,,,1,30,,147608,11,,,1,70,,147609,11,,,1,30,,147610,11,,,1,70,,147611,11,,,1,30,,147612,11,,,1,70,,147613,11,,,1,30,,147614,11,,,1,70,,147615,11,,,1,30,,147616,11,,,1,70,,147617,11,,,1,30,,147618,11,,,1,70,,147619,11,,,1,30,,147620,11,,,1,69,,147621,11,,,1,30,,147622,11,,,1,70,,147623,11,,,1,30,,147624,11,,,1,70,,147625,11,,,1,30,,147626,11,,,1,70,,147627,11,,,1,30,,147628,11,,,1,70,,147629,11,,,1,30,,147630,11,,,1,70,,147631,11,,,1,30,,147632,11,,,1,80,,147633,11,,,1,40,,147634,11,,,1
1000101,'001-Sunday-1-26-04-0000001',557,,147635,11,,,1,80,,147636,11,,,1,80,,147637,11,,,1,40,,147638,11,,,1,80,,147639,11,,,1,78,,147640,11,,,1,40,,147641,11,,,1,70,,147642,11,,,1,30,,147643,11,,,1,70,,147644,11,,,1,30,,147645,11,,,1,70,,147646,11,,,1,30,,147647,11,,,1,70,,147648,11,,,1,30,,147649,11,,,1,70,,147650,11,,,1,30,,147651,11,,,1,70,,147652,11,,,1,30,,147653,11,,,1,70,,147654,11,,,1,31,,147655,11,,,1,71,,147656,11,,,1,30,,147657,11,,,1,70,,147658,11,,,1,73,,147659,11,,,1,40,,147660,11,,,1,80,,147661,11,,,1,80,,147662,11,,,1,40,,147663,11,,,1,80,,147664,11,,,1,81,,147665,11,,,1,42,,147666,11,,,1
