65000,'650-Weekday-1-26-02-1111100',751,,61230,20,,,1,6,,61231,20,,,1
65000,'650-Weekday-10-26-02-1111100',751,,116795,20,,,1,6,,116796,20,,,1
65000,'650-Weekday-9-26-02-1111100',751,,61238,20,,,1,6,,61239,20,,,1
70600,'706-Weekday-1-26-02-1111100',508,,66690,9,,,1,30,,66691,9,,,1,70,,66692,9,,,1,31,,66693,9,,,1,20,,66694,9,,,1,60,,66695,9,,,1,20,,66696,9,,,1,20,,66697,9,,,1,60,,66698,9,,,1,20,,66699,9,,,1,73,,66700,9,,,1,27,,66701,9,,,1,70,,66702,9,,,1,30,,66703,9,,,1,70,,66704,9,,,1,30,,66705,9,,,1,70,,66706,9,,,1,30,,66707,9,,,1,70,,66708,9,,,1,30,,66709,9,,,1,70,,66710,9,,,1,30,,66711,9,,,1,70,,66712,9,,,1,30,,66713,9,,,1,70,,66714,9,,,1,30,,66715,9,,,1,70,,66716,9,,,1,30,,66717,9,,,1,70,,66718,9,,,1,29,,66719,9,,,1,70,,66721,9,,,1,30,,66722,9,,,1,70,,66723,9,,,1,30,,66724,9,,,1,70,,66725,9,,,1,30,,66726,9,,,1,69,,66727,9,,,1,100,,66728,9,,,1,100,,66720,9,,,1
70600,'706-Weekday-10-26-02-1111100',508,,66729,9,,,1,30,,66730,9,,,1,70,,66731,9,,,1,31,,66732,9,,,1,20,,66733,9,,,1,60,,66734,9,,,1,20,,66735,9,,,1,20,,66736,9,,,1,60,,66737,9,,,1,20,,66738,9,,,1,73,,66739,9,,,1,27,,66740,9,,,1,70,,66741,9,,,1,30,,66742,9,,,1,70,,66743,9,,,1,30,,66744,9,,,1,70,,66745,9,,,1,30,,66746,9,,,1,70,,66747,9,,,1,30,,66748,9,,,1,70,,66749,9,,,1,30,,66750,9,,,1,70,,66751,9,,,1,30,,66752,9,,,1,70,,66753,9,,,1,30,,66754,9,,,1,70,,66755,9,,,1,30,,66756,9,,,1,70,,66757,9,,,1,29,,66758,9,,,1,70,,66760,9,,,1,30,,66761,9,,,1,70,,66762,9,,,1,30,,66763,9,,,1,70,,66764,9,,,1,30,,66765,9,,,1,69,,66766,9,,,1,100,,66767,9,,,1,100,,66759,9,,,1
70600,'706-Weekday-11-26-02-1111100',508,,117620,9,,,1,30,,117621,9,,,1,70,,117622,9,,,1,31,,117623,9,,,1,20,,117624,9,,,1,60,,117625,9,,,1,20,,117626,9,,,1,20,,117627,9,,,1,60,,117628,9,,,1,20,,117629,9,,,1,73,,117630,9,,,1,27,,117631,9,,,1,70,,117632,9,,,1,30,,117633,9,,,1,70,,117634,9,,,1,30,,117635,9,,,1,70,,117636,9,,,1,30,,117637,9,,,1,70,,117638,9,,,1,30,,117639,9,,,1,70,,117640,9,,,1,30,,117641,9,,,1,70,,117642,9,,,1,30,,117643,9,,,1,70,,117644,9,,,1,30,,117645,9,,,1,70,,117646,9,,,1,30,,117647,9,,,1,70,,117648,9,,,1,29,,117649,9,,,1,70,,117651,9,,,1,30,,117652,9,,,1,70,,117653,9,,,1,30,,117654,9,,,1,70,,117655,9,,,1,30,,117656,9,,,1,69,,117657,9,,,1,100,,117658,9,,,1,100,,117650,9,,,1
70600,'706-Saturday-1-26-02-0000010',621,,67041,9,,,1,100,,67042,9,,,1,100,,67043,9,,,1,30,,67044,9,,,1,70,,67045,9,,,1,30,,67046,9,,,1,70,,67047,9,,,1,30,,67048,9,,,1,70,,67049,9,,,1,30,,67050,9,,,1,70,,67051,9,,,1,29,,67052,9,,,1,71,,67053,9,,,1,30,,67054,9,,,1,70,,67055,9,,,1,30,,67056,9,,,1,70,,67057,9,,,1,30,,67058,9,,,1,70,,67059,9,,,1,30,,67060,9,,,1,70,,67061,9,,,1,30,,67062,9,,,1,70,,67063,9,,,1,30,,67064,9,,,1,70,,67065,9,,,1,100,,67066,9,,,1,100,,67067,9,,,1,100,,67068,9,,,1,100,,67069,9,,,1
70600,'706-Sunday-2-26-02-0000001',624,,117659,9,,,1,100,,117660,9,,,1,100,,117661,9,,,1,101,,117662,9,,,1,100,,117663,9,,,1,30,,117664,9,,,1,70,,117665,9,,,1,30,,117666,9,,,1,70,,117667,9,,,1,30,,117668,9,,,1,70,,117669,9,,,1,30,,117670,9,,,1,70,,117671,9,,,1,30,,117672,9,,,1,70,,117673,9,,,1,30,,117674,9,,,1,70,,117675,9,,,1,30,,117676,9,,,1,70,,117677,9,,,1,30,,117678,9,,,1,70,,117679,9,,,1,30,,117680,9,,,1,70,,117681,9,,,1,100,,117682,9,,,1,100,,117683,9,,,1,100,,117684,9,,,1
72400,'724-Weekday-1-26-02-1111100',540,,80403,20,,,1,70,,80404,20,,,1,31,,80405,20,,,1,70,,80406,20,,,1,30,,80402,20,,,1,70,,80407,20,,,1,30,,80408,20,,,1,669,,80409,20,,,1,30,,80410,20,,,1,70,,80411,20,,,1,30,,80412,20,,,1,70,,80413,20,,,1,30,,80414,20,,,1
72400,'724-Weekday-10-26-02-1111100',540,,80416,20,,,1,70,,80417,20,,,1,31,,80418,20,,,1,70,,80419,20,,,1,30,,80415,20,,,1,70,,80420,20,,,1,30,,80421,20,,,1,669,,80422,20,,,1,30,,80423,20,,,1,70,,80424,20,,,1,30,,80425,20,,,1,70,,80426,20,,,1,30,,80427,20,,,1
72400,'724-Weekday-11-26-02-1111100',540,,119647,20,,,1,70,,119648,20,,,1,31,,119649,20,,,1,70,,119650,20,,,1,30,,119646,20,,,1,70,,119651,20,,,1,30,,119652,20,,,1,669,,119653,20,,,1,30,,119654,20,,,1,70,,119655,20,,,1,30,,119656,20,,,1,70,,119657,20,,,1,30,,119658,20,,,1
