5201,'052-Weekday-1-25-12-1111100',539,,11735,,,1,70,,11693,,,1,30,,11694,,,1,20,,11695,,,1,55,,11696,,,1,15,,11697,,,1,15,,11698,,,1,15,,11692,,,1,52,,11736,0,25,1,3,,11734,,,1,15,,11699,,,1,20,,11700,,,1,70,,11701,,,1,30,,11702,,,1,70,,11703,,,1,30,,11704,,,1,70,,11705,,,1,30,,11706,,,1,70,,11707,,,1,30,,11708,,,1,70,,11709,,,1,30,,11710,,,1,70,,11711,,,1,20,,11712,,,1,13,,11713,,,1,56,,11714,,,1,15,,11715,,,1,14,,11716,,,1,15,,11717,,,1,55,,11718,,,1,15,,11719,,,1,15,,11720,,,1,15,,11721,,,1,66,,11722,,,1,29,,11723,,,1,69,,11724,,,1,33,,11725,,,1,70,,11726,,,1,30,,11727,,,1,70,,11728,,,1,30,,11729,,,1,70,,11730,,,1,30,,11731,,,1,100,,11732,,,1,100,,11733,,,1
5201,'052-Weekday-2-25-12-1111100',539,,11781,,,1,70,,11739,,,1,30,,11740,,,1,20,,11741,,,1,55,,11742,,,1,15,,11743,,,1,15,,11744,,,1,15,,11738,,,1,55,,11780,,,1,15,,11745,,,1,20,,11746,,,1,70,,11747,,,1,30,,11748,,,1,70,,11749,,,1,30,,11750,,,1,70,,11751,,,1,30,,11752,,,1,70,,11753,,,1,30,,11754,,,1,70,,11755,,,1,30,,11756,,,1,70,,11757,,,1,20,,11758,,,1,13,,11759,,,1,56,,11760,,,1,15,,11761,,,1,14,,11762,,,1,15,,11763,,,1,55,,11764,,,1,15,,11765,,,1,15,,11766,,,1,15,,11767,,,1,66,,11768,,,1,29,,11769,,,1,69,,11770,,,1,33,,11771,,,1,70,,11772,,,1,30,,11773,,,1,70,,11774,,,1,30,,11775,,,1,70,,11776,,,1,30,,11777,,,1,100,,11778,,,1,100,,11779,,,1
5201,'052-Weekday-3-25-12-1111100',539,,11825,,,1,70,,11783,,,1,30,,11784,,,1,20,,11785,,,1,55,,11786,,,1,15,,11787,,,1,15,,11788,,,1,15,,11782,,,1,55,,11824,,,1,15,,11789,,,1,20,,11790,,,1,70,,11791,,,1,30,,11792,,,1,70,,11793,,,1,30,,11794,,,1,70,,11795,,,1,30,,11796,,,1,70,,11797,,,1,30,,11798,,,1,70,,11799,,,1,30,,11800,,,1,70,,11801,,,1,20,,11802,,,1,13,,11803,,,1,56,,11804,,,1,15,,11805,,,1,14,,11806,,,1,15,,11807,,,1,55,,11808,,,1,15,,11809,,,1,15,,11810,,,1,15,,11811,,,1,66,,11812,,,1,29,,11813,,,1,69,,11814,,,1,33,,11815,,,1,70,,11816,,,1,30,,11817,,,1,70,,11818,,,1,30,,11819,,,1,70,,11820,,,1,30,,11821,,,1,100,,11822,,,1,100,,11823,,,1,100,,11826,,,1,100,,11827,,,1,100,,11828,,,1
5201,'052-Weekday-5-25-12-1111100',539,,11872,,,1,70,,11830,,,1,30,,11831,,,1,20,,11832,,,1,55,,11833,,,1,15,,11834,,,1,15,,11835,,,1,15,,11829,,,1,55,,11871,,,1,15,,11836,,,1,20,,11837,,,1,70,,11838,,,1,30,,11839,,,1,70,,11840,,,1,30,,11841,,,1,70,,11842,,,1,30,,11843,,,1,70,,11844,,,1,30,,11845,,,1,70,,11846,,,1,30,,11847,,,1,70,,11848,,,1,20,,11849,,,1,13,,11850,,,1,56,,11851,,,1,15,,11852,,,1,14,,11853,,,1,15,,11854,,,1,55,,11855,,,1,15,,11856,,,1,15,,11857,,,1,15,,11858,,,1,66,,11859,,,1,29,,11860,,,1,69,,11861,,,1,33,,11862,,,1,70,,11863,,,1,30,,11864,,,1,70,,11865,,,1,30,,11866,,,1,70,,11867,,,1,30,,11868,,,1,100,,11869,,,1,100,,11870,,,1
5201,'052-Saturday-1-25-12-0000010',625,,11873,,,1,100,,11874,,,1,100,,11875,,,1,30,,11876,,,1,67,,11877,,,1,30,,11878,,,1,70,,11879,,,1,30,,11880,,,1,70,,11881,,,1,30,,11882,,,1,70,,11883,,,1,30,,11884,,,1,70,,11885,,,1,30,,11886,,,1,70,,11887,,,1,30,,11888,,,1,70,,11889,,,1,30,,11890,,,1,70,,11891,,,1,30,,11892,,,1,70,,11893,,,1,30,,11894,,,1,70,,11895,,,1,30,,11896,,,1,70,,11897,,,1,100,,11898,,,1,100,,11899,,,1,100,,11900,,,1,100,,11901,,,1
5201,'052-Sunday-1-25-12-0000001',723,,11925,,,1,100,,11902,,,1,99,,11903,,,1,100,,11904,,,1,30,,11905,,,1,70,,11906,,,1,30,,11907,,,1,70,,11908,,,1,30,,11909,,,1,70,,11910,,,1,30,,11911,,,1,70,,11912,,,1,30,,11913,,,1,70,,11914,,,1,30,,11915,,,1,74,,11916,,,1,33,,11917,,,1,70,,11918,,,1,30,,11919,,,1,70,,11920,,,1,30,,11924,,,1,70,,11921,,,1,100,,11922,,,1,100,,11923,,,1,100,,11926,,,1
5201,'052-Sunday-1-26-02-0000001',723,,11950,,,1,100,,11927,,,1,99,,11928,,,1,100,,11929,,,1,30,,11930,,,1,70,,11931,,,1,30,,11932,,,1,70,,11933,,,1,30,,11934,,,1,70,,11935,,,1,30,,11936,,,1,70,,11937,,,1,30,,11938,,,1,70,,11939,,,1,30,,11940,,,1,74,,11941,,,1,33,,11942,,,1,70,,11943,,,1,30,,11944,,,1,70,,11945,,,1,30,,11949,,,1,70,,11946,,,1,100,,11947,,,1,100,,11948,,,1,100,,11951,,,1
5401,'054-Weekday-1-25-12-1111100',514,,12808,,,1,30,,12809,,,1,68,,12810,,,1,22,,12811,,,1,18,,12812,,,1,56,,12813,,,1,19,,12814,,,1,16,,12815,,,1,16,,12816,,,1,55,,12817,,,1,14,,12818,,,1,17,,12819,,,1,69,,12820,,,1,32,,12821,,,1,67,,12822,,,1,31,,12823,,,1,70,,12824,,,1,30,,12825,,,1,70,,12826,,,1,30,,12827,,,1,70,,12828,,,1,30,,12829,,,1,70,,12830,,,1,30,,12831,,,1,72,,12832,,,1,20,,12807,,,1,15,,12833,,,1,57,,12834,,,1,16,,12835,,,1,16,,12836,,,1,17,,12837,,,1,57,,12838,,,1,16,,12839,,,1,19,,12840,,,1,61,,12841,,,1,27,,12842,,,1,66,,12843,,,1,39,,12844,,,1,70,,12845,,,1,30,,12846,,,1,70,,12847,,,1,30,,12848,,,1,69,,12849,,,1,97,,12850,,,1,100,,12851,,,1
5401,'054-Weekday-2-25-12-1111100',514,,12853,,,1,30,,12854,,,1,68,,12855,,,1,22,,12856,,,1,18,,12857,,,1,56,,12858,,,1,19,,12859,,,1,16,,12860,,,1,16,,12861,,,1,55,,12862,,,1,14,,12863,,,1,17,,12864,,,1,69,,12865,,,1,32,,12866,,,1,67,,12867,,,1,31,,12868,,,1,70,,12869,,,1,30,,12870,,,1,70,,12871,,,1,30,,12872,,,1,70,,12873,,,1,30,,12874,,,1,70,,12875,,,1,30,,12876,,,1,72,,12877,,,1,20,,12852,,,1,15,,12878,,,1,57,,12879,,,1,16,,12880,,,1,16,,12881,,,1,17,,12882,,,1,57,,12883,,,1,16,,12884,,,1,19,,12885,,,1,61,,12886,,,1,27,,12887,,,1,66,,12888,,,1,39,,12889,,,1,70,,12890,,,1,30,,12891,,,1,70,,12892,,,1,30,,12893,,,1,69,,12894,,,1,97,,12895,,,1,100,,12896,,,1
5401,'054-Weekday-3-25-12-1111100',514,,12898,,,1,30,,12899,,,1,68,,12900,,,1,22,,12901,,,1,18,,12902,,,1,56,,12903,,,1,19,,12904,,,1,16,,12905,,,1,16,,12906,,,1,55,,12907,,,1,14,,12908,,,1,17,,12909,,,1,69,,12910,,,1,32,,12911,,,1,67,,12912,,,1,31,,12913,,,1,70,,12914,,,1,30,,12915,,,1,70,,12916,,,1,30,,12917,,,1,70,,12918,,,1,30,,12919,,,1,70,,12920,,,1,30,,12921,,,1,72,,12922,,,1,20,,12897,,,1,15,,12923,,,1,57,,12924,,,1,16,,12925,,,1,16,,12926,,,1,17,,12927,,,1,57,,12928,,,1,16,,12929,,,1,19,,12930,,,1,61,,12931,,,1,27,,12932,,,1,66,,12933,,,1,39,,12934,,,1,70,,12935,,,1,30,,12936,,,1,70,,12937,,,1,30,,12938,,,1,69,,12939,,,1,97,,12940,,,1,100,,12941,,,1,100,,12942,,,1,100,,12943,,,1,100,,12944,,,1
5401,'054-Weekday-5-25-12-1111100',514,,12946,,,1,30,,12947,,,1,68,,12948,,,1,22,,12949,,,1,18,,12950,,,1,56,,12951,,,1,19,,12952,,,1,16,,12953,,,1,16,,12954,,,1,55,,12955,,,1,14,,12956,,,1,17,,12957,,,1,69,,12958,,,1,32,,12959,,,1,67,,12960,,,1,31,,12961,,,1,70,,12962,,,1,30,,12963,,,1,70,,12964,,,1,30,,12965,,,1,70,,12966,,,1,30,,12967,,,1,70,,12968,,,1,30,,12969,,,1,72,,12970,,,1,20,,12945,,,1,15,,12971,,,1,57,,12972,,,1,16,,12973,,,1,16,,12974,,,1,17,,12975,,,1,57,,12976,,,1,16,,12977,,,1,19,,12978,,,1,61,,12979,,,1,27,,12980,,,1,66,,12981,,,1,39,,12982,,,1,70,,12983,,,1,30,,12984,,,1,70,,12985,,,1,30,,12986,,,1,69,,12987,,,1,97,,12988,,,1,100,,12989,,,1
5401,'054-Saturday-1-25-12-0000010',616,,12990,,,1,30,,12991,,,1,70,,12992,,,1,30,,12993,,,1,70,,12994,,,1,23,,12995,,,1,20,,12996,,,1,64,,12997,,,1,20,,12998,,,1,60,,12999,,,1,20,,13000,,,1,20,,13001,,,1,60,,13002,,,1,20,,13003,,,1,20,,13004,,,1,60,,13005,,,1,20,,13006,,,1,20,,13007,,,1,60,,13008,,,1,20,,13009,,,1,20,,13010,,,1,60,,13011,,,1,20,,13012,,,1,20,,13013,,,1,60,,13014,,,1,20,,13015,,,1,20,,13016,,,1,60,,13017,,,1,20,,13018,,,1,20,,13019,,,1,64,,13020,,,1,21,,13021,,,1,20,,13022,,,1,60,,13023,,,1,20,,13024,,,1,20,,13025,,,1,60,,13026,,,1,20,,13027,,,1,20,,13028,,,1,60,,13029,,,1,20,,13030,,,1,20,,13031,,,1,60,,13032,,,1,20,,13033,,,1,20,,13034,,,1,70,,13035,,,1,100,,13036,,,1,100,,13037,,,1
5401,'054-Sunday-1-25-12-0000001',718,,13038,,,1,30,,13039,,,1,70,,13040,,,1,30,,13041,,,1,72,,13042,,,1,30,,13043,,,1,70,,13044,,,1,20,,13045,,,1,60,,13046,,,1,20,,13047,,,1,20,,13048,,,1,60,,13049,,,1,20,,13050,,,1,20,,13051,,,1,60,,13052,,,1,20,,13053,,,1,20,,13054,,,1,60,,13055,,,1,20,,13056,,,1,20,,13057,,,1,60,,13058,,,1,20,,13059,,,1,20,,13060,,,1,60,,13061,,,1,20,,13062,,,1,20,,13063,,,1,60,,13064,,,1,21,,13065,,,1,20,,13066,,,1,60,,13067,,,1,20,,13068,,,1,20,,13069,,,1,60,,13070,,,1,20,,13071,,,1,30,,13072,,,1,70,,13073,,,1,30,,13074,,,1,70,,13075,,,1,30,,13076,,,1,70,,13077,,,1,100,,13078,,,1,100,,13079,,,1
5401,'054-Sunday-1-26-02-0000001',718,,13080,,,1,30,,13081,,,1,70,,13082,,,1,30,,13083,,,1,72,,13084,,,1,30,,13085,,,1,70,,13086,,,1,20,,13087,,,1,60,,13088,,,1,20,,13089,,,1,20,,13090,,,1,60,,13091,,,1,20,,13092,,,1,20,,13093,,,1,60,,13094,,,1,20,,13095,,,1,20,,13096,,,1,60,,13097,,,1,20,,13098,,,1,20,,13099,,,1,60,,13100,,,1,20,,13101,,,1,20,,13102,,,1,60,,13103,,,1,20,,13104,,,1,20,,13105,,,1,60,,13106,,,1,21,,13107,,,1,20,,13108,,,1,60,,13109,,,1,20,,13110,,,1,20,,13111,,,1,60,,13112,,,1,20,,13113,,,1,30,,13114,,,1,70,,13115,,,1,30,,13116,,,1,70,,13117,,,1,30,,13118,,,1,70,,13119,,,1,100,,13120,,,1,100,,13121,,,1
10900,'109-Weekday-1-25-12-1111100',506,,18697,,,1,30,,18698,,,1,70,,18699,,,1,30,,18700,,,1,15,,18701,,,1,55,,18738,,,1,15,,18702,,,1,15,,18703,,,1,15,,18704,,,1,55,,18739,,,1,15,,18705,,,1,15,,18706,,,1,70,,18707,,,1,30,,18708,,,1,70,,18709,,,1,30,,18710,,,1,70,,18711,,,1,30,,18712,,,1,70,,18713,,,1,30,,18714,,,1,70,,18715,,,1,30,,18716,,,1,70,,18717,,,1,30,,18718,,,1,70,,18719,,,1,15,,18720,,,1,15,,18740,,,1,15,,18721,,,1,55,,18722,,,1,15,,18723,,,1,15,,18741,,,1,15,,18724,,,1,55,,18725,,,1,30,,18726,,,1,70,,18727,,,1,30,,18728,,,1,70,,18729,,,1,30,,18730,,,1,70,,18731,,,1,30,,18732,,,1,70,,18733,,,1,30,,18734,,,1,70,,18735,,,1,100,,18736,,,1,100,,18737,,,1
10900,'109-Weekday-2-25-12-1111100',506,,18742,,,1,30,,18743,,,1,70,,18744,,,1,30,,18745,,,1,65,,18746,,,1,20,,18781,,,1,20,,18747,,,1,60,,18748,,,1,20,,18749,,,1,20,,18750,,,1,65,,18751,,,1,30,,18752,,,1,70,,18753,,,1,30,,18754,,,1,70,,18755,,,1,30,,18756,,,1,70,,18757,,,1,30,,18758,,,1,70,,18759,,,1,30,,18760,,,1,70,,18761,,,1,30,,18762,,,1,70,,18763,,,1,20,,18764,,,1,20,,18782,,,1,60,,18765,,,1,20,,18766,,,1,20,,18767,,,1,60,,18768,,,1,30,,18769,,,1,70,,18770,,,1,30,,18771,,,1,70,,18772,,,1,30,,18773,,,1,70,,18774,,,1,30,,18775,,,1,70,,18776,,,1,30,,18777,,,1,70,,18778,,,1,100,,18779,,,1,100,,18780,,,1
10900,'109-Weekday-3-25-12-1111100',506,,18783,,,1,30,,18784,,,1,70,,18785,,,1,30,,18786,,,1,65,,18787,,,1,20,,18822,,,1,20,,18788,,,1,60,,18789,,,1,20,,18790,,,1,20,,18791,,,1,65,,18792,,,1,30,,18793,,,1,70,,18794,,,1,30,,18795,,,1,70,,18796,,,1,30,,18797,,,1,70,,18798,,,1,30,,18799,,,1,70,,18800,,,1,30,,18801,,,1,70,,18802,,,1,30,,18803,,,1,70,,18804,,,1,20,,18805,,,1,20,,18823,,,1,60,,18806,,,1,20,,18807,,,1,20,,18808,,,1,60,,18809,,,1,30,,18810,,,1,70,,18811,,,1,30,,18812,,,1,70,,18813,,,1,30,,18814,,,1,70,,18815,,,1,30,,18816,,,1,70,,18817,,,1,30,,18818,,,1,70,,18819,,,1,100,,18820,,,1,100,,18821,,,1,100,,18824,,,1,100,,18825,,,1
10900,'109-Weekday-5-25-12-1111100',506,,18826,,,1,30,,18827,,,1,70,,18828,,,1,30,,18829,,,1,15,,18830,,,1,55,,18867,,,1,15,,18831,,,1,15,,18832,,,1,15,,18833,,,1,55,,18868,,,1,15,,18834,,,1,15,,18835,,,1,70,,18836,,,1,30,,18837,,,1,70,,18838,,,1,30,,18839,,,1,70,,18840,,,1,30,,18841,,,1,70,,18842,,,1,30,,18843,,,1,70,,18844,,,1,30,,18845,,,1,70,,18846,,,1,30,,18847,,,1,70,,18848,,,1,15,,18849,,,1,15,,18869,,,1,15,,18850,,,1,55,,18851,,,1,15,,18852,,,1,15,,18870,,,1,15,,18853,,,1,55,,18854,,,1,30,,18855,,,1,70,,18856,,,1,30,,18857,,,1,70,,18858,,,1,30,,18859,,,1,70,,18860,,,1,30,,18861,,,1,70,,18862,,,1,30,,18863,,,1,70,,18864,,,1,100,,18865,,,1,100,,18866,,,1
10900,'109-Saturday-1-25-12-0000010',758,,18871,,,1,70,,18872,,,1,30,,18873,,,1,70,,18874,,,1,30,,18875,,,1,70,,18876,,,1,30,,18877,,,1,70,,18878,,,1,30,,18879,,,1,70,,18880,,,1,30,,18881,,,1,70,,18882,,,1,30,,18883,,,1,70,,18884,,,1,30,,18885,,,1,70,,18886,,,1,30,,18887,,,1,70,,18888,,,1,30,,18889,,,1,70,,18890,,,1,30,,18891,,,1,70,,18892,,,1,30,,18893,,,1,70,,18894,,,1,30,,18895,,,1,70,,18896,,,1,30,,18897,,,1,70,,18898,,,1,30,,18899,,,1
10900,'109-Sunday-1-25-12-0000001',1003,,18900,,,1,30,,18901,,,1,70,,18902,,,1,30,,18903,,,1,70,,18904,,,1,30,,18905,,,1,70,,18906,,,1,30,,18907,,,1,70,,18908,,,1,30,,18909,,,1,70,,18910,,,1,30,,18911,,,1,70,,18912,,,1,30,,18913,,,1,70,,18914,,,1,30,,18915,,,1,70,,18916,,,1,30,,18917,,,1
10900,'109-Sunday-1-26-02-0000001',1008,,18918,,,1,30,,18919,,,1,70,,18920,,,1,30,,18921,,,1,70,,18922,,,1,30,,18923,,,1,70,,18924,,,1,30,,18925,,,1,70,,18926,,,1,30,,18927,,,1,70,,18928,,,1,30,,18929,,,1,70,,18930,,,1,30,,18931,,,1,70,,18932,,,1,30,,18933,,,1,70,,18934,,,1,30,,18935,,,1
68401,'684-Weekday-1-25-12-1111100',801,,34191,,,1,5,,34192,,,1,5,,34193,,,1
68401,'684-Weekday-4-25-12-1111100',801,,34194,,,1,5,,34195,,,1,5,,34196,,,1
90501,'905-Weekday-1-25-12-1111100',529,,47505,,,1,30,,47506,,,1,70,,47507,,,1,30,,47508,,,1,70,,47509,,,1,30,,47510,,,1,70,,47511,,,1,30,,47512,,,1,567,,47513,,,1,29,,47514,,,1,70,,47515,,,1,30,,47516,,,1,70,,47517,,,1,30,,47518,,,1,70,,47519,,,1,30,,47520,,,1
90501,'905-Weekday-2-25-12-1111100',529,,47521,,,1,30,,47522,,,1,70,,47523,,,1,30,,47524,,,1,70,,47525,,,1,30,,47526,,,1,70,,47527,,,1,30,,47528,,,1,567,,47529,,,1,29,,47530,,,1,70,,47531,,,1,30,,47532,,,1,70,,47533,,,1,30,,47534,,,1,70,,47535,,,1,30,,47536,,,1
90501,'905-Weekday-3-25-12-1111100',529,,47537,,,1,30,,47538,,,1,70,,47539,,,1,30,,47540,,,1,70,,47541,,,1,30,,47542,,,1,70,,47543,,,1,30,,47544,,,1,567,,47545,,,1,29,,47546,,,1,70,,47547,,,1,30,,47548,,,1,70,,47549,,,1,30,,47550,,,1,70,,47551,,,1,30,,47552,,,1
90501,'905-Weekday-5-25-12-1111100',529,,47553,,,1,30,,47554,,,1,70,,47555,,,1,30,,47556,,,1,70,,47557,,,1,30,,47558,,,1,70,,47559,,,1,30,,47560,,,1,567,,47561,,,1,29,,47562,,,1,70,,47563,,,1,30,,47564,,,1,70,,47565,,,1,30,,47566,,,1,70,,47567,,,1,30,,47568,,,1
