62500,'625-Weekday-1-26-02-0001000',1245,,60821,38,,,1
62500,'625-Weekday-1-26-02-1110100',1546,,60822,38,,,1
62500,'625-Weekday-2-26-02-0001000',1245,,60823,38,,,1
62500,'625-Weekday-2-26-02-1110100',1546,,60824,38,,,1
62500,'625-Weekday-5-26-02-0000100',1245,,60825,38,,,1
62500,'625-Weekday-5-26-02-1111000',1546,,60826,38,,,1
62500,'625-Weekday-6-26-02-1110100',1546,,60827,38,,,1
62500,'625-Weekday-8-26-02-1110100',1546,,60828,38,,,1
62500,'625-Weekday-9-26-02-0001000',1245,,60829,38,,,1
24014000,'140X-Weekday-1-26-02-1111100',1531,,102895,32,,,1,20,,102896,32,,,1,60,,102897,32,,,1,20,,102898,32,,,1,20,,102899,32,,,1,60,,102900,32,,,1,20,,102901,32,,,1,20,,102902,32,,,1,60,,102903,32,,,1
24014000,'140X-Weekday-10-26-02-1111100',1531,,102904,32,,,1,20,,102905,32,,,1,60,,102906,32,,,1,20,,102907,32,,,1,20,,102908,32,,,1,60,,102909,32,,,1,20,,102910,32,,,1,20,,102911,32,,,1,60,,102912,32,,,1
24014000,'140X-Weekday-2-26-02-1111100',1531,,102913,32,,,1,20,,102914,32,,,1,60,,102915,32,,,1,20,,102916,32,,,1,20,,102917,32,,,1,60,,102918,32,,,1,20,,102919,32,,,1,20,,102920,32,,,1,60,,102921,32,,,1
24014000,'140X-Weekday-4-26-02-1111100',1531,,102922,32,,,1,20,,102923,32,,,1,60,,102924,32,,,1,20,,102925,32,,,1,20,,102926,32,,,1,60,,102927,32,,,1,20,,102928,32,,,1,20,,102929,32,,,1,60,,102930,32,,,1
24014000,'140X-Weekday-5-26-02-1111100',1531,,102931,32,,,1,20,,102932,32,,,1,60,,102933,32,,,1,20,,102934,32,,,1,20,,102935,32,,,1,60,,102936,32,,,1,20,,102937,32,,,1,20,,102938,32,,,1,60,,102939,32,,,1
24014000,'140X-Weekday-6-26-02-1111100',1531,,102940,32,,,1,20,,102941,32,,,1,60,,102942,32,,,1,20,,102943,32,,,1,20,,102944,32,,,1,60,,102945,32,,,1,20,,102946,32,,,1,20,,102947,32,,,1,60,,102948,32,,,1
24014000,'140X-Weekday-7-26-02-1111100',1531,,102949,32,,,1,20,,102950,32,,,1,60,,102951,32,,,1,20,,102952,32,,,1,20,,102953,32,,,1,60,,102954,32,,,1,20,,102955,32,,,1,20,,102956,32,,,1,60,,102957,32,,,1
24014000,'140X-Weekday-8-26-02-1111100',1531,,102958,32,,,1,20,,102959,32,,,1,60,,102960,32,,,1,20,,102961,32,,,1,20,,102962,32,,,1,60,,102963,32,,,1,20,,102964,32,,,1,20,,102965,32,,,1,60,,102966,32,,,1
24014000,'140X-Weekday-9-26-02-1111100',1531,,102967,32,,,1,20,,102968,32,,,1,60,,102969,32,,,1,20,,102970,32,,,1,20,,102971,32,,,1,60,,102972,32,,,1,20,,102973,32,,,1,20,,102974,32,,,1,60,,102975,32,,,1
