50400,'504-Weekday-1-26-06-1111100',544,,174202,19,,,1,70,,174203,19,,,1,32,,174204,19,,,1,70,,174205,19,,,1,30,,174206,19,,,1,70,,174207,19,,,1,30,,174208,19,,,1,102,,174209,19,,,1,100,,174210,19,,,1,100,,174211,19,,,1,100,,174212,19,,,1,100,,174213,19,,,1,100,,174214,19,,,1,84,,174215,19,,,1,70,,174216,19,,,1,31,,174217,19,,,1,70,,174218,19,,,1,30,,174219,19,,,1,99,,174220,19,,,1,96,,174221,19,,,1,100,,174222,19,,,1,100,,174223,19,,,1
50400,'504-Weekday-2-26-06-1111100',544,,195089,19,,,1,70,,195090,19,,,1,32,,195091,19,,,1,70,,195092,19,,,1,30,,195093,19,,,1,70,,195094,19,,,1,30,,195095,19,,,1,102,,195096,19,,,1,100,,195097,19,,,1,100,,195098,19,,,1,100,,195099,19,,,1,100,,195100,19,,,1,100,,195101,19,,,1,84,,195102,19,,,1,70,,195103,19,,,1,31,,195104,19,,,1,70,,195105,19,,,1,30,,195106,19,,,1,99,,195107,19,,,1,96,,195108,19,,,1,100,,195109,19,,,1,100,,195110,19,,,1
50400,'504-Saturday-1-26-06-0000010',756,,174224,19,,,1,100,,174225,19,,,1,100,,174226,19,,,1,100,,174227,19,,,1,100,,174228,19,,,1,100,,174229,19,,,1,100,,174230,19,,,1,100,,174231,19,,,1,100,,174232,19,,,1,100,,174233,19,,,1,100,,174234,19,,,1,100,,174235,19,,,1,100,,174236,19,,,1
50400,'504-Sunday-1-26-06-0000001',753,,174237,19,,,1,99,,174238,19,,,1,99,,174239,19,,,1,100,,174240,19,,,1,100,,174241,19,,,1,100,,174242,19,,,1,100,,174243,19,,,1,100,,174244,19,,,1,100,,174245,19,,,1,101,,174246,19,,,1,101,,174247,19,,,1,100,,174248,19,,,1
50400,'504-Sunday-2-26-06-0000001',753,,195111,19,,,1,99,,195112,19,,,1,99,,195113,19,,,1,100,,195114,19,,,1,100,,195115,19,,,1,100,,195116,19,,,1,100,,195117,19,,,1,100,,195118,19,,,1,100,,195119,19,,,1,101,,195120,19,,,1,101,,195121,19,,,1,100,,195122,19,,,1
50401,'504-Weekday-1-26-06-1111100',534,,174249,4,,,1,70,,174250,4,,,1,31,,174251,4,,,1,70,,174252,4,,,1,30,,174253,4,,,1,70,,174254,4,,,1,30,,174255,4,,,1,69,,174256,4,,,1,100,,174257,4,,,1,100,,174258,4,,,1,100,,174259,4,,,1,100,,174260,4,,,1,100,,174261,4,,,1,45,,174262,4,,,1,71,,174263,4,,,1,32,,174264,4,,,1,70,,174265,4,,,1,30,,174266,4,,,1,100,,174267,4,,,1,99,,174268,4,,,1,100,,174269,4,,,1,100,,174270,4,,,1,100,,174271,4,,,1
50401,'504-Weekday-2-26-06-1111100',534,,195123,4,,,1,70,,195124,4,,,1,31,,195125,4,,,1,70,,195126,4,,,1,30,,195127,4,,,1,70,,195128,4,,,1,30,,195129,4,,,1,69,,195130,4,,,1,100,,195131,4,,,1,100,,195132,4,,,1,100,,195133,4,,,1,100,,195134,4,,,1,100,,195135,4,,,1,45,,195136,4,,,1,71,,195137,4,,,1,32,,195138,4,,,1,70,,195139,4,,,1,30,,195140,4,,,1,100,,195141,4,,,1,99,,195142,4,,,1,100,,195143,4,,,1,100,,195144,4,,,1,100,,195145,4,,,1
50401,'504-Saturday-1-26-06-0000010',717,,174272,4,,,1,100,,174273,4,,,1,100,,174274,4,,,1,100,,174275,4,,,1,100,,174276,4,,,1,100,,174277,4,,,1,100,,174278,4,,,1,100,,174279,4,,,1,100,,174280,4,,,1,100,,174281,4,,,1,100,,174282,4,,,1,100,,174283,4,,,1,100,,174284,4,,,1
50401,'504-Sunday-1-26-06-0000001',813,,174285,4,,,1,100,,174286,4,,,1,100,,174287,4,,,1,100,,174288,4,,,1,100,,174289,4,,,1,100,,174290,4,,,1,100,,174291,4,,,1,100,,174292,4,,,1,100,,174293,4,,,1,100,,174294,4,,,1,100,,174295,4,,,1,100,,174296,4,,,1
50401,'504-Sunday-2-26-06-0000001',813,,195146,4,,,1,100,,195147,4,,,1,100,,195148,4,,,1,100,,195149,4,,,1,100,,195150,4,,,1,100,,195151,4,,,1,100,,195152,4,,,1,100,,195153,4,,,1,100,,195154,4,,,1,100,,195155,4,,,1,100,,195156,4,,,1,100,,195157,4,,,1
