200,'002-Weekday-1-26-02-1111100',2509,,59176,0,10 33,1,30,,59177,0,10 33,1,70,,59178,0,10 33,1,30,,59179,0,10 33,1,70,,59180,0,10 33,1
200,'002-Weekday-2-26-02-1111100',2509,,59264,0,10 33,1,30,,59265,0,10 33,1,70,,59266,0,10 33,1,30,,59267,0,10 33,1,70,,59268,0,10 33,1
200,'002-Weekday-4-26-02-1111100',2509,,59352,0,10 33,1,30,,59353,0,10 33,1,70,,59354,0,10 33,1,30,,59355,0,10 33,1,70,,59356,0,10 33,1
200,'002-Weekday-5-26-02-1111100',2509,,59439,0,10 33,1,30,,59440,0,10 33,1,70,,59441,0,10 33,1,30,,59442,0,10 33,1,70,,59443,0,10 33,1
200,'002-Weekday-6-26-02-1111100',2509,,59527,0,10 33,1,30,,59528,0,10 33,1,70,,59529,0,10 33,1,30,,59530,0,10 33,1,70,,59531,0,10 33,1
200,'002-Weekday-7-26-02-1111100',2509,,59615,0,10 33,1,30,,59616,0,10 33,1,70,,59617,0,10 33,1,30,,59618,0,10 33,1,70,,59619,0,10 33,1
200,'002-Weekday-8-26-02-1111100',2509,,59702,0,10 33,1,30,,59703,0,10 33,1,70,,59704,0,10 33,1,30,,59705,0,10 33,1,70,,59706,0,10 33,1
200,'002-Weekday-9-26-02-1111100',2509,,59790,0,10 33,1,30,,59791,0,10 33,1,70,,59792,0,10 33,1,30,,59793,0,10 33,1,70,,59794,0,10 33,1
200,'002-Saturday-1-26-02-0000010',2511,,59869,0,10 33,1,30,,59870,0,10 33,1,70,,59871,0,10 33,1,30,,59872,0,10 33,1,70,,59873,0,10 33,1
200,'002-Sunday-1-26-02-0000001',2411,,59941,0,10 33,1,30,,59942,0,10 33,1,70,,59943,0,10 33,1,30,,59944,0,10 33,1,70,,59945,0,10 33,1,30,,59946,0,10 33,1,70,,59948,0,10 33,1
500,'005-Weekday-1-26-02-1111100',534,,64516,,,1,15,,64517,,,1,55,,64518,,,1,15,,64519,,,1,16,,64520,,,1,17,,64521,,,1,57,,64522,,,1,16,,64523,,,1,15,,64524,,,1,15,,64525,,,1,55,,64526,,,1,15,,64527,,,1,15,,64528,,,1,15,,64529,,,1,56,,64530,,,1,18,,64531,,,1,15,,64532,,,1,14,,64533,,,1,55,,64534,,,1,15,,64535,,,1,15,,64536,,,1,15,,64537,,,1,55,,64538,,,1,15,,64539,,,1,15,,64540,,,1,15,,64541,,,1,55,,64542,,,1,15,,64543,,,1,15,,64544,,,1,15,,64545,,,1,55,,64546,,,1,15,,64547,,,1,15,,64548,,,1,15,,64549,,,1,55,,64550,,,1,15,,64551,,,1,15,,64552,,,1,15,,64554,,,1,58,,64555,,,1,17,,64556,,,1,16,,64553,,,1,56,,64557,,,1,15,,64558,,,1,15,,64559,,,1,15,,64560,,,1,55,,64561,,,1,16,,64562,,,1,15,,64563,,,1,15,,64564,,,1,56,,64565,,,1,16,,64566,,,1,13,,64567,,,1,12,,64568,,,1,53,,64569,,,1,12,,64570,,,1,14,,64571,,,1,15,,64572,,,1,15,,64573,,,1,55,,64574,,,1,15,,64575,,,1,15,,64576,,,1,15,,64577,,,1,55,,64578,,,1,15,,64579,,,1,15,,64580,,,1,15,,64581,,,1,53,,64582,,,1,15,,64583,,,1,19,,64584,,,1,62,,64585,,,1,21,,64586,,,1,20,,64587,,,1,60,,64588,,,1,20,,64589,,,1,20,,64590,,,1,60,,64591,,,1,20,,64592,,,1
500,'005-Weekday-2-26-02-1111100',534,,64637,,,1,15,,64638,,,1,55,,64639,,,1,15,,64640,,,1,16,,64641,,,1,17,,64642,,,1,57,,64643,,,1,16,,64644,,,1,15,,64645,,,1,15,,64646,,,1,55,,64647,,,1,15,,64648,,,1,15,,64649,,,1,15,,64650,,,1,56,,64651,,,1,18,,64652,,,1,15,,64653,,,1,14,,64654,,,1,55,,64655,,,1,15,,64656,,,1,15,,64657,,,1,15,,64658,,,1,55,,64659,,,1,15,,64660,,,1,15,,64661,,,1,15,,64662,,,1,55,,64663,,,1,15,,64664,,,1,15,,64665,,,1,15,,64666,,,1,55,,64667,,,1,15,,64668,,,1,15,,64669,,,1,15,,64670,,,1,55,,64671,,,1,15,,64672,,,1,15,,64673,,,1,15,,64675,,,1,58,,64676,,,1,17,,64677,,,1,16,,64674,,,1,56,,64678,,,1,15,,64679,,,1,15,,64680,,,1,15,,64681,,,1,55,,64682,,,1,16,,64683,,,1,15,,64684,,,1,15,,64685,,,1,56,,64686,,,1,16,,64687,,,1,13,,64688,,,1,12,,64689,,,1,53,,64690,,,1,12,,64691,,,1,14,,64692,,,1,15,,64693,,,1,15,,64694,,,1,55,,64695,,,1,15,,64696,,,1,15,,64697,,,1,15,,64698,,,1,55,,64699,,,1,15,,64700,,,1,15,,64701,,,1,15,,64702,,,1,53,,64703,,,1,15,,64704,,,1,19,,64705,,,1,62,,64706,,,1,21,,64707,,,1,20,,64708,,,1,60,,64709,,,1,20,,64710,,,1,20,,64711,,,1,60,,64712,,,1,20,,64713,,,1
500,'005-Weekday-4-26-02-1111100',534,,64758,,,1,15,,64759,,,1,55,,64760,,,1,15,,64761,,,1,16,,64762,,,1,17,,64763,,,1,57,,64764,,,1,16,,64765,,,1,15,,64766,,,1,15,,64767,,,1,55,,64768,,,1,15,,64769,,,1,15,,64770,,,1,15,,64771,,,1,56,,64772,,,1,18,,64773,,,1,15,,64774,,,1,14,,64775,,,1,55,,64776,,,1,15,,64777,,,1,15,,64778,,,1,15,,64779,,,1,55,,64780,,,1,15,,64781,,,1,15,,64782,,,1,15,,64783,,,1,55,,64784,,,1,15,,64785,,,1,15,,64786,,,1,15,,64787,,,1,55,,64788,,,1,15,,64789,,,1,15,,64790,,,1,15,,64791,,,1,55,,64792,,,1,15,,64793,,,1,15,,64794,,,1,15,,64796,,,1,58,,64797,,,1,17,,64798,,,1,16,,64795,,,1,56,,64799,,,1,15,,64800,,,1,15,,64801,,,1,15,,64802,,,1,55,,64803,,,1,16,,64804,,,1,15,,64805,,,1,15,,64806,,,1,56,,64807,,,1,16,,64808,,,1,13,,64809,,,1,12,,64810,,,1,53,,64811,,,1,12,,64812,,,1,14,,64813,,,1,15,,64814,,,1,15,,64815,,,1,55,,64816,,,1,15,,64817,,,1,15,,64818,,,1,15,,64819,,,1,55,,64820,,,1,15,,64821,,,1,15,,64822,,,1,15,,64823,,,1,53,,64824,,,1,15,,64825,,,1,19,,64826,,,1,62,,64827,,,1,21,,64828,,,1,20,,64829,,,1,60,,64830,,,1,20,,64831,,,1,20,,64832,,,1,60,,64833,,,1,20,,64834,,,1
500,'005-Weekday-5-26-02-1111100',534,,64879,,,1,15,,64880,,,1,55,,64881,,,1,15,,64882,,,1,16,,64883,,,1,17,,64884,,,1,57,,64885,,,1,16,,64886,,,1,15,,64887,,,1,15,,64888,,,1,55,,64889,,,1,15,,64890,,,1,15,,64891,,,1,15,,64892,,,1,56,,64893,,,1,18,,64894,,,1,15,,64895,,,1,14,,64896,,,1,55,,64897,,,1,15,,64898,,,1,15,,64899,,,1,15,,64900,,,1,55,,64901,,,1,15,,64902,,,1,15,,64903,,,1,15,,64904,,,1,55,,64905,,,1,15,,64906,,,1,15,,64907,,,1,15,,64908,,,1,55,,64909,,,1,15,,64910,,,1,15,,64911,,,1,15,,64912,,,1,55,,64913,,,1,15,,64914,,,1,15,,64915,,,1,15,,64917,,,1,58,,64918,,,1,17,,64919,,,1,16,,64916,,,1,56,,64920,,,1,15,,64921,,,1,15,,64922,,,1,15,,64923,,,1,55,,64924,,,1,16,,64925,,,1,15,,64926,,,1,15,,64927,,,1,56,,64928,,,1,16,,64929,,,1,13,,64930,,,1,12,,64931,,,1,53,,64932,,,1,12,,64933,,,1,14,,64934,,,1,15,,64935,,,1,15,,64936,,,1,55,,64937,,,1,15,,64938,,,1,15,,64939,,,1,15,,64940,,,1,55,,64941,,,1,15,,64942,,,1,15,,64943,,,1,15,,64944,,,1,53,,64945,,,1,15,,64946,,,1,19,,64947,,,1,62,,64948,,,1,21,,64949,,,1,20,,64950,,,1,60,,64951,,,1,20,,64952,,,1,20,,64953,,,1,60,,64954,,,1,20,,64955,,,1
500,'005-Weekday-6-26-02-1111100',534,,65000,,,1,15,,65001,,,1,55,,65002,,,1,15,,65003,,,1,16,,65004,,,1,17,,65005,,,1,57,,65006,,,1,16,,65007,,,1,15,,65008,,,1,15,,65009,,,1,55,,65010,,,1,15,,65011,,,1,15,,65012,,,1,15,,65013,,,1,56,,65014,,,1,18,,65015,,,1,15,,65016,,,1,14,,65017,,,1,55,,65018,,,1,15,,65019,,,1,15,,65020,,,1,15,,65021,,,1,55,,65022,,,1,15,,65023,,,1,15,,65024,,,1,15,,65025,,,1,55,,65026,,,1,15,,65027,,,1,15,,65028,,,1,15,,65029,,,1,55,,65030,,,1,15,,65031,,,1,15,,65032,,,1,15,,65033,,,1,55,,65034,,,1,15,,65035,,,1,15,,65036,,,1,15,,65038,,,1,58,,65039,,,1,17,,65040,,,1,16,,65037,,,1,56,,65041,,,1,15,,65042,,,1,15,,65043,,,1,15,,65044,,,1,55,,65045,,,1,16,,65046,,,1,15,,65047,,,1,15,,65048,,,1,56,,65049,,,1,16,,65050,,,1,13,,65051,,,1,12,,65052,,,1,53,,65053,,,1,12,,65054,,,1,14,,65055,,,1,15,,65056,,,1,15,,65057,,,1,55,,65058,,,1,15,,65059,,,1,15,,65060,,,1,15,,65061,,,1,55,,65062,,,1,15,,65063,,,1,15,,65064,,,1,15,,65065,,,1,53,,65066,,,1,15,,65067,,,1,19,,65068,,,1,62,,65069,,,1,21,,65070,,,1,20,,65071,,,1,60,,65072,,,1,20,,65073,,,1,20,,65074,,,1,60,,65075,,,1,20,,65076,,,1
500,'005-Weekday-7-26-02-1111100',534,,65121,,,1,15,,65122,,,1,55,,65123,,,1,15,,65124,,,1,16,,65125,,,1,17,,65126,,,1,57,,65127,,,1,16,,65128,,,1,15,,65129,,,1,15,,65130,,,1,55,,65131,,,1,15,,65132,,,1,15,,65133,,,1,15,,65134,,,1,56,,65135,,,1,18,,65136,,,1,15,,65137,,,1,14,,65138,,,1,55,,65139,,,1,15,,65140,,,1,15,,65141,,,1,15,,65142,,,1,55,,65143,,,1,15,,65144,,,1,15,,65145,,,1,15,,65146,,,1,55,,65147,,,1,15,,65148,,,1,15,,65149,,,1,15,,65150,,,1,55,,65151,,,1,15,,65152,,,1,15,,65153,,,1,15,,65154,,,1,55,,65155,,,1,15,,65156,,,1,15,,65157,,,1,15,,65159,,,1,58,,65160,,,1,17,,65161,,,1,16,,65158,,,1,56,,65162,,,1,15,,65163,,,1,15,,65164,,,1,15,,65165,,,1,55,,65166,,,1,16,,65167,,,1,15,,65168,,,1,15,,65169,,,1,56,,65170,,,1,16,,65171,,,1,13,,65172,,,1,12,,65173,,,1,53,,65174,,,1,12,,65175,,,1,14,,65176,,,1,15,,65177,,,1,15,,65178,,,1,55,,65179,,,1,15,,65180,,,1,15,,65181,,,1,15,,65182,,,1,55,,65183,,,1,15,,65184,,,1,15,,65185,,,1,15,,65186,,,1,53,,65187,,,1,15,,65188,,,1,19,,65189,,,1,62,,65190,,,1,21,,65191,,,1,20,,65192,,,1,60,,65193,,,1,20,,65194,,,1,20,,65195,,,1,60,,65196,,,1,20,,65197,,,1
500,'005-Weekday-8-26-02-1111100',534,,65242,,,1,15,,65243,,,1,55,,65244,,,1,15,,65245,,,1,16,,65246,,,1,17,,65247,,,1,57,,65248,,,1,16,,65249,,,1,15,,65250,,,1,15,,65251,,,1,55,,65252,,,1,15,,65253,,,1,15,,65254,,,1,15,,65255,,,1,56,,65256,,,1,18,,65257,,,1,15,,65258,,,1,14,,65259,,,1,55,,65260,,,1,15,,65261,,,1,15,,65262,,,1,15,,65263,,,1,55,,65264,,,1,15,,65265,,,1,15,,65266,,,1,15,,65267,,,1,55,,65268,,,1,15,,65269,,,1,15,,65270,,,1,15,,65271,,,1,55,,65272,,,1,15,,65273,,,1,15,,65274,,,1,15,,65275,,,1,55,,65276,,,1,15,,65277,,,1,15,,65278,,,1,15,,65280,,,1,58,,65281,,,1,17,,65282,,,1,16,,65279,,,1,56,,65283,,,1,15,,65284,,,1,15,,65285,,,1,15,,65286,,,1,55,,65287,,,1,16,,65288,,,1,15,,65289,,,1,15,,65290,,,1,56,,65291,,,1,16,,65292,,,1,13,,65293,,,1,12,,65294,,,1,53,,65295,,,1,12,,65296,,,1,14,,65297,,,1,15,,65298,,,1,15,,65299,,,1,55,,65300,,,1,15,,65301,,,1,15,,65302,,,1,15,,65303,,,1,55,,65304,,,1,15,,65305,,,1,15,,65306,,,1,15,,65307,,,1,53,,65308,,,1,15,,65309,,,1,19,,65310,,,1,62,,65311,,,1,21,,65312,,,1,20,,65313,,,1,60,,65314,,,1,20,,65315,,,1,20,,65316,,,1,60,,65317,,,1,20,,65318,,,1
500,'005-Weekday-9-26-02-1111100',534,,65363,,,1,15,,65364,,,1,55,,65365,,,1,15,,65366,,,1,16,,65367,,,1,17,,65368,,,1,57,,65369,,,1,16,,65370,,,1,15,,65371,,,1,15,,65372,,,1,55,,65373,,,1,15,,65374,,,1,15,,65375,,,1,15,,65376,,,1,56,,65377,,,1,18,,65378,,,1,15,,65379,,,1,14,,65380,,,1,55,,65381,,,1,15,,65382,,,1,15,,65383,,,1,15,,65384,,,1,55,,65385,,,1,15,,65386,,,1,15,,65387,,,1,15,,65388,,,1,55,,65389,,,1,15,,65390,,,1,15,,65391,,,1,15,,65392,,,1,55,,65393,,,1,15,,65394,,,1,15,,65395,,,1,15,,65396,,,1,55,,65397,,,1,15,,65398,,,1,15,,65399,,,1,15,,65401,,,1,58,,65402,,,1,17,,65403,,,1,16,,65400,,,1,56,,65404,,,1,15,,65405,,,1,15,,65406,,,1,15,,65407,,,1,55,,65408,,,1,16,,65409,,,1,15,,65410,,,1,15,,65411,,,1,56,,65412,,,1,16,,65413,,,1,13,,65414,,,1,12,,65415,,,1,53,,65416,,,1,12,,65417,,,1,14,,65418,,,1,15,,65419,,,1,15,,65420,,,1,55,,65421,,,1,15,,65422,,,1,15,,65423,,,1,15,,65424,,,1,55,,65425,,,1,15,,65426,,,1,15,,65427,,,1,15,,65428,,,1,53,,65429,,,1,15,,65430,,,1,19,,65431,,,1,62,,65432,,,1,21,,65433,,,1,20,,65434,,,1,60,,65435,,,1,20,,65436,,,1,20,,65437,,,1,60,,65438,,,1,20,,65439,,,1
500,'005-Saturday-1-26-02-0000010',600,,65484,,,1,20,,65485,,,1,20,,65486,,,1,60,,65487,,,1,20,,65488,,,1,20,,65489,,,1,60,,65490,,,1,20,,65491,,,1,17,,65492,,,1,16,,65493,,,1,59,,65494,,,1,19,,65495,,,1,17,,65496,,,1,55,,65497,,,1,15,,65498,,,1,15,,65499,,,1,15,,65500,,,1,55,,65501,,,1,15,,65502,,,1,15,,65503,,,1,15,,65504,,,1,55,,65505,,,1,15,,65506,,,1,15,,65507,,,1,15,,65508,,,1,55,,65509,,,1,15,,65510,,,1,15,,65511,,,1,15,,65512,,,1,55,,65513,,,1,15,,65514,,,1,15,,65515,,,1,15,,65516,,,1,55,,65517,,,1,15,,65518,,,1,15,,65519,,,1,15,,65520,,,1,55,,65521,,,1,15,,65523,,,1,15,,65524,,,1,15,,65525,,,1,55,,65522,,,1,12,,65526,,,1,15,,65527,,,1,15,,65528,,,1,55,,65529,,,1,15,,65530,,,1,15,,65531,,,1,15,,65532,,,1,55,,65533,,,1,15,,65534,,,1,15,,65535,,,1,15,,65536,,,1,55,,65537,,,1,15,,65538,,,1,15,,65539,,,1,15,,65540,,,1,55,,65541,,,1,15,,65542,,,1,15,,65543,,,1,15,,65544,,,1,55,,65545,,,1,15,,65546,,,1,15,,65547,,,1,18,,65548,,,1,60,,65549,,,1,20,,65550,,,1,20,,65551,,,1,59,,65552,,,1,20,,65553,,,1,20,,65554,,,1,60,,65555,,,1
500,'005-Sunday-1-26-02-0000001',601,,65619,,,1,20,,65618,,,1,20,,65617,,,1,60,,65556,,,1,20,,65557,,,1,20,,65558,,,1,60,,65559,,,1,20,,65560,,,1,20,,65561,,,1,61,,65562,,,1,22,,65563,,,1,19,,65564,,,1,60,,65565,,,1,20,,65566,,,1,22,,65567,,,1,55,,65568,,,1,15,,65569,,,1,15,,65570,,,1,15,,65571,,,1,55,,65572,,,1,15,,65573,,,1,15,,65574,,,1,15,,65575,,,1,55,,65576,,,1,15,,65577,,,1,15,,65578,,,1,15,,65579,,,1,55,,65580,,,1,15,,65581,,,1,15,,65582,,,1,15,,65583,,,1,55,,65584,,,1,15,,65585,,,1,15,,65586,,,1,15,,65587,,,1,55,,65588,,,1,15,,65589,,,1,15,,65590,,,1,15,,65591,,,1,55,,65592,,,1,13,,65593,,,1,15,,65594,,,1,14,,65595,,,1,15,,65596,,,1,55,,65597,,,1,15,,65598,,,1,15,,65599,,,1,15,,65600,,,1,55,,65601,,,1,20,,65602,,,1,20,,65611,,,1,60,,65612,,,1,20,,65613,,,1,20,,65609,,,1,60,,65610,,,1,20,,65616,,,1,20,,65615,,,1,59,,65614,,,1,19,,65603,,,1,19,,65604,,,1,59,,65606,,,1,17,,65607,,,1,20,,65608,,,1,60,,65605,,,1
800,'008-Weekday-1-26-02-1111100',533,,70160,,,1,20,,70169,,,1,60,,70170,,,1,22,,70167,,,1,66,,70168,,,1,24,,70239,,,1,15,,70241,,,1,12,,70238,,,1,52,,70171,,,1,12,,70172,,,1,12,,70173,,,1,12,,70174,,,1,12,,70240,,,1,51,,70175,,,1,12,,70176,,,1,13,,70177,,,1,11,,70178,,,1,13,,70243,,,1,55,,70179,,,1,15,,70180,,,1,15,,70181,,,1,15,,70182,,,1,55,,70183,,,1,15,,70184,,,1,15,,70185,,,1,15,,70186,,,1,55,,70187,,,1,15,,70188,,,1,15,,70189,,,1,15,,70190,,,1,55,,70191,,,1,15,,70192,,,1,15,,70193,,,1,15,,70194,,,1,55,,70195,,,1,15,,70196,,,1,15,,70197,,,1,12,,70242,,,1,53,,70198,,,1,14,,70199,,,1,14,,70200,,,1,13,,70201,,,1,7,,70244,,,1,7,,70202,,,1,52,,70203,,,1,12,,70204,,,1,12,,70205,,,1,12,,70206,,,1,12,,70207,,,1,52,,70208,,,1,12,,70209,,,1,12,,70210,,,1,12,,70211,,,1,12,,70212,,,1,55,,70213,,,1,15,,70214,,,1,12,,70215,,,1,12,,70216,,,1,53,,70217,,,1,13,,70218,,,1,15,,70219,,,1,15,,70220,,,1,55,,70221,,,1,15,,70222,,,1,15,,70223,,,1,15,,70224,,,1,55,,70225,,,1,15,,70226,,,1,15,,70227,,,1,15,,70228,,,1,55,,70229,,,1,13,,70230,,,1,13,,70231,,,1,18,,70232,,,1,60,,70233,,,1,20,,70234,,,1,20,,70235,,,1,59,,70236,,,1,19,,70237,,,1,26,,70161,,,1,70,,70162,,,1,30,,70163,,,1,70,,70164,,,1,30,,70165,,,1,70,,70166,,,1
800,'008-Weekday-2-26-02-1111100',533,,70245,,,1,20,,70254,,,1,60,,70255,,,1,22,,70252,,,1,66,,70253,,,1,24,,70324,,,1,15,,70326,,,1,12,,70323,,,1,52,,70256,,,1,12,,70257,,,1,12,,70258,,,1,12,,70259,,,1,12,,70325,,,1,51,,70260,,,1,12,,70261,,,1,13,,70262,,,1,11,,70263,,,1,13,,70328,,,1,55,,70264,,,1,15,,70265,,,1,15,,70266,,,1,15,,70267,,,1,55,,70268,,,1,15,,70269,,,1,15,,70270,,,1,15,,70271,,,1,55,,70272,,,1,15,,70273,,,1,15,,70274,,,1,15,,70275,,,1,55,,70276,,,1,15,,70277,,,1,15,,70278,,,1,15,,70279,,,1,55,,70280,,,1,15,,70281,,,1,15,,70282,,,1,12,,70327,,,1,53,,70283,,,1,14,,70284,,,1,14,,70285,,,1,13,,70286,,,1,7,,70329,,,1,7,,70287,,,1,52,,70288,,,1,12,,70289,,,1,12,,70290,,,1,12,,70291,,,1,12,,70292,,,1,52,,70293,,,1,12,,70294,,,1,12,,70295,,,1,12,,70296,,,1,12,,70297,,,1,55,,70298,,,1,15,,70299,,,1,12,,70300,,,1,12,,70301,,,1,53,,70302,,,1,13,,70303,,,1,15,,70304,,,1,15,,70305,,,1,55,,70306,,,1,15,,70307,,,1,15,,70308,,,1,15,,70309,,,1,55,,70310,,,1,15,,70311,,,1,15,,70312,,,1,15,,70313,,,1,55,,70314,,,1,13,,70315,,,1,13,,70316,,,1,18,,70317,,,1,60,,70318,,,1,20,,70319,,,1,20,,70320,,,1,59,,70321,,,1,19,,70322,,,1,26,,70246,,,1,70,,70247,,,1,30,,70248,,,1,70,,70249,,,1,30,,70250,,,1,70,,70251,,,1
800,'008-Weekday-4-26-02-1111100',533,,70330,,,1,20,,70339,,,1,60,,70340,,,1,22,,70337,,,1,66,,70338,,,1,24,,70409,,,1,15,,70411,,,1,12,,70408,,,1,52,,70341,,,1,12,,70342,,,1,12,,70343,,,1,12,,70344,,,1,12,,70410,,,1,51,,70345,,,1,12,,70346,,,1,13,,70347,,,1,11,,70348,,,1,13,,70413,,,1,55,,70349,,,1,15,,70350,,,1,15,,70351,,,1,15,,70352,,,1,55,,70353,,,1,15,,70354,,,1,15,,70355,,,1,15,,70356,,,1,55,,70357,,,1,15,,70358,,,1,15,,70359,,,1,15,,70360,,,1,55,,70361,,,1,15,,70362,,,1,15,,70363,,,1,15,,70364,,,1,55,,70365,,,1,15,,70366,,,1,15,,70367,,,1,12,,70412,,,1,53,,70368,,,1,14,,70369,,,1,14,,70370,,,1,13,,70371,,,1,7,,70414,,,1,7,,70372,,,1,52,,70373,,,1,12,,70374,,,1,12,,70375,,,1,12,,70376,,,1,12,,70377,,,1,52,,70378,,,1,12,,70379,,,1,12,,70380,,,1,12,,70381,,,1,12,,70382,,,1,55,,70383,,,1,15,,70384,,,1,12,,70385,,,1,12,,70386,,,1,53,,70387,,,1,13,,70388,,,1,15,,70389,,,1,15,,70390,,,1,55,,70391,,,1,15,,70392,,,1,15,,70393,,,1,15,,70394,,,1,55,,70395,,,1,15,,70396,,,1,15,,70397,,,1,15,,70398,,,1,55,,70399,,,1,13,,70400,,,1,13,,70401,,,1,18,,70402,,,1,60,,70403,,,1,20,,70404,,,1,20,,70405,,,1,59,,70406,,,1,19,,70407,,,1,26,,70331,,,1,70,,70332,,,1,30,,70333,,,1,70,,70334,,,1,30,,70335,,,1,70,,70336,,,1
800,'008-Weekday-5-26-02-1111100',533,,70415,,,1,20,,70424,,,1,60,,70425,,,1,22,,70422,,,1,66,,70423,,,1,24,,70494,,,1,15,,70496,,,1,12,,70493,,,1,52,,70426,,,1,12,,70427,,,1,12,,70428,,,1,12,,70429,,,1,12,,70495,,,1,51,,70430,,,1,12,,70431,,,1,13,,70432,,,1,11,,70433,,,1,13,,70498,,,1,55,,70434,,,1,15,,70435,,,1,15,,70436,,,1,15,,70437,,,1,55,,70438,,,1,15,,70439,,,1,15,,70440,,,1,15,,70441,,,1,55,,70442,,,1,15,,70443,,,1,15,,70444,,,1,15,,70445,,,1,55,,70446,,,1,15,,70447,,,1,15,,70448,,,1,15,,70449,,,1,55,,70450,,,1,15,,70451,,,1,15,,70452,,,1,12,,70497,,,1,53,,70453,,,1,14,,70454,,,1,14,,70455,,,1,13,,70456,,,1,7,,70499,,,1,7,,70457,,,1,52,,70458,,,1,12,,70459,,,1,12,,70460,,,1,12,,70461,,,1,12,,70462,,,1,52,,70463,,,1,12,,70464,,,1,12,,70465,,,1,12,,70466,,,1,12,,70467,,,1,55,,70468,,,1,15,,70469,,,1,12,,70470,,,1,12,,70471,,,1,53,,70472,,,1,13,,70473,,,1,15,,70474,,,1,15,,70475,,,1,55,,70476,,,1,15,,70477,,,1,15,,70478,,,1,15,,70479,,,1,55,,70480,,,1,15,,70481,,,1,15,,70482,,,1,15,,70483,,,1,55,,70484,,,1,13,,70485,,,1,13,,70486,,,1,18,,70487,,,1,60,,70488,,,1,20,,70489,,,1,20,,70490,,,1,59,,70491,,,1,19,,70492,,,1,26,,70416,,,1,70,,70417,,,1,30,,70418,,,1,70,,70419,,,1,30,,70420,,,1,70,,70421,,,1
800,'008-Weekday-6-26-02-1111100',533,,70500,,,1,20,,70509,,,1,60,,70510,,,1,22,,70507,,,1,66,,70508,,,1,24,,70579,,,1,15,,70581,,,1,12,,70578,,,1,52,,70511,,,1,12,,70512,,,1,12,,70513,,,1,12,,70514,,,1,12,,70580,,,1,51,,70515,,,1,12,,70516,,,1,13,,70517,,,1,11,,70518,,,1,13,,70583,,,1,55,,70519,,,1,15,,70520,,,1,15,,70521,,,1,15,,70522,,,1,55,,70523,,,1,15,,70524,,,1,15,,70525,,,1,15,,70526,,,1,55,,70527,,,1,15,,70528,,,1,15,,70529,,,1,15,,70530,,,1,55,,70531,,,1,15,,70532,,,1,15,,70533,,,1,15,,70534,,,1,55,,70535,,,1,15,,70536,,,1,15,,70537,,,1,12,,70582,,,1,53,,70538,,,1,14,,70539,,,1,14,,70540,,,1,13,,70541,,,1,7,,70584,,,1,7,,70542,,,1,52,,70543,,,1,12,,70544,,,1,12,,70545,,,1,12,,70546,,,1,12,,70547,,,1,52,,70548,,,1,12,,70549,,,1,12,,70550,,,1,12,,70551,,,1,12,,70552,,,1,55,,70553,,,1,15,,70554,,,1,12,,70555,,,1,12,,70556,,,1,53,,70557,,,1,13,,70558,,,1,15,,70559,,,1,15,,70560,,,1,55,,70561,,,1,15,,70562,,,1,15,,70563,,,1,15,,70564,,,1,55,,70565,,,1,15,,70566,,,1,15,,70567,,,1,15,,70568,,,1,55,,70569,,,1,13,,70570,,,1,13,,70571,,,1,18,,70572,,,1,60,,70573,,,1,20,,70574,,,1,20,,70575,,,1,59,,70576,,,1,19,,70577,,,1,26,,70501,,,1,70,,70502,,,1,30,,70503,,,1,70,,70504,,,1,30,,70505,,,1,70,,70506,,,1
800,'008-Weekday-7-26-02-1111100',533,,70585,,,1,20,,70594,,,1,60,,70595,,,1,22,,70592,,,1,66,,70593,,,1,24,,70664,,,1,15,,70666,,,1,12,,70663,,,1,52,,70596,,,1,12,,70597,,,1,12,,70598,,,1,12,,70599,,,1,12,,70665,,,1,51,,70600,,,1,12,,70601,,,1,13,,70602,,,1,11,,70603,,,1,13,,70668,,,1,55,,70604,,,1,15,,70605,,,1,15,,70606,,,1,15,,70607,,,1,55,,70608,,,1,15,,70609,,,1,15,,70610,,,1,15,,70611,,,1,55,,70612,,,1,15,,70613,,,1,15,,70614,,,1,15,,70615,,,1,55,,70616,,,1,15,,70617,,,1,15,,70618,,,1,15,,70619,,,1,55,,70620,,,1,15,,70621,,,1,15,,70622,,,1,12,,70667,,,1,53,,70623,,,1,14,,70624,,,1,14,,70625,,,1,13,,70626,,,1,7,,70669,,,1,7,,70627,,,1,52,,70628,,,1,12,,70629,,,1,12,,70630,,,1,12,,70631,,,1,12,,70632,,,1,52,,70633,,,1,12,,70634,,,1,12,,70635,,,1,12,,70636,,,1,12,,70637,,,1,55,,70638,,,1,15,,70639,,,1,12,,70640,,,1,12,,70641,,,1,53,,70642,,,1,13,,70643,,,1,15,,70644,,,1,15,,70645,,,1,55,,70646,,,1,15,,70647,,,1,15,,70648,,,1,15,,70649,,,1,55,,70650,,,1,15,,70651,,,1,15,,70652,,,1,15,,70653,,,1,55,,70654,,,1,13,,70655,,,1,13,,70656,,,1,18,,70657,,,1,60,,70658,,,1,20,,70659,,,1,20,,70660,,,1,59,,70661,,,1,19,,70662,,,1,26,,70586,,,1,70,,70587,,,1,30,,70588,,,1,70,,70589,,,1,30,,70590,,,1,70,,70591,,,1
800,'008-Weekday-8-26-02-1111100',533,,70670,,,1,20,,70679,,,1,60,,70680,,,1,22,,70677,,,1,66,,70678,,,1,24,,70749,,,1,15,,70751,,,1,12,,70748,,,1,52,,70681,,,1,12,,70682,,,1,12,,70683,,,1,12,,70684,,,1,12,,70750,,,1,51,,70685,,,1,12,,70686,,,1,13,,70687,,,1,11,,70688,,,1,13,,70753,,,1,55,,70689,,,1,15,,70690,,,1,15,,70691,,,1,15,,70692,,,1,55,,70693,,,1,15,,70694,,,1,15,,70695,,,1,15,,70696,,,1,55,,70697,,,1,15,,70698,,,1,15,,70699,,,1,15,,70700,,,1,55,,70701,,,1,15,,70702,,,1,15,,70703,,,1,15,,70704,,,1,55,,70706,,,1,15,,70707,,,1,15,,70708,,,1,12,,70752,,,1,53,,70705,,,1,14,,70709,,,1,14,,70710,,,1,13,,70711,,,1,7,,70754,,,1,7,,70712,,,1,52,,70713,,,1,12,,70714,,,1,12,,70715,,,1,12,,70716,,,1,12,,70717,,,1,52,,70718,,,1,12,,70719,,,1,12,,70720,,,1,12,,70721,,,1,12,,70722,,,1,55,,70723,,,1,15,,70724,,,1,12,,70725,,,1,12,,70726,,,1,53,,70727,,,1,13,,70728,,,1,15,,70729,,,1,15,,70730,,,1,55,,70731,,,1,15,,70732,,,1,15,,70733,,,1,15,,70734,,,1,55,,70735,,,1,15,,70736,,,1,15,,70737,,,1,15,,70738,,,1,55,,70739,,,1,13,,70740,,,1,13,,70742,,,1,18,,70743,,,1,60,,70744,,,1,20,,70741,,,1,20,,70745,,,1,59,,70746,,,1,19,,70747,,,1,26,,70671,,,1,70,,70672,,,1,30,,70673,,,1,70,,70674,,,1,30,,70675,,,1,70,,70676,,,1
800,'008-Weekday-9-26-02-1111100',533,,70755,,,1,20,,70764,,,1,60,,70765,,,1,22,,70762,,,1,66,,70763,,,1,24,,70834,,,1,15,,70836,,,1,12,,70833,,,1,52,,70766,,,1,12,,70767,,,1,12,,70768,,,1,12,,70769,,,1,12,,70835,,,1,51,,70770,,,1,12,,70771,,,1,13,,70772,,,1,11,,70773,,,1,13,,70838,,,1,55,,70774,,,1,15,,70775,,,1,15,,70776,,,1,15,,70777,,,1,55,,70778,,,1,15,,70779,,,1,15,,70780,,,1,15,,70781,,,1,55,,70782,,,1,15,,70783,,,1,15,,70784,,,1,15,,70785,,,1,55,,70786,,,1,15,,70787,,,1,15,,70788,,,1,15,,70789,,,1,55,,70790,,,1,15,,70791,,,1,15,,70792,,,1,12,,70837,,,1,53,,70793,,,1,14,,70794,,,1,14,,70795,,,1,13,,70796,,,1,7,,70839,,,1,7,,70797,,,1,52,,70798,,,1,12,,70799,,,1,12,,70800,,,1,12,,70801,,,1,12,,70802,,,1,52,,70803,,,1,12,,70804,,,1,12,,70805,,,1,12,,70806,,,1,12,,70807,,,1,55,,70808,,,1,15,,70809,,,1,12,,70810,,,1,12,,70811,,,1,53,,70812,,,1,13,,70813,,,1,15,,70814,,,1,15,,70815,,,1,55,,70816,,,1,15,,70817,,,1,15,,70818,,,1,15,,70819,,,1,55,,70820,,,1,15,,70821,,,1,15,,70822,,,1,15,,70823,,,1,55,,70824,,,1,13,,70825,,,1,13,,70826,,,1,18,,70827,,,1,60,,70828,,,1,20,,70829,,,1,20,,70830,,,1,59,,70831,,,1,19,,70832,,,1,26,,70756,,,1,70,,70757,,,1,30,,70758,,,1,70,,70759,,,1,30,,70760,,,1,70,,70761,,,1
800,'008-Saturday-1-26-02-0000010',606,,70840,,,1,20,,70841,,,1,20,,70842,,,1,60,,70843,,,1,20,,70844,,,1,20,,70845,,,1,60,,70846,,,1,20,,70912,,,1,20,,70913,,,1,60,,70847,,,1,19,,70848,,,1,19,,70850,,,1,56,,70851,,,1,16,,70852,,,1,14,,70849,,,1,15,,70853,,,1,57,,70854,,,1,16,,70855,,,1,15,,70856,,,1,15,,70857,,,1,56,,70858,,,1,16,,70859,,,1,13,,70860,,,1,16,,70861,,,1,55,,70862,,,1,15,,70863,,,1,15,,70864,,,1,16,,70865,,,1,54,,70866,,,1,15,,70867,,,1,15,,70868,,,1,15,,70869,,,1,55,,70870,,,1,15,,70871,,,1,15,,70872,,,1,15,,70873,,,1,55,,70874,,,1,15,,70875,,,1,15,,70876,,,1,15,,70877,,,1,55,,70878,,,1,14,,70879,,,1,14,,70880,,,1,15,,70881,,,1,55,,70882,,,1,15,,70883,,,1,16,,70884,,,1,15,,70886,,,1,55,,70887,,,1,14,,70888,,,1,15,,70885,,,1,15,,70889,,,1,55,,70890,,,1,16,,70891,,,1,14,,70892,,,1,15,,70893,,,1,55,,70894,,,1,15,,70895,,,1,15,,70896,,,1,15,,70897,,,1,56,,70898,,,1,14,,70899,,,1,15,,70900,,,1,15,,70911,,,1,60,,70901,,,1,20,,70902,,,1,20,,70903,,,1,60,,70904,,,1,20,,70905,,,1,30,,70906,,,1,70,,70907,,,1,30,,70908,,,1,70,,70909,,,1,30,,70910,,,1,70,,70914,,,1
800,'008-Sunday-1-26-02-0000001',611,,70980,,,1,20,,70915,,,1,20,,70916,,,1,60,,70917,,,1,20,,70918,,,1,21,,70919,,,1,59,,70920,,,1,19,,70921,,,1,21,,70922,,,1,62,,70923,,,1,23,,70924,,,1,18,,70925,,,1,56,,70926,,,1,15,,70927,,,1,20,,70928,,,1,56,,70974,,,1,16,,70929,,,1,14,,70930,,,1,15,,70931,,,1,55,,70932,,,1,15,,70933,,,1,15,,70934,,,1,15,,70936,,,1,56,,70937,,,1,15,,70938,,,1,15,,70935,,,1,14,,70939,,,1,55,,70940,,,1,15,,70941,,,1,16,,70942,,,1,14,,70943,,,1,55,,70944,,,1,15,,70945,,,1,16,,70946,,,1,14,,70947,,,1,55,,70948,,,1,15,,70949,,,1,16,,70950,,,1,15,,70951,,,1,54,,70952,,,1,15,,70953,,,1,14,,70954,,,1,14,,70955,,,1,14,,70956,,,1,55,,70957,,,1,13,,70958,,,1,14,,70959,,,1,15,,70960,,,1,55,,70961,,,1,15,,70962,,,1,15,,70963,,,1,15,,70964,,,1,55,,70981,,,1,20,,70982,,,1,20,,70983,,,1,60,,70984,,,1,20,,70985,,,1,19,,70976,,,1,60,,70977,,,1,19,,70978,,,1,20,,70979,,,1,60,,70975,,,1,19,,70965,,,1,30,,70966,,,1,71,,70967,,,1,29,,70968,,,1,70,,70969,,,1,30,,70970,,,1,71,,70971,,,1,26,,70972,,,1,70,,70973,,,1
10200,'102-Weekday-1-26-02-1111100',545,,81487,,,1,70,,81488,,,1,34,,81489,,,1,70,,81490,,,1,30,,81491,,,1,70,,81492,,,1,30,,81493,,,1,70,,81494,,,1,30,,81495,,,1,70,,81496,,,1,30,,81497,,,1,70,,81498,,,1,30,,81499,,,1,70,,81500,,,1,30,,81501,,,1,70,,81502,,,1,30,,81503,,,1,70,,81504,,,1,30,,81505,,,1,56,,81506,,,1,16,,81526,,,1,15,,81507,,,1,15,,81508,,,1,55,,81509,,,1,15,,81525,,,1,15,,81510,,,1,15,,81511,,,1,55,,81512,,,1,15,,81524,,,1,15,,81513,,,1,15,,81514,,,1,70,,81515,,,1,27,,81516,,,1,70,,81517,,,1,30,,81518,,,1,70,,81519,,,1,30,,81520,,,1,70,,81521,,,1,30,,81522,,,1,70,,81523,,,1
10200,'102-Weekday-2-26-02-1111100',545,,81527,,,1,70,,81528,,,1,34,,81529,,,1,70,,81530,,,1,30,,81531,,,1,70,,81532,,,1,30,,81533,,,1,70,,81534,,,1,30,,81535,,,1,70,,81536,,,1,30,,81537,,,1,70,,81538,,,1,30,,81539,,,1,70,,81540,,,1,30,,81541,,,1,70,,81542,,,1,30,,81543,,,1,70,,81544,,,1,30,,81545,,,1,56,,81546,,,1,16,,81566,,,1,15,,81547,,,1,15,,81548,,,1,55,,81549,,,1,15,,81565,,,1,15,,81550,,,1,15,,81551,,,1,55,,81552,,,1,15,,81564,,,1,15,,81553,,,1,15,,81554,,,1,70,,81555,,,1,27,,81556,,,1,70,,81557,,,1,30,,81558,,,1,70,,81559,,,1,30,,81560,,,1,70,,81561,,,1,30,,81562,,,1,70,,81563,,,1
10200,'102-Weekday-4-26-02-1111100',545,,81567,,,1,70,,81568,,,1,34,,81569,,,1,70,,81570,,,1,30,,81571,,,1,70,,81572,,,1,30,,81573,,,1,70,,81574,,,1,30,,81575,,,1,70,,81576,,,1,30,,81577,,,1,70,,81578,,,1,30,,81579,,,1,70,,81580,,,1,30,,81581,,,1,70,,81582,,,1,30,,81583,,,1,70,,81584,,,1,30,,81585,,,1,56,,81586,,,1,16,,81606,,,1,15,,81587,,,1,15,,81588,,,1,55,,81589,,,1,15,,81605,,,1,15,,81590,,,1,15,,81591,,,1,55,,81592,,,1,15,,81604,,,1,15,,81593,,,1,15,,81594,,,1,70,,81595,,,1,27,,81596,,,1,70,,81597,,,1,30,,81598,,,1,70,,81599,,,1,30,,81600,,,1,70,,81601,,,1,30,,81602,,,1,70,,81603,,,1
10200,'102-Weekday-5-26-02-1111100',545,,81607,,,1,70,,81608,,,1,34,,81609,,,1,70,,81610,,,1,30,,81611,,,1,70,,81612,,,1,30,,81613,,,1,70,,81614,,,1,30,,81615,,,1,70,,81616,,,1,30,,81617,,,1,70,,81618,,,1,30,,81619,,,1,70,,81620,,,1,30,,81621,,,1,70,,81622,,,1,30,,81623,,,1,70,,81624,,,1,30,,81625,,,1,56,,81626,,,1,16,,81646,,,1,15,,81627,,,1,15,,81628,,,1,55,,81629,,,1,15,,81645,,,1,15,,81630,,,1,15,,81631,,,1,55,,81632,,,1,15,,81644,,,1,15,,81633,,,1,15,,81634,,,1,70,,81635,,,1,27,,81636,,,1,70,,81637,,,1,30,,81638,,,1,70,,81639,,,1,30,,81640,,,1,70,,81641,,,1,30,,81642,,,1,70,,81643,,,1
10200,'102-Weekday-6-26-02-1111100',545,,81647,,,1,70,,81648,,,1,34,,81649,,,1,70,,81650,,,1,30,,81651,,,1,70,,81652,,,1,30,,81653,,,1,70,,81654,,,1,30,,81655,,,1,70,,81656,,,1,30,,81657,,,1,70,,81658,,,1,30,,81659,,,1,70,,81660,,,1,30,,81661,,,1,70,,81662,,,1,30,,81663,,,1,70,,81664,,,1,30,,81665,,,1,56,,81666,,,1,16,,81686,,,1,15,,81667,,,1,15,,81668,,,1,55,,81669,,,1,15,,81685,,,1,15,,81670,,,1,15,,81671,,,1,55,,81672,,,1,15,,81684,,,1,15,,81673,,,1,15,,81674,,,1,70,,81675,,,1,27,,81676,,,1,70,,81677,,,1,30,,81678,,,1,70,,81679,,,1,30,,81680,,,1,70,,81681,,,1,30,,81682,,,1,70,,81683,,,1
10200,'102-Weekday-7-26-02-1111100',545,,81687,,,1,70,,81688,,,1,34,,81689,,,1,70,,81690,,,1,30,,81691,,,1,70,,81692,,,1,30,,81693,,,1,70,,81694,,,1,30,,81695,,,1,70,,81696,,,1,30,,81697,,,1,70,,81698,,,1,30,,81699,,,1,70,,81700,,,1,30,,81701,,,1,70,,81702,,,1,30,,81703,,,1,70,,81704,,,1,30,,81705,,,1,56,,81706,,,1,16,,81726,,,1,15,,81707,,,1,15,,81708,,,1,55,,81709,,,1,15,,81725,,,1,15,,81710,,,1,15,,81711,,,1,55,,81712,,,1,15,,81724,,,1,15,,81713,,,1,15,,81714,,,1,70,,81715,,,1,27,,81716,,,1,70,,81717,,,1,30,,81718,,,1,70,,81719,,,1,30,,81720,,,1,70,,81721,,,1,30,,81722,,,1,70,,81723,,,1
10200,'102-Weekday-8-26-02-1111100',545,,81727,,,1,70,,81728,,,1,34,,81729,,,1,70,,81730,,,1,30,,81731,,,1,70,,81732,,,1,30,,81733,,,1,70,,81734,,,1,30,,81735,,,1,70,,81736,,,1,30,,81737,,,1,70,,81738,,,1,30,,81739,,,1,70,,81740,,,1,30,,81741,,,1,70,,81742,,,1,30,,81743,,,1,70,,81744,,,1,30,,81745,,,1,56,,81746,,,1,16,,81766,,,1,15,,81747,,,1,15,,81748,,,1,55,,81749,,,1,15,,81765,,,1,15,,81750,,,1,15,,81751,,,1,55,,81752,,,1,15,,81764,,,1,15,,81753,,,1,15,,81754,,,1,70,,81755,,,1,27,,81756,,,1,70,,81757,,,1,30,,81758,,,1,70,,81759,,,1,30,,81760,,,1,70,,81761,,,1,30,,81762,,,1,70,,81763,,,1
10200,'102-Weekday-9-26-02-1111100',545,,81767,,,1,70,,81768,,,1,34,,81769,,,1,70,,81770,,,1,30,,81771,,,1,70,,81772,,,1,30,,81773,,,1,70,,81774,,,1,30,,81775,,,1,70,,81776,,,1,30,,81777,,,1,70,,81778,,,1,30,,81779,,,1,70,,81780,,,1,30,,81781,,,1,70,,81782,,,1,30,,81783,,,1,70,,81784,,,1,30,,81785,,,1,56,,81786,,,1,16,,81806,,,1,15,,81787,,,1,15,,81788,,,1,55,,81789,,,1,15,,81805,,,1,15,,81790,,,1,15,,81791,,,1,55,,81792,,,1,15,,81804,,,1,15,,81793,,,1,15,,81794,,,1,70,,81795,,,1,27,,81796,,,1,70,,81797,,,1,30,,81798,,,1,70,,81799,,,1,30,,81800,,,1,70,,81801,,,1,30,,81802,,,1,70,,81803,,,1
10200,'102-Saturday-1-26-02-0000010',609,,81807,,,1,100,,81808,,,1,100,,81809,,,1,35,,81810,,,1,76,,81811,,,1,32,,81812,,,1,70,,81813,,,1,30,,81814,,,1,70,,81815,,,1,30,,81816,,,1,70,,81817,,,1,30,,81818,,,1,70,,81819,,,1,30,,81820,,,1,70,,81821,,,1,30,,81822,,,1,70,,81823,,,1,30,,81824,,,1,70,,81825,,,1,30,,81826,,,1,69,,81827,,,1,30,,81828,,,1,70,,81829,,,1,30,,81830,,,1,70,,81831,,,1
10200,'102-Sunday-1-26-02-0000001',1019,,81832,,,1,30,,81833,,,1,70,,81834,,,1,30,,81835,,,1,70,,81836,,,1,30,,81837,,,1,70,,81838,,,1,30,,81839,,,1,70,,81840,,,1,30,,81841,,,1,70,,81842,,,1,30,,81843,,,1,70,,81844,,,1,30,,81845,,,1,70,,81846,,,1,28,,81847,,,1,70,,81848,,,1,30,,81849,,,1
11401,'114-Weekday-1-26-02-1111100',543,,90510,,,1,70,,90511,,,1,33,,90512,,,1,60,,90513,,,1,12,,90514,,,1,12,,90515,,,1,12,,90516,,,1,12,,90518,,,1,52,,90517,,,1,12,,90519,,,1,12,,90520,,,1,12,,90521,,,1,12,,90522,,,1,55,,90572,,,1,15,,90567,,,1,15,,90568,,,1,15,,90569,,,1,55,,90570,,,1,15,,90537,,,1,15,,90536,,,1,15,,90535,,,1,55,,90533,,,1,15,,90534,,,1,15,,90541,,,1,15,,90540,,,1,55,,90539,,,1,15,,90538,,,1,15,,90566,,,1,15,,90523,,,1,55,,90524,,,1,15,,90525,,,1,15,,90526,,,1,15,,90527,,,1,55,,90528,,,1,15,,90529,,,1,15,,90530,,,1,15,,90531,,,1,54,,90565,,,1,13,,90564,,,1,13,,90563,,,1,13,,90562,,,1,12,,90561,,,1,52,,90560,,,1,12,,90559,,,1,12,,90558,,,1,12,,90557,,,1,12,,90556,,,1,52,,90555,,,1,12,,90554,,,1,12,,90553,,,1,12,,90532,,,1,12,,90571,,,1,58,,90552,,,1,26,,90551,,,1,69,,90550,,,1,30,,90549,,,1,70,,90548,,,1,30,,90547,,,1,70,,90546,,,1,30,,90545,,,1,69,,90544,,,1,97,,90543,,,1,100,,90542,,,1
11401,'114-Weekday-2-26-02-1111100',543,,90577,,,1,70,,90578,,,1,33,,90579,,,1,60,,90580,,,1,12,,90581,,,1,12,,90582,,,1,12,,90583,,,1,12,,90585,,,1,52,,90584,,,1,12,,90586,,,1,12,,90587,,,1,12,,90588,,,1,12,,90589,,,1,55,,90639,,,1,15,,90634,,,1,15,,90635,,,1,15,,90636,,,1,55,,90637,,,1,15,,90604,,,1,15,,90603,,,1,15,,90602,,,1,55,,90600,,,1,15,,90601,,,1,15,,90608,,,1,15,,90607,,,1,55,,90606,,,1,15,,90605,,,1,15,,90633,,,1,15,,90590,,,1,55,,90591,,,1,15,,90592,,,1,15,,90593,,,1,15,,90594,,,1,55,,90595,,,1,15,,90596,,,1,15,,90597,,,1,15,,90598,,,1,54,,90632,,,1,13,,90631,,,1,13,,90630,,,1,13,,90629,,,1,12,,90628,,,1,52,,90627,,,1,12,,90626,,,1,12,,90625,,,1,12,,90624,,,1,12,,90623,,,1,52,,90622,,,1,12,,90621,,,1,12,,90620,,,1,12,,90599,,,1,12,,90638,,,1,58,,90619,,,1,26,,90618,,,1,69,,90617,,,1,30,,90616,,,1,70,,90615,,,1,30,,90614,,,1,70,,90613,,,1,30,,90612,,,1,69,,90611,,,1,97,,90610,,,1,100,,90609,,,1
11401,'114-Weekday-4-26-02-1111100',543,,90644,,,1,70,,90645,,,1,33,,90646,,,1,60,,90647,,,1,12,,90648,,,1,12,,90649,,,1,12,,90650,,,1,12,,90652,,,1,52,,90651,,,1,12,,90653,,,1,12,,90654,,,1,12,,90655,,,1,12,,90656,,,1,55,,90706,,,1,15,,90701,,,1,15,,90702,,,1,15,,90703,,,1,55,,90704,,,1,15,,90671,,,1,15,,90670,,,1,15,,90669,,,1,55,,90667,,,1,15,,90668,,,1,15,,90675,,,1,15,,90674,,,1,55,,90673,,,1,15,,90672,,,1,15,,90700,,,1,15,,90657,,,1,55,,90658,,,1,15,,90659,,,1,15,,90660,,,1,15,,90661,,,1,55,,90662,,,1,15,,90663,,,1,15,,90664,,,1,15,,90665,,,1,54,,90699,,,1,13,,90698,,,1,13,,90697,,,1,13,,90696,,,1,12,,90695,,,1,52,,90694,,,1,12,,90693,,,1,12,,90692,,,1,12,,90691,,,1,12,,90690,,,1,52,,90689,,,1,12,,90688,,,1,12,,90687,,,1,12,,90666,,,1,12,,90705,,,1,58,,90686,,,1,26,,90685,,,1,69,,90684,,,1,30,,90683,,,1,70,,90682,,,1,30,,90681,,,1,70,,90680,,,1,30,,90679,,,1,69,,90678,,,1,97,,90677,,,1,100,,90676,,,1
11401,'114-Weekday-5-26-02-1111100',543,,90707,,,1,70,,90708,,,1,33,,90709,,,1,60,,90710,,,1,12,,90711,,,1,12,,90712,,,1,12,,90713,,,1,12,,90715,,,1,52,,90714,,,1,12,,90716,,,1,12,,90717,,,1,12,,90718,,,1,12,,90719,,,1,55,,90769,,,1,15,,90764,,,1,15,,90765,,,1,15,,90766,,,1,55,,90767,,,1,15,,90734,,,1,15,,90733,,,1,15,,90732,,,1,55,,90730,,,1,15,,90731,,,1,15,,90738,,,1,15,,90737,,,1,55,,90736,,,1,15,,90735,,,1,15,,90763,,,1,15,,90720,,,1,55,,90721,,,1,15,,90722,,,1,15,,90723,,,1,15,,90724,,,1,55,,90725,,,1,15,,90726,,,1,15,,90727,,,1,15,,90728,,,1,54,,90762,,,1,13,,90761,,,1,13,,90760,,,1,13,,90759,,,1,12,,90758,,,1,52,,90757,,,1,12,,90756,,,1,12,,90755,,,1,12,,90754,,,1,12,,90753,,,1,52,,90752,,,1,12,,90751,,,1,12,,90750,,,1,12,,90729,,,1,12,,90768,,,1,58,,90749,,,1,26,,90748,,,1,69,,90747,,,1,30,,90746,,,1,70,,90745,,,1,30,,90744,,,1,70,,90743,,,1,30,,90742,,,1,69,,90741,,,1,97,,90740,,,1,100,,90739,,,1
11401,'114-Weekday-6-26-02-1111100',543,,90774,,,1,70,,90775,,,1,33,,90776,,,1,60,,90777,,,1,12,,90778,,,1,12,,90779,,,1,12,,90780,,,1,12,,90782,,,1,52,,90781,,,1,12,,90783,,,1,12,,90784,,,1,12,,90785,,,1,12,,90786,,,1,55,,90836,,,1,15,,90831,,,1,15,,90832,,,1,15,,90833,,,1,55,,90834,,,1,15,,90801,,,1,15,,90800,,,1,15,,90799,,,1,55,,90797,,,1,15,,90798,,,1,15,,90805,,,1,15,,90804,,,1,55,,90803,,,1,15,,90802,,,1,15,,90830,,,1,15,,90787,,,1,55,,90788,,,1,15,,90789,,,1,15,,90790,,,1,15,,90791,,,1,55,,90792,,,1,15,,90793,,,1,15,,90794,,,1,15,,90795,,,1,54,,90829,,,1,13,,90828,,,1,13,,90827,,,1,13,,90826,,,1,12,,90825,,,1,52,,90824,,,1,12,,90823,,,1,12,,90822,,,1,12,,90821,,,1,12,,90820,,,1,52,,90819,,,1,12,,90818,,,1,12,,90817,,,1,12,,90796,,,1,12,,90835,,,1,58,,90816,,,1,26,,90815,,,1,69,,90814,,,1,30,,90813,,,1,70,,90812,,,1,30,,90811,,,1,70,,90810,,,1,30,,90809,,,1,69,,90808,,,1,97,,90807,,,1,100,,90806,,,1
11401,'114-Weekday-7-26-02-1111100',543,,90841,,,1,70,,90842,,,1,33,,90843,,,1,60,,90844,,,1,12,,90845,,,1,12,,90846,,,1,12,,90847,,,1,12,,90849,,,1,52,,90848,,,1,12,,90850,,,1,12,,90851,,,1,12,,90852,,,1,12,,90853,,,1,55,,90903,,,1,15,,90898,,,1,15,,90899,,,1,15,,90900,,,1,55,,90901,,,1,15,,90868,,,1,15,,90867,,,1,15,,90866,,,1,55,,90864,,,1,15,,90865,,,1,15,,90872,,,1,15,,90871,,,1,55,,90870,,,1,15,,90869,,,1,15,,90897,,,1,15,,90854,,,1,55,,90855,,,1,15,,90856,,,1,15,,90857,,,1,15,,90858,,,1,55,,90859,,,1,15,,90860,,,1,15,,90861,,,1,15,,90862,,,1,54,,90896,,,1,13,,90895,,,1,13,,90894,,,1,13,,90893,,,1,12,,90892,,,1,52,,90891,,,1,12,,90890,,,1,12,,90889,,,1,12,,90888,,,1,12,,90887,,,1,52,,90886,,,1,12,,90885,,,1,12,,90884,,,1,12,,90863,,,1,12,,90902,,,1,58,,90883,,,1,26,,90882,,,1,69,,90881,,,1,30,,90880,,,1,70,,90879,,,1,30,,90878,,,1,70,,90877,,,1,30,,90876,,,1,69,,90875,,,1,97,,90874,,,1,100,,90873,,,1
11401,'114-Weekday-8-26-02-1111100',543,,90904,,,1,70,,90905,,,1,33,,90906,,,1,60,,90907,,,1,12,,90908,,,1,12,,90909,,,1,12,,90910,,,1,12,,90912,,,1,52,,90911,,,1,12,,90913,,,1,12,,90914,,,1,12,,90915,,,1,12,,90916,,,1,55,,90966,,,1,15,,90961,,,1,15,,90962,,,1,15,,90963,,,1,55,,90964,,,1,15,,90931,,,1,15,,90930,,,1,15,,90929,,,1,55,,90927,,,1,15,,90928,,,1,15,,90935,,,1,15,,90934,,,1,55,,90933,,,1,15,,90932,,,1,15,,90960,,,1,15,,90917,,,1,55,,90918,,,1,15,,90919,,,1,15,,90920,,,1,15,,90921,,,1,55,,90922,,,1,15,,90923,,,1,15,,90924,,,1,15,,90925,,,1,54,,90959,,,1,13,,90958,,,1,13,,90957,,,1,13,,90956,,,1,12,,90955,,,1,52,,90954,,,1,12,,90953,,,1,12,,90952,,,1,12,,90951,,,1,12,,90950,,,1,52,,90949,,,1,12,,90948,,,1,12,,90947,,,1,12,,90926,,,1,12,,90965,,,1,58,,90946,,,1,26,,90945,,,1,69,,90944,,,1,30,,90943,,,1,70,,90942,,,1,30,,90941,,,1,70,,90940,,,1,30,,90939,,,1,69,,90938,,,1,97,,90937,,,1,100,,90936,,,1
11401,'114-Weekday-9-26-02-1111100',543,,90971,,,1,70,,90972,,,1,33,,90973,,,1,60,,90974,,,1,12,,90975,,,1,12,,90976,,,1,12,,90977,,,1,12,,90979,,,1,52,,90978,,,1,12,,90980,,,1,12,,90981,,,1,12,,90982,,,1,12,,90983,,,1,55,,91033,,,1,15,,91028,,,1,15,,91029,,,1,15,,91030,,,1,55,,91031,,,1,15,,90998,,,1,15,,90997,,,1,15,,90996,,,1,55,,90994,,,1,15,,90995,,,1,15,,91002,,,1,15,,91001,,,1,55,,91000,,,1,15,,90999,,,1,15,,91027,,,1,15,,90984,,,1,55,,90985,,,1,15,,90986,,,1,15,,90987,,,1,15,,90988,,,1,55,,90989,,,1,15,,90990,,,1,15,,90991,,,1,15,,90992,,,1,54,,91026,,,1,13,,91025,,,1,13,,91024,,,1,13,,91023,,,1,12,,91022,,,1,52,,91021,,,1,12,,91020,,,1,12,,91019,,,1,12,,91018,,,1,12,,91017,,,1,52,,91016,,,1,12,,91015,,,1,12,,91014,,,1,12,,90993,,,1,12,,91032,,,1,58,,91013,,,1,26,,91012,,,1,69,,91011,,,1,30,,91010,,,1,70,,91009,,,1,30,,91008,,,1,70,,91007,,,1,30,,91006,,,1,69,,91005,,,1,97,,91004,,,1,100,,91003,,,1
11401,'114-Saturday-1-26-02-0000010',640,,91038,,,1,100,,91039,,,1,95,,91040,,,1,20,,91041,,,1,62,,91042,,,1,22,,91043,,,1,20,,91044,,,1,60,,91045,,,1,20,,91046,,,1,20,,91047,,,1,60,,91048,,,1,20,,91049,,,1,20,,91050,,,1,60,,91051,,,1,20,,91052,,,1,20,,91053,,,1,60,,91054,,,1,20,,91055,,,1,20,,91056,,,1,60,,91057,,,1,20,,91058,,,1,20,,91059,,,1,60,,91060,,,1,20,,91061,,,1,20,,91062,,,1,60,,91063,,,1,20,,91064,,,1,20,,91065,,,1,59,,91066,,,1,18,,91067,,,1,20,,91068,,,1,60,,91069,,,1,20,,91070,,,1,20,,91071,,,1,60,,91072,,,1,27,,91073,,,1,70,,91074,,,1,30,,91075,,,1,70,,91076,,,1,30,,91077,,,1,70,,91078,,,1,100,,91079,,,1,100,,91080,,,1
11401,'114-Sunday-1-26-02-0000001',643,,91113,,,1,100,,91114,,,1,100,,91115,,,1,104,,91116,,,1,100,,91109,,,1,60,,91118,,,1,20,,91119,,,1,20,,91085,,,1,60,,91086,,,1,20,,91087,,,1,20,,91097,,,1,60,,91098,,,1,20,,91099,,,1,20,,91100,,,1,60,,91101,,,1,20,,91102,,,1,20,,91103,,,1,60,,91104,,,1,20,,91105,,,1,20,,91106,,,1,60,,91107,,,1,20,,91096,,,1,20,,91092,,,1,59,,91110,,,1,19,,91111,,,1,19,,91112,,,1,60,,91084,,,1,20,,91083,,,1,20,,91082,,,1,60,,91088,,,1,20,,91093,,,1,25,,91089,,,1,70,,91090,,,1,30,,91091,,,1,70,,91094,,,1,30,,91095,,,1,70,,91081,,,1,100,,91108,,,1,100,,91117,,,1
