10701,'107-Weekday-1-26-02-1111100',550,,31135,32,,,1,70,,31136,32,,,1,33,,31137,32,,,1,50,,31160,32,,,1,10,,31138,32,,,1,10,,31139,32,,,1,10,,31161,32,,,1,10,,31140,32,,,1,10,,31141,32,,,1,50,,31162,32,,,1,8,,31190,32,,,1,2,,31142,32,,,1,10,,31143,32,,,1,10,,31144,32,,,1,8,,31191,32,,,1,2,,31145,32,,,1,10,,31146,32,,,1,58,,31163,32,,,1,19,,31147,32,,,1,20,,31148,32,,,1,60,,31164,32,,,1,20,,31165,32,,,1,20,,31166,32,,,1,60,,31167,32,,,1,20,,31168,32,,,1,20,,31169,32,,,1,60,,31170,32,,,1,20,,31171,32,,,1,20,,31172,32,,,1,60,,31173,32,,,1,20,,31174,32,,,1,20,,31175,32,,,1,60,,31176,32,,,1,20,,31177,32,,,1,20,,31178,32,,,1,62,,31187,32,,,1,16,,31159,32,,,1,15,,31179,32,,,1,15,,31180,32,,,1,55,,31181,32,,,1,15,,31149,32,,,1,15,,31150,32,,,1,15,,31151,32,,,1,55,,31152,32,,,1,15,,31153,32,,,1,15,,31154,32,,,1,62,,31188,32,,,1,20,,31189,32,,,1,18,,31155,32,,,1,69,,31183,32,,,1,30,,31184,32,,,1,70,,31185,32,,,1,30,,31186,32,,,1,70,,31156,32,,,1,30,,31158,32,,,1,69,,31157,32,,,1,30,,31182,32,,,1
10701,'107-Weekday-10-26-02-1111100',550,,31192,32,,,1,70,,31193,32,,,1,33,,31194,32,,,1,50,,31217,32,,,1,10,,31195,32,,,1,10,,31196,32,,,1,10,,31218,32,,,1,10,,31197,32,,,1,10,,31198,32,,,1,50,,31219,32,,,1,8,,31247,32,,,1,2,,31199,32,,,1,10,,31200,32,,,1,10,,31201,32,,,1,8,,31248,32,,,1,2,,31202,32,,,1,10,,31203,32,,,1,58,,31220,32,,,1,19,,31204,32,,,1,20,,31205,32,,,1,60,,31221,32,,,1,20,,31222,32,,,1,20,,31223,32,,,1,60,,31224,32,,,1,20,,31225,32,,,1,20,,31226,32,,,1,60,,31227,32,,,1,20,,31228,32,,,1,20,,31229,32,,,1,60,,31230,32,,,1,20,,31231,32,,,1,20,,31232,32,,,1,60,,31233,32,,,1,20,,31234,32,,,1,20,,31235,32,,,1,62,,31244,32,,,1,16,,31216,32,,,1,15,,31236,32,,,1,15,,31237,32,,,1,55,,31238,32,,,1,15,,31206,32,,,1,15,,31207,32,,,1,15,,31208,32,,,1,55,,31209,32,,,1,15,,31210,32,,,1,15,,31211,32,,,1,62,,31245,32,,,1,20,,31246,32,,,1,18,,31212,32,,,1,69,,31240,32,,,1,30,,31241,32,,,1,70,,31242,32,,,1,30,,31243,32,,,1,70,,31213,32,,,1,30,,31215,32,,,1,69,,31214,32,,,1,30,,31239,32,,,1
10701,'107-Weekday-11-26-02-1111100',550,,112212,32,,,1,70,,112213,32,,,1,33,,112214,32,,,1,50,,112237,32,,,1,10,,112215,32,,,1,10,,112216,32,,,1,10,,112238,32,,,1,10,,112217,32,,,1,10,,112218,32,,,1,50,,112239,32,,,1,8,,112267,32,,,1,2,,112219,32,,,1,10,,112220,32,,,1,10,,112221,32,,,1,8,,112268,32,,,1,2,,112222,32,,,1,10,,112223,32,,,1,58,,112240,32,,,1,19,,112224,32,,,1,20,,112225,32,,,1,60,,112241,32,,,1,20,,112242,32,,,1,20,,112243,32,,,1,60,,112244,32,,,1,20,,112245,32,,,1,20,,112246,32,,,1,60,,112247,32,,,1,20,,112248,32,,,1,20,,112249,32,,,1,60,,112250,32,,,1,20,,112251,32,,,1,20,,112252,32,,,1,60,,112253,32,,,1,20,,112254,32,,,1,20,,112255,32,,,1,62,,112264,32,,,1,16,,112236,32,,,1,15,,112256,32,,,1,15,,112257,32,,,1,55,,112258,32,,,1,15,,112226,32,,,1,15,,112227,32,,,1,15,,112228,32,,,1,55,,112229,32,,,1,15,,112230,32,,,1,15,,112231,32,,,1,62,,112265,32,,,1,20,,112266,32,,,1,18,,112232,32,,,1,69,,112260,32,,,1,30,,112261,32,,,1,70,,112262,32,,,1,30,,112263,32,,,1,70,,112233,32,,,1,30,,112235,32,,,1,69,,112234,32,,,1,30,,112259,32,,,1
10701,'107-Saturday-1-26-02-0000010',813,,31642,32,,,1,30,,31643,32,,,1,70,,31644,32,,,1,31,,31645,32,,,1,70,,31646,32,,,1,30,,31647,32,,,1,70,,31648,32,,,1,30,,31649,32,,,1,70,,31650,32,,,1,30,,31651,32,,,1,70,,31652,32,,,1,30,,31653,32,,,1,70,,31654,32,,,1,30,,31655,32,,,1,70,,31656,32,,,1,30,,31657,32,,,1,70,,31658,32,,,1,30,,31659,32,,,1,70,,31660,32,,,1,29,,31661,32,,,1,70,,31662,32,,,1,30,,31663,32,,,1,70,,31664,32,,,1
10701,'107-Sunday-2-26-02-0000001',1002,,112269,32,,,1,30,,112270,32,,,1,70,,112271,32,,,1,30,,112272,32,,,1,70,,112273,32,,,1,30,,112274,32,,,1,70,,112275,32,,,1,30,,112276,32,,,1,70,,112277,32,,,1,30,,112278,32,,,1,70,,112279,32,,,1,30,,112280,32,,,1,70,,112281,32,,,1,30,,112282,32,,,1,70,,112283,32,,,1,29,,112284,32,,,1,70,,112285,32,,,1,30,,112286,32,,,1,70,,112287,32,,,1,30,,112288,32,,,1
62601,'626-Weekday-1-26-02-1111100',733,,60869,24,,,1,2,,60870,24,,,1,8,,60871,24,,,1,3,,60872,24,,,1
62601,'626-Weekday-10-26-02-1111100',733,,116740,24,,,1,2,,116741,24,,,1,8,,116742,24,,,1,3,,116743,24,,,1
62601,'626-Weekday-9-26-02-1111100',733,,60889,24,,,1,2,,60890,24,,,1,8,,60891,24,,,1,3,,60892,24,,,1
62801,'628-Weekday-1-26-02-1111100',816,,60908,19,,,1
62801,'628-Weekday-10-26-02-1111100',816,,116747,19,,,1
62801,'628-Weekday-9-26-02-1111100',816,,60912,19,,,1
