5101,'051-Weekday-1-26-06-1111100',531,,166756,14,,,1,70,,166757,14,,,1,30,,166768,14,,,1,22,,166767,14,,,1,60,,166758,14,,,1,20,,166759,14,,,1,20,,166760,14,,,1,60,,166761,14,,,1,20,,166762,14,,,1,20,,166741,14,,,1,68,,166755,14,,,1,30,,166742,14,,,1,70,,166763,14,,,1,30,,166743,14,,,1,70,,166744,14,,,1,30,,166764,14,,,1,70,,166745,14,,,1,30,,166746,14,,,1,70,,166765,14,,,1,30,,166747,14,,,1,70,,166766,14,,,1,30,,166748,14,,,1,70,,166749,14,,,1,30,,166750,14,,,1,70,,166751,14,,,1,30,,166752,14,,,1,70,,166753,14,,,1,30,,166770,14,,,1,70,,166771,14,,,1,29,,166772,14,,,1,70,,166773,14,,,1,30,,166774,14,,,1,70,,166775,14,,,1,30,,166776,14,,,1,70,,166777,14,,,1,30,,166754,14,,,1,100,,166769,14,,,1
5101,'051-Saturday-1-26-06-0000010',610,,166778,14,,,1,100,,166779,14,,,1,100,,166780,14,,,1,30,,166781,14,,,1,70,,166782,14,,,1,30,,166783,14,,,1,70,,166784,14,,,1,30,,166785,14,,,1,70,,166786,14,,,1,30,,166787,14,,,1,70,,166788,14,,,1,30,,166789,14,,,1,70,,166790,14,,,1,30,,166791,14,,,1,70,,166792,14,,,1,30,,166793,14,,,1,70,,166794,14,,,1,30,,166795,14,,,1,70,,166796,14,,,1,30,,166797,14,,,1,69,,166798,14,,,1,30,,166799,14,,,1,70,,166800,14,,,1,30,,166801,14,,,1,70,,166802,14,,,1,100,,166803,14,,,1,100,,166804,14,,,1,100,,166805,14,,,1
5101,'051-Sunday-1-26-06-0000001',710,,166825,14,,,1,100,,166826,14,,,1,101,,166827,14,,,1,30,,166830,14,,,1,70,,166806,14,,,1,30,,166807,14,,,1,70,,166808,14,,,1,30,,166809,14,,,1,70,,166810,14,,,1,30,,166811,14,,,1,70,,166812,14,,,1,30,,166813,14,,,1,70,,166814,14,,,1,30,,166815,14,,,1,70,,166816,14,,,1,30,,166817,14,,,1,70,,166818,14,,,1,30,,166819,14,,,1,69,,166820,14,,,1,30,,166821,14,,,1,70,,166822,14,,,1,30,,166823,14,,,1,70,,166824,14,,,1,100,,166828,14,,,1,100,,166829,14,,,1,100,,166831,14,,,1
10301,'103-Weekday-1-26-06-1111100',552,,170219,34,,,1,70,,170220,34,,,1,18,,170221,17,,,1,15,,170257,34,,,1,55,,170222,17,,,1,15,,170258,34,,,1,15,,170223,17,,,1,15,,170259,34,,,1,55,,170224,17,,,1,15,,170260,34,,,1,15,,170225,17,,,1,13,,170226,34,,,1,69,,170227,34,,,1,30,,170228,34,,,1,70,,170229,34,,,1,30,,170230,34,,,1,70,,170231,34,,,1,30,,170232,34,,,1,70,,170233,34,,,1,30,,170234,34,,,1,70,,170235,34,,,1,30,,170236,34,,,1,70,,170237,34,,,1,30,,170238,34,,,1,64,,170261,34,,,1,24,,170256,34,,,1,70,,170255,34,,,1,30,,170254,34,,,1,70,,170253,34,,,1,30,,170252,34,,,1,70,,170239,34,,,1,27,,170240,34,,,1,69,,170241,34,,,1,30,,170242,34,,,1,70,,170243,34,,,1,30,,170244,34,,,1,70,,170245,34,,,1,30,,170246,34,,,1,69,,170247,34,,,1,29,,170248,34,,,1,73,,170249,34,,,1,30,,170250,34,,,1,70,,170251,34,,,1
10301,'103-Saturday-1-26-06-0000010',625,,170262,34,,,1,30,,170263,34,,,1,70,,170264,34,,,1,30,,170265,34,,,1,70,,170266,34,,,1,30,,170267,34,,,1,70,,170268,34,,,1,30,,170269,34,,,1,70,,170270,34,,,1,30,,170271,34,,,1,70,,170272,34,,,1,30,,170273,34,,,1,70,,170274,34,,,1,30,,170275,34,,,1,70,,170276,34,,,1,30,,170277,34,,,1,70,,170278,34,,,1,30,,170279,34,,,1,70,,170280,34,,,1,30,,170281,34,,,1,70,,170282,34,,,1,30,,170283,34,,,1,71,,170284,34,,,1,30,,170285,34,,,1,70,,170286,34,,,1,30,,170287,34,,,1,70,,170288,34,,,1,30,,170289,34,,,1,70,,170290,34,,,1,30,,170291,34,,,1,70,,170292,34,,,1,30,,170293,34,,,1,70,,170294,34,,,1,30,,170295,34,,,1,70,,170296,34,,,1,30,,170297,34,,,1,70,,170298,34,,,1
10301,'103-Sunday-1-26-06-0000001',619,,170299,34,,,1,30,,170300,34,,,1,70,,170301,34,,,1,30,,170302,34,,,1,70,,170303,34,,,1,30,,170304,34,,,1,68,,170305,34,,,1,33,,170306,34,,,1,70,,170307,34,,,1,30,,170308,34,,,1,70,,170309,34,,,1,30,,170310,34,,,1,70,,170311,34,,,1,30,,170312,34,,,1,70,,170313,34,,,1,30,,170314,34,,,1,70,,170315,34,,,1,30,,170316,34,,,1,70,,170317,34,,,1,30,,170318,34,,,1,70,,170319,34,,,1,30,,170320,34,,,1,70,,170321,34,,,1,30,,170322,34,,,1,70,,170323,34,,,1,30,,170324,34,,,1,70,,170325,34,,,1,30,,170326,34,,,1,70,,170327,34,,,1,30,,170328,34,,,1,70,,170329,34,,,1,30,,170330,34,,,1,70,,170331,34,,,1,30,,170332,34,,,1,70,,170333,34,,,1,30,,170334,34,,,1,70,,170335,34,,,1
12401,'124-Weekday-1-26-06-1111100',544,,173822,34,,,1,70,,173823,34,,,1,35,,173847,34,,,1,62,,173824,34,,,1,20,,173825,34,,,1,20,,173826,34,,,1,60,,173827,34,,,1,20,,173828,34,,,1,20,,173817,34,,,1,68,,173839,34,,,1,29,,173840,34,,,1,70,,173841,34,,,1,30,,173842,34,,,1,70,,173843,34,,,1,30,,173829,34,,,1,70,,173830,34,,,1,30,,173831,34,,,1,70,,173832,34,,,1,30,,173833,34,,,1,70,,173834,34,,,1,30,,173835,34,,,1,71,,173818,34,,,1,25,,173844,34,,,1,60,,173845,34,,,1,20,,173846,34,,,1,20,,173837,34,,,1,60,,173838,34,,,1,20,,173836,34,,,1,20,,173819,34,,,1,70,,173821,34,,,1,28,,173820,34,,,1,66,,173848,34,,,1,27,,173849,34,,,1,68,,173850,34,,,1,30,,173851,34,,,1,70,,173852,34,,,1,30,,173853,34,,,1,70,,173854,34,,,1
12401,'124-Saturday-1-26-06-0000010',820,,173855,34,,,1,30,,173856,34,,,1,72,,173857,34,,,1,30,,173858,34,,,1,70,,173859,34,,,1,30,,173860,34,,,1,70,,173861,34,,,1,30,,173862,34,,,1,70,,173863,34,,,1,30,,173864,34,,,1,70,,173865,34,,,1,30,,173866,34,,,1,70,,173867,34,,,1,30,,173868,34,,,1,70,,173869,34,,,1,30,,173870,34,,,1,70,,173871,34,,,1,30,,173872,34,,,1,75,,173873,34,,,1,30,,173874,34,,,1,70,,173875,34,,,1,28,,173876,34,,,1,69,,173877,34,,,1
12401,'124-Sunday-1-26-06-0000001',1010,,173878,34,,,1,30,,173879,34,,,1,70,,173880,34,,,1,29,,173881,34,,,1,70,,173882,34,,,1,30,,173883,34,,,1,70,,173884,34,,,1,30,,173885,34,,,1,70,,173886,34,,,1,30,,173887,34,,,1,70,,173888,34,,,1,30,,173889,34,,,1,70,,173891,34,,,1,30,,173892,34,,,1,69,,173893,34,,,1,31,,173890,34,,,1,70,,173894,34,,,1,30,,173895,34,,,1,71,,173896,34,,,1
24014001,'140X-Weekday-1-26-06-1111100',619,,187125,34,,,1,21,,187130,34,,,1,61,,187124,34,,,1,20,,187126,34,,,1,20,,187127,34,,,1,60,,187128,34,,,1,20,,187129,34,,,1,20,,187131,34,,,1
