92301,'923-Weekday-1-26-02-1111100',611,,99460,11,,,1,29,,99461,11,,,1,70,,99462,11,,,1,30,,99463,11,,,1,70,,99464,11,,,1,30,,99465,11,,,1,70,,99466,11,,,1,30,,99476,11,,,1,70,,99477,11,,,1,30,,99478,11,,,1,70,,99479,11,,,1,30,,99480,11,,,1,70,,99481,11,,,1,30,,99482,11,,,1,70,,99483,11,,,1,30,,99484,11,,,1,70,,99485,11,,,1,32,,99474,11,,,1,70,,99467,11,,,1,30,,99468,11,,,1,70,,99469,11,,,1,30,,99470,11,,,1,70,,99471,11,,,1,30,,99472,11,,,1,70,,99473,11,,,1,30,,99475,11,,,1,68,,99486,11,,,1,30,,99487,11,,,1,70,,99488,11,,,1,30,,99489,11,,,1,70,,99490,11,,,1,30,,99491,11,,,1,70,,99492,11,,,1
92301,'923-Weekday-10-26-02-1111100',611,,99493,11,,,1,29,,99494,11,,,1,70,,99495,11,,,1,30,,99496,11,,,1,70,,99497,11,,,1,30,,99498,11,,,1,70,,99499,11,,,1,30,,99509,11,,,1,70,,99510,11,,,1,30,,99511,11,,,1,70,,99512,11,,,1,30,,99513,11,,,1,70,,99514,11,,,1,30,,99515,11,,,1,70,,99516,11,,,1,30,,99517,11,,,1,70,,99518,11,,,1,32,,99507,11,,,1,70,,99500,11,,,1,30,,99501,11,,,1,70,,99502,11,,,1,30,,99503,11,,,1,70,,99504,11,,,1,30,,99505,11,,,1,70,,99506,11,,,1,30,,99508,11,,,1,68,,99519,11,,,1,30,,99520,11,,,1,70,,99521,11,,,1,30,,99522,11,,,1,70,,99523,11,,,1,30,,99524,11,,,1,70,,99525,11,,,1
92301,'923-Weekday-2-26-02-1111100',611,,99526,11,,,1,29,,99527,11,,,1,70,,99528,11,,,1,30,,99529,11,,,1,70,,99530,11,,,1,30,,99531,11,,,1,70,,99532,11,,,1,30,,99542,11,,,1,70,,99543,11,,,1,30,,99544,11,,,1,70,,99545,11,,,1,30,,99546,11,,,1,70,,99547,11,,,1,30,,99548,11,,,1,70,,99549,11,,,1,30,,99550,11,,,1,70,,99551,11,,,1,32,,99540,11,,,1,70,,99533,11,,,1,30,,99534,11,,,1,70,,99535,11,,,1,30,,99536,11,,,1,70,,99537,11,,,1,30,,99538,11,,,1,70,,99539,11,,,1,30,,99541,11,,,1,68,,99552,11,,,1,30,,99553,11,,,1,70,,99554,11,,,1,30,,99555,11,,,1,70,,99556,11,,,1,30,,99557,11,,,1,70,,99558,11,,,1
92301,'923-Weekday-4-26-02-1111100',611,,99559,11,,,1,29,,99560,11,,,1,70,,99561,11,,,1,30,,99562,11,,,1,70,,99563,11,,,1,30,,99564,11,,,1,70,,99565,11,,,1,30,,99575,11,,,1,70,,99576,11,,,1,30,,99577,11,,,1,70,,99578,11,,,1,30,,99579,11,,,1,70,,99580,11,,,1,30,,99581,11,,,1,70,,99582,11,,,1,30,,99583,11,,,1,70,,99584,11,,,1,32,,99573,11,,,1,70,,99566,11,,,1,30,,99567,11,,,1,70,,99568,11,,,1,30,,99569,11,,,1,70,,99570,11,,,1,30,,99571,11,,,1,70,,99572,11,,,1,30,,99574,11,,,1,68,,99585,11,,,1,30,,99586,11,,,1,70,,99587,11,,,1,30,,99588,11,,,1,70,,99589,11,,,1,30,,99590,11,,,1,70,,99591,11,,,1
92301,'923-Weekday-5-26-02-1111100',611,,99592,11,,,1,29,,99593,11,,,1,70,,99594,11,,,1,30,,99595,11,,,1,70,,99596,11,,,1,30,,99597,11,,,1,70,,99598,11,,,1,30,,99608,11,,,1,70,,99609,11,,,1,30,,99610,11,,,1,70,,99611,11,,,1,30,,99612,11,,,1,70,,99613,11,,,1,30,,99614,11,,,1,70,,99615,11,,,1,30,,99616,11,,,1,70,,99617,11,,,1,32,,99606,11,,,1,70,,99599,11,,,1,30,,99600,11,,,1,70,,99601,11,,,1,30,,99602,11,,,1,70,,99603,11,,,1,30,,99604,11,,,1,70,,99605,11,,,1,30,,99607,11,,,1,68,,99618,11,,,1,30,,99619,11,,,1,70,,99620,11,,,1,30,,99621,11,,,1,70,,99622,11,,,1,30,,99623,11,,,1,70,,99624,11,,,1
92301,'923-Weekday-6-26-02-1111100',611,,99625,11,,,1,29,,99626,11,,,1,70,,99627,11,,,1,30,,99628,11,,,1,70,,99629,11,,,1,30,,99630,11,,,1,70,,99631,11,,,1,30,,99641,11,,,1,70,,99642,11,,,1,30,,99643,11,,,1,70,,99644,11,,,1,30,,99645,11,,,1,70,,99646,11,,,1,30,,99647,11,,,1,70,,99648,11,,,1,30,,99649,11,,,1,70,,99650,11,,,1,32,,99639,11,,,1,70,,99632,11,,,1,30,,99633,11,,,1,70,,99634,11,,,1,30,,99635,11,,,1,70,,99636,11,,,1,30,,99637,11,,,1,70,,99638,11,,,1,30,,99640,11,,,1,68,,99651,11,,,1,30,,99652,11,,,1,70,,99653,11,,,1,30,,99654,11,,,1,70,,99655,11,,,1,30,,99656,11,,,1,70,,99657,11,,,1
92301,'923-Weekday-7-26-02-1111100',611,,99658,11,,,1,29,,99659,11,,,1,70,,99660,11,,,1,30,,99661,11,,,1,70,,99662,11,,,1,30,,99663,11,,,1,70,,99664,11,,,1,30,,99674,11,,,1,70,,99675,11,,,1,30,,99676,11,,,1,70,,99677,11,,,1,30,,99678,11,,,1,70,,99679,11,,,1,30,,99680,11,,,1,70,,99681,11,,,1,30,,99682,11,,,1,70,,99683,11,,,1,32,,99672,11,,,1,70,,99665,11,,,1,30,,99666,11,,,1,70,,99667,11,,,1,30,,99668,11,,,1,70,,99669,11,,,1,30,,99670,11,,,1,70,,99671,11,,,1,30,,99673,11,,,1,68,,99684,11,,,1,30,,99685,11,,,1,70,,99686,11,,,1,30,,99687,11,,,1,70,,99688,11,,,1,30,,99689,11,,,1,70,,99690,11,,,1
92301,'923-Weekday-8-26-02-1111100',611,,99691,11,,,1,29,,99692,11,,,1,70,,99693,11,,,1,30,,99694,11,,,1,70,,99695,11,,,1,30,,99696,11,,,1,70,,99697,11,,,1,30,,99707,11,,,1,70,,99708,11,,,1,30,,99709,11,,,1,70,,99710,11,,,1,30,,99711,11,,,1,70,,99712,11,,,1,30,,99713,11,,,1,70,,99714,11,,,1,30,,99715,11,,,1,70,,99716,11,,,1,32,,99705,11,,,1,70,,99698,11,,,1,30,,99699,11,,,1,70,,99700,11,,,1,30,,99701,11,,,1,70,,99702,11,,,1,30,,99703,11,,,1,70,,99704,11,,,1,30,,99706,11,,,1,68,,99717,11,,,1,30,,99718,11,,,1,70,,99719,11,,,1,30,,99720,11,,,1,70,,99721,11,,,1,30,,99722,11,,,1,70,,99723,11,,,1
92301,'923-Weekday-9-26-02-1111100',611,,99724,11,,,1,29,,99725,11,,,1,70,,99726,11,,,1,30,,99727,11,,,1,70,,99728,11,,,1,30,,99729,11,,,1,70,,99730,11,,,1,30,,99740,11,,,1,70,,99741,11,,,1,30,,99742,11,,,1,70,,99743,11,,,1,30,,99744,11,,,1,70,,99745,11,,,1,30,,99746,11,,,1,70,,99747,11,,,1,30,,99748,11,,,1,70,,99749,11,,,1,32,,99738,11,,,1,70,,99731,11,,,1,30,,99732,11,,,1,70,,99733,11,,,1,30,,99734,11,,,1,70,,99735,11,,,1,30,,99736,11,,,1,70,,99737,11,,,1,30,,99739,11,,,1,68,,99750,11,,,1,30,,99751,11,,,1,70,,99752,11,,,1,30,,99753,11,,,1,70,,99754,11,,,1,30,,99755,11,,,1,70,,99756,11,,,1
92301,'923-Saturday-1-26-02-0000010',816,,99757,11,,,1,30,,99758,11,,,1,72,,99759,11,,,1,30,,99760,11,,,1,70,,99761,11,,,1,30,,99762,11,,,1,70,,99763,11,,,1,30,,99764,11,,,1,70,,99765,11,,,1,30,,99766,11,,,1,70,,99767,11,,,1,30,,99768,11,,,1,70,,99769,11,,,1,30,,99770,11,,,1,70,,99771,11,,,1,30,,99772,11,,,1,70,,99773,11,,,1,30,,99774,11,,,1,70,,99775,11,,,1,30,,99776,11,,,1,70,,99777,11,,,1,30,,99778,11,,,1,70,,99779,11,,,1
92301,'923-Sunday-1-26-02-0000001',1018,,99780,11,,,1,30,,99781,11,,,1,70,,99782,11,,,1,30,,99783,11,,,1,70,,99784,11,,,1,30,,99785,11,,,1,70,,99786,11,,,1,30,,99787,11,,,1,70,,99788,11,,,1,30,,99789,11,,,1,70,,99790,11,,,1,30,,99791,11,,,1,70,,99792,11,,,1,30,,99793,11,,,1,70,,99794,11,,,1,30,,99795,11,,,1,70,,99796,11,,,1,30,,99797,11,,,1,70,,99798,11,,,1
