12100,'121-Weekday-1-26-02-1110100',1536,,40797,20,0,52,1,80,,40798,20,0,52,1
12100,'121-Weekday-1-26-02-1111100',1520,,40850,20,0,52,1,20,,40851,20,0,52,1,60,,40852,20,0,52,1,20,,40853,20,0,52,1,20,,40854,20,0,52,1,60,,40855,20,0,52,1,20,,40856,20,0,52,1,20,,40857,20,0,52,1,60,,40858,20,0,52,1
12100,'121-Weekday-10-26-02-1111100',1520,,40910,20,0,52,1,20,,40911,20,0,52,1,60,,40912,20,0,52,1,20,,40913,20,0,52,1,20,,40914,20,0,52,1,60,,40915,20,0,52,1,20,,40916,20,0,52,1,20,,40917,20,0,52,1,60,,40918,20,0,52,1
12100,'121-Weekday-2-26-02-1110100',1536,,40919,20,0,52,1,80,,40920,20,0,52,1
12100,'121-Weekday-2-26-02-1111100',1520,,40972,20,0,52,1,20,,40973,20,0,52,1,60,,40974,20,0,52,1,20,,40975,20,0,52,1,20,,40976,20,0,52,1,60,,40977,20,0,52,1,20,,40978,20,0,52,1,20,,40979,20,0,52,1,60,,40980,20,0,52,1
12100,'121-Weekday-4-26-02-1111100',1520,,41032,20,0,52,1,20,,41033,20,0,52,1,60,,41034,20,0,52,1,20,,41035,20,0,52,1,20,,41036,20,0,52,1,60,,41037,20,0,52,1,20,,41038,20,0,52,1,20,,41039,20,0,52,1,60,,41040,20,0,52,1
12100,'121-Weekday-5-26-02-1110100',1536,,41041,20,0,52,1,80,,41042,20,0,52,1
12100,'121-Weekday-5-26-02-1111100',1520,,41094,20,0,52,1,20,,41095,20,0,52,1,60,,41096,20,0,52,1,20,,41097,20,0,52,1,20,,41098,20,0,52,1,60,,41099,20,0,52,1,20,,41100,20,0,52,1,20,,41101,20,0,52,1,60,,41102,20,0,52,1
12100,'121-Weekday-6-26-02-1110100',1536,,41103,20,0,52,1,80,,41104,20,0,52,1
12100,'121-Weekday-6-26-02-1111100',1520,,41156,20,0,52,1,20,,41157,20,0,52,1,60,,41158,20,0,52,1,20,,41159,20,0,52,1,20,,41160,20,0,52,1,60,,41161,20,0,52,1,20,,41162,20,0,52,1,20,,41163,20,0,52,1,60,,41164,20,0,52,1
12100,'121-Weekday-7-26-02-1111100',1520,,41216,20,0,52,1,20,,41217,20,0,52,1,60,,41218,20,0,52,1,20,,41219,20,0,52,1,20,,41220,20,0,52,1,60,,41221,20,0,52,1,20,,41222,20,0,52,1,20,,41223,20,0,52,1,60,,41224,20,0,52,1
12100,'121-Weekday-8-26-02-1110100',1536,,41225,20,0,52,1,80,,41226,20,0,52,1
12100,'121-Weekday-8-26-02-1111100',1520,,41278,20,0,52,1,20,,41279,20,0,52,1,60,,41280,20,0,52,1,20,,41281,20,0,52,1,20,,41282,20,0,52,1,60,,41283,20,0,52,1,20,,41284,20,0,52,1,20,,41285,20,0,52,1,60,,41286,20,0,52,1
12100,'121-Weekday-9-26-02-1110100',1536,,41287,20,0,52,1,80,,41288,20,0,52,1
12100,'121-Weekday-9-26-02-1111100',1520,,41340,20,0,52,1,20,,41341,20,0,52,1,60,,41342,20,0,52,1,20,,41343,20,0,52,1,20,,41344,20,0,52,1,60,,41345,20,0,52,1,20,,41346,20,0,52,1,20,,41347,20,0,52,1,60,,41348,20,0,52,1
12101,'121-Weekday-1-26-02-1111100',528,,41439,5,,,1,30,,41468,5,,,1,61,,41470,6,,,1,8,,41417,5,,,1,12,,41469,6,,,1,8,,41418,5,,,1,12,,41471,6,,,1,48,,41419,5,,,1,12,,41472,6,,,1,8,,41420,5,,,1,6,,41477,6,,,1,6,,41474,6,,,1,8,,41421,5,,,1,8,,41478,6,,,1,4,,41476,6,,,1,48,,41422,5,,,1,12,,41473,6,,,1,8,,41423,5,,,1,12,,41475,6,,,1,18,,41424,5,,,1,71,,41425,5,,,1,20,,41426,5,,,1,60,,41427,5,,,1,20,,41428,5,,,1,20,,41429,5,,,1,60,,41430,5,,,1,20,,41431,5,,,1,20,,41432,5,,,1,60,,41433,5,,,1,20,,41434,5,,,1,20,,41435,5,,,1,60,,41436,5,,,1,20,,41437,5,,,1,20,,41438,5,,,1,61,,41440,9,,,1,20,,41441,9,,,1,20,,41442,9,,,1,61,,41443,9,,,1,21,,41444,9,,,1,20,,41445,9,,,1,60,,41446,9,,,1,20,,41447,9,,,1,20,,41448,9,,,1,60,,41449,9,,,1,20,,41450,9,,,1,20,,41451,9,,,1,60,,41452,9,,,1,20,,41453,9,,,1,19,,41466,9,,,1,58,,41454,9,,,1,20,,41455,9,,,1,20,,41456,9,,,1,60,,41457,9,,,1,20,,41458,9,,,1,20,,41459,9,,,1,60,,41460,9,,,1,20,,41461,9,,,1,20,,41462,9,,,1,60,,41467,9,,,1,18,,41463,9,,,1,100,,41464,9,,,1,100,,41465,9,,,1
12101,'121-Weekday-10-26-02-1111100',528,,41501,5,,,1,30,,41530,5,,,1,61,,41532,6,,,1,8,,41479,5,,,1,12,,41531,6,,,1,8,,41480,5,,,1,12,,41533,6,,,1,48,,41481,5,,,1,12,,41534,6,,,1,8,,41482,5,,,1,6,,41539,6,,,1,6,,41536,6,,,1,8,,41483,5,,,1,8,,41540,6,,,1,4,,41538,6,,,1,48,,41484,5,,,1,12,,41535,6,,,1,8,,41485,5,,,1,12,,41537,6,,,1,18,,41486,5,,,1,71,,41487,5,,,1,20,,41488,5,,,1,60,,41489,5,,,1,20,,41490,5,,,1,20,,41491,5,,,1,60,,41492,5,,,1,20,,41493,5,,,1,20,,41494,5,,,1,60,,41495,5,,,1,20,,41496,5,,,1,20,,41497,5,,,1,60,,41498,5,,,1,20,,41499,5,,,1,20,,41500,5,,,1,61,,41502,9,,,1,20,,41503,9,,,1,20,,41504,9,,,1,61,,41505,9,,,1,21,,41506,9,,,1,20,,41507,9,,,1,60,,41508,9,,,1,20,,41509,9,,,1,20,,41510,9,,,1,60,,41511,9,,,1,20,,41512,9,,,1,20,,41513,9,,,1,60,,41514,9,,,1,20,,41515,9,,,1,19,,41528,9,,,1,58,,41516,9,,,1,20,,41517,9,,,1,20,,41518,9,,,1,60,,41519,9,,,1,20,,41520,9,,,1,20,,41521,9,,,1,60,,41522,9,,,1,20,,41523,9,,,1,20,,41524,9,,,1,60,,41529,9,,,1,18,,41525,9,,,1,100,,41526,9,,,1,100,,41527,9,,,1
12101,'121-Weekday-2-26-02-1111100',528,,41563,5,,,1,30,,41592,5,,,1,61,,41594,6,,,1,8,,41541,5,,,1,12,,41593,6,,,1,8,,41542,5,,,1,12,,41595,6,,,1,48,,41543,5,,,1,12,,41596,6,,,1,8,,41544,5,,,1,6,,41601,6,,,1,6,,41598,6,,,1,8,,41545,5,,,1,8,,41602,6,,,1,4,,41600,6,,,1,48,,41546,5,,,1,12,,41597,6,,,1,8,,41547,5,,,1,12,,41599,6,,,1,18,,41548,5,,,1,71,,41549,5,,,1,20,,41550,5,,,1,60,,41551,5,,,1,20,,41552,5,,,1,20,,41553,5,,,1,60,,41554,5,,,1,20,,41555,5,,,1,20,,41556,5,,,1,60,,41557,5,,,1,20,,41558,5,,,1,20,,41559,5,,,1,60,,41560,5,,,1,20,,41561,5,,,1,20,,41562,5,,,1,61,,41564,9,,,1,20,,41565,9,,,1,20,,41566,9,,,1,61,,41567,9,,,1,21,,41568,9,,,1,20,,41569,9,,,1,60,,41570,9,,,1,20,,41571,9,,,1,20,,41572,9,,,1,60,,41573,9,,,1,20,,41574,9,,,1,20,,41575,9,,,1,60,,41576,9,,,1,20,,41577,9,,,1,19,,41590,9,,,1,58,,41578,9,,,1,20,,41579,9,,,1,20,,41580,9,,,1,60,,41581,9,,,1,20,,41582,9,,,1,20,,41583,9,,,1,60,,41584,9,,,1,20,,41585,9,,,1,20,,41586,9,,,1,60,,41591,9,,,1,18,,41587,9,,,1,100,,41588,9,,,1,100,,41589,9,,,1
12101,'121-Weekday-4-26-02-1111100',528,,41625,5,,,1,30,,41654,5,,,1,61,,41656,6,,,1,8,,41603,5,,,1,12,,41655,6,,,1,8,,41604,5,,,1,12,,41657,6,,,1,48,,41605,5,,,1,12,,41658,6,,,1,8,,41606,5,,,1,12,,41660,6,,,1,8,,41607,5,,,1,12,,41662,6,,,1,48,,41608,5,,,1,12,,41659,6,,,1,8,,41609,5,,,1,12,,41661,6,,,1,18,,41610,5,,,1,71,,41611,5,,,1,20,,41612,5,,,1,60,,41613,5,,,1,20,,41614,5,,,1,20,,41615,5,,,1,60,,41616,5,,,1,20,,41617,5,,,1,20,,41618,5,,,1,60,,41619,5,,,1,20,,41620,5,,,1,20,,41621,5,,,1,60,,41622,5,,,1,20,,41623,5,,,1,20,,41624,5,,,1,61,,41626,9,,,1,20,,41627,9,,,1,20,,41628,9,,,1,61,,41629,9,,,1,21,,41630,9,,,1,20,,41631,9,,,1,60,,41632,9,,,1,20,,41633,9,,,1,20,,41634,9,,,1,60,,41635,9,,,1,20,,41636,9,,,1,20,,41637,9,,,1,60,,41638,9,,,1,20,,41639,9,,,1,19,,41652,9,,,1,58,,41640,9,,,1,20,,41641,9,,,1,20,,41642,9,,,1,60,,41643,9,,,1,20,,41644,9,,,1,20,,41645,9,,,1,60,,41646,9,,,1,20,,41647,9,,,1,20,,41648,9,,,1,60,,41653,9,,,1,18,,41649,9,,,1,100,,41650,9,,,1,100,,41651,9,,,1
12101,'121-Weekday-5-26-02-1111100',528,,41685,5,,,1,30,,41714,5,,,1,61,,41716,6,,,1,8,,41663,5,,,1,12,,41715,6,,,1,8,,41664,5,,,1,12,,41717,6,,,1,48,,41665,5,,,1,12,,41718,6,,,1,8,,41666,5,,,1,6,,41723,6,,,1,6,,41720,6,,,1,8,,41667,5,,,1,8,,41724,6,,,1,4,,41722,6,,,1,48,,41668,5,,,1,12,,41719,6,,,1,8,,41669,5,,,1,12,,41721,6,,,1,18,,41670,5,,,1,71,,41671,5,,,1,20,,41672,5,,,1,60,,41673,5,,,1,20,,41674,5,,,1,20,,41675,5,,,1,60,,41676,5,,,1,20,,41677,5,,,1,20,,41678,5,,,1,60,,41679,5,,,1,20,,41680,5,,,1,20,,41681,5,,,1,60,,41682,5,,,1,20,,41683,5,,,1,20,,41684,5,,,1,61,,41686,9,,,1,20,,41687,9,,,1,20,,41688,9,,,1,61,,41689,9,,,1,21,,41690,9,,,1,20,,41691,9,,,1,60,,41692,9,,,1,20,,41693,9,,,1,20,,41694,9,,,1,60,,41695,9,,,1,20,,41696,9,,,1,20,,41697,9,,,1,60,,41698,9,,,1,20,,41699,9,,,1,19,,41712,9,,,1,58,,41700,9,,,1,20,,41701,9,,,1,20,,41702,9,,,1,60,,41703,9,,,1,20,,41704,9,,,1,20,,41705,9,,,1,60,,41706,9,,,1,20,,41707,9,,,1,20,,41708,9,,,1,60,,41713,9,,,1,18,,41709,9,,,1,100,,41710,9,,,1,100,,41711,9,,,1
12101,'121-Weekday-6-26-02-1111100',528,,41747,5,,,1,30,,41776,5,,,1,61,,41778,6,,,1,8,,41725,5,,,1,12,,41777,6,,,1,8,,41726,5,,,1,12,,41779,6,,,1,48,,41727,5,,,1,12,,41780,6,,,1,8,,41728,5,,,1,6,,41785,6,,,1,6,,41782,6,,,1,8,,41729,5,,,1,8,,41786,6,,,1,4,,41784,6,,,1,48,,41730,5,,,1,12,,41781,6,,,1,8,,41731,5,,,1,12,,41783,6,,,1,18,,41732,5,,,1,71,,41733,5,,,1,20,,41734,5,,,1,60,,41735,5,,,1,20,,41736,5,,,1,20,,41737,5,,,1,60,,41738,5,,,1,20,,41739,5,,,1,20,,41740,5,,,1,60,,41741,5,,,1,20,,41742,5,,,1,20,,41743,5,,,1,60,,41744,5,,,1,20,,41745,5,,,1,20,,41746,5,,,1,61,,41748,9,,,1,20,,41749,9,,,1,20,,41750,9,,,1,61,,41751,9,,,1,21,,41752,9,,,1,20,,41753,9,,,1,60,,41754,9,,,1,20,,41755,9,,,1,20,,41756,9,,,1,60,,41757,9,,,1,20,,41758,9,,,1,20,,41759,9,,,1,60,,41760,9,,,1,20,,41761,9,,,1,19,,41774,9,,,1,58,,41762,9,,,1,20,,41763,9,,,1,20,,41764,9,,,1,60,,41765,9,,,1,20,,41766,9,,,1,20,,41767,9,,,1,60,,41768,9,,,1,20,,41769,9,,,1,20,,41770,9,,,1,60,,41775,9,,,1,18,,41771,9,,,1,100,,41772,9,,,1,100,,41773,9,,,1
12101,'121-Weekday-7-26-02-1111100',528,,41809,5,,,1,30,,41838,5,,,1,61,,41840,6,,,1,8,,41787,5,,,1,12,,41839,6,,,1,8,,41788,5,,,1,12,,41841,6,,,1,48,,41789,5,,,1,12,,41842,6,,,1,8,,41790,5,,,1,12,,41844,6,,,1,8,,41791,5,,,1,12,,41846,6,,,1,48,,41792,5,,,1,12,,41843,6,,,1,8,,41793,5,,,1,12,,41845,6,,,1,18,,41794,5,,,1,71,,41795,5,,,1,20,,41796,5,,,1,60,,41797,5,,,1,20,,41798,5,,,1,20,,41799,5,,,1,60,,41800,5,,,1,20,,41801,5,,,1,20,,41802,5,,,1,60,,41803,5,,,1,20,,41804,5,,,1,20,,41805,5,,,1,60,,41806,5,,,1,20,,41807,5,,,1,20,,41808,5,,,1,61,,41810,9,,,1,20,,41811,9,,,1,20,,41812,9,,,1,61,,41813,9,,,1,21,,41814,9,,,1,20,,41815,9,,,1,60,,41816,9,,,1,20,,41817,9,,,1,20,,41818,9,,,1,60,,41819,9,,,1,20,,41820,9,,,1,20,,41821,9,,,1,60,,41822,9,,,1,20,,41823,9,,,1,19,,41836,9,,,1,58,,41824,9,,,1,20,,41825,9,,,1,20,,41826,9,,,1,60,,41827,9,,,1,20,,41828,9,,,1,20,,41829,9,,,1,60,,41830,9,,,1,20,,41831,9,,,1,20,,41832,9,,,1,60,,41837,9,,,1,18,,41833,9,,,1,100,,41834,9,,,1,100,,41835,9,,,1
12101,'121-Weekday-8-26-02-1111100',528,,41869,5,,,1,30,,41898,5,,,1,61,,41900,6,,,1,8,,41847,5,,,1,12,,41899,6,,,1,8,,41848,5,,,1,12,,41901,6,,,1,48,,41849,5,,,1,12,,41902,6,,,1,8,,41850,5,,,1,6,,41907,6,,,1,6,,41904,6,,,1,8,,41851,5,,,1,8,,41908,6,,,1,4,,41906,6,,,1,48,,41852,5,,,1,12,,41903,6,,,1,8,,41853,5,,,1,12,,41905,6,,,1,18,,41854,5,,,1,71,,41855,5,,,1,20,,41856,5,,,1,60,,41857,5,,,1,20,,41858,5,,,1,20,,41859,5,,,1,60,,41860,5,,,1,20,,41861,5,,,1,20,,41862,5,,,1,60,,41863,5,,,1,20,,41864,5,,,1,20,,41865,5,,,1,60,,41866,5,,,1,20,,41867,5,,,1,20,,41868,5,,,1,61,,41870,9,,,1,20,,41871,9,,,1,20,,41872,9,,,1,61,,41873,9,,,1,21,,41874,9,,,1,20,,41875,9,,,1,60,,41876,9,,,1,20,,41877,9,,,1,20,,41878,9,,,1,60,,41879,9,,,1,20,,41880,9,,,1,20,,41881,9,,,1,60,,41882,9,,,1,20,,41883,9,,,1,19,,41896,9,,,1,58,,41884,9,,,1,20,,41885,9,,,1,20,,41886,9,,,1,60,,41887,9,,,1,20,,41888,9,,,1,20,,41889,9,,,1,60,,41890,9,,,1,20,,41891,9,,,1,20,,41892,9,,,1,60,,41897,9,,,1,18,,41893,9,,,1,100,,41894,9,,,1,100,,41895,9,,,1
12101,'121-Weekday-9-26-02-1111100',528,,41931,5,,,1,30,,41960,5,,,1,61,,41962,6,,,1,8,,41909,5,,,1,12,,41961,6,,,1,8,,41910,5,,,1,12,,41963,6,,,1,48,,41911,5,,,1,12,,41964,6,,,1,8,,41912,5,,,1,6,,41969,6,,,1,6,,41966,6,,,1,8,,41913,5,,,1,8,,41970,6,,,1,4,,41968,6,,,1,48,,41914,5,,,1,12,,41965,6,,,1,8,,41915,5,,,1,12,,41967,6,,,1,18,,41916,5,,,1,71,,41917,5,,,1,20,,41918,5,,,1,60,,41919,5,,,1,20,,41920,5,,,1,20,,41921,5,,,1,60,,41922,5,,,1,20,,41923,5,,,1,20,,41924,5,,,1,60,,41925,5,,,1,20,,41926,5,,,1,20,,41927,5,,,1,60,,41928,5,,,1,20,,41929,5,,,1,20,,41930,5,,,1,61,,41932,9,,,1,20,,41933,9,,,1,20,,41934,9,,,1,61,,41935,9,,,1,21,,41936,9,,,1,20,,41937,9,,,1,60,,41938,9,,,1,20,,41939,9,,,1,20,,41940,9,,,1,60,,41941,9,,,1,20,,41942,9,,,1,20,,41943,9,,,1,60,,41944,9,,,1,20,,41945,9,,,1,19,,41958,9,,,1,58,,41946,9,,,1,20,,41947,9,,,1,20,,41948,9,,,1,60,,41949,9,,,1,20,,41950,9,,,1,20,,41951,9,,,1,60,,41952,9,,,1,20,,41953,9,,,1,20,,41954,9,,,1,60,,41959,9,,,1,18,,41955,9,,,1,100,,41956,9,,,1,100,,41957,9,,,1
12101,'121-Saturday-1-26-02-0000010',628,,41971,5,,,1,100,,41972,5,,,1,100,,41973,5,,,1,20,,41975,5,,,1,61,,42001,5,,,1,21,,41976,5,,,1,20,,41977,5,,,1,60,,42002,5,,,1,20,,41978,5,,,1,20,,41979,5,,,1,60,,42003,5,,,1,20,,41980,5,,,1,20,,41981,5,,,1,60,,42004,5,,,1,20,,41983,5,,,1,20,,41984,5,,,1,60,,42005,5,,,1,20,,41985,5,,,1,20,,41982,5,,,1,60,,42006,5,,,1,20,,41986,9,,,1,20,,41987,9,,,1,60,,42007,9,,,1,20,,41988,9,,,1,20,,41989,9,,,1,60,,42008,9,,,1,20,,41990,9,,,1,20,,41991,9,,,1,60,,42009,9,,,1,20,,41992,9,,,1,20,,41993,9,,,1,60,,42010,9,,,1,20,,41994,9,,,1,20,,41995,9,,,1,60,,42011,9,,,1,20,,41996,9,,,1,100,,41997,9,,,1,100,,41998,9,,,1,100,,41999,9,,,1,100,,41974,9,,,1,100,,42000,9,,,1
12101,'121-Sunday-1-26-02-0000001',627,,42012,5,,,1,100,,42013,5,,,1,100,,42014,5,,,1,103,,42015,5,,,1,100,,42016,5,,,1,70,,42017,5,,,1,30,,42018,5,,,1,70,,42019,5,,,1,30,,42020,5,,,1,70,,42022,5,,,1,30,,42023,5,,,1,70,,42024,5,,,1,30,,42021,9,,,1,70,,42025,9,,,1,30,,42026,9,,,1,70,,42027,9,,,1,30,,42028,9,,,1,70,,42029,9,,,1,27,,42030,9,,,1,30,,42031,9,,,1,70,,42032,9,,,1,30,,42033,9,,,1,70,,42034,9,,,1,100,,42035,9,,,1,100,,42036,9,,,1,100,,42037,9,,,1,100,,42038,9,,,1
