66900,'669-Weekday-1-26-02-1111100',742,,61700,17,,,1,3,,61699,17,,,1
66900,'669-Weekday-2-26-02-1111100',742,,61702,17,,,1,3,,61701,17,,,1
66900,'669-Weekday-5-26-02-1111100',742,,61704,17,,,1,3,,61703,17,,,1
66900,'669-Weekday-6-26-02-1111100',742,,61706,17,,,1,3,,61705,17,,,1
66900,'669-Weekday-8-26-02-1111100',742,,61708,17,,,1,3,,61707,17,,,1
66900,'669-Weekday-9-26-02-1111100',742,,61710,17,,,1,3,,61709,17,,,1
71800,'718-Weekday-1-26-02-1111100',555,,75085,19,,,1,70,,75086,19,,,1,21,,75087,19,,,1,61,,75088,19,,,1,20,,75089,19,,,1,20,,75090,19,,,1,60,,75091,19,,,1,20,,75092,19,,,1,29,,75093,19,,,1,70,,75094,19,,,1,30,,75095,19,,,1,70,,75096,19,,,1,30,,75097,19,,,1,70,,75098,19,,,1,30,,75099,19,,,1,70,,75100,19,,,1,30,,75101,19,,,1,70,,75102,19,,,1,30,,75103,19,,,1,70,,75104,19,,,1,30,,75105,19,,,1,67,,75106,19,,,1,21,,75107,19,,,1,58,,75123,19,4,,1,2,,75108,19,,,1,20,,75109,19,,,1,20,,75110,19,,,1,60,,75111,19,,,1,20,,75112,19,,,1,20,,75113,19,,,1,60,,75114,19,,,1,25,,75115,19,,,1,23,,75116,19,,,1,71,,75117,19,,,1,30,,75118,19,,,1,70,,75119,19,,,1,30,,75120,19,,,1,70,,75121,19,,,1,30,,75122,19,,,1
71800,'718-Weekday-10-26-02-1111100',555,,75124,19,,,1,70,,75125,19,,,1,21,,75126,19,,,1,61,,75127,19,,,1,20,,75128,19,,,1,20,,75129,19,,,1,60,,75130,19,,,1,20,,75131,19,,,1,29,,75132,19,,,1,70,,75133,19,,,1,30,,75134,19,,,1,70,,75135,19,,,1,30,,75136,19,,,1,70,,75137,19,,,1,30,,75138,19,,,1,70,,75139,19,,,1,30,,75140,19,,,1,70,,75141,19,,,1,30,,75142,19,,,1,70,,75143,19,,,1,30,,75144,19,,,1,67,,75145,19,,,1,21,,75146,19,,,1,58,,75162,19,4,,1,2,,75147,19,,,1,20,,75148,19,,,1,20,,75149,19,,,1,60,,75150,19,,,1,20,,75151,19,,,1,20,,75152,19,,,1,60,,75153,19,,,1,25,,75154,19,,,1,23,,75155,19,,,1,71,,75156,19,,,1,30,,75157,19,,,1,70,,75158,19,,,1,30,,75159,19,,,1,70,,75160,19,,,1,30,,75161,19,,,1
71800,'718-Weekday-2-26-02-1111100',555,,75163,19,,,1,70,,75164,19,,,1,21,,75165,19,,,1,61,,75166,19,,,1,20,,75167,19,,,1,20,,75168,19,,,1,60,,75169,19,,,1,20,,75170,19,,,1,29,,75171,19,,,1,70,,75172,19,,,1,30,,75173,19,,,1,70,,75174,19,,,1,30,,75175,19,,,1,70,,75176,19,,,1,30,,75177,19,,,1,70,,75178,19,,,1,30,,75179,19,,,1,70,,75180,19,,,1,30,,75181,19,,,1,70,,75182,19,,,1,30,,75183,19,,,1,67,,75184,19,,,1,21,,75185,19,,,1,58,,75201,19,4,,1,2,,75186,19,,,1,20,,75187,19,,,1,20,,75188,19,,,1,60,,75189,19,,,1,20,,75190,19,,,1,20,,75191,19,,,1,60,,75192,19,,,1,25,,75193,19,,,1,23,,75194,19,,,1,71,,75195,19,,,1,30,,75196,19,,,1,70,,75197,19,,,1,30,,75198,19,,,1,70,,75199,19,,,1,30,,75200,19,,,1
71800,'718-Weekday-4-26-02-1111100',555,,75202,19,,,1,70,,75203,19,,,1,21,,75204,19,,,1,61,,75205,19,,,1,20,,75206,19,,,1,20,,75207,19,,,1,60,,75208,19,,,1,20,,75209,19,,,1,29,,75210,19,,,1,70,,75211,19,,,1,30,,75212,19,,,1,70,,75213,19,,,1,30,,75214,19,,,1,70,,75215,19,,,1,30,,75216,19,,,1,70,,75217,19,,,1,30,,75218,19,,,1,70,,75219,19,,,1,30,,75220,19,,,1,70,,75221,19,,,1,30,,75222,19,,,1,67,,75223,19,,,1,21,,75224,19,,,1,60,,75225,19,,,1,20,,75226,19,,,1,20,,75227,19,,,1,60,,75228,19,,,1,20,,75229,19,,,1,20,,75230,19,,,1,60,,75231,19,,,1,25,,75232,19,,,1,23,,75233,19,,,1,71,,75234,19,,,1,30,,75235,19,,,1,70,,75236,19,,,1,30,,75237,19,,,1,70,,75238,19,,,1,30,,75239,19,,,1
71800,'718-Weekday-5-26-02-1111100',555,,75240,19,,,1,70,,75241,19,,,1,21,,75242,19,,,1,61,,75243,19,,,1,20,,75244,19,,,1,20,,75245,19,,,1,60,,75246,19,,,1,20,,75247,19,,,1,29,,75248,19,,,1,70,,75249,19,,,1,30,,75250,19,,,1,70,,75251,19,,,1,30,,75252,19,,,1,70,,75253,19,,,1,30,,75254,19,,,1,70,,75255,19,,,1,30,,75256,19,,,1,70,,75257,19,,,1,30,,75258,19,,,1,70,,75259,19,,,1,30,,75260,19,,,1,67,,75261,19,,,1,21,,75262,19,,,1,58,,75278,19,4,,1,2,,75263,19,,,1,20,,75264,19,,,1,20,,75265,19,,,1,60,,75266,19,,,1,20,,75267,19,,,1,20,,75268,19,,,1,60,,75269,19,,,1,25,,75270,19,,,1,23,,75271,19,,,1,71,,75272,19,,,1,30,,75273,19,,,1,70,,75274,19,,,1,30,,75275,19,,,1,70,,75276,19,,,1,30,,75277,19,,,1
71800,'718-Weekday-6-26-02-1111100',555,,75279,19,,,1,70,,75280,19,,,1,21,,75281,19,,,1,61,,75282,19,,,1,20,,75283,19,,,1,20,,75284,19,,,1,60,,75285,19,,,1,20,,75286,19,,,1,29,,75287,19,,,1,70,,75288,19,,,1,30,,75289,19,,,1,70,,75290,19,,,1,30,,75291,19,,,1,70,,75292,19,,,1,30,,75293,19,,,1,70,,75294,19,,,1,30,,75295,19,,,1,70,,75296,19,,,1,30,,75297,19,,,1,70,,75298,19,,,1,30,,75299,19,,,1,67,,75300,19,,,1,21,,75301,19,,,1,60,,75302,19,,,1,20,,75303,19,,,1,20,,75304,19,,,1,60,,75305,19,,,1,20,,75306,19,,,1,20,,75307,19,,,1,60,,75308,19,,,1,25,,75309,19,,,1,23,,75310,19,,,1,71,,75311,19,,,1,30,,75312,19,,,1,70,,75313,19,,,1,30,,75314,19,,,1,70,,75315,19,,,1,30,,75316,19,,,1
71800,'718-Weekday-7-26-02-1111100',555,,75317,19,,,1,70,,75318,19,,,1,21,,75319,19,,,1,61,,75320,19,,,1,20,,75321,19,,,1,20,,75322,19,,,1,60,,75323,19,,,1,20,,75324,19,,,1,29,,75325,19,,,1,70,,75326,19,,,1,30,,75327,19,,,1,70,,75328,19,,,1,30,,75329,19,,,1,70,,75330,19,,,1,30,,75331,19,,,1,70,,75332,19,,,1,30,,75333,19,,,1,70,,75334,19,,,1,30,,75335,19,,,1,70,,75336,19,,,1,30,,75337,19,,,1,67,,75338,19,,,1,21,,75339,19,,,1,60,,75340,19,,,1,20,,75341,19,,,1,20,,75342,19,,,1,60,,75343,19,,,1,20,,75344,19,,,1,20,,75345,19,,,1,60,,75346,19,,,1,25,,75347,19,,,1,23,,75348,19,,,1,71,,75349,19,,,1,30,,75350,19,,,1,70,,75351,19,,,1,30,,75352,19,,,1,70,,75353,19,,,1,30,,75354,19,,,1
71800,'718-Weekday-8-26-02-1111100',555,,75355,19,,,1,70,,75356,19,,,1,21,,75357,19,,,1,61,,75358,19,,,1,20,,75359,19,,,1,20,,75360,19,,,1,60,,75361,19,,,1,20,,75362,19,,,1,29,,75363,19,,,1,70,,75364,19,,,1,30,,75365,19,,,1,70,,75366,19,,,1,30,,75367,19,,,1,70,,75368,19,,,1,30,,75369,19,,,1,70,,75370,19,,,1,30,,75371,19,,,1,70,,75372,19,,,1,30,,75373,19,,,1,70,,75374,19,,,1,30,,75375,19,,,1,67,,75376,19,,,1,21,,75377,19,,,1,60,,75378,19,,,1,20,,75379,19,,,1,20,,75380,19,,,1,60,,75381,19,,,1,20,,75382,19,,,1,20,,75383,19,,,1,60,,75384,19,,,1,25,,75385,19,,,1,23,,75386,19,,,1,71,,75387,19,,,1,30,,75388,19,,,1,70,,75389,19,,,1,30,,75390,19,,,1,70,,75391,19,,,1,30,,75392,19,,,1
71800,'718-Weekday-9-26-02-1111100',555,,75393,19,,,1,70,,75394,19,,,1,21,,75395,19,,,1,61,,75396,19,,,1,20,,75397,19,,,1,20,,75398,19,,,1,60,,75399,19,,,1,20,,75400,19,,,1,29,,75401,19,,,1,70,,75402,19,,,1,30,,75403,19,,,1,70,,75404,19,,,1,30,,75405,19,,,1,70,,75406,19,,,1,30,,75407,19,,,1,70,,75408,19,,,1,30,,75409,19,,,1,70,,75410,19,,,1,30,,75411,19,,,1,70,,75412,19,,,1,30,,75413,19,,,1,67,,75414,19,,,1,21,,75415,19,,,1,58,,75431,19,4,,1,2,,75416,19,,,1,20,,75417,19,,,1,20,,75418,19,,,1,60,,75419,19,,,1,20,,75420,19,,,1,20,,75421,19,,,1,60,,75422,19,,,1,25,,75423,19,,,1,23,,75424,19,,,1,71,,75425,19,,,1,30,,75426,19,,,1,70,,75427,19,,,1,30,,75428,19,,,1,70,,75429,19,,,1,30,,75430,19,,,1
71800,'718-Saturday-1-26-02-0000010',801,,75457,19,,,1,30,,75455,19,,,1,70,,75456,19,,,1,33,,75453,19,,,1,70,,75432,19,,,1,30,,75433,19,,,1,70,,75434,19,,,1,30,,75435,19,,,1,70,,75436,19,,,1,30,,75437,19,,,1,70,,75438,19,,,1,30,,75439,19,,,1,70,,75440,19,,,1,30,,75441,19,,,1,70,,75442,19,,,1,30,,75443,19,,,1,70,,75444,19,,,1,30,,75445,19,,,1,70,,75446,19,,,1,30,,75447,19,,,1,70,,75448,19,,,1,30,,75449,19,,,1,70,,75450,19,,,1,30,,75451,19,,,1,70,,75454,19,,,1,100,,75452,19,,,1
71800,'718-Sunday-1-26-02-0000001',842,,75472,19,,,1,72,,75473,19,,,1,31,,75474,19,,,1,70,,75475,19,,,1,30,,75476,19,,,1,70,,75477,19,,,1,30,,75478,19,,,1,70,,75479,19,,,1,30,,75480,19,,,1,70,,75481,19,,,1,30,,75466,19,,,1,70,,75467,19,,,1,30,,75468,19,,,1,70,,75469,19,,,1,30,,75458,19,,,1,70,,75459,19,,,1,30,,75460,19,,,1,70,,75461,19,,,1,30,,75462,19,,,1,70,,75463,19,,,1,30,,75464,19,,,1,70,,75465,19,,,1,100,,75471,19,,,1,100,,75470,19,,,1
