92400,'924-Weekday-1-26-02-1111100',721,,99799,25,,,1,30,,99800,25,,,1,70,,99801,25,,,1,30,,99802,25,,,1,70,,99803,25,,,1,100,,99804,25,,,1,100,,99805,25,,,1,100,,99806,25,,,1,100,,99807,25,,,1,100,,99808,25,,,1,100,,99809,25,,,1,100,,99810,25,,,1,30,,99811,25,,,1,70,,99812,25,,,1,30,,99813,25,,,1,70,,99814,25,,,1,30,,99815,25,,,1
92400,'924-Weekday-10-26-02-1111100',721,,99816,25,,,1,30,,99817,25,,,1,70,,99818,25,,,1,30,,99819,25,,,1,70,,99820,25,,,1,100,,99821,25,,,1,100,,99822,25,,,1,100,,99823,25,,,1,100,,99824,25,,,1,100,,99825,25,,,1,100,,99826,25,,,1,100,,99827,25,,,1,30,,99828,25,,,1,70,,99829,25,,,1,30,,99830,25,,,1,70,,99831,25,,,1,30,,99832,25,,,1
92400,'924-Weekday-2-26-02-1111100',721,,99833,25,,,1,30,,99834,25,,,1,70,,99835,25,,,1,30,,99836,25,,,1,70,,99837,25,,,1,100,,99838,25,,,1,100,,99839,25,,,1,100,,99840,25,,,1,100,,99841,25,,,1,100,,99842,25,,,1,100,,99843,25,,,1,100,,99844,25,,,1,30,,99845,25,,,1,70,,99846,25,,,1,30,,99847,25,,,1,70,,99848,25,,,1,30,,99849,25,,,1
92400,'924-Weekday-4-26-02-1111100',721,,99850,25,,,1,30,,99851,25,,,1,70,,99852,25,,,1,30,,99853,25,,,1,70,,99854,25,,,1,100,,99855,25,,,1,100,,99856,25,,,1,100,,99857,25,,,1,100,,99858,25,,,1,100,,99859,25,,,1,100,,99860,25,,,1,100,,99861,25,,,1,30,,99862,25,,,1,70,,99863,25,,,1,30,,99864,25,,,1,70,,99865,25,,,1,30,,99866,25,,,1
92400,'924-Weekday-5-26-02-1111100',721,,99867,25,,,1,30,,99868,25,,,1,70,,99869,25,,,1,30,,99870,25,,,1,70,,99871,25,,,1,100,,99872,25,,,1,100,,99873,25,,,1,100,,99874,25,,,1,100,,99875,25,,,1,100,,99876,25,,,1,100,,99877,25,,,1,100,,99878,25,,,1,30,,99879,25,,,1,70,,99880,25,,,1,30,,99881,25,,,1,70,,99882,25,,,1,30,,99883,25,,,1
92400,'924-Weekday-6-26-02-1111100',721,,99884,25,,,1,30,,99885,25,,,1,70,,99886,25,,,1,30,,99887,25,,,1,70,,99888,25,,,1,100,,99889,25,,,1,100,,99890,25,,,1,100,,99891,25,,,1,100,,99892,25,,,1,100,,99893,25,,,1,100,,99894,25,,,1,100,,99895,25,,,1,30,,99896,25,,,1,70,,99897,25,,,1,30,,99898,25,,,1,70,,99899,25,,,1,30,,99900,25,,,1
92400,'924-Weekday-7-26-02-1111100',721,,99901,25,,,1,30,,99902,25,,,1,70,,99903,25,,,1,30,,99904,25,,,1,70,,99905,25,,,1,100,,99906,25,,,1,100,,99907,25,,,1,100,,99908,25,,,1,100,,99909,25,,,1,100,,99910,25,,,1,100,,99911,25,,,1,100,,99912,25,,,1,30,,99913,25,,,1,70,,99914,25,,,1,30,,99915,25,,,1,70,,99916,25,,,1,30,,99917,25,,,1
92400,'924-Weekday-8-26-02-1111100',721,,99918,25,,,1,30,,99919,25,,,1,70,,99920,25,,,1,30,,99921,25,,,1,70,,99922,25,,,1,100,,99923,25,,,1,100,,99924,25,,,1,100,,99925,25,,,1,100,,99926,25,,,1,100,,99927,25,,,1,100,,99928,25,,,1,100,,99929,25,,,1,30,,99930,25,,,1,70,,99931,25,,,1,30,,99932,25,,,1,70,,99933,25,,,1,30,,99934,25,,,1
92400,'924-Weekday-9-26-02-1111100',721,,99935,25,,,1,30,,99936,25,,,1,70,,99937,25,,,1,30,,99938,25,,,1,70,,99939,25,,,1,100,,99940,25,,,1,100,,99941,25,,,1,100,,99942,25,,,1,100,,99943,25,,,1,100,,99944,25,,,1,100,,99945,25,,,1,100,,99946,25,,,1,30,,99947,25,,,1,70,,99948,25,,,1,30,,99949,25,,,1,70,,99950,25,,,1,30,,99951,25,,,1
92400,'924-Saturday-1-26-02-0000010',851,,99952,25,,,1,100,,99953,25,,,1,100,,99954,25,,,1,100,,99955,25,,,1,100,,99956,25,,,1,100,,99957,25,,,1,100,,99958,25,,,1,100,,99959,25,,,1,100,,99960,25,,,1,100,,99961,25,,,1,100,,99962,25,,,1
92400,'924-Sunday-1-26-02-0000001',1051,,99963,25,,,1,100,,99964,25,,,1,100,,99965,25,,,1,100,,99966,25,,,1,100,,99967,25,,,1,100,,99968,25,,,1,100,,99969,25,,,1,100,,99970,25,,,1,100,,99971,25,,,1
