201,'002-Weekday-1-26-06-1111100',2515,,161526,11,0,28 41 7 42,1,30,,161527,11,0,28 41 7 42,1,70,,161528,11,0,28 41 7 42,1,30,,161529,11,0,28 41 7 42,1
201,'002-Weekday-2-26-06-1111100',2515,,189069,11,0,28 41 7 42,1,30,,189070,11,0,28 41 7 42,1,70,,189071,11,0,28 41 7 42,1,30,,189072,11,0,28 41 7 42,1
201,'002-Saturday-1-26-06-0000010',2415,,161609,11,0,28 41 7 42,1,30,,161603,11,0,28 41 7 42,1,70,,161604,11,0,28 41 7 42,1,30,,161601,11,0,28 41 7 42,1,70,,161605,11,0,28 41 7 42,1,30,,161606,11,0,28 41 7 42,1
201,'002-Sunday-1-26-06-0000001',2414,,161677,11,0,28 41 7 42,1,30,,161678,11,0,28 41 7 42,1,70,,161679,11,0,28 41 7 42,1,30,,161680,11,0,28 41 7 42,1,70,,161681,11,0,28 41 7 42,1,30,,161682,11,0,28 41 7 42,1
201,'002-Sunday-2-26-06-0000001',2414,,189142,11,0,28 41 7 42,1,30,,189143,11,0,28 41 7 42,1,70,,189144,11,0,28 41 7 42,1,30,,189145,11,0,28 41 7 42,1,70,,189146,11,0,28 41 7 42,1,30,,189147,11,0,28 41 7 42,1
5301,'053-Weekday-1-26-06-1111100',542,,167325,11,,,1,70,,167326,11,,,1,32,,167357,11,,,1,15,,167327,11,,,1,55,,167328,11,,,1,15,,167355,11,,,1,15,,167329,11,,,1,15,,167365,11,,,1,55,,167366,11,,,1,15,,167360,11,,,1,15,,167364,11,,,1,70,,167356,11,,,1,30,,167330,11,,,1,70,,167331,11,,,1,30,,167332,11,,,1,70,,167333,11,,,1,30,,167334,11,,,1,70,,167335,11,,,1,30,,167336,11,,,1,70,,167337,11,,,1,30,,167338,11,,,1,70,,167339,11,,,1,30,,167340,11,,,1,15,,167370,11,,,1,56,,167341,11,,,1,15,,167342,11,,,1,15,,167343,11,,,1,55,,167358,11,,,1,15,,167344,11,,,1,15,,167345,11,,,1,15,,167359,11,,,1,55,,167346,11,,,1,15,,167361,11,,,1,15,,167367,11,,,1,15,,167368,11,,,1,70,,167369,11,,,1,29,,167362,11,,,1,70,,167347,11,,,1,30,,167348,11,,,1,70,,167349,11,,,1,30,,167350,11,,,1,70,,167351,11,,,1,30,,167352,11,,,1,69,,167353,11,,,1,100,,167354,11,,,1,100,,167363,11,,,1
5301,'053-Weekday-2-26-06-1111100',542,,167371,11,,,1,70,,167372,11,,,1,32,,167403,11,,,1,15,,167373,11,,,1,55,,167374,11,,,1,15,,167401,11,,,1,15,,167375,11,,,1,15,,167411,11,,,1,55,,167412,11,,,1,15,,167406,11,,,1,15,,167410,11,,,1,70,,167402,11,,,1,30,,167376,11,,,1,70,,167377,11,,,1,30,,167378,11,,,1,70,,167379,11,,,1,30,,167380,11,,,1,70,,167381,11,,,1,30,,167382,11,,,1,70,,167383,11,,,1,30,,167384,11,,,1,70,,167385,11,,,1,30,,167386,11,,,1,15,,167416,11,,,1,56,,167387,11,,,1,15,,167388,11,,,1,15,,167389,11,,,1,55,,167404,11,,,1,15,,167390,11,,,1,15,,167391,11,,,1,15,,167405,11,,,1,55,,167392,11,,,1,15,,167407,11,,,1,15,,167413,11,,,1,15,,167414,11,,,1,70,,167415,11,,,1,29,,167408,11,,,1,70,,167393,11,,,1,30,,167394,11,,,1,70,,167395,11,,,1,30,,167396,11,,,1,70,,167397,11,,,1,30,,167398,11,,,1,69,,167399,11,,,1,100,,167400,11,,,1,100,,167409,11,,,1
5301,'053-Weekday-3-26-06-1111100',542,,191747,11,,,1,70,,191748,11,,,1,32,,191779,11,,,1,15,,191749,11,,,1,55,,191750,11,,,1,15,,191777,11,,,1,15,,191751,11,,,1,15,,191787,11,,,1,55,,191788,11,,,1,15,,191782,11,,,1,15,,191786,11,,,1,70,,191778,11,,,1,30,,191752,11,,,1,70,,191753,11,,,1,30,,191754,11,,,1,70,,191755,11,,,1,30,,191756,11,,,1,70,,191757,11,,,1,30,,191758,11,,,1,70,,191759,11,,,1,30,,191760,11,,,1,70,,191761,11,,,1,30,,191762,11,,,1,15,,191792,11,,,1,56,,191763,11,,,1,15,,191764,11,,,1,15,,191765,11,,,1,55,,191780,11,,,1,15,,191766,11,,,1,15,,191767,11,,,1,15,,191781,11,,,1,55,,191768,11,,,1,15,,191783,11,,,1,15,,191789,11,,,1,15,,191790,11,,,1,70,,191791,11,,,1,29,,191784,11,,,1,70,,191769,11,,,1,30,,191770,11,,,1,70,,191771,11,,,1,30,,191772,11,,,1,70,,191773,11,,,1,30,,191774,11,,,1,69,,191775,11,,,1,100,,191776,11,,,1,100,,191785,11,,,1
5301,'053-Saturday-1-26-06-0000010',615,,167419,11,,,1,100,,167420,11,,,1,100,,167421,11,,,1,24,,167449,11,,,1,64,,167422,11,,,1,30,,167423,11,,,1,70,,167424,11,,,1,30,,167425,11,,,1,70,,167426,11,,,1,30,,167427,11,,,1,70,,167428,11,,,1,30,,167429,11,,,1,70,,167430,11,,,1,30,,167431,11,,,1,70,,167432,11,,,1,30,,167433,11,,,1,70,,167434,11,,,1,30,,167435,11,,,1,70,,167436,11,,,1,30,,167437,11,,,1,70,,167438,11,,,1,30,,167439,11,,,1,70,,167440,11,,,1,30,,167441,11,,,1,70,,167442,11,,,1,30,,167447,11,,,1,82,,167443,11,,,1,100,,167444,11,,,1,100,,167445,11,,,1,100,,167446,11,,,1,100,,167448,11,,,1
5301,'053-Saturday-3-26-06-0000010',615,,167485,11,,,1,100,,167486,11,,,1,100,,167487,11,,,1,24,,167515,11,,,1,64,,167488,11,,,1,30,,167489,11,,,1,70,,167490,11,,,1,30,,167491,11,,,1,70,,167492,11,,,1,30,,167493,11,,,1,70,,167494,11,,,1,30,,167495,11,,,1,70,,167496,11,,,1,30,,167497,11,,,1,70,,167498,11,,,1,30,,167499,11,,,1,70,,167500,11,,,1,30,,167501,11,,,1,70,,167502,11,,,1,30,,167503,11,,,1,70,,167504,11,,,1,30,,167505,11,,,1,70,,167506,11,,,1,30,,167507,11,,,1,70,,167508,11,,,1,30,,167513,11,,,1,82,,167509,11,,,1,100,,167510,11,,,1,100,,167511,11,,,1,100,,167512,11,,,1,100,,167514,11,,,1
5301,'053-Sunday-1-26-06-0000001',713,,167520,11,,,1,100,,167521,11,,,1,91,,167522,11,,,1,100,,167523,11,,,1,30,,167524,11,,,1,70,,167525,11,,,1,30,,167526,11,,,1,70,,167527,11,,,1,30,,167528,11,,,1,70,,167529,11,,,1,30,,167530,11,,,1,70,,167531,11,,,1,30,,167532,11,,,1,70,,167533,11,,,1,30,,167534,11,,,1,70,,167535,11,,,1,30,,167536,11,,,1,70,,167537,11,,,1,30,,167538,11,,,1,70,,167539,11,,,1,30,,167540,11,,,1,79,,167541,11,,,1,100,,167542,11,,,1,100,,167543,11,,,1,100,,167544,11,,,1,100,,167545,11,,,1
5301,'053-Sunday-2-26-06-0000001',713,,167546,11,,,1,100,,167547,11,,,1,91,,167548,11,,,1,100,,167549,11,,,1,30,,167550,11,,,1,70,,167551,11,,,1,30,,167552,11,,,1,70,,167553,11,,,1,30,,167554,11,,,1,70,,167555,11,,,1,30,,167556,11,,,1,70,,167557,11,,,1,30,,167558,11,,,1,70,,167559,11,,,1,30,,167560,11,,,1,70,,167561,11,,,1,30,,167562,11,,,1,70,,167563,11,,,1,30,,167564,11,,,1,70,,167565,11,,,1,30,,167566,11,,,1,79,,167567,11,,,1,30,,167572,11,,,1,70,,167568,11,,,1,30,,167573,11,,,1,70,,167569,11,,,1,30,,167574,11,,,1,70,,167570,11,,,1,100,,167571,11,,,1
5301,'053-Sunday-3-26-06-0000001',713,,191793,11,,,1,100,,191794,11,,,1,91,,191795,11,,,1,100,,191796,11,,,1,30,,191797,11,,,1,70,,191798,11,,,1,30,,191799,11,,,1,70,,191800,11,,,1,30,,191801,11,,,1,70,,191802,11,,,1,30,,191803,11,,,1,70,,191804,11,,,1,30,,191805,11,,,1,70,,191806,11,,,1,30,,191807,11,,,1,70,,191808,11,,,1,30,,191809,11,,,1,70,,191810,11,,,1,30,,191811,11,,,1,70,,191812,11,,,1,30,,191813,11,,,1,79,,191814,11,,,1,100,,191815,11,,,1,100,,191816,11,,,1,100,,191817,11,,,1,100,,191818,11,,,1
