51701,'517-Weekday-1-26-02-1101100',759,,53316,12,0,19 20,1
51701,'517-Weekday-1-26-02-1111100',539,,53317,12,0,19 20,1,70,,53318,12,0,19 20,1,31,,53319,12,0,19 20,1,60,,53320,12,0,19 20,1,20,,53321,12,0,19 20,1,20,,53322,12,0,19 20,1,60,,53323,12,0,19 20,1,20,,53324,12,0,19 20,1,20,,53325,12,0,19 20,1,70,,53326,12,0,19 20,1,30,,53327,12,0,19 20,1,70,,53328,12,0,19 20,1,30,,53329,12,0,19 20,1,70,,53330,12,0,19 20,1,30,,53331,12,0,19 20,1,70,,53332,12,0,19 20,1,30,,53333,12,0,19 20,1,70,,53334,12,0,19 20,1,30,,53335,12,0,19 20,1,70,,53336,12,0,19 20,1,30,,53337,12,0,19 20,1,71,,53338,12,0,19 20,1,30,,53339,12,0,19 20,1,15,,53355,12,0,19 20,1,45,,53340,12,0,19 20,1,20,,53341,12,0,19 20,1,20,,53342,12,0,19 20,1,60,,53343,12,0,19 20,1,20,,53344,12,0,19 20,1,20,,53345,12,0,19 20,1,70,,53346,12,0,19 20,1,28,,53347,12,0,19 20,1,70,,53348,12,0,19 20,1,30,,53349,12,0,19 20,1,70,,53350,12,0,19 20,1,30,,53351,12,0,19 20,1,70,,53352,12,0,19 20,1,30,,53353,12,0,19 20,1,70,,53354,12,0,19 20,1
51701,'517-Weekday-10-26-02-1101100',759,,53356,12,0,19 20,1
51701,'517-Weekday-10-26-02-1111100',539,,53357,12,0,19 20,1,70,,53358,12,0,19 20,1,31,,53359,12,0,19 20,1,60,,53360,12,0,19 20,1,20,,53361,12,0,19 20,1,20,,53362,12,0,19 20,1,60,,53363,12,0,19 20,1,20,,53364,12,0,19 20,1,20,,53365,12,0,19 20,1,70,,53366,12,0,19 20,1,30,,53367,12,0,19 20,1,70,,53368,12,0,19 20,1,30,,53369,12,0,19 20,1,70,,53370,12,0,19 20,1,30,,53371,12,0,19 20,1,70,,53372,12,0,19 20,1,30,,53373,12,0,19 20,1,70,,53374,12,0,19 20,1,30,,53375,12,0,19 20,1,70,,53376,12,0,19 20,1,30,,53377,12,0,19 20,1,71,,53378,12,0,19 20,1,30,,53379,12,0,19 20,1,15,,53395,12,0,19 20,1,45,,53380,12,0,19 20,1,20,,53381,12,0,19 20,1,20,,53382,12,0,19 20,1,60,,53383,12,0,19 20,1,20,,53384,12,0,19 20,1,20,,53385,12,0,19 20,1,70,,53386,12,0,19 20,1,28,,53387,12,0,19 20,1,70,,53388,12,0,19 20,1,30,,53389,12,0,19 20,1,70,,53390,12,0,19 20,1,30,,53391,12,0,19 20,1,70,,53392,12,0,19 20,1,30,,53393,12,0,19 20,1,70,,53394,12,0,19 20,1
51701,'517-Weekday-4-26-02-1111100',539,,53436,12,0,19 20,1,70,,53437,12,0,19 20,1,31,,53438,12,0,19 20,1,60,,53439,12,0,19 20,1,20,,53440,12,0,19 20,1,20,,53441,12,0,19 20,1,60,,53442,12,0,19 20,1,20,,53443,12,0,19 20,1,20,,53444,12,0,19 20,1,70,,53445,12,0,19 20,1,30,,53446,12,0,19 20,1,70,,53447,12,0,19 20,1,30,,53448,12,0,19 20,1,70,,53449,12,0,19 20,1,30,,53450,12,0,19 20,1,70,,53451,12,0,19 20,1,30,,53452,12,0,19 20,1,70,,53453,12,0,19 20,1,30,,53454,12,0,19 20,1,70,,53455,12,0,19 20,1,30,,53456,12,0,19 20,1,71,,53457,12,0,19 20,1,30,,53458,12,0,19 20,1,60,,53459,12,0,19 20,1,20,,53460,12,0,19 20,1,20,,53461,12,0,19 20,1,60,,53462,12,0,19 20,1,20,,53463,12,0,19 20,1,20,,53464,12,0,19 20,1,70,,53465,12,0,19 20,1,28,,53466,12,0,19 20,1,70,,53467,12,0,19 20,1,30,,53468,12,0,19 20,1,70,,53469,12,0,19 20,1,30,,53470,12,0,19 20,1,70,,53471,12,0,19 20,1,30,,53472,12,0,19 20,1,70,,53473,12,0,19 20,1
51701,'517-Weekday-5-26-02-1101100',759,,53474,12,0,19 20,1
51701,'517-Weekday-5-26-02-1111100',539,,53475,12,0,19 20,1,70,,53476,12,0,19 20,1,31,,53477,12,0,19 20,1,60,,53478,12,0,19 20,1,20,,53479,12,0,19 20,1,20,,53480,12,0,19 20,1,60,,53481,12,0,19 20,1,20,,53482,12,0,19 20,1,20,,53483,12,0,19 20,1,70,,53484,12,0,19 20,1,30,,53485,12,0,19 20,1,70,,53486,12,0,19 20,1,30,,53487,12,0,19 20,1,70,,53488,12,0,19 20,1,30,,53489,12,0,19 20,1,70,,53490,12,0,19 20,1,30,,53491,12,0,19 20,1,70,,53492,12,0,19 20,1,30,,53493,12,0,19 20,1,70,,53494,12,0,19 20,1,30,,53495,12,0,19 20,1,71,,53496,12,0,19 20,1,30,,53497,12,0,19 20,1,15,,53513,12,0,19 20,1,45,,53498,12,0,19 20,1,20,,53499,12,0,19 20,1,20,,53500,12,0,19 20,1,60,,53501,12,0,19 20,1,20,,53502,12,0,19 20,1,20,,53503,12,0,19 20,1,70,,53504,12,0,19 20,1,28,,53505,12,0,19 20,1,70,,53506,12,0,19 20,1,30,,53507,12,0,19 20,1,70,,53508,12,0,19 20,1,30,,53509,12,0,19 20,1,70,,53510,12,0,19 20,1,30,,53511,12,0,19 20,1,70,,53512,12,0,19 20,1
51701,'517-Weekday-7-26-02-1111100',539,,53552,12,0,19 20,1,70,,53553,12,0,19 20,1,31,,53554,12,0,19 20,1,60,,53555,12,0,19 20,1,20,,53556,12,0,19 20,1,20,,53557,12,0,19 20,1,60,,53558,12,0,19 20,1,20,,53559,12,0,19 20,1,20,,53560,12,0,19 20,1,70,,53561,12,0,19 20,1,30,,53562,12,0,19 20,1,70,,53563,12,0,19 20,1,30,,53564,12,0,19 20,1,70,,53565,12,0,19 20,1,30,,53566,12,0,19 20,1,70,,53567,12,0,19 20,1,30,,53568,12,0,19 20,1,70,,53569,12,0,19 20,1,30,,53570,12,0,19 20,1,70,,53571,12,0,19 20,1,30,,53572,12,0,19 20,1,71,,53573,12,0,19 20,1,30,,53574,12,0,19 20,1,60,,53575,12,0,19 20,1,20,,53576,12,0,19 20,1,20,,53577,12,0,19 20,1,60,,53578,12,0,19 20,1,20,,53579,12,0,19 20,1,20,,53580,12,0,19 20,1,70,,53581,12,0,19 20,1,28,,53582,12,0,19 20,1,70,,53583,12,0,19 20,1,30,,53584,12,0,19 20,1,70,,53585,12,0,19 20,1,30,,53586,12,0,19 20,1,70,,53587,12,0,19 20,1,30,,53588,12,0,19 20,1,70,,53589,12,0,19 20,1
51701,'517-Saturday-1-26-02-0000010',802,,53667,12,0,19 20,1,30,,53668,12,0,19 20,1,70,,53669,12,0,19 20,1,31,,53670,12,0,19 20,1,70,,53671,12,0,19 20,1,30,,53672,12,0,19 20,1,70,,53673,12,0,19 20,1,30,,53674,12,0,19 20,1,70,,53675,12,0,19 20,1,30,,53676,12,0,19 20,1,70,,53677,12,0,19 20,1,30,,53678,12,0,19 20,1,70,,53679,12,0,19 20,1,30,,53680,12,0,19 20,1,70,,53681,12,0,19 20,1,30,,53682,12,0,19 20,1,70,,53683,12,0,19 20,1,30,,53684,12,0,19 20,1,70,,53685,12,0,19 20,1,29,,53686,12,0,19 20,1,70,,53687,12,0,19 20,1,30,,53688,12,0,19 20,1,70,,53689,12,0,19 20,1
51701,'517-Sunday-1-26-02-0000001',1010,,53690,12,0,19 20,1,30,,53691,12,0,19 20,1,70,,53692,12,0,19 20,1,30,,53693,12,0,19 20,1,70,,53694,12,0,19 20,1,30,,53695,12,0,19 20,1,70,,53696,12,0,19 20,1,30,,53697,12,0,19 20,1,70,,53698,12,0,19 20,1,30,,53699,12,0,19 20,1,70,,53700,12,0,19 20,1,30,,53701,12,0,19 20,1,70,,53702,12,0,19 20,1,30,,53703,12,0,19 20,1,69,,53704,12,0,19 20,1,30,,53705,12,0,19 20,1,70,,53706,12,0,19 20,1,30,,53707,12,0,19 20,1,70,,53708,12,0,19 20,1
