11100,'111-Weekday-1-26-04-1111100',938,,120882,40,,,1,100,,120883,40,,,1,100,,120884,40,,,1,100,,120885,40,,,1,100,,120886,40,,,1,100,,120887,40,,,1,101,,120888,40,0,34,1
11100,'111-Weekday-2-26-04-1111100',938,,120889,40,,,1,100,,120890,40,,,1,100,,120891,40,,,1,100,,120892,40,,,1,100,,120893,40,,,1,100,,120894,40,,,1,101,,120895,40,0,34,1
11100,'111-Weekday-3-26-04-1111100',938,,120896,40,,,1,100,,120897,40,,,1,100,,120898,40,,,1,100,,120899,40,,,1,100,,120900,40,,,1,100,,120901,40,,,1,101,,120902,40,0,34,1
11100,'111-Saturday-1-26-04-0000010',938,,120908,40,0,34,1,100,,120909,40,0,34,1,100,,120905,40,0,34,1,100,,120906,40,0,34,1,100,,120907,40,0,34,1,100,,120903,40,0,34,1,100,,120904,40,0,34,1
70100,'701-Weekday-1-26-04-1111100',544,,132230,10,,,1,61,,132231,35,,,1,31,,132232,35,,,1,76,,132233,35,,,1,15,,132234,35,,,1,15,,132235,35,,,1,15,,132236,35,,,1,55,,132237,35,,,1,15,,132238,35,,,1,15,,132239,35,,,1,16,,132240,35,,,1,56,,132241,35,,,1,15,,132242,10,,,1,15,,132243,35,,,1,15,,132244,10,,,1,55,,132245,35,,,1,15,,132246,10,,,1,15,,132247,35,,,1,15,,132248,10,,,1,55,,132249,35,,,1,15,,132250,10,,,1,15,,132251,35,,,1,15,,132252,10,,,1,55,,132253,35,,,1,15,,132254,10,,,1,15,,132255,35,,,1,15,,132256,10,,,1,55,,132257,35,,,1,15,,132258,10,,,1,15,,132259,35,,,1,15,,132260,10,,,1,55,,132261,35,,,1,15,,132262,10,,,1,15,,132263,35,,,1,13,,132264,35,,,1,55,,132265,35,,,1,19,,132266,35,,,1,15,,132267,35,,,1,56,,132268,35,,,1,15,,132269,35,,,1,15,,132270,35,,,1,14,,132271,35,,,1,56,,132272,35,,,1,15,,132273,35,,,1,15,,132274,35,,,1,70,,132275,35,,,1,27,,132276,35,,,1,26,,132277,35,,,1,69,,132278,35,,,1,30,,132279,35,,,1,70,,132280,35,,,1,30,,132281,35,,,1,70,,132282,35,,,1,30,,132283,35,,,1,67,,132284,35,,,1,99,,132285,35,,,1
70100,'701-Weekday-2-26-04-1111100',544,,132286,10,,,1,61,,132287,35,,,1,31,,132288,35,,,1,76,,132289,35,,,1,15,,132290,35,,,1,15,,132291,35,,,1,15,,132292,35,,,1,55,,132293,35,,,1,15,,132294,35,,,1,15,,132295,35,,,1,16,,132296,35,,,1,56,,132297,35,,,1,15,,132298,10,,,1,15,,132299,35,,,1,15,,132300,10,,,1,55,,132301,35,,,1,15,,132302,10,,,1,15,,132303,35,,,1,15,,132304,10,,,1,55,,132305,35,,,1,15,,132306,10,,,1,15,,132307,35,,,1,15,,132308,10,,,1,55,,132309,35,,,1,15,,132310,10,,,1,15,,132311,35,,,1,15,,132312,10,,,1,55,,132313,35,,,1,15,,132314,10,,,1,15,,132315,35,,,1,15,,132316,10,,,1,55,,132317,35,,,1,15,,132318,10,,,1,15,,132319,35,,,1,13,,132320,35,,,1,55,,132321,35,,,1,19,,132322,35,,,1,15,,132323,35,,,1,56,,132324,35,,,1,15,,132325,35,,,1,15,,132326,35,,,1,14,,132327,35,,,1,56,,132328,35,,,1,15,,132329,35,,,1,15,,132330,35,,,1,70,,132331,35,,,1,27,,132332,35,,,1,26,,132333,35,,,1,69,,132334,35,,,1,30,,132335,35,,,1,70,,132336,35,,,1,30,,132337,35,,,1,70,,132338,35,,,1,30,,132339,35,,,1,67,,132340,35,,,1,99,,132341,35,,,1
70100,'701-Weekday-3-26-04-1111100',544,,132342,10,,,1,61,,132343,35,,,1,31,,132344,35,,,1,76,,132345,35,,,1,15,,132346,35,,,1,15,,132347,35,,,1,15,,132348,35,,,1,55,,132349,35,,,1,15,,132350,35,,,1,15,,132351,35,,,1,16,,132352,35,,,1,56,,132353,35,,,1,15,,132354,10,,,1,15,,132355,35,,,1,15,,132356,10,,,1,55,,132357,35,,,1,15,,132358,10,,,1,15,,132359,35,,,1,15,,132360,10,,,1,55,,132361,35,,,1,15,,132362,10,,,1,15,,132363,35,,,1,15,,132364,10,,,1,55,,132365,35,,,1,15,,132366,10,,,1,15,,132367,35,,,1,15,,132368,10,,,1,55,,132369,35,,,1,15,,132370,10,,,1,15,,132371,35,,,1,15,,132372,10,,,1,55,,132373,35,,,1,15,,132374,10,,,1,15,,132375,35,,,1,13,,132376,35,,,1,55,,132377,35,,,1,19,,132378,35,,,1,15,,132379,35,,,1,56,,132380,35,,,1,15,,132381,35,,,1,15,,132382,35,,,1,14,,132383,35,,,1,56,,132384,35,,,1,15,,132385,35,,,1,15,,132386,35,,,1,70,,132387,35,,,1,27,,132388,35,,,1,26,,132389,35,,,1,69,,132390,35,,,1,30,,132391,35,,,1,70,,132392,35,,,1,30,,132393,35,,,1,70,,132394,35,,,1,30,,132395,35,,,1,67,,132396,35,,,1,99,,132397,35,,,1
70100,'701-Saturday-1-26-04-0000010',653,,132398,10,,,1,99,,132399,35,,,1,70,,132426,10,,,1,27,,132400,35,,,1,68,,132401,35,,,1,30,,132402,35,,,1,70,,132403,35,,,1,30,,132404,35,,,1,70,,132405,35,,,1,30,,132406,35,,,1,70,,132407,35,,,1,30,,132408,35,,,1,70,,132409,35,,,1,30,,132410,35,,,1,70,,132411,35,,,1,30,,132412,35,,,1,70,,132413,35,,,1,30,,132414,35,,,1,70,,132415,35,,,1,30,,132416,35,,,1,71,,132417,35,,,1,30,,132418,35,,,1,70,,132419,35,,,1,30,,132420,35,,,1,70,,132421,35,,,1,33,,132422,35,,,1,100,,132423,35,,,1,100,,132424,35,,,1,100,,132425,35,,,1,100,,132427,35,,,1
70100,'701-Sunday-1-26-04-0000001',609,,132428,10,,,1,100,,132429,10,,,1,100,,132455,10,,,1,29,,132430,35,,,1,72,,132456,10,,,1,30,,132431,35,,,1,70,,132457,10,,,1,30,,132432,35,,,1,70,,132433,35,,,1,30,,132434,35,,,1,70,,132435,35,,,1,30,,132436,35,,,1,70,,132437,35,,,1,30,,132438,35,,,1,70,,132439,35,,,1,30,,132440,35,,,1,70,,132441,35,,,1,30,,132442,35,,,1,70,,132443,35,,,1,30,,132444,35,,,1,66,,132445,35,,,1,34,,132446,35,,,1,70,,132447,35,,,1,30,,132448,35,,,1,70,,132449,35,,,1,30,,132450,35,,,1,70,,132451,35,,,1,100,,132452,35,,,1,100,,132453,35,,,1,100,,132454,10,,,1
24012000,'120X-Weekday-1-26-04-1111100',611,,148476,10,,,1,20,,148477,10,,,1,20,,148481,10,,,1,60,,148439,10,,,1,20,,148440,10,,,1,20,,148441,10,,,1,60,,148478,10,,,1,20,,148442,10,,,1,20,,148443,10,,,1,61,,148444,10,,,1,20,,148445,10,,,1,20,,148446,10,,,1,60,,148447,10,,,1,20,,148448,10,,,1,20,,148449,10,,,1,60,,148450,10,,,1,20,,148451,10,,,1,20,,148452,10,,,1,60,,148453,10,,,1,20,,148454,10,,,1,20,,148455,10,,,1,60,,148456,10,,,1,20,,148457,10,,,1,20,,148458,10,,,1,60,,148459,10,,,1,20,,148460,10,,,1,20,,148461,10,,,1,61,,148462,10,,,1,23,,148475,10,,,1,10,,148463,10,,,1,10,,148464,10,,,1,50,,148479,10,,,1,10,,148465,10,,,1,10,,148466,10,,,1,10,,148467,10,,,1,10,,148468,10,,,1,10,,148469,10,,,1,50,,148470,10,,,1,10,,148471,10,,,1,20,,148472,10,,,1,20,,148473,10,,,1,60,,148474,10,,,1,20,,148480,10,,,1
24012000,'120X-Weekday-2-26-04-1111100',611,,148519,10,,,1,20,,148520,10,,,1,20,,148524,10,,,1,60,,148482,10,,,1,20,,148483,10,,,1,20,,148484,10,,,1,60,,148521,10,,,1,20,,148485,10,,,1,20,,148486,10,,,1,61,,148487,10,,,1,20,,148488,10,,,1,20,,148489,10,,,1,60,,148490,10,,,1,20,,148491,10,,,1,20,,148492,10,,,1,60,,148493,10,,,1,20,,148494,10,,,1,20,,148495,10,,,1,60,,148496,10,,,1,20,,148497,10,,,1,20,,148498,10,,,1,60,,148499,10,,,1,20,,148500,10,,,1,20,,148501,10,,,1,60,,148502,10,,,1,20,,148503,10,,,1,20,,148504,10,,,1,61,,148505,10,,,1,23,,148518,10,,,1,10,,148506,10,,,1,10,,148507,10,,,1,50,,148522,10,,,1,10,,148508,10,,,1,10,,148509,10,,,1,10,,148510,10,,,1,10,,148511,10,,,1,10,,148512,10,,,1,50,,148513,10,,,1,10,,148514,10,,,1,20,,148515,10,,,1,20,,148516,10,,,1,60,,148517,10,,,1,20,,148523,10,,,1
24012000,'120X-Weekday-3-26-04-1111100',611,,148562,10,,,1,20,,148563,10,,,1,20,,148567,10,,,1,60,,148525,10,,,1,20,,148526,10,,,1,20,,148527,10,,,1,60,,148564,10,,,1,20,,148528,10,,,1,20,,148529,10,,,1,61,,148530,10,,,1,20,,148531,10,,,1,20,,148532,10,,,1,60,,148533,10,,,1,20,,148534,10,,,1,20,,148535,10,,,1,60,,148536,10,,,1,20,,148537,10,,,1,20,,148538,10,,,1,60,,148539,10,,,1,20,,148540,10,,,1,20,,148541,10,,,1,60,,148542,10,,,1,20,,148543,10,,,1,20,,148544,10,,,1,60,,148545,10,,,1,20,,148546,10,,,1,20,,148547,10,,,1,61,,148548,10,,,1,23,,148561,10,,,1,10,,148549,10,,,1,10,,148550,10,,,1,50,,148565,10,,,1,10,,148551,10,,,1,10,,148552,10,,,1,10,,148553,10,,,1,10,,148554,10,,,1,10,,148555,10,,,1,50,,148556,10,,,1,10,,148557,10,,,1,20,,148558,10,,,1,20,,148559,10,,,1,60,,148560,10,,,1,20,,148566,10,,,1
24013000,'130X-Weekday-1-26-04-1111100',1442,,148700,11,,,1,60,,148701,11,,,1,20,,148702,11,,,1,20,,148703,11,,,1,60,,148704,11,,,1,20,,148705,11,,,1,20,,148706,11,,,1,60,,148707,11,,,1,20,,148708,11,,,1,20,,148709,11,,,1
24013000,'130X-Weekday-2-26-04-1111100',1442,,148710,11,,,1,60,,148711,11,,,1,20,,148712,11,,,1,20,,148713,11,,,1,60,,148714,11,,,1,20,,148715,11,,,1,20,,148716,11,,,1,60,,148717,11,,,1,20,,148718,11,,,1,20,,148719,11,,,1
24013000,'130X-Weekday-3-26-04-1111100',1442,,148720,11,,,1,60,,148721,11,,,1,20,,148722,11,,,1,20,,148723,11,,,1,60,,148724,11,,,1,20,,148725,11,,,1,20,,148726,11,,,1,60,,148727,11,,,1,20,,148728,11,,,1,20,,148729,11,,,1
24015000,'150X-Weekday-1-26-04-1111100',1440,,148817,11,,,1,60,,148818,11,,,1,20,,148819,11,,,1,20,,148820,11,,,1,60,,148821,11,,,1,20,,148822,11,,,1,20,,148823,11,,,1,60,,148824,11,,,1,20,,148825,11,,,1,20,,148826,11,,,1
24015000,'150X-Weekday-2-26-04-1111100',1440,,148827,11,,,1,60,,148828,11,,,1,20,,148829,11,,,1,20,,148830,11,,,1,60,,148831,11,,,1,20,,148832,11,,,1,20,,148833,11,,,1,60,,148834,11,,,1,20,,148835,11,,,1,20,,148836,11,,,1
24015000,'150X-Weekday-3-26-04-1111100',1440,,148837,11,,,1,60,,148838,11,,,1,20,,148839,11,,,1,20,,148840,11,,,1,60,,148841,11,,,1,20,,148842,11,,,1,20,,148843,11,,,1,60,,148844,11,,,1,20,,148845,11,,,1,20,,148846,11,,,1
