901,'009-Weekday-1-26-06-1111100',2519,,166414,47,0,28 39 40,1,29,,166415,47,0,28 39 40,1,71,,166416,47,0,28 39 40,1,29,,166417,47,0,28 39 40,1,71,,166418,47,0,28 39 40,1
901,'009-Weekday-2-26-06-1111100',2519,,191254,47,0,28 39 40,1,29,,191255,47,0,28 39 40,1,71,,191256,47,0,28 39 40,1,29,,191257,47,0,28 39 40,1,71,,191258,47,0,28 39 40,1
901,'009-Saturday-1-26-06-0000010',2517,,166494,47,0,28 39 40,1,30,,166495,47,0,28 39 40,1,70,,166496,47,0,28 39 40,1,30,,166497,47,0,28 39 40,1,70,,166498,47,0,28 39 40,1
901,'009-Sunday-1-26-06-0000001',2518,,166565,47,0,28 39 40,1,30,,166566,47,0,28 39 40,1,70,,166567,47,0,28 39 40,1,30,,166568,47,0,28 39 40,1,70,,166569,47,0,28 39 40,1
901,'009-Sunday-2-26-06-0000001',2518,,191328,47,0,28 39 40,1,30,,191329,47,0,28 39 40,1,70,,191330,47,0,28 39 40,1,30,,191331,47,0,28 39 40,1,70,,191332,47,0,28 39 40,1
70900,'709-Weekday-1-26-06-1111100',517,,179564,23,4,,1,20,,179565,23,4,,1,20,,179566,23,4,,1,60,,179568,23,4,,1,12,,179569,23,4,,1,15,,179570,23,4,,1,12,,179567,23,4,,1,52,,179571,23,4,,1,12,,179573,23,4,,1,12,,179572,23,4,,1,12,,179574,23,4,,1,12,,179575,23,4,,1,52,,179625,23,4,,1,12,,179624,23,4,,1,12,,179623,23,4,,1,12,,179622,23,4,,1,12,,179621,23,4,,1,52,,179620,23,4,,1,18,,179601,23,4,,1,20,,179602,23,4,,1,60,,179603,23,4,,1,20,,179604,23,4,,1,20,,179605,23,4,,1,60,,179606,23,4,,1,20,,179607,23,4,,1,20,,179608,23,4,,1,60,,179609,23,4,,1,20,,179610,23,4,,1,20,,179611,23,4,,1,60,,179612,23,4,,1,20,,179613,23,4,,1,20,,179614,23,4,,1,60,,179615,23,4,,1,20,,179616,23,4,,1,20,,179617,23,4,,1,60,,179618,23,4,,1,20,,179576,23,4,,1,20,,179577,23,4,,1,60,,179578,23,4,,1,20,,179579,23,4,,1,20,,179580,23,4,,1,60,,179581,23,4,,1,20,,179582,23,4,,1,20,,179583,23,4,,1,60,,179584,23,4,,1,20,,179585,23,4,,1,18,,179586,23,4,,1,60,,179587,23,4,,1,20,,179588,23,4,,1,20,,179593,23,4,,1,60,,179594,23,4,,1,20,,179596,23,4,,1,20,,179592,23,4,,1,60,,179600,23,4,,1,20,,179599,23,4,,1,20,,179598,23,4,,1,59,,179619,23,4,,1,23,,179597,23,4,,1,30,,179589,23,4,,1,70,,179590,23,4,,1,30,,179591,23,4,,1,70,,179595,23,4,,1
70900,'709-Weekday-4-26-06-1111100',517,,198306,23,4,,1,20,,198307,23,4,,1,20,,198308,23,4,,1,60,,198310,23,4,,1,12,,198311,23,4,,1,15,,198312,23,4,,1,12,,198309,23,4,,1,52,,198313,23,4,,1,12,,198315,23,4,,1,12,,198314,23,4,,1,12,,198316,23,4,,1,12,,198317,23,4,,1,52,,198367,23,4,,1,12,,198366,23,4,,1,12,,198365,23,4,,1,12,,198364,23,4,,1,12,,198363,23,4,,1,52,,198362,23,4,,1,18,,198343,23,4,,1,20,,198344,23,4,,1,60,,198345,23,4,,1,20,,198346,23,4,,1,20,,198347,23,4,,1,60,,198348,23,4,,1,20,,198349,23,4,,1,20,,198350,23,4,,1,60,,198351,23,4,,1,20,,198352,23,4,,1,20,,198353,23,4,,1,60,,198354,23,4,,1,20,,198355,23,4,,1,20,,198356,23,4,,1,60,,198357,23,4,,1,20,,198358,23,4,,1,20,,198359,23,4,,1,60,,198360,23,4,,1,20,,198318,23,4,,1,20,,198319,23,4,,1,60,,198320,23,4,,1,20,,198321,23,4,,1,20,,198322,23,4,,1,60,,198323,23,4,,1,20,,198324,23,4,,1,20,,198325,23,4,,1,60,,198326,23,4,,1,20,,198327,23,4,,1,18,,198328,23,4,,1,60,,198329,23,4,,1,20,,198330,23,4,,1,20,,198335,23,4,,1,60,,198336,23,4,,1,20,,198338,23,4,,1,20,,198334,23,4,,1,60,,198342,23,4,,1,20,,198341,23,4,,1,20,,198340,23,4,,1,59,,198361,23,4,,1,23,,198339,23,4,,1,30,,198331,23,4,,1,70,,198332,23,4,,1,30,,198333,23,4,,1,70,,198337,23,4,,1
70900,'709-Saturday-1-26-06-0000010',553,,179737,23,4,,1,70,,179689,23,4,,1,30,,179690,23,4,,1,70,,179691,23,4,,1,30,,179692,23,4,,1,65,,179693,23,4,,1,20,,179694,23,4,,1,20,,179695,23,4,,1,62,,179696,23,4,,1,20,,179697,23,4,,1,60,,179698,23,4,,1,20,,179699,23,4,,1,20,,179700,23,4,,1,60,,179701,23,4,,1,20,,179702,23,4,,1,20,,179703,23,4,,1,60,,179704,23,4,,1,20,,179705,23,4,,1,20,,179706,23,4,,1,60,,179707,23,4,,1,20,,179708,23,4,,1,20,,179709,23,4,,1,60,,179710,23,4,,1,20,,179711,23,4,,1,20,,179712,23,4,,1,60,,179713,23,4,,1,20,,179714,23,4,,1,20,,179715,23,4,,1,60,,179716,23,4,,1,20,,179717,23,4,,1,20,,179718,23,4,,1,60,,179719,23,4,,1,18,,179720,23,4,,1,20,,179721,23,4,,1,20,,179722,23,4,,1,60,,179723,23,4,,1,20,,179724,23,4,,1,20,,179725,23,4,,1,65,,179726,23,4,,1,29,,179727,23,4,,1,70,,179728,23,4,,1,30,,179729,23,4,,1,70,,179730,23,4,,1,30,,179731,23,4,,1,70,,179732,23,4,,1,30,,179733,23,4,,1,70,,179734,23,4,,1,30,,179735,23,4,,1,70,,179736,23,4,,1,30,,179738,23,4,,1
70900,'709-Sunday-1-26-06-0000001',606,,179739,23,4,,1,30,,179740,23,4,,1,70,,179741,23,4,,1,30,,179742,23,4,,1,70,,179743,23,4,,1,30,,179744,23,4,,1,70,,179745,23,4,,1,31,,179746,23,4,,1,70,,179747,23,4,,1,30,,179748,23,4,,1,70,,179749,23,4,,1,30,,179750,23,4,,1,70,,179751,23,4,,1,30,,179752,23,4,,1,70,,179753,23,4,,1,30,,179754,23,4,,1,70,,179755,23,4,,1,30,,179756,23,4,,1,70,,179757,23,4,,1,30,,179758,23,4,,1,70,,179759,23,4,,1,30,,179760,23,4,,1,69,,179761,23,4,,1,30,,179762,23,4,,1,70,,179764,23,4,,1,30,,179765,23,4,,1,70,,179766,23,4,,1,30,,179767,23,4,,1,70,,179768,23,4,,1,30,,179763,23,4,,1,70,,179769,23,4,,1,30,,179770,23,4,,1,70,,179771,23,4,,1,30,,179772,23,4,,1,70,,179773,23,4,,1,30,,179774,23,4,,1,70,,179775,23,4,,1
70900,'709-Sunday-3-26-06-0000001',606,,198368,23,4,,1,30,,198369,23,4,,1,70,,198370,23,4,,1,30,,198371,23,4,,1,70,,198372,23,4,,1,30,,198373,23,4,,1,70,,198374,23,4,,1,31,,198375,23,4,,1,70,,198376,23,4,,1,30,,198377,23,4,,1,70,,198378,23,4,,1,30,,198379,23,4,,1,70,,198380,23,4,,1,30,,198381,23,4,,1,70,,198382,23,4,,1,30,,198383,23,4,,1,70,,198384,23,4,,1,30,,198385,23,4,,1,70,,198386,23,4,,1,30,,198387,23,4,,1,70,,198388,23,4,,1,30,,198389,23,4,,1,69,,198390,23,4,,1,30,,198391,23,4,,1,70,,198393,23,4,,1,30,,198394,23,4,,1,70,,198395,23,4,,1,30,,198396,23,4,,1,70,,198397,23,4,,1,30,,198392,23,4,,1,70,,198398,23,4,,1,30,,198399,23,4,,1,70,,198400,23,4,,1,30,,198401,23,4,,1,70,,198402,23,4,,1,30,,198403,23,4,,1,70,,198404,23,4,,1
70901,'709-Weekday-1-26-06-1111100',516,,179815,1,,,1,20,,179816,1,,,1,20,,179820,1,,,1,60,,179842,1,,,1,20,,179843,1,,,1,20,,179844,1,,,1,60,,179845,1,,,1,20,,179846,1,,,1,20,,179847,1,,,1,60,,179848,1,,,1,20,,179849,1,,,1,20,,179850,1,,,1,58,,179853,1,,,1,20,,179854,1,,,1,20,,179855,1,,,1,60,,179856,1,,,1,20,,179857,1,,,1,20,,179858,1,,,1,60,,179859,1,,,1,20,,179860,1,,,1,20,,179861,1,,,1,60,,179862,1,,,1,20,,179863,1,,,1,20,,179864,1,,,1,60,,179865,1,,,1,20,,179866,1,,,1,20,,179867,1,,,1,60,,179868,1,,,1,20,,179869,1,,,1,12,,179817,1,,,1,12,,179818,1,,,1,52,,179819,1,,,1,12,,179821,1,,,1,12,,179823,1,,,1,12,,179822,1,,,1,12,,179824,1,,,1,52,,179825,1,,,1,12,,179870,1,,,1,12,,179872,1,,,1,12,,179873,1,,,1,12,,179874,1,,,1,52,,179875,1,,,1,12,,179871,1,,,1,12,,179835,1,,,1,16,,179834,1,,,1,60,,179833,1,,,1,20,,179832,1,,,1,20,,179831,1,,,1,60,,179830,1,,,1,20,,179829,1,,,1,20,,179828,1,,,1,60,,179827,1,,,1,20,,179826,1,,,1,20,,179838,1,,,1,60,,179839,1,,,1,20,,179840,1,,,1,26,,179876,1,,,1,72,,179841,1,,,1,30,,179836,1,,,1,70,,179852,1,,,1,30,,179851,1,,,1,70,,179837,1,,,1
70901,'709-Weekday-4-26-06-1111100',516,,198405,1,,,1,20,,198406,1,,,1,20,,198410,1,,,1,60,,198432,1,,,1,20,,198433,1,,,1,20,,198434,1,,,1,60,,198435,1,,,1,20,,198436,1,,,1,20,,198437,1,,,1,60,,198438,1,,,1,20,,198439,1,,,1,20,,198440,1,,,1,58,,198443,1,,,1,20,,198444,1,,,1,20,,198445,1,,,1,60,,198446,1,,,1,20,,198447,1,,,1,20,,198448,1,,,1,60,,198449,1,,,1,20,,198450,1,,,1,20,,198451,1,,,1,60,,198452,1,,,1,20,,198453,1,,,1,20,,198454,1,,,1,60,,198455,1,,,1,20,,198456,1,,,1,20,,198457,1,,,1,60,,198458,1,,,1,20,,198459,1,,,1,12,,198407,1,,,1,12,,198408,1,,,1,52,,198409,1,,,1,12,,198411,1,,,1,12,,198413,1,,,1,12,,198412,1,,,1,12,,198414,1,,,1,52,,198415,1,,,1,12,,198460,1,,,1,12,,198462,1,,,1,12,,198463,1,,,1,12,,198464,1,,,1,52,,198465,1,,,1,12,,198461,1,,,1,12,,198425,1,,,1,16,,198424,1,,,1,60,,198423,1,,,1,20,,198422,1,,,1,20,,198421,1,,,1,60,,198420,1,,,1,20,,198419,1,,,1,20,,198418,1,,,1,60,,198417,1,,,1,20,,198416,1,,,1,20,,198428,1,,,1,60,,198429,1,,,1,20,,198430,1,,,1,26,,198466,1,,,1,72,,198431,1,,,1,30,,198426,1,,,1,70,,198442,1,,,1,30,,198441,1,,,1,70,,198427,1,,,1
70901,'709-Saturday-1-26-06-0000010',557,,179940,1,,,1,70,,179941,1,,,1,30,,179942,1,,,1,70,,179943,1,,,1,30,,179944,1,,,1,70,,179945,1,,,1,20,,179946,1,,,1,58,,179947,1,,,1,20,,179948,1,,,1,20,,179949,1,,,1,60,,179950,1,,,1,20,,179951,1,,,1,20,,179952,1,,,1,60,,179953,1,,,1,20,,179954,1,,,1,20,,179955,1,,,1,60,,179956,1,,,1,20,,179958,1,,,1,20,,179959,1,,,1,60,,179960,1,,,1,20,,179957,1,,,1,20,,179961,1,,,1,60,,179962,1,,,1,20,,179963,1,,,1,20,,179964,1,,,1,60,,179965,1,,,1,20,,179966,1,,,1,20,,179967,1,,,1,60,,179968,1,,,1,20,,179969,1,,,1,20,,179970,1,,,1,60,,179971,1,,,1,18,,179972,1,,,1,20,,179973,1,,,1,60,,179974,1,,,1,20,,179975,1,,,1,20,,179976,1,,,1,60,,179977,1,,,1,25,,179978,1,,,1,30,,179979,1,,,1,70,,179980,1,,,1,30,,179981,1,,,1,70,,179982,1,,,1,30,,179983,1,,,1,70,,179984,1,,,1,30,,179985,1,,,1,70,,179986,1,,,1,30,,179987,1,,,1,70,,179988,1,,,1,30,,179989,1,,,1
70901,'709-Sunday-1-26-06-0000001',611,,179990,1,,,1,30,,179991,1,,,1,70,,179992,1,,,1,30,,179993,1,,,1,70,,179994,1,,,1,30,,179995,1,,,1,70,,179996,1,,,1,30,,179997,1,,,1,70,,179998,1,,,1,30,,179999,1,,,1,70,,180000,1,,,1,30,,180001,1,,,1,70,,180002,1,,,1,30,,180003,1,,,1,70,,180004,1,,,1,30,,180005,1,,,1,70,,180006,1,,,1,30,,180007,1,,,1,70,,180008,1,,,1,30,,180009,1,,,1,70,,180010,1,,,1,30,,180011,1,,,1,70,,180012,1,,,1,30,,180013,1,,,1,70,,180014,1,,,1,30,,180016,1,,,1,70,,180017,1,,,1,30,,180018,1,,,1,70,,180015,1,,,1,30,,180019,1,,,1,70,,180020,1,,,1,30,,180021,1,,,1,70,,180022,1,,,1,30,,180023,1,,,1,70,,180024,1,,,1,30,,180025,1,,,1,70,,180026,1,,,1
70901,'709-Sunday-3-26-06-0000001',611,,198467,1,,,1,30,,198468,1,,,1,70,,198469,1,,,1,30,,198470,1,,,1,70,,198471,1,,,1,30,,198472,1,,,1,70,,198473,1,,,1,30,,198474,1,,,1,70,,198475,1,,,1,30,,198476,1,,,1,70,,198477,1,,,1,30,,198478,1,,,1,70,,198479,1,,,1,30,,198480,1,,,1,70,,198481,1,,,1,30,,198482,1,,,1,70,,198483,1,,,1,30,,198484,1,,,1,70,,198485,1,,,1,30,,198486,1,,,1,70,,198487,1,,,1,30,,198488,1,,,1,70,,198489,1,,,1,30,,198490,1,,,1,70,,198491,1,,,1,30,,198493,1,,,1,70,,198494,1,,,1,30,,198495,1,,,1,70,,198492,1,,,1,30,,198496,1,,,1,70,,198497,1,,,1,30,,198498,1,,,1,70,,198499,1,,,1,30,,198500,1,,,1,70,,198501,1,,,1,30,,198502,1,,,1,70,,198503,1,,,1
