92400,'924-Weekday-1-26-02-1111100',726,,99799,32,,,1,30,,99800,32,,,1,70,,99801,32,,,1,30,,99802,32,,,1,70,,99803,32,,,1,100,,99804,32,,,1,100,,99805,32,,,1,100,,99806,32,,,1,100,,99807,32,,,1,100,,99808,32,,,1,100,,99809,32,,,1,100,,99810,32,,,1,30,,99811,32,,,1,70,,99812,32,,,1,30,,99813,32,,,1,70,,99814,32,,,1,30,,99815,32,,,1
92400,'924-Weekday-10-26-02-1111100',726,,99816,32,,,1,30,,99817,32,,,1,70,,99818,32,,,1,30,,99819,32,,,1,70,,99820,32,,,1,100,,99821,32,,,1,100,,99822,32,,,1,100,,99823,32,,,1,100,,99824,32,,,1,100,,99825,32,,,1,100,,99826,32,,,1,100,,99827,32,,,1,30,,99828,32,,,1,70,,99829,32,,,1,30,,99830,32,,,1,70,,99831,32,,,1,30,,99832,32,,,1
92400,'924-Weekday-2-26-02-1111100',726,,99833,32,,,1,30,,99834,32,,,1,70,,99835,32,,,1,30,,99836,32,,,1,70,,99837,32,,,1,100,,99838,32,,,1,100,,99839,32,,,1,100,,99840,32,,,1,100,,99841,32,,,1,100,,99842,32,,,1,100,,99843,32,,,1,100,,99844,32,,,1,30,,99845,32,,,1,70,,99846,32,,,1,30,,99847,32,,,1,70,,99848,32,,,1,30,,99849,32,,,1
92400,'924-Weekday-4-26-02-1111100',726,,99850,32,,,1,30,,99851,32,,,1,70,,99852,32,,,1,30,,99853,32,,,1,70,,99854,32,,,1,100,,99855,32,,,1,100,,99856,32,,,1,100,,99857,32,,,1,100,,99858,32,,,1,100,,99859,32,,,1,100,,99860,32,,,1,100,,99861,32,,,1,30,,99862,32,,,1,70,,99863,32,,,1,30,,99864,32,,,1,70,,99865,32,,,1,30,,99866,32,,,1
92400,'924-Weekday-5-26-02-1111100',726,,99867,32,,,1,30,,99868,32,,,1,70,,99869,32,,,1,30,,99870,32,,,1,70,,99871,32,,,1,100,,99872,32,,,1,100,,99873,32,,,1,100,,99874,32,,,1,100,,99875,32,,,1,100,,99876,32,,,1,100,,99877,32,,,1,100,,99878,32,,,1,30,,99879,32,,,1,70,,99880,32,,,1,30,,99881,32,,,1,70,,99882,32,,,1,30,,99883,32,,,1
92400,'924-Weekday-6-26-02-1111100',726,,99884,32,,,1,30,,99885,32,,,1,70,,99886,32,,,1,30,,99887,32,,,1,70,,99888,32,,,1,100,,99889,32,,,1,100,,99890,32,,,1,100,,99891,32,,,1,100,,99892,32,,,1,100,,99893,32,,,1,100,,99894,32,,,1,100,,99895,32,,,1,30,,99896,32,,,1,70,,99897,32,,,1,30,,99898,32,,,1,70,,99899,32,,,1,30,,99900,32,,,1
92400,'924-Weekday-7-26-02-1111100',726,,99901,32,,,1,30,,99902,32,,,1,70,,99903,32,,,1,30,,99904,32,,,1,70,,99905,32,,,1,100,,99906,32,,,1,100,,99907,32,,,1,100,,99908,32,,,1,100,,99909,32,,,1,100,,99910,32,,,1,100,,99911,32,,,1,100,,99912,32,,,1,30,,99913,32,,,1,70,,99914,32,,,1,30,,99915,32,,,1,70,,99916,32,,,1,30,,99917,32,,,1
92400,'924-Weekday-8-26-02-1111100',726,,99918,32,,,1,30,,99919,32,,,1,70,,99920,32,,,1,30,,99921,32,,,1,70,,99922,32,,,1,100,,99923,32,,,1,100,,99924,32,,,1,100,,99925,32,,,1,100,,99926,32,,,1,100,,99927,32,,,1,100,,99928,32,,,1,100,,99929,32,,,1,30,,99930,32,,,1,70,,99931,32,,,1,30,,99932,32,,,1,70,,99933,32,,,1,30,,99934,32,,,1
92400,'924-Weekday-9-26-02-1111100',726,,99935,32,,,1,30,,99936,32,,,1,70,,99937,32,,,1,30,,99938,32,,,1,70,,99939,32,,,1,100,,99940,32,,,1,100,,99941,32,,,1,100,,99942,32,,,1,100,,99943,32,,,1,100,,99944,32,,,1,100,,99945,32,,,1,100,,99946,32,,,1,30,,99947,32,,,1,70,,99948,32,,,1,30,,99949,32,,,1,70,,99950,32,,,1,30,,99951,32,,,1
92400,'924-Saturday-1-26-02-0000010',856,,99952,32,,,1,100,,99953,32,,,1,100,,99954,32,,,1,100,,99955,32,,,1,100,,99956,32,,,1,100,,99957,32,,,1,100,,99958,32,,,1,100,,99959,32,,,1,100,,99960,32,,,1,100,,99961,32,,,1,100,,99962,32,,,1
92400,'924-Sunday-1-26-02-0000001',1056,,99963,32,,,1,100,,99964,32,,,1,100,,99965,32,,,1,100,,99966,32,,,1,100,,99967,32,,,1,100,,99968,32,,,1,100,,99969,32,,,1,100,,99970,32,,,1,100,,99971,32,,,1
