10800,'108-Weekday-1-26-02-1110100',1517,,31685,32,,,1
10800,'108-Weekday-1-26-02-1111100',553,,31686,32,,,1,60,,31687,32,,,1,20,,31688,32,,,1,22,,31689,32,,,1,50,,31690,32,,,1,10,,31746,32,,,1,10,,31691,32,,,1,10,,31692,32,,,1,10,,31747,32,,,1,10,,31693,32,,,1,50,,31694,32,,,1,10,,31745,32,,,1,2,,31754,32,,,1,8,,31695,32,,,1,10,,31696,32,,,1,10,,31749,32,,,1,10,,31697,32,,,1,60,,31698,32,,,1,20,,31699,32,,,1,20,,31700,32,,,1,60,,31701,32,,,1,20,,31702,32,,,1,20,,31703,32,,,1,60,,31704,32,,,1,20,,31705,32,,,1,20,,31706,32,,,1,60,,31707,32,,,1,20,,31708,32,,,1,20,,31709,32,,,1,60,,31710,32,,,1,20,,31711,32,,,1,20,,31712,32,,,1,60,,31713,32,,,1,20,,31714,32,,,1,20,,31715,32,,,1,61,,31716,32,,,1,20,,31717,32,,,1,10,,31718,32,,,1,10,,31719,32,,,1,50,,31753,32,,,1,10,,31720,32,,,1,10,,31721,32,,,1,10,,31752,32,,,1,10,,31722,32,,,1,10,,31723,32,,,1,50,,31751,32,,,1,10,,31724,32,,,1,10,,31725,32,,,1,10,,31748,32,,,1,10,,31726,32,,,1,10,,31727,32,,,1,50,,31750,32,,,1,20,,31728,32,,,1,18,,31729,32,,,1,59,,31730,32,,,1,20,,31731,32,,,1,20,,31732,32,,,1,60,,31733,32,,,1,20,,31734,32,,,1,20,,31735,32,,,1,60,,31736,32,,,1,20,,31737,32,,,1,20,,31738,32,,,1,59,,31739,32,,,1,20,,31740,32,,,1,30,,31741,32,,,1,70,,31742,32,,,1,30,,31743,32,,,1,70,,31744,32,,,1
10800,'108-Weekday-10-26-02-1111100',553,,31755,32,,,1,60,,31756,32,,,1,20,,31757,32,,,1,22,,31758,32,,,1,50,,31759,32,,,1,10,,31815,32,,,1,10,,31760,32,,,1,10,,31761,32,,,1,10,,31816,32,,,1,10,,31762,32,,,1,50,,31763,32,,,1,10,,31814,32,,,1,2,,31823,32,,,1,8,,31764,32,,,1,10,,31765,32,,,1,10,,31818,32,,,1,10,,31766,32,,,1,60,,31767,32,,,1,20,,31768,32,,,1,20,,31769,32,,,1,60,,31770,32,,,1,20,,31771,32,,,1,20,,31772,32,,,1,60,,31773,32,,,1,20,,31774,32,,,1,20,,31775,32,,,1,60,,31776,32,,,1,20,,31777,32,,,1,20,,31778,32,,,1,60,,31779,32,,,1,20,,31780,32,,,1,20,,31781,32,,,1,60,,31782,32,,,1,20,,31783,32,,,1,20,,31784,32,,,1,61,,31785,32,,,1,20,,31786,32,,,1,10,,31787,32,,,1,10,,31788,32,,,1,50,,31822,32,,,1,10,,31789,32,,,1,10,,31790,32,,,1,10,,31821,32,,,1,10,,31791,32,,,1,10,,31792,32,,,1,50,,31820,32,,,1,10,,31793,32,,,1,10,,31794,32,,,1,10,,31817,32,,,1,10,,31795,32,,,1,10,,31796,32,,,1,50,,31819,32,,,1,20,,31797,32,,,1,18,,31798,32,,,1,59,,31799,32,,,1,20,,31800,32,,,1,20,,31801,32,,,1,60,,31802,32,,,1,20,,31803,32,,,1,20,,31804,32,,,1,60,,31805,32,,,1,20,,31806,32,,,1,20,,31807,32,,,1,59,,31808,32,,,1,20,,31809,32,,,1,30,,31810,32,,,1,70,,31811,32,,,1,30,,31812,32,,,1,70,,31813,32,,,1
10800,'108-Weekday-11-26-02-1110100',1517,,112289,32,,,1
10800,'108-Weekday-11-26-02-1111100',553,,112290,32,,,1,60,,112291,32,,,1,20,,112292,32,,,1,22,,112293,32,,,1,50,,112294,32,,,1,10,,112350,32,,,1,10,,112295,32,,,1,10,,112296,32,,,1,10,,112351,32,,,1,10,,112297,32,,,1,50,,112298,32,,,1,10,,112349,32,,,1,2,,112358,32,,,1,8,,112299,32,,,1,10,,112300,32,,,1,10,,112353,32,,,1,10,,112301,32,,,1,60,,112302,32,,,1,20,,112303,32,,,1,20,,112304,32,,,1,60,,112305,32,,,1,20,,112306,32,,,1,20,,112307,32,,,1,60,,112308,32,,,1,20,,112309,32,,,1,20,,112310,32,,,1,60,,112311,32,,,1,20,,112312,32,,,1,20,,112313,32,,,1,60,,112314,32,,,1,20,,112315,32,,,1,20,,112316,32,,,1,60,,112317,32,,,1,20,,112318,32,,,1,20,,112319,32,,,1,61,,112320,32,,,1,20,,112321,32,,,1,10,,112322,32,,,1,10,,112323,32,,,1,50,,112357,32,,,1,10,,112324,32,,,1,10,,112325,32,,,1,10,,112356,32,,,1,10,,112326,32,,,1,10,,112327,32,,,1,50,,112355,32,,,1,10,,112328,32,,,1,10,,112329,32,,,1,10,,112352,32,,,1,10,,112330,32,,,1,10,,112331,32,,,1,50,,112354,32,,,1,20,,112332,32,,,1,18,,112333,32,,,1,59,,112334,32,,,1,20,,112335,32,,,1,20,,112336,32,,,1,60,,112337,32,,,1,20,,112338,32,,,1,20,,112339,32,,,1,60,,112340,32,,,1,20,,112341,32,,,1,20,,112342,32,,,1,59,,112343,32,,,1,20,,112344,32,,,1,30,,112345,32,,,1,70,,112346,32,,,1,30,,112347,32,,,1,70,,112348,32,,,1
10800,'108-Saturday-1-26-02-0000010',557,,32306,32,,,1,70,,32307,32,,,1,30,,32308,32,,,1,70,,32309,32,,,1,30,,32310,32,,,1,70,,32311,32,,,1,27,,32312,32,,,1,70,,32313,32,,,1,30,,32314,32,,,1,70,,32315,32,,,1,30,,32316,32,,,1,70,,32317,32,,,1,30,,32318,32,,,1,70,,32319,32,,,1,30,,32320,32,,,1,70,,32321,32,,,1,30,,32322,32,,,1,70,,32323,32,,,1,30,,32324,32,,,1,70,,32325,32,,,1,30,,32326,32,,,1,70,,32327,32,,,1,32,,32328,32,,,1,70,,32329,32,,,1,30,,32330,32,,,1,70,,32331,32,,,1,30,,32332,32,,,1,70,,32333,32,,,1,30,,32334,32,,,1,70,,32335,32,,,1,30,,32336,32,,,1,70,,32337,32,,,1,30,,32338,32,,,1,70,,32339,32,,,1,28,,32340,32,,,1,70,,32341,32,,,1,30,,32342,32,,,1
10800,'108-Sunday-2-26-02-0000001',612,,112359,32,,,1,30,,112360,32,,,1,70,,112361,32,,,1,30,,112362,32,,,1,70,,112363,32,,,1,30,,112364,32,,,1,71,,112365,32,,,1,30,,112366,32,,,1,70,,112367,32,,,1,30,,112368,32,,,1,70,,112369,32,,,1,30,,112370,32,,,1,70,,112371,32,,,1,30,,112372,32,,,1,70,,112373,32,,,1,30,,112374,32,,,1,70,,112375,32,,,1,30,,112376,32,,,1,70,,112377,32,,,1,30,,112378,32,,,1,70,,112379,32,,,1,29,,112380,32,,,1,70,,112381,32,,,1,30,,112382,32,,,1,70,,112383,32,,,1,30,,112384,32,,,1,70,,112385,32,,,1,30,,112386,32,,,1,70,,112387,32,,,1,30,,112388,32,,,1,70,,112389,32,,,1,30,,112390,32,,,1,70,,112391,32,,,1,30,,112392,32,,,1,70,,112393,32,,,1,30,,112394,32,,,1,70,,112395,32,,,1
62701,'627-Weekday-1-26-02-1111100',831,,60898,10,,,1
62701,'627-Weekday-10-26-02-1111100',831,,116745,10,,,1
62701,'627-Weekday-9-26-02-1111100',831,,60902,10,,,1
