72100,'721-Weekday-1-26-02-1111100',500,,77331,5,,,1,20,,77332,5,,,1,20,,77333,5,,,1,60,,77334,5,,,1,29,,77335,5,,,1,18,,77344,5,,,1,8,,77336,5,,,1,55,,77337,5,,,1,15,,77338,5,,,1,15,,77339,5,,,1,15,,77340,5,,,1,55,,77341,5,,,1,15,,77342,5,,,1,15,,77343,5,,,1
72100,'721-Weekday-10-26-02-1111100',500,,77401,5,,,1,20,,77402,5,,,1,20,,77403,5,,,1,60,,77404,5,,,1,29,,77405,5,,,1,18,,77414,5,,,1,8,,77406,5,,,1,55,,77407,5,,,1,15,,77408,5,,,1,15,,77409,5,,,1,15,,77410,5,,,1,55,,77411,5,,,1,15,,77412,5,,,1,15,,77413,5,,,1
72100,'721-Weekday-4-26-02-1111100',500,,77542,5,,,1,20,,77543,5,,,1,20,,77544,5,,,1,60,,77545,5,,,1,29,,77546,5,,,1,18,,77555,5,,,1,8,,77547,5,,,1,55,,77548,5,,,1,15,,77549,5,,,1,15,,77550,5,,,1,15,,77551,5,,,1,55,,77552,5,,,1,15,,77553,5,,,1,15,,77554,5,,,1
72100,'721-Weekday-5-26-02-1111100',500,,77614,5,,,1,20,,77615,5,,,1,20,,77616,5,,,1,60,,77617,5,,,1,29,,77618,5,,,1,18,,77627,5,,,1,8,,77619,5,,,1,55,,77620,5,,,1,15,,77621,5,,,1,15,,77622,5,,,1,15,,77623,5,,,1,55,,77624,5,,,1,15,,77625,5,,,1,15,,77626,5,,,1
72100,'721-Weekday-6-26-02-1111100',500,,77683,5,,,1,20,,77684,5,,,1,20,,77685,5,,,1,60,,77686,5,,,1,29,,77687,5,,,1,18,,77696,5,,,1,8,,77688,5,,,1,55,,77689,5,,,1,15,,77690,5,,,1,15,,77691,5,,,1,15,,77692,5,,,1,55,,77693,5,,,1,15,,77694,5,,,1,15,,77695,5,,,1
72100,'721-Weekday-7-26-02-1111100',500,,77752,5,,,1,20,,77753,5,,,1,20,,77754,5,,,1,60,,77755,5,,,1,29,,77756,5,,,1,18,,77765,5,,,1,8,,77757,5,,,1,55,,77758,5,,,1,15,,77759,5,,,1,15,,77760,5,,,1,15,,77761,5,,,1,55,,77762,5,,,1,15,,77763,5,,,1,15,,77764,5,,,1
72100,'721-Saturday-1-26-02-0000010',544,,77954,5,,,1,70,,77907,5,,,1,30,,77908,5,,,1,70,,77909,5,,,1,30,,77910,5,,,1,70,,77911,5,,,1,25,,77912,5,,,1,20,,77913,5,,,1,62,,77914,5,,,1,20,,77915,5,,,1,60,,77916,5,,,1,20,,77917,5,,,1,20,,77918,5,,,1,60,,77919,5,,,1,20,,77920,5,,,1,20,,77921,5,,,1,60,,77922,5,,,1,20,,77923,5,,,1,20,,77924,5,,,1,60,,77925,5,,,1,20,,77926,5,,,1,20,,77927,5,,,1,60,,77928,5,,,1,20,,77929,5,,,1,20,,77930,5,,,1,60,,77931,5,,,1,20,,77932,5,,,1,20,,77933,5,,,1,60,,77934,5,,,1,20,,77935,5,,,1,20,,77936,5,,,1,60,,77937,5,,,1,20,,77938,5,,,1,20,,77939,5,,,1,60,,77940,5,,,1,20,,77941,5,,,1,20,,77942,5,,,1,60,,77943,5,,,1,30,,77944,5,,,1,70,,77945,5,,,1,30,,77946,5,,,1,70,,77947,5,,,1,30,,77948,5,,,1,70,,77949,5,,,1,30,,77950,5,,,1,70,,77951,5,,,1,30,,77952,5,,,1,70,,77955,5,,,1,30,,77953,5,,,1
72100,'721-Sunday-1-26-02-0000001',605,,77993,5,,,1,30,,77956,5,,,1,70,,77957,5,,,1,30,,77958,5,,,1,70,,77959,5,,,1,30,,77960,5,,,1,69,,77961,5,,,1,30,,77962,5,,,1,70,,77963,5,,,1,30,,77964,5,,,1,70,,77965,5,,,1,30,,77967,5,,,1,70,,77968,5,,,1,30,,77969,5,,,1,67,,77966,5,,,1,30,,77970,5,,,1,70,,77971,5,,,1,30,,77972,5,,,1,70,,77973,5,,,1,30,,77974,5,,,1,70,,77975,5,,,1,30,,77976,5,,,1,70,,77977,5,,,1,31,,77978,5,,,1,70,,77979,5,,,1,30,,77980,5,,,1,70,,77981,5,,,1,30,,77982,5,,,1,70,,77983,5,,,1,30,,77984,5,,,1,70,,77985,5,,,1,30,,77986,5,,,1,70,,77987,5,,,1,30,,77988,5,,,1,70,,77989,5,,,1,30,,77990,5,,,1,70,,77991,5,,,1,30,,77992,5,,,1
72101,'721-Weekday-1-26-02-1111100',617,,77994,31,,,1,21,,77995,31,,,1,64,,77996,31,,,1,15,,77997,31,,,1,15,,77998,31,,,1,15,,77999,31,,,1,55,,78000,31,,,1,15,,78001,31,,,1,15,,78002,31,,,1,15,,78003,31,,,1,55,,78004,31,,,1,14,,78005,31,,,1,20,,78006,31,,,1,20,,78007,31,,,1,60,,78008,31,,,1,20,,78009,31,,,1,20,,78010,31,,,1,60,,78011,31,,,1,20,,78012,31,,,1,20,,78013,31,,,1,60,,78014,31,,,1,20,,78015,31,,,1,20,,78016,31,,,1,60,,78017,31,,,1,20,,78018,31,,,1,20,,78019,31,,,1,60,,78020,31,,,1,20,,78021,31,,,1,20,,78022,31,,,1,63,,78023,31,,,1,12,,78024,31,,,1,10,,78025,31,,,1,10,,78026,31,,,1,50,,78027,31,,,1,10,,78028,31,,,1,10,,78029,31,,,1,10,,78030,31,,,1,10,,78031,31,,,1,10,,78032,31,,,1,50,,78033,31,,,1,10,,78034,31,,,1,10,,78035,31,,,1,10,,78036,31,,,1,10,,78037,31,,,1,10,,78038,31,,,1,50,,78039,31,,,1,10,,78040,31,,,1,10,,78041,31,,,1,20,,78042,31,,,1,17,,78043,31,,,1,60,,78044,31,,,1,20,,78045,31,,,1,20,,78046,31,,,1,60,,78047,31,,,1,20,,78048,31,,,1,20,,78049,31,,,1,60,,78050,31,,,1,20,,78051,31,,,1,20,,78052,31,,,1,70,,78053,31,,,1,30,,78054,31,,,1,70,,78055,31,,,1,30,,78056,31,,,1,70,,78057,31,,,1,30,,78058,31,,,1,70,,78059,31,,,1
72101,'721-Weekday-10-26-02-1111100',617,,78062,31,,,1,21,,78063,31,,,1,64,,78064,31,,,1,15,,78065,31,,,1,15,,78066,31,,,1,15,,78067,31,,,1,55,,78068,31,,,1,15,,78069,31,,,1,15,,78070,31,,,1,15,,78071,31,,,1,55,,78072,31,,,1,14,,78073,31,,,1,20,,78074,31,,,1,20,,78075,31,,,1,60,,78076,31,,,1,20,,78077,31,,,1,20,,78078,31,,,1,60,,78079,31,,,1,20,,78080,31,,,1,20,,78081,31,,,1,60,,78082,31,,,1,20,,78083,31,,,1,20,,78084,31,,,1,60,,78085,31,,,1,20,,78086,31,,,1,20,,78087,31,,,1,60,,78088,31,,,1,20,,78089,31,,,1,20,,78090,31,,,1,63,,78091,31,,,1,12,,78092,31,,,1,10,,78093,31,,,1,10,,78094,31,,,1,50,,78095,31,,,1,10,,78096,31,,,1,10,,78097,31,,,1,10,,78098,31,,,1,10,,78099,31,,,1,10,,78100,31,,,1,50,,78101,31,,,1,10,,78102,31,,,1,10,,78103,31,,,1,10,,78104,31,,,1,10,,78105,31,,,1,10,,78106,31,,,1,50,,78107,31,,,1,10,,78108,31,,,1,10,,78109,31,,,1,20,,78110,31,,,1,17,,78111,31,,,1,60,,78112,31,,,1,20,,78113,31,,,1,20,,78114,31,,,1,60,,78115,31,,,1,20,,78116,31,,,1,20,,78117,31,,,1,60,,78118,31,,,1,20,,78119,31,,,1,20,,78120,31,,,1,70,,78121,31,,,1,30,,78122,31,,,1,70,,78123,31,,,1,30,,78124,31,,,1,70,,78125,31,,,1,30,,78126,31,,,1,70,,78127,31,,,1
72101,'721-Weekday-4-26-02-1111100',617,,78198,31,,,1,21,,78199,31,,,1,64,,78200,31,,,1,15,,78201,31,,,1,15,,78202,31,,,1,15,,78203,31,,,1,55,,78204,31,,,1,15,,78205,31,,,1,15,,78206,31,,,1,15,,78207,31,,,1,55,,78208,31,,,1,14,,78209,31,,,1,20,,78210,31,,,1,20,,78211,31,,,1,60,,78212,31,,,1,20,,78213,31,,,1,20,,78214,31,,,1,60,,78215,31,,,1,20,,78216,31,,,1,20,,78217,31,,,1,60,,78218,31,,,1,20,,78219,31,,,1,20,,78220,31,,,1,60,,78221,31,,,1,20,,78222,31,,,1,20,,78223,31,,,1,60,,78224,31,,,1,20,,78225,31,,,1,20,,78226,31,,,1,63,,78227,31,,,1,12,,78228,31,,,1,10,,78229,31,,,1,10,,78230,31,,,1,50,,78231,31,,,1,10,,78232,31,,,1,10,,78233,31,,,1,10,,78234,31,,,1,10,,78235,31,,,1,10,,78236,31,,,1,50,,78237,31,,,1,10,,78238,31,,,1,10,,78239,31,,,1,10,,78240,31,,,1,10,,78241,31,,,1,10,,78242,31,,,1,50,,78243,31,,,1,10,,78244,31,,,1,10,,78245,31,,,1,20,,78246,31,,,1,17,,78247,31,,,1,60,,78248,31,,,1,20,,78249,31,,,1,20,,78250,31,,,1,60,,78251,31,,,1,20,,78252,31,,,1,20,,78253,31,,,1,60,,78254,31,,,1,20,,78255,31,,,1,20,,78256,31,,,1,70,,78257,31,,,1,30,,78258,31,,,1,70,,78259,31,,,1,30,,78260,31,,,1,70,,78261,31,,,1,30,,78262,31,,,1,70,,78263,31,,,1
72101,'721-Weekday-5-26-02-1111100',617,,78264,31,,,1,21,,78265,31,,,1,64,,78266,31,,,1,15,,78267,31,,,1,15,,78268,31,,,1,15,,78269,31,,,1,55,,78270,31,,,1,15,,78271,31,,,1,15,,78272,31,,,1,15,,78273,31,,,1,55,,78274,31,,,1,14,,78275,31,,,1,20,,78276,31,,,1,20,,78277,31,,,1,60,,78278,31,,,1,20,,78279,31,,,1,20,,78280,31,,,1,60,,78281,31,,,1,20,,78282,31,,,1,20,,78283,31,,,1,60,,78284,31,,,1,20,,78285,31,,,1,20,,78286,31,,,1,60,,78287,31,,,1,20,,78288,31,,,1,20,,78289,31,,,1,60,,78290,31,,,1,20,,78291,31,,,1,20,,78292,31,,,1,63,,78293,31,,,1,12,,78294,31,,,1,10,,78295,31,,,1,10,,78296,31,,,1,50,,78297,31,,,1,10,,78298,31,,,1,10,,78299,31,,,1,10,,78300,31,,,1,10,,78301,31,,,1,10,,78302,31,,,1,50,,78303,31,,,1,10,,78304,31,,,1,10,,78305,31,,,1,10,,78306,31,,,1,10,,78307,31,,,1,10,,78308,31,,,1,50,,78309,31,,,1,10,,78310,31,,,1,10,,78311,31,,,1,20,,78312,31,,,1,17,,78313,31,,,1,60,,78314,31,,,1,20,,78315,31,,,1,20,,78316,31,,,1,60,,78317,31,,,1,20,,78318,31,,,1,20,,78319,31,,,1,60,,78320,31,,,1,20,,78321,31,,,1,20,,78322,31,,,1,70,,78323,31,,,1,30,,78324,31,,,1,70,,78325,31,,,1,30,,78326,31,,,1,70,,78327,31,,,1,30,,78328,31,,,1,70,,78329,31,,,1
72101,'721-Weekday-6-26-02-1111100',617,,78332,31,,,1,21,,78333,31,,,1,64,,78334,31,,,1,15,,78335,31,,,1,15,,78336,31,,,1,15,,78337,31,,,1,55,,78338,31,,,1,15,,78339,31,,,1,15,,78340,31,,,1,15,,78341,31,,,1,55,,78342,31,,,1,14,,78343,31,,,1,20,,78344,31,,,1,20,,78345,31,,,1,60,,78346,31,,,1,20,,78347,31,,,1,20,,78348,31,,,1,60,,78349,31,,,1,20,,78350,31,,,1,20,,78351,31,,,1,60,,78352,31,,,1,20,,78353,31,,,1,20,,78354,31,,,1,60,,78355,31,,,1,20,,78356,31,,,1,20,,78357,31,,,1,60,,78358,31,,,1,20,,78359,31,,,1,20,,78360,31,,,1,63,,78361,31,,,1,12,,78362,31,,,1,10,,78363,31,,,1,10,,78364,31,,,1,50,,78365,31,,,1,10,,78366,31,,,1,10,,78367,31,,,1,10,,78368,31,,,1,10,,78369,31,,,1,10,,78370,31,,,1,50,,78371,31,,,1,10,,78372,31,,,1,10,,78373,31,,,1,10,,78374,31,,,1,10,,78375,31,,,1,10,,78376,31,,,1,50,,78377,31,,,1,10,,78378,31,,,1,10,,78379,31,,,1,20,,78380,31,,,1,17,,78381,31,,,1,60,,78382,31,,,1,20,,78383,31,,,1,20,,78384,31,,,1,60,,78385,31,,,1,20,,78386,31,,,1,20,,78387,31,,,1,60,,78388,31,,,1,20,,78389,31,,,1,20,,78390,31,,,1,70,,78391,31,,,1,30,,78392,31,,,1,70,,78393,31,,,1,30,,78394,31,,,1,70,,78395,31,,,1,30,,78396,31,,,1,70,,78397,31,,,1
72101,'721-Weekday-7-26-02-1111100',617,,78398,31,,,1,21,,78399,31,,,1,64,,78400,31,,,1,15,,78401,31,,,1,15,,78402,31,,,1,15,,78403,31,,,1,55,,78404,31,,,1,15,,78405,31,,,1,15,,78406,31,,,1,15,,78407,31,,,1,55,,78408,31,,,1,14,,78409,31,,,1,20,,78410,31,,,1,20,,78411,31,,,1,60,,78412,31,,,1,20,,78413,31,,,1,20,,78414,31,,,1,60,,78415,31,,,1,20,,78416,31,,,1,20,,78417,31,,,1,60,,78418,31,,,1,20,,78419,31,,,1,20,,78420,31,,,1,60,,78421,31,,,1,20,,78422,31,,,1,20,,78423,31,,,1,60,,78424,31,,,1,20,,78425,31,,,1,20,,78426,31,,,1,63,,78427,31,,,1,12,,78428,31,,,1,10,,78429,31,,,1,10,,78430,31,,,1,50,,78431,31,,,1,10,,78432,31,,,1,10,,78433,31,,,1,10,,78434,31,,,1,10,,78435,31,,,1,10,,78436,31,,,1,50,,78437,31,,,1,10,,78438,31,,,1,10,,78439,31,,,1,10,,78440,31,,,1,10,,78441,31,,,1,10,,78442,31,,,1,50,,78443,31,,,1,10,,78444,31,,,1,10,,78445,31,,,1,20,,78446,31,,,1,17,,78447,31,,,1,60,,78448,31,,,1,20,,78449,31,,,1,20,,78450,31,,,1,60,,78451,31,,,1,20,,78452,31,,,1,20,,78453,31,,,1,60,,78454,31,,,1,20,,78455,31,,,1,20,,78456,31,,,1,70,,78457,31,,,1,30,,78458,31,,,1,70,,78459,31,,,1,30,,78460,31,,,1,70,,78461,31,,,1,30,,78462,31,,,1,70,,78463,31,,,1
