11700,'117-Weekday-1-26-02-1111100',534,,38145,6,,,1,70,,38146,6,,,1,30,,38178,6,,,1,20,,38179,6,,,1,60,,38180,6,,,1,20,,38181,6,,,1,20,,38182,6,,,1,60,,38147,6,,,1,30,,38148,6,,,1,70,,38149,6,,,1,30,,38150,6,,,1,70,,38151,6,,,1,30,,38152,6,,,1,70,,38153,6,,,1,30,,38154,6,,,1,70,,38155,6,,,1,30,,38156,6,,,1,70,,38157,6,,,1,30,,38158,6,,,1,70,,38159,6,,,1,30,,38160,6,,,1,60,,38161,6,,,1,20,,38162,6,,,1,20,,38163,6,,,1,60,,38164,6,,,1,20,,38165,6,,,1,20,,38166,6,,,1,60,,38167,6,,,1,30,,38168,6,,,1,70,,38169,6,,,1,30,,38170,6,,,1,70,,38171,6,,,1,30,,38172,6,,,1,70,,38173,6,,,1,30,,38174,6,,,1,70,,38175,6,,,1,30,,38176,6,,,1,70,,38177,6,,,1
11700,'117-Weekday-10-26-02-1111100',534,,38183,6,,,1,70,,38184,6,,,1,30,,38216,6,,,1,20,,38217,6,,,1,60,,38218,6,,,1,20,,38219,6,,,1,20,,38220,6,,,1,60,,38185,6,,,1,30,,38186,6,,,1,70,,38187,6,,,1,30,,38188,6,,,1,70,,38189,6,,,1,30,,38190,6,,,1,70,,38191,6,,,1,30,,38192,6,,,1,70,,38193,6,,,1,30,,38194,6,,,1,70,,38195,6,,,1,30,,38196,6,,,1,70,,38197,6,,,1,30,,38198,6,,,1,60,,38199,6,,,1,20,,38200,6,,,1,20,,38201,6,,,1,60,,38202,6,,,1,20,,38203,6,,,1,20,,38204,6,,,1,60,,38205,6,,,1,30,,38206,6,,,1,70,,38207,6,,,1,30,,38208,6,,,1,70,,38209,6,,,1,30,,38210,6,,,1,70,,38211,6,,,1,30,,38212,6,,,1,70,,38213,6,,,1,30,,38214,6,,,1,70,,38215,6,,,1
11700,'117-Weekday-4-26-02-1111100',534,,38259,6,,,1,70,,38260,6,,,1,30,,38292,6,,,1,20,,38293,6,,,1,60,,38294,6,,,1,20,,38295,6,,,1,20,,38296,6,,,1,60,,38261,6,,,1,30,,38262,6,,,1,70,,38263,6,,,1,30,,38264,6,,,1,70,,38265,6,,,1,30,,38266,6,,,1,70,,38267,6,,,1,30,,38268,6,,,1,70,,38269,6,,,1,30,,38270,6,,,1,70,,38271,6,,,1,30,,38272,6,,,1,70,,38273,6,,,1,30,,38274,6,,,1,60,,38275,6,,,1,20,,38276,6,,,1,20,,38277,6,,,1,60,,38278,6,,,1,20,,38279,6,,,1,20,,38280,6,,,1,60,,38281,6,,,1,30,,38282,6,,,1,70,,38283,6,,,1,30,,38284,6,,,1,70,,38285,6,,,1,30,,38286,6,,,1,70,,38287,6,,,1,30,,38288,6,,,1,70,,38289,6,,,1,30,,38290,6,,,1,70,,38291,6,,,1
11700,'117-Weekday-5-26-02-1111100',534,,38297,6,,,1,70,,38298,6,,,1,30,,38330,6,,,1,20,,38331,6,,,1,60,,38332,6,,,1,20,,38333,6,,,1,20,,38334,6,,,1,60,,38299,6,,,1,30,,38300,6,,,1,70,,38301,6,,,1,30,,38302,6,,,1,70,,38303,6,,,1,30,,38304,6,,,1,70,,38305,6,,,1,30,,38306,6,,,1,70,,38307,6,,,1,30,,38308,6,,,1,70,,38309,6,,,1,30,,38310,6,,,1,70,,38311,6,,,1,30,,38312,6,,,1,60,,38313,6,,,1,20,,38314,6,,,1,20,,38315,6,,,1,60,,38316,6,,,1,20,,38317,6,,,1,20,,38318,6,,,1,60,,38319,6,,,1,30,,38320,6,,,1,70,,38321,6,,,1,30,,38322,6,,,1,70,,38323,6,,,1,30,,38324,6,,,1,70,,38325,6,,,1,30,,38326,6,,,1,70,,38327,6,,,1,30,,38328,6,,,1,70,,38329,6,,,1
11700,'117-Weekday-6-26-02-1111100',534,,38335,6,,,1,70,,38336,6,,,1,30,,38368,6,,,1,20,,38369,6,,,1,60,,38370,6,,,1,20,,38371,6,,,1,20,,38372,6,,,1,60,,38337,6,,,1,30,,38338,6,,,1,70,,38339,6,,,1,30,,38340,6,,,1,70,,38341,6,,,1,30,,38342,6,,,1,70,,38343,6,,,1,30,,38344,6,,,1,70,,38345,6,,,1,30,,38346,6,,,1,70,,38347,6,,,1,30,,38348,6,,,1,70,,38349,6,,,1,30,,38350,6,,,1,60,,38351,6,,,1,20,,38352,6,,,1,20,,38353,6,,,1,60,,38354,6,,,1,20,,38355,6,,,1,20,,38356,6,,,1,60,,38357,6,,,1,30,,38358,6,,,1,70,,38359,6,,,1,30,,38360,6,,,1,70,,38361,6,,,1,30,,38362,6,,,1,70,,38363,6,,,1,30,,38364,6,,,1,70,,38365,6,,,1,30,,38366,6,,,1,70,,38367,6,,,1
11700,'117-Weekday-7-26-02-1111100',534,,38373,6,,,1,70,,38374,6,,,1,30,,38406,6,,,1,20,,38407,6,,,1,60,,38408,6,,,1,20,,38409,6,,,1,20,,38410,6,,,1,60,,38375,6,,,1,30,,38376,6,,,1,70,,38377,6,,,1,30,,38378,6,,,1,70,,38379,6,,,1,30,,38380,6,,,1,70,,38381,6,,,1,30,,38382,6,,,1,70,,38383,6,,,1,30,,38384,6,,,1,70,,38385,6,,,1,30,,38386,6,,,1,70,,38387,6,,,1,30,,38388,6,,,1,60,,38389,6,,,1,20,,38390,6,,,1,20,,38391,6,,,1,60,,38392,6,,,1,20,,38393,6,,,1,20,,38394,6,,,1,60,,38395,6,,,1,30,,38396,6,,,1,70,,38397,6,,,1,30,,38398,6,,,1,70,,38399,6,,,1,30,,38400,6,,,1,70,,38401,6,,,1,30,,38402,6,,,1,70,,38403,6,,,1,30,,38404,6,,,1,70,,38405,6,,,1
11700,'117-Saturday-1-26-02-0000010',549,,38487,6,,,1,100,,38488,6,,,1,100,,38489,6,,,1,85,,38490,6,,,1,70,,38517,6,,,1,30,,38508,6,,,1,70,,38509,6,,,1,30,,38510,6,,,1,70,,38511,6,,,1,30,,38512,6,,,1,70,,38513,6,,,1,30,,38514,6,,,1,70,,38515,6,,,1,30,,38516,6,,,1,70,,38507,6,,,1,30,,38492,6,,,1,70,,38493,6,,,1,30,,38494,6,,,1,70,,38495,6,,,1,30,,38496,6,,,1,70,,38497,6,,,1,30,,38498,6,,,1,70,,38499,6,,,1,30,,38500,6,,,1,70,,38501,6,,,1,30,,38502,6,,,1,70,,38503,6,,,1,30,,38504,6,,,1,70,,38505,6,,,1,30,,38506,6,,,1,70,,38491,6,,,1
11700,'117-Sunday-1-26-02-0000001',611,,38518,6,,,1,100,,38519,6,,,1,100,,38520,6,,,1,100,,38521,6,,,1,100,,38522,6,,,1,30,,38523,6,,,1,70,,38524,6,,,1,30,,38525,6,,,1,70,,38526,6,,,1,30,,38527,6,,,1,70,,38528,6,,,1,30,,38529,6,,,1,70,,38530,6,,,1,30,,38531,6,,,1,70,,38532,6,,,1,30,,38533,6,,,1,70,,38534,6,,,1,30,,38535,6,,,1,70,,38536,6,,,1,30,,38537,6,,,1,70,,38538,6,,,1,30,,38539,6,,,1,100,,38540,6,,,1,100,,38541,6,,,1
61200,'612-Weekday-1-26-02-0001000',1228,,60423,11,,,1
61200,'612-Weekday-1-26-02-1110100',1526,,60424,11,,,1
61200,'612-Weekday-5-26-02-0000100',1228,,60427,11,,,1
61200,'612-Weekday-5-26-02-1111000',1526,,60428,11,,,1
61200,'612-Weekday-6-26-02-1110100',1526,,60429,11,,,1
61200,'612-Weekday-9-26-02-0001000',1228,,60431,11,,,1
