91400,'914-Weekday-1-26-06-1111100',551,,184368,31,4,,1,70,,184369,31,4,,1,35,,184406,31,4,,1,60,,184370,31,4,,1,20,,184371,31,4,,1,20,,184372,31,4,,1,60,,184373,31,4,,1,20,,184374,31,4,,1,20,,184388,31,4,,1,69,,184375,31,4,,1,30,,184376,31,4,,1,70,,184377,31,4,,1,30,,184378,31,4,,1,70,,184379,31,4,,1,30,,184380,31,4,,1,70,,184381,31,4,,1,30,,184382,31,4,,1,70,,184383,31,4,,1,30,,184384,31,4,,1,70,,184385,31,4,,1,30,,184386,31,4,,1,74,,184387,31,4,,1,30,,184407,31,4,,1,60,,184389,31,4,,1,20,,184390,31,4,,1,20,,184391,31,4,,1,60,,184392,31,4,,1,20,,184393,31,4,,1,20,,184402,31,4,,1,70,,184394,31,4,,1,26,,184395,31,4,,1,70,,184396,31,4,,1,30,,184397,31,4,,1,70,,184398,31,4,,1,30,,184399,31,4,,1,70,,184400,31,4,,1,30,,184401,31,4,,1,67,,184405,31,4,,1,100,,184403,31,4,,1,100,,184404,31,4,,1
91400,'914-Weekday-2-26-06-1111100',551,,201173,31,4,,1,70,,201174,31,4,,1,35,,201211,31,4,,1,60,,201175,31,4,,1,20,,201176,31,4,,1,20,,201177,31,4,,1,60,,201178,31,4,,1,20,,201179,31,4,,1,20,,201193,31,4,,1,69,,201180,31,4,,1,30,,201181,31,4,,1,70,,201182,31,4,,1,30,,201183,31,4,,1,70,,201184,31,4,,1,30,,201185,31,4,,1,70,,201186,31,4,,1,30,,201187,31,4,,1,70,,201188,31,4,,1,30,,201189,31,4,,1,70,,201190,31,4,,1,30,,201191,31,4,,1,74,,201192,31,4,,1,30,,201212,31,4,,1,60,,201194,31,4,,1,20,,201195,31,4,,1,20,,201196,31,4,,1,60,,201197,31,4,,1,20,,201198,31,4,,1,20,,201207,31,4,,1,70,,201199,31,4,,1,26,,201200,31,4,,1,70,,201201,31,4,,1,30,,201202,31,4,,1,70,,201203,31,4,,1,30,,201204,31,4,,1,70,,201205,31,4,,1,30,,201206,31,4,,1,67,,201210,31,4,,1,100,,201208,31,4,,1,100,,201209,31,4,,1
91400,'914-Saturday-1-26-06-0000010',721,,184408,31,4,,1,100,,184409,31,4,,1,30,,184410,31,4,,1,74,,184411,31,4,,1,30,,184412,31,4,,1,70,,184413,31,4,,1,30,,184414,31,4,,1,70,,184415,31,4,,1,30,,184416,31,4,,1,70,,184417,31,4,,1,30,,184418,31,4,,1,70,,184419,31,4,,1,30,,184420,31,4,,1,70,,184421,31,4,,1,30,,184422,31,4,,1,70,,184423,31,4,,1,30,,184424,31,4,,1,70,,184425,31,4,,1,30,,184426,31,4,,1,69,,184427,31,4,,1,30,,184428,31,4,,1,70,,184429,31,4,,1,30,,184430,31,4,,1,100,,184431,31,4,,1,100,,184432,31,4,,1,100,,184433,31,4,,1,100,,184434,31,4,,1
91400,'914-Sunday-1-26-06-0000001',721,,184435,31,4,,1,100,,184436,31,4,,1,100,,184437,31,4,,1,103,,184438,31,4,,1,100,,184439,31,4,,1,30,,184440,31,4,,1,70,,184441,31,4,,1,30,,184442,31,4,,1,70,,184443,31,4,,1,30,,184444,31,4,,1,70,,184445,31,4,,1,30,,184446,31,4,,1,70,,184447,31,4,,1,30,,184448,31,4,,1,70,,184449,31,4,,1,30,,184450,31,4,,1,70,,184451,31,4,,1,28,,184452,31,4,,1,70,,184453,31,4,,1,30,,184454,31,4,,1,100,,184455,31,4,,1,100,,184456,31,4,,1
91400,'914-Sunday-2-26-06-0000001',721,,201213,31,4,,1,100,,201214,31,4,,1,100,,201215,31,4,,1,103,,201216,31,4,,1,100,,201217,31,4,,1,30,,201218,31,4,,1,70,,201219,31,4,,1,30,,201220,31,4,,1,70,,201221,31,4,,1,30,,201222,31,4,,1,70,,201223,31,4,,1,30,,201224,31,4,,1,70,,201225,31,4,,1,30,,201226,31,4,,1,70,,201227,31,4,,1,30,,201228,31,4,,1,70,,201229,31,4,,1,28,,201230,31,4,,1,70,,201231,31,4,,1,30,,201232,31,4,,1,100,,201233,31,4,,1,100,,201234,31,4,,1
91401,'914-Weekday-1-26-06-1111100',535,,184457,1,,,1,70,,184458,1,,,1,30,,184494,1,,,1,20,,184459,1,,,1,60,,184485,1,,,1,20,,184460,1,,,1,20,,184461,1,,,1,60,,184486,1,,,1,20,,184475,1,,,1,24,,184483,1,,,1,70,,184463,1,,,1,30,,184464,1,,,1,70,,184465,1,,,1,30,,184466,1,,,1,70,,184467,1,,,1,30,,184468,1,,,1,70,,184469,1,,,1,30,,184470,1,,,1,70,,184471,1,,,1,30,,184472,1,,,1,70,,184473,1,,,1,30,,184474,1,,,1,70,,184495,1,,,1,20,,184476,1,,,1,60,,184477,1,,,1,20,,184487,1,,,1,20,,184478,1,,,1,60,,184479,1,,,1,20,,184493,1,,,1,71,,184482,1,,,1,30,,184480,1,,,1,70,,184481,1,,,1,30,,184489,1,,,1,70,,184490,1,,,1,30,,184491,1,,,1,70,,184492,1,,,1,30,,184488,1,,,1,70,,184484,1,,,1,100,,184462,1,,,1
91401,'914-Weekday-2-26-06-1111100',535,,201235,1,,,1,70,,201236,1,,,1,30,,201272,1,,,1,20,,201237,1,,,1,60,,201263,1,,,1,20,,201238,1,,,1,20,,201239,1,,,1,60,,201264,1,,,1,20,,201253,1,,,1,24,,201261,1,,,1,70,,201241,1,,,1,30,,201242,1,,,1,70,,201243,1,,,1,30,,201244,1,,,1,70,,201245,1,,,1,30,,201246,1,,,1,70,,201247,1,,,1,30,,201248,1,,,1,70,,201249,1,,,1,30,,201250,1,,,1,70,,201251,1,,,1,30,,201252,1,,,1,70,,201273,1,,,1,20,,201254,1,,,1,60,,201255,1,,,1,20,,201265,1,,,1,20,,201256,1,,,1,60,,201257,1,,,1,20,,201271,1,,,1,71,,201260,1,,,1,30,,201258,1,,,1,70,,201259,1,,,1,30,,201267,1,,,1,70,,201268,1,,,1,30,,201269,1,,,1,70,,201270,1,,,1,30,,201266,1,,,1,70,,201262,1,,,1,100,,201240,1,,,1
91401,'914-Saturday-1-26-06-0000010',629,,184496,1,,,1,100,,184497,1,,,1,100,,184498,1,,,1,30,,184499,1,,,1,70,,184500,1,,,1,30,,184501,1,,,1,70,,184502,1,,,1,30,,184503,1,,,1,70,,184504,1,,,1,30,,184505,1,,,1,70,,184506,1,,,1,30,,184507,1,,,1,70,,184508,1,,,1,30,,184509,1,,,1,70,,184510,1,,,1,30,,184511,1,,,1,70,,184512,1,,,1,30,,184513,1,,,1,70,,184514,1,,,1,30,,184515,1,,,1,70,,184519,1,,,1,30,,184520,1,,,1,70,,184521,1,,,1,30,,184518,1,,,1,100,,184517,1,,,1,100,,184516,1,,,1,100,,184522,1,,,1
91401,'914-Sunday-1-26-06-0000001',632,,184525,1,,,1,100,,184526,1,,,1,97,,184523,1,,,1,100,,184524,1,,,1,100,,184527,1,,,1,30,,184528,1,,,1,70,,184529,1,,,1,30,,184530,1,,,1,70,,184531,1,,,1,30,,184532,1,,,1,70,,184533,1,,,1,30,,184534,1,,,1,70,,184535,1,,,1,30,,184536,1,,,1,70,,184537,1,,,1,30,,184538,1,,,1,70,,184539,1,,,1,30,,184540,1,,,1,70,,184541,1,,,1,29,,184542,1,,,1,70,,184543,1,,,1,30,,184544,1,,,1,100,,184545,1,,,1
91401,'914-Sunday-2-26-06-0000001',632,,201276,1,,,1,100,,201277,1,,,1,97,,201274,1,,,1,100,,201275,1,,,1,100,,201278,1,,,1,30,,201279,1,,,1,70,,201280,1,,,1,30,,201281,1,,,1,70,,201282,1,,,1,30,,201283,1,,,1,70,,201284,1,,,1,30,,201285,1,,,1,70,,201286,1,,,1,30,,201287,1,,,1,70,,201288,1,,,1,30,,201289,1,,,1,70,,201290,1,,,1,30,,201291,1,,,1,70,,201292,1,,,1,29,,201293,1,,,1,70,,201294,1,,,1,30,,201295,1,,,1,100,,201296,1,,,1
