12201,'122-Weekday-7-26-04-1111100',546,,154609,26,0,29 30,1,70,,154610,26,0,29 30,1,31,,154611,26,0,29 30,1,70,,154612,26,0,29 30,1,30,,154613,26,0,29 30,1,70,,154614,26,0,29 30,1,30,,154615,26,0,29 30,1,70,,154631,26,0,29 30,1,30,,154632,26,0,29 30,1,70,,154633,26,0,29 30,1,30,,154634,26,0,29 30,1,70,,154635,26,0,29 30,1,30,,154636,26,0,29 30,1,70,,154637,26,0,29 30,1,30,,154638,26,0,29 30,1,70,,154639,26,0,29 30,1,30,,154640,26,0,29 30,1,70,,154641,26,0,29 30,1,30,,154642,26,0,29 30,1,71,,154643,26,0,29 30,1,30,,154616,26,0,29 30,1,60,,154617,26,0,29 30,1,20,,154618,26,0,29 30,1,20,,154619,26,0,29 30,1,60,,154620,26,0,29 30,1,20,,154621,26,0,29 30,1,30,,154622,26,0,29 30,1,70,,154623,26,0,29 30,1,27,,154624,26,0,29 30,1,70,,154625,26,0,29 30,1,30,,154626,26,0,29 30,1,70,,154627,26,0,29 30,1,30,,154628,26,0,29 30,1,70,,154629,26,0,29 30,1,30,,154630,26,0,29 30,1
12201,'122-Saturday-1-26-04-0000010',822,,124316,26,0,29 30,1,30,,124317,26,0,29 30,1,70,,124318,26,0,29 30,1,30,,124319,26,0,29 30,1,70,,124320,26,0,29 30,1,30,,124321,26,0,29 30,1,70,,124322,26,0,29 30,1,30,,124323,26,0,29 30,1,70,,124324,26,0,29 30,1,30,,124325,26,0,29 30,1,70,,124326,26,0,29 30,1,30,,124327,26,0,29 30,1,70,,124328,26,0,29 30,1,30,,124329,26,0,29 30,1,70,,124330,26,0,29 30,1,30,,124331,26,0,29 30,1,70,,124332,26,0,29 30,1,30,,124333,26,0,29 30,1,70,,124334,26,0,29 30,1,30,,124335,26,0,29 30,1,70,,124336,26,0,29 30,1,30,,124337,26,0,29 30,1,70,,124338,26,0,29 30,1
61000,'610-Weekday-7-26-04-0001000',1254,,156383,40,,,1,2,,156382,40,,,1,203,,156384,40,,,1,45,,156385,40,,,1
61000,'610-Weekday-7-26-04-1110100',1551,,156386,40,,,1,4,,156387,40,,,1,46,,156388,40,,,1,5,,156389,40,,,1
61001,'610-Weekday-7-26-04-1111100',722,,156390,18,,,1,4,,156391,18,,,1,6,,156392,18,,,1,81,,156393,18,,,1,6,,156394,18,,,1,5,,156395,18,,,1
61100,'611-Weekday-7-26-04-0001000',1218,,156396,27,,,1,5,,156397,27,,,1
61100,'611-Weekday-7-26-04-1110100',1524,,156398,27,,,1,5,,156399,27,,,1
61101,'611-Weekday-7-26-04-1111100',731,,156400,18,,,1,11,,156401,18,,,1
61600,'616-Weekday-7-26-04-0001000',1436,,156423,29,,,1,4,,156424,29,,,1
61600,'616-Weekday-7-26-04-1110100',1534,,156426,29,,,1,4,,156425,29,,,1
61601,'616-Weekday-7-26-04-1111100',801,,156427,18,,,1,10,,156428,18,,,1
68400,'684-Weekday-7-26-04-0001000',1331,,156702,54,,,1
68400,'684-Weekday-7-26-04-1110100',1644,,156705,54,,,1
68400,'684-Weekday-7-26-04-1111100',1617,,156708,59,,,1
68401,'684-Weekday-7-26-04-1111100',743,,156709,18,,,1
