10701,'107-Weekday-1-26-06-1111100',529,,170943,3,,,1,30,,170944,3,,,1,70,,170945,3,,,1,15,,170964,3,,,1,15,,170946,3,,,1,55,,170965,3,,,1,15,,170947,3,,,1,15,,170966,3,,,1,15,,170948,3,,,1,55,,170949,3,,,1,15,,170950,3,,,1,20,,170967,3,,,1,60,,170951,3,,,1,20,,170952,3,,,1,20,,170968,3,,,1,60,,170969,3,,,1,20,,170970,3,,,1,20,,170971,3,,,1,60,,170972,3,,,1,20,,170973,3,,,1,20,,170974,3,,,1,60,,170975,3,,,1,20,,170976,3,,,1,20,,170977,3,,,1,60,,170978,3,,,1,20,,170979,3,,,1,20,,170980,3,,,1,60,,170981,3,,,1,20,,170982,3,,,1,20,,170991,3,,,1,55,,170963,3,,,1,15,,170983,3,,,1,15,,170984,3,,,1,15,,170985,3,,,1,55,,170953,3,,,1,15,,170954,3,,,1,15,,170955,3,,,1,15,,170956,3,,,1,55,,170957,3,,,1,15,,170958,3,,,1,22,,170992,3,,,1,60,,170993,3,,,1,20,,170959,3,,,1,30,,170987,3,,,1,70,,170988,3,,,1,30,,170989,3,,,1,70,,170990,3,,,1,30,,170960,3,,,1,70,,170962,3,,,1,30,,170961,3,,,1,70,,170986,3,,,1
10701,'107-Weekday-2-26-06-1111100',529,,193175,3,,,1,30,,193176,3,,,1,70,,193177,3,,,1,15,,193196,3,,,1,15,,193178,3,,,1,55,,193197,3,,,1,15,,193179,3,,,1,15,,193198,3,,,1,15,,193180,3,,,1,55,,193181,3,,,1,15,,193182,3,,,1,20,,193199,3,,,1,60,,193183,3,,,1,20,,193184,3,,,1,20,,193200,3,,,1,60,,193201,3,,,1,20,,193202,3,,,1,20,,193203,3,,,1,60,,193204,3,,,1,20,,193205,3,,,1,20,,193206,3,,,1,60,,193207,3,,,1,20,,193208,3,,,1,20,,193209,3,,,1,60,,193210,3,,,1,20,,193211,3,,,1,20,,193212,3,,,1,60,,193213,3,,,1,20,,193214,3,,,1,20,,193223,3,,,1,55,,193195,3,,,1,15,,193215,3,,,1,15,,193216,3,,,1,15,,193217,3,,,1,55,,193185,3,,,1,15,,193186,3,,,1,15,,193187,3,,,1,15,,193188,3,,,1,55,,193189,3,,,1,15,,193190,3,,,1,22,,193224,3,,,1,60,,193225,3,,,1,20,,193191,3,,,1,30,,193219,3,,,1,70,,193220,3,,,1,30,,193221,3,,,1,70,,193222,3,,,1,30,,193192,3,,,1,70,,193194,3,,,1,30,,193193,3,,,1,70,,193218,3,,,1
10701,'107-Saturday-1-26-06-0000010',753,,170994,3,,,1,70,,170995,3,,,1,30,,170996,3,,,1,70,,170997,3,,,1,30,,170998,3,,,1,70,,170999,3,,,1,30,,171000,3,,,1,70,,171001,3,,,1,30,,171002,3,,,1,70,,171003,3,,,1,30,,171004,3,,,1,70,,171005,3,,,1,30,,171006,3,,,1,70,,171007,3,,,1,30,,171008,3,,,1,70,,171009,3,,,1,30,,171010,3,,,1,70,,171011,3,,,1,30,,171012,3,,,1,70,,171013,3,,,1,30,,171014,3,,,1,70,,171015,3,,,1,30,,171016,3,,,1
10701,'107-Sunday-1-26-06-0000001',941,,171017,3,,,1,70,,171018,3,,,1,30,,171019,3,,,1,70,,171020,3,,,1,30,,171021,3,,,1,70,,171022,3,,,1,30,,171023,3,,,1,70,,171024,3,,,1,30,,171025,3,,,1,70,,171026,3,,,1,30,,171027,3,,,1,70,,171028,3,,,1,30,,171029,3,,,1,70,,171030,3,,,1,30,,171031,3,,,1,70,,171032,3,,,1,30,,171033,3,,,1,70,,171034,3,,,1,30,,171035,3,,,1,70,,171036,3,,,1
10701,'107-Sunday-2-26-06-0000001',941,,193226,3,,,1,70,,193227,3,,,1,30,,193228,3,,,1,70,,193229,3,,,1,30,,193230,3,,,1,70,,193231,3,,,1,30,,193232,3,,,1,70,,193233,3,,,1,30,,193234,3,,,1,70,,193235,3,,,1,30,,193236,3,,,1,70,,193237,3,,,1,30,,193238,3,,,1,70,,193239,3,,,1,30,,193240,3,,,1,70,,193241,3,,,1,30,,193242,3,,,1,70,,193243,3,,,1,30,,193244,3,,,1,70,,193245,3,,,1
11701,'117-Weekday-1-26-06-1111100',532,,172812,3,,,1,70,,172813,3,,,1,31,,172838,3,,,1,70,,172814,3,,,1,30,,172815,3,,,1,70,,172816,3,,,1,30,,172840,3,,,1,69,,172817,3,,,1,30,,172818,3,,,1,70,,172819,3,,,1,30,,172820,3,,,1,70,,172821,3,,,1,30,,172822,3,,,1,70,,172823,3,,,1,30,,172824,3,,,1,70,,172825,3,,,1,30,,172826,3,,,1,70,,172827,3,,,1,30,,172839,3,,,1,70,,172843,3,,,1,30,,172828,3,,,1,70,,172829,3,,,1,30,,172830,3,,,1,70,,172841,3,,,1,30,,172842,3,,,1,70,,172831,3,,,1,30,,172832,3,,,1,70,,172833,3,,,1,30,,172834,3,,,1,70,,172835,3,,,1,30,,172836,3,,,1,70,,172837,3,,,1,30,,172844,3,,,1
11701,'117-Weekday-3-26-06-1111100',532,,194209,3,,,1,70,,194210,3,,,1,31,,194235,3,,,1,70,,194211,3,,,1,30,,194212,3,,,1,70,,194213,3,,,1,30,,194237,3,,,1,69,,194214,3,,,1,30,,194215,3,,,1,70,,194216,3,,,1,30,,194217,3,,,1,70,,194218,3,,,1,30,,194219,3,,,1,70,,194220,3,,,1,30,,194221,3,,,1,70,,194222,3,,,1,30,,194223,3,,,1,70,,194224,3,,,1,30,,194236,3,,,1,70,,194240,3,,,1,30,,194225,3,,,1,70,,194226,3,,,1,30,,194227,3,,,1,70,,194238,3,,,1,30,,194239,3,,,1,70,,194228,3,,,1,30,,194229,3,,,1,70,,194230,3,,,1,30,,194231,3,,,1,70,,194232,3,,,1,30,,194233,3,,,1,70,,194234,3,,,1,30,,194241,3,,,1
11701,'117-Saturday-1-26-06-0000010',619,,172845,3,,,1,100,,172846,3,,,1,100,,172847,3,,,1,38,,172848,3,,,1,69,,172849,3,,,1,30,,172850,3,,,1,70,,172851,3,,,1,30,,172852,3,,,1,70,,172853,3,,,1,30,,172854,3,,,1,70,,172855,3,,,1,30,,172856,3,,,1,70,,172857,3,,,1,30,,172858,3,,,1,70,,172859,3,,,1,30,,172860,3,,,1,70,,172861,3,,,1,30,,172862,3,,,1,70,,172863,3,,,1,30,,172864,3,,,1,71,,172865,3,,,1,30,,172866,3,,,1,70,,172867,3,,,1,30,,172868,3,,,1,70,,172869,3,,,1,30,,172870,3,,,1,70,,172871,3,,,1,30,,172872,3,,,1,70,,172873,3,,,1,30,,172874,3,,,1
11701,'117-Sunday-1-26-06-0000001',633,,172875,3,,,1,100,,172876,3,,,1,100,,172877,3,,,1,100,,172878,3,,,1,70,,172879,3,,,1,30,,172880,3,,,1,70,,172881,3,,,1,30,,172882,3,,,1,70,,172883,3,,,1,30,,172884,3,,,1,70,,172885,3,,,1,30,,172886,3,,,1,70,,172887,3,,,1,30,,172888,3,,,1,70,,172889,3,,,1,30,,172890,3,,,1,70,,172891,3,,,1,30,,172892,3,,,1,70,,172893,3,,,1,28,,172894,3,,,1,70,,172895,3,,,1,30,,172896,3,,,1,70,,172897,3,,,1,100,,172898,3,,,1,100,,172899,3,,,1
11701,'117-Sunday-2-26-06-0000001',633,,194242,3,,,1,100,,194243,3,,,1,100,,194244,3,,,1,100,,194245,3,,,1,70,,194246,3,,,1,30,,194247,3,,,1,70,,194248,3,,,1,30,,194249,3,,,1,70,,194250,3,,,1,30,,194251,3,,,1,70,,194252,3,,,1,30,,194253,3,,,1,70,,194254,3,,,1,30,,194255,3,,,1,70,,194256,3,,,1,30,,194257,3,,,1,70,,194258,3,,,1,30,,194259,3,,,1,70,,194260,3,,,1,28,,194261,3,,,1,70,,194262,3,,,1,30,,194263,3,,,1,70,,194264,3,,,1,100,,194265,3,,,1,100,,194266,3,,,1
