5601,'056-Weekday-1-26-02-1111100',537,,24918,55,,,1,70,,24919,55,,,1,15,,24920,55,,,1,17,,24921,55,,,1,18,,24922,55,,,1,57,,24923,55,,,1,16,,24924,55,,,1,15,,24925,55,,,1,55,,24917,55,,,1,15,,24927,55,,,1,2,,24988,16,0,58,1,3,,24989,16,0,58,1,10,,24929,55,,,1,15,,24931,55,,,1,55,,24933,55,,,1,14,,24935,55,,,1,16,,24937,55,,,1,15,,24938,55,,,1,55,,24939,55,,,1,15,,24940,55,,,1,15,,24941,55,,,1,15,,24942,55,,,1,55,,24943,55,,,1,15,,24944,55,,,1,15,,24945,55,,,1,15,,24946,55,,,1,55,,24947,55,,,1,15,,24948,55,,,1,15,,24949,55,,,1,15,,24950,55,,,1,55,,24951,55,,,1,15,,24952,55,,,1,15,,24953,55,,,1,15,,24954,55,,,1,55,,24955,55,,,1,15,,24956,55,,,1,15,,24957,55,,,1,15,,24958,55,,,1,55,,24959,55,,,1,17,,24960,55,,,1,18,,24961,55,,,1,14,,24962,55,,,1,53,,24963,55,,,1,12,,24964,55,,,1,12,,24965,55,,,1,12,,24966,55,,,1,12,,24967,55,,,1,52,,24968,55,,,1,12,,24969,55,,,1,12,,24970,55,,,1,12,,24971,55,,,1,12,,24972,55,,,1,52,,24973,55,,,1,12,,24974,55,,,1,12,,24975,55,,,1,11,,24976,55,,,1,64,,24977,55,,,1,28,,24978,55,,,1,30,,24979,55,,,1,70,,24980,55,,,1,30,,24981,55,,,1,70,,24982,55,,,1,30,,24983,55,,,1,65,,24984,55,,,1,31,,24985,55,,,1,100,,24986,55,,,1,100,,24987,55,,,1
5601,'056-Weekday-10-26-02-1111100',537,,24994,55,,,1,70,,24995,55,,,1,15,,24996,55,,,1,17,,24997,55,,,1,18,,24998,55,,,1,57,,24999,55,,,1,16,,25000,55,,,1,15,,25001,55,,,1,55,,24993,55,,,1,15,,25003,55,,,1,2,,25064,16,0,58,1,3,,25065,16,0,58,1,10,,25005,55,,,1,15,,25007,55,,,1,55,,25009,55,,,1,14,,25011,55,,,1,16,,25013,55,,,1,15,,25014,55,,,1,55,,25015,55,,,1,15,,25016,55,,,1,15,,25017,55,,,1,15,,25018,55,,,1,55,,25019,55,,,1,15,,25020,55,,,1,15,,25021,55,,,1,15,,25022,55,,,1,55,,25023,55,,,1,15,,25024,55,,,1,15,,25025,55,,,1,15,,25026,55,,,1,55,,25027,55,,,1,15,,25028,55,,,1,15,,25029,55,,,1,15,,25030,55,,,1,55,,25031,55,,,1,15,,25032,55,,,1,15,,25033,55,,,1,15,,25034,55,,,1,55,,25035,55,,,1,17,,25036,55,,,1,18,,25037,55,,,1,14,,25038,55,,,1,53,,25039,55,,,1,12,,25040,55,,,1,12,,25041,55,,,1,12,,25042,55,,,1,12,,25043,55,,,1,52,,25044,55,,,1,12,,25045,55,,,1,12,,25046,55,,,1,12,,25047,55,,,1,12,,25048,55,,,1,52,,25049,55,,,1,12,,25050,55,,,1,12,,25051,55,,,1,11,,25052,55,,,1,64,,25053,55,,,1,28,,25054,55,,,1,30,,25055,55,,,1,70,,25056,55,,,1,30,,25057,55,,,1,70,,25058,55,,,1,30,,25059,55,,,1,65,,25060,55,,,1,31,,25061,55,,,1,100,,25062,55,,,1,100,,25063,55,,,1
5601,'056-Saturday-1-26-02-0000010',600,,25638,55,,,1,30,,25593,55,,,1,70,,25639,55,,,1,30,,25594,55,,,1,70,,25640,55,,,1,30,,25595,55,,,1,15,,25596,55,,,1,55,,25641,55,,,1,17,,25597,55,,,1,19,,25598,55,,,1,17,,25599,55,,,1,55,,25642,55,,,1,15,,25600,55,,,1,15,,25601,55,,,1,15,,25602,55,,,1,55,,25643,55,,,1,15,,25603,55,,,1,15,,25604,55,,,1,15,,25605,55,,,1,55,,25644,55,,,1,15,,25606,55,,,1,15,,25607,55,,,1,15,,25608,55,,,1,55,,25645,55,,,1,15,,25609,55,,,1,15,,25610,55,,,1,15,,25611,55,,,1,55,,25646,55,,,1,15,,25612,55,,,1,15,,25613,55,,,1,15,,25614,55,,,1,55,,25647,55,,,1,15,,25615,55,,,1,15,,25616,55,,,1,15,,25617,55,,,1,55,,25648,55,,,1,15,,25626,55,,,1,15,,25627,55,,,1,15,,25628,55,,,1,55,,25649,55,,,1,13,,25629,55,,,1,12,,25630,55,,,1,14,,25631,55,,,1,55,,25650,55,,,1,15,,25632,55,,,1,15,,25633,55,,,1,15,,25634,55,,,1,55,,25651,55,,,1,15,,25635,55,,,1,15,,25636,55,,,1,20,,25637,55,,,1,60,,25623,55,,,1,20,,25618,55,,,1,20,,25652,55,,,1,60,,25624,55,,,1,20,,25619,55,,,1,20,,25653,55,,,1,60,,25625,55,,,1,20,,25620,55,,,1,20,,25654,55,,,1,70,,25655,55,,,1,30,,25621,55,,,1,70,,25656,55,,,1,30,,25622,55,,,1
65000,'650-Weekday-1-26-02-1111100',807,,61230,38,,,1,6,,61231,38,,,1
65000,'650-Weekday-9-26-02-1111100',807,,61238,38,,,1,6,,61239,38,,,1
68200,'682-Weekday-1-26-02-1111100',754,,61952,16,0,53 54,1,2,,61953,16,,,1,62,,61954,16,,,1
68200,'682-Weekday-9-26-02-1111100',754,,61967,16,0,53 54,1,2,,61968,16,,,1,62,,61969,16,,,1
70300,'703-Weekday-1-26-02-1111100',513,,64125,23,,,1,30,,64126,23,,,1,70,,64127,23,,,1,33,,64165,23,,,1,55,,64128,23,,,1,15,,64129,23,,,1,15,,64162,23,,,1,15,,64130,23,,,1,12,,64168,23,,,1,47,,64167,23,,,1,6,,64169,23,,,1,11,,64170,23,,,1,12,,64171,23,,,1,12,,64172,23,,,1,12,,64173,23,,,1,58,,64131,23,,,1,21,,64132,23,,,1,19,,64133,23,,,1,60,,64134,23,,,1,20,,64135,23,,,1,20,,64136,23,,,1,60,,64137,23,,,1,20,,64138,23,,,1,20,,64139,23,,,1,60,,64140,23,,,1,20,,64141,23,,,1,20,,64142,23,,,1,60,,64143,23,,,1,20,,64144,23,,,1,20,,64145,23,,,1,60,,64146,23,,,1,20,,64161,23,,,1,71,,64147,23,,,1,31,,64148,23,,,1,70,,64149,23,,,1,30,,64150,23,,,1,70,,64151,23,,,1,30,,64152,23,,,1,70,,64164,23,,,1,29,,64166,23,,,1,65,,64153,23,,,1,26,,64154,23,,,1,30,,64155,23,,,1,70,,64156,23,,,1,30,,64157,23,,,1,70,,64158,23,,,1,30,,64163,23,,,1,99,,64159,23,,,1,100,,64160,23,,,1
70300,'703-Weekday-10-26-02-1111100',513,,64174,23,,,1,30,,64175,23,,,1,70,,64176,23,,,1,33,,64214,23,,,1,55,,64177,23,,,1,15,,64178,23,,,1,15,,64211,23,,,1,15,,64179,23,,,1,12,,64217,23,,,1,47,,64216,23,,,1,6,,64218,23,,,1,11,,64219,23,,,1,12,,64220,23,,,1,12,,64221,23,,,1,12,,64222,23,,,1,58,,64180,23,,,1,21,,64181,23,,,1,19,,64182,23,,,1,60,,64183,23,,,1,20,,64184,23,,,1,20,,64185,23,,,1,60,,64186,23,,,1,20,,64187,23,,,1,20,,64188,23,,,1,60,,64189,23,,,1,20,,64190,23,,,1,20,,64191,23,,,1,60,,64192,23,,,1,20,,64193,23,,,1,20,,64194,23,,,1,60,,64195,23,,,1,20,,64210,23,,,1,71,,64196,23,,,1,31,,64197,23,,,1,70,,64198,23,,,1,30,,64199,23,,,1,70,,64200,23,,,1,30,,64201,23,,,1,70,,64213,23,,,1,29,,64215,23,,,1,65,,64202,23,,,1,26,,64203,23,,,1,30,,64204,23,,,1,70,,64205,23,,,1,30,,64206,23,,,1,70,,64207,23,,,1,30,,64212,23,,,1,99,,64208,23,,,1,100,,64209,23,,,1
70300,'703-Saturday-1-26-02-0000010',819,,64562,23,,,1,29,,64563,23,,,1,70,,64564,23,,,1,30,,64565,23,,,1,70,,64566,23,,,1,30,,64567,23,,,1,70,,64568,23,,,1,30,,64569,23,,,1,70,,64570,23,,,1,30,,64571,23,,,1,70,,64572,23,,,1,30,,64573,23,,,1,70,,64574,23,,,1,30,,64575,23,,,1,70,,64576,23,,,1,30,,64577,23,,,1,70,,64578,23,,,1,32,,64579,23,,,1,70,,64580,23,,,1,30,,64581,23,,,1,70,,64582,23,,,1,30,,64583,23,,,1
72400,'724-Weekday-1-26-02-1111100',550,,80403,38,,,1,70,,80404,38,,,1,33,,80405,38,,,1,70,,80406,38,,,1,30,,80402,38,,,1,70,,80407,38,,,1,30,,80408,38,,,1,667,,80409,38,,,1,30,,80410,38,,,1,70,,80411,38,,,1,30,,80412,38,,,1,70,,80413,38,,,1,30,,80414,38,,,1
72400,'724-Weekday-10-26-02-1111100',550,,80416,38,,,1,70,,80417,38,,,1,33,,80418,38,,,1,70,,80419,38,,,1,30,,80415,38,,,1,70,,80420,38,,,1,30,,80421,38,,,1,667,,80422,38,,,1,30,,80423,38,,,1,70,,80424,38,,,1,30,,80425,38,,,1,70,,80426,38,,,1,30,,80427,38,,,1
