50401,'504-Weekday-1-26-02-1111100',536,,98315,,,1,70,,98316,,,1,32,,98317,,,1,70,,98318,,,1,30,,98319,,,1,70,,98320,,,1,30,,98321,,,1,69,,98322,,,1,100,,98323,,,1,100,,98324,,,1,100,,98325,,,1,100,,98326,,,1,100,,98327,,,1,45,,98328,,,1,71,,98329,,,1,32,,98330,,,1,70,,98331,,,1,30,,98332,,,1,100,,98333,,,1,98,,98334,,,1,100,,98335,,,1,100,,98336,,,1,100,,98337,,,1
50401,'504-Weekday-10-26-02-1111100',536,,157851,,,1,70,,157852,,,1,32,,157853,,,1,70,,157854,,,1,30,,157855,,,1,70,,157856,,,1,30,,157857,,,1,69,,157858,,,1,100,,157859,,,1,100,,157860,,,1,100,,157861,,,1,100,,157862,,,1,100,,157863,,,1,45,,157864,,,1,71,,157865,,,1,32,,157866,,,1,70,,157867,,,1,30,,157868,,,1,100,,157869,,,1,98,,157870,,,1,100,,157871,,,1,100,,157872,,,1,100,,157873,,,1
50401,'504-Weekday-2-26-02-1111100',536,,98338,,,1,70,,98339,,,1,32,,98340,,,1,70,,98341,,,1,30,,98342,,,1,70,,98343,,,1,30,,98344,,,1,69,,98345,,,1,100,,98346,,,1,100,,98347,,,1,100,,98348,,,1,100,,98349,,,1,100,,98350,,,1,45,,98351,,,1,71,,98352,,,1,32,,98353,,,1,70,,98354,,,1,30,,98355,,,1,100,,98356,,,1,98,,98357,,,1,100,,98358,,,1,100,,98359,,,1,100,,98360,,,1
50401,'504-Weekday-4-26-02-1111100',536,,98361,,,1,70,,98362,,,1,32,,98363,,,1,70,,98364,,,1,30,,98365,,,1,70,,98366,,,1,30,,98367,,,1,69,,98368,,,1,100,,98369,,,1,100,,98370,,,1,100,,98371,,,1,100,,98372,,,1,100,,98373,,,1,45,,98374,,,1,71,,98375,,,1,32,,98376,,,1,70,,98377,,,1,30,,98378,,,1,100,,98379,,,1,98,,98380,,,1,100,,98381,,,1,100,,98382,,,1,100,,98383,,,1
50401,'504-Weekday-5-26-02-1111100',536,,98384,,,1,70,,98385,,,1,32,,98386,,,1,70,,98387,,,1,30,,98388,,,1,70,,98389,,,1,30,,98390,,,1,69,,98391,,,1,100,,98392,,,1,100,,98393,,,1,100,,98394,,,1,100,,98395,,,1,100,,98396,,,1,45,,98397,,,1,71,,98398,,,1,32,,98399,,,1,70,,98400,,,1,30,,98401,,,1,100,,98402,,,1,98,,98403,,,1,100,,98404,,,1,100,,98405,,,1,100,,98406,,,1
50401,'504-Weekday-6-26-02-1111100',536,,98407,,,1,70,,98408,,,1,32,,98409,,,1,70,,98410,,,1,30,,98411,,,1,70,,98412,,,1,30,,98413,,,1,69,,98414,,,1,100,,98415,,,1,100,,98416,,,1,100,,98417,,,1,100,,98418,,,1,100,,98419,,,1,45,,98420,,,1,71,,98421,,,1,32,,98422,,,1,70,,98423,,,1,30,,98424,,,1,100,,98425,,,1,98,,98426,,,1,100,,98427,,,1,100,,98428,,,1,100,,98429,,,1
50401,'504-Weekday-7-26-02-1111100',536,,98430,,,1,70,,98431,,,1,32,,98432,,,1,70,,98433,,,1,30,,98434,,,1,70,,98435,,,1,30,,98436,,,1,69,,98437,,,1,100,,98438,,,1,100,,98439,,,1,100,,98440,,,1,100,,98441,,,1,100,,98442,,,1,45,,98443,,,1,71,,98444,,,1,32,,98445,,,1,70,,98446,,,1,30,,98447,,,1,100,,98448,,,1,98,,98449,,,1,100,,98450,,,1,100,,98451,,,1,100,,98452,,,1
50401,'504-Weekday-8-26-02-1111100',536,,98453,,,1,70,,98454,,,1,32,,98455,,,1,70,,98456,,,1,30,,98457,,,1,70,,98458,,,1,30,,98459,,,1,69,,98460,,,1,100,,98461,,,1,100,,98462,,,1,100,,98463,,,1,100,,98464,,,1,100,,98465,,,1,45,,98466,,,1,71,,98467,,,1,32,,98468,,,1,70,,98469,,,1,30,,98470,,,1,100,,98471,,,1,98,,98472,,,1,100,,98473,,,1,100,,98474,,,1,100,,98475,,,1
50401,'504-Weekday-9-26-02-1111100',536,,98476,,,1,70,,98477,,,1,32,,98478,,,1,70,,98479,,,1,30,,98480,,,1,70,,98481,,,1,30,,98482,,,1,69,,98483,,,1,100,,98484,,,1,100,,98485,,,1,100,,98486,,,1,100,,98487,,,1,100,,98488,,,1,45,,98489,,,1,71,,98490,,,1,32,,98491,,,1,70,,98492,,,1,30,,98493,,,1,100,,98494,,,1,98,,98495,,,1,100,,98496,,,1,100,,98497,,,1,100,,98498,,,1
50401,'504-Saturday-1-26-02-0000010',719,,98499,,,1,100,,98500,,,1,100,,98501,,,1,100,,98502,,,1,100,,98503,,,1,100,,98504,,,1,100,,98505,,,1,100,,98506,,,1,100,,98507,,,1,100,,98508,,,1,100,,98509,,,1,100,,98510,,,1,100,,98511,,,1
50401,'504-Sunday-1-26-02-0000001',815,,98512,,,1,100,,98513,,,1,100,,98514,,,1,100,,98515,,,1,100,,98516,,,1,100,,98517,,,1,100,,98518,,,1,100,,98519,,,1,100,,98520,,,1,100,,98521,,,1,100,,98522,,,1,100,,98523,,,1
24050001,'500X-Weekday-1-26-02-1111100',538,,150393,,,1,70,,150355,,,1,30,,150356,,,1,10,,150357,,,1,6,,150363,,,1,46,,150366,,,1,6,,150365,,,1,6,,150361,,,1,6,,150367,,,1,6,,150360,,,1,6,,150384,,,1,6,,150385,,,1,6,,150359,,,1,6,,150358,,,1,6,,150368,,,1,46,,150364,,,1,6,,150401,,,1,6,,150402,,,1,6,,150403,,,1,6,,150404,,,1,6,,150405,,,1,10,,150362,,,1,10,,150397,,,1,50,,150406,,,1,10,,150398,,,1,15,,150373,,,1,15,,150386,,,1,15,,150387,,,1,55,,150371,,,1,15,,150372,,,1,15,,150369,,,1,15,,150396,,,1,55,,150395,,,1,20,,150388,,,1,20,,150389,,,1,60,,150370,,,1,20,,150374,,,1,20,,150375,,,1,60,,150376,,,1,20,,150407,,,1,20,,150408,,,1,50,,150390,,,1,20,,150377,,,1,20,,150399,,,1,60,,150378,,,1,20,,150379,,,1,20,,150380,,,1,60,,150409,,,1,20,,150410,,,1,20,,150411,,,1,60,,150412,,,1,20,,150381,,,1,20,,150382,,,1,60,,150383,,,1,30,,150391,,,1,70,,150392,,,1,30,,150394,,,1,70,,150400,,,1,30,,150413,,,1
24050001,'500X-Weekday-10-26-02-1111100',538,,164346,,,1,70,,164308,,,1,30,,164309,,,1,10,,164310,,,1,6,,164316,,,1,46,,164319,,,1,6,,164318,,,1,6,,164314,,,1,6,,164320,,,1,6,,164313,,,1,6,,164337,,,1,6,,164338,,,1,6,,164312,,,1,6,,164311,,,1,6,,164321,,,1,46,,164317,,,1,6,,164354,,,1,6,,164355,,,1,6,,164356,,,1,6,,164357,,,1,6,,164358,,,1,10,,164315,,,1,10,,164350,,,1,50,,164359,,,1,10,,164351,,,1,15,,164326,,,1,15,,164339,,,1,15,,164340,,,1,55,,164324,,,1,15,,164325,,,1,15,,164322,,,1,15,,164349,,,1,55,,164348,,,1,20,,164341,,,1,20,,164342,,,1,60,,164323,,,1,20,,164327,,,1,20,,164328,,,1,60,,164329,,,1,20,,164360,,,1,20,,164361,,,1,50,,164343,,,1,20,,164330,,,1,20,,164352,,,1,60,,164331,,,1,20,,164332,,,1,20,,164333,,,1,60,,164362,,,1,20,,164363,,,1,20,,164364,,,1,60,,164365,,,1,20,,164334,,,1,20,,164335,,,1,60,,164336,,,1,30,,164344,,,1,70,,164345,,,1,30,,164347,,,1,70,,164353,,,1,30,,164366,,,1
24050001,'500X-Weekday-2-26-02-1111100',538,,150452,,,1,70,,150414,,,1,30,,150415,,,1,10,,150416,,,1,6,,150422,,,1,46,,150425,,,1,6,,150424,,,1,6,,150420,,,1,6,,150426,,,1,6,,150419,,,1,6,,150443,,,1,6,,150444,,,1,6,,150418,,,1,6,,150417,,,1,6,,150427,,,1,46,,150423,,,1,6,,150460,,,1,6,,150461,,,1,6,,150462,,,1,6,,150463,,,1,6,,150464,,,1,10,,150421,,,1,10,,150456,,,1,50,,150465,,,1,10,,150457,,,1,15,,150432,,,1,15,,150445,,,1,15,,150446,,,1,55,,150430,,,1,15,,150431,,,1,15,,150428,,,1,15,,150455,,,1,55,,150454,,,1,20,,150447,,,1,20,,150448,,,1,60,,150429,,,1,20,,150433,,,1,20,,150434,,,1,60,,150435,,,1,20,,150466,,,1,20,,150467,,,1,50,,150449,,,1,20,,150436,,,1,20,,150458,,,1,60,,150437,,,1,20,,150438,,,1,20,,150439,,,1,60,,150468,,,1,20,,150469,,,1,20,,150470,,,1,60,,150471,,,1,20,,150440,,,1,20,,150441,,,1,60,,150442,,,1,30,,150450,,,1,70,,150451,,,1,30,,150453,,,1,70,,150459,,,1,30,,150472,,,1
24050001,'500X-Weekday-4-26-02-1111100',538,,150511,,,1,70,,150473,,,1,30,,150474,,,1,10,,150475,,,1,6,,150481,,,1,46,,150484,,,1,6,,150483,,,1,6,,150479,,,1,6,,150485,,,1,6,,150478,,,1,6,,150502,,,1,6,,150503,,,1,6,,150477,,,1,6,,150476,,,1,6,,150486,,,1,46,,150482,,,1,6,,150519,,,1,6,,150520,,,1,6,,150521,,,1,6,,150522,,,1,6,,150523,,,1,10,,150480,,,1,10,,150515,,,1,50,,150524,,,1,10,,150516,,,1,15,,150491,,,1,15,,150504,,,1,15,,150505,,,1,55,,150489,,,1,15,,150490,,,1,15,,150487,,,1,15,,150514,,,1,55,,150513,,,1,20,,150506,,,1,20,,150507,,,1,60,,150488,,,1,20,,150492,,,1,20,,150493,,,1,60,,150494,,,1,20,,150525,,,1,20,,150526,,,1,50,,150508,,,1,20,,150495,,,1,20,,150517,,,1,60,,150496,,,1,20,,150497,,,1,20,,150498,,,1,60,,150527,,,1,20,,150528,,,1,20,,150529,,,1,60,,150530,,,1,20,,150499,,,1,20,,150500,,,1,60,,150501,,,1,30,,150509,,,1,70,,150510,,,1,30,,150512,,,1,70,,150518,,,1,30,,150531,,,1
24050001,'500X-Weekday-5-26-02-1111100',538,,150570,,,1,70,,150532,,,1,30,,150533,,,1,10,,150534,,,1,6,,150540,,,1,46,,150543,,,1,6,,150542,,,1,6,,150538,,,1,6,,150544,,,1,6,,150537,,,1,6,,150561,,,1,6,,150562,,,1,6,,150536,,,1,6,,150535,,,1,6,,150545,,,1,46,,150541,,,1,6,,150578,,,1,6,,150579,,,1,6,,150580,,,1,6,,150581,,,1,6,,150582,,,1,10,,150539,,,1,10,,150574,,,1,50,,150583,,,1,10,,150575,,,1,15,,150550,,,1,15,,150563,,,1,15,,150564,,,1,55,,150548,,,1,15,,150549,,,1,15,,150546,,,1,15,,150573,,,1,55,,150572,,,1,20,,150565,,,1,20,,150566,,,1,60,,150547,,,1,20,,150551,,,1,20,,150552,,,1,60,,150553,,,1,20,,150584,,,1,20,,150585,,,1,50,,150567,,,1,20,,150554,,,1,20,,150576,,,1,60,,150555,,,1,20,,150556,,,1,20,,150557,,,1,60,,150586,,,1,20,,150587,,,1,20,,150588,,,1,60,,150589,,,1,20,,150558,,,1,20,,150559,,,1,60,,150560,,,1,30,,150568,,,1,70,,150569,,,1,30,,150571,,,1,70,,150577,,,1,30,,150590,,,1
24050001,'500X-Weekday-6-26-02-1111100',538,,150629,,,1,70,,150591,,,1,30,,150592,,,1,10,,150593,,,1,6,,150599,,,1,46,,150602,,,1,6,,150601,,,1,6,,150597,,,1,6,,150603,,,1,6,,150596,,,1,6,,150620,,,1,6,,150621,,,1,6,,150595,,,1,6,,150594,,,1,6,,150604,,,1,46,,150600,,,1,6,,150637,,,1,6,,150638,,,1,6,,150639,,,1,6,,150640,,,1,6,,150641,,,1,10,,150598,,,1,10,,150633,,,1,50,,150642,,,1,10,,150634,,,1,15,,150609,,,1,15,,150622,,,1,15,,150623,,,1,55,,150607,,,1,15,,150608,,,1,15,,150605,,,1,15,,150632,,,1,55,,150631,,,1,20,,150624,,,1,20,,150625,,,1,60,,150606,,,1,20,,150610,,,1,20,,150611,,,1,60,,150612,,,1,20,,150643,,,1,20,,150644,,,1,50,,150626,,,1,20,,150613,,,1,20,,150635,,,1,60,,150614,,,1,20,,150615,,,1,20,,150616,,,1,60,,150645,,,1,20,,150646,,,1,20,,150647,,,1,60,,150648,,,1,20,,150617,,,1,20,,150618,,,1,60,,150619,,,1,30,,150627,,,1,70,,150628,,,1,30,,150630,,,1,70,,150636,,,1,30,,150649,,,1
24050001,'500X-Weekday-7-26-02-1111100',538,,150688,,,1,70,,150650,,,1,30,,150651,,,1,10,,150652,,,1,6,,150658,,,1,46,,150661,,,1,6,,150660,,,1,6,,150656,,,1,6,,150662,,,1,6,,150655,,,1,6,,150679,,,1,6,,150680,,,1,6,,150654,,,1,6,,150653,,,1,6,,150663,,,1,46,,150659,,,1,6,,150696,,,1,6,,150697,,,1,6,,150698,,,1,6,,150699,,,1,6,,150700,,,1,10,,150657,,,1,10,,150692,,,1,50,,150701,,,1,10,,150693,,,1,15,,150668,,,1,15,,150681,,,1,15,,150682,,,1,55,,150666,,,1,15,,150667,,,1,15,,150664,,,1,15,,150691,,,1,55,,150690,,,1,20,,150683,,,1,20,,150684,,,1,60,,150665,,,1,20,,150669,,,1,20,,150670,,,1,60,,150671,,,1,20,,150702,,,1,20,,150703,,,1,50,,150685,,,1,20,,150672,,,1,20,,150694,,,1,60,,150673,,,1,20,,150674,,,1,20,,150675,,,1,60,,150704,,,1,20,,150705,,,1,20,,150706,,,1,60,,150707,,,1,20,,150676,,,1,20,,150677,,,1,60,,150678,,,1,30,,150686,,,1,70,,150687,,,1,30,,150689,,,1,70,,150695,,,1,30,,150708,,,1
24050001,'500X-Weekday-8-26-02-1111100',538,,150747,,,1,70,,150709,,,1,30,,150710,,,1,10,,150711,,,1,6,,150717,,,1,46,,150720,,,1,6,,150719,,,1,6,,150715,,,1,6,,150721,,,1,6,,150714,,,1,6,,150738,,,1,6,,150739,,,1,6,,150713,,,1,6,,150712,,,1,6,,150722,,,1,46,,150718,,,1,6,,150755,,,1,6,,150756,,,1,6,,150757,,,1,6,,150758,,,1,6,,150759,,,1,10,,150716,,,1,10,,150751,,,1,50,,150760,,,1,10,,150752,,,1,15,,150727,,,1,15,,150740,,,1,15,,150741,,,1,55,,150725,,,1,15,,150726,,,1,15,,150723,,,1,15,,150750,,,1,55,,150749,,,1,20,,150742,,,1,20,,150743,,,1,60,,150724,,,1,20,,150728,,,1,20,,150729,,,1,60,,150730,,,1,20,,150761,,,1,20,,150762,,,1,50,,150744,,,1,20,,150731,,,1,20,,150753,,,1,60,,150732,,,1,20,,150733,,,1,20,,150734,,,1,60,,150763,,,1,20,,150764,,,1,20,,150765,,,1,60,,150766,,,1,20,,150735,,,1,20,,150736,,,1,60,,150737,,,1,30,,150745,,,1,70,,150746,,,1,30,,150748,,,1,70,,150754,,,1,30,,150767,,,1
24050001,'500X-Weekday-9-26-02-1111100',538,,150806,,,1,70,,150768,,,1,30,,150769,,,1,10,,150770,,,1,6,,150776,,,1,46,,150779,,,1,6,,150778,,,1,6,,150774,,,1,6,,150780,,,1,6,,150773,,,1,6,,150797,,,1,6,,150798,,,1,6,,150772,,,1,6,,150771,,,1,6,,150781,,,1,46,,150777,,,1,6,,150814,,,1,6,,150815,,,1,6,,150816,,,1,6,,150817,,,1,6,,150818,,,1,10,,150775,,,1,10,,150810,,,1,50,,150819,,,1,10,,150811,,,1,15,,150786,,,1,15,,150799,,,1,15,,150800,,,1,55,,150784,,,1,15,,150785,,,1,15,,150782,,,1,15,,150809,,,1,55,,150808,,,1,20,,150801,,,1,20,,150802,,,1,60,,150783,,,1,20,,150787,,,1,20,,150788,,,1,60,,150789,,,1,20,,150820,,,1,20,,150821,,,1,50,,150803,,,1,20,,150790,,,1,20,,150812,,,1,60,,150791,,,1,20,,150792,,,1,20,,150793,,,1,60,,150822,,,1,20,,150823,,,1,20,,150824,,,1,60,,150825,,,1,20,,150794,,,1,20,,150795,,,1,60,,150796,,,1,30,,150804,,,1,70,,150805,,,1,30,,150807,,,1,70,,150813,,,1,30,,150826,,,1
