67801,'678-Weekday-7-26-04-0001000',1244,,156668,12,,,1,1,,156672,12,,,1,206,,156669,10,,,1,1,,156670,10,,,1,1,,156671,10,,,1
67801,'678-Weekday-7-26-04-1110100',1540,,156673,12,,,1,1,,156674,12,,,1,70,,156675,10,,,1,1,,156676,10,,,1,10,,156677,10,,,1,1,,156678,10,,,1
91601,'916-Weekday-7-26-04-0001000',1248,,159694,48,,,1
91601,'916-Weekday-7-26-04-1110100',1555,,159695,48,,,1,93,,159696,48,,,1
91601,'916-Weekday-7-26-04-1111100',615,,159697,48,,,1,32,,159732,48,,,1,61,,159733,48,,,1,19,,159734,48,,,1,20,,159735,48,,,1,60,,159736,48,,,1,20,,159737,48,,,1,24,,159698,48,,,1,64,,159731,48,,,1,31,,159699,48,,,1,72,,159700,48,,,1,30,,159701,48,,,1,70,,159702,48,,,1,30,,159703,48,,,1,70,,159704,48,,,1,30,,159705,48,,,1,70,,159706,48,,,1,30,,159707,48,,,1,70,,159708,48,,,1,30,,159709,48,,,1,72,,159710,48,,,1,20,,159711,48,,,1,12,,159712,48,,,1,52,,159713,48,,,1,12,,159738,48,,,1,12,,159714,48,,,1,12,,159715,48,,,1,12,,159716,48,,,1,52,,159717,48,,,1,12,,159739,48,,,1,12,,159718,48,,,1,12,,159719,48,,,1,12,,159720,48,,,1,52,,159721,48,,,1,16,,159730,48,,,1,28,,159722,48,,,1,68,,159723,48,,,1,30,,159724,48,,,1,70,,159725,48,,,1,30,,159726,48,,,1,70,,159727,48,,,1,30,,159728,48,,,1,69,,159729,48,,,1,28,,159740,48,,,1,66,,159741,48,,,1,100,,159742,48,,,1
91601,'916-Saturday-1-26-04-0000010',707,,144535,48,,,1,100,,144536,48,,,1,30,,144537,48,,,1,70,,144538,48,,,1,33,,144539,48,,,1,71,,144540,48,,,1,32,,144541,48,,,1,70,,144542,48,,,1,30,,144543,48,,,1,70,,144544,48,,,1,30,,144545,48,,,1,70,,144546,48,,,1,30,,144547,48,,,1,70,,144548,48,,,1,30,,144549,48,,,1,70,,144550,48,,,1,30,,144551,48,,,1,70,,144552,48,,,1,30,,144553,48,,,1,70,,144554,48,,,1,29,,144555,48,,,1,68,,144556,48,,,1,30,,144557,48,,,1,70,,144558,48,,,1,30,,144559,48,,,1,100,,144560,48,,,1,100,,144561,48,,,1,100,,144562,48,,,1,100,,144563,48,,,1,100,,144564,48,,,1
91701,'917-Weekday-7-26-04-0001000',1523,,159786,44,,,1
91701,'917-Weekday-7-26-04-1110100',1653,,159787,44,,,1
91701,'917-Weekday-7-26-04-1111100',523,,159788,44,,,1,30,,159789,44,,,1,70,,159827,44,,,1,32,,159829,44,,,1,70,,159828,44,,,1,30,,159790,44,,,1,70,,159823,44,,,1,30,,159791,44,,,1,71,,159792,44,,,1,30,,159793,44,,,1,70,,159794,44,,,1,30,,159795,44,,,1,70,,159796,44,,,1,30,,159797,44,,,1,70,,159798,44,,,1,30,,159799,44,,,1,70,,159800,44,,,1,30,,159801,44,,,1,70,,159802,44,,,1,30,,159803,44,,,1,74,,159804,44,,,1,71,,159826,44,,,1,15,,159805,44,,,1,15,,159806,44,,,1,15,,159807,44,,,1,55,,159824,44,,,1,15,,159808,44,,,1,15,,159809,44,,,1,15,,159810,44,,,1,55,,159825,44,,,1,15,,159811,44,,,1,15,,159812,44,,,1,25,,159813,44,,,1,69,,159814,44,,,1,30,,159815,44,,,1,70,,159816,44,,,1,30,,159817,44,,,1,70,,159818,44,,,1,30,,159819,44,,,1,68,,159820,44,,,1,100,,159821,44,,,1,100,,159822,44,,,1
91701,'917-Saturday-1-26-04-0000010',647,,144903,44,,,1,100,,144904,44,,,1,70,,144929,44,,,1,30,,144930,44,,,1,72,,144905,44,,,1,31,,144906,44,,,1,70,,144907,44,,,1,30,,144908,44,,,1,70,,144909,44,,,1,30,,144910,44,,,1,70,,144911,44,,,1,30,,144912,44,,,1,70,,144913,44,,,1,30,,144914,44,,,1,70,,144915,44,,,1,30,,144916,44,,,1,70,,144917,44,,,1,30,,144918,44,,,1,70,,144919,44,,,1,30,,144920,44,,,1,70,,144921,44,,,1,30,,144922,44,,,1,70,,144923,44,,,1,30,,144924,44,,,1,70,,144925,44,,,1,100,,144926,44,,,1,100,,144927,44,,,1,100,,144928,44,,,1
92600,'926-Weekday-7-26-04-1111100',642,,160367,66,0,5 6,1,63,,160368,66,0,5 6,1,23,,160369,66,0,5 6,1,20,,160370,66,0,5 6,1,60,,160371,66,0,5 6,1,20,,160372,66,0,5 6,1,20,,160373,66,0,5 6,1,59,,160374,66,0,5 6,1,18,,160375,66,0,5 6,1,16,,160376,66,0,5 6,1,70,,160377,66,0,5 6,1,30,,160378,66,0,5 6,1,70,,160379,66,0,5 6,1,30,,160380,66,0,5 6,1,70,,160381,66,0,5 6,1,30,,160382,66,0,5 6,1,70,,160383,66,0,5 6,1,30,,160384,66,0,5 6,1,70,,160385,66,0,5 6,1,30,,160386,66,0,5 6,1,71,,160387,66,0,5 6,1,35,,160388,66,0,5 6,1,53,,160389,66,0,5 6,1,20,,160390,66,0,5 6,1,20,,160391,66,0,5 6,1,60,,160392,66,0,5 6,1,20,,160393,66,0,5 6,1,20,,160394,66,0,5 6,1,60,,160395,66,0,5 6,1,20,,160396,66,0,5 6,1,19,,160397,66,0,5 6,1,18,,160398,66,0,5 6,1,57,,160399,66,0,5 6,1,30,,160400,66,0,5 6,1,70,,160401,66,0,5 6,1,30,,160402,66,0,5 6,1,70,,160403,66,0,5 6,1,30,,160404,66,0,5 6,1,69,,160405,66,0,5 6,1,29,,160406,66,0,5 6,1
92600,'926-Saturday-1-26-04-0000010',837,,147248,66,0,5 6,1,71,,147249,66,0,5 6,1,32,,147250,66,0,5 6,1,70,,147251,66,0,5 6,1,30,,147252,66,0,5 6,1,70,,147253,66,0,5 6,1,30,,147254,66,0,5 6,1,70,,147255,66,0,5 6,1,30,,147256,66,0,5 6,1,70,,147257,66,0,5 6,1,30,,147258,66,0,5 6,1,70,,147259,66,0,5 6,1,30,,147260,66,0,5 6,1,70,,147261,66,0,5 6,1,30,,147262,66,0,5 6,1,70,,147263,66,0,5 6,1,30,,147264,66,0,5 6,1,69,,147265,66,0,5 6,1,28,,147266,66,0,5 6,1,70,,147267,66,0,5 6,1,30,,147268,66,0,5 6,1,70,,147269,66,0,5 6,1,30,,147270,66,0,5 6,1
