5100,'051-Weekday-1-26-06-1111100',554,,166677,37,,,1,70,,166650,37,,,1,77,,166651,36,,,1,26,,166680,37,,,1,30,,166665,37,,,1,70,,166652,36,,,1,30,,166674,37,,,1,69,,166673,36,,,1,30,,166672,36,,,1,70,,166671,36,,,1,30,,166670,36,,,1,70,,166681,36,,,1,30,,166669,36,,,1,70,,166682,36,,,1,30,,166683,36,,,1,70,,166684,36,,,1,30,,166685,36,,,1,70,,166686,36,,,1,31,,166666,36,,,1,67,,166653,37,,,1,22,,166679,37,,,1,60,,166654,36,,,1,20,,166667,37,,,1,20,,166655,36,,,1,60,,166668,36,,,1,20,,166675,37,,,1,20,,166678,36,,,1,60,,166656,36,,,1,27,,166657,36,,,1,21,,166658,36,,,1,69,,166659,36,,,1,30,,166676,36,,,1,70,,166660,36,,,1,30,,166661,36,,,1,70,,166662,36,,,1,30,,166663,36,,,1,68,,166687,36,,,1,100,,166664,36,,,1
5100,'051-Saturday-1-26-06-0000010',705,,166711,36,,,1,99,,166688,36,,,1,100,,166689,37,,,1,33,,166690,36,,,1,72,,166691,36,,,1,30,,166692,36,,,1,70,,166693,36,,,1,30,,166695,37,,,1,70,,166696,37,,,1,30,,166697,36,,,1,70,,166694,36,,,1,30,,166698,36,,,1,70,,166699,36,,,1,30,,166700,36,,,1,70,,166702,36,,,1,30,,166703,36,,,1,70,,166704,36,,,1,30,,166701,36,,,1,70,,166705,36,,,1,29,,166706,36,,,1,70,,166707,36,,,1,30,,166708,36,,,1,70,,166709,36,,,1,30,,166710,36,,,1,100,,166712,37,,,1,100,,166713,36,,,1,100,,166714,36,,,1
5100,'051-Sunday-1-26-06-0000001',745,,166734,36,,,1,100,,166735,36,,,1,103,,166736,36,,,1,66,,166739,36,,,1,26,,166715,36,,,1,70,,166716,36,,,1,30,,166717,36,,,1,70,,166718,36,,,1,30,,166719,37,,,1,70,,166721,36,,,1,30,,166722,37,,,1,70,,166724,36,,,1,30,,166720,36,,,1,70,,166725,36,,,1,30,,166726,36,,,1,70,,166723,36,,,1,30,,166727,36,,,1,69,,166728,36,,,1,29,,166729,36,,,1,68,,166730,36,,,1,30,,166731,36,,,1,70,,166732,36,,,1,30,,166733,36,,,1,100,,166737,37,,,1,100,,166738,36,,,1,100,,166740,36,,,1
10600,'106-Weekday-1-26-06-1111100',532,,170507,10,,,1,73,,170511,10,,,1,31,,170512,10,,,1,70,,170557,10,,,1,12,,170513,10,,,1,15,,170558,10,,,1,15,,170514,10,,,1,55,,170515,10,,,1,15,,170517,10,,,1,15,,170516,10,,,1,15,,170520,10,,,1,54,,170518,10,,,1,14,,170523,10,,,1,18,,170524,10,,,1,20,,170525,10,,,1,60,,170526,10,,,1,20,,170527,10,,,1,20,,170528,10,,,1,60,,170529,10,,,1,20,,170530,10,,,1,20,,170531,10,,,1,60,,170532,10,,,1,20,,170533,10,,,1,20,,170534,10,,,1,60,,170535,10,,,1,20,,170536,10,,,1,20,,170537,10,,,1,60,,170538,10,,,1,20,,170539,10,,,1,20,,170540,10,,,1,62,,170541,10,,,1,16,,170519,10,,,1,15,,170544,10,,,1,55,,170521,10,,,1,15,,170545,10,,,1,15,,170522,10,,,1,15,,170546,10,,,1,55,,170542,10,,,1,15,,170547,10,,,1,15,,170543,10,,,1,15,,170548,10,,,1,70,,170549,10,,,1,27,,170550,10,,,1,65,,170551,10,,,1,30,,170552,10,,,1,70,,170553,10,,,1,30,,170554,10,,,1,70,,170555,10,,,1,30,,170556,10,,,1,68,,170509,10,,,1,26,,170510,10,,,1,100,,170508,10,0,14,1
10600,'106-Weekday-3-26-06-1111100',532,,170560,10,,,1,73,,170564,10,,,1,31,,170565,10,,,1,70,,170610,10,,,1,12,,170566,10,,,1,15,,170611,10,,,1,15,,170567,10,,,1,55,,170568,10,,,1,15,,170570,10,,,1,15,,170569,10,,,1,15,,170573,10,,,1,54,,170571,10,,,1,14,,170576,10,,,1,18,,170577,10,,,1,20,,170578,10,,,1,60,,170579,10,,,1,20,,170580,10,,,1,20,,170581,10,,,1,60,,170582,10,,,1,20,,170583,10,,,1,20,,170584,10,,,1,60,,170585,10,,,1,20,,170586,10,,,1,20,,170587,10,,,1,60,,170588,10,,,1,20,,170589,10,,,1,20,,170590,10,,,1,60,,170591,10,,,1,20,,170592,10,,,1,20,,170593,10,,,1,62,,170594,10,,,1,16,,170572,10,,,1,15,,170597,10,,,1,55,,170574,10,,,1,15,,170598,10,,,1,15,,170575,10,,,1,15,,170599,10,,,1,55,,170595,10,,,1,15,,170600,10,,,1,15,,170596,10,,,1,15,,170601,10,,,1,70,,170602,10,,,1,27,,170603,10,,,1,65,,170604,10,,,1,30,,170605,10,,,1,70,,170606,10,,,1,30,,170607,10,,,1,70,,170608,10,,,1,30,,170609,10,,,1,68,,170562,10,,,1,26,,170563,10,,,1,100,,170561,10,0,14,1
10600,'106-Saturday-1-26-06-0000010',535,,170612,10,,,1,72,,170613,10,,,1,30,,170614,10,,,1,70,,170615,10,,,1,30,,170616,10,,,1,70,,170617,10,,,1,30,,170618,10,,,1,71,,170619,10,,,1,36,,170620,10,,,1,70,,170621,10,,,1,30,,170622,10,,,1,70,,170623,10,,,1,30,,170624,10,,,1,70,,170625,10,,,1,30,,170626,10,,,1,70,,170627,10,,,1,30,,170628,10,,,1,70,,170629,10,,,1,30,,170630,10,,,1,70,,170631,10,,,1,30,,170632,10,,,1,70,,170633,10,,,1,30,,170634,10,,,1,68,,170635,10,,,1,29,,170636,10,,,1,70,,170637,10,,,1,30,,170638,10,,,1,70,,170639,10,,,1,30,,170640,10,,,1,70,,170641,10,,,1,30,,170642,10,,,1,70,,170643,10,,,1,30,,170644,10,,,1,70,,170645,10,,,1,30,,170646,10,,,1,100,,170647,10,,,1
10600,'106-Sunday-1-26-06-0000001',623,,170648,10,,,1,30,,170649,10,,,1,70,,170650,10,,,1,30,,170651,10,,,1,70,,170652,10,,,1,30,,170653,10,,,1,72,,170654,10,,,1,34,,170655,10,,,1,70,,170656,10,,,1,30,,170657,10,,,1,70,,170658,10,,,1,30,,170659,10,,,1,70,,170660,10,,,1,30,,170661,10,,,1,70,,170662,10,,,1,30,,170663,10,,,1,70,,170664,10,,,1,30,,170665,10,,,1,70,,170666,10,,,1,30,,170667,10,,,1,70,,170668,10,,,1,30,,170669,10,,,1,68,,170670,10,,,1,27,,170671,10,,,1,70,,170672,10,,,1,30,,170673,10,,,1,70,,170674,10,,,1,30,,170675,10,,,1,70,,170676,10,,,1,30,,170677,10,,,1,70,,170678,10,,,1,100,,170679,10,,,1,100,,170680,10,,,1
12701,'127-Weekday-1-26-06-1111100',828,,173932,30,,,1,100,,173925,30,,,1,100,,173926,30,,,1,100,,173927,30,,,1,100,,173928,30,,,1,100,,173929,30,,,1,100,,173930,30,,,1,100,,173931,30,,,1,100,,173933,30,,,1,100,,173934,30,,,1
12701,'127-Saturday-1-26-06-0000010',927,,173935,30,,,1,100,,173936,30,,,1,100,,173937,30,,,1,100,,173938,30,,,1,100,,173939,30,,,1,100,,173940,30,,,1,100,,173941,30,,,1,100,,173942,30,,,1,100,,173943,30,,,1
12701,'127-Sunday-1-26-06-0000001',828,,173944,18,,,1,100,,173945,18,,,1,100,,173946,18,,,1,100,,173947,18,,,1,100,,173948,18,,,1,100,,173949,18,,,1,100,,173950,18,,,1,100,,173951,18,,,1,100,,173952,18,,,1,100,,173953,18,,,1
62501,'625-Weekday-3-26-06-1111100',748,,177656,36,,,1
