50100,'501-Weekday-1-26-06-1111100',606,,173986,11,,,1,31,,173987,11,,,1,75,,174019,11,,,1,21,,173988,11,,,1,20,,174016,11,,,1,60,,173989,11,,,1,20,,173990,11,,,1,76,,173992,11,,,1,35,,173993,11,,,1,75,,173994,11,,,1,34,,173995,11,,,1,74,,173996,11,,,1,74,,173997,11,,,1,34,,173998,11,,,1,74,,173999,11,,,1,34,,174000,11,,,1,74,,174021,11,,,1,35,,174020,11,,,1,69,,174017,11,,,1,22,,174001,11,,,1,61,,174002,11,,,1,20,,174003,11,,,1,20,,174018,11,,,1,60,,174005,11,,,1,20,,174004,11,,,1,20,,174007,11,,,1,65,,174008,11,,,1,29,,174009,11,,,1,71,,174010,11,,,1,31,,174011,11,,,1,71,,174012,11,,,1,31,,174013,11,,,1,71,,174014,11,,,1,31,,174015,11,,,1,100,,174006,11,,,1,100,,173991,11,,,1
50100,'501-Weekday-2-26-06-1111100',606,,194921,11,,,1,31,,194922,11,,,1,75,,194954,11,,,1,21,,194923,11,,,1,20,,194951,11,,,1,60,,194924,11,,,1,20,,194925,11,,,1,76,,194927,11,,,1,35,,194928,11,,,1,75,,194929,11,,,1,34,,194930,11,,,1,74,,194931,11,,,1,74,,194932,11,,,1,34,,194933,11,,,1,74,,194934,11,,,1,34,,194935,11,,,1,74,,194956,11,,,1,35,,194955,11,,,1,69,,194952,11,,,1,22,,194936,11,,,1,61,,194937,11,,,1,20,,194938,11,,,1,20,,194953,11,,,1,60,,194940,11,,,1,20,,194939,11,,,1,20,,194942,11,,,1,65,,194943,11,,,1,29,,194944,11,,,1,71,,194945,11,,,1,31,,194946,11,,,1,71,,194947,11,,,1,31,,194948,11,,,1,71,,194949,11,,,1,31,,194950,11,,,1,100,,194941,11,,,1,100,,194926,11,,,1
50100,'501-Saturday-1-26-06-0000010',607,,174044,11,,,1,100,,174045,11,,,1,100,,174022,11,,,1,30,,174023,11,,,1,70,,174024,11,,,1,32,,174025,11,,,1,72,,174026,11,,,1,32,,174027,11,,,1,72,,174028,11,,,1,32,,174029,11,,,1,72,,174030,11,,,1,32,,174031,11,,,1,72,,174032,11,,,1,32,,174033,11,,,1,72,,174034,11,,,1,32,,174035,11,,,1,72,,174036,11,,,1,72,,174037,11,,,1,32,,174038,11,,,1,72,,174039,11,,,1,32,,174040,11,,,1,72,,174041,11,,,1,32,,174042,11,,,1,72,,174043,11,,,1
50100,'501-Sunday-1-26-06-0000001',615,,174046,11,,,1,100,,174047,11,,,1,100,,174048,11,,,1,100,,174049,11,,,1,100,,174050,11,,,1,30,,174051,11,,,1,70,,174052,11,,,1,30,,174053,11,,,1,70,,174054,11,,,1,30,,174055,11,,,1,70,,174056,11,,,1,30,,174057,11,,,1,70,,174058,11,,,1,30,,174059,11,,,1,70,,174060,11,,,1,30,,174061,11,,,1,70,,174062,11,,,1,30,,174063,11,,,1,70,,174064,11,,,1,30,,174065,11,,,1,70,,174066,11,,,1,30,,174067,11,,,1,70,,174068,11,,,1
50100,'501-Sunday-2-26-06-0000001',615,,194957,11,,,1,100,,194958,11,,,1,100,,194959,11,,,1,100,,194960,11,,,1,100,,194961,11,,,1,30,,194962,11,,,1,70,,194963,11,,,1,30,,194964,11,,,1,70,,194965,11,,,1,30,,194966,11,,,1,70,,194967,11,,,1,30,,194968,11,,,1,70,,194969,11,,,1,30,,194970,11,,,1,70,,194971,11,,,1,30,,194972,11,,,1,70,,194973,11,,,1,30,,194974,11,,,1,70,,194975,11,,,1,30,,194976,11,,,1,70,,194977,11,,,1,30,,194978,11,,,1,70,,194979,11,,,1
52500,'525-Weekday-1-26-06-1111100',940,,177327,2,,,1,70,,177328,2,,,1,30,,177329,2,,,1,70,,177330,2,,,1,30,,177331,2,,,1,70,,177332,2,,,1,30,,177333,2,,,1,70,,177334,2,,,1,30,,177335,2,,,1,70,,177336,2,,,1,30,,177337,2,,,1,102,,177338,2,,,1,100,,177339,2,,,1,100,,177340,2,,,1
52500,'525-Weekday-2-26-06-1111100',940,,197044,2,,,1,70,,197045,2,,,1,30,,197046,2,,,1,70,,197047,2,,,1,30,,197048,2,,,1,70,,197049,2,,,1,30,,197050,2,,,1,70,,197051,2,,,1,30,,197052,2,,,1,70,,197053,2,,,1,30,,197054,2,,,1,102,,197055,2,,,1,100,,197056,2,,,1,100,,197057,2,,,1
52500,'525-Saturday-1-26-06-0000010',1111,,177341,2,,,1,100,,177342,2,,,1,100,,177343,2,,,1,100,,177344,2,,,1,100,,177345,2,,,1,100,,177346,2,,,1,100,,177347,2,,,1
52500,'525-Sunday-1-26-06-0000001',1110,,177348,2,,,1,100,,177349,2,,,1,100,,177350,2,,,1,100,,177351,2,,,1,100,,177352,2,,,1,100,,177353,2,,,1
52500,'525-Sunday-2-26-06-0000001',1110,,197058,2,,,1,100,,197059,2,,,1,100,,197060,2,,,1,100,,197061,2,,,1,100,,197062,2,,,1,100,,197063,2,,,1
