72400,'724-Weekday-1-26-02-1111100',553,,80403,40,,,1,70,,80404,40,,,1,34,,80405,40,,,1,70,,80406,40,,,1,30,,80402,40,,,1,70,,80407,40,,,1,30,,80408,40,,,1,665,,80409,40,,,1,30,,80410,40,,,1,70,,80411,40,,,1,30,,80412,40,,,1,70,,80413,40,,,1,30,,80414,40,,,1
72400,'724-Weekday-10-26-02-1111100',553,,80416,40,,,1,70,,80417,40,,,1,34,,80418,40,,,1,70,,80419,40,,,1,30,,80415,40,,,1,70,,80420,40,,,1,30,,80421,40,,,1,665,,80422,40,,,1,30,,80423,40,,,1,70,,80424,40,,,1,30,,80425,40,,,1,70,,80426,40,,,1,30,,80427,40,,,1
72400,'724-Weekday-2-26-02-1111100',553,,80429,40,,,1,70,,80430,40,,,1,34,,80431,40,,,1,70,,80432,40,,,1,30,,80428,40,,,1,70,,80433,40,,,1,30,,80434,40,,,1,665,,80435,40,,,1,30,,80436,40,,,1,70,,80437,40,,,1,30,,80438,40,,,1,70,,80439,40,,,1,30,,80440,40,,,1
72400,'724-Weekday-4-26-02-1111100',553,,80442,40,,,1,70,,80443,40,,,1,34,,80444,40,,,1,70,,80445,40,,,1,30,,80441,40,,,1,70,,80446,40,,,1,30,,80447,40,,,1,665,,80448,40,,,1,30,,80449,40,,,1,70,,80450,40,,,1,30,,80451,40,,,1,70,,80452,40,,,1,30,,80453,40,,,1
72400,'724-Weekday-5-26-02-1111100',553,,80455,40,,,1,70,,80456,40,,,1,34,,80457,40,,,1,70,,80458,40,,,1,30,,80454,40,,,1,70,,80459,40,,,1,30,,80460,40,,,1,665,,80461,40,,,1,30,,80462,40,,,1,70,,80463,40,,,1,30,,80464,40,,,1,70,,80465,40,,,1,30,,80466,40,,,1
72400,'724-Weekday-6-26-02-1111100',553,,80468,40,,,1,70,,80469,40,,,1,34,,80470,40,,,1,70,,80471,40,,,1,30,,80467,40,,,1,70,,80472,40,,,1,30,,80473,40,,,1,665,,80474,40,,,1,30,,80475,40,,,1,70,,80476,40,,,1,30,,80477,40,,,1,70,,80478,40,,,1,30,,80479,40,,,1
72400,'724-Weekday-7-26-02-1111100',553,,80481,40,,,1,70,,80482,40,,,1,34,,80483,40,,,1,70,,80484,40,,,1,30,,80480,40,,,1,70,,80485,40,,,1,30,,80486,40,,,1,665,,80487,40,,,1,30,,80488,40,,,1,70,,80489,40,,,1,30,,80490,40,,,1,70,,80491,40,,,1,30,,80492,40,,,1
72400,'724-Weekday-8-26-02-1111100',553,,80494,40,,,1,70,,80495,40,,,1,34,,80496,40,,,1,70,,80497,40,,,1,30,,80493,40,,,1,70,,80498,40,,,1,30,,80499,40,,,1,665,,80500,40,,,1,30,,80501,40,,,1,70,,80502,40,,,1,30,,80503,40,,,1,70,,80504,40,,,1,30,,80505,40,,,1
72400,'724-Weekday-9-26-02-1111100',553,,80507,40,,,1,70,,80508,40,,,1,34,,80509,40,,,1,70,,80510,40,,,1,30,,80506,40,,,1,70,,80511,40,,,1,30,,80512,40,,,1,665,,80513,40,,,1,30,,80514,40,,,1,70,,80515,40,,,1,30,,80516,40,,,1,70,,80517,40,,,1,30,,80518,40,,,1
72401,'724-Weekday-1-26-02-1111100',617,,80520,7,,,1,32,,80521,7,,,1,74,,80522,7,,,1,30,,80523,7,,,1,70,,80524,7,,,1,30,,80519,7,,,1,665,,80525,7,,,1,30,,80526,7,,,1,70,,80527,7,,,1,30,,80528,7,,,1,70,,80529,7,,,1,30,,80530,7,,,1,70,,80531,7,,,1
72401,'724-Weekday-10-26-02-1111100',617,,80533,7,,,1,32,,80534,7,,,1,74,,80535,7,,,1,30,,80536,7,,,1,70,,80537,7,,,1,30,,80532,7,,,1,665,,80538,7,,,1,30,,80539,7,,,1,70,,80540,7,,,1,30,,80541,7,,,1,70,,80542,7,,,1,30,,80543,7,,,1,70,,80544,7,,,1
72401,'724-Weekday-2-26-02-1111100',617,,80546,7,,,1,32,,80547,7,,,1,74,,80548,7,,,1,30,,80549,7,,,1,70,,80550,7,,,1,30,,80545,7,,,1,665,,80551,7,,,1,30,,80552,7,,,1,70,,80553,7,,,1,30,,80554,7,,,1,70,,80555,7,,,1,30,,80556,7,,,1,70,,80557,7,,,1
72401,'724-Weekday-4-26-02-1111100',617,,80559,7,,,1,32,,80560,7,,,1,74,,80561,7,,,1,30,,80562,7,,,1,70,,80563,7,,,1,30,,80558,7,,,1,665,,80564,7,,,1,30,,80565,7,,,1,70,,80566,7,,,1,30,,80567,7,,,1,70,,80568,7,,,1,30,,80569,7,,,1,70,,80570,7,,,1
72401,'724-Weekday-5-26-02-1111100',617,,80572,7,,,1,32,,80573,7,,,1,74,,80574,7,,,1,30,,80575,7,,,1,70,,80576,7,,,1,30,,80571,7,,,1,665,,80577,7,,,1,30,,80578,7,,,1,70,,80579,7,,,1,30,,80580,7,,,1,70,,80581,7,,,1,30,,80582,7,,,1,70,,80583,7,,,1
72401,'724-Weekday-6-26-02-1111100',617,,80585,7,,,1,32,,80586,7,,,1,74,,80587,7,,,1,30,,80588,7,,,1,70,,80589,7,,,1,30,,80584,7,,,1,665,,80590,7,,,1,30,,80591,7,,,1,70,,80592,7,,,1,30,,80593,7,,,1,70,,80594,7,,,1,30,,80595,7,,,1,70,,80596,7,,,1
72401,'724-Weekday-7-26-02-1111100',617,,80598,7,,,1,32,,80599,7,,,1,74,,80600,7,,,1,30,,80601,7,,,1,70,,80602,7,,,1,30,,80597,7,,,1,665,,80603,7,,,1,30,,80604,7,,,1,70,,80605,7,,,1,30,,80606,7,,,1,70,,80607,7,,,1,30,,80608,7,,,1,70,,80609,7,,,1
72401,'724-Weekday-8-26-02-1111100',617,,80611,7,,,1,32,,80612,7,,,1,74,,80613,7,,,1,30,,80614,7,,,1,70,,80615,7,,,1,30,,80610,7,,,1,665,,80616,7,,,1,30,,80617,7,,,1,70,,80618,7,,,1,30,,80619,7,,,1,70,,80620,7,,,1,30,,80621,7,,,1,70,,80622,7,,,1
72401,'724-Weekday-9-26-02-1111100',617,,80624,7,,,1,32,,80625,7,,,1,74,,80626,7,,,1,30,,80627,7,,,1,70,,80628,7,,,1,30,,80623,7,,,1,665,,80629,7,,,1,30,,80630,7,,,1,70,,80631,7,,,1,30,,80632,7,,,1,70,,80633,7,,,1,30,,80634,7,,,1,70,,80635,7,,,1
