91601,'916-Weekday-1-26-04-0001000',1233,,144391,27,,,1
91601,'916-Weekday-1-26-04-1110100',1539,,144392,27,,,1,93,,144393,27,,,1
91601,'916-Weekday-1-26-04-1111100',601,,144394,27,,,1,31,,144429,27,,,1,20,,144430,27,,,1,59,,144431,27,,,1,20,,144432,27,,,1,20,,144433,27,,,1,60,,144434,27,,,1,24,,144395,27,,,1,65,,144428,27,,,1,31,,144396,27,,,1,72,,144397,27,,,1,30,,144398,27,,,1,70,,144399,27,,,1,30,,144400,27,,,1,70,,144401,27,,,1,30,,144402,27,,,1,70,,144403,27,,,1,30,,144404,27,,,1,70,,144405,27,,,1,30,,144406,27,,,1,71,,144407,27,,,1,20,,144408,27,,,1,12,,144409,27,,,1,12,,144410,27,,,1,52,,144435,27,,,1,12,,144411,27,,,1,12,,144412,27,,,1,12,,144413,27,,,1,12,,144414,27,,,1,52,,144436,27,,,1,12,,144415,27,,,1,12,,144416,27,,,1,12,,144417,27,,,1,12,,144418,27,,,1,56,,144427,27,,,1,29,,144419,27,,,1,68,,144420,27,,,1,30,,144421,27,,,1,70,,144422,27,,,1,30,,144423,27,,,1,70,,144424,27,,,1,30,,144425,27,,,1,70,,144426,27,,,1,28,,144437,27,,,1,26,,144438,27,,,1,100,,144439,27,,,1
91601,'916-Weekday-2-26-04-1110100',1632,,144440,27,,,1
91601,'916-Weekday-2-26-04-1111100',601,,144441,27,,,1,31,,144476,27,,,1,20,,144477,27,,,1,59,,144478,27,,,1,20,,144479,27,,,1,20,,144480,27,,,1,60,,144481,27,,,1,24,,144442,27,,,1,65,,144475,27,,,1,31,,144443,27,,,1,72,,144444,27,,,1,30,,144445,27,,,1,70,,144446,27,,,1,30,,144447,27,,,1,70,,144448,27,,,1,30,,144449,27,,,1,70,,144450,27,,,1,30,,144451,27,,,1,70,,144452,27,,,1,30,,144453,27,,,1,71,,144454,27,,,1,20,,144455,27,,,1,12,,144456,27,,,1,12,,144457,27,,,1,52,,144482,27,,,1,12,,144458,27,,,1,12,,144459,27,,,1,12,,144460,27,,,1,12,,144461,27,,,1,52,,144483,27,,,1,12,,144462,27,,,1,12,,144463,27,,,1,12,,144464,27,,,1,12,,144465,27,,,1,56,,144474,27,,,1,29,,144466,27,,,1,68,,144467,27,,,1,30,,144468,27,,,1,70,,144469,27,,,1,30,,144470,27,,,1,70,,144471,27,,,1,30,,144472,27,,,1,70,,144473,27,,,1,28,,144484,27,,,1,26,,144485,27,,,1,100,,144486,27,,,1
91601,'916-Weekday-3-26-04-0001000',1233,,144487,27,,,1
91601,'916-Weekday-3-26-04-1110100',1539,,144488,27,,,1
91601,'916-Weekday-3-26-04-1111100',601,,144489,27,,,1,31,,144524,27,,,1,20,,144525,27,,,1,59,,144526,27,,,1,20,,144527,27,,,1,20,,144528,27,,,1,60,,144529,27,,,1,24,,144490,27,,,1,65,,144523,27,,,1,31,,144491,27,,,1,72,,144492,27,,,1,30,,144493,27,,,1,70,,144494,27,,,1,30,,144495,27,,,1,70,,144496,27,,,1,30,,144497,27,,,1,70,,144498,27,,,1,30,,144499,27,,,1,70,,144500,27,,,1,30,,144501,27,,,1,71,,144502,27,,,1,20,,144503,27,,,1,12,,144504,27,,,1,12,,144505,27,,,1,52,,144530,27,,,1,12,,144506,27,,,1,12,,144507,27,,,1,12,,144508,27,,,1,12,,144509,27,,,1,52,,144531,27,,,1,12,,144510,27,,,1,12,,144511,27,,,1,12,,144512,27,,,1,12,,144513,27,,,1,56,,144522,27,,,1,29,,144514,27,,,1,68,,144515,27,,,1,30,,144516,27,,,1,70,,144517,27,,,1,30,,144518,27,,,1,70,,144519,27,,,1,30,,144520,27,,,1,70,,144521,27,,,1,28,,144532,27,,,1,26,,144533,27,,,1,100,,144534,27,,,1
91601,'916-Saturday-1-26-04-0000010',653,,144535,27,,,1,100,,144536,27,,,1,70,,144537,27,,,1,30,,144538,27,,,1,73,,144539,27,,,1,31,,144540,27,,,1,72,,144541,27,,,1,30,,144542,27,,,1,70,,144543,27,,,1,30,,144544,27,,,1,70,,144545,27,,,1,30,,144546,27,,,1,70,,144547,27,,,1,30,,144548,27,,,1,70,,144549,27,,,1,30,,144550,27,,,1,70,,144551,27,,,1,30,,144552,27,,,1,70,,144553,27,,,1,30,,144554,27,,,1,69,,144555,27,,,1,28,,144556,27,,,1,70,,144557,27,,,1,30,,144558,27,,,1,70,,144559,27,,,1,100,,144560,27,,,1,100,,144561,27,,,1,100,,144562,27,,,1,100,,144563,27,,,1,100,,144564,27,,,1
91601,'916-Sunday-1-26-04-0000001',653,,144565,27,,,1,100,,144566,27,,,1,100,,144567,27,,,1,105,,144568,27,,,1,101,,144569,27,,,1,70,,144570,27,,,1,30,,144571,27,,,1,70,,144572,27,,,1,30,,144573,27,,,1,70,,144574,27,,,1,30,,144575,27,,,1,70,,144576,27,,,1,30,,144577,27,,,1,70,,144578,27,,,1,30,,144579,27,,,1,70,,144580,27,,,1,30,,144581,27,,,1,69,,144582,27,,,1,29,,144583,27,,,1,70,,144584,27,,,1,30,,144585,27,,,1,70,,144586,27,,,1,30,,144587,27,,,1,100,,144588,27,,,1,100,,144589,27,,,1,100,,144590,27,,,1,100,,144591,27,,,1
