65000,'650-Weekday-1-26-04-1111100',746,,131879,10,,,1,6,,131880,10,,,1
65000,'650-Weekday-2-26-04-1111100',746,,131881,10,,,1,6,,131882,10,,,1
70601,'706-Weekday-1-26-04-1111100',559,,134211,18,,,1,68,,134212,18,,,1,31,,134213,18,,,1,70,,134214,18,,,1,30,,134215,18,,,1,70,,134216,18,,,1,28,,134217,18,,,1,67,,134218,18,,,1,30,,134219,18,,,1,70,,134220,18,,,1,30,,134221,18,,,1,70,,134222,18,,,1,30,,134223,18,,,1,70,,134224,18,,,1,30,,134225,18,,,1,70,,134226,18,,,1,30,,134227,18,,,1,70,,134228,18,,,1,30,,134229,18,,,1,73,,134230,18,,,1,20,,134231,18,,,1,60,,134232,18,,,1,20,,134233,18,,,1,20,,134234,18,,,1,60,,134235,18,,,1,20,,134236,18,,,1,20,,134237,18,,,1,60,,134238,18,,,1,20,,134239,18,,,1,26,,134240,18,,,1,70,,134241,18,,,1,30,,134242,18,,,1,70,,134243,18,,,1,30,,134244,18,,,1,70,,134245,18,,,1,30,,134246,18,,,1,70,,134247,18,,,1
70601,'706-Weekday-2-26-04-1111100',559,,134248,18,,,1,68,,134249,18,,,1,31,,134250,18,,,1,70,,134251,18,,,1,30,,134252,18,,,1,70,,134253,18,,,1,28,,134254,18,,,1,67,,134255,18,,,1,30,,134256,18,,,1,70,,134257,18,,,1,30,,134258,18,,,1,70,,134259,18,,,1,30,,134260,18,,,1,70,,134261,18,,,1,30,,134262,18,,,1,70,,134263,18,,,1,30,,134264,18,,,1,70,,134265,18,,,1,30,,134266,18,,,1,73,,134267,18,,,1,20,,134268,18,,,1,60,,134269,18,,,1,20,,134270,18,,,1,20,,134271,18,,,1,60,,134272,18,,,1,20,,134273,18,,,1,20,,134274,18,,,1,60,,134275,18,,,1,20,,134276,18,,,1,26,,134277,18,,,1,70,,134278,18,,,1,30,,134279,18,,,1,70,,134280,18,,,1,30,,134281,18,,,1,70,,134282,18,,,1,30,,134283,18,,,1,70,,134284,18,,,1
70601,'706-Weekday-3-26-04-1111100',559,,134285,18,,,1,68,,134286,18,,,1,31,,134287,18,,,1,70,,134288,18,,,1,30,,134289,18,,,1,70,,134290,18,,,1,28,,134291,18,,,1,67,,134292,18,,,1,30,,134293,18,,,1,70,,134294,18,,,1,30,,134295,18,,,1,70,,134296,18,,,1,30,,134297,18,,,1,70,,134298,18,,,1,30,,134299,18,,,1,70,,134300,18,,,1,30,,134301,18,,,1,70,,134302,18,,,1,30,,134303,18,,,1,73,,134304,18,,,1,20,,134305,18,,,1,60,,134306,18,,,1,20,,134307,18,,,1,20,,134308,18,,,1,60,,134309,18,,,1,20,,134310,18,,,1,20,,134311,18,,,1,60,,134312,18,,,1,20,,134313,18,,,1,26,,134314,18,,,1,70,,134315,18,,,1,30,,134316,18,,,1,70,,134317,18,,,1,30,,134318,18,,,1,70,,134319,18,,,1,30,,134320,18,,,1,70,,134321,18,,,1
70601,'706-Saturday-1-26-04-0000010',700,,134322,18,,,1,100,,134323,18,,,1,30,,134324,18,,,1,70,,134325,18,,,1,31,,134326,18,,,1,70,,134327,18,,,1,30,,134328,18,,,1,70,,134329,18,,,1,30,,134330,18,,,1,70,,134331,18,,,1,30,,134332,18,,,1,70,,134333,18,,,1,30,,134334,18,,,1,70,,134335,18,,,1,30,,134336,18,,,1,70,,134337,18,,,1,30,,134338,18,,,1,70,,134339,18,,,1,30,,134340,18,,,1,70,,134341,18,,,1,30,,134342,18,,,1,70,,134343,18,,,1,30,,134344,18,,,1,70,,134345,18,,,1,30,,134346,18,,,1,70,,134347,18,,,1,100,,134348,18,,,1,100,,134349,18,,,1
70601,'706-Sunday-1-26-04-0000001',704,,134350,18,,,1,100,,134351,18,,,1,100,,134352,18,,,1,101,,134353,18,,,1,30,,134354,18,,,1,70,,134355,18,,,1,30,,134357,18,,,1,70,,134358,18,,,1,30,,134359,18,,,1,70,,134356,18,,,1,30,,134360,18,,,1,70,,134361,18,,,1,30,,134362,18,,,1,70,,134363,18,,,1,30,,134364,18,,,1,70,,134365,18,,,1,30,,134366,18,,,1,70,,134367,18,,,1,29,,134369,18,,,1,70,,134370,18,,,1,30,,134371,18,,,1,70,,134368,18,,,1,100,,134372,18,,,1,100,,134373,18,,,1
72400,'724-Weekday-1-26-04-1111100',605,,139455,10,,,1,30,,139456,10,,,1,70,,139457,10,,,1,30,,139458,10,,,1,70,,139459,10,,,1,30,,139460,10,,,1,670,,139461,10,,,1,30,,139462,10,,,1,70,,139463,10,,,1,30,,139464,10,,,1,70,,139465,10,,,1,30,,139466,10,,,1
72400,'724-Weekday-2-26-04-1111100',605,,139467,10,,,1,30,,139468,10,,,1,70,,139469,10,,,1,30,,139470,10,,,1,70,,139471,10,,,1,30,,139472,10,,,1,670,,139473,10,,,1,30,,139474,10,,,1,70,,139475,10,,,1,30,,139476,10,,,1,70,,139477,10,,,1,30,,139478,10,,,1
72400,'724-Weekday-3-26-04-1111100',605,,139479,10,,,1,30,,139480,10,,,1,70,,139481,10,,,1,30,,139482,10,,,1,70,,139483,10,,,1,30,,139484,10,,,1,670,,139485,10,,,1,30,,139486,10,,,1,70,,139487,10,,,1,30,,139488,10,,,1,70,,139489,10,,,1,30,,139490,10,,,1
