50501,'505-Weekday-1-26-02-1111100',616,,45444,25,0,8,1,32,,45445,25,0,8,1,70,,45446,25,0,8,1,30,,45447,25,0,8,1,70,,45448,25,0,8,1,30,,45449,25,0,8,1,699,,45450,25,0,8,1,70,,45451,25,0,8,1,30,,45452,25,0,8,1,70,,45453,25,0,8,1,30,,45454,25,0,8,1
50501,'505-Weekday-10-26-02-1111100',616,,45455,25,0,8,1,32,,45456,25,0,8,1,70,,45457,25,0,8,1,30,,45458,25,0,8,1,70,,45459,25,0,8,1,30,,45460,25,0,8,1,699,,45461,25,0,8,1,70,,45462,25,0,8,1,30,,45463,25,0,8,1,70,,45464,25,0,8,1,30,,45465,25,0,8,1
50501,'505-Weekday-4-26-02-1111100',616,,45477,25,0,8,1,32,,45478,25,0,8,1,70,,45479,25,0,8,1,30,,45480,25,0,8,1,70,,45481,25,0,8,1,30,,45482,25,0,8,1,699,,45483,25,0,8,1,70,,45484,25,0,8,1,30,,45485,25,0,8,1,70,,45486,25,0,8,1,30,,45487,25,0,8,1
50501,'505-Weekday-5-26-02-1111100',616,,45488,25,0,8,1,32,,45489,25,0,8,1,70,,45490,25,0,8,1,30,,45491,25,0,8,1,70,,45492,25,0,8,1,30,,45493,25,0,8,1,699,,45494,25,0,8,1,70,,45495,25,0,8,1,30,,45496,25,0,8,1,70,,45497,25,0,8,1,30,,45498,25,0,8,1
50501,'505-Weekday-7-26-02-1111100',616,,45510,25,0,8,1,32,,45511,25,0,8,1,70,,45512,25,0,8,1,30,,45513,25,0,8,1,70,,45514,25,0,8,1,30,,45515,25,0,8,1,699,,45516,25,0,8,1,70,,45517,25,0,8,1,30,,45518,25,0,8,1,70,,45519,25,0,8,1,30,,45520,25,0,8,1
50601,'506-Weekday-1-26-02-1111100',543,,46068,35,,,1,70,,46027,35,,,1,32,,46028,35,,,1,74,,46029,35,,,1,16,,46030,35,,,1,15,,46069,35,,,1,55,,46031,35,,,1,15,,46032,35,,,1,15,,46033,35,,,1,15,,46070,35,,,1,55,,46034,35,,,1,15,,46035,35,,,1,28,,46036,35,,,1,68,,46037,35,,,1,30,,46038,35,,,1,70,,46039,35,,,1,30,,46040,35,,,1,70,,46041,35,,,1,30,,46042,35,,,1,70,,46043,35,,,1,30,,46044,35,,,1,70,,46045,35,,,1,30,,46046,35,,,1,71,,46047,35,,,1,35,,46048,35,,,1,72,,46049,35,,,1,17,,46050,35,,,1,15,,46071,35,,,1,55,,46051,35,,,1,15,,46052,35,,,1,15,,46053,35,,,1,15,,46072,35,,,1,55,,46054,35,,,1,15,,46055,35,,,1,24,,46056,35,,,1,65,,46057,35,,,1,26,,46058,35,,,1,70,,46059,35,,,1,30,,46060,35,,,1,70,,46061,35,,,1,30,,46062,35,,,1,69,,46063,35,,,1,26,,46064,35,,,1,68,,46065,35,,,1,100,,46066,35,,,1
50601,'506-Weekday-10-26-02-1111100',543,,46114,35,,,1,70,,46073,35,,,1,32,,46074,35,,,1,74,,46075,35,,,1,16,,46076,35,,,1,15,,46115,35,,,1,55,,46077,35,,,1,15,,46078,35,,,1,15,,46079,35,,,1,15,,46116,35,,,1,55,,46080,35,,,1,15,,46081,35,,,1,28,,46082,35,,,1,68,,46083,35,,,1,30,,46084,35,,,1,70,,46085,35,,,1,30,,46086,35,,,1,70,,46087,35,,,1,30,,46088,35,,,1,70,,46089,35,,,1,30,,46090,35,,,1,70,,46091,35,,,1,30,,46092,35,,,1,71,,46093,35,,,1,35,,46094,35,,,1,72,,46095,35,,,1,17,,46096,35,,,1,15,,46117,35,,,1,55,,46097,35,,,1,15,,46098,35,,,1,15,,46099,35,,,1,15,,46118,35,,,1,55,,46100,35,,,1,15,,46101,35,,,1,24,,46102,35,,,1,65,,46103,35,,,1,26,,46104,35,,,1,70,,46105,35,,,1,30,,46106,35,,,1,70,,46107,35,,,1,30,,46108,35,,,1,69,,46109,35,,,1,26,,46110,35,,,1,68,,46111,35,,,1,100,,46112,35,,,1
50601,'506-Weekday-4-26-02-1111100',543,,46206,35,,,1,70,,46165,35,,,1,32,,46166,35,,,1,74,,46167,35,,,1,16,,46168,35,,,1,15,,46207,35,,,1,55,,46169,35,,,1,15,,46170,35,,,1,15,,46171,35,,,1,15,,46208,35,,,1,55,,46172,35,,,1,15,,46173,35,,,1,28,,46174,35,,,1,68,,46175,35,,,1,30,,46176,35,,,1,70,,46177,35,,,1,30,,46178,35,,,1,70,,46179,35,,,1,30,,46180,35,,,1,70,,46181,35,,,1,30,,46182,35,,,1,70,,46183,35,,,1,30,,46184,35,,,1,71,,46185,35,,,1,35,,46186,35,,,1,72,,46187,35,,,1,17,,46188,35,,,1,15,,46209,35,,,1,55,,46189,35,,,1,15,,46190,35,,,1,15,,46191,35,,,1,15,,46210,35,,,1,55,,46192,35,,,1,15,,46193,35,,,1,24,,46194,35,,,1,65,,46195,35,,,1,26,,46196,35,,,1,70,,46197,35,,,1,30,,46198,35,,,1,70,,46199,35,,,1,30,,46200,35,,,1,69,,46201,35,,,1,26,,46202,35,,,1,68,,46203,35,,,1,100,,46204,35,,,1
50601,'506-Weekday-5-26-02-1111100',543,,46252,35,,,1,70,,46211,35,,,1,32,,46212,35,,,1,74,,46213,35,,,1,16,,46214,35,,,1,15,,46253,35,,,1,55,,46215,35,,,1,15,,46216,35,,,1,15,,46217,35,,,1,15,,46254,35,,,1,55,,46218,35,,,1,15,,46219,35,,,1,28,,46220,35,,,1,68,,46221,35,,,1,30,,46222,35,,,1,70,,46223,35,,,1,30,,46224,35,,,1,70,,46225,35,,,1,30,,46226,35,,,1,70,,46227,35,,,1,30,,46228,35,,,1,70,,46229,35,,,1,30,,46230,35,,,1,71,,46231,35,,,1,35,,46232,35,,,1,72,,46233,35,,,1,17,,46234,35,,,1,15,,46255,35,,,1,55,,46235,35,,,1,15,,46236,35,,,1,15,,46237,35,,,1,15,,46256,35,,,1,55,,46238,35,,,1,15,,46239,35,,,1,24,,46240,35,,,1,65,,46241,35,,,1,26,,46242,35,,,1,70,,46243,35,,,1,30,,46244,35,,,1,70,,46245,35,,,1,30,,46246,35,,,1,69,,46247,35,,,1,26,,46248,35,,,1,68,,46249,35,,,1,100,,46250,35,,,1
50601,'506-Weekday-7-26-02-1111100',543,,46344,35,,,1,70,,46303,35,,,1,32,,46304,35,,,1,74,,46305,35,,,1,16,,46306,35,,,1,15,,46345,35,,,1,55,,46307,35,,,1,15,,46308,35,,,1,15,,46309,35,,,1,15,,46346,35,,,1,55,,46310,35,,,1,15,,46311,35,,,1,28,,46312,35,,,1,68,,46313,35,,,1,30,,46314,35,,,1,70,,46315,35,,,1,30,,46316,35,,,1,70,,46317,35,,,1,30,,46318,35,,,1,70,,46319,35,,,1,30,,46320,35,,,1,70,,46321,35,,,1,30,,46322,35,,,1,71,,46323,35,,,1,35,,46324,35,,,1,72,,46325,35,,,1,17,,46326,35,,,1,15,,46347,35,,,1,55,,46327,35,,,1,15,,46328,35,,,1,15,,46329,35,,,1,15,,46348,35,,,1,55,,46330,35,,,1,15,,46331,35,,,1,24,,46332,35,,,1,65,,46333,35,,,1,26,,46334,35,,,1,70,,46335,35,,,1,30,,46336,35,,,1,70,,46337,35,,,1,30,,46338,35,,,1,69,,46339,35,,,1,26,,46340,35,,,1,68,,46341,35,,,1,100,,46342,35,,,1
50601,'506-Saturday-1-26-02-0000010',559,,46441,35,,,1,100,,46442,35,,,1,100,,46443,35,,,1,70,,46444,35,,,1,28,,46445,35,,,1,70,,46446,35,,,1,73,,46447,35,,,1,30,,46448,35,,,1,70,,46449,35,,,1,30,,46450,35,,,1,70,,46451,35,,,1,30,,46452,35,,,1,70,,46453,35,,,1,30,,46454,35,,,1,70,,46455,35,,,1,30,,46456,35,,,1,70,,46457,35,,,1,30,,46458,35,,,1,70,,46459,35,,,1,30,,46460,35,,,1,70,,46461,35,,,1,30,,46462,35,,,1,29,,46463,35,,,1,70,,46464,35,,,1,30,,46465,35,,,1,70,,46466,35,,,1,30,,46467,35,,,1,85,,46468,35,,,1,100,,46469,35,,,1,100,,46470,35,,,1,100,,46471,35,,,1
50601,'506-Sunday-1-26-02-0000001',601,,46473,35,,,1,58,,46474,35,,,1,100,,46475,35,,,1,100,,46476,35,,,1,141,,46477,35,,,1,30,,46478,35,,,1,70,,46479,35,,,1,30,,46480,35,,,1,70,,46481,35,,,1,30,,46482,35,,,1,70,,46483,35,,,1,30,,46484,35,,,1,70,,46485,35,,,1,30,,46486,35,,,1,70,,46487,35,,,1,30,,46488,35,,,1,70,,46489,35,,,1,30,,46490,35,,,1,70,,46491,35,,,1,29,,46492,35,,,1,71,,46493,35,,,1,30,,46494,35,,,1,70,,46495,35,,,1,45,,46496,35,,,1,100,,46497,35,,,1,100,,46498,35,,,1,100,,46499,35,,,1,100,,46500,35,,,1
