66700,'667-Weekday-1-26-02-0001000',1432,,61642,4,,,1,3,,61643,4,,,1
66700,'667-Weekday-1-26-02-1110100',1511,,61644,4,,,1,3,,61645,4,,,1
66700,'667-Weekday-10-26-02-1110100',1511,,116863,4,,,1,3,,116864,4,,,1
66700,'667-Weekday-9-26-02-0001000',1432,,61656,4,,,1,3,,61657,4,,,1
72100,'721-Weekday-1-26-02-0001000',1430,,77274,5,,,1
72100,'721-Weekday-1-26-02-1110100',1513,,77275,5,,,1,3,,77276,5,,,1
72100,'721-Weekday-1-26-02-1111100',503,,77331,11,,,1,20,,77332,11,,,1,20,,77333,11,,,1,60,,77334,11,,,1,18,,77277,5,,,1,11,,77335,11,,,1,10,,77278,5,,,1,9,,77344,11,,,1,8,,77336,11,,,1,47,,77279,5,,,1,8,,77337,11,,,1,7,,77280,5,,,1,8,,77338,11,,,1,7,,77281,5,,,1,8,,77339,11,,,1,7,,77282,5,,,1,8,,77340,11,,,1,47,,77283,5,,,1,8,,77341,11,,,1,7,,77284,5,,,1,8,,77342,11,,,1,7,,77285,5,,,1,8,,77343,11,,,1,7,,77286,5,,,1,55,,77287,5,,,1,14,,77288,5,,,1,20,,77289,5,,,1,60,,77290,5,,,1,20,,77291,5,,,1,20,,77292,5,,,1,60,,77293,5,,,1,20,,77294,5,,,1,20,,77295,5,,,1,60,,77296,5,,,1,20,,77297,5,,,1,20,,77298,5,,,1,60,,77299,5,,,1,20,,77300,5,,,1,20,,77301,5,,,1,60,,77302,5,,,1,20,,77303,5,,,1,20,,77304,5,,,1,60,,77305,5,,,1,23,,77306,5,,,1,22,,77322,5,,,1,60,,77323,5,,,1,20,,77324,5,,,1,20,,77325,5,,,1,60,,77326,5,,,1,20,,77327,5,,,1,20,,77328,5,,,1,60,,77329,5,,,1,20,,77330,5,,,1,20,,77345,5,,,1,57,,77307,5,,,1,20,,77308,5,,,1,20,,77309,5,,,1,60,,77310,5,,,1,20,,77311,5,,,1,20,,77312,5,,,1,60,,77313,5,,,1,20,,77314,5,,,1,20,,77315,5,,,1,60,,77316,5,,,1,30,,77317,5,,,1,70,,77318,5,,,1,30,,77319,5,,,1,70,,77320,5,,,1,30,,77321,5,,,1
72100,'721-Weekday-10-26-02-0001000',1430,,77346,5,,,1
72100,'721-Weekday-10-26-02-1111100',503,,77401,11,,,1,20,,77402,11,,,1,20,,77403,11,,,1,60,,77404,11,,,1,18,,77347,5,,,1,11,,77405,11,,,1,10,,77348,5,,,1,9,,77414,11,,,1,8,,77406,11,,,1,47,,77349,5,,,1,8,,77407,11,,,1,7,,77350,5,,,1,8,,77408,11,,,1,7,,77351,5,,,1,8,,77409,11,,,1,7,,77352,5,,,1,8,,77410,11,,,1,47,,77353,5,,,1,8,,77411,11,,,1,7,,77354,5,,,1,8,,77412,11,,,1,7,,77355,5,,,1,8,,77413,11,,,1,7,,77356,5,,,1,55,,77357,5,,,1,14,,77358,5,,,1,20,,77359,5,,,1,60,,77360,5,,,1,20,,77361,5,,,1,20,,77362,5,,,1,60,,77363,5,,,1,20,,77364,5,,,1,20,,77365,5,,,1,60,,77366,5,,,1,20,,77367,5,,,1,20,,77368,5,,,1,60,,77369,5,,,1,20,,77370,5,,,1,20,,77371,5,,,1,60,,77372,5,,,1,20,,77373,5,,,1,20,,77374,5,,,1,60,,77375,5,,,1,23,,77376,5,,,1,22,,77392,5,,,1,60,,77393,5,,,1,20,,77394,5,,,1,20,,77395,5,,,1,60,,77396,5,,,1,20,,77397,5,,,1,20,,77398,5,,,1,60,,77399,5,,,1,20,,77400,5,,,1,20,,77415,5,,,1,57,,77377,5,,,1,20,,77378,5,,,1,20,,77379,5,,,1,60,,77380,5,,,1,20,,77381,5,,,1,20,,77382,5,,,1,60,,77383,5,,,1,20,,77384,5,,,1,20,,77385,5,,,1,60,,77386,5,,,1,30,,77387,5,,,1,70,,77388,5,,,1,30,,77389,5,,,1,70,,77390,5,,,1,30,,77391,5,,,1
72100,'721-Weekday-11-26-02-1110100',1513,,119187,5,,,1,3,,119188,5,,,1
72100,'721-Weekday-11-26-02-1111100',503,,119243,11,,,1,20,,119244,11,,,1,20,,119245,11,,,1,60,,119246,11,,,1,18,,119189,5,,,1,11,,119247,11,,,1,10,,119190,5,,,1,9,,119256,11,,,1,8,,119248,11,,,1,47,,119191,5,,,1,8,,119249,11,,,1,7,,119192,5,,,1,8,,119250,11,,,1,7,,119193,5,,,1,8,,119251,11,,,1,7,,119194,5,,,1,8,,119252,11,,,1,47,,119195,5,,,1,8,,119253,11,,,1,7,,119196,5,,,1,8,,119254,11,,,1,7,,119197,5,,,1,8,,119255,11,,,1,7,,119198,5,,,1,55,,119199,5,,,1,14,,119200,5,,,1,20,,119201,5,,,1,60,,119202,5,,,1,20,,119203,5,,,1,20,,119204,5,,,1,60,,119205,5,,,1,20,,119206,5,,,1,20,,119207,5,,,1,60,,119208,5,,,1,20,,119209,5,,,1,20,,119210,5,,,1,60,,119211,5,,,1,20,,119212,5,,,1,20,,119213,5,,,1,60,,119214,5,,,1,20,,119215,5,,,1,20,,119216,5,,,1,60,,119217,5,,,1,23,,119218,5,,,1,22,,119234,5,,,1,60,,119235,5,,,1,20,,119236,5,,,1,20,,119237,5,,,1,60,,119238,5,,,1,20,,119239,5,,,1,20,,119240,5,,,1,60,,119241,5,,,1,20,,119242,5,,,1,20,,119257,5,,,1,57,,119219,5,,,1,20,,119220,5,,,1,20,,119221,5,,,1,60,,119222,5,,,1,20,,119223,5,,,1,20,,119224,5,,,1,60,,119225,5,,,1,20,,119226,5,,,1,20,,119227,5,,,1,60,,119228,5,,,1,30,,119229,5,,,1,70,,119230,5,,,1,30,,119231,5,,,1,70,,119232,5,,,1,30,,119233,5,,,1
72100,'721-Saturday-1-26-02-0000010',548,,77954,11,,,1,70,,77907,11,,,1,30,,77908,11,,,1,70,,77909,11,,,1,30,,77910,11,,,1,70,,77911,11,,,1,25,,77912,11,,,1,60,,77913,11,,,1,22,,77914,11,,,1,20,,77915,11,,,1,60,,77916,11,,,1,20,,77917,11,,,1,20,,77918,11,,,1,60,,77919,11,,,1,20,,77920,11,,,1,20,,77921,11,,,1,60,,77922,11,,,1,20,,77923,11,,,1,20,,77924,11,,,1,60,,77925,11,,,1,20,,77926,11,,,1,20,,77927,11,,,1,60,,77928,11,,,1,20,,77929,11,,,1,20,,77930,11,,,1,60,,77931,11,,,1,20,,77932,11,,,1,20,,77933,11,,,1,60,,77934,11,,,1,20,,77935,11,,,1,20,,77936,11,,,1,60,,77937,11,,,1,20,,77938,11,,,1,20,,77939,11,,,1,60,,77940,11,,,1,20,,77941,11,,,1,20,,77942,11,,,1,60,,77943,11,,,1,30,,77944,11,,,1,70,,77945,11,,,1,30,,77946,11,,,1,70,,77947,11,,,1,30,,77948,11,,,1,70,,77949,11,,,1,30,,77950,11,,,1,70,,77951,11,,,1,30,,77952,11,,,1,70,,77955,11,,,1
72100,'721-Sunday-2-26-02-0000001',609,,119295,11,,,1,30,,119258,11,,,1,70,,119259,11,,,1,30,,119260,11,,,1,70,,119261,11,,,1,30,,119262,11,,,1,69,,119263,11,,,1,30,,119264,11,,,1,70,,119265,11,,,1,30,,119266,11,,,1,70,,119267,11,,,1,30,,119269,11,,,1,70,,119270,11,,,1,30,,119271,11,,,1,67,,119268,11,,,1,30,,119272,11,,,1,70,,119273,11,,,1,30,,119274,11,,,1,70,,119275,11,,,1,30,,119276,11,,,1,70,,119277,11,,,1,30,,119278,11,,,1,70,,119279,11,,,1,31,,119280,11,,,1,70,,119281,11,,,1,30,,119282,11,,,1,70,,119283,11,,,1,30,,119284,11,,,1,70,,119285,11,,,1,30,,119286,11,,,1,70,,119287,11,,,1,30,,119288,11,,,1,70,,119289,11,,,1,30,,119290,11,,,1,70,,119291,11,,,1,30,,119292,11,,,1,70,,119293,11,,,1,30,,119294,11,,,1
