50100,'501-Weekday-1-26-02-1111100',537,,43665,14,,,1,70,,43666,14,,,1,31,,43667,14,,,1,70,,43668,14,,,1,15,,43669,14,,,1,15,,43702,14,,,1,15,,43670,14,,,1,55,,43672,14,,,1,15,,43671,14,,,1,15,,43674,14,,,1,74,,43675,14,,,1,34,,43676,14,,,1,74,,43677,14,,,1,34,,43678,14,,,1,74,,43679,14,,,1,74,,43680,14,,,1,34,,43681,14,,,1,74,,43682,14,,,1,34,,43683,14,,,1,74,,43701,14,,,1,35,,43706,14,,,1,57,,43703,14,,,1,15,,43684,14,,,1,15,,43685,14,,,1,15,,43686,14,,,1,55,,43704,14,,,1,15,,43688,14,,,1,15,,43687,14,,,1,15,,43689,14,,,1,55,,43705,14,,,1,15,,43692,14,,,1,15,,43691,14,,,1,70,,43693,14,,,1,29,,43694,14,,,1,71,,43695,14,,,1,31,,43696,14,,,1,71,,43697,14,,,1,31,,43698,14,,,1,71,,43699,14,,,1,31,,43700,14,,,1,100,,43690,14,,,1,100,,43673,14,,,1
50100,'501-Weekday-10-26-02-1111100',537,,43707,14,,,1,70,,43708,14,,,1,31,,43709,14,,,1,70,,43710,14,,,1,15,,43711,14,,,1,15,,43744,14,,,1,15,,43712,14,,,1,55,,43714,14,,,1,15,,43713,14,,,1,15,,43716,14,,,1,74,,43717,14,,,1,34,,43718,14,,,1,74,,43719,14,,,1,34,,43720,14,,,1,74,,43721,14,,,1,74,,43722,14,,,1,34,,43723,14,,,1,74,,43724,14,,,1,34,,43725,14,,,1,74,,43743,14,,,1,35,,43748,14,,,1,57,,43745,14,,,1,15,,43726,14,,,1,15,,43727,14,,,1,15,,43728,14,,,1,55,,43746,14,,,1,15,,43730,14,,,1,15,,43729,14,,,1,15,,43731,14,,,1,55,,43747,14,,,1,15,,43734,14,,,1,15,,43733,14,,,1,70,,43735,14,,,1,29,,43736,14,,,1,71,,43737,14,,,1,31,,43738,14,,,1,71,,43739,14,,,1,31,,43740,14,,,1,71,,43741,14,,,1,31,,43742,14,,,1,100,,43732,14,,,1,100,,43715,14,,,1
50100,'501-Weekday-11-26-02-1111100',537,,114111,14,,,1,70,,114112,14,,,1,31,,114113,14,,,1,70,,114114,14,,,1,15,,114115,14,,,1,15,,114148,14,,,1,15,,114116,14,,,1,55,,114118,14,,,1,15,,114117,14,,,1,15,,114120,14,,,1,74,,114121,14,,,1,34,,114122,14,,,1,74,,114123,14,,,1,34,,114124,14,,,1,74,,114125,14,,,1,74,,114126,14,,,1,34,,114127,14,,,1,74,,114128,14,,,1,34,,114129,14,,,1,74,,114147,14,,,1,35,,114152,14,,,1,57,,114149,14,,,1,15,,114130,14,,,1,15,,114131,14,,,1,15,,114132,14,,,1,55,,114150,14,,,1,15,,114134,14,,,1,15,,114133,14,,,1,15,,114135,14,,,1,55,,114151,14,,,1,15,,114138,14,,,1,15,,114137,14,,,1,70,,114139,14,,,1,29,,114140,14,,,1,71,,114141,14,,,1,31,,114142,14,,,1,71,,114143,14,,,1,31,,114144,14,,,1,71,,114145,14,,,1,31,,114146,14,,,1,100,,114136,14,,,1,100,,114119,14,,,1
50100,'501-Saturday-1-26-02-0000010',608,,44066,14,,,1,30,,44067,14,,,1,70,,44068,14,,,1,30,,44043,14,,,1,70,,44044,14,,,1,30,,44045,14,,,1,70,,44046,14,,,1,32,,44047,14,,,1,72,,44048,14,,,1,32,,44049,14,,,1,72,,44050,14,,,1,32,,44051,14,,,1,72,,44052,14,,,1,32,,44053,14,,,1,72,,44054,14,,,1,32,,44055,14,,,1,72,,44056,14,,,1,72,,44057,14,,,1,32,,44058,14,,,1,72,,44059,14,,,1,32,,44060,14,,,1,72,,44061,14,,,1,32,,44062,14,,,1,72,,44063,14,,,1,32,,44064,14,,,1,72,,44065,14,,,1
50100,'501-Sunday-2-26-02-0000001',616,,114153,14,,,1,30,,114154,14,,,1,70,,114155,14,,,1,30,,114156,14,,,1,70,,114157,14,,,1,30,,114158,14,,,1,70,,114159,14,,,1,30,,114160,14,,,1,70,,114161,14,,,1,30,,114162,14,,,1,70,,114163,14,,,1,30,,114164,14,,,1,70,,114165,14,,,1,30,,114166,14,,,1,70,,114167,14,,,1,30,,114168,14,,,1,70,,114169,14,,,1,30,,114170,14,,,1,70,,114171,14,,,1,30,,114172,14,,,1,70,,114173,14,,,1,30,,114174,14,,,1,70,,114175,14,,,1,30,,114176,14,,,1,70,,114177,14,,,1,30,,114178,14,,,1,70,,114179,14,,,1
52500,'525-Weekday-1-26-02-1111100',941,,58608,4,,,1,70,,58609,4,,,1,30,,58610,4,,,1,70,,58611,4,,,1,30,,58612,4,,,1,70,,58613,4,,,1,30,,58614,4,,,1,70,,58615,4,,,1,30,,58616,4,,,1,70,,58617,4,,,1,30,,58618,4,,,1,102,,58619,4,,,1,100,,58620,4,,,1,100,,58621,4,,,1
52500,'525-Weekday-10-26-02-1111100',941,,58622,4,,,1,70,,58623,4,,,1,30,,58624,4,,,1,70,,58625,4,,,1,30,,58626,4,,,1,70,,58627,4,,,1,30,,58628,4,,,1,70,,58629,4,,,1,30,,58630,4,,,1,70,,58631,4,,,1,30,,58632,4,,,1,102,,58633,4,,,1,100,,58634,4,,,1,100,,58635,4,,,1
52500,'525-Weekday-11-26-02-1111100',941,,116410,4,,,1,70,,116411,4,,,1,30,,116412,4,,,1,70,,116413,4,,,1,30,,116414,4,,,1,70,,116415,4,,,1,30,,116416,4,,,1,70,,116417,4,,,1,30,,116418,4,,,1,70,,116419,4,,,1,30,,116420,4,,,1,102,,116421,4,,,1,100,,116422,4,,,1,100,,116423,4,,,1
52500,'525-Saturday-1-26-02-0000010',1112,,58734,4,,,1,100,,58735,4,,,1,100,,58736,4,,,1,100,,58737,4,,,1,100,,58738,4,,,1,100,,58739,4,,,1,100,,58740,4,,,1
52500,'525-Sunday-2-26-02-0000001',1111,,116424,4,,,1,100,,116425,4,,,1,100,,116426,4,,,1,100,,116427,4,,,1,100,,116428,4,,,1,100,,116429,4,,,1
