5101,'051-Weekday-1-26-04-1111100',528,,114570,10,,,1,30,,114571,10,,,1,71,,114588,10,,,1,21,,114587,10,,,1,55,,114572,10,,,1,15,,114573,10,,,1,15,,114574,10,,,1,15,,114575,10,,,1,7,,114578,10,,,1,45,,114579,10,,,1,3,,114576,10,,,1,15,,114577,10,,,1,5,,114580,10,,,1,10,,114569,10,,,1,15,,114550,10,,,1,58,,114568,10,,,1,20,,114551,10,,,1,20,,114581,10,,,1,60,,114552,10,,,1,20,,114553,10,,,1,20,,114582,10,,,1,60,,114554,10,,,1,20,,114555,10,,,1,20,,114583,10,,,1,60,,114556,10,,,1,20,,114557,10,,,1,20,,114584,10,,,1,60,,114558,10,,,1,20,,114559,10,,,1,20,,114585,10,,,1,60,,114560,10,,,1,20,,114586,10,,,1,30,,114561,10,,,1,70,,114562,10,,,1,31,,114563,10,,,1,70,,114564,10,,,1,30,,114565,10,,,1,70,,114566,10,,,1,30,,114590,10,,,1,69,,114591,10,,,1,29,,114592,10,,,1,70,,114593,10,,,1,30,,114594,10,,,1,70,,114595,10,,,1,30,,114596,10,,,1,70,,114597,10,,,1,30,,114567,10,,,1,100,,114589,10,,,1
5101,'051-Saturday-1-26-04-0000010',607,,114694,10,,,1,100,,114695,10,,,1,100,,114696,10,,,1,30,,114697,10,,,1,70,,114698,10,,,1,30,,114699,10,,,1,70,,114700,10,,,1,30,,114701,10,,,1,70,,114702,10,,,1,30,,114703,10,,,1,70,,114704,10,,,1,30,,114705,10,,,1,70,,114706,10,,,1,30,,114707,10,,,1,70,,114708,10,,,1,30,,114709,10,,,1,70,,114710,10,,,1,30,,114711,10,,,1,70,,114712,10,,,1,30,,114713,10,,,1,69,,114714,10,,,1,30,,114715,10,,,1,70,,114716,10,,,1,30,,114717,10,,,1,70,,114718,10,,,1,100,,114719,10,,,1,100,,114720,10,,,1
5101,'051-Sunday-1-26-04-0000001',707,,114740,10,,,1,100,,114741,10,,,1,101,,114742,10,,,1,30,,114745,10,,,1,70,,114721,10,,,1,30,,114722,10,,,1,70,,114723,10,,,1,30,,114724,10,,,1,70,,114725,10,,,1,30,,114726,10,,,1,70,,114727,10,,,1,30,,114728,10,,,1,70,,114729,10,,,1,30,,114730,10,,,1,70,,114731,10,,,1,30,,114732,10,,,1,70,,114733,10,,,1,30,,114734,10,,,1,69,,114735,10,,,1,30,,114736,10,,,1,70,,114737,10,,,1,30,,114738,10,,,1,70,,114739,10,,,1,100,,114743,10,,,1,100,,114744,10,,,1,100,,114746,10,,,1
10601,'106-Weekday-1-26-04-1111100',550,,119280,28,,,1,70,,119281,28,,,1,38,,119282,28,,,1,70,,119283,28,,,1,10,,119284,28,,,1,10,,119327,28,,,1,10,,119285,28,,,1,50,,119286,28,,,1,10,,119328,28,,,1,10,,119287,28,,,1,10,,119288,28,,,1,10,,119329,28,,,1,10,,119338,28,,,1,59,,119289,28,,,1,20,,119290,28,,,1,20,,119291,28,,,1,60,,119292,28,,,1,20,,119293,28,,,1,20,,119294,28,,,1,60,,119295,28,,,1,20,,119296,28,,,1,20,,119297,28,,,1,60,,119298,28,,,1,20,,119299,28,,,1,20,,119300,28,,,1,60,,119301,28,,,1,20,,119302,28,,,1,20,,119303,28,,,1,60,,119304,28,,,1,20,,119305,28,,,1,20,,119306,28,,,1,51,,119307,28,,,1,10,,119330,28,,,1,10,,119308,28,,,1,10,,119309,28,,,1,10,,119331,28,,,1,10,,119310,28,,,1,50,,119311,28,,,1,10,,119332,28,,,1,10,,119312,28,,,1,10,,119313,28,,,1,10,,119333,28,,,1,10,,119314,28,,,1,50,,119315,28,,,1,10,,119334,28,,,1,10,,119339,28,,,1,30,,119316,28,,,1,69,,119317,28,,,1,26,,119318,28,,,1,70,,119319,28,,,1,30,,119320,28,,,1,70,,119321,28,,,1,30,,119322,28,,,1,70,,119323,28,,,1,30,,119324,28,,,1,67,,119325,28,,,1,100,,119326,28,,,1,100,,119337,28,,,1
10601,'106-Saturday-1-26-04-0000010',552,,119461,28,,,1,70,,119462,28,,,1,30,,119463,28,,,1,70,,119464,28,,,1,30,,119465,28,,,1,70,,119466,28,,,1,30,,119467,28,,,1,74,,119468,28,,,1,30,,119469,28,,,1,70,,119470,28,,,1,30,,119471,28,,,1,70,,119472,28,,,1,30,,119473,28,,,1,70,,119474,28,,,1,30,,119475,28,,,1,70,,119476,28,,,1,30,,119477,28,,,1,70,,119478,28,,,1,30,,119479,28,,,1,70,,119480,28,,,1,30,,119481,28,,,1,70,,119482,28,,,1,30,,119483,28,,,1,69,,119484,28,,,1,30,,119485,28,,,1,70,,119486,28,,,1,30,,119487,28,,,1,70,,119488,28,,,1,30,,119489,28,,,1,70,,119490,28,,,1,30,,119491,28,,,1,70,,119492,28,,,1,30,,119493,28,,,1,70,,119494,28,,,1,100,,119495,28,,,1,100,,119496,28,,,1
10601,'106-Sunday-1-26-04-0000001',638,,119497,28,,,1,70,,119498,28,,,1,30,,119499,28,,,1,70,,119500,28,,,1,30,,119501,28,,,1,70,,119502,28,,,1,34,,119503,28,,,1,70,,119504,28,,,1,30,,119505,28,,,1,70,,119506,28,,,1,30,,119507,28,,,1,70,,119508,28,,,1,30,,119509,28,,,1,70,,119510,28,,,1,30,,119511,28,,,1,70,,119512,28,,,1,30,,119513,28,,,1,70,,119514,28,,,1,30,,119515,28,,,1,70,,119516,28,,,1,30,,119517,28,,,1,69,,119518,28,,,1,27,,119519,28,,,1,70,,119520,28,,,1,30,,119521,28,,,1,70,,119522,28,,,1,30,,119523,28,,,1,70,,119524,28,,,1,30,,119525,28,,,1,70,,119526,28,,,1,30,,119527,28,,,1,100,,119528,28,,,1,100,,119529,28,,,1,100,,119530,28,,,1
12700,'127-Weekday-1-26-04-1111100',840,,124700,16,,,1,100,,124701,16,,,1,100,,124702,16,,,1,100,,124703,16,,,1,100,,124704,16,,,1,100,,124705,16,,,1,100,,124706,16,,,1,100,,124707,16,,,1,100,,124708,16,,,1
12700,'127-Saturday-1-26-04-0000010',840,,124727,16,,,1,100,,124728,16,,,1,100,,124729,16,,,1,100,,124730,16,,,1,100,,124731,16,,,1,100,,124732,16,,,1,100,,124733,16,,,1,100,,124734,16,,,1,100,,124735,16,,,1
12700,'127-Sunday-1-26-04-0000001',810,,124736,16,0,50 51 52,1,100,,124737,16,0,50 51 52,1,100,,124738,16,0,50 51 52,1,100,,124739,16,0,50 51 52,1,100,,124740,16,0,50 51 52,1,100,,124741,16,0,50 51 52,1,100,,124742,16,0,50 51 52,1,100,,124743,16,0,50 51 52,1,100,,124744,16,0,50 51 52,1,100,,124745,16,0,50 51 52,1
62500,'625-Weekday-1-26-04-0001000',1228,,131719,11,,,1
62500,'625-Weekday-1-26-04-1110100',1527,,131720,11,,,1
