50800,'508-Weekday-1-26-02-1111100',547,,47382,23,,,1,70,,47383,23,,,1,33,,47389,23,,,1,65,,47384,23,,,1,15,,47385,23,,,1,15,,47420,23,,,1,55,,47386,23,,,1,15,,47387,23,,,1,15,,47388,23,,,1,15,,47421,23,,,1,14,,47390,23,,,1,54,,47418,23,,,1,20,,47391,23,,,1,70,,47392,23,,,1,30,,47393,23,,,1,70,,47394,23,,,1,30,,47395,23,,,1,70,,47396,23,,,1,30,,47397,23,,,1,70,,47398,23,,,1,30,,47399,23,,,1,70,,47400,23,,,1,30,,47401,23,,,1,70,,47402,23,,,1,30,,47403,23,,,1,15,,47422,23,,,1,55,,47404,23,,,1,15,,47405,23,,,1,15,,47406,23,,,1,15,,47407,23,,,1,55,,47417,23,,,1,15,,47408,23,,,1,15,,47409,23,,,1,15,,47419,23,,,1,55,,47424,23,,,1,20,,47410,23,,,1,25,,47411,23,,,1,70,,47412,23,,,1,30,,47413,23,,,1,70,,47414,23,,,1,30,,47415,23,,,1,70,,47416,23,,,1,30,,47423,23,,,1,69,,47425,23,,,1
50800,'508-Weekday-10-26-02-1111100',547,,47426,23,,,1,70,,47427,23,,,1,33,,47433,23,,,1,65,,47428,23,,,1,15,,47429,23,,,1,15,,47464,23,,,1,55,,47430,23,,,1,15,,47431,23,,,1,15,,47432,23,,,1,15,,47465,23,,,1,14,,47434,23,,,1,54,,47462,23,,,1,20,,47435,23,,,1,70,,47436,23,,,1,30,,47437,23,,,1,70,,47438,23,,,1,30,,47439,23,,,1,70,,47440,23,,,1,30,,47441,23,,,1,70,,47442,23,,,1,30,,47443,23,,,1,70,,47444,23,,,1,30,,47445,23,,,1,70,,47446,23,,,1,30,,47447,23,,,1,15,,47466,23,,,1,55,,47448,23,,,1,15,,47449,23,,,1,15,,47450,23,,,1,15,,47451,23,,,1,55,,47461,23,,,1,15,,47452,23,,,1,15,,47453,23,,,1,15,,47463,23,,,1,55,,47468,23,,,1,20,,47454,23,,,1,25,,47455,23,,,1,70,,47456,23,,,1,30,,47457,23,,,1,70,,47458,23,,,1,30,,47459,23,,,1,70,,47460,23,,,1,30,,47467,23,,,1,69,,47469,23,,,1
50800,'508-Weekday-11-26-02-1111100',547,,114669,23,,,1,70,,114670,23,,,1,33,,114676,23,,,1,65,,114671,23,,,1,15,,114672,23,,,1,15,,114707,23,,,1,55,,114673,23,,,1,15,,114674,23,,,1,15,,114675,23,,,1,15,,114708,23,,,1,14,,114677,23,,,1,54,,114705,23,,,1,20,,114678,23,,,1,70,,114679,23,,,1,30,,114680,23,,,1,70,,114681,23,,,1,30,,114682,23,,,1,70,,114683,23,,,1,30,,114684,23,,,1,70,,114685,23,,,1,30,,114686,23,,,1,70,,114687,23,,,1,30,,114688,23,,,1,70,,114689,23,,,1,30,,114690,23,,,1,15,,114709,23,,,1,55,,114691,23,,,1,15,,114692,23,,,1,15,,114693,23,,,1,15,,114694,23,,,1,55,,114704,23,,,1,15,,114695,23,,,1,15,,114696,23,,,1,15,,114706,23,,,1,55,,114711,23,,,1,20,,114697,23,,,1,25,,114698,23,,,1,70,,114699,23,,,1,30,,114700,23,,,1,70,,114701,23,,,1,30,,114702,23,,,1,70,,114703,23,,,1,30,,114710,23,,,1,69,,114712,23,,,1
50800,'508-Saturday-1-26-02-0000010',652,,47778,23,,,1,100,,47779,23,,,1,100,,47780,23,,,1,70,,47781,23,,,1,30,,47782,23,,,1,70,,47783,23,,,1,30,,47784,23,,,1,70,,47785,23,,,1,30,,47786,23,,,1,70,,47787,23,,,1,30,,47788,23,,,1,70,,47789,23,,,1,30,,47790,23,,,1,70,,47791,23,,,1,30,,47792,23,,,1,70,,47793,23,,,1,30,,47794,23,,,1,70,,47795,23,,,1,30,,47796,23,,,1,70,,47797,23,,,1,30,,47798,23,,,1,70,,47799,23,,,1,30,,47800,23,,,1,70,,47801,23,,,1
50800,'508-Sunday-2-26-02-0000001',1054,,114713,23,,,1,70,,114714,23,,,1,30,,114715,23,,,1,70,,114716,23,,,1,30,,114717,23,,,1,70,,114718,23,,,1,30,,114719,23,,,1,70,,114720,23,,,1,30,,114721,23,,,1,70,,114722,23,,,1,30,,114723,23,,,1,70,,114724,23,,,1,30,,114725,23,,,1,70,,114726,23,,,1,30,,114727,23,,,1,70,,114728,23,,,1,30,,114729,23,,,1
63000,'630-Weekday-1-26-02-1111100',740,,60913,19,,,1
63000,'630-Weekday-10-26-02-1111100',740,,116748,19,,,1
63000,'630-Weekday-9-26-02-1111100',740,,60919,19,,,1
63500,'635-Weekday-1-26-02-0000100',927,,61058,19,,,1
63500,'635-Weekday-1-26-02-1111000',757,,61059,19,,,1
63500,'635-Weekday-10-26-02-1111000',757,,116767,19,,,1
63500,'635-Weekday-9-26-02-1111000',757,,61065,19,,,1
