10700,'107-Weekday-1-26-06-1111100',550,,170850,46,,,1,70,,170851,46,,,1,34,,170852,46,,,1,57,,170853,46,,,1,15,,170854,46,,,1,15,,170855,46,,,1,15,,170856,46,,,1,55,,170857,46,,,1,15,,170858,46,,,1,15,,170859,46,,,1,15,,170860,46,,,1,57,,170861,46,,,1,20,,170862,46,,,1,20,,170863,46,,,1,60,,170864,46,,,1,20,,170865,46,,,1,20,,170866,46,,,1,60,,170867,46,,,1,20,,170868,46,,,1,20,,170869,46,,,1,60,,170870,46,,,1,20,,170871,46,,,1,20,,170872,46,,,1,60,,170873,46,,,1,20,,170874,46,,,1,20,,170875,46,,,1,60,,170876,46,,,1,20,,170877,46,,,1,20,,170878,46,,,1,63,,170899,46,,,1,18,,170893,46,,,1,15,,170879,46,,,1,55,,170894,46,,,1,15,,170880,46,,,1,15,,170895,46,,,1,15,,170881,46,,,1,55,,170896,46,,,1,15,,170882,46,,,1,15,,170892,46,,,1,15,,170900,46,,,1,60,,170897,46,,,1,20,,170898,46,,,1,16,,170884,46,,,1,67,,170885,46,,,1,30,,170886,46,,,1,70,,170887,46,,,1,30,,170888,46,,,1,70,,170889,46,,,1,30,,170890,46,,,1,70,,170891,46,,,1,30,,170883,46,,,1
10700,'107-Weekday-2-26-06-1111100',550,,193105,46,,,1,70,,193106,46,,,1,34,,193107,46,,,1,57,,193108,46,,,1,15,,193109,46,,,1,15,,193110,46,,,1,15,,193111,46,,,1,55,,193112,46,,,1,15,,193113,46,,,1,15,,193114,46,,,1,15,,193115,46,,,1,57,,193116,46,,,1,20,,193117,46,,,1,20,,193118,46,,,1,60,,193119,46,,,1,20,,193120,46,,,1,20,,193121,46,,,1,60,,193122,46,,,1,20,,193123,46,,,1,20,,193124,46,,,1,60,,193125,46,,,1,20,,193126,46,,,1,20,,193127,46,,,1,60,,193128,46,,,1,20,,193129,46,,,1,20,,193130,46,,,1,60,,193131,46,,,1,20,,193132,46,,,1,20,,193133,46,,,1,63,,193154,46,,,1,18,,193148,46,,,1,15,,193134,46,,,1,55,,193149,46,,,1,15,,193135,46,,,1,15,,193150,46,,,1,15,,193136,46,,,1,55,,193151,46,,,1,15,,193137,46,,,1,15,,193147,46,,,1,15,,193155,46,,,1,60,,193152,46,,,1,20,,193153,46,,,1,16,,193139,46,,,1,67,,193140,46,,,1,30,,193141,46,,,1,70,,193142,46,,,1,30,,193143,46,,,1,70,,193144,46,,,1,30,,193145,46,,,1,70,,193146,46,,,1,30,,193138,46,,,1
10700,'107-Saturday-1-26-06-0000010',843,,170901,46,,,1,70,,170902,46,,,1,30,,170903,46,,,1,70,,170904,46,,,1,30,,170905,46,,,1,70,,170906,46,,,1,30,,170907,46,,,1,70,,170908,46,,,1,30,,170909,46,,,1,70,,170910,46,,,1,30,,170911,46,,,1,70,,170912,46,,,1,30,,170913,46,,,1,70,,170914,46,,,1,30,,170915,46,,,1,70,,170916,46,,,1,30,,170917,46,,,1,70,,170918,46,,,1,30,,170919,46,,,1,70,,170920,46,,,1,30,,170921,46,,,1,70,,170922,46,,,1,30,,170923,46,,,1
10700,'107-Sunday-1-26-06-0000001',1031,,170924,46,,,1,70,,170925,46,,,1,30,,170926,46,,,1,70,,170927,46,,,1,30,,170928,46,,,1,70,,170929,46,,,1,30,,170930,46,,,1,70,,170931,46,,,1,30,,170932,46,,,1,70,,170933,46,,,1,30,,170934,46,,,1,70,,170935,46,,,1,30,,170936,46,,,1,70,,170937,46,,,1,30,,170938,46,,,1,70,,170939,46,,,1,30,,170940,46,,,1,70,,170941,46,,,1,30,,170942,46,,,1
10700,'107-Sunday-2-26-06-0000001',1031,,193156,46,,,1,70,,193157,46,,,1,30,,193158,46,,,1,70,,193159,46,,,1,30,,193160,46,,,1,70,,193161,46,,,1,30,,193162,46,,,1,70,,193163,46,,,1,30,,193164,46,,,1,70,,193165,46,,,1,30,,193166,46,,,1,70,,193167,46,,,1,30,,193168,46,,,1,70,,193169,46,,,1,30,,193170,46,,,1,70,,193171,46,,,1,30,,193172,46,,,1,70,,193173,46,,,1,30,,193174,46,,,1
11700,'117-Weekday-1-26-06-1111100',551,,172724,32,,,1,70,,172725,32,,,1,33,,172753,32,,,1,70,,172754,32,,,1,30,,172755,32,,,1,70,,172756,32,,,1,30,,172726,32,,,1,69,,172727,32,,,1,30,,172728,32,,,1,70,,172729,32,,,1,30,,172730,32,,,1,70,,172731,32,,,1,30,,172732,32,,,1,70,,172733,32,,,1,30,,172734,32,,,1,70,,172735,32,,,1,30,,172736,32,,,1,70,,172737,32,,,1,30,,172738,32,,,1,72,,172739,32,,,1,30,,172740,32,,,1,70,,172741,32,,,1,30,,172742,32,,,1,70,,172743,32,,,1,30,,172744,32,,,1,70,,172745,32,,,1,27,,172746,32,,,1,70,,172747,32,,,1,30,,172748,32,,,1,70,,172749,32,,,1,30,,172750,32,,,1,70,,172751,32,,,1,30,,172752,32,,,1
11700,'117-Weekday-3-26-06-1111100',551,,194152,32,,,1,70,,194153,32,,,1,33,,194181,32,,,1,70,,194182,32,,,1,30,,194183,32,,,1,70,,194184,32,,,1,30,,194154,32,,,1,69,,194155,32,,,1,30,,194156,32,,,1,70,,194157,32,,,1,30,,194158,32,,,1,70,,194159,32,,,1,30,,194160,32,,,1,70,,194161,32,,,1,30,,194162,32,,,1,70,,194163,32,,,1,30,,194164,32,,,1,70,,194165,32,,,1,30,,194166,32,,,1,72,,194167,32,,,1,30,,194168,32,,,1,70,,194169,32,,,1,30,,194170,32,,,1,70,,194171,32,,,1,30,,194172,32,,,1,70,,194173,32,,,1,27,,194174,32,,,1,70,,194175,32,,,1,30,,194176,32,,,1,70,,194177,32,,,1,30,,194178,32,,,1,70,,194179,32,,,1,30,,194180,32,,,1
11700,'117-Saturday-1-26-06-0000010',607,,172757,32,,,1,100,,172758,32,,,1,100,,172759,32,,,1,45,,172760,32,,,1,72,,172787,32,,,1,30,,172778,32,,,1,70,,172779,32,,,1,30,,172780,32,,,1,70,,172781,32,,,1,30,,172782,32,,,1,70,,172783,32,,,1,30,,172784,32,,,1,70,,172785,32,,,1,30,,172786,32,,,1,70,,172777,32,,,1,30,,172762,32,,,1,70,,172763,32,,,1,30,,172764,32,,,1,70,,172765,32,,,1,30,,172766,32,,,1,68,,172767,32,,,1,30,,172768,32,,,1,70,,172769,32,,,1,30,,172770,32,,,1,70,,172771,32,,,1,30,,172772,32,,,1,70,,172773,32,,,1,30,,172774,32,,,1,70,,172775,32,,,1,30,,172776,32,,,1,70,,172761,32,,,1
11700,'117-Sunday-1-26-06-0000001',631,,172788,32,,,1,100,,172789,32,,,1,100,,172790,32,,,1,101,,172791,32,,,1,100,,172792,32,,,1,70,,172793,32,,,1,30,,172794,32,,,1,70,,172795,32,,,1,30,,172796,32,,,1,70,,172797,32,,,1,30,,172798,32,,,1,70,,172799,32,,,1,30,,172800,32,,,1,70,,172801,32,,,1,30,,172802,32,,,1,70,,172803,32,,,1,30,,172804,32,,,1,70,,172805,32,,,1,29,,172806,32,,,1,70,,172807,32,,,1,30,,172808,32,,,1,70,,172809,32,,,1,100,,172810,32,,,1,100,,172811,32,,,1
11700,'117-Sunday-2-26-06-0000001',631,,194185,32,,,1,100,,194186,32,,,1,100,,194187,32,,,1,101,,194188,32,,,1,100,,194189,32,,,1,70,,194190,32,,,1,30,,194191,32,,,1,70,,194192,32,,,1,30,,194193,32,,,1,70,,194194,32,,,1,30,,194195,32,,,1,70,,194196,32,,,1,30,,194197,32,,,1,70,,194198,32,,,1,30,,194199,32,,,1,70,,194200,32,,,1,30,,194201,32,,,1,70,,194202,32,,,1,29,,194203,32,,,1,70,,194204,32,,,1,30,,194205,32,,,1,70,,194206,32,,,1,100,,194207,32,,,1,100,,194208,32,,,1
