50101,'501-Weekday-1-26-04-0001000',1433,,125029,24,,,1,2,,125030,24,,,1
50101,'501-Weekday-1-26-04-1110100',1526,,125031,24,,,1
50101,'501-Weekday-1-26-04-1111100',615,,125032,24,,,1,32,,125033,24,,,1,76,,125034,24,,,1,15,,125035,24,,,1,15,,125063,24,,,1,55,,125036,24,,,1,15,,125037,24,,,1,15,,125038,24,,,1,15,,125040,24,,,1,55,,125041,24,,,1,15,,125042,24,,,1,32,,125043,24,,,1,74,,125044,24,,,1,74,,125045,24,,,1,34,,125046,24,,,1,74,,125047,24,,,1,34,,125065,24,,,1,74,,125048,24,,,1,34,,125049,24,,,1,74,,125050,24,,,1,74,,125051,24,,,1,23,,125064,24,,,1,15,,125039,24,,,1,17,,125068,24,,,1,55,,125069,24,,,1,15,,125070,24,,,1,15,,125071,24,,,1,15,,125072,24,,,1,55,,125073,24,,,1,15,,125074,24,,,1,15,,125075,24,,,1,15,,125052,24,,,1,55,,125066,24,,,1,15,,125053,24,,,1,25,,125054,24,,,1,66,,125055,24,,,1,31,,125056,24,,,1,71,,125057,24,,,1,31,,125058,24,,,1,71,,125059,24,,,1,31,,125060,24,,,1,69,,125067,24,,,1,100,,125062,24,,,1,100,,125061,24,,,1
50101,'501-Saturday-1-26-04-0000010',643,,125187,24,,,1,100,,125188,24,,,1,70,,125165,24,,,1,30,,125166,24,,,1,72,,125167,24,,,1,32,,125168,24,,,1,72,,125169,24,,,1,32,,125170,24,,,1,72,,125171,24,,,1,32,,125172,24,,,1,72,,125173,24,,,1,32,,125174,24,,,1,72,,125175,24,,,1,72,,125176,24,,,1,32,,125177,24,,,1,72,,125178,24,,,1,32,,125179,24,,,1,72,,125180,24,,,1,32,,125181,24,,,1,72,,125182,24,,,1,32,,125183,24,,,1,72,,125185,24,,,1,32,,125184,24,,,1,72,,125186,24,,,1
50101,'501-Sunday-1-26-04-0000001',652,,125210,24,,,1,100,,125211,24,,,1,100,,125189,24,,,1,101,,125190,24,,,1,70,,125191,24,,,1,30,,125192,24,,,1,70,,125193,24,,,1,30,,125194,24,,,1,70,,125195,24,,,1,30,,125196,24,,,1,70,,125197,24,,,1,30,,125198,24,,,1,70,,125199,24,,,1,30,,125200,24,,,1,70,,125201,24,,,1,30,,125202,24,,,1,70,,125203,24,,,1,30,,125204,24,,,1,70,,125205,24,,,1,30,,125206,24,,,1,70,,125207,24,,,1,30,,125208,24,,,1,70,,125209,24,,,1
52501,'525-Weekday-1-26-04-1111100',933,,131037,7,,,1,70,,131038,7,,,1,30,,131039,7,,,1,70,,131040,7,,,1,30,,131041,7,,,1,70,,131042,7,,,1,30,,131043,7,,,1,70,,131044,7,,,1,30,,131045,7,,,1,70,,131046,7,,,1,30,,131047,7,,,1,101,,131048,7,,,1,100,,131049,7,,,1,100,,131050,7,,,1
52501,'525-Saturday-1-26-04-0000010',1103,,131079,7,,,1,100,,131080,7,,,1,100,,131081,7,,,1,100,,131082,7,,,1,100,,131083,7,,,1,100,,131084,7,,,1,100,,131085,7,,,1
52501,'525-Sunday-1-26-04-0000001',1103,,131086,7,,,1,100,,131087,7,,,1,100,,131088,7,,,1,100,,131089,7,,,1,100,,131090,7,,,1,100,,131091,7,,,1
65600,'656-Weekday-1-26-04-1111100',1546,,131915,11,,,1,2,,131916,11,,,1
65601,'656-Weekday-1-26-04-1111100',800,,131919,3,,,1,5,,131920,3,,,1
