62500,'625-Weekday-1-26-02-0001000',1250,,60821,46,,,1
62500,'625-Weekday-1-26-02-1110100',1552,,60822,46,,,1
62500,'625-Weekday-5-26-02-0000100',1250,,60825,46,,,1
62500,'625-Weekday-5-26-02-1111000',1552,,60826,46,,,1
62500,'625-Weekday-6-26-02-1110100',1552,,60827,46,,,1
62500,'625-Weekday-9-26-02-0001000',1250,,60829,46,,,1
24014000,'140X-Weekday-1-26-02-1111100',1537,,102895,40,,,1,20,,102896,40,,,1,60,,102897,40,,,1,20,,102898,40,,,1,20,,102899,40,,,1,60,,102900,40,,,1,20,,102901,40,,,1,20,,102902,40,,,1,60,,102903,40,,,1
24014000,'140X-Weekday-10-26-02-1111100',1537,,102904,40,,,1,20,,102905,40,,,1,60,,102906,40,,,1,20,,102907,40,,,1,20,,102908,40,,,1,60,,102909,40,,,1,20,,102910,40,,,1,20,,102911,40,,,1,60,,102912,40,,,1
24014000,'140X-Weekday-4-26-02-1111100',1537,,102922,40,,,1,20,,102923,40,,,1,60,,102924,40,,,1,20,,102925,40,,,1,20,,102926,40,,,1,60,,102927,40,,,1,20,,102928,40,,,1,20,,102929,40,,,1,60,,102930,40,,,1
24014000,'140X-Weekday-5-26-02-1111100',1537,,102931,40,,,1,20,,102932,40,,,1,60,,102933,40,,,1,20,,102934,40,,,1,20,,102935,40,,,1,60,,102936,40,,,1,20,,102937,40,,,1,20,,102938,40,,,1,60,,102939,40,,,1
24014000,'140X-Weekday-6-26-02-1111100',1537,,102940,40,,,1,20,,102941,40,,,1,60,,102942,40,,,1,20,,102943,40,,,1,20,,102944,40,,,1,60,,102945,40,,,1,20,,102946,40,,,1,20,,102947,40,,,1,60,,102948,40,,,1
24014000,'140X-Weekday-7-26-02-1111100',1537,,102949,40,,,1,20,,102950,40,,,1,60,,102951,40,,,1,20,,102952,40,,,1,20,,102953,40,,,1,60,,102954,40,,,1,20,,102955,40,,,1,20,,102956,40,,,1,60,,102957,40,,,1
