11200,'112-Weekday-1-26-02-1111100',525,,34117,7,,,1,30,,34118,7,,,1,70,,34119,7,,,1,31,,34120,7,,,1,60,,34151,7,,,1,20,,34152,7,,,1,20,,34121,7,,,1,60,,34122,7,,,1,30,,34123,7,,,1,70,,34124,7,,,1,30,,34125,7,,,1,70,,34126,7,,,1,30,,34127,7,,,1,70,,34128,7,,,1,30,,34129,7,,,1,70,,34150,7,,,1,30,,34130,7,,,1,70,,34131,7,,,1,30,,34149,7,,,1,70,,34132,7,,,1,30,,34133,7,,,1,70,,34134,7,,,1,20,,34135,7,,,1,20,,34136,7,,,1,60,,34137,7,,,1,20,,34138,7,,,1,20,,34139,7,,,1,60,,34140,7,,,1,30,,34141,7,,,1,70,,34142,7,,,1,30,,34143,7,,,1,70,,34144,7,,,1,30,,34145,7,,,1,70,,34146,7,,,1,30,,34147,7,,,1,70,,34148,7,,,1
11200,'112-Weekday-10-26-02-1111100',525,,34153,7,,,1,30,,34154,7,,,1,70,,34155,7,,,1,31,,34156,7,,,1,60,,34187,7,,,1,20,,34188,7,,,1,20,,34157,7,,,1,60,,34158,7,,,1,30,,34159,7,,,1,70,,34160,7,,,1,30,,34161,7,,,1,70,,34162,7,,,1,30,,34163,7,,,1,70,,34164,7,,,1,30,,34165,7,,,1,70,,34186,7,,,1,30,,34166,7,,,1,70,,34167,7,,,1,30,,34185,7,,,1,70,,34168,7,,,1,30,,34169,7,,,1,70,,34170,7,,,1,20,,34171,7,,,1,20,,34172,7,,,1,60,,34173,7,,,1,20,,34174,7,,,1,20,,34175,7,,,1,60,,34176,7,,,1,30,,34177,7,,,1,70,,34178,7,,,1,30,,34179,7,,,1,70,,34180,7,,,1,30,,34181,7,,,1,70,,34182,7,,,1,30,,34183,7,,,1,70,,34184,7,,,1
11200,'112-Weekday-2-26-02-1111100',525,,34189,7,,,1,30,,34190,7,,,1,70,,34191,7,,,1,31,,34192,7,,,1,60,,34223,7,,,1,20,,34224,7,,,1,20,,34193,7,,,1,60,,34194,7,,,1,30,,34195,7,,,1,70,,34196,7,,,1,30,,34197,7,,,1,70,,34198,7,,,1,30,,34199,7,,,1,70,,34200,7,,,1,30,,34201,7,,,1,70,,34222,7,,,1,30,,34202,7,,,1,70,,34203,7,,,1,30,,34221,7,,,1,70,,34204,7,,,1,30,,34205,7,,,1,70,,34206,7,,,1,20,,34207,7,,,1,20,,34208,7,,,1,60,,34209,7,,,1,20,,34210,7,,,1,20,,34211,7,,,1,60,,34212,7,,,1,30,,34213,7,,,1,70,,34214,7,,,1,30,,34215,7,,,1,70,,34216,7,,,1,30,,34217,7,,,1,70,,34218,7,,,1,30,,34219,7,,,1,70,,34220,7,,,1
11200,'112-Weekday-4-26-02-1111100',525,,34225,7,,,1,30,,34226,7,,,1,70,,34227,7,,,1,31,,34228,7,,,1,60,,34259,7,,,1,20,,34260,7,,,1,20,,34229,7,,,1,60,,34230,7,,,1,30,,34231,7,,,1,70,,34232,7,,,1,30,,34233,7,,,1,70,,34234,7,,,1,30,,34235,7,,,1,70,,34236,7,,,1,30,,34237,7,,,1,70,,34258,7,,,1,30,,34238,7,,,1,70,,34239,7,,,1,30,,34257,7,,,1,70,,34240,7,,,1,30,,34241,7,,,1,70,,34242,7,,,1,20,,34243,7,,,1,20,,34244,7,,,1,60,,34245,7,,,1,20,,34246,7,,,1,20,,34247,7,,,1,60,,34248,7,,,1,30,,34249,7,,,1,70,,34250,7,,,1,30,,34251,7,,,1,70,,34252,7,,,1,30,,34253,7,,,1,70,,34254,7,,,1,30,,34255,7,,,1,70,,34256,7,,,1
11200,'112-Weekday-5-26-02-1111100',525,,34261,7,,,1,30,,34262,7,,,1,70,,34263,7,,,1,31,,34264,7,,,1,60,,34295,7,,,1,20,,34296,7,,,1,20,,34265,7,,,1,60,,34266,7,,,1,30,,34267,7,,,1,70,,34268,7,,,1,30,,34269,7,,,1,70,,34270,7,,,1,30,,34271,7,,,1,70,,34272,7,,,1,30,,34273,7,,,1,70,,34294,7,,,1,30,,34274,7,,,1,70,,34275,7,,,1,30,,34293,7,,,1,70,,34276,7,,,1,30,,34277,7,,,1,70,,34278,7,,,1,20,,34279,7,,,1,20,,34280,7,,,1,60,,34281,7,,,1,20,,34282,7,,,1,20,,34283,7,,,1,60,,34284,7,,,1,30,,34285,7,,,1,70,,34286,7,,,1,30,,34287,7,,,1,70,,34288,7,,,1,30,,34289,7,,,1,70,,34290,7,,,1,30,,34291,7,,,1,70,,34292,7,,,1
11200,'112-Weekday-6-26-02-1111100',525,,34297,7,,,1,30,,34298,7,,,1,70,,34299,7,,,1,31,,34300,7,,,1,60,,34331,7,,,1,20,,34332,7,,,1,20,,34301,7,,,1,60,,34302,7,,,1,30,,34303,7,,,1,70,,34304,7,,,1,30,,34305,7,,,1,70,,34306,7,,,1,30,,34307,7,,,1,70,,34308,7,,,1,30,,34309,7,,,1,70,,34330,7,,,1,30,,34310,7,,,1,70,,34311,7,,,1,30,,34329,7,,,1,70,,34312,7,,,1,30,,34313,7,,,1,70,,34314,7,,,1,20,,34315,7,,,1,20,,34316,7,,,1,60,,34317,7,,,1,20,,34318,7,,,1,20,,34319,7,,,1,60,,34320,7,,,1,30,,34321,7,,,1,70,,34322,7,,,1,30,,34323,7,,,1,70,,34324,7,,,1,30,,34325,7,,,1,70,,34326,7,,,1,30,,34327,7,,,1,70,,34328,7,,,1
11200,'112-Weekday-7-26-02-1111100',525,,34333,7,,,1,30,,34334,7,,,1,70,,34335,7,,,1,31,,34336,7,,,1,60,,34367,7,,,1,20,,34368,7,,,1,20,,34337,7,,,1,60,,34338,7,,,1,30,,34339,7,,,1,70,,34340,7,,,1,30,,34341,7,,,1,70,,34342,7,,,1,30,,34343,7,,,1,70,,34344,7,,,1,30,,34345,7,,,1,70,,34366,7,,,1,30,,34346,7,,,1,70,,34347,7,,,1,30,,34365,7,,,1,70,,34348,7,,,1,30,,34349,7,,,1,70,,34350,7,,,1,20,,34351,7,,,1,20,,34352,7,,,1,60,,34353,7,,,1,20,,34354,7,,,1,20,,34355,7,,,1,60,,34356,7,,,1,30,,34357,7,,,1,70,,34358,7,,,1,30,,34359,7,,,1,70,,34360,7,,,1,30,,34361,7,,,1,70,,34362,7,,,1,30,,34363,7,,,1,70,,34364,7,,,1
11200,'112-Weekday-8-26-02-1111100',525,,34369,7,,,1,30,,34370,7,,,1,70,,34371,7,,,1,31,,34372,7,,,1,60,,34403,7,,,1,20,,34404,7,,,1,20,,34373,7,,,1,60,,34374,7,,,1,30,,34375,7,,,1,70,,34376,7,,,1,30,,34377,7,,,1,70,,34378,7,,,1,30,,34379,7,,,1,70,,34380,7,,,1,30,,34381,7,,,1,70,,34402,7,,,1,30,,34382,7,,,1,70,,34383,7,,,1,30,,34401,7,,,1,70,,34384,7,,,1,30,,34385,7,,,1,70,,34386,7,,,1,20,,34387,7,,,1,20,,34388,7,,,1,60,,34389,7,,,1,20,,34390,7,,,1,20,,34391,7,,,1,60,,34392,7,,,1,30,,34393,7,,,1,70,,34394,7,,,1,30,,34395,7,,,1,70,,34396,7,,,1,30,,34397,7,,,1,70,,34398,7,,,1,30,,34399,7,,,1,70,,34400,7,,,1
11200,'112-Weekday-9-26-02-1111100',525,,34405,7,,,1,30,,34406,7,,,1,70,,34407,7,,,1,31,,34408,7,,,1,60,,34439,7,,,1,20,,34440,7,,,1,20,,34409,7,,,1,60,,34410,7,,,1,30,,34411,7,,,1,70,,34412,7,,,1,30,,34413,7,,,1,70,,34414,7,,,1,30,,34415,7,,,1,70,,34416,7,,,1,30,,34417,7,,,1,70,,34438,7,,,1,30,,34418,7,,,1,70,,34419,7,,,1,30,,34437,7,,,1,70,,34420,7,,,1,30,,34421,7,,,1,70,,34422,7,,,1,20,,34423,7,,,1,20,,34424,7,,,1,60,,34425,7,,,1,20,,34426,7,,,1,20,,34427,7,,,1,60,,34428,7,,,1,30,,34429,7,,,1,70,,34430,7,,,1,30,,34431,7,,,1,70,,34432,7,,,1,30,,34433,7,,,1,70,,34434,7,,,1,30,,34435,7,,,1,70,,34436,7,,,1
11200,'112-Saturday-1-26-02-0000010',759,,34441,7,,,1,70,,34442,7,,,1,30,,34443,7,,,1,70,,34444,7,,,1,30,,34445,7,,,1,70,,34446,7,,,1,30,,34447,7,,,1,70,,34448,7,,,1,30,,34449,7,,,1,70,,34450,7,,,1,30,,34451,7,,,1,70,,34452,7,,,1,30,,34453,7,,,1,70,,34454,7,,,1,30,,34455,7,,,1,70,,34456,7,,,1,30,,34457,7,,,1,70,,34458,7,,,1,30,,34459,7,,,1,70,,34460,7,,,1,30,,34461,7,,,1,70,,34462,7,,,1,30,,34463,7,,,1
11200,'112-Sunday-1-26-02-0000001',1001,,34464,7,,,1,30,,34465,7,,,1,70,,34466,7,,,1,30,,34467,7,,,1,70,,34468,7,,,1,30,,34469,7,,,1,70,,34470,7,,,1,30,,34471,7,,,1,70,,34472,7,,,1,30,,34473,7,,,1,70,,34474,7,,,1,30,,34475,7,,,1,70,,34476,7,,,1,30,,34477,7,,,1,70,,34478,7,,,1,29,,34479,7,,,1,70,,34480,7,,,1,30,,34481,7,,,1,70,,34482,7,,,1
