67601,'676-Weekday-1-26-02-0001000',1247,,61835,18,,,1
67601,'676-Weekday-1-26-02-1110100',1555,,61836,18,,,1
67601,'676-Weekday-5-26-02-0001000',1247,,61840,18,,,1
67601,'676-Weekday-5-26-02-1110100',1555,,61841,18,,,1
67601,'676-Weekday-9-26-02-0001000',1247,,61842,18,,,1
91401,'914-Weekday-1-26-02-1111100',547,,91079,21,,,1,70,,91080,21,,,1,27,,91081,21,,,1,15,,91082,21,,,1,55,,91112,21,,,1,15,,91083,21,,,1,15,,91084,21,,,1,15,,91085,21,,,1,55,,91113,21,,,1,15,,91086,21,,,1,15,,91100,21,,,1,69,,91109,21,,,1,30,,91088,21,,,1,70,,91089,21,,,1,30,,91090,21,,,1,70,,91091,21,,,1,30,,91092,21,,,1,70,,91093,21,,,1,30,,91094,21,,,1,70,,91095,21,,,1,30,,91096,21,,,1,70,,91097,21,,,1,30,,91098,21,,,1,71,,91099,21,,,1,30,,91105,21,,,1,60,,91101,21,,,1,20,,91102,21,,,1,20,,91114,21,,,1,60,,91103,21,,,1,20,,91104,21,,,1,20,,91120,21,,,1,71,,91108,21,,,1,29,,91106,21,,,1,70,,91107,21,,,1,30,,91116,21,,,1,70,,91117,21,,,1,30,,91118,21,,,1,70,,91119,21,,,1,30,,91115,21,,,1,67,,91110,21,,,1,100,,91087,21,,,1,100,,91111,21,,,1
91401,'914-Weekday-10-26-02-1111100',547,,91121,21,,,1,70,,91122,21,,,1,27,,91123,21,,,1,15,,91124,21,,,1,55,,91154,21,,,1,15,,91125,21,,,1,15,,91126,21,,,1,15,,91127,21,,,1,55,,91155,21,,,1,15,,91128,21,,,1,15,,91142,21,,,1,69,,91151,21,,,1,30,,91130,21,,,1,70,,91131,21,,,1,30,,91132,21,,,1,70,,91133,21,,,1,30,,91134,21,,,1,70,,91135,21,,,1,30,,91136,21,,,1,70,,91137,21,,,1,30,,91138,21,,,1,70,,91139,21,,,1,30,,91140,21,,,1,71,,91141,21,,,1,30,,91147,21,,,1,60,,91143,21,,,1,20,,91144,21,,,1,20,,91156,21,,,1,60,,91145,21,,,1,20,,91146,21,,,1,20,,91162,21,,,1,71,,91150,21,,,1,29,,91148,21,,,1,70,,91149,21,,,1,30,,91158,21,,,1,70,,91159,21,,,1,30,,91160,21,,,1,70,,91161,21,,,1,30,,91157,21,,,1,67,,91152,21,,,1,100,,91129,21,,,1,100,,91153,21,,,1
91401,'914-Weekday-4-26-02-1111100',547,,91205,21,,,1,70,,91206,21,,,1,27,,91207,21,,,1,15,,91208,21,,,1,55,,91238,21,,,1,15,,91209,21,,,1,15,,91210,21,,,1,15,,91211,21,,,1,55,,91239,21,,,1,15,,91212,21,,,1,15,,91226,21,,,1,69,,91235,21,,,1,30,,91214,21,,,1,70,,91215,21,,,1,30,,91216,21,,,1,70,,91217,21,,,1,30,,91218,21,,,1,70,,91219,21,,,1,30,,91220,21,,,1,70,,91221,21,,,1,30,,91222,21,,,1,70,,91223,21,,,1,30,,91224,21,,,1,71,,91225,21,,,1,30,,91231,21,,,1,60,,91227,21,,,1,20,,91228,21,,,1,20,,91240,21,,,1,60,,91229,21,,,1,20,,91230,21,,,1,20,,91246,21,,,1,71,,91234,21,,,1,29,,91232,21,,,1,70,,91233,21,,,1,30,,91242,21,,,1,70,,91243,21,,,1,30,,91244,21,,,1,70,,91245,21,,,1,30,,91241,21,,,1,67,,91236,21,,,1,100,,91213,21,,,1,100,,91237,21,,,1
91401,'914-Weekday-5-26-02-1111100',547,,91247,21,,,1,70,,91248,21,,,1,27,,91249,21,,,1,15,,91250,21,,,1,55,,91280,21,,,1,15,,91251,21,,,1,15,,91252,21,,,1,15,,91253,21,,,1,55,,91281,21,,,1,15,,91254,21,,,1,15,,91268,21,,,1,69,,91277,21,,,1,30,,91256,21,,,1,70,,91257,21,,,1,30,,91258,21,,,1,70,,91259,21,,,1,30,,91260,21,,,1,70,,91261,21,,,1,30,,91262,21,,,1,70,,91263,21,,,1,30,,91264,21,,,1,70,,91265,21,,,1,30,,91266,21,,,1,71,,91267,21,,,1,30,,91273,21,,,1,60,,91269,21,,,1,20,,91270,21,,,1,20,,91282,21,,,1,60,,91271,21,,,1,20,,91272,21,,,1,20,,91288,21,,,1,71,,91276,21,,,1,29,,91274,21,,,1,70,,91275,21,,,1,30,,91284,21,,,1,70,,91285,21,,,1,30,,91286,21,,,1,70,,91287,21,,,1,30,,91283,21,,,1,67,,91278,21,,,1,100,,91255,21,,,1,100,,91279,21,,,1
91401,'914-Weekday-7-26-02-1111100',547,,91331,21,,,1,70,,91332,21,,,1,27,,91333,21,,,1,15,,91334,21,,,1,55,,91364,21,,,1,15,,91335,21,,,1,15,,91336,21,,,1,15,,91337,21,,,1,55,,91365,21,,,1,15,,91338,21,,,1,15,,91352,21,,,1,69,,91361,21,,,1,30,,91340,21,,,1,70,,91341,21,,,1,30,,91342,21,,,1,70,,91343,21,,,1,30,,91344,21,,,1,70,,91345,21,,,1,30,,91346,21,,,1,70,,91347,21,,,1,30,,91348,21,,,1,70,,91349,21,,,1,30,,91350,21,,,1,71,,91351,21,,,1,30,,91357,21,,,1,60,,91353,21,,,1,20,,91354,21,,,1,20,,91366,21,,,1,60,,91355,21,,,1,20,,91356,21,,,1,20,,91372,21,,,1,71,,91360,21,,,1,29,,91358,21,,,1,70,,91359,21,,,1,30,,91368,21,,,1,70,,91369,21,,,1,30,,91370,21,,,1,70,,91371,21,,,1,30,,91367,21,,,1,67,,91362,21,,,1,100,,91339,21,,,1,100,,91363,21,,,1
91401,'914-Saturday-1-26-02-0000010',642,,91457,21,,,1,100,,91458,21,,,1,100,,91459,21,,,1,72,,91460,21,,,1,30,,91461,21,,,1,70,,91462,21,,,1,30,,91463,21,,,1,70,,91464,21,,,1,30,,91465,21,,,1,70,,91466,21,,,1,30,,91467,21,,,1,70,,91468,21,,,1,30,,91469,21,,,1,70,,91470,21,,,1,30,,91471,21,,,1,70,,91472,21,,,1,30,,91473,21,,,1,70,,91474,21,,,1,30,,91475,21,,,1,70,,91476,21,,,1,30,,91480,21,,,1,70,,91481,21,,,1,30,,91482,21,,,1,70,,91479,21,,,1,100,,91478,21,,,1,100,,91477,21,,,1,100,,91483,21,,,1
91401,'914-Sunday-1-26-02-0000001',645,,91486,21,,,1,100,,91487,21,,,1,97,,91484,21,,,1,101,,91485,21,,,1,100,,91488,21,,,1,70,,91489,21,,,1,30,,91490,21,,,1,70,,91491,21,,,1,30,,91492,21,,,1,70,,91493,21,,,1,30,,91494,21,,,1,70,,91495,21,,,1,30,,91496,21,,,1,70,,91497,21,,,1,30,,91498,21,,,1,70,,91499,21,,,1,30,,91500,21,,,1,70,,91501,21,,,1,30,,91502,21,,,1,69,,91503,21,,,1,30,,91504,21,,,1,70,,91505,21,,,1,100,,91506,21,,,1
