11100,'111-Weekday-1-26-02-1111100',859,,33977,7,,,1,100,,33978,7,,,1,100,,33979,7,,,1,100,,33980,7,,,1,100,,33981,7,,,1,100,,33982,7,,,1,100,,33983,7,0,30,1
11100,'111-Weekday-10-26-02-1111100',859,,33984,7,,,1,100,,33985,7,,,1,100,,33986,7,,,1,100,,33987,7,,,1,100,,33988,7,,,1,100,,33989,7,,,1,100,,33990,7,0,30,1
11100,'111-Weekday-2-26-02-1111100',859,,33991,7,,,1,100,,33992,7,,,1,100,,33993,7,,,1,100,,33994,7,,,1,100,,33995,7,,,1,100,,33996,7,,,1,100,,33997,7,0,30,1
11100,'111-Weekday-4-26-02-1111100',859,,33998,7,,,1,100,,33999,7,,,1,100,,34000,7,,,1,100,,34001,7,,,1,100,,34002,7,,,1,100,,34003,7,,,1,100,,34004,7,0,30,1
11100,'111-Weekday-5-26-02-1111100',859,,34005,7,,,1,100,,34006,7,,,1,100,,34007,7,,,1,100,,34008,7,,,1,100,,34009,7,,,1,100,,34010,7,,,1,100,,34011,7,0,30,1
11100,'111-Weekday-6-26-02-1111100',859,,34012,7,,,1,100,,34013,7,,,1,100,,34014,7,,,1,100,,34015,7,,,1,100,,34016,7,,,1,100,,34017,7,,,1,100,,34018,7,0,30,1
11100,'111-Weekday-7-26-02-1111100',859,,34019,7,,,1,100,,34020,7,,,1,100,,34021,7,,,1,100,,34022,7,,,1,100,,34023,7,,,1,100,,34024,7,,,1,100,,34025,7,0,30,1
11100,'111-Weekday-8-26-02-1111100',859,,34026,7,,,1,100,,34027,7,,,1,100,,34028,7,,,1,100,,34029,7,,,1,100,,34030,7,,,1,100,,34031,7,,,1,100,,34032,7,0,30,1
11100,'111-Weekday-9-26-02-1111100',859,,34033,7,,,1,100,,34034,7,,,1,100,,34035,7,,,1,100,,34036,7,,,1,100,,34037,7,,,1,100,,34038,7,,,1,100,,34039,7,0,30,1
11100,'111-Saturday-1-26-02-0000010',859,,34045,7,0,30,1,100,,34046,7,0,30,1,100,,34042,7,0,30,1,100,,34043,7,0,30,1,100,,34044,7,0,30,1,100,,34040,7,0,30,1,100,,34041,7,0,30,1
11101,'111-Weekday-1-26-02-1111100',1019,,34047,58,,,1,100,,34048,58,,,1,100,,34049,58,,,1,100,,34050,58,,,1,100,,34051,58,,,1,100,,34052,58,,,1,100,,34053,58,,,1
11101,'111-Weekday-10-26-02-1111100',1019,,34054,58,,,1,100,,34055,58,,,1,100,,34056,58,,,1,100,,34057,58,,,1,100,,34058,58,,,1,100,,34059,58,,,1,100,,34060,58,,,1
11101,'111-Weekday-2-26-02-1111100',1019,,34061,58,,,1,100,,34062,58,,,1,100,,34063,58,,,1,100,,34064,58,,,1,100,,34065,58,,,1,100,,34066,58,,,1,100,,34067,58,,,1
11101,'111-Weekday-4-26-02-1111100',1019,,34068,58,,,1,100,,34069,58,,,1,100,,34070,58,,,1,100,,34071,58,,,1,100,,34072,58,,,1,100,,34073,58,,,1,100,,34074,58,,,1
11101,'111-Weekday-5-26-02-1111100',1019,,34075,58,,,1,100,,34076,58,,,1,100,,34077,58,,,1,100,,34078,58,,,1,100,,34079,58,,,1,100,,34080,58,,,1,100,,34081,58,,,1
11101,'111-Weekday-6-26-02-1111100',1019,,34082,58,,,1,100,,34083,58,,,1,100,,34084,58,,,1,100,,34085,58,,,1,100,,34086,58,,,1,100,,34087,58,,,1,100,,34088,58,,,1
11101,'111-Weekday-7-26-02-1111100',1019,,34089,58,,,1,100,,34090,58,,,1,100,,34091,58,,,1,100,,34092,58,,,1,100,,34093,58,,,1,100,,34094,58,,,1,100,,34095,58,,,1
11101,'111-Weekday-8-26-02-1111100',1019,,34096,58,,,1,100,,34097,58,,,1,100,,34098,58,,,1,100,,34099,58,,,1,100,,34100,58,,,1,100,,34101,58,,,1,100,,34102,58,,,1
11101,'111-Weekday-9-26-02-1111100',1019,,34103,58,,,1,100,,34104,58,,,1,100,,34105,58,,,1,100,,34106,58,,,1,100,,34107,58,,,1,100,,34108,58,,,1,100,,34109,58,,,1
11101,'111-Saturday-1-26-02-0000010',1002,,34110,51,0,25,1,100,,34112,51,0,25,1,100,,34113,51,0,25,1,100,,34114,51,0,25,1,100,,34115,51,0,25,1,100,,34116,51,0,25,1,100,,34111,51,0,25,1
