700,'007-Weekday-1-26-02-1111100',509,,11800,4,,,1,20,,11801,4,,,1,20,,11802,4,,,1,60,,11803,4,,,1,16,,11905,4,,,1,11,,11804,4,,,1,7,,11892,4,,,1,8,,11805,4,,,1,7,,11893,4,,,1,48,,11806,4,,,1,7,,11894,4,,,1,8,,11807,4,,,1,7,,11895,4,,,1,8,,11808,4,,,1,7,,11896,4,,,1,6,,11903,4,,,1,2,,11809,4,,,1,7,,11897,4,,,1,48,,11810,4,,,1,7,,11898,4,,,1,8,,11811,4,,,1,5,,11904,4,,,1,2,,11899,4,,,1,10,,11812,4,,,1,10,,11813,4,,,1,10,,11900,4,,,1,49,,11814,4,,,1,10,,11815,4,,,1,10,,11816,4,,,1,10,,11817,4,,,1,10,,11818,4,,,1,10,,11901,4,,,1,50,,11819,4,,,1,10,,11820,4,,,1,10,,11821,4,,,1,10,,11822,4,,,1,10,,11823,4,,,1,10,,11902,4,,,1,50,,11824,4,,,1,10,,11825,4,,,1,10,,11826,4,,,1,10,,11827,4,,,1,10,,11828,4,,,1,10,,11881,4,,,1,50,,11829,4,,,1,10,,11830,4,,,1,10,,11831,4,,,1,10,,11832,4,,,1,10,,11833,4,,,1,10,,11880,4,,,1,50,,11834,4,,,1,10,,11835,4,,,1,10,,11836,4,,,1,10,,11837,4,,,1,10,,11838,4,,,1,10,,11879,4,,,1,50,,11839,4,,,1,10,,11840,4,,,1,10,,11841,4,,,1,7,,11842,4,,,1,7,,11882,4,,,1,8,,11843,4,,,1,7,,11883,4,,,1,48,,11844,4,,,1,7,,11884,4,,,1,8,,11845,4,,,1,7,,11885,4,,,1,8,,11846,4,,,1,7,,11886,4,,,1,8,,11847,4,,,1,7,,11887,4,,,1,48,,11848,4,,,1,7,,11888,4,,,1,8,,11849,4,,,1,7,,11889,4,,,1,8,,11850,4,,,1,7,,11890,4,,,1,8,,11851,4,,,1,7,,11891,4,,,1,48,,11852,4,,,1,10,,11907,4,,,1,10,,11906,4,,,1,10,,11853,4,,,1,15,,11854,4,,,1,55,,11855,4,,,1,15,,11856,4,,,1,15,,11857,4,,,1,15,,11858,4,,,1,55,,11859,4,,,1,15,,11860,4,,,1,15,,11861,4,,,1,15,,11862,4,,,1,55,,11863,4,,,1,15,,11864,4,,,1,15,,11865,4,,,1,15,,11866,4,,,1,55,,11867,4,,,1,15,,11868,4,,,1,15,,11869,4,,,1,15,,11870,4,,,1,59,,11871,4,,,1,20,,11872,4,,,1,20,,11873,4,,,1,60,,11874,4,,,1,20,,11875,4,,,1,20,,11876,4,,,1,60,,11877,4,,,1,20,,11878,4,,,1
700,'007-Weekday-10-26-02-1111100',509,,11908,4,,,1,20,,11909,4,,,1,20,,11910,4,,,1,60,,11911,4,,,1,16,,12013,4,,,1,11,,11912,4,,,1,7,,12000,4,,,1,8,,11913,4,,,1,7,,12001,4,,,1,48,,11914,4,,,1,7,,12002,4,,,1,8,,11915,4,,,1,7,,12003,4,,,1,8,,11916,4,,,1,7,,12004,4,,,1,6,,12011,4,,,1,2,,11917,4,,,1,7,,12005,4,,,1,48,,11918,4,,,1,7,,12006,4,,,1,8,,11919,4,,,1,5,,12012,4,,,1,2,,12007,4,,,1,10,,11920,4,,,1,10,,11921,4,,,1,10,,12008,4,,,1,49,,11922,4,,,1,10,,11923,4,,,1,10,,11924,4,,,1,10,,11925,4,,,1,10,,11926,4,,,1,10,,12009,4,,,1,50,,11927,4,,,1,10,,11928,4,,,1,10,,11929,4,,,1,10,,11930,4,,,1,10,,11931,4,,,1,10,,12010,4,,,1,50,,11932,4,,,1,10,,11933,4,,,1,10,,11934,4,,,1,10,,11935,4,,,1,10,,11936,4,,,1,10,,11989,4,,,1,50,,11937,4,,,1,10,,11938,4,,,1,10,,11939,4,,,1,10,,11940,4,,,1,10,,11941,4,,,1,10,,11988,4,,,1,50,,11942,4,,,1,10,,11943,4,,,1,10,,11944,4,,,1,10,,11945,4,,,1,10,,11946,4,,,1,10,,11987,4,,,1,50,,11947,4,,,1,10,,11948,4,,,1,10,,11949,4,,,1,7,,11950,4,,,1,7,,11990,4,,,1,8,,11951,4,,,1,7,,11991,4,,,1,48,,11952,4,,,1,7,,11992,4,,,1,8,,11953,4,,,1,7,,11993,4,,,1,8,,11954,4,,,1,7,,11994,4,,,1,8,,11955,4,,,1,7,,11995,4,,,1,48,,11956,4,,,1,7,,11996,4,,,1,8,,11957,4,,,1,7,,11997,4,,,1,8,,11958,4,,,1,7,,11998,4,,,1,8,,11959,4,,,1,7,,11999,4,,,1,48,,11960,4,,,1,10,,12015,4,,,1,10,,12014,4,,,1,10,,11961,4,,,1,15,,11962,4,,,1,55,,11963,4,,,1,15,,11964,4,,,1,15,,11965,4,,,1,15,,11966,4,,,1,55,,11967,4,,,1,15,,11968,4,,,1,15,,11969,4,,,1,15,,11970,4,,,1,55,,11971,4,,,1,15,,11972,4,,,1,15,,11973,4,,,1,15,,11974,4,,,1,55,,11975,4,,,1,15,,11976,4,,,1,15,,11977,4,,,1,15,,11978,4,,,1,59,,11979,4,,,1,20,,11980,4,,,1,20,,11981,4,,,1,60,,11982,4,,,1,20,,11983,4,,,1,20,,11984,4,,,1,60,,11985,4,,,1,20,,11986,4,,,1
700,'007-Saturday-1-26-02-0000010',515,,12770,4,,,1,20,,12771,4,,,1,20,,12772,4,,,1,60,,12773,4,,,1,20,,12774,4,,,1,20,,12775,4,,,1,60,,12776,4,,,1,20,,12777,4,,,1,20,,12778,4,,,1,55,,12779,4,,,1,15,,12780,4,,,1,15,,12781,4,,,1,15,,12782,4,,,1,55,,12783,4,,,1,15,,12784,4,,,1,15,,12785,4,,,1,15,,12786,4,,,1,55,,12787,4,,,1,15,,12788,4,,,1,15,,12789,4,,,1,15,,12790,4,,,1,55,,12791,4,,,1,15,,12792,4,,,1,15,,12793,4,,,1,15,,12794,4,,,1,55,,12795,4,,,1,15,,12796,4,,,1,15,,12797,4,,,1,15,,12798,4,,,1,55,,12799,4,,,1,15,,12800,4,,,1,15,,12801,4,,,1,15,,12802,4,,,1,55,,12803,4,,,1,15,,12804,4,,,1,15,,12805,4,,,1,15,,12806,4,,,1,55,,12807,4,,,1,15,,12808,4,,,1,15,,12809,4,,,1,15,,12810,4,,,1,55,,12811,4,,,1,15,,12812,4,,,1,15,,12813,4,,,1,15,,12814,4,,,1,55,,12815,4,,,1,15,,12816,4,,,1,15,,12817,4,,,1,15,,12818,4,,,1,55,,12819,4,,,1,15,,12820,4,,,1,15,,12821,4,,,1,15,,12822,4,,,1,60,,12823,4,,,1,20,,12824,4,,,1,20,,12825,4,,,1,60,,12826,4,,,1,20,,12827,4,,,1,20,,12828,4,,,1,60,,12829,4,,,1,20,,12830,4,,,1,20,,12831,4,,,1,60,,12832,4,,,1,20,,12833,4,,,1,20,,12834,4,,,1,60,,12835,4,,,1,20,,12836,4,,,1,20,,12837,4,,,1,60,,12838,4,,,1,20,,12839,4,,,1
67100,'671-Weekday-1-26-02-1111100',748,,61729,5,,,1,74,,61730,5,,,1,5,,61731,5,,,1,11,,61732,5,,,1,2,,61733,5,,,1,5,,61734,5,,,1
67100,'671-Weekday-9-26-02-1111100',748,,61754,5,,,1,74,,61755,5,,,1,5,,61756,5,,,1,11,,61757,5,,,1,2,,61758,5,,,1,5,,61759,5,,,1
67600,'676-Weekday-1-26-02-1111100',829,,61830,19,4,,1
67600,'676-Weekday-9-26-02-1111100',829,,61834,19,4,,1
67801,'678-Weekday-1-26-02-1110100',1509,3,61884,1,,,1,1,3,61885,1,,,1
67801,'678-Weekday-9-26-02-0001000',1213,3,61918,1,,,1
91500,'915-Weekday-1-26-02-1111100',539,,91507,15,,,1,70,,91508,15,,,1,32,,91509,15,,,1,12,,91510,15,,,1,52,,91511,15,,,1,12,,91552,15,,,1,12,,91512,15,,,1,12,,91513,15,,,1,12,,91514,15,,,1,52,,91515,15,,,1,12,,91516,15,,,1,12,,91517,15,,,1,12,,91553,15,,,1,69,,91518,15,,,1,30,,91519,15,,,1,70,,91520,15,,,1,30,,91521,15,,,1,70,,91522,15,,,1,30,,91523,15,,,1,70,,91524,15,,,1,30,,91525,15,,,1,70,,91526,15,,,1,30,,91527,15,,,1,70,,91528,15,,,1,30,,91529,15,,,1,74,,91530,15,,,1,14,,91531,15,,,1,15,,91532,15,,,1,15,,91533,15,,,1,55,,91534,15,,,1,15,,91535,15,,,1,15,,91536,15,,,1,15,,91537,15,,,1,55,,91538,15,,,1,15,,91539,15,,,1,15,,91540,15,,,1,70,,91541,15,,,1,26,,91542,15,,,1,70,,91543,15,,,1,30,,91544,15,,,1,70,,91545,15,,,1,30,,91546,15,,,1,70,,91547,15,,,1,30,,91548,15,,,1,69,,91549,15,,,1,100,,91550,15,,,1,100,,91551,15,,,1
91500,'915-Weekday-10-26-02-1111100',539,,91554,15,,,1,70,,91555,15,,,1,32,,91556,15,,,1,12,,91557,15,,,1,52,,91558,15,,,1,12,,91599,15,,,1,12,,91559,15,,,1,12,,91560,15,,,1,12,,91561,15,,,1,52,,91562,15,,,1,12,,91563,15,,,1,12,,91564,15,,,1,12,,91600,15,,,1,69,,91565,15,,,1,30,,91566,15,,,1,70,,91567,15,,,1,30,,91568,15,,,1,70,,91569,15,,,1,30,,91570,15,,,1,70,,91571,15,,,1,30,,91572,15,,,1,70,,91573,15,,,1,30,,91574,15,,,1,70,,91575,15,,,1,30,,91576,15,,,1,74,,91577,15,,,1,14,,91578,15,,,1,15,,91579,15,,,1,15,,91580,15,,,1,55,,91581,15,,,1,15,,91582,15,,,1,15,,91583,15,,,1,15,,91584,15,,,1,55,,91585,15,,,1,15,,91586,15,,,1,15,,91587,15,,,1,70,,91588,15,,,1,26,,91589,15,,,1,70,,91590,15,,,1,30,,91591,15,,,1,70,,91592,15,,,1,30,,91593,15,,,1,70,,91594,15,,,1,30,,91595,15,,,1,69,,91596,15,,,1,100,,91597,15,,,1,100,,91598,15,,,1
91500,'915-Saturday-1-26-02-0000010',557,,91930,15,,,1,100,,91931,15,,,1,100,,91932,15,,,1,70,,91933,15,,,1,30,,91934,15,,,1,72,,91935,15,,,1,30,,91936,15,,,1,70,,91937,15,,,1,30,,91938,15,,,1,70,,91939,15,,,1,30,,91940,15,,,1,70,,91941,15,,,1,30,,91942,15,,,1,70,,91943,15,,,1,30,,91944,15,,,1,70,,91945,15,,,1,30,,91946,15,,,1,70,,91947,15,,,1,30,,91948,15,,,1,70,,91949,15,,,1,30,,91950,15,,,1,70,,91951,15,,,1,30,,91952,15,,,1,70,,91953,15,,,1,30,,91954,15,,,1,70,,91955,15,,,1,30,,91956,15,,,1,70,,91957,15,,,1,30,,91958,15,,,1,70,,91959,15,,,1,30,,91960,15,,,1,100,,91961,15,,,1,100,,91962,15,,,1
92400,'924-Weekday-1-26-02-1111100',723,,99799,28,,,1,30,,99800,28,,,1,70,,99801,28,,,1,30,,99802,28,,,1,70,,99803,28,,,1,100,,99804,28,,,1,100,,99805,28,,,1,100,,99806,28,,,1,100,,99807,28,,,1,100,,99808,28,,,1,100,,99809,28,,,1,100,,99810,28,,,1,30,,99811,28,,,1,70,,99812,28,,,1,30,,99813,28,,,1,70,,99814,28,,,1,30,,99815,28,,,1
92400,'924-Weekday-10-26-02-1111100',723,,99816,28,,,1,30,,99817,28,,,1,70,,99818,28,,,1,30,,99819,28,,,1,70,,99820,28,,,1,100,,99821,28,,,1,100,,99822,28,,,1,100,,99823,28,,,1,100,,99824,28,,,1,100,,99825,28,,,1,100,,99826,28,,,1,100,,99827,28,,,1,30,,99828,28,,,1,70,,99829,28,,,1,30,,99830,28,,,1,70,,99831,28,,,1,30,,99832,28,,,1
92400,'924-Saturday-1-26-02-0000010',853,,99952,28,,,1,100,,99953,28,,,1,100,,99954,28,,,1,100,,99955,28,,,1,100,,99956,28,,,1,100,,99957,28,,,1,100,,99958,28,,,1,100,,99959,28,,,1,100,,99960,28,,,1,100,,99961,28,,,1,100,,99962,28,,,1
