90601,'906-Weekday-1-26-02-1111100',628,,87386,20,,,1,30,,87387,20,,,1,70,,87388,20,,,1,30,,87389,20,,,1,70,,87390,20,,,1,30,,87391,20,,,1,670,,87392,20,,,1,30,,87393,20,,,1,70,,87394,20,,,1,30,,87395,20,,,1,70,,87396,20,,,1,30,,87397,20,,,1
90601,'906-Weekday-10-26-02-1111100',628,,87398,20,,,1,30,,87399,20,,,1,70,,87400,20,,,1,30,,87401,20,,,1,70,,87402,20,,,1,30,,87403,20,,,1,670,,87404,20,,,1,30,,87405,20,,,1,70,,87406,20,,,1,30,,87407,20,,,1,70,,87408,20,,,1,30,,87409,20,,,1
90601,'906-Weekday-2-26-02-1111100',628,,87410,20,,,1,30,,87411,20,,,1,70,,87412,20,,,1,30,,87413,20,,,1,70,,87414,20,,,1,30,,87415,20,,,1,670,,87416,20,,,1,30,,87417,20,,,1,70,,87418,20,,,1,30,,87419,20,,,1,70,,87420,20,,,1,30,,87421,20,,,1
90601,'906-Weekday-4-26-02-1111100',628,,87422,20,,,1,30,,87423,20,,,1,70,,87424,20,,,1,30,,87425,20,,,1,70,,87426,20,,,1,30,,87427,20,,,1,670,,87428,20,,,1,30,,87429,20,,,1,70,,87430,20,,,1,30,,87431,20,,,1,70,,87432,20,,,1,30,,87433,20,,,1
90601,'906-Weekday-5-26-02-1111100',628,,87434,20,,,1,30,,87435,20,,,1,70,,87436,20,,,1,30,,87437,20,,,1,70,,87438,20,,,1,30,,87439,20,,,1,670,,87440,20,,,1,30,,87441,20,,,1,70,,87442,20,,,1,30,,87443,20,,,1,70,,87444,20,,,1,30,,87445,20,,,1
90601,'906-Weekday-6-26-02-1111100',628,,87446,20,,,1,30,,87447,20,,,1,70,,87448,20,,,1,30,,87449,20,,,1,70,,87450,20,,,1,30,,87451,20,,,1,670,,87452,20,,,1,30,,87453,20,,,1,70,,87454,20,,,1,30,,87455,20,,,1,70,,87456,20,,,1,30,,87457,20,,,1
90601,'906-Weekday-7-26-02-1111100',628,,87458,20,,,1,30,,87459,20,,,1,70,,87460,20,,,1,30,,87461,20,,,1,70,,87462,20,,,1,30,,87463,20,,,1,670,,87464,20,,,1,30,,87465,20,,,1,70,,87466,20,,,1,30,,87467,20,,,1,70,,87468,20,,,1,30,,87469,20,,,1
90601,'906-Weekday-8-26-02-1111100',628,,87470,20,,,1,30,,87471,20,,,1,70,,87472,20,,,1,30,,87473,20,,,1,70,,87474,20,,,1,30,,87475,20,,,1,670,,87476,20,,,1,30,,87477,20,,,1,70,,87478,20,,,1,30,,87479,20,,,1,70,,87480,20,,,1,30,,87481,20,,,1
90601,'906-Weekday-9-26-02-1111100',628,,87482,20,,,1,30,,87483,20,,,1,70,,87484,20,,,1,30,,87485,20,,,1,70,,87486,20,,,1,30,,87487,20,,,1,670,,87488,20,,,1,30,,87489,20,,,1,70,,87490,20,,,1,30,,87491,20,,,1,70,,87492,20,,,1,30,,87493,20,,,1
90701,'907-Weekday-1-26-02-1111100',540,,87936,21,,,1,70,,87937,21,,,1,27,,87938,21,,,1,16,,87939,21,,,1,55,,87940,21,,,1,15,,87941,21,,,1,15,,87942,21,,,1,15,,87943,21,,,1,55,,87944,21,,,1,15,,87945,21,,,1,15,,87946,21,,,1,71,,87947,21,,,1,30,,87948,21,,,1,70,,87949,21,,,1,30,,87950,21,,,1,70,,87951,21,,,1,30,,87952,21,,,1,70,,87953,21,,,1,30,,87954,21,,,1,70,,87955,21,,,1,30,,87956,21,,,1,70,,87957,21,,,1,30,,87958,21,,,1,71,,87959,21,,,1,22,,87960,21,,,1,17,,87961,21,,,1,55,,87962,21,,,1,15,,87963,21,,,1,15,,87964,21,,,1,15,,87965,21,,,1,55,,87966,21,,,1,15,,87967,21,,,1,15,,87968,21,,,1,15,,87969,21,,,1,67,,87970,21,,,1,23,,87971,21,,,1,70,,87972,21,,,1,30,,87973,21,,,1,70,,87974,21,,,1,30,,87975,21,,,1,70,,87976,21,,,1,30,,87977,21,,,1,73,,87978,21,,,1,100,,87979,21,,,1,100,,87980,21,,,1
90701,'907-Weekday-10-26-02-1111100',540,,87981,21,,,1,70,,87982,21,,,1,27,,87983,21,,,1,16,,87984,21,,,1,55,,87985,21,,,1,15,,87986,21,,,1,15,,87987,21,,,1,15,,87988,21,,,1,55,,87989,21,,,1,15,,87990,21,,,1,15,,87991,21,,,1,71,,87992,21,,,1,30,,87993,21,,,1,70,,87994,21,,,1,30,,87995,21,,,1,70,,87996,21,,,1,30,,87997,21,,,1,70,,87998,21,,,1,30,,87999,21,,,1,70,,88000,21,,,1,30,,88001,21,,,1,70,,88002,21,,,1,30,,88003,21,,,1,71,,88004,21,,,1,22,,88005,21,,,1,17,,88006,21,,,1,55,,88007,21,,,1,15,,88008,21,,,1,15,,88009,21,,,1,15,,88010,21,,,1,55,,88011,21,,,1,15,,88012,21,,,1,15,,88013,21,,,1,15,,88014,21,,,1,67,,88015,21,,,1,23,,88016,21,,,1,70,,88017,21,,,1,30,,88018,21,,,1,70,,88019,21,,,1,30,,88020,21,,,1,70,,88021,21,,,1,30,,88022,21,,,1,73,,88023,21,,,1,100,,88024,21,,,1,100,,88025,21,,,1
90701,'907-Weekday-2-26-02-1111100',540,,88026,21,,,1,70,,88027,21,,,1,27,,88028,21,,,1,16,,88029,21,,,1,55,,88030,21,,,1,15,,88031,21,,,1,15,,88032,21,,,1,15,,88033,21,,,1,55,,88034,21,,,1,15,,88035,21,,,1,15,,88036,21,,,1,71,,88037,21,,,1,30,,88038,21,,,1,70,,88039,21,,,1,30,,88040,21,,,1,70,,88041,21,,,1,30,,88042,21,,,1,70,,88043,21,,,1,30,,88044,21,,,1,70,,88045,21,,,1,30,,88046,21,,,1,70,,88047,21,,,1,30,,88048,21,,,1,71,,88049,21,,,1,22,,88050,21,,,1,17,,88051,21,,,1,55,,88052,21,,,1,15,,88053,21,,,1,15,,88054,21,,,1,15,,88055,21,,,1,55,,88056,21,,,1,15,,88057,21,,,1,15,,88058,21,,,1,15,,88059,21,,,1,67,,88060,21,,,1,23,,88061,21,,,1,70,,88062,21,,,1,30,,88063,21,,,1,70,,88064,21,,,1,30,,88065,21,,,1,70,,88066,21,,,1,30,,88067,21,,,1,73,,88068,21,,,1,100,,88069,21,,,1,100,,88070,21,,,1
90701,'907-Weekday-4-26-02-1111100',540,,88071,21,,,1,70,,88072,21,,,1,27,,88073,21,,,1,16,,88074,21,,,1,55,,88075,21,,,1,15,,88076,21,,,1,15,,88077,21,,,1,15,,88078,21,,,1,55,,88079,21,,,1,15,,88080,21,,,1,15,,88081,21,,,1,71,,88082,21,,,1,30,,88083,21,,,1,70,,88084,21,,,1,30,,88085,21,,,1,70,,88086,21,,,1,30,,88087,21,,,1,70,,88088,21,,,1,30,,88089,21,,,1,70,,88090,21,,,1,30,,88091,21,,,1,70,,88092,21,,,1,30,,88093,21,,,1,71,,88094,21,,,1,22,,88095,21,,,1,17,,88096,21,,,1,55,,88097,21,,,1,15,,88098,21,,,1,15,,88099,21,,,1,15,,88100,21,,,1,55,,88101,21,,,1,15,,88102,21,,,1,15,,88103,21,,,1,15,,88104,21,,,1,67,,88105,21,,,1,23,,88106,21,,,1,70,,88107,21,,,1,30,,88108,21,,,1,70,,88109,21,,,1,30,,88110,21,,,1,70,,88111,21,,,1,30,,88112,21,,,1,73,,88113,21,,,1,100,,88114,21,,,1,100,,88115,21,,,1
90701,'907-Weekday-5-26-02-1111100',540,,88116,21,,,1,70,,88117,21,,,1,27,,88118,21,,,1,16,,88119,21,,,1,55,,88120,21,,,1,15,,88121,21,,,1,15,,88122,21,,,1,15,,88123,21,,,1,55,,88124,21,,,1,15,,88125,21,,,1,15,,88126,21,,,1,71,,88127,21,,,1,30,,88128,21,,,1,70,,88129,21,,,1,30,,88130,21,,,1,70,,88131,21,,,1,30,,88132,21,,,1,70,,88133,21,,,1,30,,88134,21,,,1,70,,88135,21,,,1,30,,88136,21,,,1,70,,88137,21,,,1,30,,88138,21,,,1,71,,88139,21,,,1,22,,88140,21,,,1,17,,88141,21,,,1,55,,88142,21,,,1,15,,88143,21,,,1,15,,88144,21,,,1,15,,88145,21,,,1,55,,88146,21,,,1,15,,88147,21,,,1,15,,88148,21,,,1,15,,88149,21,,,1,67,,88150,21,,,1,23,,88151,21,,,1,70,,88152,21,,,1,30,,88153,21,,,1,70,,88154,21,,,1,30,,88155,21,,,1,70,,88156,21,,,1,30,,88157,21,,,1,73,,88158,21,,,1,100,,88159,21,,,1,100,,88160,21,,,1
90701,'907-Weekday-6-26-02-1111100',540,,88161,21,,,1,70,,88162,21,,,1,27,,88163,21,,,1,16,,88164,21,,,1,55,,88165,21,,,1,15,,88166,21,,,1,15,,88167,21,,,1,15,,88168,21,,,1,55,,88169,21,,,1,15,,88170,21,,,1,15,,88171,21,,,1,71,,88172,21,,,1,30,,88173,21,,,1,70,,88174,21,,,1,30,,88175,21,,,1,70,,88176,21,,,1,30,,88177,21,,,1,70,,88178,21,,,1,30,,88179,21,,,1,70,,88180,21,,,1,30,,88181,21,,,1,70,,88182,21,,,1,30,,88183,21,,,1,71,,88184,21,,,1,22,,88185,21,,,1,17,,88186,21,,,1,55,,88187,21,,,1,15,,88188,21,,,1,15,,88189,21,,,1,15,,88190,21,,,1,55,,88191,21,,,1,15,,88192,21,,,1,15,,88193,21,,,1,15,,88194,21,,,1,67,,88195,21,,,1,23,,88196,21,,,1,70,,88197,21,,,1,30,,88198,21,,,1,70,,88199,21,,,1,30,,88200,21,,,1,70,,88201,21,,,1,30,,88202,21,,,1,73,,88203,21,,,1,100,,88204,21,,,1,100,,88205,21,,,1
90701,'907-Weekday-7-26-02-1111100',540,,88206,21,,,1,70,,88207,21,,,1,27,,88208,21,,,1,16,,88209,21,,,1,55,,88210,21,,,1,15,,88211,21,,,1,15,,88212,21,,,1,15,,88213,21,,,1,55,,88214,21,,,1,15,,88215,21,,,1,15,,88216,21,,,1,71,,88217,21,,,1,30,,88218,21,,,1,70,,88219,21,,,1,30,,88220,21,,,1,70,,88221,21,,,1,30,,88222,21,,,1,70,,88223,21,,,1,30,,88224,21,,,1,70,,88225,21,,,1,30,,88226,21,,,1,70,,88227,21,,,1,30,,88228,21,,,1,71,,88229,21,,,1,22,,88230,21,,,1,17,,88231,21,,,1,55,,88232,21,,,1,15,,88233,21,,,1,15,,88234,21,,,1,15,,88235,21,,,1,55,,88236,21,,,1,15,,88237,21,,,1,15,,88238,21,,,1,15,,88239,21,,,1,67,,88240,21,,,1,23,,88241,21,,,1,70,,88242,21,,,1,30,,88243,21,,,1,70,,88244,21,,,1,30,,88245,21,,,1,70,,88246,21,,,1,30,,88247,21,,,1,73,,88248,21,,,1,100,,88249,21,,,1,100,,88250,21,,,1
90701,'907-Weekday-8-26-02-1111100',540,,88251,21,,,1,70,,88252,21,,,1,27,,88253,21,,,1,16,,88254,21,,,1,55,,88255,21,,,1,15,,88256,21,,,1,15,,88257,21,,,1,15,,88258,21,,,1,55,,88259,21,,,1,15,,88260,21,,,1,15,,88261,21,,,1,71,,88262,21,,,1,30,,88263,21,,,1,70,,88264,21,,,1,30,,88265,21,,,1,70,,88266,21,,,1,30,,88267,21,,,1,70,,88268,21,,,1,30,,88269,21,,,1,70,,88270,21,,,1,30,,88271,21,,,1,70,,88272,21,,,1,30,,88273,21,,,1,71,,88274,21,,,1,22,,88275,21,,,1,17,,88276,21,,,1,55,,88277,21,,,1,15,,88278,21,,,1,15,,88279,21,,,1,15,,88280,21,,,1,55,,88281,21,,,1,15,,88282,21,,,1,15,,88283,21,,,1,15,,88284,21,,,1,67,,88285,21,,,1,23,,88286,21,,,1,70,,88287,21,,,1,30,,88288,21,,,1,70,,88289,21,,,1,30,,88290,21,,,1,70,,88291,21,,,1,30,,88292,21,,,1,73,,88293,21,,,1,100,,88294,21,,,1,100,,88295,21,,,1
90701,'907-Weekday-9-26-02-1111100',540,,88296,21,,,1,70,,88297,21,,,1,27,,88298,21,,,1,16,,88299,21,,,1,55,,88300,21,,,1,15,,88301,21,,,1,15,,88302,21,,,1,15,,88303,21,,,1,55,,88304,21,,,1,15,,88305,21,,,1,15,,88306,21,,,1,71,,88307,21,,,1,30,,88308,21,,,1,70,,88309,21,,,1,30,,88310,21,,,1,70,,88311,21,,,1,30,,88312,21,,,1,70,,88313,21,,,1,30,,88314,21,,,1,70,,88315,21,,,1,30,,88316,21,,,1,70,,88317,21,,,1,30,,88318,21,,,1,71,,88319,21,,,1,22,,88320,21,,,1,17,,88321,21,,,1,55,,88322,21,,,1,15,,88323,21,,,1,15,,88324,21,,,1,15,,88325,21,,,1,55,,88326,21,,,1,15,,88327,21,,,1,15,,88328,21,,,1,15,,88329,21,,,1,67,,88330,21,,,1,23,,88331,21,,,1,70,,88332,21,,,1,30,,88333,21,,,1,70,,88334,21,,,1,30,,88335,21,,,1,70,,88336,21,,,1,30,,88337,21,,,1,73,,88338,21,,,1,100,,88339,21,,,1,100,,88340,21,,,1
90701,'907-Saturday-1-26-02-0000010',642,,88341,21,,,1,100,,88342,21,,,1,100,,88343,21,,,1,67,,88344,21,,,1,30,,88345,21,,,1,70,,88346,21,,,1,30,,88347,21,,,1,70,,88348,21,,,1,30,,88349,21,,,1,70,,88350,21,,,1,30,,88351,21,,,1,70,,88352,21,,,1,30,,88353,21,,,1,70,,88354,21,,,1,30,,88355,21,,,1,70,,88356,21,,,1,30,,88357,21,,,1,70,,88358,21,,,1,30,,88359,21,,,1,72,,88360,21,,,1,30,,88361,21,,,1,70,,88362,21,,,1,30,,88363,21,,,1,70,,88364,21,,,1,100,,88365,21,,,1,100,,88366,21,,,1,100,,88367,21,,,1
90701,'907-Sunday-1-26-02-0000001',1043,,88368,21,,,1,70,,88369,21,,,1,30,,88370,21,,,1,70,,88371,21,,,1,30,,88372,21,,,1,70,,88373,21,,,1,30,,88374,21,,,1,70,,88375,21,,,1,30,,88376,21,,,1,70,,88377,21,,,1,30,,88378,21,,,1,70,,88379,21,,,1,30,,88380,21,,,1,70,,88381,21,,,1,30,,88382,21,,,1,70,,88383,21,,,1,30,,88384,21,,,1,70,,88385,21,,,1,30,,88386,21,,,1
