62501,'625-Weekday-1-26-02-1111100',715,,60830,1,,,1,7,,60831,1,,,1
62501,'625-Weekday-2-26-02-1111100',715,,60832,1,,,1,7,,60833,1,,,1
62501,'625-Weekday-5-26-02-1111100',715,,60834,1,,,1,7,,60835,1,,,1
62501,'625-Weekday-6-26-02-1111100',715,,60836,1,,,1,7,,60837,1,,,1
62501,'625-Weekday-8-26-02-1111100',715,,60838,1,,,1,7,,60839,1,,,1
62501,'625-Weekday-9-26-02-1111100',715,,60840,1,,,1,7,,60841,1,,,1
24014001,'140X-Weekday-1-26-02-1111100',600,,102977,2,,,1,20,,102982,2,,,1,20,,102976,2,,,1,60,,102978,2,,,1,20,,102979,2,,,1,20,,102980,2,,,1,60,,102981,2,,,1,20,,102983,2,,,1
24014001,'140X-Weekday-10-26-02-1111100',600,,102985,2,,,1,20,,102990,2,,,1,20,,102984,2,,,1,60,,102986,2,,,1,20,,102987,2,,,1,20,,102988,2,,,1,60,,102989,2,,,1,20,,102991,2,,,1
24014001,'140X-Weekday-2-26-02-1111100',600,,102993,2,,,1,20,,102998,2,,,1,20,,102992,2,,,1,60,,102994,2,,,1,20,,102995,2,,,1,20,,102996,2,,,1,60,,102997,2,,,1,20,,102999,2,,,1
24014001,'140X-Weekday-4-26-02-1111100',600,,103001,2,,,1,20,,103006,2,,,1,20,,103000,2,,,1,60,,103002,2,,,1,20,,103003,2,,,1,20,,103004,2,,,1,60,,103005,2,,,1,20,,103007,2,,,1
24014001,'140X-Weekday-5-26-02-1111100',600,,103009,2,,,1,20,,103014,2,,,1,20,,103008,2,,,1,60,,103010,2,,,1,20,,103011,2,,,1,20,,103012,2,,,1,60,,103013,2,,,1,20,,103015,2,,,1
24014001,'140X-Weekday-6-26-02-1111100',600,,103017,2,,,1,20,,103022,2,,,1,20,,103016,2,,,1,60,,103018,2,,,1,20,,103019,2,,,1,20,,103020,2,,,1,60,,103021,2,,,1,20,,103023,2,,,1
24014001,'140X-Weekday-7-26-02-1111100',600,,103025,2,,,1,20,,103030,2,,,1,20,,103024,2,,,1,60,,103026,2,,,1,20,,103027,2,,,1,20,,103028,2,,,1,60,,103029,2,,,1,20,,103031,2,,,1
24014001,'140X-Weekday-8-26-02-1111100',600,,103033,2,,,1,20,,103038,2,,,1,20,,103032,2,,,1,60,,103034,2,,,1,20,,103035,2,,,1,20,,103036,2,,,1,60,,103037,2,,,1,20,,103039,2,,,1
24014001,'140X-Weekday-9-26-02-1111100',600,,103041,2,,,1,20,,103046,2,,,1,20,,103040,2,,,1,60,,103042,2,,,1,20,,103043,2,,,1,20,,103044,2,,,1,60,,103045,2,,,1,20,,103047,2,,,1
