11800,'118-Weekday-1-26-04-1111100',505,,122946,16,,,1,30,,122947,16,,,1,70,,122948,16,,,1,31,,122949,16,,,1,15,,122950,16,,,1,55,,122983,16,,,1,15,,122951,16,,,1,15,,122952,16,,,1,15,,122953,16,,,1,55,,122984,16,,,1,15,,122954,16,,,1,15,,122955,16,,,1,70,,122956,16,,,1,30,,122957,16,,,1,70,,122958,16,,,1,30,,122959,16,,,1,70,,122960,16,,,1,30,,122961,16,,,1,70,,122962,16,,,1,30,,122963,16,,,1,70,,122964,16,,,1,30,,122965,16,,,1,70,,122966,16,,,1,30,,122967,16,,,1,70,,122968,16,,,1,30,,122969,16,,,1,20,,122970,16,,,1,60,,122985,16,,,1,20,,122971,16,,,1,20,,122972,16,,,1,60,,122986,16,,,1,20,,122973,16,,,1,70,,122974,16,,,1,30,,122975,16,,,1,70,,122976,16,,,1,30,,122977,16,,,1,70,,122978,16,,,1,30,,122979,16,,,1,70,,122980,16,,,1,30,,122981,16,,,1,70,,122982,16,,,1
11800,'118-Weekday-2-26-04-1111100',505,,122987,16,,,1,30,,122988,16,,,1,70,,122989,16,,,1,31,,122990,16,,,1,15,,122991,16,,,1,55,,123024,16,,,1,15,,122992,16,,,1,15,,122993,16,,,1,15,,122994,16,,,1,55,,123025,16,,,1,15,,122995,16,,,1,15,,122996,16,,,1,70,,122997,16,,,1,30,,122998,16,,,1,70,,122999,16,,,1,30,,123000,16,,,1,70,,123001,16,,,1,30,,123002,16,,,1,70,,123003,16,,,1,30,,123004,16,,,1,70,,123005,16,,,1,30,,123006,16,,,1,70,,123007,16,,,1,30,,123008,16,,,1,70,,123009,16,,,1,30,,123010,16,,,1,20,,123011,16,,,1,60,,123026,16,,,1,20,,123012,16,,,1,20,,123013,16,,,1,60,,123027,16,,,1,20,,123014,16,,,1,70,,123015,16,,,1,30,,123016,16,,,1,70,,123017,16,,,1,30,,123018,16,,,1,70,,123019,16,,,1,30,,123020,16,,,1,70,,123021,16,,,1,30,,123022,16,,,1,70,,123023,16,,,1
11800,'118-Weekday-3-26-04-1111100',505,,123028,16,,,1,30,,123029,16,,,1,70,,123030,16,,,1,31,,123031,16,,,1,15,,123032,16,,,1,55,,123065,16,,,1,15,,123033,16,,,1,15,,123034,16,,,1,15,,123035,16,,,1,55,,123066,16,,,1,15,,123036,16,,,1,15,,123037,16,,,1,70,,123038,16,,,1,30,,123039,16,,,1,70,,123040,16,,,1,30,,123041,16,,,1,70,,123042,16,,,1,30,,123043,16,,,1,70,,123044,16,,,1,30,,123045,16,,,1,70,,123046,16,,,1,30,,123047,16,,,1,70,,123048,16,,,1,30,,123049,16,,,1,70,,123050,16,,,1,30,,123051,16,,,1,20,,123052,16,,,1,60,,123067,16,,,1,20,,123053,16,,,1,20,,123054,16,,,1,60,,123068,16,,,1,20,,123055,16,,,1,70,,123056,16,,,1,30,,123057,16,,,1,70,,123058,16,,,1,30,,123059,16,,,1,70,,123060,16,,,1,30,,123061,16,,,1,70,,123062,16,,,1,30,,123063,16,,,1,70,,123064,16,,,1
11800,'118-Saturday-1-26-04-0000010',623,,123069,16,,,1,100,,123070,16,,,1,100,,123071,16,,,1,30,,123072,16,,,1,70,,123073,16,,,1,30,,123074,16,,,1,70,,123075,16,,,1,30,,123076,16,,,1,70,,123077,16,,,1,30,,123078,16,,,1,70,,123079,16,,,1,30,,123080,16,,,1,70,,123081,16,,,1,30,,123082,16,,,1,70,,123083,16,,,1,30,,123084,16,,,1,70,,123085,16,,,1,30,,123086,16,,,1,70,,123087,16,,,1,30,,123088,16,,,1,70,,123089,16,,,1,30,,123090,16,,,1,70,,123091,16,,,1,30,,123092,16,,,1,70,,123093,16,,,1
11800,'118-Sunday-1-26-04-0000001',645,,123114,16,,,1,100,,123094,16,,,1,100,,123095,16,,,1,100,,123096,16,,,1,100,,123097,16,,,1,85,,123098,16,,,1,70,,123099,16,,,1,30,,123100,16,,,1,70,,123101,16,,,1,30,,123102,16,,,1,70,,123103,16,,,1,30,,123104,16,,,1,70,,123105,16,,,1,30,,123106,16,,,1,70,,123107,16,,,1,30,,123108,16,,,1,70,,123109,16,,,1,30,,123110,16,,,1,70,,123111,16,,,1,30,,123112,16,,,1,70,,123113,16,,,1
61200,'612-Weekday-1-26-04-0001000',1238,,131624,21,,,1
61200,'612-Weekday-1-26-04-1110100',1536,,131625,21,,,1
61200,'612-Weekday-3-26-04-0001000',1238,,131626,21,,,1
61200,'612-Weekday-3-26-04-1110100',1536,,131627,21,,,1
62100,'621-Weekday-1-26-04-0001000',1215,,131701,19,,,1
62100,'621-Weekday-1-26-04-1110100',1524,,131702,19,,,1
62100,'621-Weekday-1-26-04-1111100',1548,,131703,19,,,1
62100,'621-Weekday-2-26-04-1111100',1548,,131704,19,,,1
62100,'621-Weekday-3-26-04-0001000',1215,,131705,19,,,1
62100,'621-Weekday-3-26-04-1110100',1524,,131706,19,,,1
