5101,'051-Weekday-1-26-06-1111100',531,,166756,15,,,1,70,,166757,15,,,1,31,,166768,15,,,1,22,,166767,15,,,1,60,,166758,15,,,1,20,,166759,15,,,1,20,,166760,15,,,1,60,,166761,15,,,1,20,,166762,15,,,1,20,,166741,15,,,1,67,,166755,15,,,1,30,,166742,15,,,1,70,,166763,15,,,1,30,,166743,15,,,1,70,,166744,15,,,1,30,,166764,15,,,1,70,,166745,15,,,1,30,,166746,15,,,1,70,,166765,15,,,1,30,,166747,15,,,1,70,,166766,15,,,1,30,,166748,15,,,1,70,,166749,15,,,1,31,,166750,15,,,1,70,,166751,15,,,1,30,,166752,15,,,1,70,,166753,15,,,1,30,,166770,15,,,1,70,,166771,15,,,1,28,,166772,15,,,1,70,,166773,15,,,1,30,,166774,15,,,1,70,,166775,15,,,1,30,,166776,15,,,1,70,,166777,15,,,1,30,,166754,15,,,1,100,,166769,15,,,1
5101,'051-Saturday-1-26-06-0000010',610,,166778,15,,,1,100,,166779,15,,,1,100,,166780,15,,,1,30,,166781,15,,,1,70,,166782,15,,,1,30,,166783,15,,,1,70,,166784,15,,,1,30,,166785,15,,,1,70,,166786,15,,,1,30,,166787,15,,,1,70,,166788,15,,,1,30,,166789,15,,,1,70,,166790,15,,,1,30,,166791,15,,,1,70,,166792,15,,,1,30,,166793,15,,,1,70,,166794,15,,,1,30,,166795,15,,,1,70,,166796,15,,,1,30,,166797,15,,,1,69,,166798,15,,,1,30,,166799,15,,,1,70,,166800,15,,,1,30,,166801,15,,,1,70,,166802,15,,,1,100,,166803,15,,,1,100,,166804,15,,,1,100,,166805,15,,,1
5101,'051-Sunday-1-26-06-0000001',710,,166825,15,,,1,100,,166826,15,,,1,101,,166827,15,,,1,30,,166830,15,,,1,70,,166806,15,,,1,30,,166807,15,,,1,70,,166808,15,,,1,30,,166809,15,,,1,70,,166810,15,,,1,30,,166811,15,,,1,70,,166812,15,,,1,30,,166813,15,,,1,70,,166814,15,,,1,30,,166815,15,,,1,70,,166816,15,,,1,30,,166817,15,,,1,70,,166818,15,,,1,30,,166819,15,,,1,69,,166820,15,,,1,30,,166821,15,,,1,70,,166822,15,,,1,30,,166823,15,,,1,70,,166824,15,,,1,100,,166828,15,,,1,100,,166829,15,,,1,100,,166831,15,,,1
10301,'103-Weekday-1-26-06-1111100',553,,170219,35,,,1,70,,170220,35,,,1,18,,170221,18,,,1,15,,170257,35,,,1,55,,170222,18,,,1,15,,170258,35,,,1,15,,170223,18,,,1,15,,170259,35,,,1,55,,170224,18,,,1,15,,170260,35,,,1,15,,170225,18,,,1,13,,170226,35,,,1,69,,170227,35,,,1,30,,170228,35,,,1,70,,170229,35,,,1,30,,170230,35,,,1,70,,170231,35,,,1,30,,170232,35,,,1,70,,170233,35,,,1,30,,170234,35,,,1,70,,170235,35,,,1,30,,170236,35,,,1,70,,170237,35,,,1,30,,170238,35,,,1,64,,170261,35,,,1,24,,170256,35,,,1,70,,170255,35,,,1,30,,170254,35,,,1,70,,170253,35,,,1,30,,170252,35,,,1,70,,170239,35,,,1,27,,170240,35,,,1,69,,170241,35,,,1,30,,170242,35,,,1,70,,170243,35,,,1,30,,170244,35,,,1,70,,170245,35,,,1,30,,170246,35,,,1,68,,170247,35,,,1,29,,170248,35,,,1,73,,170249,35,,,1,30,,170250,35,,,1,70,,170251,35,,,1
10301,'103-Saturday-1-26-06-0000010',625,,170262,35,,,1,30,,170263,35,,,1,70,,170264,35,,,1,30,,170265,35,,,1,70,,170266,35,,,1,30,,170267,35,,,1,71,,170268,35,,,1,30,,170269,35,,,1,70,,170270,35,,,1,30,,170271,35,,,1,70,,170272,35,,,1,30,,170273,35,,,1,70,,170274,35,,,1,30,,170275,35,,,1,70,,170276,35,,,1,30,,170277,35,,,1,70,,170278,35,,,1,30,,170279,35,,,1,70,,170280,35,,,1,30,,170281,35,,,1,70,,170282,35,,,1,30,,170283,35,,,1,71,,170284,35,,,1,30,,170285,35,,,1,70,,170286,35,,,1,30,,170287,35,,,1,70,,170288,35,,,1,30,,170289,35,,,1,70,,170290,35,,,1,30,,170291,35,,,1,70,,170292,35,,,1,30,,170293,35,,,1,70,,170294,35,,,1,30,,170295,35,,,1,70,,170296,35,,,1,30,,170297,35,,,1,70,,170298,35,,,1
10301,'103-Sunday-1-26-06-0000001',619,,170299,35,,,1,30,,170300,35,,,1,70,,170301,35,,,1,30,,170302,35,,,1,70,,170303,35,,,1,30,,170304,35,,,1,69,,170305,35,,,1,33,,170306,35,,,1,70,,170307,35,,,1,30,,170308,35,,,1,70,,170309,35,,,1,30,,170310,35,,,1,70,,170311,35,,,1,30,,170312,35,,,1,70,,170313,35,,,1,30,,170314,35,,,1,70,,170315,35,,,1,30,,170316,35,,,1,70,,170317,35,,,1,30,,170318,35,,,1,70,,170319,35,,,1,30,,170320,35,,,1,69,,170321,35,,,1,30,,170322,35,,,1,70,,170323,35,,,1,30,,170324,35,,,1,70,,170325,35,,,1,30,,170326,35,,,1,70,,170327,35,,,1,30,,170328,35,,,1,70,,170329,35,,,1,30,,170330,35,,,1,70,,170331,35,,,1,30,,170332,35,,,1,70,,170333,35,,,1,30,,170334,35,,,1,70,,170335,35,,,1
12401,'124-Weekday-1-26-06-1111100',545,,173822,35,,,1,70,,173823,35,,,1,35,,173847,35,,,1,62,,173824,35,,,1,20,,173825,35,,,1,20,,173826,35,,,1,60,,173827,35,,,1,20,,173828,35,,,1,20,,173817,35,,,1,68,,173839,35,,,1,29,,173840,35,,,1,70,,173841,35,,,1,30,,173842,35,,,1,70,,173843,35,,,1,30,,173829,35,,,1,70,,173830,35,,,1,30,,173831,35,,,1,70,,173832,35,,,1,30,,173833,35,,,1,70,,173834,35,,,1,30,,173835,35,,,1,71,,173818,35,,,1,25,,173844,35,,,1,60,,173845,35,,,1,20,,173846,35,,,1,20,,173837,35,,,1,60,,173838,35,,,1,20,,173836,35,,,1,20,,173819,35,,,1,70,,173821,35,,,1,28,,173820,35,,,1,66,,173848,35,,,1,27,,173849,35,,,1,68,,173850,35,,,1,30,,173851,35,,,1,70,,173852,35,,,1,30,,173853,35,,,1,69,,173854,35,,,1
12401,'124-Saturday-1-26-06-0000010',821,,173855,35,,,1,30,,173856,35,,,1,72,,173857,35,,,1,30,,173858,35,,,1,70,,173859,35,,,1,30,,173860,35,,,1,70,,173861,35,,,1,30,,173862,35,,,1,70,,173863,35,,,1,30,,173864,35,,,1,70,,173865,35,,,1,30,,173866,35,,,1,70,,173867,35,,,1,30,,173868,35,,,1,70,,173869,35,,,1,30,,173870,35,,,1,70,,173871,35,,,1,30,,173872,35,,,1,75,,173873,35,,,1,30,,173874,35,,,1,70,,173875,35,,,1,28,,173876,35,,,1,69,,173877,35,,,1
12401,'124-Sunday-1-26-06-0000001',1011,,173878,35,,,1,30,,173879,35,,,1,70,,173880,35,,,1,29,,173881,35,,,1,70,,173882,35,,,1,30,,173883,35,,,1,70,,173884,35,,,1,30,,173885,35,,,1,70,,173886,35,,,1,30,,173887,35,,,1,70,,173888,35,,,1,30,,173889,35,,,1,70,,173891,35,,,1,30,,173892,35,,,1,69,,173893,35,,,1,31,,173890,35,,,1,70,,173894,35,,,1,30,,173895,35,,,1,71,,173896,35,,,1
24014001,'140X-Weekday-1-26-06-1111100',620,,187125,35,,,1,20,,187130,35,,,1,61,,187124,35,,,1,20,,187126,35,,,1,20,,187127,35,,,1,60,,187128,35,,,1,20,,187129,35,,,1,20,,187131,35,,,1
