91700,'DX-917-Weekday-1-25-12-1111100',508,,51011,,,1,30,,51012,,,1,70,,51055,,,1,15,,51056,,,1,17,,51013,,,1,15,,51014,,,1,55,,51044,,,1,15,,51015,,,1,15,,51016,,,1,15,,51017,,,1,55,,51045,,,1,15,,51018,,,1,15,,51019,,,1,15,,51020,,,1,57,,51021,,,1,30,,51022,,,1,70,,51023,,,1,30,,51024,,,1,70,,51025,,,1,30,,51026,,,1,70,,51027,,,1,30,,51028,,,1,70,,51029,,,1,30,,51030,,,1,70,,51041,,,1,30,,51046,,,1,72,,51052,,,1,12,,51054,,,1,20,,51047,,,1,60,,51048,,,1,20,,51031,,,1,20,,51049,,,1,60,,51050,,,1,20,,51043,,,1,20,,51051,,,1,60,,51053,,,1,25,,51032,,,1,70,,51033,,,1,30,,51034,,,1,70,,51035,,,1,30,,51036,,,1,70,,51037,,,1,30,,51038,,,1,69,,51039,,,1,100,,51042,,,1,100,,51040,,,1
91700,'DX-917-Weekday-2-25-12-1111100',508,,51057,,,1,30,,51058,,,1,70,,51095,,,1,21,,51096,,,1,21,,51059,,,1,60,,51060,,,1,20,,51086,,,1,20,,51061,,,1,60,,51062,,,1,20,,51063,,,1,20,,51087,,,1,62,,51064,,,1,30,,51065,,,1,70,,51066,,,1,30,,51067,,,1,70,,51068,,,1,30,,51069,,,1,70,,51070,,,1,30,,51071,,,1,70,,51072,,,1,30,,51073,,,1,70,,51084,,,1,30,,51088,,,1,72,,51093,,,1,25,,51094,,,1,64,,51089,,,1,30,,51090,,,1,70,,51074,,,1,30,,51091,,,1,70,,51092,,,1,28,,51075,,,1,70,,51076,,,1,30,,51077,,,1,70,,51078,,,1,30,,51079,,,1,70,,51080,,,1,30,,51081,,,1,69,,51082,,,1,100,,51085,,,1,100,,51083,,,1
91700,'DX-917-Weekday-3-25-12-1111100',508,,51097,,,1,30,,51098,,,1,70,,51135,,,1,21,,51136,,,1,21,,51099,,,1,60,,51100,,,1,20,,51126,,,1,20,,51101,,,1,60,,51102,,,1,20,,51103,,,1,20,,51127,,,1,62,,51104,,,1,30,,51105,,,1,70,,51106,,,1,30,,51107,,,1,70,,51108,,,1,30,,51109,,,1,70,,51110,,,1,30,,51111,,,1,70,,51112,,,1,30,,51113,,,1,70,,51124,,,1,30,,51128,,,1,72,,51133,,,1,25,,51134,,,1,64,,51129,,,1,30,,51130,,,1,70,,51114,,,1,30,,51131,,,1,70,,51132,,,1,28,,51115,,,1,70,,51116,,,1,30,,51117,,,1,70,,51118,,,1,30,,51119,,,1,70,,51120,,,1,30,,51121,,,1,69,,51122,,,1,100,,51125,,,1,100,,51123,,,1,100,,51137,,,1,100,,51138,,,1,100,,51139,,,1
91700,'DX-917-Weekday-5-25-12-1111100',508,,51140,,,1,30,,51141,,,1,70,,51184,,,1,15,,51185,,,1,17,,51142,,,1,15,,51143,,,1,55,,51173,,,1,15,,51144,,,1,15,,51145,,,1,15,,51146,,,1,55,,51174,,,1,15,,51147,,,1,15,,51148,,,1,15,,51149,,,1,57,,51150,,,1,30,,51151,,,1,70,,51152,,,1,30,,51153,,,1,70,,51154,,,1,30,,51155,,,1,70,,51156,,,1,30,,51157,,,1,70,,51158,,,1,30,,51159,,,1,70,,51170,,,1,30,,51175,,,1,72,,51181,,,1,12,,51183,,,1,20,,51176,,,1,60,,51177,,,1,20,,51160,,,1,20,,51178,,,1,60,,51179,,,1,20,,51172,,,1,20,,51180,,,1,60,,51182,,,1,25,,51161,,,1,70,,51162,,,1,30,,51163,,,1,70,,51164,,,1,30,,51165,,,1,70,,51166,,,1,30,,51167,,,1,69,,51168,,,1,100,,51171,,,1,100,,51169,,,1
91700,'SA-917-Saturday-1-25-12-0000010',556,,51186,,,1,100,,51187,,,1,100,,51213,,,1,70,,51214,,,1,27,,51215,,,1,68,,51189,,,1,30,,51190,,,1,70,,51191,,,1,30,,51192,,,1,70,,51193,,,1,30,,51194,,,1,70,,51195,,,1,30,,51196,,,1,70,,51197,,,1,30,,51198,,,1,70,,51199,,,1,30,,51200,,,1,70,,51201,,,1,30,,51202,,,1,70,,51203,,,1,31,,51209,,,1,71,,51210,,,1,30,,51211,,,1,70,,51188,,,1,30,,51204,,,1,70,,51212,,,1,100,,51208,,,1,100,,51207,,,1,100,,51206,,,1,100,,51205,,,1
91700,'SU-917-Sunday-1-25-12-0000001',555,,51216,,,1,100,,51217,,,1,100,,51218,,,1,97,,51219,,,1,101,,51220,,,1,70,,51221,,,1,30,,51222,,,1,70,,51223,,,1,30,,51224,,,1,70,,51225,,,1,30,,51226,,,1,70,,51227,,,1,30,,51228,,,1,70,,51229,,,1,30,,51230,,,1,70,,51231,,,1,30,,51232,,,1,70,,51233,,,1,32,,51234,,,1,70,,51235,,,1,30,,51236,,,1,70,,51237,,,1,30,,51238,,,1,100,,51239,,,1,100,,51240,,,1,100,,51241,,,1,100,,51242,,,1,100,,51243,,,1
91700,'SU-917-Sunday-1-26-02-0000001',603,,51244,,,1,100,,51245,,,1,100,,51246,,,1,55,,51247,,,1,97,,51248,,,1,70,,51249,,,1,30,,51250,,,1,70,,51251,,,1,30,,51252,,,1,70,,51253,,,1,30,,51254,,,1,70,,51255,,,1,30,,51256,,,1,70,,51257,,,1,30,,51258,,,1,70,,51259,,,1,30,,51260,,,1,71,,51261,,,1,31,,51262,,,1,70,,51263,,,1,30,,51264,,,1,70,,51265,,,1,30,,51266,,,1,100,,51267,,,1,100,,51268,,,1,100,,51269,,,1,100,,51270,,,1,100,,51271,,,1
24093001,'DX-930X-Weekday-1-25-12-1111100',1535,,57476,,,1,15,,57477,,,1,55,,57478,,,1,15,,57479,,,1,15,,57480,,,1,15,,57481,,,1,55,,57482,,,1,15,,57483,,,1,15,,57484,,,1,15,,57485,,,1,55,,57486,,,1
24093001,'DX-930X-Weekday-2-25-12-1111100',1535,,57487,,,1,20,,57488,,,1,60,,57494,,,1,20,,57489,,,1,20,,57490,,,1,60,,57491,,,1,20,,57495,,,1,20,,57492,,,1,60,,57493,,,1
24093001,'DX-930X-Weekday-3-25-12-1111100',1535,,57496,,,1,20,,57497,,,1,60,,57503,,,1,20,,57498,,,1,20,,57499,,,1,60,,57500,,,1,20,,57504,,,1,20,,57501,,,1,60,,57502,,,1
24093001,'DX-930X-Weekday-5-25-12-1111100',1535,,57505,,,1,15,,57506,,,1,55,,57507,,,1,15,,57508,,,1,15,,57509,,,1,15,,57510,,,1,55,,57511,,,1,15,,57512,,,1,15,,57513,,,1,15,,57514,,,1,55,,57515,,,1
