50400,'504-Weekday-1-26-02-1111100',540,,44989,15,,,1,70,,44990,15,,,1,32,,44991,15,,,1,70,,44992,15,,,1,30,,44993,15,,,1,70,,44994,15,,,1,30,,44995,15,,,1,102,,44996,15,,,1,100,,44997,15,,,1,100,,44998,15,,,1,100,,44999,15,,,1,100,,45000,15,,,1,100,,45001,15,,,1,83,,45002,15,,,1,30,,45003,15,,,1,71,,45004,15,,,1,30,,45005,15,,,1,70,,45006,15,,,1,99,,45007,15,,,1,97,,45008,15,,,1,100,,45009,15,,,1,100,,45010,15,,,1
50400,'504-Weekday-10-26-02-1111100',540,,45011,15,,,1,70,,45012,15,,,1,32,,45013,15,,,1,70,,45014,15,,,1,30,,45015,15,,,1,70,,45016,15,,,1,30,,45017,15,,,1,102,,45018,15,,,1,100,,45019,15,,,1,100,,45020,15,,,1,100,,45021,15,,,1,100,,45022,15,,,1,100,,45023,15,,,1,83,,45024,15,,,1,30,,45025,15,,,1,71,,45026,15,,,1,30,,45027,15,,,1,70,,45028,15,,,1,99,,45029,15,,,1,97,,45030,15,,,1,100,,45031,15,,,1,100,,45032,15,,,1
50400,'504-Weekday-2-26-02-1111100',540,,45033,15,,,1,70,,45034,15,,,1,32,,45035,15,,,1,70,,45036,15,,,1,30,,45037,15,,,1,70,,45038,15,,,1,30,,45039,15,,,1,102,,45040,15,,,1,100,,45041,15,,,1,100,,45042,15,,,1,100,,45043,15,,,1,100,,45044,15,,,1,100,,45045,15,,,1,83,,45046,15,,,1,30,,45047,15,,,1,71,,45048,15,,,1,30,,45049,15,,,1,70,,45050,15,,,1,99,,45051,15,,,1,97,,45052,15,,,1,100,,45053,15,,,1,100,,45054,15,,,1
50400,'504-Weekday-4-26-02-1111100',540,,45055,15,,,1,70,,45056,15,,,1,32,,45057,15,,,1,70,,45058,15,,,1,30,,45059,15,,,1,70,,45060,15,,,1,30,,45061,15,,,1,102,,45062,15,,,1,100,,45063,15,,,1,100,,45064,15,,,1,100,,45065,15,,,1,100,,45066,15,,,1,100,,45067,15,,,1,83,,45068,15,,,1,30,,45069,15,,,1,71,,45070,15,,,1,30,,45071,15,,,1,70,,45072,15,,,1,99,,45073,15,,,1,97,,45074,15,,,1,100,,45075,15,,,1,100,,45076,15,,,1
50400,'504-Weekday-5-26-02-1111100',540,,45077,15,,,1,70,,45078,15,,,1,32,,45079,15,,,1,70,,45080,15,,,1,30,,45081,15,,,1,70,,45082,15,,,1,30,,45083,15,,,1,102,,45084,15,,,1,100,,45085,15,,,1,100,,45086,15,,,1,100,,45087,15,,,1,100,,45088,15,,,1,100,,45089,15,,,1,83,,45090,15,,,1,30,,45091,15,,,1,71,,45092,15,,,1,30,,45093,15,,,1,70,,45094,15,,,1,99,,45095,15,,,1,97,,45096,15,,,1,100,,45097,15,,,1,100,,45098,15,,,1
50400,'504-Weekday-6-26-02-1111100',540,,45099,15,,,1,70,,45100,15,,,1,32,,45101,15,,,1,70,,45102,15,,,1,30,,45103,15,,,1,70,,45104,15,,,1,30,,45105,15,,,1,102,,45106,15,,,1,100,,45107,15,,,1,100,,45108,15,,,1,100,,45109,15,,,1,100,,45110,15,,,1,100,,45111,15,,,1,83,,45112,15,,,1,30,,45113,15,,,1,71,,45114,15,,,1,30,,45115,15,,,1,70,,45116,15,,,1,99,,45117,15,,,1,97,,45118,15,,,1,100,,45119,15,,,1,100,,45120,15,,,1
50400,'504-Weekday-7-26-02-1111100',540,,45121,15,,,1,70,,45122,15,,,1,32,,45123,15,,,1,70,,45124,15,,,1,30,,45125,15,,,1,70,,45126,15,,,1,30,,45127,15,,,1,102,,45128,15,,,1,100,,45129,15,,,1,100,,45130,15,,,1,100,,45131,15,,,1,100,,45132,15,,,1,100,,45133,15,,,1,83,,45134,15,,,1,30,,45135,15,,,1,71,,45136,15,,,1,30,,45137,15,,,1,70,,45138,15,,,1,99,,45139,15,,,1,97,,45140,15,,,1,100,,45141,15,,,1,100,,45142,15,,,1
50400,'504-Weekday-8-26-02-1111100',540,,45143,15,,,1,70,,45144,15,,,1,32,,45145,15,,,1,70,,45146,15,,,1,30,,45147,15,,,1,70,,45148,15,,,1,30,,45149,15,,,1,102,,45150,15,,,1,100,,45151,15,,,1,100,,45152,15,,,1,100,,45153,15,,,1,100,,45154,15,,,1,100,,45155,15,,,1,83,,45156,15,,,1,30,,45157,15,,,1,71,,45158,15,,,1,30,,45159,15,,,1,70,,45160,15,,,1,99,,45161,15,,,1,97,,45162,15,,,1,100,,45163,15,,,1,100,,45164,15,,,1
50400,'504-Weekday-9-26-02-1111100',540,,45165,15,,,1,70,,45166,15,,,1,32,,45167,15,,,1,70,,45168,15,,,1,30,,45169,15,,,1,70,,45170,15,,,1,30,,45171,15,,,1,102,,45172,15,,,1,100,,45173,15,,,1,100,,45174,15,,,1,100,,45175,15,,,1,100,,45176,15,,,1,100,,45177,15,,,1,83,,45178,15,,,1,30,,45179,15,,,1,71,,45180,15,,,1,30,,45181,15,,,1,70,,45182,15,,,1,99,,45183,15,,,1,97,,45184,15,,,1,100,,45185,15,,,1,100,,45186,15,,,1
50400,'504-Saturday-1-26-02-0000010',752,,45187,15,,,1,100,,45188,15,,,1,100,,45189,15,,,1,100,,45190,15,,,1,100,,45191,15,,,1,100,,45192,15,,,1,100,,45193,15,,,1,100,,45194,15,,,1,100,,45195,15,,,1,100,,45196,15,,,1,100,,45197,15,,,1,100,,45198,15,,,1,100,,45199,15,,,1
50400,'504-Sunday-1-26-02-0000001',749,,45200,15,,,1,99,,45201,15,,,1,99,,45202,15,,,1,100,,45203,15,,,1,100,,45204,15,,,1,100,,45205,15,,,1,100,,45206,15,,,1,100,,45207,15,,,1,100,,45208,15,,,1,101,,45209,15,,,1,101,,45210,15,,,1,100,,45211,15,,,1
