51801,'518-Weekday-1-26-02-0001000',1253,,54253,31,,,1
51801,'518-Weekday-1-26-02-1111100',538,,54254,31,,,1,70,,54255,31,,,1,23,,54303,31,,,1,21,,54256,31,,,1,52,,54257,31,,,1,12,,54258,31,,,1,12,,54304,31,,,1,12,,54259,31,,,1,12,,54260,31,,,1,52,,54261,31,,,1,12,,54262,31,,,1,12,,54305,31,,,1,12,,54263,31,,,1,12,,54264,31,,,1,51,,54306,31,,,1,35,,54265,31,,,1,70,,54266,31,,,1,30,,54267,31,,,1,70,,54268,31,,,1,30,,54269,31,,,1,70,,54270,31,,,1,30,,54271,31,,,1,70,,54272,31,,,1,30,,54273,31,,,1,70,,54274,31,,,1,30,,54275,31,,,1,72,,54276,31,,,1,15,,54277,31,,,1,12,,54278,31,,,1,12,,54300,31,,,1,52,,54279,31,,,1,5,,54307,31,,,1,7,,54280,31,,,1,12,,54281,31,,,1,12,,54282,31,,,1,12,,54302,31,,,1,52,,54283,31,,,1,12,,54284,31,,,1,12,,54285,31,,,1,12,,54286,31,,,1,12,,54301,31,,,1,52,,54287,31,,,1,12,,54288,31,,,1,12,,54289,31,,,1,15,,54290,31,,,1,67,,54291,31,,,1,30,,54292,31,,,1,70,,54293,31,,,1,30,,54294,31,,,1,70,,54295,31,,,1,30,,54296,31,,,1,70,,54297,31,,,1,98,,54298,31,,,1,100,,54299,31,,,1
51801,'518-Weekday-10-26-02-0001000',1253,,54308,31,,,1
51801,'518-Weekday-10-26-02-1111100',538,,54309,31,,,1,70,,54310,31,,,1,23,,54358,31,,,1,21,,54311,31,,,1,52,,54312,31,,,1,12,,54313,31,,,1,12,,54359,31,,,1,12,,54314,31,,,1,12,,54315,31,,,1,52,,54316,31,,,1,12,,54317,31,,,1,12,,54360,31,,,1,12,,54318,31,,,1,12,,54319,31,,,1,51,,54361,31,,,1,35,,54320,31,,,1,70,,54321,31,,,1,30,,54322,31,,,1,70,,54323,31,,,1,30,,54324,31,,,1,70,,54325,31,,,1,30,,54326,31,,,1,70,,54327,31,,,1,30,,54328,31,,,1,70,,54329,31,,,1,30,,54330,31,,,1,72,,54331,31,,,1,15,,54332,31,,,1,12,,54333,31,,,1,12,,54355,31,,,1,52,,54334,31,,,1,5,,54362,31,,,1,7,,54335,31,,,1,12,,54336,31,,,1,12,,54337,31,,,1,12,,54357,31,,,1,52,,54338,31,,,1,12,,54339,31,,,1,12,,54340,31,,,1,12,,54341,31,,,1,12,,54356,31,,,1,52,,54342,31,,,1,12,,54343,31,,,1,12,,54344,31,,,1,15,,54345,31,,,1,67,,54346,31,,,1,30,,54347,31,,,1,70,,54348,31,,,1,30,,54349,31,,,1,70,,54350,31,,,1,30,,54351,31,,,1,70,,54352,31,,,1,98,,54353,31,,,1,100,,54354,31,,,1
51801,'518-Weekday-2-26-02-0001000',1253,,54363,31,,,1
51801,'518-Weekday-2-26-02-1111100',538,,54364,31,,,1,70,,54365,31,,,1,23,,54413,31,,,1,21,,54366,31,,,1,52,,54367,31,,,1,12,,54368,31,,,1,12,,54414,31,,,1,12,,54369,31,,,1,12,,54370,31,,,1,52,,54371,31,,,1,12,,54372,31,,,1,12,,54415,31,,,1,12,,54373,31,,,1,12,,54374,31,,,1,51,,54416,31,,,1,35,,54375,31,,,1,70,,54376,31,,,1,30,,54377,31,,,1,70,,54378,31,,,1,30,,54379,31,,,1,70,,54380,31,,,1,30,,54381,31,,,1,70,,54382,31,,,1,30,,54383,31,,,1,70,,54384,31,,,1,30,,54385,31,,,1,72,,54386,31,,,1,15,,54387,31,,,1,12,,54388,31,,,1,12,,54410,31,,,1,52,,54389,31,,,1,5,,54417,31,,,1,7,,54390,31,,,1,12,,54391,31,,,1,12,,54392,31,,,1,12,,54412,31,,,1,52,,54393,31,,,1,12,,54394,31,,,1,12,,54395,31,,,1,12,,54396,31,,,1,12,,54411,31,,,1,52,,54397,31,,,1,12,,54398,31,,,1,12,,54399,31,,,1,15,,54400,31,,,1,67,,54401,31,,,1,30,,54402,31,,,1,70,,54403,31,,,1,30,,54404,31,,,1,70,,54405,31,,,1,30,,54406,31,,,1,70,,54407,31,,,1,98,,54408,31,,,1,100,,54409,31,,,1
51801,'518-Weekday-4-26-02-1111100',538,,54418,31,,,1,70,,54419,31,,,1,23,,54467,31,,,1,21,,54420,31,,,1,52,,54421,31,,,1,12,,54422,31,,,1,12,,54468,31,,,1,12,,54423,31,,,1,12,,54424,31,,,1,52,,54425,31,,,1,12,,54426,31,,,1,12,,54469,31,,,1,12,,54427,31,,,1,12,,54428,31,,,1,51,,54470,31,,,1,35,,54429,31,,,1,70,,54430,31,,,1,30,,54431,31,,,1,70,,54432,31,,,1,30,,54433,31,,,1,70,,54434,31,,,1,30,,54435,31,,,1,70,,54436,31,,,1,30,,54437,31,,,1,70,,54438,31,,,1,30,,54439,31,,,1,72,,54440,31,,,1,15,,54441,31,,,1,12,,54442,31,,,1,12,,54464,31,,,1,52,,54443,31,,,1,12,,54444,31,,,1,12,,54445,31,,,1,12,,54446,31,,,1,12,,54466,31,,,1,52,,54447,31,,,1,12,,54448,31,,,1,12,,54449,31,,,1,12,,54450,31,,,1,12,,54465,31,,,1,52,,54451,31,,,1,12,,54452,31,,,1,12,,54453,31,,,1,15,,54454,31,,,1,67,,54455,31,,,1,30,,54456,31,,,1,70,,54457,31,,,1,30,,54458,31,,,1,70,,54459,31,,,1,30,,54460,31,,,1,70,,54461,31,,,1,98,,54462,31,,,1,100,,54463,31,,,1
51801,'518-Weekday-5-26-02-0000100',1253,,54471,31,,,1
51801,'518-Weekday-5-26-02-1111100',538,,54472,31,,,1,70,,54473,31,,,1,23,,54521,31,,,1,21,,54474,31,,,1,52,,54475,31,,,1,12,,54476,31,,,1,12,,54522,31,,,1,12,,54477,31,,,1,12,,54478,31,,,1,52,,54479,31,,,1,12,,54480,31,,,1,12,,54523,31,,,1,12,,54481,31,,,1,12,,54482,31,,,1,51,,54524,31,,,1,35,,54483,31,,,1,70,,54484,31,,,1,30,,54485,31,,,1,70,,54486,31,,,1,30,,54487,31,,,1,70,,54488,31,,,1,30,,54489,31,,,1,70,,54490,31,,,1,30,,54491,31,,,1,70,,54492,31,,,1,30,,54493,31,,,1,72,,54494,31,,,1,15,,54495,31,,,1,12,,54496,31,,,1,12,,54518,31,,,1,52,,54497,31,,,1,5,,54525,31,,,1,7,,54498,31,,,1,12,,54499,31,,,1,12,,54500,31,,,1,12,,54520,31,,,1,52,,54501,31,,,1,12,,54502,31,,,1,12,,54503,31,,,1,12,,54504,31,,,1,12,,54519,31,,,1,52,,54505,31,,,1,12,,54506,31,,,1,12,,54507,31,,,1,15,,54508,31,,,1,67,,54509,31,,,1,30,,54510,31,,,1,70,,54511,31,,,1,30,,54512,31,,,1,70,,54513,31,,,1,30,,54514,31,,,1,70,,54515,31,,,1,98,,54516,31,,,1,100,,54517,31,,,1
51801,'518-Weekday-6-26-02-1111100',538,,54526,31,,,1,70,,54527,31,,,1,23,,54575,31,,,1,21,,54528,31,,,1,52,,54529,31,,,1,12,,54530,31,,,1,12,,54576,31,,,1,12,,54531,31,,,1,12,,54532,31,,,1,52,,54533,31,,,1,12,,54534,31,,,1,12,,54577,31,,,1,12,,54535,31,,,1,12,,54536,31,,,1,51,,54578,31,,,1,35,,54537,31,,,1,70,,54538,31,,,1,30,,54539,31,,,1,70,,54540,31,,,1,30,,54541,31,,,1,70,,54542,31,,,1,30,,54543,31,,,1,70,,54544,31,,,1,30,,54545,31,,,1,70,,54546,31,,,1,30,,54547,31,,,1,72,,54548,31,,,1,15,,54549,31,,,1,12,,54550,31,,,1,12,,54572,31,,,1,52,,54551,31,,,1,5,,54579,31,,,1,7,,54552,31,,,1,12,,54553,31,,,1,12,,54554,31,,,1,12,,54574,31,,,1,52,,54555,31,,,1,12,,54556,31,,,1,12,,54557,31,,,1,12,,54558,31,,,1,12,,54573,31,,,1,52,,54559,31,,,1,12,,54560,31,,,1,12,,54561,31,,,1,15,,54562,31,,,1,67,,54563,31,,,1,30,,54564,31,,,1,70,,54565,31,,,1,30,,54566,31,,,1,70,,54567,31,,,1,30,,54568,31,,,1,70,,54569,31,,,1,98,,54570,31,,,1,100,,54571,31,,,1
51801,'518-Weekday-7-26-02-1111100',538,,54580,31,,,1,70,,54581,31,,,1,23,,54629,31,,,1,21,,54582,31,,,1,52,,54583,31,,,1,12,,54584,31,,,1,12,,54630,31,,,1,12,,54585,31,,,1,12,,54586,31,,,1,52,,54587,31,,,1,12,,54588,31,,,1,12,,54631,31,,,1,12,,54589,31,,,1,12,,54590,31,,,1,51,,54632,31,,,1,35,,54591,31,,,1,70,,54592,31,,,1,30,,54593,31,,,1,70,,54594,31,,,1,30,,54595,31,,,1,70,,54596,31,,,1,30,,54597,31,,,1,70,,54598,31,,,1,30,,54599,31,,,1,70,,54600,31,,,1,30,,54601,31,,,1,72,,54602,31,,,1,15,,54603,31,,,1,12,,54604,31,,,1,12,,54626,31,,,1,52,,54605,31,,,1,12,,54606,31,,,1,12,,54607,31,,,1,12,,54608,31,,,1,12,,54628,31,,,1,52,,54609,31,,,1,12,,54610,31,,,1,12,,54611,31,,,1,12,,54612,31,,,1,12,,54627,31,,,1,52,,54613,31,,,1,12,,54614,31,,,1,12,,54615,31,,,1,15,,54616,31,,,1,67,,54617,31,,,1,30,,54618,31,,,1,70,,54619,31,,,1,30,,54620,31,,,1,70,,54621,31,,,1,30,,54622,31,,,1,70,,54623,31,,,1,98,,54624,31,,,1,100,,54625,31,,,1
51801,'518-Weekday-8-26-02-1111100',538,,54633,31,,,1,70,,54634,31,,,1,23,,54682,31,,,1,21,,54635,31,,,1,52,,54636,31,,,1,12,,54637,31,,,1,12,,54683,31,,,1,12,,54638,31,,,1,12,,54639,31,,,1,52,,54640,31,,,1,12,,54641,31,,,1,12,,54684,31,,,1,12,,54642,31,,,1,12,,54643,31,,,1,51,,54685,31,,,1,35,,54644,31,,,1,70,,54645,31,,,1,30,,54646,31,,,1,70,,54647,31,,,1,30,,54648,31,,,1,70,,54649,31,,,1,30,,54650,31,,,1,70,,54651,31,,,1,30,,54652,31,,,1,70,,54653,31,,,1,30,,54654,31,,,1,72,,54655,31,,,1,15,,54656,31,,,1,12,,54657,31,,,1,12,,54679,31,,,1,52,,54658,31,,,1,5,,54686,31,,,1,7,,54659,31,,,1,12,,54660,31,,,1,12,,54661,31,,,1,12,,54681,31,,,1,52,,54662,31,,,1,12,,54663,31,,,1,12,,54664,31,,,1,12,,54665,31,,,1,12,,54680,31,,,1,52,,54666,31,,,1,12,,54667,31,,,1,12,,54668,31,,,1,15,,54669,31,,,1,67,,54670,31,,,1,30,,54671,31,,,1,70,,54672,31,,,1,30,,54673,31,,,1,70,,54674,31,,,1,30,,54675,31,,,1,70,,54676,31,,,1,98,,54677,31,,,1,100,,54678,31,,,1
51801,'518-Weekday-9-26-02-1111100',538,,54687,31,,,1,70,,54688,31,,,1,23,,54736,31,,,1,21,,54689,31,,,1,52,,54690,31,,,1,12,,54691,31,,,1,12,,54737,31,,,1,12,,54692,31,,,1,12,,54693,31,,,1,52,,54694,31,,,1,12,,54695,31,,,1,12,,54738,31,,,1,12,,54696,31,,,1,12,,54697,31,,,1,51,,54739,31,,,1,35,,54698,31,,,1,70,,54699,31,,,1,30,,54700,31,,,1,70,,54701,31,,,1,30,,54702,31,,,1,70,,54703,31,,,1,30,,54704,31,,,1,70,,54705,31,,,1,30,,54706,31,,,1,70,,54707,31,,,1,30,,54708,31,,,1,72,,54709,31,,,1,15,,54710,31,,,1,12,,54711,31,,,1,12,,54733,31,,,1,52,,54712,31,,,1,5,,54740,31,,,1,7,,54713,31,,,1,12,,54714,31,,,1,12,,54715,31,,,1,12,,54735,31,,,1,52,,54716,31,,,1,12,,54717,31,,,1,12,,54718,31,,,1,12,,54719,31,,,1,12,,54734,31,,,1,52,,54720,31,,,1,12,,54721,31,,,1,12,,54722,31,,,1,15,,54723,31,,,1,67,,54724,31,,,1,30,,54725,31,,,1,70,,54726,31,,,1,30,,54727,31,,,1,70,,54728,31,,,1,30,,54729,31,,,1,70,,54730,31,,,1,98,,54731,31,,,1,100,,54732,31,,,1
51801,'518-Saturday-1-26-02-0000010',637,,54741,31,,,1,97,,54742,31,,,1,88,,54743,31,,,1,30,,54744,31,,,1,73,,54745,31,,,1,30,,54746,31,,,1,70,,54747,31,,,1,30,,54748,31,,,1,70,,54749,31,,,1,30,,54750,31,,,1,70,,54751,31,,,1,30,,54752,31,,,1,70,,54753,31,,,1,30,,54754,31,,,1,70,,54755,31,,,1,30,,54756,31,,,1,70,,54757,31,,,1,30,,54758,31,,,1,67,,54759,31,,,1,30,,54760,31,,,1,70,,54761,31,,,1,33,,54762,31,,,1,70,,54763,31,,,1,30,,54764,31,,,1,70,,54765,31,,,1,30,,54770,31,,,1,70,,54766,31,,,1,30,,54771,31,,,1,70,,54767,31,,,1,30,,54772,31,,,1,70,,54768,31,,,1,100,,54769,31,,,1,100,,54773,31,,,1
51801,'518-Sunday-1-26-02-0000001',630,,54795,31,,,1,100,,54796,31,,,1,100,,54797,31,,,1,103,,54798,31,,,1,85,,54774,31,,,1,30,,54775,31,,,1,70,,54776,31,,,1,30,,54777,31,,,1,70,,54778,31,,,1,30,,54779,31,,,1,70,,54780,31,,,1,30,,54781,31,,,1,70,,54782,31,,,1,30,,54783,31,,,1,70,,54784,31,,,1,30,,54785,31,,,1,70,,54786,31,,,1,30,,54787,31,,,1,72,,54788,31,,,1,30,,54789,31,,,1,70,,54790,31,,,1,37,,54791,31,,,1,86,,54792,31,,,1,99,,54793,31,,,1,100,,54794,31,,,1,100,,54799,31,,,1,100,,54800,31,,,1
63800,'638-Weekday-1-26-02-0000100',942,,61099,27,,,1
63800,'638-Weekday-1-26-02-1111000',830,,61100,27,,,1
63800,'638-Weekday-1-26-02-1111100',748,,61101,27,,,1
63800,'638-Weekday-2-26-02-0000100',942,,61102,27,,,1
63800,'638-Weekday-2-26-02-1111000',830,,61103,27,,,1
63800,'638-Weekday-2-26-02-1111100',748,,61104,27,,,1
63800,'638-Weekday-4-26-02-1111000',830,,61105,27,,,1
63800,'638-Weekday-5-26-02-0000100',942,,61106,27,,,1
63800,'638-Weekday-5-26-02-1111000',830,,61107,27,,,1
63800,'638-Weekday-5-26-02-1111100',748,,61108,27,,,1
63800,'638-Weekday-6-26-02-1111100',748,,61109,27,,,1
63800,'638-Weekday-8-26-02-1111100',748,,61110,27,,,1
63800,'638-Weekday-9-26-02-1111000',830,,61111,27,,,1
63800,'638-Weekday-9-26-02-1111100',748,,61112,27,,,1
