11101,'111-Weekday-1-26-06-1111100',938,,171491,23,,,1,100,,171492,23,,,1,100,,171493,23,,,1,100,,171494,23,,,1,100,,171495,23,,,1,100,,171496,23,,,1,100,,171497,23,,,1
11101,'111-Weekday-2-26-06-1111100',938,,193562,23,,,1,100,,193563,23,,,1,100,,193564,23,,,1,100,,193565,23,,,1,100,,193566,23,,,1,100,,193567,23,,,1,100,,193568,23,,,1
11101,'111-Saturday-1-26-06-0000010',921,,171498,16,,,1,100,,171500,16,,,1,100,,171501,16,,,1,100,,171502,16,,,1,100,,171503,16,,,1,100,,171504,16,,,1,100,,171499,16,,,1
1000100,'001-Weekday-1-26-06-1111100',503,,186272,6,,,1,40,,186273,6,,,1,80,,186274,6,,,1,82,,186275,6,,,1,20,,186276,6,,,1,20,,186277,6,,,1,60,,186278,6,,,1,20,,186279,6,,,1,25,,186280,6,,,1,70,,186281,6,,,1,30,,186282,6,,,1,70,,186283,6,,,1,30,,186284,6,,,1,70,,186285,6,,,1,30,,186286,6,,,1,70,,186287,6,,,1,30,,186288,6,,,1,70,,186289,6,,,1,30,,186290,6,,,1,70,,186291,6,,,1,30,,186292,6,,,1,68,,186293,6,,,1,20,,186294,6,,,1,20,,186295,6,,,1,60,,186296,6,,,1,20,,186297,6,,,1,20,,186298,6,,,1,65,,186299,6,,,1,30,,186300,6,,,1,70,,186301,6,,,1,30,,186302,6,,,1,70,,186303,6,,,1,30,,186304,6,,,1,70,,186305,6,,,1,30,,186306,6,,,1,70,,186307,6,,,1,27,,186308,6,,,1,78,,186309,6,,,1,80,,186310,6,,,1,40,,186311,6,,,1
1000100,'001-Weekday-2-26-06-1111100',503,,202517,6,,,1,40,,202518,6,,,1,80,,202519,6,,,1,82,,202520,6,,,1,20,,202521,6,,,1,20,,202522,6,,,1,60,,202523,6,,,1,20,,202524,6,,,1,25,,202525,6,,,1,70,,202526,6,,,1,30,,202527,6,,,1,70,,202528,6,,,1,30,,202529,6,,,1,70,,202530,6,,,1,30,,202531,6,,,1,70,,202532,6,,,1,30,,202533,6,,,1,70,,202534,6,,,1,30,,202535,6,,,1,70,,202536,6,,,1,30,,202537,6,,,1,68,,202538,6,,,1,20,,202539,6,,,1,20,,202540,6,,,1,60,,202541,6,,,1,20,,202542,6,,,1,20,,202543,6,,,1,65,,202544,6,,,1,30,,202545,6,,,1,70,,202546,6,,,1,30,,202547,6,,,1,70,,202548,6,,,1,30,,202549,6,,,1,70,,202550,6,,,1,30,,202551,6,,,1,70,,202552,6,,,1,27,,202553,6,,,1,78,,202554,6,,,1,80,,202555,6,,,1,40,,202556,6,,,1
1000100,'001-Saturday-1-26-06-0000010',624,,186312,6,,,1,80,,186313,6,,,1,40,,186314,6,,,1,75,,186315,6,,,1,30,,186316,6,,,1,71,,186317,6,,,1,30,,186318,6,,,1,70,,186319,6,,,1,30,,186320,6,,,1,70,,186321,6,,,1,30,,186322,6,,,1,70,,186323,6,,,1,30,,186324,6,,,1,70,,186325,6,,,1,30,,186326,6,,,1,70,,186327,6,,,1,30,,186328,6,,,1,70,,186329,6,,,1,30,,186330,6,,,1,70,,186331,6,,,1,30,,186332,6,,,1,70,,186333,6,,,1,30,,186334,6,,,1,70,,186335,6,,,1,28,,186336,6,,,1,72,,186337,6,,,1,30,,186338,6,,,1,69,,186339,6,,,1,31,,186340,6,,,1,70,,186341,6,,,1,30,,186342,6,,,1,70,,186343,6,,,1,30,,186344,6,,,1,75,,186345,6,,,1,80,,186346,6,,,1
1000100,'001-Sunday-1-26-06-0000001',600,,186347,6,,,1,40,,186348,6,,,1,80,,186349,6,,,1,80,,186350,6,,,1,40,,186351,6,,,1,81,,186352,6,,,1,80,,186353,6,,,1,35,,186354,6,,,1,70,,186355,6,,,1,30,,186356,6,,,1,70,,186357,6,,,1,30,,186358,6,,,1,70,,186359,6,,,1,30,,186360,6,,,1,70,,186361,6,,,1,30,,186362,6,,,1,70,,186363,6,,,1,30,,186364,6,,,1,70,,186365,6,,,1,30,,186366,6,,,1,70,,186367,6,,,1,30,,186368,6,,,1,70,,186369,6,,,1,30,,186370,6,,,1,68,,186371,6,,,1,40,,186372,6,,,1,80,,186373,6,,,1,80,,186374,6,,,1,40,,186375,6,,,1,80,,186376,6,,,1,80,,186377,6,,,1,40,,186378,6,,,1
1000100,'001-Sunday-3-26-06-0000001',600,,202557,6,,,1,40,,202558,6,,,1,80,,202559,6,,,1,80,,202560,6,,,1,40,,202561,6,,,1,81,,202562,6,,,1,80,,202563,6,,,1,35,,202564,6,,,1,70,,202565,6,,,1,30,,202566,6,,,1,70,,202567,6,,,1,30,,202568,6,,,1,70,,202569,6,,,1,30,,202570,6,,,1,70,,202571,6,,,1,30,,202572,6,,,1,70,,202573,6,,,1,30,,202574,6,,,1,70,,202575,6,,,1,30,,202576,6,,,1,70,,202577,6,,,1,30,,202578,6,,,1,70,,202579,6,,,1,30,,202580,6,,,1,68,,202581,6,,,1,40,,202582,6,,,1,80,,202583,6,,,1,80,,202584,6,,,1,40,,202585,6,,,1,80,,202586,6,,,1,80,,202587,6,,,1,40,,202588,6,,,1
2000100,'001-Weekday-1-26-06-1111100',523,,186555,6,,,1,80,,186556,6,,,1,42,,186557,6,,,1,70,,186558,6,,,1,20,,186559,6,,,1,20,,186560,6,,,1,60,,186561,6,,,1,20,,186562,6,,,1,70,,186563,6,,,1,30,,186564,6,,,1,70,,186565,6,,,1,30,,186566,6,,,1,70,,186567,6,,,1,30,,186568,6,,,1,70,,186569,6,,,1,30,,186570,6,,,1,70,,186571,6,,,1,30,,186572,6,,,1,70,,186573,6,,,1,30,,186574,6,,,1,70,,186575,6,,,1,23,,186576,6,,,1,20,,186577,6,,,1,60,,186578,6,,,1,20,,186579,6,,,1,20,,186580,6,,,1,60,,186581,6,,,1,30,,186582,6,,,1,70,,186583,6,,,1,30,,186584,6,,,1,70,,186585,6,,,1,30,,186586,6,,,1,70,,186587,6,,,1,30,,186588,6,,,1,70,,186589,6,,,1,30,,186590,6,,,1,70,,186591,6,,,1,40,,186592,6,,,1,80,,186593,6,,,1,80,,186594,6,,,1
2000100,'001-Weekday-2-26-06-1111100',523,,202661,6,,,1,80,,202662,6,,,1,42,,202663,6,,,1,70,,202664,6,,,1,20,,202665,6,,,1,20,,202666,6,,,1,60,,202667,6,,,1,20,,202668,6,,,1,70,,202669,6,,,1,30,,202670,6,,,1,70,,202671,6,,,1,30,,202672,6,,,1,70,,202673,6,,,1,30,,202674,6,,,1,70,,202675,6,,,1,30,,202676,6,,,1,70,,202677,6,,,1,30,,202678,6,,,1,70,,202679,6,,,1,30,,202680,6,,,1,70,,202681,6,,,1,23,,202682,6,,,1,20,,202683,6,,,1,60,,202684,6,,,1,20,,202685,6,,,1,20,,202686,6,,,1,60,,202687,6,,,1,30,,202688,6,,,1,70,,202689,6,,,1,30,,202690,6,,,1,70,,202691,6,,,1,30,,202692,6,,,1,70,,202693,6,,,1,30,,202694,6,,,1,70,,202695,6,,,1,30,,202696,6,,,1,70,,202697,6,,,1,40,,202698,6,,,1,80,,202699,6,,,1,80,,202700,6,,,1
2000100,'001-Saturday-1-26-06-0000010',605,,186595,6,,,1,40,,186596,6,,,1,80,,186597,6,,,1,80,,186598,6,,,1,30,,186599,6,,,1,70,,186600,6,,,1,30,,186601,6,,,1,70,,186602,6,,,1,30,,186603,6,,,1,70,,186604,6,,,1,30,,186605,6,,,1,70,,186606,6,,,1,30,,186607,6,,,1,70,,186608,6,,,1,30,,186609,6,,,1,70,,186610,6,,,1,30,,186611,6,,,1,70,,186612,6,,,1,30,,186613,6,,,1,70,,186614,6,,,1,30,,186615,6,,,1,70,,186616,6,,,1,30,,186617,6,,,1,69,,186618,6,,,1,31,,186619,6,,,1,70,,186620,6,,,1,29,,186621,6,,,1,70,,186622,6,,,1,31,,186623,6,,,1,70,,186624,6,,,1,30,,186625,6,,,1,70,,186626,6,,,1,30,,186627,6,,,1,70,,186628,6,,,1,40,,186629,6,,,1
2000100,'001-Sunday-1-26-06-0000001',540,,186630,6,,,1,80,,186631,6,,,1,80,,186632,6,,,1,40,,186633,6,,,1,80,,186634,6,,,1,81,,186635,6,,,1,40,,186636,6,,,1,80,,186637,6,,,1,30,,186638,6,,,1,70,,186639,6,,,1,30,,186640,6,,,1,70,,186641,6,,,1,30,,186642,6,,,1,70,,186643,6,,,1,30,,186644,6,,,1,70,,186645,6,,,1,30,,186646,6,,,1,70,,186647,6,,,1,30,,186648,6,,,1,70,,186649,6,,,1,30,,186650,6,,,1,70,,186651,6,,,1,30,,186652,6,,,1,70,,186653,6,,,1,30,,186654,6,,,1,73,,186655,6,,,1,80,,186656,6,,,1,40,,186657,6,,,1,80,,186658,6,,,1,80,,186659,6,,,1,40,,186660,6,,,1,80,,186661,6,,,1
2000100,'001-Sunday-3-26-06-0000001',540,,202701,6,,,1,80,,202702,6,,,1,80,,202703,6,,,1,40,,202704,6,,,1,80,,202705,6,,,1,81,,202706,6,,,1,40,,202707,6,,,1,80,,202708,6,,,1,30,,202709,6,,,1,70,,202710,6,,,1,30,,202711,6,,,1,70,,202712,6,,,1,30,,202713,6,,,1,70,,202714,6,,,1,30,,202715,6,,,1,70,,202716,6,,,1,30,,202717,6,,,1,70,,202718,6,,,1,30,,202719,6,,,1,70,,202720,6,,,1,30,,202721,6,,,1,70,,202722,6,,,1,30,,202723,6,,,1,70,,202724,6,,,1,30,,202725,6,,,1,73,,202726,6,,,1,80,,202727,6,,,1,40,,202728,6,,,1,80,,202729,6,,,1,80,,202730,6,,,1,40,,202731,6,,,1,80,,202732,6,,,1
