10801,'108-Weekday-1-26-02-0001000',1439,,32380,38,,,1
10801,'108-Weekday-1-26-02-1110100',1536,,32381,38,,,1
10801,'108-Weekday-1-26-02-1111100',603,,32385,38,,,1,20,,32382,38,,,1,21,,32384,38,,,1,61,,32383,38,,,1,13,,32386,38,,,1,10,,32387,38,,,1,10,,32388,38,,,1,10,,32389,38,,,1,10,,32390,38,,,1,50,,32391,38,,,1,10,,32392,38,,,1,10,,32393,38,,,1,10,,32394,38,,,1,10,,32395,38,,,1,10,,32396,38,,,1,49,,32397,38,,,1,21,,32398,38,,,1,20,,32399,38,,,1,60,,32400,38,,,1,20,,32401,38,,,1,20,,32402,38,,,1,60,,32403,38,,,1,20,,32404,38,,,1,20,,32405,38,,,1,60,,32406,38,,,1,20,,32407,38,,,1,20,,32408,38,,,1,60,,32409,38,,,1,20,,32410,38,,,1,20,,32411,38,,,1,60,,32412,38,,,1,20,,32413,38,,,1,20,,32414,38,,,1,62,,32415,38,,,1,12,,32416,38,,,1,10,,32417,38,,,1,10,,32418,38,,,1,10,,32419,38,,,1,50,,32420,38,,,1,10,,32421,38,,,1,10,,32422,38,,,1,10,,32423,38,,,1,10,,32424,38,,,1,10,,32425,38,,,1,50,,32426,38,,,1,10,,32427,38,,,1,10,,32428,38,,,1,10,,32429,38,,,1,10,,32430,38,,,1,10,,32431,38,,,1,50,,32432,38,,,1,10,,32433,38,,,1,10,,32434,38,,,1,17,,32435,38,,,1,17,,32436,38,,,1,60,,32437,38,,,1,20,,32438,38,,,1,20,,32439,38,,,1,60,,32440,38,,,1,20,,32441,38,,,1,20,,32442,38,,,1,60,,32443,38,,,1,20,,32444,38,,,1,20,,32445,38,,,1,63,,32450,38,,,1,30,,32446,38,,,1,70,,32447,38,,,1,30,,32448,38,,,1,70,,32449,38,,,1
10801,'108-Weekday-10-26-02-0001000',1439,,32451,38,,,1
10801,'108-Weekday-10-26-02-1111100',603,,32455,38,,,1,20,,32452,38,,,1,21,,32454,38,,,1,61,,32453,38,,,1,13,,32456,38,,,1,10,,32457,38,,,1,10,,32458,38,,,1,10,,32459,38,,,1,10,,32460,38,,,1,50,,32461,38,,,1,10,,32462,38,,,1,10,,32463,38,,,1,10,,32464,38,,,1,10,,32465,38,,,1,10,,32466,38,,,1,49,,32467,38,,,1,21,,32468,38,,,1,20,,32469,38,,,1,60,,32470,38,,,1,20,,32471,38,,,1,20,,32472,38,,,1,60,,32473,38,,,1,20,,32474,38,,,1,20,,32475,38,,,1,60,,32476,38,,,1,20,,32477,38,,,1,20,,32478,38,,,1,60,,32479,38,,,1,20,,32480,38,,,1,20,,32481,38,,,1,60,,32482,38,,,1,20,,32483,38,,,1,20,,32484,38,,,1,62,,32485,38,,,1,12,,32486,38,,,1,10,,32487,38,,,1,10,,32488,38,,,1,10,,32489,38,,,1,50,,32490,38,,,1,10,,32491,38,,,1,10,,32492,38,,,1,10,,32493,38,,,1,10,,32494,38,,,1,10,,32495,38,,,1,50,,32496,38,,,1,10,,32497,38,,,1,10,,32498,38,,,1,10,,32499,38,,,1,10,,32500,38,,,1,10,,32501,38,,,1,50,,32502,38,,,1,10,,32503,38,,,1,10,,32504,38,,,1,17,,32505,38,,,1,17,,32506,38,,,1,60,,32507,38,,,1,20,,32508,38,,,1,20,,32509,38,,,1,60,,32510,38,,,1,20,,32511,38,,,1,20,,32512,38,,,1,60,,32513,38,,,1,20,,32514,38,,,1,20,,32515,38,,,1,63,,32520,38,,,1,30,,32516,38,,,1,70,,32517,38,,,1,30,,32518,38,,,1,70,,32519,38,,,1
10801,'108-Weekday-2-26-02-0001000',1439,,32521,38,,,1
10801,'108-Weekday-2-26-02-1110100',1536,,32522,38,,,1
10801,'108-Weekday-2-26-02-1111100',603,,32526,38,,,1,20,,32523,38,,,1,21,,32525,38,,,1,61,,32524,38,,,1,13,,32527,38,,,1,10,,32528,38,,,1,10,,32529,38,,,1,10,,32530,38,,,1,10,,32531,38,,,1,50,,32532,38,,,1,10,,32533,38,,,1,10,,32534,38,,,1,10,,32535,38,,,1,10,,32536,38,,,1,10,,32537,38,,,1,49,,32538,38,,,1,21,,32539,38,,,1,20,,32540,38,,,1,60,,32541,38,,,1,20,,32542,38,,,1,20,,32543,38,,,1,60,,32544,38,,,1,20,,32545,38,,,1,20,,32546,38,,,1,60,,32547,38,,,1,20,,32548,38,,,1,20,,32549,38,,,1,60,,32550,38,,,1,20,,32551,38,,,1,20,,32552,38,,,1,60,,32553,38,,,1,20,,32554,38,,,1,20,,32555,38,,,1,62,,32556,38,,,1,12,,32557,38,,,1,10,,32558,38,,,1,10,,32559,38,,,1,10,,32560,38,,,1,50,,32561,38,,,1,10,,32562,38,,,1,10,,32563,38,,,1,10,,32564,38,,,1,10,,32565,38,,,1,10,,32566,38,,,1,50,,32567,38,,,1,10,,32568,38,,,1,10,,32569,38,,,1,10,,32570,38,,,1,10,,32571,38,,,1,10,,32572,38,,,1,50,,32573,38,,,1,10,,32574,38,,,1,10,,32575,38,,,1,17,,32576,38,,,1,17,,32577,38,,,1,60,,32578,38,,,1,20,,32579,38,,,1,20,,32580,38,,,1,60,,32581,38,,,1,20,,32582,38,,,1,20,,32583,38,,,1,60,,32584,38,,,1,20,,32585,38,,,1,20,,32586,38,,,1,63,,32591,38,,,1,30,,32587,38,,,1,70,,32588,38,,,1,30,,32589,38,,,1,70,,32590,38,,,1
10801,'108-Weekday-4-26-02-1111100',603,,32595,38,,,1,20,,32592,38,,,1,21,,32594,38,,,1,61,,32593,38,,,1,13,,32596,38,,,1,10,,32597,38,,,1,10,,32598,38,,,1,10,,32599,38,,,1,10,,32600,38,,,1,50,,32601,38,,,1,10,,32602,38,,,1,10,,32603,38,,,1,10,,32604,38,,,1,10,,32605,38,,,1,10,,32606,38,,,1,49,,32607,38,,,1,21,,32608,38,,,1,20,,32609,38,,,1,60,,32610,38,,,1,20,,32611,38,,,1,20,,32612,38,,,1,60,,32613,38,,,1,20,,32614,38,,,1,20,,32615,38,,,1,60,,32616,38,,,1,20,,32617,38,,,1,20,,32618,38,,,1,60,,32619,38,,,1,20,,32620,38,,,1,20,,32621,38,,,1,60,,32622,38,,,1,20,,32623,38,,,1,20,,32624,38,,,1,62,,32625,38,,,1,12,,32626,38,,,1,10,,32627,38,,,1,10,,32628,38,,,1,10,,32629,38,,,1,50,,32630,38,,,1,10,,32631,38,,,1,10,,32632,38,,,1,10,,32633,38,,,1,10,,32634,38,,,1,10,,32635,38,,,1,50,,32636,38,,,1,10,,32637,38,,,1,10,,32638,38,,,1,10,,32639,38,,,1,10,,32640,38,,,1,10,,32641,38,,,1,50,,32642,38,,,1,10,,32643,38,,,1,10,,32644,38,,,1,17,,32645,38,,,1,17,,32646,38,,,1,60,,32647,38,,,1,20,,32648,38,,,1,20,,32649,38,,,1,60,,32650,38,,,1,20,,32651,38,,,1,20,,32652,38,,,1,60,,32653,38,,,1,20,,32654,38,,,1,20,,32655,38,,,1,63,,32660,38,,,1,30,,32656,38,,,1,70,,32657,38,,,1,30,,32658,38,,,1,70,,32659,38,,,1
10801,'108-Weekday-5-26-02-0001000',1439,,32661,38,,,1
10801,'108-Weekday-5-26-02-1110100',1536,,32662,38,,,1
10801,'108-Weekday-5-26-02-1111100',603,,32666,38,,,1,20,,32663,38,,,1,21,,32665,38,,,1,61,,32664,38,,,1,13,,32667,38,,,1,10,,32668,38,,,1,10,,32669,38,,,1,10,,32670,38,,,1,10,,32671,38,,,1,50,,32672,38,,,1,10,,32673,38,,,1,10,,32674,38,,,1,10,,32675,38,,,1,10,,32676,38,,,1,10,,32677,38,,,1,49,,32678,38,,,1,21,,32679,38,,,1,20,,32680,38,,,1,60,,32681,38,,,1,20,,32682,38,,,1,20,,32683,38,,,1,60,,32684,38,,,1,20,,32685,38,,,1,20,,32686,38,,,1,60,,32687,38,,,1,20,,32688,38,,,1,20,,32689,38,,,1,60,,32690,38,,,1,20,,32691,38,,,1,20,,32692,38,,,1,60,,32693,38,,,1,20,,32694,38,,,1,20,,32695,38,,,1,62,,32696,38,,,1,12,,32697,38,,,1,10,,32698,38,,,1,10,,32699,38,,,1,10,,32700,38,,,1,50,,32701,38,,,1,10,,32702,38,,,1,10,,32703,38,,,1,10,,32704,38,,,1,10,,32705,38,,,1,10,,32706,38,,,1,50,,32707,38,,,1,10,,32708,38,,,1,10,,32709,38,,,1,10,,32710,38,,,1,10,,32711,38,,,1,10,,32712,38,,,1,50,,32713,38,,,1,10,,32714,38,,,1,10,,32715,38,,,1,17,,32716,38,,,1,17,,32717,38,,,1,60,,32718,38,,,1,20,,32719,38,,,1,20,,32720,38,,,1,60,,32721,38,,,1,20,,32722,38,,,1,20,,32723,38,,,1,60,,32724,38,,,1,20,,32725,38,,,1,20,,32726,38,,,1,63,,32731,38,,,1,30,,32727,38,,,1,70,,32728,38,,,1,30,,32729,38,,,1,70,,32730,38,,,1
10801,'108-Weekday-6-26-02-1111100',603,,32735,38,,,1,20,,32732,38,,,1,21,,32734,38,,,1,61,,32733,38,,,1,13,,32736,38,,,1,10,,32737,38,,,1,10,,32738,38,,,1,10,,32739,38,,,1,10,,32740,38,,,1,50,,32741,38,,,1,10,,32742,38,,,1,10,,32743,38,,,1,10,,32744,38,,,1,10,,32745,38,,,1,10,,32746,38,,,1,49,,32747,38,,,1,21,,32748,38,,,1,20,,32749,38,,,1,60,,32750,38,,,1,20,,32751,38,,,1,20,,32752,38,,,1,60,,32753,38,,,1,20,,32754,38,,,1,20,,32755,38,,,1,60,,32756,38,,,1,20,,32757,38,,,1,20,,32758,38,,,1,60,,32759,38,,,1,20,,32760,38,,,1,20,,32761,38,,,1,60,,32762,38,,,1,20,,32763,38,,,1,20,,32764,38,,,1,62,,32765,38,,,1,12,,32766,38,,,1,10,,32767,38,,,1,10,,32768,38,,,1,10,,32769,38,,,1,50,,32770,38,,,1,10,,32771,38,,,1,10,,32772,38,,,1,10,,32773,38,,,1,10,,32774,38,,,1,10,,32775,38,,,1,50,,32776,38,,,1,10,,32777,38,,,1,10,,32778,38,,,1,10,,32779,38,,,1,10,,32780,38,,,1,10,,32781,38,,,1,50,,32782,38,,,1,10,,32783,38,,,1,10,,32784,38,,,1,17,,32785,38,,,1,17,,32786,38,,,1,60,,32787,38,,,1,20,,32788,38,,,1,20,,32789,38,,,1,60,,32790,38,,,1,20,,32791,38,,,1,20,,32792,38,,,1,60,,32793,38,,,1,20,,32794,38,,,1,20,,32795,38,,,1,63,,32800,38,,,1,30,,32796,38,,,1,70,,32797,38,,,1,30,,32798,38,,,1,70,,32799,38,,,1
10801,'108-Weekday-7-26-02-1111100',603,,32804,38,,,1,20,,32801,38,,,1,21,,32803,38,,,1,61,,32802,38,,,1,13,,32805,38,,,1,10,,32806,38,,,1,10,,32807,38,,,1,10,,32808,38,,,1,10,,32809,38,,,1,50,,32810,38,,,1,10,,32811,38,,,1,10,,32812,38,,,1,10,,32813,38,,,1,10,,32814,38,,,1,10,,32815,38,,,1,49,,32816,38,,,1,21,,32817,38,,,1,20,,32818,38,,,1,60,,32819,38,,,1,20,,32820,38,,,1,20,,32821,38,,,1,60,,32822,38,,,1,20,,32823,38,,,1,20,,32824,38,,,1,60,,32825,38,,,1,20,,32826,38,,,1,20,,32827,38,,,1,60,,32828,38,,,1,20,,32829,38,,,1,20,,32830,38,,,1,60,,32831,38,,,1,20,,32832,38,,,1,20,,32833,38,,,1,62,,32834,38,,,1,12,,32835,38,,,1,10,,32836,38,,,1,10,,32837,38,,,1,10,,32838,38,,,1,50,,32839,38,,,1,10,,32840,38,,,1,10,,32841,38,,,1,10,,32842,38,,,1,10,,32843,38,,,1,10,,32844,38,,,1,50,,32845,38,,,1,10,,32846,38,,,1,10,,32847,38,,,1,10,,32848,38,,,1,10,,32849,38,,,1,10,,32850,38,,,1,50,,32851,38,,,1,10,,32852,38,,,1,10,,32853,38,,,1,17,,32854,38,,,1,17,,32855,38,,,1,60,,32856,38,,,1,20,,32857,38,,,1,20,,32858,38,,,1,60,,32859,38,,,1,20,,32860,38,,,1,20,,32861,38,,,1,60,,32862,38,,,1,20,,32863,38,,,1,20,,32864,38,,,1,63,,32869,38,,,1,30,,32865,38,,,1,70,,32866,38,,,1,30,,32867,38,,,1,70,,32868,38,,,1
10801,'108-Weekday-8-26-02-1111100',603,,32873,38,,,1,20,,32870,38,,,1,21,,32872,38,,,1,61,,32871,38,,,1,13,,32874,38,,,1,10,,32875,38,,,1,10,,32876,38,,,1,10,,32877,38,,,1,10,,32878,38,,,1,50,,32879,38,,,1,10,,32880,38,,,1,10,,32881,38,,,1,10,,32882,38,,,1,10,,32883,38,,,1,10,,32884,38,,,1,49,,32885,38,,,1,21,,32886,38,,,1,20,,32887,38,,,1,60,,32888,38,,,1,20,,32889,38,,,1,20,,32890,38,,,1,60,,32891,38,,,1,20,,32892,38,,,1,20,,32893,38,,,1,60,,32894,38,,,1,20,,32895,38,,,1,20,,32896,38,,,1,60,,32897,38,,,1,20,,32898,38,,,1,20,,32899,38,,,1,60,,32900,38,,,1,20,,32901,38,,,1,20,,32902,38,,,1,62,,32903,38,,,1,12,,32904,38,,,1,10,,32905,38,,,1,10,,32906,38,,,1,10,,32907,38,,,1,50,,32908,38,,,1,10,,32909,38,,,1,10,,32910,38,,,1,10,,32911,38,,,1,10,,32912,38,,,1,10,,32913,38,,,1,50,,32914,38,,,1,10,,32915,38,,,1,10,,32916,38,,,1,10,,32917,38,,,1,10,,32918,38,,,1,10,,32919,38,,,1,50,,32920,38,,,1,10,,32921,38,,,1,10,,32922,38,,,1,17,,32923,38,,,1,17,,32924,38,,,1,60,,32925,38,,,1,20,,32926,38,,,1,20,,32927,38,,,1,60,,32928,38,,,1,20,,32929,38,,,1,20,,32930,38,,,1,60,,32931,38,,,1,20,,32932,38,,,1,20,,32933,38,,,1,63,,32938,38,,,1,30,,32934,38,,,1,70,,32935,38,,,1,30,,32936,38,,,1,70,,32937,38,,,1
10801,'108-Weekday-9-26-02-1110100',1536,,32939,38,,,1
10801,'108-Weekday-9-26-02-1111100',603,,32943,38,,,1,20,,32940,38,,,1,21,,32942,38,,,1,61,,32941,38,,,1,13,,32944,38,,,1,10,,32945,38,,,1,10,,32946,38,,,1,10,,32947,38,,,1,10,,32948,38,,,1,50,,32949,38,,,1,10,,32950,38,,,1,10,,32951,38,,,1,10,,32952,38,,,1,10,,32953,38,,,1,10,,32954,38,,,1,49,,32955,38,,,1,21,,32956,38,,,1,20,,32957,38,,,1,60,,32958,38,,,1,20,,32959,38,,,1,20,,32960,38,,,1,60,,32961,38,,,1,20,,32962,38,,,1,20,,32963,38,,,1,60,,32964,38,,,1,20,,32965,38,,,1,20,,32966,38,,,1,60,,32967,38,,,1,20,,32968,38,,,1,20,,32969,38,,,1,60,,32970,38,,,1,20,,32971,38,,,1,20,,32972,38,,,1,62,,32973,38,,,1,12,,32974,38,,,1,10,,32975,38,,,1,10,,32976,38,,,1,10,,32977,38,,,1,50,,32978,38,,,1,10,,32979,38,,,1,10,,32980,38,,,1,10,,32981,38,,,1,10,,32982,38,,,1,10,,32983,38,,,1,50,,32984,38,,,1,10,,32985,38,,,1,10,,32986,38,,,1,10,,32987,38,,,1,10,,32988,38,,,1,10,,32989,38,,,1,50,,32990,38,,,1,10,,32991,38,,,1,10,,32992,38,,,1,17,,32993,38,,,1,17,,32994,38,,,1,60,,32995,38,,,1,20,,32996,38,,,1,20,,32997,38,,,1,60,,32998,38,,,1,20,,32999,38,,,1,20,,33000,38,,,1,60,,33001,38,,,1,20,,33002,38,,,1,20,,33003,38,,,1,63,,33008,38,,,1,30,,33004,38,,,1,70,,33005,38,,,1,30,,33006,38,,,1,70,,33007,38,,,1
10801,'108-Saturday-1-26-02-0000010',556,,33009,38,,,1,70,,33010,38,,,1,30,,33011,38,,,1,70,,33012,38,,,1,30,,33013,38,,,1,70,,33014,38,,,1,30,,33015,38,,,1,70,,33016,38,,,1,30,,33017,38,,,1,70,,33018,38,,,1,30,,33019,38,,,1,70,,33020,38,,,1,30,,33021,38,,,1,70,,33022,38,,,1,30,,33023,38,,,1,70,,33024,38,,,1,30,,33025,38,,,1,70,,33026,38,,,1,30,,33027,38,,,1,70,,33028,38,,,1,30,,33029,38,,,1,70,,33030,38,,,1,30,,33031,38,,,1,70,,33032,38,,,1,30,,33033,38,,,1,70,,33034,38,,,1,30,,33035,38,,,1,70,,33045,38,,,1,30,,33036,38,,,1,70,,33037,38,,,1,30,,33038,38,,,1,70,,33039,38,,,1,30,,33040,38,,,1,70,,33041,38,,,1,30,,33042,38,,,1,70,,33043,38,,,1,30,,33044,38,,,1
10801,'108-Sunday-1-26-02-0000001',611,,33046,38,,,1,30,,33047,38,,,1,70,,33048,38,,,1,30,,33049,38,,,1,70,,33050,38,,,1,29,,33051,38,,,1,72,,33052,38,,,1,30,,33053,38,,,1,70,,33054,38,,,1,30,,33055,38,,,1,70,,33056,38,,,1,30,,33057,38,,,1,70,,33058,38,,,1,30,,33059,38,,,1,70,,33060,38,,,1,30,,33061,38,,,1,70,,33062,38,,,1,30,,33063,38,,,1,70,,33064,38,,,1,30,,33065,38,,,1,70,,33066,38,,,1,30,,33067,38,,,1,68,,33068,38,,,1,30,,33069,38,,,1,70,,33070,38,,,1,30,,33071,38,,,1,70,,33072,38,,,1,30,,33073,38,,,1,70,,33074,38,,,1,30,,33075,38,,,1,70,,33076,38,,,1,30,,33077,38,,,1,70,,33078,38,,,1,30,,33079,38,,,1,70,,33080,38,,,1,30,,33081,38,,,1,70,,33082,38,,,1
