66801,'668-Weekday-1-26-02-0001000',1434,,61683,2,,,1,3,,61684,2,,,1
66801,'668-Weekday-1-26-02-1110100',1513,,61685,2,,,1,3,,61686,2,,,1
66801,'668-Weekday-2-26-02-0001000',1434,,61687,2,,,1,3,,61688,2,,,1
66801,'668-Weekday-2-26-02-1110100',1513,,61689,2,,,1,3,,61690,2,,,1
66801,'668-Weekday-4-26-02-1110100',1513,,61691,2,,,1,3,,61692,2,,,1
66801,'668-Weekday-5-26-02-0001000',1434,,61693,2,,,1,3,,61694,2,,,1
66801,'668-Weekday-5-26-02-1110100',1513,,61695,2,,,1,3,,61696,2,,,1
66801,'668-Weekday-9-26-02-0001000',1434,,61697,2,,,1,3,,61698,2,,,1
72701,'727-Weekday-1-26-02-0001000',1430,3,80744,1,0,35 36,1
72701,'727-Weekday-1-26-02-1111100',542,,80745,7,,,1,70,,80746,7,,,1,30,,80747,7,,,1,70,,80748,7,,,1,30,,80749,7,,,1,70,,80750,7,,,1,703,,80751,7,,,1,31,,80752,7,,,1,70,,80753,7,,,1,30,,80754,7,,,1,70,,80755,7,,,1,30,,80756,7,,,1,68,,80757,7,,,1
72701,'727-Weekday-10-26-02-0001000',1430,3,80758,1,0,35 36,1
72701,'727-Weekday-10-26-02-1111100',542,,80759,7,,,1,70,,80760,7,,,1,30,,80761,7,,,1,70,,80762,7,,,1,30,,80763,7,,,1,70,,80764,7,,,1,703,,80765,7,,,1,31,,80766,7,,,1,70,,80767,7,,,1,30,,80768,7,,,1,70,,80769,7,,,1,30,,80770,7,,,1,68,,80771,7,,,1
72701,'727-Weekday-2-26-02-0001000',1430,3,80772,1,0,35 36,1
72701,'727-Weekday-2-26-02-1111100',542,,80773,7,,,1,70,,80774,7,,,1,30,,80775,7,,,1,70,,80776,7,,,1,30,,80777,7,,,1,70,,80778,7,,,1,703,,80779,7,,,1,31,,80780,7,,,1,70,,80781,7,,,1,30,,80782,7,,,1,70,,80783,7,,,1,30,,80784,7,,,1,68,,80785,7,,,1
72701,'727-Weekday-4-26-02-1111100',542,,80786,7,,,1,70,,80787,7,,,1,30,,80788,7,,,1,70,,80789,7,,,1,30,,80790,7,,,1,70,,80791,7,,,1,703,,80792,7,,,1,31,,80793,7,,,1,70,,80794,7,,,1,30,,80795,7,,,1,70,,80796,7,,,1,30,,80797,7,,,1,68,,80798,7,,,1
72701,'727-Weekday-5-26-02-0001000',1430,3,80799,1,0,35 36,1
72701,'727-Weekday-5-26-02-1111100',542,,80800,7,,,1,70,,80801,7,,,1,30,,80802,7,,,1,70,,80803,7,,,1,30,,80804,7,,,1,70,,80805,7,,,1,703,,80806,7,,,1,31,,80807,7,,,1,70,,80808,7,,,1,30,,80809,7,,,1,70,,80810,7,,,1,30,,80811,7,,,1,68,,80812,7,,,1
72701,'727-Weekday-6-26-02-1111100',542,,80813,7,,,1,70,,80814,7,,,1,30,,80815,7,,,1,70,,80816,7,,,1,30,,80817,7,,,1,70,,80818,7,,,1,703,,80819,7,,,1,31,,80820,7,,,1,70,,80821,7,,,1,30,,80822,7,,,1,70,,80823,7,,,1,30,,80824,7,,,1,68,,80825,7,,,1
72701,'727-Weekday-7-26-02-1111100',542,,80826,7,,,1,70,,80827,7,,,1,30,,80828,7,,,1,70,,80829,7,,,1,30,,80830,7,,,1,70,,80831,7,,,1,703,,80832,7,,,1,31,,80833,7,,,1,70,,80834,7,,,1,30,,80835,7,,,1,70,,80836,7,,,1,30,,80837,7,,,1,68,,80838,7,,,1
72701,'727-Weekday-8-26-02-1111100',542,,80839,7,,,1,70,,80840,7,,,1,30,,80841,7,,,1,70,,80842,7,,,1,30,,80843,7,,,1,70,,80844,7,,,1,703,,80845,7,,,1,31,,80846,7,,,1,70,,80847,7,,,1,30,,80848,7,,,1,70,,80849,7,,,1,30,,80850,7,,,1,68,,80851,7,,,1
72701,'727-Weekday-9-26-02-1111100',542,,80852,7,,,1,70,,80853,7,,,1,30,,80854,7,,,1,70,,80855,7,,,1,30,,80856,7,,,1,70,,80857,7,,,1,703,,80858,7,,,1,31,,80859,7,,,1,70,,80860,7,,,1,30,,80861,7,,,1,70,,80862,7,,,1,30,,80863,7,,,1,68,,80864,7,,,1
