50101,'501-Weekday-1-26-02-0001000',1424,,44096,12,,,1,2,,44097,12,,,1
50101,'501-Weekday-1-26-02-1110100',1516,,44098,12,,,1
50101,'501-Weekday-1-26-02-1111100',537,,44099,12,,,1,70,,44100,12,,,1,31,,44101,12,,,1,76,,44102,12,,,1,15,,44103,12,,,1,15,,44137,12,,,1,15,,44104,12,,,1,55,,44105,12,,,1,15,,44106,12,,,1,15,,44110,12,,,1,15,,44111,12,,,1,55,,44112,12,,,1,32,,44113,12,,,1,74,,44114,12,,,1,34,,44115,12,,,1,74,,44116,12,,,1,74,,44117,12,,,1,34,,44141,12,,,1,74,,44118,12,,,1,34,,44119,12,,,1,74,,44120,12,,,1,34,,44121,12,,,1,62,,44138,12,,,1,15,,44107,12,,,1,17,,44108,12,,,1,55,,44109,12,,,1,15,,44139,12,,,1,15,,44122,12,,,1,15,,44123,12,,,1,55,,44124,12,,,1,15,,44140,12,,,1,15,,44125,12,,,1,15,,44126,12,,,1,55,,44142,12,,,1,15,,44127,12,,,1,27,,44128,12,,,1,66,,44129,12,,,1,31,,44130,12,,,1,71,,44131,12,,,1,31,,44132,12,,,1,71,,44133,12,,,1,31,,44134,12,,,1,69,,44143,12,,,1,100,,44136,12,,,1,100,,44135,12,,,1
50101,'501-Weekday-10-26-02-0001000',1424,,44144,12,,,1,2,,44145,12,,,1
50101,'501-Weekday-10-26-02-1111100',537,,44146,12,,,1,70,,44147,12,,,1,31,,44148,12,,,1,76,,44149,12,,,1,15,,44150,12,,,1,15,,44184,12,,,1,15,,44151,12,,,1,55,,44152,12,,,1,15,,44153,12,,,1,15,,44157,12,,,1,15,,44158,12,,,1,55,,44159,12,,,1,32,,44160,12,,,1,74,,44161,12,,,1,34,,44162,12,,,1,74,,44163,12,,,1,74,,44164,12,,,1,34,,44188,12,,,1,74,,44165,12,,,1,34,,44166,12,,,1,74,,44167,12,,,1,34,,44168,12,,,1,62,,44185,12,,,1,15,,44154,12,,,1,17,,44155,12,,,1,55,,44156,12,,,1,15,,44186,12,,,1,15,,44169,12,,,1,15,,44170,12,,,1,55,,44171,12,,,1,15,,44187,12,,,1,15,,44172,12,,,1,15,,44173,12,,,1,55,,44189,12,,,1,15,,44174,12,,,1,27,,44175,12,,,1,66,,44176,12,,,1,31,,44177,12,,,1,71,,44178,12,,,1,31,,44179,12,,,1,71,,44180,12,,,1,31,,44181,12,,,1,69,,44190,12,,,1,100,,44183,12,,,1,100,,44182,12,,,1
50101,'501-Weekday-4-26-02-1111100',537,,44239,12,,,1,70,,44240,12,,,1,31,,44241,12,,,1,76,,44242,12,,,1,15,,44243,12,,,1,15,,44277,12,,,1,15,,44244,12,,,1,55,,44245,12,,,1,15,,44246,12,,,1,15,,44250,12,,,1,15,,44251,12,,,1,55,,44252,12,,,1,32,,44253,12,,,1,74,,44254,12,,,1,34,,44255,12,,,1,74,,44256,12,,,1,74,,44257,12,,,1,34,,44281,12,,,1,74,,44258,12,,,1,34,,44259,12,,,1,74,,44260,12,,,1,34,,44261,12,,,1,62,,44278,12,,,1,15,,44247,12,,,1,17,,44248,12,,,1,55,,44249,12,,,1,15,,44279,12,,,1,15,,44262,12,,,1,15,,44263,12,,,1,55,,44264,12,,,1,15,,44280,12,,,1,15,,44265,12,,,1,15,,44266,12,,,1,55,,44282,12,,,1,15,,44267,12,,,1,27,,44268,12,,,1,66,,44269,12,,,1,31,,44270,12,,,1,71,,44271,12,,,1,31,,44272,12,,,1,71,,44273,12,,,1,31,,44274,12,,,1,69,,44283,12,,,1,100,,44276,12,,,1,100,,44275,12,,,1
50101,'501-Weekday-5-26-02-0001000',1424,,44284,12,,,1,2,,44285,12,,,1
50101,'501-Weekday-5-26-02-1110100',1516,,44286,12,,,1
50101,'501-Weekday-5-26-02-1111100',537,,44287,12,,,1,70,,44288,12,,,1,31,,44289,12,,,1,76,,44290,12,,,1,15,,44291,12,,,1,15,,44325,12,,,1,15,,44292,12,,,1,55,,44293,12,,,1,15,,44294,12,,,1,15,,44298,12,,,1,15,,44299,12,,,1,55,,44300,12,,,1,32,,44301,12,,,1,74,,44302,12,,,1,34,,44303,12,,,1,74,,44304,12,,,1,74,,44305,12,,,1,34,,44329,12,,,1,74,,44306,12,,,1,34,,44307,12,,,1,74,,44308,12,,,1,34,,44309,12,,,1,62,,44326,12,,,1,15,,44295,12,,,1,17,,44296,12,,,1,55,,44297,12,,,1,15,,44327,12,,,1,15,,44310,12,,,1,15,,44311,12,,,1,55,,44312,12,,,1,15,,44328,12,,,1,15,,44313,12,,,1,15,,44314,12,,,1,55,,44330,12,,,1,15,,44315,12,,,1,27,,44316,12,,,1,66,,44317,12,,,1,31,,44318,12,,,1,71,,44319,12,,,1,31,,44320,12,,,1,71,,44321,12,,,1,31,,44322,12,,,1,69,,44331,12,,,1,100,,44324,12,,,1,100,,44323,12,,,1
50101,'501-Weekday-7-26-02-1111100',537,,44377,12,,,1,70,,44378,12,,,1,31,,44379,12,,,1,76,,44380,12,,,1,15,,44381,12,,,1,15,,44415,12,,,1,15,,44382,12,,,1,55,,44383,12,,,1,15,,44384,12,,,1,15,,44388,12,,,1,15,,44389,12,,,1,55,,44390,12,,,1,32,,44391,12,,,1,74,,44392,12,,,1,34,,44393,12,,,1,74,,44394,12,,,1,74,,44395,12,,,1,34,,44419,12,,,1,74,,44396,12,,,1,34,,44397,12,,,1,74,,44398,12,,,1,34,,44399,12,,,1,62,,44416,12,,,1,15,,44385,12,,,1,17,,44386,12,,,1,55,,44387,12,,,1,15,,44417,12,,,1,15,,44400,12,,,1,15,,44401,12,,,1,55,,44402,12,,,1,15,,44418,12,,,1,15,,44403,12,,,1,15,,44404,12,,,1,55,,44420,12,,,1,15,,44405,12,,,1,27,,44406,12,,,1,66,,44407,12,,,1,31,,44408,12,,,1,71,,44409,12,,,1,31,,44410,12,,,1,71,,44411,12,,,1,31,,44412,12,,,1,69,,44421,12,,,1,100,,44414,12,,,1,100,,44413,12,,,1
50101,'501-Saturday-1-26-02-0000010',605,,44538,12,,,1,30,,44535,12,,,1,70,,44536,12,,,1,30,,44537,12,,,1,70,,44513,12,,,1,30,,44514,12,,,1,71,,44515,12,,,1,32,,44516,12,,,1,72,,44517,12,,,1,32,,44518,12,,,1,72,,44519,12,,,1,32,,44520,12,,,1,72,,44521,12,,,1,32,,44522,12,,,1,72,,44523,12,,,1,32,,44524,12,,,1,72,,44525,12,,,1,32,,44526,12,,,1,72,,44527,12,,,1,72,,44528,12,,,1,32,,44529,12,,,1,72,,44530,12,,,1,32,,44531,12,,,1,72,,44533,12,,,1,32,,44532,12,,,1,72,,44534,12,,,1
50101,'501-Sunday-1-26-02-0000001',614,,44539,12,,,1,30,,44540,12,,,1,70,,44541,12,,,1,30,,44542,12,,,1,70,,44543,12,,,1,30,,44544,12,,,1,69,,44545,12,,,1,32,,44546,12,,,1,70,,44547,12,,,1,30,,44548,12,,,1,70,,44549,12,,,1,30,,44550,12,,,1,70,,44551,12,,,1,30,,44552,12,,,1,70,,44553,12,,,1,30,,44554,12,,,1,70,,44555,12,,,1,30,,44556,12,,,1,70,,44557,12,,,1,30,,44558,12,,,1,70,,44559,12,,,1,30,,44560,12,,,1,70,,44561,12,,,1,30,,44562,12,,,1,70,,44563,12,,,1,30,,44564,12,,,1,70,,44565,12,,,1
