71300,'713-Weekday-1-26-06-1111100',536,,180146,1,,,1,70,,180147,1,,,1,20,,180148,1,,,1,21,,180149,1,,,1,60,,180150,1,,,1,20,,180151,1,,,1,20,,180153,1,,,1,60,,180152,1,,,1,20,,180154,1,,,1,20,,180155,1,,,1,59,,180156,1,,,1,30,,180157,1,,,1,70,,180158,1,,,1,30,,180159,1,,,1,70,,180160,1,,,1,30,,180161,1,,,1,70,,180162,1,,,1,30,,180163,1,,,1,70,,180164,1,,,1,30,,180165,1,,,1,70,,180166,1,,,1,30,,180167,1,,,1,71,,180168,1,,,1,20,,180169,1,,,1,20,,180170,1,,,1,60,,180171,1,,,1,20,,180172,1,,,1,20,,180173,1,,,1,60,,180174,1,,,1,20,,180175,1,,,1,20,,180176,1,,,1,60,,180177,1,,,1,29,,180178,1,,,1,70,,180179,1,,,1,30,,180180,1,,,1,70,,180181,1,,,1,30,,180182,1,,,1,70,,180183,1,,,1,30,,180184,1,,,1,69,,180185,1,,,1
71300,'713-Weekday-2-26-06-1111100',536,,198561,1,,,1,70,,198562,1,,,1,20,,198563,1,,,1,21,,198564,1,,,1,60,,198565,1,,,1,20,,198566,1,,,1,20,,198568,1,,,1,60,,198567,1,,,1,20,,198569,1,,,1,20,,198570,1,,,1,59,,198571,1,,,1,30,,198572,1,,,1,70,,198573,1,,,1,30,,198574,1,,,1,70,,198575,1,,,1,30,,198576,1,,,1,70,,198577,1,,,1,30,,198578,1,,,1,70,,198579,1,,,1,30,,198580,1,,,1,70,,198581,1,,,1,30,,198582,1,,,1,71,,198583,1,,,1,20,,198584,1,,,1,20,,198585,1,,,1,60,,198586,1,,,1,20,,198587,1,,,1,20,,198588,1,,,1,60,,198589,1,,,1,20,,198590,1,,,1,20,,198591,1,,,1,60,,198592,1,,,1,29,,198593,1,,,1,70,,198594,1,,,1,30,,198595,1,,,1,70,,198596,1,,,1,30,,198597,1,,,1,70,,198598,1,,,1,30,,198599,1,,,1,69,,198600,1,,,1
71300,'713-Saturday-1-26-06-0000010',807,,180186,1,,,1,30,,180187,1,,,1,71,,180188,1,,,1,30,,180189,1,,,1,70,,180190,1,,,1,30,,180191,1,,,1,70,,180192,1,,,1,30,,180193,1,,,1,70,,180194,1,,,1,30,,180195,1,,,1,70,,180196,1,,,1,30,,180197,1,,,1,70,,180198,1,,,1,30,,180199,1,,,1,70,,180200,1,,,1,30,,180201,1,,,1,70,,180202,1,,,1,30,,180203,1,,,1,69,,180204,1,,,1,30,,180205,1,,,1,70,,180206,1,,,1,30,,180207,1,,,1,70,,180208,1,,,1,100,,180209,1,,,1,100,,180210,1,,,1,100,,180211,1,,,1
71300,'713-Sunday-1-26-06-0000001',804,,180212,1,,,1,101,,180213,1,,,1,100,,180214,1,,,1,48,,180215,1,,,1,70,,180216,1,,,1,30,,180217,1,,,1,70,,180218,1,,,1,30,,180219,1,,,1,70,,180220,1,,,1,30,,180221,1,,,1,70,,180222,1,,,1,30,,180223,1,,,1,70,,180224,1,,,1,30,,180225,1,,,1,70,,180226,1,,,1,30,,180227,1,,,1,71,,180228,1,,,1,30,,180229,1,,,1,70,,180230,1,,,1,30,,180231,1,,,1
71300,'713-Sunday-2-26-06-0000001',804,,198601,1,,,1,101,,198602,1,,,1,100,,198603,1,,,1,48,,198604,1,,,1,70,,198605,1,,,1,30,,198606,1,,,1,70,,198607,1,,,1,30,,198608,1,,,1,70,,198609,1,,,1,30,,198610,1,,,1,70,,198611,1,,,1,30,,198612,1,,,1,70,,198613,1,,,1,30,,198614,1,,,1,70,,198615,1,,,1,30,,198616,1,,,1,71,,198617,1,,,1,30,,198618,1,,,1,70,,198619,1,,,1,30,,198620,1,,,1
71301,'713-Weekday-1-26-06-1111100',536,,180232,6,4,,1,70,,180233,6,4,,1,20,,180234,6,4,,1,21,,180235,6,4,,1,60,,180236,6,4,,1,20,,180237,6,4,,1,20,,180238,6,4,,1,60,,180239,6,4,,1,20,,180240,6,4,,1,20,,180271,6,4,,1,59,,180241,6,4,,1,30,,180242,6,4,,1,70,,180243,6,4,,1,30,,180244,6,4,,1,70,,180245,6,4,,1,30,,180246,6,4,,1,70,,180247,6,4,,1,30,,180248,6,4,,1,70,,180249,6,4,,1,30,,180250,6,4,,1,70,,180251,6,4,,1,30,,180252,6,4,,1,71,,180253,6,4,,1,20,,180254,6,4,,1,20,,180255,6,4,,1,60,,180256,6,4,,1,20,,180257,6,4,,1,20,,180258,6,4,,1,60,,180259,6,4,,1,20,,180260,6,4,,1,20,,180261,6,4,,1,60,,180262,6,4,,1,29,,180263,6,4,,1,70,,180264,6,4,,1,30,,180265,6,4,,1,70,,180266,6,4,,1,30,,180267,6,4,,1,70,,180268,6,4,,1,30,,180269,6,4,,1,69,,180270,6,4,,1
71301,'713-Weekday-2-26-06-1111100',536,,198621,6,4,,1,70,,198622,6,4,,1,20,,198623,6,4,,1,21,,198624,6,4,,1,60,,198625,6,4,,1,20,,198626,6,4,,1,20,,198627,6,4,,1,60,,198628,6,4,,1,20,,198629,6,4,,1,20,,198660,6,4,,1,59,,198630,6,4,,1,30,,198631,6,4,,1,70,,198632,6,4,,1,30,,198633,6,4,,1,70,,198634,6,4,,1,30,,198635,6,4,,1,70,,198636,6,4,,1,30,,198637,6,4,,1,70,,198638,6,4,,1,30,,198639,6,4,,1,70,,198640,6,4,,1,30,,198641,6,4,,1,71,,198642,6,4,,1,20,,198643,6,4,,1,20,,198644,6,4,,1,60,,198645,6,4,,1,20,,198646,6,4,,1,20,,198647,6,4,,1,60,,198648,6,4,,1,20,,198649,6,4,,1,20,,198650,6,4,,1,60,,198651,6,4,,1,29,,198652,6,4,,1,70,,198653,6,4,,1,30,,198654,6,4,,1,70,,198655,6,4,,1,30,,198656,6,4,,1,70,,198657,6,4,,1,30,,198658,6,4,,1,69,,198659,6,4,,1
71301,'713-Saturday-1-26-06-0000010',807,,180272,6,4,,1,30,,180273,6,4,,1,71,,180274,6,4,,1,30,,180275,6,4,,1,70,,180276,6,4,,1,30,,180277,6,4,,1,70,,180278,6,4,,1,30,,180279,6,4,,1,70,,180280,6,4,,1,30,,180281,6,4,,1,70,,180282,6,4,,1,30,,180283,6,4,,1,70,,180284,6,4,,1,30,,180285,6,4,,1,70,,180286,6,4,,1,30,,180287,6,4,,1,70,,180288,6,4,,1,30,,180289,6,4,,1,69,,180290,6,4,,1,30,,180291,6,4,,1,70,,180292,6,4,,1,30,,180293,6,4,,1,70,,180294,6,4,,1,100,,180295,6,4,,1,100,,180296,6,4,,1,100,,180297,6,4,,1
71301,'713-Sunday-1-26-06-0000001',804,,180298,6,4,,1,101,,180299,6,4,,1,100,,180300,6,4,,1,48,,180317,6,4,,1,70,,180301,6,4,,1,30,,180302,6,4,,1,70,,180303,6,4,,1,30,,180304,6,4,,1,70,,180305,6,4,,1,30,,180306,6,4,,1,70,,180307,6,4,,1,30,,180308,6,4,,1,70,,180309,6,4,,1,30,,180310,6,4,,1,70,,180311,6,4,,1,30,,180312,6,4,,1,71,,180313,6,4,,1,30,,180314,6,4,,1,70,,180315,6,4,,1,30,,180316,6,4,,1
71301,'713-Sunday-2-26-06-0000001',804,,198661,6,4,,1,101,,198662,6,4,,1,100,,198663,6,4,,1,48,,198680,6,4,,1,70,,198664,6,4,,1,30,,198665,6,4,,1,70,,198666,6,4,,1,30,,198667,6,4,,1,70,,198668,6,4,,1,30,,198669,6,4,,1,70,,198670,6,4,,1,30,,198671,6,4,,1,70,,198672,6,4,,1,30,,198673,6,4,,1,70,,198674,6,4,,1,30,,198675,6,4,,1,71,,198676,6,4,,1,30,,198677,6,4,,1,70,,198678,6,4,,1,30,,198679,6,4,,1
