50800,'508-Weekday-1-26-04-1111100',530,,126342,2,,,1,70,,126343,2,,,1,30,,126347,2,,,1,70,,126369,2,,,1,25,,126344,2,,,1,20,,126366,2,,,1,60,,126345,2,,,1,20,,126346,2,,,1,18,,126377,2,,,1,72,,126348,2,,,1,30,,126349,2,,,1,70,,126350,2,,,1,30,,126351,2,,,1,70,,126352,2,,,1,30,,126353,2,,,1,70,,126354,2,,,1,30,,126355,2,,,1,70,,126356,2,,,1,30,,126357,2,,,1,70,,126358,2,,,1,30,,126359,2,,,1,65,,126360,2,,,1,20,,126367,2,,,1,20,,126361,2,,,1,60,,126362,2,,,1,20,,126363,2,,,1,20,,126364,2,,,1,60,,126365,2,,,1,20,,126379,2,,,1,70,,126378,2,,,1,29,,126370,2,,,1,30,,126371,2,,,1,70,,126372,2,,,1,30,,126373,2,,,1,71,,126374,2,,,1,70,,126375,2,,,1,30,,126376,2,,,1,70,,126368,2,,,1
50800,'508-Saturday-1-26-04-0000010',634,,126456,2,,,1,100,,126457,2,,,1,100,,126458,2,,,1,70,,126459,2,,,1,30,,126460,2,,,1,70,,126461,2,,,1,30,,126462,2,,,1,70,,126463,2,,,1,30,,126464,2,,,1,70,,126465,2,,,1,30,,126466,2,,,1,70,,126467,2,,,1,30,,126468,2,,,1,70,,126469,2,,,1,30,,126470,2,,,1,70,,126471,2,,,1,30,,126472,2,,,1,70,,126473,2,,,1,30,,126474,2,,,1,70,,126475,2,,,1,30,,126476,2,,,1,70,,126477,2,,,1,30,,126478,2,,,1,70,,126479,2,,,1
50800,'508-Sunday-1-26-04-0000001',1036,,126480,2,,,1,70,,126481,2,,,1,30,,126482,2,,,1,70,,126483,2,,,1,30,,126484,2,,,1,70,,126485,2,,,1,30,,126486,2,,,1,70,,126487,2,,,1,30,,126488,2,,,1,70,,126489,2,,,1,30,,126490,2,,,1,70,,126491,2,,,1,30,,126492,2,,,1,70,,126493,2,,,1,30,,126494,2,,,1,70,,126495,2,,,1,30,,126496,2,,,1
50900,'509-Weekday-1-26-04-1111000',807,,126656,2,,,1
50900,'509-Weekday-1-26-04-1111100',507,,126657,2,,,1,30,,126658,2,,,1,70,,126659,2,,,1,30,,126660,2,,,1,71,,126661,2,,,1,15,,126662,2,,,1,15,,126697,2,,,1,15,,126663,2,,,1,55,,126664,2,,,1,15,,126665,2,,,1,18,,126666,2,,,1,60,,126667,2,,,1,20,,126668,2,,,1,20,,126669,2,,,1,60,,126670,2,,,1,20,,126671,2,,,1,20,,126672,2,,,1,60,,126673,2,,,1,20,,126674,2,,,1,20,,126675,2,,,1,60,,126676,2,,,1,20,,126677,2,,,1,20,,126678,2,,,1,60,,126679,2,,,1,20,,126680,2,,,1,20,,126681,2,,,1,60,,126682,2,,,1,20,,126683,2,,,1,20,,126684,2,,,1,15,,126709,2,,,1,52,,126708,2,,,1,3,,126698,2,,,1,15,,126699,2,,,1,15,,126700,2,,,1,15,,126701,2,,,1,55,,126702,2,,,1,15,,126703,2,,,1,15,,126704,2,,,1,15,,126705,2,,,1,55,,126706,2,,,1,15,,126707,2,,,1,24,,126696,2,,,1,70,,126685,2,,,1,30,,126686,2,,,1,70,,126687,2,,,1,30,,126688,2,,,1,70,,126689,2,,,1,30,,126690,2,,,1,70,,126691,2,,,1,30,,126692,2,,,1,85,,126693,2,,,1,85,,126694,2,,,1,85,,126695,2,,,1
50900,'509-Saturday-1-26-04-0000010',629,,126817,2,,,1,85,,126818,2,,,1,36,,126819,2,,,1,70,,126820,2,,,1,30,,126821,2,,,1,70,,126822,2,,,1,30,,126823,2,,,1,70,,126824,2,,,1,30,,126825,2,,,1,70,,126826,2,,,1,30,,126827,2,,,1,70,,126828,2,,,1,30,,126829,2,,,1,70,,126830,2,,,1,30,,126831,2,,,1,70,,126832,2,,,1,30,,126833,2,,,1,70,,126834,2,,,1,30,,126835,2,,,1,70,,126836,2,,,1,30,,126837,2,,,1,70,,126838,2,,,1,30,,126839,2,,,1,70,,126840,2,,,1,30,,126841,2,,,1,70,,126842,2,,,1,92,,126843,2,,,1,45,,126844,2,,,1,85,,126845,2,,,1,85,,126846,2,,,1,85,,126847,2,,,1,45,,126848,2,,,1,85,,126849,2,,,1
50900,'509-Sunday-1-26-04-0000001',600,,126850,2,,,1,43,,126851,2,,,1,84,,126852,2,,,1,84,,126853,2,,,1,44,,126854,2,,,1,84,,126855,2,,,1,77,,126880,2,,,1,30,,126856,2,,,1,70,,126857,2,,,1,30,,126858,2,,,1,70,,126859,2,,,1,30,,126860,2,,,1,70,,126861,2,,,1,30,,126862,2,,,1,70,,126863,2,,,1,30,,126864,2,,,1,70,,126865,2,,,1,30,,126866,2,,,1,70,,126867,2,,,1,30,,126868,2,,,1,70,,126869,2,,,1,30,,126870,2,,,1,70,,126871,2,,,1,30,,126872,2,,,1,66,,126874,2,,,1,39,,126875,2,,,1,85,,126876,2,,,1,85,,126873,2,,,1,85,,126877,2,,,1,45,,126878,2,,,1,85,,126879,2,,,1
50901,'509-Weekday-1-26-04-1111000',800,,126881,2,,,1
50901,'509-Weekday-1-26-04-1111100',522,,126883,2,,,1,30,,126884,2,,,1,70,,126885,2,,,1,24,,126933,2,,,1,55,,126934,2,,,1,15,,126886,2,,,1,15,,126887,2,,,1,15,,126928,2,,,1,55,,126888,2,,,1,15,,126889,2,,,1,15,,126927,2,,,1,20,,126890,2,,,1,60,,126891,2,,,1,20,,126892,2,,,1,20,,126893,2,,,1,60,,126894,2,,,1,20,,126895,2,,,1,20,,126896,2,,,1,60,,126897,2,,,1,20,,126898,2,,,1,20,,126899,2,,,1,60,,126900,2,,,1,20,,126901,2,,,1,20,,126902,2,,,1,60,,126903,2,,,1,20,,126904,2,,,1,20,,126905,2,,,1,60,,126906,2,,,1,20,,126907,2,,,1,20,,126908,2,,,1,52,,126929,2,,,1,3,,126932,2,,,1,12,,126909,2,,,1,15,,126910,2,,,1,15,,126911,2,,,1,55,,126930,2,,,1,15,,126912,2,,,1,15,,126913,2,,,1,15,,126914,2,,,1,55,,126931,2,,,1,15,,126915,2,,,1,15,,126916,2,,,1,72,,126917,2,,,1,30,,126918,2,,,1,70,,126919,2,,,1,30,,126920,2,,,1,70,,126921,2,,,1,30,,126922,2,,,1,70,,126923,2,,,1,30,,126924,2,,,1,77,,126925,2,,,1,45,,126926,2,,,1,85,,126882,2,,,1
50901,'509-Saturday-1-26-04-0000010',609,,127040,2,,,1,45,,127041,2,,,1,82,,127042,2,,,1,69,,127043,2,,,1,30,,127044,2,,,1,70,,127045,2,,,1,30,,127046,2,,,1,70,,127047,2,,,1,30,,127048,2,,,1,70,,127049,2,,,1,30,,127050,2,,,1,70,,127051,2,,,1,30,,127052,2,,,1,70,,127053,2,,,1,30,,127054,2,,,1,70,,127055,2,,,1,30,,127056,2,,,1,70,,127057,2,,,1,30,,127058,2,,,1,70,,127059,2,,,1,30,,127061,2,,,1,70,,127062,2,,,1,30,,127063,2,,,1,70,,127060,2,,,1,30,,127064,2,,,1,70,,127065,2,,,1,45,,127066,2,,,1,85,,127067,2,,,1,85,,127068,2,,,1,85,,127069,2,,,1,45,,127070,2,,,1,85,,127071,2,,,1,80,,127072,2,,,1
50901,'509-Sunday-1-26-04-0000001',621,,127073,2,,,1,84,,127074,2,,,1,44,,127075,2,,,1,84,,127076,2,,,1,84,,127077,2,,,1,83,,127078,2,,,1,30,,127079,2,,,1,71,,127080,2,,,1,30,,127081,2,,,1,70,,127082,2,,,1,30,,127083,2,,,1,70,,127084,2,,,1,30,,127085,2,,,1,70,,127086,2,,,1,30,,127087,2,,,1,70,,127088,2,,,1,30,,127090,2,,,1,70,,127091,2,,,1,30,,127092,2,,,1,71,,127089,2,,,1,29,,127093,2,,,1,69,,127094,2,,,1,29,,127095,2,,,1,74,,127096,2,,,1,30,,127097,2,,,1,80,,127098,2,,,1,45,,127099,2,,,1,85,,127100,2,,,1,85,,127101,2,,,1,85,,127102,2,,,1
51200,'512-Weekday-1-26-04-1111100',600,,127143,2,,,1,30,,127147,2,,,1,20,,127148,2,,,1,60,,127144,2,,,1,20,,127145,2,,,1,20,,127146,2,,,1,70,,127149,2,,,1,30,,127150,2,,,1,70,,127151,2,,,1,30,,127152,2,,,1,70,,127153,2,,,1,30,,127154,2,,,1,70,,127155,2,,,1,30,,127156,2,,,1,70,,127157,2,,,1,30,,127158,2,,,1,70,,127159,2,,,1,30,,127160,2,,,1,70,,127161,2,,,1,30,,127162,2,,,1,60,,127163,2,,,1,20,,127164,2,,,1,20,,127165,2,,,1,60,,127166,2,,,1,20,,127167,2,,,1,20,,127168,2,,,1,70,,127169,2,,,1,30,,127170,2,,,1,70,,127171,2,,,1,30,,127172,2,,,1,70,,127173,2,,,1,30,,127174,2,,,1,70,,127175,2,,,1,30,,127176,2,,,1,70,,127177,2,,,1,30,,127178,2,,,1,100,,127179,2,,,1,100,,127180,2,,,1
51200,'512-Saturday-1-26-04-0000010',559,,127257,2,,,1,100,,127258,2,,,1,100,,127259,2,,,1,70,,127260,2,,,1,30,,127261,2,,,1,70,,127262,2,,,1,30,,127263,2,,,1,70,,127264,2,,,1,30,,127265,2,,,1,70,,127266,2,,,1,30,,127267,2,,,1,70,,127268,2,,,1,30,,127269,2,,,1,70,,127270,2,,,1,30,,127271,2,,,1,70,,127272,2,,,1,30,,127273,2,,,1,70,,127274,2,,,1,30,,127275,2,,,1,70,,127276,2,,,1,30,,127277,2,,,1,70,,127278,2,,,1,30,,127279,2,,,1,70,,127280,2,,,1,30,,127281,2,,,1,100,,127282,2,,,1,100,,127283,2,,,1,100,,127284,2,,,1,100,,127285,2,,,1,100,,127286,2,,,1
51200,'512-Sunday-1-26-04-0000001',600,,127287,2,,,1,45,,127310,2,,,1,85,,127288,2,,,1,85,,127289,2,,,1,85,,127290,2,,,1,40,,127291,2,,,1,65,,127316,2,,,1,30,,127292,2,,,1,70,,127293,2,,,1,30,,127294,2,,,1,70,,127295,2,,,1,30,,127296,2,,,1,70,,127297,2,,,1,30,,127298,2,,,1,70,,127299,2,,,1,30,,127300,2,,,1,70,,127301,2,,,1,30,,127302,2,,,1,70,,127303,2,,,1,30,,127304,2,,,1,70,,127305,2,,,1,30,,127306,2,,,1,70,,127307,2,,,1,30,,127308,2,,,1,70,,127309,2,,,1,100,,127311,2,,,1,100,,127312,2,,,1,100,,127313,2,,,1,100,,127314,2,,,1,100,,127315,2,,,1
52701,'527-Weekday-1-26-04-1111100',536,,131283,2,,,1,70,,131284,2,,,1,30,,131285,2,,,1,70,,131286,2,,,1,20,,131287,2,,,1,20,,131288,2,,,1,60,,131289,2,,,1,20,,131290,2,,,1,20,,131291,2,,,1,60,,131292,2,,,1,30,,131293,2,,,1,70,,131294,2,,,1,30,,131295,2,,,1,70,,131296,2,,,1,30,,131297,2,,,1,70,,131298,2,,,1,30,,131299,2,,,1,70,,131300,2,,,1,30,,131301,2,,,1,70,,131302,2,,,1,30,,131303,2,,,1,70,,131304,2,,,1,20,,131305,2,,,1,20,,131306,2,,,1,60,,131307,2,,,1,20,,131308,2,,,1,20,,131309,2,,,1,60,,131310,2,,,1,20,,131311,2,,,1,20,,131312,2,,,1,60,,131313,2,,,1,30,,131314,2,,,1,70,,131315,2,,,1,30,,131316,2,,,1,70,,131317,2,,,1,30,,131318,2,,,1,70,,131319,2,,,1,30,,131320,2,,,1
52701,'527-Saturday-1-26-04-0000010',612,,131400,2,,,1,100,,131401,2,,,1,100,,131402,2,,,1,30,,131403,2,,,1,70,,131404,2,,,1,30,,131405,2,,,1,70,,131406,2,,,1,30,,131407,2,,,1,70,,131408,2,,,1,30,,131409,2,,,1,70,,131410,2,,,1,30,,131411,2,,,1,70,,131412,2,,,1,30,,131413,2,,,1,70,,131414,2,,,1,30,,131415,2,,,1,70,,131416,2,,,1,30,,131417,2,,,1,70,,131418,2,,,1,30,,131419,2,,,1,70,,131420,2,,,1,30,,131421,2,,,1,70,,131422,2,,,1,30,,131423,2,,,1
52701,'527-Sunday-1-26-04-0000001',1016,,131424,2,,,1,30,,131425,2,,,1,70,,131426,2,,,1,30,,131427,2,,,1,70,,131428,2,,,1,30,,131429,2,,,1,70,,131430,2,,,1,30,,131431,2,,,1,70,,131432,2,,,1,30,,131433,2,,,1,70,,131434,2,,,1,30,,131435,2,,,1,70,,131436,2,,,1,30,,131437,2,,,1,70,,131438,2,,,1,30,,131439,2,,,1,70,,131440,2,,,1,30,,131441,2,,,1
