61000,'610-Weekday-7-26-04-0001000',1245,,156383,24,,,1,2,,156382,24,,,1,203,,156384,24,,,1,5,,156385,24,,,1
61000,'610-Weekday-7-26-04-1110100',1541,,156386,24,,,1,4,,156387,24,,,1,6,,156388,24,,,1,5,,156389,24,,,1
61001,'610-Weekday-7-26-04-1111100',710,,156390,2,,,1,4,,156391,2,,,1,6,,156392,2,,,1,81,,156393,2,,,1,6,,156394,2,,,1,5,,156395,2,,,1
61100,'611-Weekday-7-26-04-0001000',1209,,156396,11,,,1,5,,156397,11,,,1
61100,'611-Weekday-7-26-04-1110100',1515,,156398,11,,,1,5,,156399,11,,,1
61101,'611-Weekday-7-26-04-1111100',719,,156400,2,,,1,11,,156401,2,,,1
61600,'616-Weekday-7-26-04-0001000',1426,,156423,13,,,1,4,,156424,13,,,1
61600,'616-Weekday-7-26-04-1110100',1525,,156426,13,,,1,4,,156425,13,,,1
61601,'616-Weekday-7-26-04-1111100',750,,156427,2,,,1,50,,156428,2,,,1
68400,'684-Weekday-7-26-04-0001000',1321,,156702,38,,,1
68400,'684-Weekday-7-26-04-1110100',1634,,156705,38,,,1
68400,'684-Weekday-7-26-04-1111100',1606,,156708,43,,,1
68401,'684-Weekday-7-26-04-1111100',729,,156709,2,,,1
