11800,'118-Weekday-1-26-02-1111100',506,,38948,19,,,1,30,,38949,19,,,1,70,,38950,19,,,1,31,,38951,19,,,1,15,,38952,19,,,1,55,,38985,19,,,1,15,,38953,19,,,1,15,,38954,19,,,1,15,,38955,19,,,1,55,,38986,19,,,1,15,,38956,19,,,1,15,,38957,19,,,1,70,,38958,19,,,1,30,,38959,19,,,1,70,,38960,19,,,1,30,,38961,19,,,1,70,,38962,19,,,1,30,,38963,19,,,1,70,,38964,19,,,1,30,,38965,19,,,1,70,,38966,19,,,1,30,,38967,19,,,1,70,,38968,19,,,1,30,,38969,19,,,1,71,,38970,19,,,1,30,,38971,19,,,1,20,,38972,19,,,1,60,,38987,19,,,1,20,,38973,19,,,1,20,,38974,19,,,1,60,,38988,19,,,1,20,,38975,19,,,1,70,,38976,19,,,1,29,,38977,19,,,1,70,,38978,19,,,1,30,,38979,19,,,1,70,,38980,19,,,1,30,,38981,19,,,1,70,,38982,19,,,1,30,,38983,19,,,1,70,,38984,19,,,1
11800,'118-Weekday-10-26-02-1111100',506,,38989,19,,,1,30,,38990,19,,,1,70,,38991,19,,,1,31,,38992,19,,,1,15,,38993,19,,,1,55,,39026,19,,,1,15,,38994,19,,,1,15,,38995,19,,,1,15,,38996,19,,,1,55,,39027,19,,,1,15,,38997,19,,,1,15,,38998,19,,,1,70,,38999,19,,,1,30,,39000,19,,,1,70,,39001,19,,,1,30,,39002,19,,,1,70,,39003,19,,,1,30,,39004,19,,,1,70,,39005,19,,,1,30,,39006,19,,,1,70,,39007,19,,,1,30,,39008,19,,,1,70,,39009,19,,,1,30,,39010,19,,,1,71,,39011,19,,,1,30,,39012,19,,,1,20,,39013,19,,,1,60,,39028,19,,,1,20,,39014,19,,,1,20,,39015,19,,,1,60,,39029,19,,,1,20,,39016,19,,,1,70,,39017,19,,,1,29,,39018,19,,,1,70,,39019,19,,,1,30,,39020,19,,,1,70,,39021,19,,,1,30,,39022,19,,,1,70,,39023,19,,,1,30,,39024,19,,,1,70,,39025,19,,,1
11800,'118-Weekday-4-26-02-1111100',506,,39071,19,,,1,30,,39072,19,,,1,70,,39073,19,,,1,31,,39074,19,,,1,15,,39075,19,,,1,55,,39108,19,,,1,15,,39076,19,,,1,15,,39077,19,,,1,15,,39078,19,,,1,55,,39109,19,,,1,15,,39079,19,,,1,15,,39080,19,,,1,70,,39081,19,,,1,30,,39082,19,,,1,70,,39083,19,,,1,30,,39084,19,,,1,70,,39085,19,,,1,30,,39086,19,,,1,70,,39087,19,,,1,30,,39088,19,,,1,70,,39089,19,,,1,30,,39090,19,,,1,70,,39091,19,,,1,30,,39092,19,,,1,71,,39093,19,,,1,30,,39094,19,,,1,20,,39095,19,,,1,60,,39110,19,,,1,20,,39096,19,,,1,20,,39097,19,,,1,60,,39111,19,,,1,20,,39098,19,,,1,70,,39099,19,,,1,29,,39100,19,,,1,70,,39101,19,,,1,30,,39102,19,,,1,70,,39103,19,,,1,30,,39104,19,,,1,70,,39105,19,,,1,30,,39106,19,,,1,70,,39107,19,,,1
11800,'118-Weekday-5-26-02-1111100',506,,39112,19,,,1,30,,39113,19,,,1,70,,39114,19,,,1,31,,39115,19,,,1,15,,39116,19,,,1,55,,39149,19,,,1,15,,39117,19,,,1,15,,39118,19,,,1,15,,39119,19,,,1,55,,39150,19,,,1,15,,39120,19,,,1,15,,39121,19,,,1,70,,39122,19,,,1,30,,39123,19,,,1,70,,39124,19,,,1,30,,39125,19,,,1,70,,39126,19,,,1,30,,39127,19,,,1,70,,39128,19,,,1,30,,39129,19,,,1,70,,39130,19,,,1,30,,39131,19,,,1,70,,39132,19,,,1,30,,39133,19,,,1,71,,39134,19,,,1,30,,39135,19,,,1,20,,39136,19,,,1,60,,39151,19,,,1,20,,39137,19,,,1,20,,39138,19,,,1,60,,39152,19,,,1,20,,39139,19,,,1,70,,39140,19,,,1,29,,39141,19,,,1,70,,39142,19,,,1,30,,39143,19,,,1,70,,39144,19,,,1,30,,39145,19,,,1,70,,39146,19,,,1,30,,39147,19,,,1,70,,39148,19,,,1
11800,'118-Weekday-6-26-02-1111100',506,,39153,19,,,1,30,,39154,19,,,1,70,,39155,19,,,1,31,,39156,19,,,1,15,,39157,19,,,1,55,,39190,19,,,1,15,,39158,19,,,1,15,,39159,19,,,1,15,,39160,19,,,1,55,,39191,19,,,1,15,,39161,19,,,1,15,,39162,19,,,1,70,,39163,19,,,1,30,,39164,19,,,1,70,,39165,19,,,1,30,,39166,19,,,1,70,,39167,19,,,1,30,,39168,19,,,1,70,,39169,19,,,1,30,,39170,19,,,1,70,,39171,19,,,1,30,,39172,19,,,1,70,,39173,19,,,1,30,,39174,19,,,1,71,,39175,19,,,1,30,,39176,19,,,1,20,,39177,19,,,1,60,,39192,19,,,1,20,,39178,19,,,1,20,,39179,19,,,1,60,,39193,19,,,1,20,,39180,19,,,1,70,,39181,19,,,1,29,,39182,19,,,1,70,,39183,19,,,1,30,,39184,19,,,1,70,,39185,19,,,1,30,,39186,19,,,1,70,,39187,19,,,1,30,,39188,19,,,1,70,,39189,19,,,1
11800,'118-Weekday-7-26-02-1111100',506,,39194,19,,,1,30,,39195,19,,,1,70,,39196,19,,,1,31,,39197,19,,,1,15,,39198,19,,,1,55,,39231,19,,,1,15,,39199,19,,,1,15,,39200,19,,,1,15,,39201,19,,,1,55,,39232,19,,,1,15,,39202,19,,,1,15,,39203,19,,,1,70,,39204,19,,,1,30,,39205,19,,,1,70,,39206,19,,,1,30,,39207,19,,,1,70,,39208,19,,,1,30,,39209,19,,,1,70,,39210,19,,,1,30,,39211,19,,,1,70,,39212,19,,,1,30,,39213,19,,,1,70,,39214,19,,,1,30,,39215,19,,,1,71,,39216,19,,,1,30,,39217,19,,,1,20,,39218,19,,,1,60,,39233,19,,,1,20,,39219,19,,,1,20,,39220,19,,,1,60,,39234,19,,,1,20,,39221,19,,,1,70,,39222,19,,,1,29,,39223,19,,,1,70,,39224,19,,,1,30,,39225,19,,,1,70,,39226,19,,,1,30,,39227,19,,,1,70,,39228,19,,,1,30,,39229,19,,,1,70,,39230,19,,,1
11800,'118-Saturday-1-26-02-0000010',624,,39317,19,,,1,100,,39318,19,,,1,100,,39319,19,,,1,30,,39320,19,,,1,70,,39321,19,,,1,30,,39322,19,,,1,70,,39323,19,,,1,30,,39324,19,,,1,70,,39325,19,,,1,30,,39326,19,,,1,70,,39327,19,,,1,30,,39328,19,,,1,70,,39329,19,,,1,30,,39330,19,,,1,70,,39331,19,,,1,30,,39332,19,,,1,70,,39333,19,,,1,30,,39334,19,,,1,70,,39335,19,,,1,30,,39336,19,,,1,70,,39337,19,,,1,30,,39338,19,,,1,70,,39339,19,,,1,30,,39340,19,,,1,70,,39341,19,,,1
11800,'118-Sunday-1-26-02-0000001',646,,39362,19,,,1,100,,39342,19,,,1,100,,39343,19,,,1,101,,39344,19,,,1,100,,39345,19,,,1,85,,39346,19,,,1,70,,39347,19,,,1,30,,39348,19,,,1,70,,39349,19,,,1,30,,39350,19,,,1,70,,39351,19,,,1,30,,39352,19,,,1,70,,39353,19,,,1,30,,39354,19,,,1,70,,39355,19,,,1,30,,39356,19,,,1,70,,39357,19,,,1,29,,39358,19,,,1,70,,39359,19,,,1,30,,39360,19,,,1,70,,39361,19,,,1
61200,'612-Weekday-1-26-02-0001000',1237,,60423,22,,,1
61200,'612-Weekday-1-26-02-1110100',1535,,60424,22,,,1
61200,'612-Weekday-5-26-02-0000100',1237,,60427,22,,,1
61200,'612-Weekday-5-26-02-1111000',1535,,60428,22,,,1
61200,'612-Weekday-6-26-02-1110100',1535,,60429,22,,,1
61200,'612-Weekday-9-26-02-0001000',1237,,60431,22,,,1
