11801,'118-Weekday-1-26-02-1111100',543,,39363,31,,,1,70,,39364,31,,,1,36,,39402,31,,,1,60,,39398,31,,,1,20,,39366,31,,,1,22,,39399,31,,,1,58,,39367,31,,,1,20,,39368,31,,,1,22,,39400,31,,,1,69,,39370,31,,,1,29,,39369,31,,,1,70,,39371,31,,,1,30,,39372,31,,,1,70,,39373,31,,,1,30,,39374,31,,,1,70,,39375,31,,,1,30,,39376,31,,,1,70,,39377,31,,,1,30,,39378,31,,,1,70,,39379,31,,,1,30,,39380,31,,,1,73,,39381,31,,,1,31,,39382,31,,,1,55,,39383,31,,,1,15,,39384,31,,,1,15,,39385,31,,,1,15,,39401,31,,,1,55,,39386,31,,,1,15,,39387,31,,,1,14,,39388,31,,,1,15,,39397,31,,,1,71,,39389,31,,,1,27,,39390,31,,,1,69,,39391,31,,,1,30,,39392,31,,,1,70,,39393,31,,,1,30,,39394,31,,,1,70,,39395,31,,,1,30,,39396,31,,,1,69,,39365,31,,,1
11801,'118-Weekday-10-26-02-1111100',543,,39403,31,,,1,70,,39404,31,,,1,36,,39442,31,,,1,60,,39438,31,,,1,20,,39406,31,,,1,22,,39439,31,,,1,58,,39407,31,,,1,20,,39408,31,,,1,22,,39440,31,,,1,69,,39410,31,,,1,29,,39409,31,,,1,70,,39411,31,,,1,30,,39412,31,,,1,70,,39413,31,,,1,30,,39414,31,,,1,70,,39415,31,,,1,30,,39416,31,,,1,70,,39417,31,,,1,30,,39418,31,,,1,70,,39419,31,,,1,30,,39420,31,,,1,73,,39421,31,,,1,31,,39422,31,,,1,55,,39423,31,,,1,15,,39424,31,,,1,15,,39425,31,,,1,15,,39441,31,,,1,55,,39426,31,,,1,15,,39427,31,,,1,14,,39428,31,,,1,15,,39437,31,,,1,71,,39429,31,,,1,27,,39430,31,,,1,69,,39431,31,,,1,30,,39432,31,,,1,70,,39433,31,,,1,30,,39434,31,,,1,70,,39435,31,,,1,30,,39436,31,,,1,69,,39405,31,,,1
11801,'118-Weekday-4-26-02-1111100',543,,39483,31,,,1,70,,39484,31,,,1,36,,39522,31,,,1,60,,39518,31,,,1,20,,39486,31,,,1,22,,39519,31,,,1,58,,39487,31,,,1,20,,39488,31,,,1,22,,39520,31,,,1,69,,39490,31,,,1,29,,39489,31,,,1,70,,39491,31,,,1,30,,39492,31,,,1,70,,39493,31,,,1,30,,39494,31,,,1,70,,39495,31,,,1,30,,39496,31,,,1,70,,39497,31,,,1,30,,39498,31,,,1,70,,39499,31,,,1,30,,39500,31,,,1,73,,39501,31,,,1,31,,39502,31,,,1,55,,39503,31,,,1,15,,39504,31,,,1,15,,39505,31,,,1,15,,39521,31,,,1,55,,39506,31,,,1,15,,39507,31,,,1,14,,39508,31,,,1,15,,39517,31,,,1,71,,39509,31,,,1,27,,39510,31,,,1,69,,39511,31,,,1,30,,39512,31,,,1,70,,39513,31,,,1,30,,39514,31,,,1,70,,39515,31,,,1,30,,39516,31,,,1,69,,39485,31,,,1
11801,'118-Weekday-5-26-02-1111100',543,,39523,31,,,1,70,,39524,31,,,1,36,,39562,31,,,1,60,,39558,31,,,1,20,,39526,31,,,1,22,,39559,31,,,1,58,,39527,31,,,1,20,,39528,31,,,1,22,,39560,31,,,1,69,,39530,31,,,1,29,,39529,31,,,1,70,,39531,31,,,1,30,,39532,31,,,1,70,,39533,31,,,1,30,,39534,31,,,1,70,,39535,31,,,1,30,,39536,31,,,1,70,,39537,31,,,1,30,,39538,31,,,1,70,,39539,31,,,1,30,,39540,31,,,1,73,,39541,31,,,1,31,,39542,31,,,1,55,,39543,31,,,1,15,,39544,31,,,1,15,,39545,31,,,1,15,,39561,31,,,1,55,,39546,31,,,1,15,,39547,31,,,1,14,,39548,31,,,1,15,,39557,31,,,1,71,,39549,31,,,1,27,,39550,31,,,1,69,,39551,31,,,1,30,,39552,31,,,1,70,,39553,31,,,1,30,,39554,31,,,1,70,,39555,31,,,1,30,,39556,31,,,1,69,,39525,31,,,1
11801,'118-Weekday-7-26-02-1111100',543,,39603,31,,,1,70,,39604,31,,,1,36,,39642,31,,,1,60,,39638,31,,,1,20,,39606,31,,,1,22,,39639,31,,,1,58,,39607,31,,,1,20,,39608,31,,,1,22,,39640,31,,,1,69,,39610,31,,,1,29,,39609,31,,,1,70,,39611,31,,,1,30,,39612,31,,,1,70,,39613,31,,,1,30,,39614,31,,,1,70,,39615,31,,,1,30,,39616,31,,,1,70,,39617,31,,,1,30,,39618,31,,,1,70,,39619,31,,,1,30,,39620,31,,,1,73,,39621,31,,,1,31,,39622,31,,,1,55,,39623,31,,,1,15,,39624,31,,,1,15,,39625,31,,,1,15,,39641,31,,,1,55,,39626,31,,,1,15,,39627,31,,,1,14,,39628,31,,,1,15,,39637,31,,,1,71,,39629,31,,,1,27,,39630,31,,,1,69,,39631,31,,,1,30,,39632,31,,,1,70,,39633,31,,,1,30,,39634,31,,,1,70,,39635,31,,,1,30,,39636,31,,,1,69,,39605,31,,,1
11801,'118-Saturday-1-26-02-0000010',704,,39723,31,,,1,100,,39724,31,,,1,45,,39725,31,,,1,78,,39726,31,,,1,29,,39727,31,,,1,70,,39728,31,,,1,30,,39729,31,,,1,70,,39730,31,,,1,30,,39731,31,,,1,70,,39732,31,,,1,30,,39733,31,,,1,70,,39734,31,,,1,30,,39735,31,,,1,70,,39736,31,,,1,30,,39737,31,,,1,70,,39738,31,,,1,30,,39739,31,,,1,70,,39740,31,,,1,30,,39741,31,,,1,69,,39742,31,,,1,30,,39743,31,,,1,70,,39744,31,,,1,30,,39745,31,,,1,70,,39746,31,,,1,30,,39747,31,,,1
11801,'118-Sunday-1-26-02-0000001',620,,39769,31,,,1,100,,39748,31,,,1,100,,39749,31,,,1,98,,39750,31,,,1,85,,39751,31,,,1,30,,39752,31,,,1,70,,39753,31,,,1,30,,39754,31,,,1,70,,39755,31,,,1,30,,39756,31,,,1,70,,39757,31,,,1,30,,39758,31,,,1,70,,39759,31,,,1,30,,39760,31,,,1,70,,39761,31,,,1,30,,39762,31,,,1,70,,39763,31,,,1,30,,39764,31,,,1,69,,39765,31,,,1,29,,39766,31,,,1,70,,39767,31,,,1,30,,39768,31,,,1
61201,'612-Weekday-1-26-02-1111100',736,,60432,30,,,1
61201,'612-Weekday-5-26-02-1111100',736,,60434,30,,,1
61201,'612-Weekday-9-26-02-1111100',736,,60437,30,,,1
