63800,'638-Weekday-1-26-02-0000100',932,,61099,14,,,1
63800,'638-Weekday-1-26-02-1111000',820,,61100,14,,,1
63800,'638-Weekday-1-26-02-1111100',738,,61101,14,,,1
63800,'638-Weekday-2-26-02-0000100',932,,61102,14,,,1
63800,'638-Weekday-2-26-02-1111000',820,,61103,14,,,1
63800,'638-Weekday-2-26-02-1111100',738,,61104,14,,,1
63800,'638-Weekday-4-26-02-1111000',820,,61105,14,,,1
63800,'638-Weekday-5-26-02-0000100',932,,61106,14,,,1
63800,'638-Weekday-5-26-02-1111000',820,,61107,14,,,1
63800,'638-Weekday-5-26-02-1111100',738,,61108,14,,,1
63800,'638-Weekday-6-26-02-1111100',738,,61109,14,,,1
63800,'638-Weekday-8-26-02-1111100',738,,61110,14,,,1
63800,'638-Weekday-9-26-02-1111000',820,,61111,14,,,1
63800,'638-Weekday-9-26-02-1111100',738,,61112,14,,,1
