65200,'652-Weekday-1-26-02-1111100',811,,61260,14,,,1,15,,61261,14,,,1,1,,61262,14,,,1
65200,'652-Weekday-10-26-02-1111100',811,,116801,14,,,1,15,,116802,14,,,1,1,,116803,14,,,1
65200,'652-Weekday-9-26-02-1111100',811,,61272,14,,,1,15,,61273,14,,,1,1,,61274,14,,,1
65401,'654-Weekday-1-26-02-1111100',825,,61300,19,,,1
65401,'654-Weekday-10-26-02-1111100',825,,116809,19,,,1
65401,'654-Weekday-9-26-02-1111100',825,,61304,19,,,1
70100,'701-Weekday-1-26-02-1111100',546,,62117,16,,,1,69,,62118,16,,,1,33,,62119,16,,,1,55,,62120,16,,,1,15,,62121,16,,,1,15,,62122,16,,,1,15,,62123,16,,,1,55,,62124,16,,,1,15,,62125,16,,,1,15,,62126,16,,,1,15,,62127,16,,,1,71,,62129,16,,,1,30,,62131,16,,,1,70,,62133,16,,,1,30,,62135,16,,,1,70,,62137,16,,,1,30,,62139,16,,,1,70,,62141,16,,,1,30,,62143,16,,,1,70,,62145,16,,,1,30,,62147,16,,,1,70,,62149,16,,,1,14,,62150,16,,,1,15,,62151,16,,,1,57,,62152,16,,,1,15,,62153,16,,,1,16,,62154,16,,,1,15,,62155,16,,,1,55,,62156,16,,,1,14,,62157,16,,,1,16,,62158,16,,,1,15,,62159,16,,,1,55,,62160,16,,,1,30,,62161,16,,,1,69,,62162,16,,,1,29,,62163,16,,,1,70,,62164,16,,,1,30,,62165,16,,,1,70,,62166,16,,,1,30,,62167,16,,,1,70,,62168,16,,,1,30,,62169,16,,,1,69,,62170,16,,,1,99,,62171,16,,,1,100,,62172,16,,,1
70100,'701-Weekday-10-26-02-1111100',546,,62174,16,,,1,69,,62175,16,,,1,33,,62176,16,,,1,55,,62177,16,,,1,15,,62178,16,,,1,15,,62179,16,,,1,15,,62180,16,,,1,55,,62181,16,,,1,15,,62182,16,,,1,15,,62183,16,,,1,15,,62184,16,,,1,71,,62186,16,,,1,30,,62188,16,,,1,70,,62190,16,,,1,30,,62192,16,,,1,70,,62194,16,,,1,30,,62196,16,,,1,70,,62198,16,,,1,30,,62200,16,,,1,70,,62202,16,,,1,30,,62204,16,,,1,70,,62206,16,,,1,14,,62207,16,,,1,15,,62208,16,,,1,57,,62209,16,,,1,15,,62210,16,,,1,16,,62211,16,,,1,15,,62212,16,,,1,55,,62213,16,,,1,14,,62214,16,,,1,16,,62215,16,,,1,15,,62216,16,,,1,55,,62217,16,,,1,30,,62218,16,,,1,69,,62219,16,,,1,29,,62220,16,,,1,70,,62221,16,,,1,30,,62222,16,,,1,70,,62223,16,,,1,30,,62224,16,,,1,70,,62225,16,,,1,30,,62226,16,,,1,69,,62227,16,,,1,99,,62228,16,,,1,100,,62229,16,,,1
70100,'701-Weekday-11-26-02-1111100',546,,116937,16,,,1,69,,116938,16,,,1,33,,116939,16,,,1,55,,116940,16,,,1,15,,116941,16,,,1,15,,116942,16,,,1,15,,116943,16,,,1,55,,116944,16,,,1,15,,116945,16,,,1,15,,116946,16,,,1,15,,116947,16,,,1,71,,116949,16,,,1,30,,116951,16,,,1,70,,116953,16,,,1,30,,116955,16,,,1,70,,116957,16,,,1,30,,116959,16,,,1,70,,116961,16,,,1,30,,116963,16,,,1,70,,116965,16,,,1,30,,116967,16,,,1,70,,116969,16,,,1,14,,116970,16,,,1,15,,116971,16,,,1,57,,116972,16,,,1,15,,116973,16,,,1,16,,116974,16,,,1,15,,116975,16,,,1,55,,116976,16,,,1,14,,116977,16,,,1,16,,116978,16,,,1,15,,116979,16,,,1,55,,116980,16,,,1,30,,116981,16,,,1,69,,116982,16,,,1,29,,116983,16,,,1,70,,116984,16,,,1,30,,116985,16,,,1,70,,116986,16,,,1,30,,116987,16,,,1,70,,116988,16,,,1,30,,116989,16,,,1,69,,116990,16,,,1,99,,116991,16,,,1,100,,116992,16,,,1
70100,'701-Saturday-1-26-02-0000010',732,,62630,16,,,1,100,,62631,16,,,1,25,,62632,16,,,1,69,,62633,16,,,1,30,,62634,16,,,1,70,,62635,16,,,1,30,,62636,16,,,1,70,,62637,16,,,1,30,,62638,16,,,1,70,,62639,16,,,1,30,,62640,16,,,1,70,,62641,16,,,1,30,,62642,16,,,1,70,,62643,16,,,1,30,,62644,16,,,1,70,,62645,16,,,1,30,,62646,16,,,1,70,,62647,16,,,1,32,,62648,16,,,1,71,,62649,16,,,1,30,,62650,16,,,1,70,,62651,16,,,1,30,,62652,16,,,1,70,,62653,16,,,1,100,,62654,16,,,1,100,,62655,16,,,1,100,,62656,16,,,1,100,,62657,16,,,1,100,,62658,16,,,1
70100,'701-Sunday-2-26-02-0000001',818,,116995,16,,,1,99,,116996,16,,,1,100,,116997,16,,,1,30,,116998,16,,,1,70,,116999,16,,,1,30,,117000,16,,,1,70,,117001,16,,,1,30,,117002,16,,,1,70,,117003,16,,,1,30,,117004,16,,,1,70,,117005,16,,,1,30,,117006,16,,,1,70,,117007,16,,,1,30,,117008,16,,,1,70,,117009,16,,,1,27,,117010,16,,,1,75,,117011,16,,,1,30,,117012,16,,,1,70,,117013,16,,,1,30,,117014,16,,,1,70,,117015,16,,,1,30,,117016,16,,,1,100,,117017,16,,,1,100,,117018,16,,,1
