50100,'501-Weekday-1-26-06-1111100',612,,173986,21,,,1,31,,173987,21,,,1,75,,174019,21,,,1,21,,173988,21,,,1,20,,174016,21,,,1,60,,173989,21,,,1,20,,173990,21,,,1,76,,173992,21,,,1,35,,173993,21,,,1,75,,173994,21,,,1,34,,173995,21,,,1,74,,173996,21,,,1,74,,173997,21,,,1,34,,173998,21,,,1,74,,173999,21,,,1,34,,174000,21,,,1,74,,174021,21,,,1,35,,174020,21,,,1,69,,174017,21,,,1,22,,174001,21,,,1,61,,174002,21,,,1,20,,174003,21,,,1,20,,174018,21,,,1,60,,174005,21,,,1,20,,174004,21,,,1,20,,174007,21,,,1,65,,174008,21,,,1,29,,174009,21,,,1,71,,174010,21,,,1,31,,174011,21,,,1,71,,174012,21,,,1,31,,174013,21,,,1,71,,174014,21,,,1,31,,174015,21,,,1,99,,174006,21,,,1,100,,173991,21,,,1
50100,'501-Weekday-2-26-06-1111100',612,,194921,21,,,1,31,,194922,21,,,1,75,,194954,21,,,1,21,,194923,21,,,1,20,,194951,21,,,1,60,,194924,21,,,1,20,,194925,21,,,1,76,,194927,21,,,1,35,,194928,21,,,1,75,,194929,21,,,1,34,,194930,21,,,1,74,,194931,21,,,1,74,,194932,21,,,1,34,,194933,21,,,1,74,,194934,21,,,1,34,,194935,21,,,1,74,,194956,21,,,1,35,,194955,21,,,1,69,,194952,21,,,1,22,,194936,21,,,1,61,,194937,21,,,1,20,,194938,21,,,1,20,,194953,21,,,1,60,,194940,21,,,1,20,,194939,21,,,1,20,,194942,21,,,1,65,,194943,21,,,1,29,,194944,21,,,1,71,,194945,21,,,1,31,,194946,21,,,1,71,,194947,21,,,1,31,,194948,21,,,1,71,,194949,21,,,1,31,,194950,21,,,1,99,,194941,21,,,1,100,,194926,21,,,1
50100,'501-Saturday-1-26-06-0000010',612,,174044,21,,,1,100,,174045,21,,,1,100,,174022,21,,,1,30,,174023,21,,,1,71,,174024,21,,,1,32,,174025,21,,,1,72,,174026,21,,,1,32,,174027,21,,,1,72,,174028,21,,,1,32,,174029,21,,,1,72,,174030,21,,,1,32,,174031,21,,,1,72,,174032,21,,,1,72,,174033,21,,,1,32,,174034,21,,,1,72,,174035,21,,,1,32,,174036,21,,,1,72,,174037,21,,,1,32,,174038,21,,,1,72,,174039,21,,,1,32,,174040,21,,,1,72,,174041,21,,,1,32,,174042,21,,,1,72,,174043,21,,,1
50100,'501-Sunday-1-26-06-0000001',620,,174046,21,,,1,100,,174047,21,,,1,100,,174048,21,,,1,101,,174049,21,,,1,100,,174050,21,,,1,30,,174051,21,,,1,70,,174052,21,,,1,30,,174053,21,,,1,70,,174054,21,,,1,30,,174055,21,,,1,70,,174056,21,,,1,30,,174057,21,,,1,70,,174058,21,,,1,30,,174059,21,,,1,70,,174060,21,,,1,30,,174061,21,,,1,70,,174062,21,,,1,30,,174063,21,,,1,70,,174064,21,,,1,30,,174065,21,,,1,70,,174066,21,,,1,30,,174067,21,,,1,70,,174068,21,,,1
50100,'501-Sunday-2-26-06-0000001',620,,194957,21,,,1,100,,194958,21,,,1,100,,194959,21,,,1,101,,194960,21,,,1,100,,194961,21,,,1,30,,194962,21,,,1,70,,194963,21,,,1,30,,194964,21,,,1,70,,194965,21,,,1,30,,194966,21,,,1,70,,194967,21,,,1,30,,194968,21,,,1,70,,194969,21,,,1,30,,194970,21,,,1,70,,194971,21,,,1,30,,194972,21,,,1,70,,194973,21,,,1,30,,194974,21,,,1,70,,194975,21,,,1,30,,194976,21,,,1,70,,194977,21,,,1,30,,194978,21,,,1,70,,194979,21,,,1
52400,'524-Weekday-1-26-06-1111100',905,,177271,7,,,1,30,,177272,7,,,1,70,,177273,7,,,1,30,,177274,7,,,1,70,,177275,7,,,1,30,,177276,7,,,1,70,,177277,7,,,1,30,,177278,7,,,1,70,,177279,7,,,1,30,,177280,7,,,1,70,,177281,7,,,1,30,,177282,7,,,1,69,,177283,7,,,1,100,,177284,7,,,1,100,,177285,7,,,1
52400,'524-Weekday-2-26-06-1111100',905,,197002,7,,,1,30,,197003,7,,,1,70,,197004,7,,,1,30,,197005,7,,,1,70,,197006,7,,,1,30,,197007,7,,,1,70,,197008,7,,,1,30,,197009,7,,,1,70,,197010,7,,,1,30,,197011,7,,,1,70,,197012,7,,,1,30,,197013,7,,,1,69,,197014,7,,,1,100,,197015,7,,,1,100,,197016,7,,,1
52400,'524-Saturday-1-26-06-0000010',1034,,177286,7,,,1,100,,177287,7,,,1,100,,177288,7,,,1,100,,177289,7,,,1,100,,177290,7,,,1,100,,177291,7,,,1,100,,177292,7,,,1
52400,'524-Sunday-1-26-06-0000001',1033,,177293,7,,,1,100,,177294,7,,,1,100,,177295,7,,,1,100,,177296,7,,,1,100,,177297,7,,,1,100,,177298,7,,,1
52400,'524-Sunday-2-26-06-0000001',1033,,197017,7,,,1,100,,197018,7,,,1,100,,197019,7,,,1,100,,197020,7,,,1,100,,197021,7,,,1,100,,197022,7,,,1
