51500,'515-Weekday-1-26-04-0001000',1246,,127621,18,,,1
51500,'515-Weekday-1-26-04-1110100',1537,,127622,18,,,1,66,,127623,18,,,1
51500,'515-Weekday-1-26-04-1111100',549,,127624,18,,,1,70,,127670,18,,,1,32,,127659,18,,,1,55,,127665,18,,,1,15,,127666,18,,,1,15,,127625,18,,,1,15,,127626,18,,,1,55,,127627,18,,,1,15,,127661,18,,,1,15,,127628,18,,,1,20,,127629,18,,,1,59,,127653,18,,,1,20,,127630,18,,,1,20,,127631,18,,,1,60,,127654,18,,,1,20,,127632,18,,,1,20,,127633,18,,,1,60,,127655,18,,,1,20,,127634,18,,,1,20,,127635,18,,,1,60,,127656,18,,,1,20,,127636,18,,,1,20,,127637,18,,,1,60,,127657,18,,,1,20,,127638,18,,,1,20,,127639,18,,,1,60,,127658,18,,,1,20,,127640,18,,,1,21,,127641,18,,,1,56,,127674,18,,,1,16,,127663,18,,,1,15,,127671,18,,,1,15,,127664,18,,,1,55,,127660,18,,,1,15,,127672,18,,,1,15,,127673,18,,,1,15,,127668,18,,,1,55,,127662,18,,,1,15,,127642,18,,,1,15,,127643,18,,,1,70,,127667,18,,,1,28,,127644,18,,,1,69,,127645,18,,,1,30,,127646,18,,,1,70,,127647,18,,,1,30,,127648,18,,,1,70,,127649,18,,,1,30,,127650,18,,,1,70,,127669,18,,,1,100,,127651,18,,,1,100,,127652,18,,,1
51500,'515-Saturday-1-26-04-0000010',628,,127780,18,,,1,99,,127781,18,,,1,84,,127782,18,,,1,20,,127812,18,,,1,21,,127783,18,,,1,62,,127784,18,,,1,20,,127785,18,,,1,20,,127813,18,,,1,60,,127786,18,,,1,20,,127787,18,,,1,20,,127814,18,,,1,60,,127788,18,,,1,20,,127789,18,,,1,20,,127815,18,,,1,60,,127790,18,,,1,20,,127791,18,,,1,20,,127816,18,,,1,60,,127792,18,,,1,20,,127793,18,,,1,20,,127817,18,,,1,60,,127794,18,,,1,20,,127795,18,,,1,20,,127818,18,,,1,60,,127796,18,,,1,20,,127797,18,,,1,20,,127819,18,,,1,60,,127798,18,,,1,20,,127799,18,,,1,20,,127820,18,,,1,60,,127800,18,,,1,20,,127801,18,,,1,20,,127821,18,,,1,60,,127802,18,,,1,20,,127803,18,,,1,20,,127822,18,,,1,60,,127804,18,,,1,30,,127805,18,,,1,70,,127810,18,,,1,30,,127807,18,,,1,70,,127811,18,,,1,30,,127808,18,,,1,100,,127806,18,,,1,100,,127809,18,,,1
51500,'515-Sunday-1-26-04-0000001',628,,127823,18,,,1,100,,127824,18,,,1,100,,127825,18,,,1,99,,127826,18,,,1,85,,127827,18,,,1,20,,127828,18,,,1,20,,127852,18,,,1,60,,127829,18,,,1,20,,127830,18,,,1,20,,127853,18,,,1,60,,127831,18,,,1,20,,127832,18,,,1,20,,127854,18,,,1,60,,127833,18,,,1,20,,127834,18,,,1,20,,127855,18,,,1,60,,127835,18,,,1,20,,127836,18,,,1,20,,127856,18,,,1,60,,127837,18,,,1,20,,127838,18,,,1,20,,127857,18,,,1,60,,127839,18,,,1,20,,127840,18,,,1,20,,127858,18,,,1,60,,127841,18,,,1,22,,127842,18,,,1,20,,127859,18,,,1,60,,127843,18,,,1,20,,127844,18,,,1,20,,127860,18,,,1,60,,127845,18,,,1,30,,127848,18,,,1,70,,127846,18,,,1,30,,127849,18,,,1,70,,127850,18,,,1,100,,127847,18,,,1,100,,127851,18,,,1,100,,127861,18,,,1
63001,'630-Weekday-1-26-04-0001000',1301,,131758,38,,,1,203,,131759,35,,,1
63001,'630-Weekday-1-26-04-1110100',1603,,131760,38,,,1
63501,'635-Weekday-1-26-04-1111100',1558,,131816,48,,,1
64401,'644-Weekday-1-26-04-0000100',1009,,131863,13,,,1
64401,'644-Weekday-1-26-04-1111000',836,,131864,13,,,1
