11901,'119-Weekday-7-26-04-1111100',525,,154438,37,,,1,30,,154439,37,,,1,70,,154440,37,,,1,32,,154441,37,,,1,55,,154442,37,,,1,15,,154443,37,,,1,15,,154482,37,,,1,15,,154444,37,,,1,55,,154445,37,,,1,15,,154446,37,,,1,15,,154447,37,,,1,15,,154448,37,,,1,69,,154449,37,,,1,31,,154450,37,,,1,70,,154451,37,,,1,30,,154452,37,,,1,70,,154453,37,,,1,30,,154454,37,,,1,70,,154455,37,,,1,30,,154456,37,,,1,70,,154457,37,,,1,30,,154458,37,,,1,70,,154459,37,,,1,30,,154460,37,,,1,74,,154484,37,,,1,20,,154461,37,,,1,56,,154483,37,,,1,15,,154462,37,,,1,15,,154463,37,,,1,15,,154464,37,,,1,55,,154465,37,,,1,15,,154466,37,,,1,15,,154467,37,,,1,70,,154468,37,,,1,28,,154469,37,,,1,69,,154470,37,,,1,28,,154471,37,,,1,70,,154472,37,,,1,30,,154473,37,,,1,70,,154474,37,,,1,30,,154475,37,,,1,69,,154476,37,,,1,28,,154477,37,,,1,29,,154478,37,,,1,70,,154479,37,,,1,30,,154480,37,,,1,70,,154481,37,,,1
11901,'119-Saturday-1-26-04-0000010',639,,123635,37,,,1,70,,123636,37,,,1,30,,123637,37,,,1,70,,123638,37,,,1,30,,123669,37,,,1,72,,123639,37,,,1,32,,123640,37,,,1,70,,123641,37,,,1,30,,123642,37,,,1,70,,123643,37,,,1,30,,123644,37,,,1,70,,123645,37,,,1,30,,123646,37,,,1,70,,123647,37,,,1,30,,123648,37,,,1,70,,123649,37,,,1,30,,123650,37,,,1,70,,123651,37,,,1,30,,123652,37,,,1,70,,123653,37,,,1,30,,123654,37,,,1,69,,123655,37,,,1,29,,123656,37,,,1,70,,123657,37,,,1,30,,123658,37,,,1,70,,123659,37,,,1,30,,123660,37,,,1,70,,123661,37,,,1,30,,123662,37,,,1,70,,123663,37,,,1,30,,123664,37,,,1,70,,123665,37,,,1,30,,123666,37,,,1,100,,123667,37,,,1,100,,123668,37,,,1
12201,'122-Weekday-7-26-04-1111100',547,,154609,28,0,29 30,1,70,,154610,28,0,29 30,1,31,,154611,28,0,29 30,1,70,,154612,28,0,29 30,1,30,,154613,28,0,29 30,1,70,,154614,28,0,29 30,1,30,,154615,28,0,29 30,1,70,,154631,28,0,29 30,1,30,,154632,28,0,29 30,1,70,,154633,28,0,29 30,1,30,,154634,28,0,29 30,1,70,,154635,28,0,29 30,1,30,,154636,28,0,29 30,1,70,,154637,28,0,29 30,1,30,,154638,28,0,29 30,1,70,,154639,28,0,29 30,1,30,,154640,28,0,29 30,1,70,,154641,28,0,29 30,1,30,,154642,28,0,29 30,1,71,,154643,28,0,29 30,1,30,,154616,28,0,29 30,1,60,,154617,28,0,29 30,1,20,,154618,28,0,29 30,1,20,,154619,28,0,29 30,1,60,,154620,28,0,29 30,1,20,,154621,28,0,29 30,1,30,,154622,28,0,29 30,1,70,,154623,28,0,29 30,1,27,,154624,28,0,29 30,1,70,,154625,28,0,29 30,1,30,,154626,28,0,29 30,1,70,,154627,28,0,29 30,1,30,,154628,28,0,29 30,1,70,,154629,28,0,29 30,1,30,,154630,28,0,29 30,1
12201,'122-Saturday-1-26-04-0000010',823,,124316,28,0,29 30,1,30,,124317,28,0,29 30,1,70,,124318,28,0,29 30,1,30,,124319,28,0,29 30,1,70,,124320,28,0,29 30,1,30,,124321,28,0,29 30,1,70,,124322,28,0,29 30,1,30,,124323,28,0,29 30,1,70,,124324,28,0,29 30,1,30,,124325,28,0,29 30,1,70,,124326,28,0,29 30,1,30,,124327,28,0,29 30,1,70,,124328,28,0,29 30,1,30,,124329,28,0,29 30,1,70,,124330,28,0,29 30,1,30,,124331,28,0,29 30,1,70,,124332,28,0,29 30,1,30,,124333,28,0,29 30,1,70,,124334,28,0,29 30,1,30,,124335,28,0,29 30,1,70,,124336,28,0,29 30,1,30,,124337,28,0,29 30,1,70,,124338,28,0,29 30,1
61000,'610-Weekday-7-26-04-0001000',1255,,156383,42,4,,1,2,,156382,42,4,,1,243,,156384,42,4,,1,5,,156385,42,4,,1
61000,'610-Weekday-7-26-04-1110100',1553,,156386,42,4,,1,4,,156387,42,4,,1,46,,156388,42,4,,1,5,,156389,42,4,,1
61001,'610-Weekday-7-26-04-1111100',724,,156390,20,,,1,4,,156391,20,,,1,6,,156392,20,,,1,81,,156393,20,,,1,6,,156394,20,,,1,5,,156395,20,,,1
61100,'611-Weekday-7-26-04-0001000',1220,,156396,29,4,,1,5,,156397,29,4,,1
61100,'611-Weekday-7-26-04-1110100',1526,,156398,29,4,,1,5,,156399,29,4,,1
61101,'611-Weekday-7-26-04-1111100',733,,156400,20,,,1,11,,156401,20,,,1
61600,'616-Weekday-7-26-04-0001000',1437,,156423,31,4,,1,4,,156424,31,4,,1
61600,'616-Weekday-7-26-04-1110100',1536,,156426,31,4,,1,4,,156425,31,4,,1
61601,'616-Weekday-7-26-04-1111100',802,,156427,20,,,1,10,,156428,20,,,1
68400,'684-Weekday-7-26-04-0001000',1333,,156702,56,4,,1
68400,'684-Weekday-7-26-04-1110100',1646,,156705,56,4,,1
68400,'684-Weekday-7-26-04-1111100',1619,,156708,61,4,,1
68401,'684-Weekday-7-26-04-1111100',745,,156709,20,,,1
