91201,'912-Weekday-1-26-06-1111100',601,,184163,11,,,1,31,,184162,11,,,1,71,,184164,11,,,1,30,,184165,11,,,1,70,,184166,11,,,1,34,,184167,11,,,1,70,,184168,11,,,1,30,,184169,11,,,1,70,,184170,11,,,1,30,,184171,11,,,1,70,,184172,11,,,1,30,,184173,11,,,1,70,,184174,11,,,1,30,,184175,11,,,1,70,,184176,11,,,1,30,,184177,11,,,1,70,,184178,11,,,1,30,,184179,11,,,1,69,,184180,11,,,1,30,,184181,11,,,1,70,,184182,11,,,1,30,,184183,11,,,1,70,,184184,11,,,1,30,,184185,11,,,1,70,,184186,11,,,1,29,,184187,11,,,1,72,,184188,11,,,1,30,,184189,11,,,1,70,,184190,11,,,1,30,,184191,11,,,1,70,,184192,11,,,1,30,,184193,11,,,1,70,,184194,11,,,1
91201,'912-Weekday-2-26-06-1111100',601,,201050,11,,,1,31,,201049,11,,,1,71,,201051,11,,,1,30,,201052,11,,,1,70,,201053,11,,,1,34,,201054,11,,,1,70,,201055,11,,,1,30,,201056,11,,,1,70,,201057,11,,,1,30,,201058,11,,,1,70,,201059,11,,,1,30,,201060,11,,,1,70,,201061,11,,,1,30,,201062,11,,,1,70,,201063,11,,,1,30,,201064,11,,,1,70,,201065,11,,,1,30,,201066,11,,,1,69,,201067,11,,,1,30,,201068,11,,,1,70,,201069,11,,,1,30,,201070,11,,,1,70,,201071,11,,,1,30,,201072,11,,,1,70,,201073,11,,,1,29,,201074,11,,,1,72,,201075,11,,,1,30,,201076,11,,,1,70,,201077,11,,,1,30,,201078,11,,,1,70,,201079,11,,,1,30,,201080,11,,,1,70,,201081,11,,,1
91201,'912-Saturday-1-26-06-0000010',810,,184196,11,,,1,30,,184195,11,,,1,71,,184197,11,,,1,27,,184198,11,,,1,70,,184199,11,,,1,30,,184200,11,,,1,70,,184201,11,,,1,30,,184202,11,,,1,70,,184203,11,,,1,30,,184204,11,,,1,70,,184205,11,,,1,30,,184206,11,,,1,70,,184207,11,,,1,30,,184208,11,,,1,70,,184209,11,,,1,30,,184210,11,,,1,70,,184211,11,,,1,30,,184212,11,,,1,71,,184213,11,,,1,31,,184214,11,,,1,70,,184215,11,,,1,30,,184216,11,,,1,70,,184217,11,,,1
91201,'912-Sunday-1-26-06-0000001',1007,,184219,11,,,1,30,,184218,11,,,1,70,,184220,11,,,1,30,,184221,11,,,1,70,,184222,11,,,1,30,,184223,11,,,1,70,,184224,11,,,1,30,,184225,11,,,1,70,,184226,11,,,1,30,,184227,11,,,1,70,,184228,11,,,1,30,,184229,11,,,1,70,,184230,11,,,1,30,,184231,11,,,1,69,,184232,11,,,1,30,,184233,11,,,1,70,,184234,11,,,1,30,,184235,11,,,1,70,,184236,11,,,1
91201,'912-Sunday-2-26-06-0000001',1007,,201083,11,,,1,30,,201082,11,,,1,70,,201084,11,,,1,30,,201085,11,,,1,70,,201086,11,,,1,30,,201087,11,,,1,70,,201088,11,,,1,30,,201089,11,,,1,70,,201090,11,,,1,30,,201091,11,,,1,70,,201092,11,,,1,30,,201093,11,,,1,70,,201094,11,,,1,30,,201095,11,,,1,69,,201096,11,,,1,30,,201097,11,,,1,70,,201098,11,,,1,30,,201099,11,,,1,70,,201100,11,,,1
92101,'921-Weekday-1-26-06-1111100',525,,185640,11,,,1,30,,185641,11,,,1,70,,185642,11,,,1,24,,185643,11,,,1,60,,185644,11,,,1,20,,185645,11,,,1,20,,185646,11,,,1,60,,185647,11,,,1,20,,185648,11,,,1,24,,185649,11,,,1,70,,185650,11,,,1,30,,185651,11,,,1,70,,185652,11,,,1,30,,185653,11,,,1,70,,185654,11,,,1,30,,185655,11,,,1,70,,185656,11,,,1,30,,185657,11,,,1,70,,185658,11,,,1,30,,185659,11,,,1,70,,185660,11,,,1,30,,185661,11,,,1,72,,185677,11,,,1,20,,185663,11,,,1,60,,185664,11,,,1,20,,185665,11,,,1,20,,185666,11,,,1,60,,185667,11,,,1,20,,185668,11,,,1,20,,185669,11,,,1,60,,185670,11,,,1,30,,185671,11,,,1,70,,185672,11,,,1,30,,185673,11,,,1,70,,185674,11,,,1,30,,185675,11,,,1,70,,185676,11,,,1,30,,185662,11,,,1,70,,185678,11,,,1,100,,185679,11,,,1
92101,'921-Weekday-2-26-06-1111100',525,,202067,11,,,1,30,,202068,11,,,1,70,,202069,11,,,1,24,,202070,11,,,1,60,,202071,11,,,1,20,,202072,11,,,1,20,,202073,11,,,1,60,,202074,11,,,1,20,,202075,11,,,1,24,,202076,11,,,1,70,,202077,11,,,1,30,,202078,11,,,1,70,,202079,11,,,1,30,,202080,11,,,1,70,,202081,11,,,1,30,,202082,11,,,1,70,,202083,11,,,1,30,,202084,11,,,1,70,,202085,11,,,1,30,,202086,11,,,1,70,,202087,11,,,1,30,,202088,11,,,1,72,,202104,11,,,1,20,,202090,11,,,1,60,,202091,11,,,1,20,,202092,11,,,1,20,,202093,11,,,1,60,,202094,11,,,1,20,,202095,11,,,1,20,,202096,11,,,1,60,,202097,11,,,1,30,,202098,11,,,1,70,,202099,11,,,1,30,,202100,11,,,1,70,,202101,11,,,1,30,,202102,11,,,1,70,,202103,11,,,1,30,,202089,11,,,1,70,,202105,11,,,1,100,,202106,11,,,1
92101,'921-Saturday-1-26-06-0000010',655,,185701,11,,,1,100,,185703,11,,,1,100,,185704,11,,,1,69,,185697,11,,,1,30,,185699,11,,,1,70,,185692,11,,,1,30,,185681,11,,,1,70,,185695,11,,,1,30,,185706,11,,,1,70,,185694,11,,,1,30,,185682,11,,,1,70,,185693,11,,,1,30,,185684,11,,,1,70,,185691,11,,,1,30,,185705,11,,,1,70,,185690,11,,,1,30,,185685,11,,,1,70,,185689,11,,,1,30,,185680,11,,,1,71,,185687,11,,,1,30,,185686,11,,,1,70,,185688,11,,,1,30,,185702,11,,,1,100,,185698,11,,,1,100,,185700,11,,,1,100,,185696,11,,,1,100,,185683,11,,,1
92101,'921-Sunday-1-26-06-0000001',853,,185711,11,,,1,100,,185719,11,,,1,100,,185708,11,,,1,70,,185712,11,,,1,30,,185726,11,,,1,70,,185724,11,,,1,30,,185723,11,,,1,70,,185715,11,,,1,30,,185718,11,,,1,70,,185721,11,,,1,30,,185717,11,,,1,70,,185714,11,,,1,30,,185707,11,,,1,70,,185713,11,,,1,30,,185720,11,,,1,70,,185725,11,,,1,30,,185729,11,,,1,70,,185710,11,,,1,30,,185728,11,,,1,100,,185722,11,,,1,100,,185716,11,,,1,100,,185727,11,,,1,100,,185709,11,,,1
92101,'921-Sunday-2-26-06-0000001',853,,202111,11,,,1,100,,202119,11,,,1,100,,202108,11,,,1,70,,202112,11,,,1,30,,202126,11,,,1,70,,202124,11,,,1,30,,202123,11,,,1,70,,202115,11,,,1,30,,202118,11,,,1,70,,202121,11,,,1,30,,202117,11,,,1,70,,202114,11,,,1,30,,202107,11,,,1,70,,202113,11,,,1,30,,202120,11,,,1,70,,202125,11,,,1,30,,202129,11,,,1,70,,202110,11,,,1,30,,202128,11,,,1,100,,202122,11,,,1,100,,202116,11,,,1,100,,202127,11,,,1,100,,202109,11,,,1
