63800,'638-Weekday-1-26-02-0000100',918,,61099,1,,,1
63800,'638-Weekday-1-26-02-1111000',806,,61100,1,,,1
63800,'638-Weekday-1-26-02-1111100',724,,61101,1,,,1
63800,'638-Weekday-2-26-02-0000100',918,,61102,1,,,1
63800,'638-Weekday-2-26-02-1111000',806,,61103,1,,,1
63800,'638-Weekday-2-26-02-1111100',724,,61104,1,,,1
63800,'638-Weekday-4-26-02-1111000',806,,61105,1,,,1
63800,'638-Weekday-5-26-02-0000100',918,,61106,1,,,1
63800,'638-Weekday-5-26-02-1111000',806,,61107,1,,,1
63800,'638-Weekday-5-26-02-1111100',724,,61108,1,,,1
63800,'638-Weekday-6-26-02-1111100',724,,61109,1,,,1
63800,'638-Weekday-8-26-02-1111100',724,,61110,1,,,1
63800,'638-Weekday-9-26-02-1111000',806,,61111,1,,,1
63800,'638-Weekday-9-26-02-1111100',724,,61112,1,,,1
