91601,'916-Weekday-1-26-04-0001000',1223,,144391,14,,,1
91601,'916-Weekday-1-26-04-1110100',1527,,144392,14,,,1,93,,144393,14,,,1
91601,'916-Weekday-1-26-04-1111100',552,,144394,14,,,1,70,,144429,14,,,1,20,,144430,14,,,1,59,,144431,14,,,1,20,,144432,14,,,1,20,,144433,14,,,1,60,,144434,14,,,1,24,,144395,14,,,1,25,,144428,14,,,1,71,,144396,14,,,1,32,,144397,14,,,1,70,,144398,14,,,1,30,,144399,14,,,1,70,,144400,14,,,1,30,,144401,14,,,1,70,,144402,14,,,1,30,,144403,14,,,1,70,,144404,14,,,1,30,,144405,14,,,1,70,,144406,14,,,1,30,,144407,14,,,1,59,,144408,14,,,1,12,,144409,14,,,1,12,,144410,14,,,1,12,,144435,14,,,1,52,,144411,14,,,1,12,,144412,14,,,1,12,,144413,14,,,1,12,,144414,14,,,1,12,,144436,14,,,1,52,,144415,14,,,1,12,,144416,14,,,1,12,,144417,14,,,1,12,,144418,14,,,1,16,,144427,14,,,1,70,,144419,14,,,1,29,,144420,14,,,1,70,,144421,14,,,1,30,,144422,14,,,1,70,,144423,14,,,1,30,,144424,14,,,1,70,,144425,14,,,1,30,,144426,14,,,1,69,,144437,14,,,1,26,,144438,14,,,1,100,,144439,14,,,1
91601,'916-Weekday-2-26-04-1110100',1620,,144440,14,,,1
91601,'916-Weekday-2-26-04-1111100',552,,144441,14,,,1,70,,144476,14,,,1,20,,144477,14,,,1,59,,144478,14,,,1,20,,144479,14,,,1,20,,144480,14,,,1,60,,144481,14,,,1,24,,144442,14,,,1,25,,144475,14,,,1,71,,144443,14,,,1,32,,144444,14,,,1,70,,144445,14,,,1,30,,144446,14,,,1,70,,144447,14,,,1,30,,144448,14,,,1,70,,144449,14,,,1,30,,144450,14,,,1,70,,144451,14,,,1,30,,144452,14,,,1,70,,144453,14,,,1,30,,144454,14,,,1,59,,144455,14,,,1,12,,144456,14,,,1,12,,144457,14,,,1,12,,144482,14,,,1,52,,144458,14,,,1,12,,144459,14,,,1,12,,144460,14,,,1,12,,144461,14,,,1,12,,144483,14,,,1,52,,144462,14,,,1,12,,144463,14,,,1,12,,144464,14,,,1,12,,144465,14,,,1,16,,144474,14,,,1,70,,144466,14,,,1,29,,144467,14,,,1,70,,144468,14,,,1,30,,144469,14,,,1,70,,144470,14,,,1,30,,144471,14,,,1,70,,144472,14,,,1,30,,144473,14,,,1,69,,144484,14,,,1,26,,144485,14,,,1,100,,144486,14,,,1
91601,'916-Weekday-3-26-04-0001000',1223,,144487,14,,,1
91601,'916-Weekday-3-26-04-1110100',1527,,144488,14,,,1
91601,'916-Weekday-3-26-04-1111100',552,,144489,14,,,1,70,,144524,14,,,1,20,,144525,14,,,1,59,,144526,14,,,1,20,,144527,14,,,1,20,,144528,14,,,1,60,,144529,14,,,1,24,,144490,14,,,1,25,,144523,14,,,1,71,,144491,14,,,1,32,,144492,14,,,1,70,,144493,14,,,1,30,,144494,14,,,1,70,,144495,14,,,1,30,,144496,14,,,1,70,,144497,14,,,1,30,,144498,14,,,1,70,,144499,14,,,1,30,,144500,14,,,1,70,,144501,14,,,1,30,,144502,14,,,1,59,,144503,14,,,1,12,,144504,14,,,1,12,,144505,14,,,1,12,,144530,14,,,1,52,,144506,14,,,1,12,,144507,14,,,1,12,,144508,14,,,1,12,,144509,14,,,1,12,,144531,14,,,1,52,,144510,14,,,1,12,,144511,14,,,1,12,,144512,14,,,1,12,,144513,14,,,1,16,,144522,14,,,1,70,,144514,14,,,1,29,,144515,14,,,1,70,,144516,14,,,1,30,,144517,14,,,1,70,,144518,14,,,1,30,,144519,14,,,1,70,,144520,14,,,1,30,,144521,14,,,1,69,,144532,14,,,1,26,,144533,14,,,1,100,,144534,14,,,1
91601,'916-Saturday-1-26-04-0000010',644,,144535,14,,,1,100,,144536,14,,,1,70,,144537,14,,,1,30,,144538,14,,,1,72,,144539,14,,,1,31,,144540,14,,,1,72,,144541,14,,,1,30,,144542,14,,,1,70,,144543,14,,,1,30,,144544,14,,,1,70,,144545,14,,,1,30,,144546,14,,,1,70,,144547,14,,,1,30,,144548,14,,,1,70,,144549,14,,,1,30,,144550,14,,,1,70,,144551,14,,,1,30,,144552,14,,,1,70,,144553,14,,,1,30,,144554,14,,,1,69,,144555,14,,,1,28,,144556,14,,,1,70,,144557,14,,,1,30,,144558,14,,,1,70,,144559,14,,,1,100,,144560,14,,,1,100,,144561,14,,,1,100,,144562,14,,,1,100,,144563,14,,,1,100,,144564,14,,,1
91601,'916-Sunday-1-26-04-0000001',644,,144565,14,,,1,100,,144566,14,,,1,100,,144567,14,,,1,104,,144568,14,,,1,101,,144569,14,,,1,70,,144570,14,,,1,30,,144571,14,,,1,70,,144572,14,,,1,30,,144573,14,,,1,70,,144574,14,,,1,30,,144575,14,,,1,70,,144576,14,,,1,30,,144577,14,,,1,70,,144578,14,,,1,30,,144579,14,,,1,70,,144580,14,,,1,30,,144581,14,,,1,69,,144582,14,,,1,29,,144583,14,,,1,70,,144584,14,,,1,30,,144585,14,,,1,70,,144586,14,,,1,30,,144587,14,,,1,100,,144588,14,,,1,100,,144589,14,,,1,100,,144590,14,,,1,100,,144591,14,,,1
