65901,'659-Weekday-1-26-02-1111100',753,,61399,8,,,1
65901,'659-Weekday-10-26-02-1111100',753,,116826,8,,,1
65901,'659-Weekday-9-26-02-1111100',753,,61404,8,,,1
66701,'667-Weekday-1-26-02-1111100',825,,61658,12,,,1,13,,61659,12,,,1
66701,'667-Weekday-10-26-02-1111100',825,,116865,12,,,1,13,,116866,12,,,1
66701,'667-Weekday-9-26-02-1111100',825,,61666,12,,,1,13,,61667,12,,,1
72101,'721-Weekday-1-26-02-1111100',607,,77994,11,,,1,20,,77995,11,,,1,23,,77996,11,,,1,55,,77997,11,,,1,15,,77998,11,,,1,15,,77999,11,,,1,15,,78000,11,,,1,55,,78001,11,,,1,15,,78002,11,,,1,8,,78061,11,0,21 22,1,7,,78003,11,,,1,1,,78060,11,0,21 22,1,14,,78004,11,,,1,54,,78005,11,,,1,20,,78006,11,,,1,20,,78007,11,,,1,60,,78008,11,,,1,20,,78009,11,,,1,20,,78010,11,,,1,60,,78011,11,,,1,20,,78012,11,,,1,20,,78013,11,,,1,60,,78014,11,,,1,20,,78015,11,,,1,20,,78016,11,,,1,60,,78017,11,,,1,20,,78018,11,,,1,20,,78019,11,,,1,60,,78020,11,,,1,20,,78021,11,,,1,20,,78022,11,,,1,62,,78023,11,,,1,11,,78024,11,,,1,10,,78025,11,,,1,10,,78026,11,,,1,10,,78027,11,,,1,10,,78028,11,,,1,50,,78029,11,,,1,10,,78030,11,,,1,10,,78031,11,,,1,10,,78032,11,,,1,10,,78033,11,,,1,10,,78034,11,,,1,50,,78035,11,,,1,10,,78036,11,,,1,10,,78037,11,,,1,10,,78038,11,,,1,10,,78039,11,,,1,10,,78040,11,,,1,50,,78041,11,,,1,22,,78042,11,,,1,17,,78043,11,,,1,60,,78044,11,,,1,20,,78045,11,,,1,20,,78046,11,,,1,60,,78047,11,,,1,20,,78048,11,,,1,20,,78049,11,,,1,60,,78050,11,,,1,20,,78051,11,,,1,20,,78052,11,,,1,70,,78053,11,,,1,30,,78054,11,,,1,70,,78055,11,,,1,30,,78056,11,,,1,70,,78057,11,,,1,30,,78058,11,,,1,70,,78059,11,,,1
72101,'721-Weekday-10-26-02-1111100',607,,78062,11,,,1,20,,78063,11,,,1,23,,78064,11,,,1,55,,78065,11,,,1,15,,78066,11,,,1,15,,78067,11,,,1,15,,78068,11,,,1,55,,78069,11,,,1,15,,78070,11,,,1,8,,78129,11,0,21 22,1,7,,78071,11,,,1,1,,78128,11,0,21 22,1,14,,78072,11,,,1,54,,78073,11,,,1,20,,78074,11,,,1,20,,78075,11,,,1,60,,78076,11,,,1,20,,78077,11,,,1,20,,78078,11,,,1,60,,78079,11,,,1,20,,78080,11,,,1,20,,78081,11,,,1,60,,78082,11,,,1,20,,78083,11,,,1,20,,78084,11,,,1,60,,78085,11,,,1,20,,78086,11,,,1,20,,78087,11,,,1,60,,78088,11,,,1,20,,78089,11,,,1,20,,78090,11,,,1,62,,78091,11,,,1,11,,78092,11,,,1,10,,78093,11,,,1,10,,78094,11,,,1,10,,78095,11,,,1,10,,78096,11,,,1,50,,78097,11,,,1,10,,78098,11,,,1,10,,78099,11,,,1,10,,78100,11,,,1,10,,78101,11,,,1,10,,78102,11,,,1,50,,78103,11,,,1,10,,78104,11,,,1,10,,78105,11,,,1,10,,78106,11,,,1,10,,78107,11,,,1,10,,78108,11,,,1,50,,78109,11,,,1,22,,78110,11,,,1,17,,78111,11,,,1,60,,78112,11,,,1,20,,78113,11,,,1,20,,78114,11,,,1,60,,78115,11,,,1,20,,78116,11,,,1,20,,78117,11,,,1,60,,78118,11,,,1,20,,78119,11,,,1,20,,78120,11,,,1,70,,78121,11,,,1,30,,78122,11,,,1,70,,78123,11,,,1,30,,78124,11,,,1,70,,78125,11,,,1,30,,78126,11,,,1,70,,78127,11,,,1
72101,'721-Weekday-11-26-02-1111100',607,,119296,11,,,1,20,,119297,11,,,1,23,,119298,11,,,1,55,,119299,11,,,1,15,,119300,11,,,1,15,,119301,11,,,1,15,,119302,11,,,1,55,,119303,11,,,1,15,,119304,11,,,1,8,,119363,11,0,21 22,1,7,,119305,11,,,1,1,,119362,11,0,21 22,1,14,,119306,11,,,1,54,,119307,11,,,1,20,,119308,11,,,1,20,,119309,11,,,1,60,,119310,11,,,1,20,,119311,11,,,1,20,,119312,11,,,1,60,,119313,11,,,1,20,,119314,11,,,1,20,,119315,11,,,1,60,,119316,11,,,1,20,,119317,11,,,1,20,,119318,11,,,1,60,,119319,11,,,1,20,,119320,11,,,1,20,,119321,11,,,1,60,,119322,11,,,1,20,,119323,11,,,1,20,,119324,11,,,1,62,,119325,11,,,1,11,,119326,11,,,1,10,,119327,11,,,1,10,,119328,11,,,1,10,,119329,11,,,1,10,,119330,11,,,1,50,,119331,11,,,1,10,,119332,11,,,1,10,,119333,11,,,1,10,,119334,11,,,1,10,,119335,11,,,1,10,,119336,11,,,1,50,,119337,11,,,1,10,,119338,11,,,1,10,,119339,11,,,1,10,,119340,11,,,1,10,,119341,11,,,1,10,,119342,11,,,1,50,,119343,11,,,1,22,,119344,11,,,1,17,,119345,11,,,1,60,,119346,11,,,1,20,,119347,11,,,1,20,,119348,11,,,1,60,,119349,11,,,1,20,,119350,11,,,1,20,,119351,11,,,1,60,,119352,11,,,1,20,,119353,11,,,1,20,,119354,11,,,1,70,,119355,11,,,1,30,,119356,11,,,1,70,,119357,11,,,1,30,,119358,11,,,1,70,,119359,11,,,1,30,,119360,11,,,1,70,,119361,11,,,1
72101,'721-Saturday-1-26-02-0000010',604,,78604,11,,,1,30,,78601,11,,,1,70,,78608,11,,,1,30,,78611,11,,,1,70,,78614,11,,,1,25,,78598,11,,,1,20,,78599,11,,,1,60,,78618,11,,,1,20,,78619,11,,,1,20,,78620,11,,,1,60,,78621,11,,,1,20,,78622,11,,,1,20,,78623,11,,,1,60,,78624,11,,,1,20,,78625,11,,,1,20,,78626,11,,,1,60,,78627,11,,,1,20,,78628,11,,,1,20,,78629,11,,,1,60,,78630,11,,,1,20,,78631,11,,,1,20,,78632,11,,,1,60,,78633,11,,,1,20,,78634,11,,,1,20,,78635,11,,,1,60,,78636,11,,,1,20,,78637,11,,,1,20,,78638,11,,,1,60,,78639,11,,,1,20,,78640,11,,,1,20,,78641,11,,,1,60,,78642,11,,,1,20,,78643,11,,,1,20,,78644,11,,,1,60,,78645,11,,,1,20,,78616,11,,,1,20,,78617,11,,,1,70,,78603,11,,,1,30,,78613,11,,,1,70,,78615,11,,,1,30,,78607,11,,,1,70,,78600,11,,,1,30,,78606,11,,,1,70,,78612,11,,,1,30,,78605,11,,,1,70,,78610,11,,,1,30,,78602,11,,,1,70,,78609,11,,,1
72101,'721-Sunday-2-26-02-0000001',625,,119364,11,,,1,30,,119365,11,,,1,70,,119366,11,,,1,30,,119367,11,,,1,70,,119368,11,,,1,28,,119369,11,,,1,69,,119370,11,,,1,30,,119371,11,,,1,70,,119372,11,,,1,30,,119373,11,,,1,70,,119374,11,,,1,30,,119375,11,,,1,70,,119376,11,,,1,27,,119377,11,,,1,70,,119378,11,,,1,30,,119379,11,,,1,70,,119380,11,,,1,30,,119381,11,,,1,70,,119382,11,,,1,30,,119383,11,,,1,70,,119384,11,,,1,30,,119385,11,,,1,71,,119386,11,,,1,30,,119387,11,,,1,70,,119388,11,,,1,30,,119389,11,,,1,70,,119390,11,,,1,30,,119391,11,,,1,70,,119392,11,,,1,30,,119393,11,,,1,70,,119394,11,,,1,30,,119395,11,,,1,70,,119396,11,,,1,30,,119397,11,,,1,70,,119398,11,,,1,30,,119399,11,,,1,70,,119400,11,,,1
