800,'008-Weekday-1-26-02-1111100',542,,13996,35,,,1,60,,13997,35,,,1,20,,13994,34,,,1,24,,13995,34,,,1,64,,14066,34,,,1,15,,14068,35,,,1,12,,14065,34,,,1,12,,13998,35,,,1,52,,13999,35,,,1,12,,14000,34,,,1,12,,14001,35,,,1,12,,14067,34,,,1,12,,14002,34,,,1,52,,14003,34,,,1,13,,14004,34,,,1,11,,14005,34,,,1,13,,14070,34,,,1,15,,14006,34,,,1,55,,14007,34,,,1,15,,14008,34,,,1,15,,14009,34,,,1,15,,14010,34,,,1,55,,14011,34,,,1,15,,14012,34,,,1,15,,14013,34,,,1,15,,14014,34,,,1,55,,14015,35,,,1,15,,14016,34,,,1,15,,14017,34,,,1,15,,14018,34,,,1,55,,14019,34,,,1,15,,14020,34,,,1,15,,14021,34,,,1,15,,14022,34,,,1,55,,14023,34,,,1,15,,14024,34,,,1,12,,14069,35,,,1,12,,14025,34,,,1,12,,14026,34,,,1,53,,14027,34,,,1,13,,14028,34,,,1,7,,14071,35,,,1,7,,14029,35,,,1,12,,14030,34,,,1,52,,14031,34,,,1,12,,14032,34,,,1,12,,14033,34,,,1,12,,14034,35,,,1,12,,14035,34,,,1,52,,14036,34,,,1,12,,14037,34,,,1,12,,14038,34,,,1,12,,14039,34,,,1,15,,14040,34,,,1,55,,14041,34,,,1,15,,14042,34,,,1,13,,14043,34,,,1,13,,14044,34,,,1,53,,14045,34,,,1,15,,14046,35,,,1,15,,14047,34,,,1,15,,14048,34,,,1,55,,14049,34,,,1,15,,14050,34,,,1,15,,14051,35,,,1,15,,14052,34,,,1,55,,14053,34,,,1,15,,14054,34,,,1,15,,14055,34,,,1,15,,14056,34,,,1,55,,14057,34,,,1,13,,14058,34,,,1,18,,14059,34,,,1,20,,14060,34,,,1,60,,14061,34,,,1,20,,14062,34,,,1,20,,14063,34,,,1,59,,14064,34,,,1,26,,13988,34,,,1,70,,13989,35,,,1,30,,13990,35,,,1,70,,13991,35,,,1,30,,13992,34,,,1,70,,13993,34,,,1
800,'008-Weekday-10-26-02-1111100',542,,14081,35,,,1,60,,14082,35,,,1,20,,14079,34,,,1,24,,14080,34,,,1,64,,14151,34,,,1,15,,14153,35,,,1,12,,14150,34,,,1,12,,14083,35,,,1,52,,14084,35,,,1,12,,14085,34,,,1,12,,14086,35,,,1,12,,14152,34,,,1,12,,14087,34,,,1,52,,14088,34,,,1,13,,14089,34,,,1,11,,14090,34,,,1,13,,14155,34,,,1,15,,14091,34,,,1,55,,14092,34,,,1,15,,14093,34,,,1,15,,14094,34,,,1,15,,14095,34,,,1,55,,14096,34,,,1,15,,14097,34,,,1,15,,14098,34,,,1,15,,14099,34,,,1,55,,14100,35,,,1,15,,14101,34,,,1,15,,14102,34,,,1,15,,14103,34,,,1,55,,14104,34,,,1,15,,14105,34,,,1,15,,14106,34,,,1,15,,14107,34,,,1,55,,14108,34,,,1,15,,14109,34,,,1,12,,14154,35,,,1,12,,14110,34,,,1,12,,14111,34,,,1,53,,14112,34,,,1,13,,14113,34,,,1,7,,14156,35,,,1,7,,14114,35,,,1,12,,14115,34,,,1,52,,14116,34,,,1,12,,14117,34,,,1,12,,14118,34,,,1,12,,14119,35,,,1,12,,14120,34,,,1,52,,14121,34,,,1,12,,14122,34,,,1,12,,14123,34,,,1,12,,14124,34,,,1,15,,14125,34,,,1,55,,14126,34,,,1,15,,14127,34,,,1,13,,14128,34,,,1,13,,14129,34,,,1,53,,14130,34,,,1,15,,14131,35,,,1,15,,14132,34,,,1,15,,14133,34,,,1,55,,14134,34,,,1,15,,14135,34,,,1,15,,14136,35,,,1,15,,14137,34,,,1,55,,14138,34,,,1,15,,14139,34,,,1,15,,14140,34,,,1,15,,14141,34,,,1,55,,14142,34,,,1,13,,14143,34,,,1,18,,14144,34,,,1,20,,14145,34,,,1,60,,14146,34,,,1,20,,14147,34,,,1,20,,14148,34,,,1,59,,14149,34,,,1,26,,14073,34,,,1,70,,14074,35,,,1,30,,14075,35,,,1,70,,14076,35,,,1,30,,14077,34,,,1,70,,14078,34,,,1
800,'008-Saturday-1-26-02-0000010',555,,14752,35,,,1,60,,14753,35,,,1,20,,14754,35,,,1,20,,14755,34,,,1,60,,14756,34,,,1,20,,14757,34,,,1,20,,14758,34,,,1,60,,14824,34,,,1,20,,14825,34,,,1,18,,14759,35,,,1,58,,14760,34,,,1,19,,14762,34,,,1,16,,14763,34,,,1,56,,14764,35,,,1,14,,14761,34,,,1,15,,14765,34,,,1,17,,14766,34,,,1,56,,14767,34,,,1,15,,14768,34,,,1,15,,14769,34,,,1,16,,14770,34,,,1,56,,14771,34,,,1,13,,14772,34,,,1,16,,14773,34,,,1,15,,14774,34,,,1,55,,14775,34,,,1,15,,14776,34,,,1,16,,14777,34,,,1,14,,14778,34,,,1,55,,14779,34,,,1,15,,14780,34,,,1,15,,14781,34,,,1,15,,14782,34,,,1,55,,14783,34,,,1,15,,14784,34,,,1,15,,14785,34,,,1,15,,14786,34,,,1,55,,14787,34,,,1,15,,14788,34,,,1,15,,14789,34,,,1,15,,14790,34,,,1,55,,14791,34,,,1,14,,14792,34,,,1,15,,14793,34,,,1,15,,14794,34,,,1,55,,14795,34,,,1,16,,14796,34,,,1,15,,14798,34,,,1,15,,14799,34,,,1,54,,14800,34,,,1,15,,14797,35,,,1,15,,14801,34,,,1,15,,14802,35,,,1,56,,14803,35,,,1,14,,14804,34,,,1,15,,14805,34,,,1,15,,14806,35,,,1,55,,14807,34,,,1,15,,14808,34,,,1,15,,14809,34,,,1,16,,14810,34,,,1,54,,14811,34,,,1,15,,14812,34,,,1,15,,14823,34,,,1,20,,14813,34,,,1,60,,14814,34,,,1,20,,14815,34,,,1,20,,14816,34,,,1,60,,14817,34,,,1,30,,14818,34,,,1,70,,14819,34,,,1,30,,14820,34,,,1,70,,14821,34,,,1,30,,14822,34,,,1,70,,14826,34,,,1
11100,'111-Weekday-1-26-02-1111100',914,,33977,19,,,1,100,,33978,19,,,1,100,,33979,19,,,1,100,,33980,19,,,1,100,,33981,19,,,1,100,,33982,19,,,1,101,,33983,19,0,34,1
11100,'111-Weekday-10-26-02-1111100',914,,33984,19,,,1,100,,33985,19,,,1,100,,33986,19,,,1,100,,33987,19,,,1,100,,33988,19,,,1,100,,33989,19,,,1,101,,33990,19,0,34,1
11100,'111-Saturday-1-26-02-0000010',914,,34045,19,0,34,1,100,,34046,19,0,34,1,100,,34042,19,0,34,1,100,,34043,19,0,34,1,100,,34044,19,0,34,1,100,,34040,19,0,34,1,100,,34041,19,0,34,1
11101,'111-Weekday-1-26-02-1111100',959,,34047,40,,,1,100,,34048,40,,,1,100,,34049,40,,,1,100,,34050,40,,,1,100,,34051,40,,,1,100,,34052,40,,,1,100,,34053,40,,,1
11101,'111-Weekday-10-26-02-1111100',959,,34054,40,,,1,100,,34055,40,,,1,100,,34056,40,,,1,100,,34057,40,,,1,100,,34058,40,,,1,100,,34059,40,,,1,100,,34060,40,,,1
11101,'111-Saturday-1-26-02-0000010',942,,34110,33,0,17,1,100,,34112,33,0,17,1,100,,34113,33,0,17,1,100,,34114,33,0,17,1,100,,34115,33,0,17,1,100,,34116,33,0,17,1,100,,34111,33,0,17,1
56001,'560-Weekday-1-26-02-1111100',648,,59962,17,0,35 36,1,60,,59961,17,0,35 36,1,20,,59963,17,0,35 36,1,15,,59964,17,0,35 36,1,60,,59968,17,0,35 36,1,110,,59970,17,0,35 36,1,115,,59971,17,0,35 36,1,100,,59972,17,0,35 36,1,100,,59973,17,0,35 36,1,100,,59974,17,0,35 36,1,30,,59996,17,0,35 36,1,70,,59975,17,0,35 36,1,24,,59976,17,0,35 36,1,60,,59977,17,0,35 36,1,20,,59978,17,0,35 36,1,20,,59979,17,0,35 36,1,60,,59980,17,0,35 36,1,20,,59981,17,0,35 36,1,15,,59998,17,0,35 36,1,55,,59982,17,0,35 36,1,15,,59983,17,0,35 36,1,40,,59984,17,0,35 36,1,100,,59985,17,0,35 36,1,200,,59986,17,0,35 36,1
56001,'560-Weekday-3-26-02-1111100',648,,60065,17,0,35 36,1,60,,60064,17,0,35 36,1,20,,60066,17,0,35 36,1,15,,60067,17,0,35 36,1,60,,60071,17,0,35 36,1,110,,60073,17,0,35 36,1,115,,60074,17,0,35 36,1,100,,60075,17,0,35 36,1,100,,60076,17,0,35 36,1,100,,60077,17,0,35 36,1,30,,60099,17,0,35 36,1,70,,60078,17,0,35 36,1,24,,60079,17,0,35 36,1,60,,60080,17,0,35 36,1,20,,60081,17,0,35 36,1,20,,60082,17,0,35 36,1,60,,60083,17,0,35 36,1,20,,60084,17,0,35 36,1,15,,60101,17,0,35 36,1,55,,60085,17,0,35 36,1,15,,60086,17,0,35 36,1,40,,60087,17,0,35 36,1,100,,60088,17,0,35 36,1,200,,60089,17,0,35 36,1
90200,'902-Weekday-1-26-02-1111100',547,,84076,22,,,1,70,,84077,21,,,1,36,,84078,21,,,1,70,,84079,21,,,1,30,,84080,21,,,1,64,,84081,21,,,1,24,,84082,21,,,1,64,,84083,21,,,1,25,,84084,21,,,1,23,,84125,21,,,1,65,,84126,21,,,1,22,,84085,21,,,1,60,,84086,21,,,1,20,,84087,21,,,1,20,,84088,21,,,1,60,,84089,22,,,1,20,,84090,22,,,1,20,,84091,21,,,1,60,,84092,21,,,1,20,,84093,21,,,1,20,,84094,21,,,1,60,,84095,21,,,1,20,,84096,22,,,1,20,,84097,22,,,1,66,,84098,21,,,1,14,,84099,22,,,1,13,,84100,21,,,1,12,,84101,22,,,1,12,,84102,22,,,1,52,,84103,21,,,1,12,,84104,22,,,1,12,,84105,22,,,1,12,,84106,21,,,1,12,,84107,21,,,1,52,,84108,21,,,1,12,,84109,22,,,1,12,,84110,22,,,1,12,,84111,21,,,1,12,,84112,22,,,1,52,,84113,21,,,1,22,,84114,21,,,1,25,,84115,21,,,1,70,,84116,22,,,1,30,,84117,21,,,1,70,,84118,21,,,1,30,,84119,22,,,1,70,,84120,21,,,1,30,,84121,21,,,1,67,,84122,21,,,1,100,,84123,21,,,1,100,,84124,21,,,1
90200,'902-Weekday-10-26-02-1111100',547,,84127,22,,,1,70,,84128,21,,,1,36,,84129,21,,,1,70,,84130,21,,,1,30,,84131,21,,,1,64,,84132,21,,,1,24,,84133,21,,,1,64,,84134,21,,,1,25,,84135,21,,,1,23,,84176,21,,,1,65,,84177,21,,,1,22,,84136,21,,,1,60,,84137,21,,,1,20,,84138,21,,,1,20,,84139,21,,,1,60,,84140,22,,,1,20,,84141,22,,,1,20,,84142,21,,,1,60,,84143,21,,,1,20,,84144,21,,,1,20,,84145,21,,,1,60,,84146,21,,,1,20,,84147,22,,,1,20,,84148,22,,,1,66,,84149,21,,,1,14,,84150,22,,,1,13,,84151,21,,,1,12,,84152,22,,,1,12,,84153,22,,,1,52,,84154,21,,,1,12,,84155,22,,,1,12,,84156,22,,,1,12,,84157,21,,,1,12,,84158,21,,,1,52,,84159,21,,,1,12,,84160,22,,,1,12,,84161,22,,,1,12,,84162,21,,,1,12,,84163,22,,,1,52,,84164,21,,,1,22,,84165,21,,,1,25,,84166,21,,,1,70,,84167,22,,,1,30,,84168,21,,,1,70,,84169,21,,,1,30,,84170,22,,,1,70,,84171,21,,,1,30,,84172,21,,,1,67,,84173,21,,,1,100,,84174,21,,,1,100,,84175,21,,,1
90200,'902-Saturday-1-26-02-0000010',605,,84535,22,,,1,100,,84536,21,,,1,100,,84537,21,,,1,37,,84538,22,,,1,73,,84539,22,,,1,31,,84540,21,,,1,70,,84541,21,,,1,30,,84542,21,,,1,70,,84543,21,,,1,30,,84544,21,,,1,70,,84545,21,,,1,30,,84546,21,,,1,70,,84547,21,,,1,30,,84548,21,,,1,70,,84549,21,,,1,30,,84550,21,,,1,70,,84551,21,,,1,30,,84552,21,,,1,70,,84553,21,,,1,30,,84554,21,,,1,68,,84555,21,,,1,33,,84561,21,,,1,70,,84562,21,,,1,30,,84563,21,,,1,100,,84556,21,,,1,100,,84557,21,,,1,100,,84558,21,,,1,100,,84559,21,,,1,100,,84560,21,,,1
24011000,'110X-Weekday-1-26-02-1111100',544,,100709,11,,,1,70,,100691,11,,,1,32,,100710,11,,,1,60,,100711,11,,,1,20,,100712,11,,,1,20,,100713,11,,,1,60,,100714,11,,,1,20,,100715,11,,,1,20,,100732,11,,,1,61,,100731,11,,,1,20,,100730,11,,,1,20,,100729,11,,,1,60,,100728,11,,,1,20,,100727,11,,,1,20,,100726,11,,,1,60,,100725,11,,,1,20,,100733,11,,,1,11,,100692,11,,,1,10,,100693,11,,,1,10,,100694,11,,,1,50,,100720,11,,,1,10,,100695,11,,,1,10,,100696,11,,,1,10,,100697,11,,,1,10,,100721,11,,,1,10,,100698,11,,,1,50,,100699,11,,,1,10,,100700,11,,,1,10,,100722,11,,,1,10,,100701,11,,,1,10,,100702,11,,,1,10,,100703,11,,,1,50,,100723,11,,,1,10,,100704,11,,,1,10,,100705,11,,,1,10,,100706,11,,,1,10,,100719,11,,,1,9,,100724,11,,,1,50,,100716,11,,,1,4,,100749,11,,,1,4,,100707,11,,,1,8,,100717,11,,,1,7,,100708,11,,,1,4,,100750,11,,,1,4,,100718,11,,,1,11,,100734,11,,,1,10,,100735,11,,,1,50,,100736,11,,,1,10,,100737,11,,,1,10,,100738,11,,,1,10,,100739,11,,,1,10,,100740,11,,,1,10,,100741,11,,,1,50,,100742,11,,,1,15,,100743,11,,,1,15,,100744,11,,,1,15,,100745,11,,,1,55,,100746,11,,,1,19,,100747,11,,,1,25,,100748,11,,,1,65,,100751,11,,,1,30,,100752,11,,,1,70,,100753,11,,,1,30,,100754,11,,,1,70,,100755,11,,,1,30,,100756,11,,,1
24011000,'110X-Weekday-10-26-02-1111100',544,,100775,11,,,1,70,,100757,11,,,1,32,,100776,11,,,1,60,,100777,11,,,1,20,,100778,11,,,1,20,,100779,11,,,1,60,,100780,11,,,1,20,,100781,11,,,1,20,,100798,11,,,1,61,,100797,11,,,1,20,,100796,11,,,1,20,,100795,11,,,1,60,,100794,11,,,1,20,,100793,11,,,1,20,,100792,11,,,1,60,,100791,11,,,1,20,,100799,11,,,1,11,,100758,11,,,1,10,,100759,11,,,1,10,,100760,11,,,1,50,,100786,11,,,1,10,,100761,11,,,1,10,,100762,11,,,1,10,,100763,11,,,1,10,,100787,11,,,1,10,,100764,11,,,1,50,,100765,11,,,1,10,,100766,11,,,1,10,,100788,11,,,1,10,,100767,11,,,1,10,,100768,11,,,1,10,,100769,11,,,1,50,,100789,11,,,1,10,,100770,11,,,1,10,,100771,11,,,1,10,,100772,11,,,1,10,,100785,11,,,1,9,,100790,11,,,1,50,,100782,11,,,1,4,,100815,11,,,1,4,,100773,11,,,1,8,,100783,11,,,1,7,,100774,11,,,1,4,,100816,11,,,1,4,,100784,11,,,1,11,,100800,11,,,1,10,,100801,11,,,1,50,,100802,11,,,1,10,,100803,11,,,1,10,,100804,11,,,1,10,,100805,11,,,1,10,,100806,11,,,1,10,,100807,11,,,1,50,,100808,11,,,1,15,,100809,11,,,1,15,,100810,11,,,1,15,,100811,11,,,1,55,,100812,11,,,1,19,,100813,11,,,1,25,,100814,11,,,1,65,,100817,11,,,1,30,,100818,11,,,1,70,,100819,11,,,1,30,,100820,11,,,1,70,,100821,11,,,1,30,,100822,11,,,1
24011000,'110X-Saturday-1-26-02-0000010',843,,101281,11,,,1,61,,101282,11,,,1,24,,101283,11,,,1,23,,101284,11,,,1,60,,101285,11,,,1,20,,101286,11,,,1,20,,101287,11,,,1,60,,101288,11,,,1,20,,101289,11,,,1,20,,101290,11,,,1,60,,101291,11,,,1,20,,101292,11,,,1,20,,101293,11,,,1,60,,101294,11,,,1,20,,101295,11,,,1,20,,101296,11,,,1,60,,101297,11,,,1,20,,101298,11,,,1,20,,101299,11,,,1,60,,101300,11,,,1,20,,101301,11,,,1,20,,101302,11,,,1,60,,101303,11,,,1,20,,101304,11,,,1,20,,101305,11,,,1,59,,101306,11,,,1,19,,101307,11,,,1,18,,101308,11,,,1,60,,101309,11,,,1,20,,101310,11,,,1,20,,101311,11,,,1,60,,101312,11,,,1
