5300,'053-Weekday-1-26-04-1111100',529,,115130,3,,,1,30,,115131,3,,,1,71,,115132,3,,,1,15,,115160,3,,,1,55,,115133,3,,,1,15,,115161,3,,,1,15,,115134,3,,,1,15,,115135,3,,,1,55,,115166,3,,,1,15,,115167,3,,,1,15,,115136,3,,,1,74,,115172,3,,,1,28,,115137,3,,,1,70,,115138,3,,,1,30,,115139,3,,,1,70,,115140,3,,,1,30,,115141,3,,,1,70,,115142,3,,,1,30,,115143,3,,,1,70,,115144,3,,,1,30,,115145,3,,,1,70,,115146,3,,,1,29,,115147,3,,,1,18,,115164,3,,,1,58,,115148,3,,,1,18,,115165,3,,,1,16,,115149,3,,,1,15,,115162,3,,,1,55,,115163,3,,,1,15,,115150,3,,,1,15,,115168,3,,,1,15,,115169,3,,,1,55,,115151,3,,,1,15,,115173,3,,,1,15,,115174,3,,,1,69,,115152,3,,,1,29,,115153,3,,,1,68,,115154,3,,,1,26,,115155,3,,,1,70,,115156,3,,,1,30,,115157,3,,,1,70,,115158,3,,,1,30,,115159,3,,,1,70,,115129,3,,,1,52,,115170,3,,,1,100,,115171,3,,,1
5300,'053-Saturday-1-26-04-0000010',602,,115267,3,,,1,100,,115268,3,,,1,100,,115269,3,,,1,51,,115270,3,,,1,70,,115271,3,,,1,30,,115272,3,,,1,70,,115273,3,,,1,30,,115274,3,,,1,70,,115275,3,,,1,30,,115276,3,,,1,70,,115277,3,,,1,30,,115278,3,,,1,70,,115279,3,,,1,30,,115280,3,,,1,70,,115281,3,,,1,30,,115282,3,,,1,70,,115283,3,,,1,30,,115284,3,,,1,70,,115285,3,,,1,30,,115286,3,,,1,70,,115287,3,,,1,30,,115288,3,,,1,70,,115289,3,,,1,30,,115290,3,,,1,70,,115291,3,,,1,79,,115292,3,,,1,100,,115293,3,,,1,100,,115294,3,,,1,100,,115295,3,,,1
5300,'053-Sunday-1-26-04-0000001',701,,115296,3,,,1,100,,115297,3,,,1,100,,115298,3,,,1,104,,115299,3,,,1,30,,115300,3,,,1,70,,115301,3,,,1,30,,115302,3,,,1,70,,115303,3,,,1,30,,115304,3,,,1,70,,115305,3,,,1,30,,115306,3,,,1,70,,115307,3,,,1,30,,115308,3,,,1,70,,115309,3,,,1,30,,115310,3,,,1,70,,115311,3,,,1,30,,115312,3,,,1,70,,115313,3,,,1,30,,115314,3,,,1,70,,115315,3,,,1,30,,115316,3,,,1,70,,115317,3,,,1,96,,115318,3,,,1,100,,115319,3,,,1,100,,115320,3,,,1,100,,115321,3,,,1
50800,'508-Weekday-1-26-04-1111100',531,,126342,3,,,1,70,,126343,3,,,1,30,,126347,3,,,1,70,,126369,3,,,1,25,,126344,3,,,1,20,,126366,3,,,1,60,,126345,3,,,1,20,,126346,3,,,1,18,,126377,3,,,1,72,,126348,3,,,1,30,,126349,3,,,1,70,,126350,3,,,1,30,,126351,3,,,1,70,,126352,3,,,1,30,,126353,3,,,1,70,,126354,3,,,1,30,,126355,3,,,1,70,,126356,3,,,1,30,,126357,3,,,1,70,,126358,3,,,1,30,,126359,3,,,1,65,,126360,3,,,1,20,,126367,3,,,1,20,,126361,3,,,1,60,,126362,3,,,1,20,,126363,3,,,1,20,,126364,3,,,1,60,,126365,3,,,1,20,,126379,3,,,1,70,,126378,3,,,1,29,,126370,3,,,1,70,,126371,3,,,1,30,,126372,3,,,1,70,,126373,3,,,1,31,,126374,3,,,1,70,,126375,3,,,1,30,,126376,3,,,1,70,,126368,3,,,1
50800,'508-Saturday-1-26-04-0000010',635,,126456,3,,,1,100,,126457,3,,,1,100,,126458,3,,,1,70,,126459,3,,,1,30,,126460,3,,,1,70,,126461,3,,,1,30,,126462,3,,,1,70,,126463,3,,,1,30,,126464,3,,,1,70,,126465,3,,,1,30,,126466,3,,,1,70,,126467,3,,,1,30,,126468,3,,,1,70,,126469,3,,,1,30,,126470,3,,,1,70,,126471,3,,,1,30,,126472,3,,,1,70,,126473,3,,,1,30,,126474,3,,,1,70,,126475,3,,,1,30,,126476,3,,,1,70,,126477,3,,,1,30,,126478,3,,,1,70,,126479,3,,,1
50800,'508-Sunday-1-26-04-0000001',1037,,126480,3,,,1,70,,126481,3,,,1,30,,126482,3,,,1,70,,126483,3,,,1,30,,126484,3,,,1,70,,126485,3,,,1,30,,126486,3,,,1,70,,126487,3,,,1,30,,126488,3,,,1,70,,126489,3,,,1,30,,126490,3,,,1,70,,126491,3,,,1,30,,126492,3,,,1,70,,126493,3,,,1,30,,126494,3,,,1,70,,126495,3,,,1,30,,126496,3,,,1
51500,'515-Weekday-1-26-04-0001000',1235,,127621,3,,,1
51500,'515-Weekday-1-26-04-1110100',1524,,127622,3,,,1,26,,127623,3,,,1
51500,'515-Weekday-1-26-04-1111100',539,,127624,3,,,1,70,,127670,3,,,1,30,,127659,3,,,1,15,,127665,3,,,1,55,,127666,3,,,1,15,,127625,3,,,1,15,,127626,3,,,1,15,,127627,3,,,1,55,,127661,3,,,1,15,,127628,3,,,1,20,,127629,3,,,1,60,,127653,3,,,1,20,,127630,3,,,1,20,,127631,3,,,1,60,,127654,3,,,1,20,,127632,3,,,1,20,,127633,3,,,1,60,,127655,3,,,1,20,,127634,3,,,1,20,,127635,3,,,1,60,,127656,3,,,1,20,,127636,3,,,1,20,,127637,3,,,1,60,,127657,3,,,1,20,,127638,3,,,1,20,,127639,3,,,1,60,,127658,3,,,1,20,,127640,3,,,1,20,,127641,3,,,1,56,,127674,3,,,1,15,,127663,3,,,1,15,,127671,3,,,1,15,,127664,3,,,1,55,,127660,3,,,1,15,,127672,3,,,1,15,,127673,3,,,1,15,,127668,3,,,1,55,,127662,3,,,1,15,,127642,3,,,1,15,,127643,3,,,1,70,,127667,3,,,1,30,,127644,3,,,1,29,,127645,3,,,1,70,,127646,3,,,1,30,,127647,3,,,1,70,,127648,3,,,1,30,,127649,3,,,1,70,,127650,3,,,1,30,,127669,3,,,1,100,,127651,3,,,1,100,,127652,3,,,1
51500,'515-Saturday-1-26-04-0000010',618,,127780,3,,,1,99,,127781,3,,,1,84,,127782,3,,,1,20,,127812,3,,,1,21,,127783,3,,,1,61,,127784,3,,,1,20,,127785,3,,,1,20,,127813,3,,,1,60,,127786,3,,,1,20,,127787,3,,,1,20,,127814,3,,,1,60,,127788,3,,,1,20,,127789,3,,,1,20,,127815,3,,,1,60,,127790,3,,,1,20,,127791,3,,,1,20,,127816,3,,,1,60,,127792,3,,,1,20,,127793,3,,,1,20,,127817,3,,,1,60,,127794,3,,,1,20,,127795,3,,,1,20,,127818,3,,,1,60,,127796,3,,,1,20,,127797,3,,,1,20,,127819,3,,,1,60,,127798,3,,,1,20,,127799,3,,,1,20,,127820,3,,,1,60,,127800,3,,,1,20,,127801,3,,,1,20,,127821,3,,,1,60,,127802,3,,,1,20,,127803,3,,,1,20,,127822,3,,,1,60,,127804,3,,,1,30,,127805,3,,,1,70,,127810,3,,,1,30,,127807,3,,,1,70,,127811,3,,,1,30,,127808,3,,,1,100,,127806,3,,,1,100,,127809,3,,,1
51500,'515-Sunday-1-26-04-0000001',618,,127823,3,,,1,100,,127824,3,,,1,100,,127825,3,,,1,98,,127826,3,,,1,85,,127827,3,,,1,20,,127828,3,,,1,20,,127852,3,,,1,60,,127829,3,,,1,20,,127830,3,,,1,20,,127853,3,,,1,60,,127831,3,,,1,20,,127832,3,,,1,20,,127854,3,,,1,60,,127833,3,,,1,20,,127834,3,,,1,20,,127855,3,,,1,60,,127835,3,,,1,20,,127836,3,,,1,20,,127856,3,,,1,60,,127837,3,,,1,20,,127838,3,,,1,20,,127857,3,,,1,60,,127839,3,,,1,20,,127840,3,,,1,20,,127858,3,,,1,60,,127841,3,,,1,22,,127842,3,,,1,20,,127859,3,,,1,60,,127843,3,,,1,20,,127844,3,,,1,20,,127860,3,,,1,60,,127845,3,,,1,30,,127848,3,,,1,70,,127846,3,,,1,30,,127849,3,,,1,70,,127850,3,,,1,100,,127847,3,,,1,100,,127851,3,,,1,100,,127861,3,,,1
52701,'527-Weekday-1-26-04-1111100',537,,131283,3,,,1,70,,131284,3,,,1,30,,131285,3,,,1,70,,131286,3,,,1,20,,131287,3,,,1,20,,131288,3,,,1,60,,131289,3,,,1,20,,131290,3,,,1,20,,131291,3,,,1,60,,131292,3,,,1,30,,131293,3,,,1,70,,131294,3,,,1,30,,131295,3,,,1,70,,131296,3,,,1,30,,131297,3,,,1,70,,131298,3,,,1,30,,131299,3,,,1,70,,131300,3,,,1,30,,131301,3,,,1,70,,131302,3,,,1,30,,131303,3,,,1,70,,131304,3,,,1,20,,131305,3,,,1,20,,131306,3,,,1,60,,131307,3,,,1,20,,131308,3,,,1,20,,131309,3,,,1,60,,131310,3,,,1,20,,131311,3,,,1,20,,131312,3,,,1,60,,131313,3,,,1,30,,131314,3,,,1,70,,131315,3,,,1,30,,131316,3,,,1,70,,131317,3,,,1,30,,131318,3,,,1,70,,131319,3,,,1,30,,131320,3,,,1
52701,'527-Saturday-1-26-04-0000010',613,,131400,3,,,1,100,,131401,3,,,1,100,,131402,3,,,1,30,,131403,3,,,1,70,,131404,3,,,1,30,,131405,3,,,1,70,,131406,3,,,1,30,,131407,3,,,1,70,,131408,3,,,1,30,,131409,3,,,1,70,,131410,3,,,1,30,,131411,3,,,1,70,,131412,3,,,1,30,,131413,3,,,1,70,,131414,3,,,1,30,,131415,3,,,1,70,,131416,3,,,1,30,,131417,3,,,1,70,,131418,3,,,1,30,,131419,3,,,1,70,,131420,3,,,1,30,,131421,3,,,1,70,,131422,3,,,1,30,,131423,3,,,1
52701,'527-Sunday-1-26-04-0000001',1017,,131424,3,,,1,30,,131425,3,,,1,70,,131426,3,,,1,30,,131427,3,,,1,70,,131428,3,,,1,30,,131429,3,,,1,70,,131430,3,,,1,30,,131431,3,,,1,70,,131432,3,,,1,30,,131433,3,,,1,70,,131434,3,,,1,30,,131435,3,,,1,70,,131436,3,,,1,30,,131437,3,,,1,70,,131438,3,,,1,30,,131439,3,,,1,70,,131440,3,,,1,30,,131441,3,,,1
