5201,'052-Weekday-1-26-02-1111100',618,,20660,58,,,1,30,,20618,58,,,1,76,,20619,58,,,1,25,,20620,58,,,1,57,,20621,58,,,1,15,,20622,58,,,1,15,,20623,58,,,1,15,,20617,58,,,1,54,,20659,58,,,1,14,,20624,58,,,1,18,,20625,58,,,1,70,,20626,58,,,1,30,,20627,58,,,1,70,,20628,58,,,1,30,,20629,58,,,1,70,,20630,58,,,1,30,,20631,58,,,1,70,,20632,58,,,1,30,,20633,58,,,1,70,,20634,58,,,1,30,,20635,58,,,1,71,,20636,58,,,1,24,,20637,58,,,1,7,,20662,25,,,1,8,,20638,58,,,1,58,,20639,58,,,1,15,,20640,58,,,1,14,,20641,58,,,1,15,,20642,58,,,1,55,,20643,58,,,1,15,,20644,58,,,1,15,,20645,58,,,1,14,,20646,58,,,1,63,,20647,58,,,1,28,,20648,58,,,1,63,,20649,58,,,1,29,,20650,58,,,1,70,,20651,58,,,1,30,,20652,58,,,1,70,,20653,58,,,1,30,,20654,58,,,1,28,,20655,58,,,1,68,,20656,58,,,1,99,,20657,58,,,1,100,,20658,58,,,1
5201,'052-Weekday-10-26-02-1111100',618,,20706,58,,,1,30,,20664,58,,,1,76,,20665,58,,,1,25,,20666,58,,,1,57,,20667,58,,,1,15,,20668,58,,,1,15,,20669,58,,,1,15,,20663,58,,,1,54,,20705,58,,,1,14,,20670,58,,,1,18,,20671,58,,,1,70,,20672,58,,,1,30,,20673,58,,,1,70,,20674,58,,,1,30,,20675,58,,,1,70,,20676,58,,,1,30,,20677,58,,,1,70,,20678,58,,,1,30,,20679,58,,,1,70,,20680,58,,,1,30,,20681,58,,,1,71,,20682,58,,,1,24,,20683,58,,,1,7,,20708,25,,,1,8,,20684,58,,,1,58,,20685,58,,,1,15,,20686,58,,,1,14,,20687,58,,,1,15,,20688,58,,,1,55,,20689,58,,,1,15,,20690,58,,,1,15,,20691,58,,,1,14,,20692,58,,,1,63,,20693,58,,,1,28,,20694,58,,,1,63,,20695,58,,,1,29,,20696,58,,,1,70,,20697,58,,,1,30,,20698,58,,,1,70,,20699,58,,,1,30,,20700,58,,,1,28,,20701,58,,,1,68,,20702,58,,,1,99,,20703,58,,,1,100,,20704,58,,,1
5201,'052-Weekday-4-26-02-1111100',618,,20798,58,,,1,30,,20756,58,,,1,76,,20757,58,,,1,25,,20758,58,,,1,57,,20759,58,,,1,15,,20760,58,,,1,15,,20761,58,,,1,15,,20755,58,,,1,54,,20797,58,,,1,14,,20762,58,,,1,18,,20763,58,,,1,70,,20764,58,,,1,30,,20765,58,,,1,70,,20766,58,,,1,30,,20767,58,,,1,70,,20768,58,,,1,30,,20769,58,,,1,70,,20770,58,,,1,30,,20771,58,,,1,70,,20772,58,,,1,30,,20773,58,,,1,71,,20774,58,,,1,24,,20775,58,,,1,15,,20776,58,,,1,58,,20777,58,,,1,15,,20778,58,,,1,14,,20779,58,,,1,15,,20780,58,,,1,55,,20781,58,,,1,15,,20782,58,,,1,15,,20783,58,,,1,14,,20784,58,,,1,63,,20785,58,,,1,28,,20786,58,,,1,63,,20787,58,,,1,29,,20788,58,,,1,70,,20789,58,,,1,30,,20790,58,,,1,70,,20791,58,,,1,30,,20792,58,,,1,28,,20793,58,,,1,68,,20794,58,,,1,99,,20795,58,,,1,100,,20796,58,,,1
5201,'052-Weekday-5-26-02-1111100',618,,20842,58,,,1,30,,20800,58,,,1,76,,20801,58,,,1,25,,20802,58,,,1,57,,20803,58,,,1,15,,20804,58,,,1,15,,20805,58,,,1,15,,20799,58,,,1,54,,20841,58,,,1,14,,20806,58,,,1,18,,20807,58,,,1,70,,20808,58,,,1,30,,20809,58,,,1,70,,20810,58,,,1,30,,20811,58,,,1,70,,20812,58,,,1,30,,20813,58,,,1,70,,20814,58,,,1,30,,20815,58,,,1,70,,20816,58,,,1,30,,20817,58,,,1,71,,20818,58,,,1,24,,20819,58,,,1,7,,20844,25,,,1,8,,20820,58,,,1,58,,20821,58,,,1,15,,20822,58,,,1,14,,20823,58,,,1,15,,20824,58,,,1,55,,20825,58,,,1,15,,20826,58,,,1,15,,20827,58,,,1,14,,20828,58,,,1,63,,20829,58,,,1,28,,20830,58,,,1,63,,20831,58,,,1,29,,20832,58,,,1,70,,20833,58,,,1,30,,20834,58,,,1,70,,20835,58,,,1,30,,20836,58,,,1,28,,20837,58,,,1,68,,20838,58,,,1,99,,20839,58,,,1,100,,20840,58,,,1
5201,'052-Weekday-7-26-02-1111100',618,,20932,58,,,1,30,,20890,58,,,1,76,,20891,58,,,1,25,,20892,58,,,1,57,,20893,58,,,1,15,,20894,58,,,1,15,,20895,58,,,1,15,,20889,58,,,1,54,,20931,58,,,1,14,,20896,58,,,1,18,,20897,58,,,1,70,,20898,58,,,1,30,,20899,58,,,1,70,,20900,58,,,1,30,,20901,58,,,1,70,,20902,58,,,1,30,,20903,58,,,1,70,,20904,58,,,1,30,,20905,58,,,1,70,,20906,58,,,1,30,,20907,58,,,1,71,,20908,58,,,1,24,,20909,58,,,1,15,,20910,58,,,1,58,,20911,58,,,1,15,,20912,58,,,1,14,,20913,58,,,1,15,,20914,58,,,1,55,,20915,58,,,1,15,,20916,58,,,1,15,,20917,58,,,1,14,,20918,58,,,1,63,,20919,58,,,1,28,,20920,58,,,1,63,,20921,58,,,1,29,,20922,58,,,1,70,,20923,58,,,1,30,,20924,58,,,1,70,,20925,58,,,1,30,,20926,58,,,1,28,,20927,58,,,1,68,,20928,58,,,1,99,,20929,58,,,1,100,,20930,58,,,1
5201,'052-Saturday-1-26-02-0000010',704,,21023,58,,,1,100,,21024,58,,,1,100,,21025,58,,,1,33,,21026,58,,,1,69,,21027,58,,,1,30,,21028,58,,,1,70,,21029,58,,,1,30,,21030,58,,,1,70,,21031,58,,,1,30,,21032,58,,,1,70,,21033,58,,,1,30,,21034,58,,,1,70,,21035,58,,,1,30,,21036,58,,,1,70,,21037,58,,,1,30,,21038,58,,,1,70,,21039,58,,,1,30,,21040,58,,,1,70,,21041,58,,,1,27,,21042,58,,,1,69,,21043,58,,,1,30,,21044,58,,,1,70,,21045,58,,,1,30,,21046,58,,,1,70,,21047,58,,,1,100,,21048,58,,,1,100,,21049,58,,,1,100,,21050,58,,,1,100,,21051,58,,,1
5201,'052-Sunday-1-26-02-0000001',802,,21075,58,,,1,100,,21052,58,,,1,103,,21053,58,,,1,100,,21054,58,,,1,30,,21055,58,,,1,70,,21056,58,,,1,30,,21057,58,,,1,70,,21058,58,,,1,30,,21059,58,,,1,70,,21060,58,,,1,30,,21061,58,,,1,70,,21062,58,,,1,30,,21063,58,,,1,70,,21064,58,,,1,30,,21065,58,,,1,74,,21066,58,,,1,31,,21067,58,,,1,70,,21068,58,,,1,30,,21069,58,,,1,70,,21070,58,,,1,30,,21074,58,,,1,70,,21071,58,,,1,100,,21072,58,,,1,100,,21073,58,,,1,100,,21076,58,,,1
67100,'671-Weekday-1-26-02-1111100',752,,61729,9,,,1,74,,61730,9,,,1,5,,61731,9,,,1,11,,61732,9,,,1,2,,61733,9,,,1,5,,61734,9,,,1
67100,'671-Weekday-5-26-02-1111100',752,,61746,9,,,1,74,,61747,9,,,1,5,,61748,9,,,1,11,,61749,9,,,1,2,,61750,9,,,1,5,,61751,9,,,1
67100,'671-Weekday-9-26-02-1111100',752,,61754,9,,,1,74,,61755,9,,,1,5,,61756,9,,,1,11,,61757,9,,,1,2,,61758,9,,,1,5,,61759,9,,,1
67101,'671-Weekday-1-26-02-0001000',1425,,61760,2,,,1,1,,61761,2,,,1
67101,'671-Weekday-1-26-02-1110100',1545,,61762,2,,,1,2,,61763,2,,,1,8,,61764,2,,,1
67101,'671-Weekday-5-26-02-0001000',1425,,61773,2,,,1,1,,61774,2,,,1
67101,'671-Weekday-5-26-02-1110100',1545,,61775,2,,,1,2,,61776,2,,,1,8,,61777,2,,,1
67101,'671-Weekday-9-26-02-0001000',1425,,61778,2,,,1,1,,61779,2,,,1
67800,'678-Weekday-1-26-02-1111100',755,,61843,5,,,1,49,,61844,5,,,1,23,,61845,5,,,1,12,,61846,5,,,1,2,,61847,5,,,1,2,,61848,5,,,1,2,,61849,5,,,1
67800,'678-Weekday-5-26-02-1111100',755,,61862,5,,,1,49,,61863,5,,,1,23,,61864,5,,,1,12,,61865,5,,,1,2,,61866,5,,,1,2,,61867,5,,,1,2,,61868,5,,,1
67800,'678-Weekday-9-26-02-1111100',755,,61873,5,,,1,49,,61874,5,,,1,23,,61875,5,,,1,12,,61876,5,,,1,2,,61877,5,,,1,2,,61878,5,,,1,2,,61879,5,,,1
67801,'678-Weekday-1-26-02-0001000',1218,,61880,5,,,1,207,,61881,3,,,1,1,,61882,3,,,1,1,,61883,3,,,1
67801,'678-Weekday-1-26-02-1110100',1514,,61884,5,,,1,1,,61885,5,,,1,30,,61886,3,,,1,1,,61887,3,,,1,10,,61888,3,,,1,1,,61889,3,,,1
67801,'678-Weekday-5-26-02-0000100',1218,,61904,5,,,1
67801,'678-Weekday-5-26-02-0001000',1425,,61905,3,,,1,1,,61906,3,,,1,1,,61907,3,,,1
67801,'678-Weekday-5-26-02-1110100',1545,,61908,3,,,1,1,,61909,3,,,1,10,,61910,3,,,1,1,,61911,3,,,1
67801,'678-Weekday-5-26-02-1111000',1514,,61912,5,,,1,1,,61913,5,,,1
67801,'678-Weekday-9-26-02-0001000',1218,,61918,5,,,1,207,,61919,3,,,1,1,,61920,3,,,1,1,,61921,3,,,1
