52101,'521-Weekday-1-26-02-1111100',553,,56242,27,,,1,70,,56243,27,,,1,16,,56244,27,,,1,20,,56245,27,,,1,55,,56281,27,,,1,15,,56246,27,,,1,15,,56247,27,,,1,15,,56248,27,,,1,55,,56280,27,,,1,15,,56249,27,,,1,15,,56250,27,,,1,15,,56285,27,,,1,60,,56251,27,,,1,28,,56252,27,,,1,70,,56253,27,,,1,30,,56254,27,,,1,70,,56255,27,,,1,30,,56256,27,,,1,70,,56257,27,,,1,30,,56258,27,,,1,70,,56259,27,,,1,30,,56260,27,,,1,70,,56261,27,,,1,30,,56262,27,,,1,77,,56284,27,,,1,34,,56283,27,,,1,48,,56286,27,,,1,7,,56263,27,,,1,15,,56264,27,,,1,15,,56265,27,,,1,15,,56266,27,,,1,55,,56267,27,,,1,15,,56268,27,,,1,15,,56269,27,,,1,15,,56270,27,,,1,55,,56271,27,,,1,15,,56272,27,,,1,23,,56282,27,,,1,68,,56273,27,,,1,30,,56274,27,,,1,70,,56275,27,,,1,30,,56276,27,,,1,70,,56277,27,,,1,30,,56278,27,,,1,68,,56279,27,,,1
52101,'521-Weekday-10-26-02-1111100',553,,56287,27,,,1,70,,56288,27,,,1,16,,56289,27,,,1,20,,56290,27,,,1,55,,56326,27,,,1,15,,56291,27,,,1,15,,56292,27,,,1,15,,56293,27,,,1,55,,56325,27,,,1,15,,56294,27,,,1,15,,56295,27,,,1,15,,56330,27,,,1,60,,56296,27,,,1,28,,56297,27,,,1,70,,56298,27,,,1,30,,56299,27,,,1,70,,56300,27,,,1,30,,56301,27,,,1,70,,56302,27,,,1,30,,56303,27,,,1,70,,56304,27,,,1,30,,56305,27,,,1,70,,56306,27,,,1,30,,56307,27,,,1,77,,56329,27,,,1,34,,56328,27,,,1,48,,56331,27,,,1,7,,56308,27,,,1,15,,56309,27,,,1,15,,56310,27,,,1,15,,56311,27,,,1,55,,56312,27,,,1,15,,56313,27,,,1,15,,56314,27,,,1,15,,56315,27,,,1,55,,56316,27,,,1,15,,56317,27,,,1,23,,56327,27,,,1,68,,56318,27,,,1,30,,56319,27,,,1,70,,56320,27,,,1,30,,56321,27,,,1,70,,56322,27,,,1,30,,56323,27,,,1,68,,56324,27,,,1
52101,'521-Saturday-1-26-02-0000010',816,,56645,27,,,1,30,,56646,27,,,1,72,,56647,27,,,1,31,,56648,27,,,1,70,,56649,27,,,1,30,,56650,27,,,1,70,,56651,27,,,1,30,,56652,27,,,1,70,,56653,27,,,1,30,,56654,27,,,1,70,,56655,27,,,1,30,,56656,27,,,1,70,,56657,27,,,1,30,,56658,27,,,1,70,,56659,27,,,1,30,,56660,27,,,1,70,,56661,27,,,1,30,,56662,27,,,1,70,,56663,27,,,1,30,,56664,27,,,1,70,,56665,27,,,1,30,,56666,27,,,1,70,,56667,27,,,1
63800,'638-Weekday-1-26-02-0000100',928,,61099,11,,,1
63800,'638-Weekday-1-26-02-1111000',816,,61100,11,,,1
63800,'638-Weekday-1-26-02-1111100',734,,61101,11,,,1
63800,'638-Weekday-9-26-02-1111000',816,,61111,11,,,1
63800,'638-Weekday-9-26-02-1111100',734,,61112,11,,,1
66401,'664-Weekday-1-26-02-1111100',817,,61601,14,0,21 22,1,3,,61602,14,0,21 22,1
66401,'664-Weekday-9-26-02-1111100',817,,61614,14,0,21 22,1,3,,61615,14,0,21 22,1
