5601,'056-Weekday-1-26-02-1111100',538,,24918,56,,,1,70,,24919,56,,,1,15,,24920,56,,,1,17,,24921,56,,,1,18,,24922,56,,,1,57,,24923,56,,,1,16,,24924,56,,,1,15,,24925,56,,,1,55,,24917,56,,,1,15,,24927,56,,,1,3,,24988,17,4,,1,3,,24989,17,4,,1,9,,24929,56,,,1,15,,24931,56,,,1,55,,24933,56,,,1,14,,24935,56,,,1,16,,24937,56,,,1,15,,24938,56,,,1,55,,24939,56,,,1,15,,24940,56,,,1,15,,24941,56,,,1,15,,24942,56,,,1,55,,24943,56,,,1,15,,24944,56,,,1,15,,24945,56,,,1,15,,24946,56,,,1,55,,24947,56,,,1,15,,24948,56,,,1,15,,24949,56,,,1,15,,24950,56,,,1,55,,24951,56,,,1,15,,24952,56,,,1,15,,24953,56,,,1,15,,24954,56,,,1,55,,24955,56,,,1,15,,24956,56,,,1,15,,24957,56,,,1,15,,24958,56,,,1,55,,24959,56,,,1,17,,24960,56,,,1,18,,24961,56,,,1,14,,24962,56,,,1,53,,24963,56,,,1,12,,24964,56,,,1,12,,24965,56,,,1,12,,24966,56,,,1,12,,24967,56,,,1,52,,24968,56,,,1,12,,24969,56,,,1,12,,24970,56,,,1,12,,24971,56,,,1,12,,24972,56,,,1,52,,24973,56,,,1,12,,24974,56,,,1,12,,24975,56,,,1,11,,24976,56,,,1,64,,24977,56,,,1,28,,24978,56,,,1,70,,24979,56,,,1,30,,24980,56,,,1,70,,24981,56,,,1,30,,24982,56,,,1,70,,24983,56,,,1,25,,24984,56,,,1,31,,24985,56,,,1,100,,24986,56,,,1,100,,24987,56,,,1
5601,'056-Weekday-10-26-02-1111100',538,,24994,56,,,1,70,,24995,56,,,1,15,,24996,56,,,1,17,,24997,56,,,1,18,,24998,56,,,1,57,,24999,56,,,1,16,,25000,56,,,1,15,,25001,56,,,1,55,,24993,56,,,1,15,,25003,56,,,1,3,,25064,17,4,,1,3,,25065,17,4,,1,9,,25005,56,,,1,15,,25007,56,,,1,55,,25009,56,,,1,14,,25011,56,,,1,16,,25013,56,,,1,15,,25014,56,,,1,55,,25015,56,,,1,15,,25016,56,,,1,15,,25017,56,,,1,15,,25018,56,,,1,55,,25019,56,,,1,15,,25020,56,,,1,15,,25021,56,,,1,15,,25022,56,,,1,55,,25023,56,,,1,15,,25024,56,,,1,15,,25025,56,,,1,15,,25026,56,,,1,55,,25027,56,,,1,15,,25028,56,,,1,15,,25029,56,,,1,15,,25030,56,,,1,55,,25031,56,,,1,15,,25032,56,,,1,15,,25033,56,,,1,15,,25034,56,,,1,55,,25035,56,,,1,17,,25036,56,,,1,18,,25037,56,,,1,14,,25038,56,,,1,53,,25039,56,,,1,12,,25040,56,,,1,12,,25041,56,,,1,12,,25042,56,,,1,12,,25043,56,,,1,52,,25044,56,,,1,12,,25045,56,,,1,12,,25046,56,,,1,12,,25047,56,,,1,12,,25048,56,,,1,52,,25049,56,,,1,12,,25050,56,,,1,12,,25051,56,,,1,11,,25052,56,,,1,64,,25053,56,,,1,28,,25054,56,,,1,70,,25055,56,,,1,30,,25056,56,,,1,70,,25057,56,,,1,30,,25058,56,,,1,70,,25059,56,,,1,25,,25060,56,,,1,31,,25061,56,,,1,100,,25062,56,,,1,100,,25063,56,,,1
5601,'056-Saturday-1-26-02-0000010',601,,25638,56,,,1,30,,25593,56,,,1,70,,25639,56,,,1,30,,25594,56,,,1,70,,25640,56,,,1,30,,25595,56,,,1,15,,25596,56,,,1,55,,25641,56,,,1,17,,25597,56,,,1,19,,25598,56,,,1,17,,25599,56,,,1,55,,25642,56,,,1,15,,25600,56,,,1,15,,25601,56,,,1,15,,25602,56,,,1,55,,25643,56,,,1,15,,25603,56,,,1,15,,25604,56,,,1,15,,25605,56,,,1,55,,25644,56,,,1,15,,25606,56,,,1,15,,25607,56,,,1,15,,25608,56,,,1,55,,25645,56,,,1,15,,25609,56,,,1,15,,25610,56,,,1,15,,25611,56,,,1,55,,25646,56,,,1,15,,25612,56,,,1,15,,25613,56,,,1,15,,25614,56,,,1,55,,25647,56,,,1,15,,25615,56,,,1,15,,25616,56,,,1,15,,25617,56,,,1,55,,25648,56,,,1,15,,25626,56,,,1,15,,25627,56,,,1,15,,25628,56,,,1,55,,25649,56,,,1,13,,25629,56,,,1,12,,25630,56,,,1,14,,25631,56,,,1,55,,25650,56,,,1,15,,25632,56,,,1,15,,25633,56,,,1,15,,25634,56,,,1,55,,25651,56,,,1,15,,25635,56,,,1,15,,25636,56,,,1,20,,25637,56,,,1,60,,25623,56,,,1,20,,25618,56,,,1,20,,25652,56,,,1,60,,25624,56,,,1,20,,25619,56,,,1,20,,25653,56,,,1,60,,25625,56,,,1,20,,25620,56,,,1,20,,25654,56,,,1,70,,25655,56,,,1,30,,25621,56,,,1,70,,25656,56,,,1,30,,25622,56,,,1
65000,'650-Weekday-1-26-02-1111100',809,,61230,39,4,,1,6,,61231,39,4,,1
65000,'650-Weekday-9-26-02-1111100',809,,61238,39,4,,1,6,,61239,39,4,,1
68200,'682-Weekday-1-26-02-1111100',756,,61952,17,0,53 54,1,2,,61953,17,,,1,62,,61954,17,,,1
68200,'682-Weekday-9-26-02-1111100',756,,61967,17,0,53 54,1,2,,61968,17,,,1,62,,61969,17,,,1
70300,'703-Weekday-1-26-02-1111100',514,,64125,24,,,1,30,,64126,24,,,1,70,,64127,24,,,1,33,,64165,24,,,1,55,,64128,24,,,1,15,,64129,24,,,1,15,,64162,24,,,1,15,,64130,24,,,1,12,,64168,24,,,1,47,,64167,24,,,1,6,,64169,24,,,1,11,,64170,24,,,1,12,,64171,24,,,1,12,,64172,24,,,1,12,,64173,24,,,1,58,,64131,24,,,1,21,,64132,24,,,1,19,,64133,24,,,1,60,,64134,24,,,1,20,,64135,24,,,1,20,,64136,24,,,1,60,,64137,24,,,1,20,,64138,24,,,1,20,,64139,24,,,1,60,,64140,24,,,1,20,,64141,24,,,1,20,,64142,24,,,1,60,,64143,24,,,1,20,,64144,24,,,1,20,,64145,24,,,1,60,,64146,24,,,1,20,,64161,24,,,1,71,,64147,24,,,1,31,,64148,24,,,1,70,,64149,24,,,1,30,,64150,24,,,1,70,,64151,24,,,1,30,,64152,24,,,1,70,,64164,24,,,1,29,,64166,24,,,1,65,,64153,24,,,1,26,,64154,24,,,1,30,,64155,24,,,1,70,,64156,24,,,1,30,,64157,24,,,1,70,,64158,24,,,1,30,,64163,24,,,1,99,,64159,24,,,1,100,,64160,24,,,1
70300,'703-Weekday-10-26-02-1111100',514,,64174,24,,,1,30,,64175,24,,,1,70,,64176,24,,,1,33,,64214,24,,,1,55,,64177,24,,,1,15,,64178,24,,,1,15,,64211,24,,,1,15,,64179,24,,,1,12,,64217,24,,,1,47,,64216,24,,,1,6,,64218,24,,,1,11,,64219,24,,,1,12,,64220,24,,,1,12,,64221,24,,,1,12,,64222,24,,,1,58,,64180,24,,,1,21,,64181,24,,,1,19,,64182,24,,,1,60,,64183,24,,,1,20,,64184,24,,,1,20,,64185,24,,,1,60,,64186,24,,,1,20,,64187,24,,,1,20,,64188,24,,,1,60,,64189,24,,,1,20,,64190,24,,,1,20,,64191,24,,,1,60,,64192,24,,,1,20,,64193,24,,,1,20,,64194,24,,,1,60,,64195,24,,,1,20,,64210,24,,,1,71,,64196,24,,,1,31,,64197,24,,,1,70,,64198,24,,,1,30,,64199,24,,,1,70,,64200,24,,,1,30,,64201,24,,,1,70,,64213,24,,,1,29,,64215,24,,,1,65,,64202,24,,,1,26,,64203,24,,,1,30,,64204,24,,,1,70,,64205,24,,,1,30,,64206,24,,,1,70,,64207,24,,,1,30,,64212,24,,,1,99,,64208,24,,,1,100,,64209,24,,,1
70300,'703-Saturday-1-26-02-0000010',820,,64562,24,,,1,29,,64563,24,,,1,70,,64564,24,,,1,30,,64565,24,,,1,70,,64566,24,,,1,30,,64567,24,,,1,70,,64568,24,,,1,30,,64569,24,,,1,70,,64570,24,,,1,30,,64571,24,,,1,70,,64572,24,,,1,30,,64573,24,,,1,70,,64574,24,,,1,30,,64575,24,,,1,70,,64576,24,,,1,30,,64577,24,,,1,70,,64578,24,,,1,32,,64579,24,,,1,70,,64580,24,,,1,30,,64581,24,,,1,70,,64582,24,,,1,30,,64583,24,,,1
72400,'724-Weekday-1-26-02-1111100',556,,80403,45,,,1,70,,80404,45,,,1,75,,80405,45,,,1,30,,80406,45,,,1,70,,80402,45,,,1,30,,80407,45,,,1,70,,80408,45,,,1,624,,80409,45,,,1,30,,80410,45,,,1,70,,80411,45,,,1,30,,80412,45,,,1,70,,80413,45,,,1,30,,80414,45,,,1
72400,'724-Weekday-10-26-02-1111100',556,,80416,45,,,1,70,,80417,45,,,1,75,,80418,45,,,1,30,,80419,45,,,1,70,,80415,45,,,1,30,,80420,45,,,1,70,,80421,45,,,1,624,,80422,45,,,1,30,,80423,45,,,1,70,,80424,45,,,1,30,,80425,45,,,1,70,,80426,45,,,1,30,,80427,45,,,1
