5300,'053-Weekday-1-25-12-1111100',540,,11952,,,1,70,,11953,,,1,31,,11954,,,1,15,,11982,,,1,55,,11955,,,1,15,,11983,,,1,15,,11956,,,1,15,,11957,,,1,55,,11988,,,1,15,,11989,,,1,15,,11958,,,1,59,,11994,,,1,30,,11959,,,1,70,,11960,,,1,30,,11961,,,1,70,,11962,,,1,30,,11963,,,1,70,,11964,,,1,30,,11965,,,1,70,,11966,,,1,30,,11967,,,1,71,,11968,,,1,30,,11969,,,1,23,,11986,,,1,56,,11970,,,1,15,,11987,,,1,15,,11971,,,1,15,,11984,,,1,55,,11985,,,1,15,,11972,,,1,15,,11990,,,1,15,,11991,,,1,55,,11973,,,1,15,,11995,,,1,15,,11996,,,1,72,,11974,,,1,27,,11975,,,1,70,,11976,,,1,30,,11977,,,1,70,,11978,,,1,30,,11979,,,1,70,,11980,,,1,30,,11981,,,1,100,,11992,,,1,100,,11993,,,1
5300,'053-Weekday-2-25-12-1111100',540,,11997,,,1,70,,11998,,,1,31,,11999,,,1,15,,12027,,,1,55,,12000,,,1,15,,12028,,,1,15,,12001,,,1,15,,12002,,,1,55,,12033,,,1,15,,12034,,,1,15,,12003,,,1,59,,12039,,,1,30,,12004,,,1,70,,12005,,,1,30,,12006,,,1,70,,12007,,,1,30,,12008,,,1,70,,12009,,,1,30,,12010,,,1,70,,12011,,,1,30,,12012,,,1,71,,12013,,,1,30,,12014,,,1,23,,12031,,,1,56,,12015,,,1,15,,12032,,,1,15,,12016,,,1,15,,12029,,,1,55,,12030,,,1,15,,12017,,,1,15,,12035,,,1,15,,12036,,,1,55,,12018,,,1,15,,12040,,,1,15,,12041,,,1,72,,12019,,,1,27,,12020,,,1,70,,12021,,,1,30,,12022,,,1,70,,12023,,,1,30,,12024,,,1,70,,12025,,,1,30,,12026,,,1,100,,12037,,,1,100,,12038,,,1
5300,'053-Weekday-3-25-12-1111100',540,,12042,,,1,70,,12043,,,1,31,,12044,,,1,15,,12072,,,1,55,,12045,,,1,15,,12073,,,1,15,,12046,,,1,15,,12047,,,1,55,,12078,,,1,15,,12079,,,1,15,,12048,,,1,59,,12084,,,1,30,,12049,,,1,70,,12050,,,1,30,,12051,,,1,70,,12052,,,1,30,,12053,,,1,70,,12054,,,1,30,,12055,,,1,70,,12056,,,1,30,,12057,,,1,71,,12058,,,1,30,,12059,,,1,23,,12076,,,1,56,,12060,,,1,15,,12077,,,1,15,,12061,,,1,15,,12074,,,1,55,,12075,,,1,15,,12062,,,1,15,,12080,,,1,15,,12081,,,1,55,,12063,,,1,15,,12085,,,1,15,,12086,,,1,72,,12064,,,1,27,,12065,,,1,70,,12066,,,1,30,,12067,,,1,70,,12068,,,1,30,,12069,,,1,70,,12070,,,1,30,,12071,,,1,100,,12082,,,1,100,,12083,,,1,100,,12087,,,1,100,,12088,,,1,100,,12089,,,1
5300,'053-Weekday-5-25-12-1111100',540,,12090,,,1,70,,12091,,,1,31,,12092,,,1,15,,12120,,,1,55,,12093,,,1,15,,12121,,,1,15,,12094,,,1,15,,12095,,,1,55,,12126,,,1,15,,12127,,,1,15,,12096,,,1,59,,12132,,,1,30,,12097,,,1,70,,12098,,,1,30,,12099,,,1,70,,12100,,,1,30,,12101,,,1,70,,12102,,,1,30,,12103,,,1,70,,12104,,,1,30,,12105,,,1,71,,12106,,,1,30,,12107,,,1,23,,12124,,,1,56,,12108,,,1,15,,12125,,,1,15,,12109,,,1,15,,12122,,,1,55,,12123,,,1,15,,12110,,,1,15,,12128,,,1,15,,12129,,,1,55,,12111,,,1,15,,12133,,,1,15,,12134,,,1,72,,12112,,,1,27,,12113,,,1,70,,12114,,,1,30,,12115,,,1,70,,12116,,,1,30,,12117,,,1,70,,12118,,,1,30,,12119,,,1,100,,12130,,,1,100,,12131,,,1
5300,'053-Saturday-1-25-12-0000010',610,,12135,,,1,100,,12136,,,1,100,,12137,,,1,91,,12138,,,1,30,,12139,,,1,70,,12140,,,1,30,,12141,,,1,70,,12142,,,1,30,,12143,,,1,70,,12144,,,1,30,,12145,,,1,70,,12146,,,1,30,,12147,,,1,70,,12148,,,1,30,,12149,,,1,70,,12150,,,1,30,,12151,,,1,70,,12152,,,1,30,,12153,,,1,70,,12154,,,1,30,,12155,,,1,70,,12156,,,1,30,,12157,,,1,70,,12158,,,1,30,,12159,,,1,79,,12160,,,1,100,,12161,,,1,100,,12162,,,1,100,,12163,,,1
5300,'053-Sunday-1-25-12-0000001',709,,12164,,,1,100,,12165,,,1,100,,12166,,,1,104,,12167,,,1,30,,12168,,,1,70,,12169,,,1,30,,12170,,,1,70,,12171,,,1,30,,12172,,,1,70,,12173,,,1,30,,12174,,,1,70,,12175,,,1,30,,12176,,,1,70,,12177,,,1,30,,12178,,,1,70,,12179,,,1,30,,12180,,,1,70,,12181,,,1,30,,12182,,,1,70,,12183,,,1,30,,12184,,,1,70,,12185,,,1,96,,12186,,,1,100,,12187,,,1,100,,12188,,,1,100,,12189,,,1
5300,'053-Sunday-1-26-02-0000001',709,,12190,,,1,100,,12191,,,1,100,,12192,,,1,104,,12193,,,1,30,,12194,,,1,70,,12195,,,1,30,,12196,,,1,70,,12197,,,1,30,,12198,,,1,70,,12199,,,1,30,,12200,,,1,70,,12201,,,1,30,,12202,,,1,70,,12203,,,1,30,,12204,,,1,70,,12205,,,1,30,,12206,,,1,70,,12207,,,1,30,,12208,,,1,70,,12209,,,1,30,,12210,,,1,70,,12211,,,1,96,,12212,,,1,100,,12213,,,1,100,,12214,,,1,100,,12215,,,1
50601,'506-Weekday-1-25-12-1111100',539,,25849,,,1,70,,25808,,,1,31,,25809,,,1,74,,25810,,,1,16,,25811,,,1,15,,25850,,,1,55,,25812,,,1,15,,25813,,,1,15,,25814,,,1,15,,25851,,,1,55,,25815,,,1,15,,25816,,,1,28,,25817,,,1,68,,25818,,,1,30,,25819,,,1,70,,25820,,,1,30,,25821,,,1,70,,25822,,,1,30,,25823,,,1,70,,25824,,,1,30,,25825,,,1,70,,25826,,,1,30,,25827,,,1,71,,25828,,,1,35,,25829,,,1,72,,25830,,,1,17,,25831,,,1,15,,25852,,,1,55,,25832,,,1,15,,25833,,,1,15,,25834,,,1,15,,25853,,,1,55,,25835,,,1,15,,25836,,,1,25,,25837,,,1,65,,25838,,,1,26,,25839,,,1,70,,25840,,,1,30,,25841,,,1,70,,25842,,,1,30,,25843,,,1,69,,25844,,,1,26,,25845,,,1,68,,25846,,,1,100,,25847,,,1
50601,'506-Weekday-2-25-12-1111100',539,,25893,,,1,70,,25854,,,1,31,,25855,,,1,74,,25856,,,1,20,,25857,,,1,20,,25894,,,1,60,,25858,,,1,20,,25859,,,1,20,,25860,,,1,61,,25861,,,1,28,,25862,,,1,68,,25863,,,1,30,,25864,,,1,70,,25865,,,1,30,,25866,,,1,70,,25867,,,1,30,,25868,,,1,70,,25869,,,1,30,,25870,,,1,70,,25871,,,1,30,,25872,,,1,71,,25873,,,1,35,,25874,,,1,72,,25875,,,1,20,,25876,,,1,20,,25895,,,1,60,,25877,,,1,20,,25878,,,1,20,,25879,,,1,62,,25880,,,1,25,,25881,,,1,65,,25882,,,1,26,,25883,,,1,70,,25884,,,1,30,,25885,,,1,70,,25886,,,1,30,,25887,,,1,69,,25888,,,1,26,,25889,,,1,68,,25890,,,1,100,,25891,,,1
50601,'506-Weekday-3-25-12-1111100',539,,25935,,,1,70,,25896,,,1,31,,25897,,,1,74,,25898,,,1,20,,25899,,,1,20,,25936,,,1,60,,25900,,,1,20,,25901,,,1,20,,25902,,,1,61,,25903,,,1,28,,25904,,,1,68,,25905,,,1,30,,25906,,,1,70,,25907,,,1,30,,25908,,,1,70,,25909,,,1,30,,25910,,,1,70,,25911,,,1,30,,25912,,,1,70,,25913,,,1,30,,25914,,,1,71,,25915,,,1,35,,25916,,,1,72,,25917,,,1,20,,25918,,,1,20,,25937,,,1,60,,25919,,,1,20,,25920,,,1,20,,25921,,,1,62,,25922,,,1,25,,25923,,,1,65,,25924,,,1,26,,25925,,,1,70,,25926,,,1,30,,25927,,,1,70,,25928,,,1,30,,25929,,,1,69,,25930,,,1,26,,25931,,,1,68,,25932,,,1,100,,25933,,,1,100,,25934,,,1,100,,25938,,,1,100,,25939,,,1
50601,'506-Weekday-5-25-12-1111100',539,,25981,,,1,70,,25940,,,1,31,,25941,,,1,74,,25942,,,1,16,,25943,,,1,15,,25982,,,1,55,,25944,,,1,15,,25945,,,1,15,,25946,,,1,15,,25983,,,1,55,,25947,,,1,15,,25948,,,1,28,,25949,,,1,68,,25950,,,1,30,,25951,,,1,70,,25952,,,1,30,,25953,,,1,70,,25954,,,1,30,,25955,,,1,70,,25956,,,1,30,,25957,,,1,70,,25958,,,1,30,,25959,,,1,71,,25960,,,1,35,,25961,,,1,72,,25962,,,1,17,,25963,,,1,15,,25984,,,1,55,,25964,,,1,15,,25965,,,1,15,,25966,,,1,15,,25985,,,1,55,,25967,,,1,15,,25968,,,1,25,,25969,,,1,65,,25970,,,1,26,,25971,,,1,70,,25972,,,1,30,,25973,,,1,70,,25974,,,1,30,,25975,,,1,69,,25976,,,1,26,,25977,,,1,68,,25978,,,1,100,,25979,,,1
50601,'506-Saturday-1-25-12-0000010',555,,25986,,,1,100,,25987,,,1,100,,25988,,,1,70,,25989,,,1,28,,25990,,,1,70,,25991,,,1,33,,25992,,,1,70,,25993,,,1,30,,25994,,,1,70,,25995,,,1,30,,25996,,,1,70,,25997,,,1,30,,25998,,,1,70,,25999,,,1,30,,26000,,,1,70,,26001,,,1,30,,26002,,,1,70,,26003,,,1,30,,26004,,,1,70,,26005,,,1,30,,26006,,,1,70,,26007,,,1,29,,26008,,,1,70,,26009,,,1,30,,26010,,,1,70,,26011,,,1,30,,26012,,,1,85,,26013,,,1,100,,26014,,,1,100,,26015,,,1,100,,26016,,,1
50601,'506-Sunday-1-25-12-0000001',557,,26018,,,1,98,,26019,,,1,100,,26020,,,1,100,,26021,,,1,101,,26022,,,1,70,,26023,,,1,30,,26024,,,1,70,,26025,,,1,30,,26026,,,1,70,,26027,,,1,30,,26028,,,1,70,,26029,,,1,30,,26030,,,1,70,,26031,,,1,30,,26032,,,1,70,,26033,,,1,30,,26034,,,1,70,,26035,,,1,30,,26036,,,1,69,,26037,,,1,31,,26038,,,1,70,,26039,,,1,30,,26040,,,1,85,,26041,,,1,100,,26042,,,1,100,,26043,,,1,100,,26044,,,1,100,,26045,,,1
50601,'506-Sunday-1-26-02-0000001',557,,26046,,,1,98,,26047,,,1,100,,26048,,,1,100,,26049,,,1,101,,26050,,,1,70,,26051,,,1,30,,26052,,,1,70,,26053,,,1,30,,26054,,,1,70,,26055,,,1,30,,26056,,,1,70,,26057,,,1,30,,26058,,,1,70,,26059,,,1,30,,26060,,,1,70,,26061,,,1,30,,26062,,,1,70,,26063,,,1,30,,26064,,,1,69,,26065,,,1,31,,26066,,,1,70,,26067,,,1,30,,26068,,,1,85,,26069,,,1,100,,26070,,,1,100,,26071,,,1,100,,26072,,,1,100,,26073,,,1
