61400,'614-Weekday-1-26-04-0001000',1240,,131652,19,,,1,210,,131653,19,,,1
61400,'614-Weekday-1-26-04-1110100',1538,,131654,19,,,1,12,,131655,19,,,1
61400,'614-Weekday-2-26-04-1110100',1550,,131656,19,,,1
61400,'614-Weekday-3-26-04-0001000',1240,,131657,19,,,1
61400,'614-Weekday-3-26-04-1110100',1538,,131658,19,,,1
61600,'616-Weekday-1-26-04-0001000',1417,3,131663,1,,,1,4,3,131664,1,,,1
61600,'616-Weekday-1-26-04-1110100',1515,3,131666,1,,,1,4,3,131665,1,,,1
61600,'616-Weekday-2-26-04-1110100',1515,3,131668,1,,,1,4,3,131667,1,,,1
61701,'617-Weekday-1-26-04-1111100',819,,131679,11,4,,1
61701,'617-Weekday-2-26-04-1111100',819,,131680,11,4,,1
