5300,'053-Weekday-1-26-02-1111100',551,,21077,31,,,1,70,,21078,31,,,1,36,,21079,31,,,1,56,,21107,31,,,1,15,,21080,31,,,1,15,,21108,31,,,1,15,,21081,31,,,1,55,,21082,31,,,1,15,,21113,31,,,1,15,,21114,31,,,1,15,,21083,31,,,1,72,,21119,31,,,1,28,,21084,31,,,1,70,,21085,31,,,1,30,,21086,31,,,1,70,,21087,31,,,1,30,,21088,31,,,1,70,,21089,31,,,1,30,,21090,31,,,1,70,,21091,31,,,1,30,,21092,31,,,1,70,,21093,31,,,1,29,,21094,31,,,1,61,,21111,31,,,1,20,,21095,31,,,1,19,,21112,31,,,1,55,,21096,31,,,1,15,,21109,31,,,1,15,,21110,31,,,1,15,,21097,31,,,1,55,,21115,31,,,1,15,,21116,31,,,1,15,,21098,31,,,1,15,,21120,31,,,1,55,,21121,31,,,1,27,,21099,31,,,1,63,,21100,31,,,1,27,,21101,31,,,1,27,,21102,31,,,1,70,,21103,31,,,1,30,,21104,31,,,1,70,,21105,31,,,1,30,,21106,31,,,1,69,,21122,31,,,1,92,,21117,31,,,1,100,,21118,31,,,1
5300,'053-Weekday-10-26-02-1111100',551,,21123,31,,,1,70,,21124,31,,,1,36,,21125,31,,,1,56,,21153,31,,,1,15,,21126,31,,,1,15,,21154,31,,,1,15,,21127,31,,,1,55,,21128,31,,,1,15,,21159,31,,,1,15,,21160,31,,,1,15,,21129,31,,,1,72,,21165,31,,,1,28,,21130,31,,,1,70,,21131,31,,,1,30,,21132,31,,,1,70,,21133,31,,,1,30,,21134,31,,,1,70,,21135,31,,,1,30,,21136,31,,,1,70,,21137,31,,,1,30,,21138,31,,,1,70,,21139,31,,,1,29,,21140,31,,,1,61,,21157,31,,,1,20,,21141,31,,,1,19,,21158,31,,,1,55,,21142,31,,,1,15,,21155,31,,,1,15,,21156,31,,,1,15,,21143,31,,,1,55,,21161,31,,,1,15,,21162,31,,,1,15,,21144,31,,,1,15,,21166,31,,,1,55,,21167,31,,,1,27,,21145,31,,,1,63,,21146,31,,,1,27,,21147,31,,,1,27,,21148,31,,,1,70,,21149,31,,,1,30,,21150,31,,,1,70,,21151,31,,,1,30,,21152,31,,,1,69,,21168,31,,,1,92,,21163,31,,,1,100,,21164,31,,,1
5300,'053-Weekday-4-26-02-1111100',551,,21215,31,,,1,70,,21216,31,,,1,36,,21217,31,,,1,56,,21245,31,,,1,15,,21218,31,,,1,15,,21246,31,,,1,15,,21219,31,,,1,55,,21220,31,,,1,15,,21251,31,,,1,15,,21252,31,,,1,15,,21221,31,,,1,72,,21257,31,,,1,28,,21222,31,,,1,70,,21223,31,,,1,30,,21224,31,,,1,70,,21225,31,,,1,30,,21226,31,,,1,70,,21227,31,,,1,30,,21228,31,,,1,70,,21229,31,,,1,30,,21230,31,,,1,70,,21231,31,,,1,29,,21232,31,,,1,61,,21249,31,,,1,20,,21233,31,,,1,19,,21250,31,,,1,55,,21234,31,,,1,15,,21247,31,,,1,15,,21248,31,,,1,15,,21235,31,,,1,55,,21253,31,,,1,15,,21254,31,,,1,15,,21236,31,,,1,15,,21258,31,,,1,55,,21259,31,,,1,27,,21237,31,,,1,63,,21238,31,,,1,27,,21239,31,,,1,27,,21240,31,,,1,70,,21241,31,,,1,30,,21242,31,,,1,70,,21243,31,,,1,30,,21244,31,,,1,69,,21260,31,,,1,92,,21255,31,,,1,100,,21256,31,,,1
5300,'053-Weekday-5-26-02-1111100',551,,21261,31,,,1,70,,21262,31,,,1,36,,21263,31,,,1,56,,21291,31,,,1,15,,21264,31,,,1,15,,21292,31,,,1,15,,21265,31,,,1,55,,21266,31,,,1,15,,21297,31,,,1,15,,21298,31,,,1,15,,21267,31,,,1,72,,21303,31,,,1,28,,21268,31,,,1,70,,21269,31,,,1,30,,21270,31,,,1,70,,21271,31,,,1,30,,21272,31,,,1,70,,21273,31,,,1,30,,21274,31,,,1,70,,21275,31,,,1,30,,21276,31,,,1,70,,21277,31,,,1,29,,21278,31,,,1,61,,21295,31,,,1,20,,21279,31,,,1,19,,21296,31,,,1,55,,21280,31,,,1,15,,21293,31,,,1,15,,21294,31,,,1,15,,21281,31,,,1,55,,21299,31,,,1,15,,21300,31,,,1,15,,21282,31,,,1,15,,21304,31,,,1,55,,21305,31,,,1,27,,21283,31,,,1,63,,21284,31,,,1,27,,21285,31,,,1,27,,21286,31,,,1,70,,21287,31,,,1,30,,21288,31,,,1,70,,21289,31,,,1,30,,21290,31,,,1,69,,21306,31,,,1,92,,21301,31,,,1,100,,21302,31,,,1
5300,'053-Weekday-7-26-02-1111100',551,,21353,31,,,1,70,,21354,31,,,1,36,,21355,31,,,1,56,,21383,31,,,1,15,,21356,31,,,1,15,,21384,31,,,1,15,,21357,31,,,1,55,,21358,31,,,1,15,,21389,31,,,1,15,,21390,31,,,1,15,,21359,31,,,1,72,,21395,31,,,1,28,,21360,31,,,1,70,,21361,31,,,1,30,,21362,31,,,1,70,,21363,31,,,1,30,,21364,31,,,1,70,,21365,31,,,1,30,,21366,31,,,1,70,,21367,31,,,1,30,,21368,31,,,1,70,,21369,31,,,1,29,,21370,31,,,1,61,,21387,31,,,1,20,,21371,31,,,1,19,,21388,31,,,1,55,,21372,31,,,1,15,,21385,31,,,1,15,,21386,31,,,1,15,,21373,31,,,1,55,,21391,31,,,1,15,,21392,31,,,1,15,,21374,31,,,1,15,,21396,31,,,1,55,,21397,31,,,1,27,,21375,31,,,1,63,,21376,31,,,1,27,,21377,31,,,1,27,,21378,31,,,1,70,,21379,31,,,1,30,,21380,31,,,1,70,,21381,31,,,1,30,,21382,31,,,1,69,,21398,31,,,1,92,,21393,31,,,1,100,,21394,31,,,1
5300,'053-Saturday-1-26-02-0000010',625,,21491,31,,,1,100,,21492,31,,,1,100,,21493,31,,,1,92,,21494,31,,,1,30,,21495,31,,,1,70,,21496,31,,,1,30,,21497,31,,,1,70,,21498,31,,,1,30,,21499,31,,,1,70,,21500,31,,,1,30,,21501,31,,,1,70,,21502,31,,,1,30,,21503,31,,,1,70,,21504,31,,,1,30,,21505,31,,,1,70,,21506,31,,,1,30,,21507,31,,,1,70,,21508,31,,,1,30,,21509,31,,,1,70,,21510,31,,,1,30,,21511,31,,,1,70,,21512,31,,,1,30,,21513,31,,,1,70,,21514,31,,,1,30,,21515,31,,,1,79,,21516,31,,,1,100,,21517,31,,,1,100,,21518,31,,,1,100,,21519,31,,,1
5300,'053-Sunday-1-26-02-0000001',724,,21520,31,,,1,100,,21521,31,,,1,101,,21522,31,,,1,104,,21523,31,,,1,30,,21524,31,,,1,70,,21525,31,,,1,30,,21526,31,,,1,70,,21527,31,,,1,30,,21528,31,,,1,70,,21529,31,,,1,30,,21530,31,,,1,70,,21531,31,,,1,30,,21532,31,,,1,70,,21533,31,,,1,30,,21534,31,,,1,70,,21535,31,,,1,30,,21536,31,,,1,70,,21537,31,,,1,30,,21538,31,,,1,70,,21539,31,,,1,30,,21540,31,,,1,70,,21541,31,,,1,96,,21542,31,,,1,100,,21543,31,,,1,100,,21544,31,,,1,100,,21545,31,,,1
63300,'633-Weekday-1-26-02-0001000',1223,,60962,11,,,1,2,,60963,11,,,1,2,,60964,11,,,1,2,,60965,11,,,1
63300,'633-Weekday-1-26-02-1110100',1523,,60966,11,,,1,2,,60967,11,,,1,2,,60968,11,,,1,2,,60969,11,,,1
63300,'633-Weekday-5-26-02-0000100',1223,,60978,11,,,1,2,,60979,11,,,1,2,,60980,11,,,1,2,,60981,11,,,1
63300,'633-Weekday-5-26-02-1111000',1523,,60982,11,,,1,2,,60983,11,,,1,2,,60984,11,,,1,2,,60985,11,,,1
63300,'633-Weekday-9-26-02-0001000',1223,,60994,11,,,1,2,,60995,11,,,1,2,,60996,11,,,1,2,,60997,11,,,1
