66300,'663-Weekday-1-26-02-1111100',736,,61536,3,,,1,8,,61537,3,,,1
66300,'663-Weekday-2-26-02-1111100',736,,61538,3,,,1,8,,61539,3,,,1
66300,'663-Weekday-5-26-02-1111100',736,,61540,3,,,1,8,,61541,3,,,1
66300,'663-Weekday-6-26-02-1111100',736,,61542,3,,,1,8,,61543,3,,,1
66300,'663-Weekday-8-26-02-1111100',736,,61544,3,,,1,8,,61545,3,,,1
66300,'663-Weekday-9-26-02-1111100',736,,61546,3,,,1,8,,61547,3,,,1
66301,'663-Weekday-1-26-02-0001000',1230,,61548,5,,,1,2,,61549,5,,,1,2,,61550,5,,,1
66301,'663-Weekday-1-26-02-1110100',1524,,61551,5,,,1,2,,61552,5,,,1,2,,61553,5,,,1
66301,'663-Weekday-2-26-02-0001000',1230,,61554,5,,,1,2,,61555,5,,,1,2,,61556,5,,,1
66301,'663-Weekday-2-26-02-1110100',1524,,61557,5,,,1,2,,61558,5,,,1,2,,61559,5,,,1
66301,'663-Weekday-5-26-02-0000100',1230,,61560,5,,,1,2,,61561,5,,,1,2,,61562,5,,,1
66301,'663-Weekday-5-26-02-1111000',1524,,61563,5,,,1,2,,61564,5,,,1,2,,61565,5,,,1
66301,'663-Weekday-6-26-02-1110100',1524,,61566,5,,,1,2,,61567,5,,,1,2,,61568,5,,,1
66301,'663-Weekday-8-26-02-1110100',1524,,61569,5,,,1,2,,61570,5,,,1,2,,61571,5,,,1
66301,'663-Weekday-9-26-02-0001000',1230,,61572,5,,,1,2,,61573,5,,,1,2,,61574,5,,,1
66800,'668-Weekday-1-26-02-1111100',824,,61668,3,,,1,2,,61670,3,,,1,2,,61669,3,,,1
66800,'668-Weekday-2-26-02-1111100',824,,61671,3,,,1,2,,61673,3,,,1,2,,61672,3,,,1
66800,'668-Weekday-4-26-02-1111100',824,,61674,3,,,1,2,,61676,3,,,1,2,,61675,3,,,1
66800,'668-Weekday-5-26-02-1111100',824,,61677,3,,,1,2,,61679,3,,,1,2,,61678,3,,,1
66800,'668-Weekday-9-26-02-1111100',824,,61680,3,,,1,2,,61682,3,,,1,2,,61681,3,,,1
66801,'668-Weekday-1-26-02-0001000',1445,,61683,10,,,1,3,,61684,10,,,1
66801,'668-Weekday-1-26-02-1110100',1524,,61685,10,,,1,3,,61686,10,,,1
66801,'668-Weekday-2-26-02-0001000',1445,,61687,10,,,1,3,,61688,10,,,1
66801,'668-Weekday-2-26-02-1110100',1524,,61689,10,,,1,3,,61690,10,,,1
66801,'668-Weekday-4-26-02-1110100',1524,,61691,10,,,1,3,,61692,10,,,1
66801,'668-Weekday-5-26-02-0001000',1445,,61693,10,,,1,3,,61694,10,,,1
66801,'668-Weekday-5-26-02-1110100',1524,,61695,10,,,1,3,,61696,10,,,1
66801,'668-Weekday-9-26-02-0001000',1445,,61697,10,,,1,3,,61698,10,,,1
71900,'719-Weekday-1-26-02-1111100',445,,75934,3,,,1,70,,75937,3,,,1,30,,75887,3,,,1,7,,75938,3,,,1,48,,75947,3,,,1,7,,75952,3,,,1,8,,75888,3,,,1,7,,75936,3,,,1,8,,75889,3,,,1,7,,75953,3,,,1,7,,75963,3,,,1,6,,75944,3,,,1,8,,75954,3,,,1,47,,75890,3,,,1,8,,75955,3,,,1,7,,75891,3,,,1,8,,75956,3,,,1,7,,75945,3,,,1,8,,75957,3,,,1,7,,75892,3,,,1,8,,75958,3,,,1,47,,75946,3,,,1,8,,75959,3,,,1,7,,75893,3,,,1,8,,75960,3,,,1,7,,75935,3,,,1,22,,75894,3,,,1,58,,75895,3,,,1,20,,75896,3,,,1,20,,75897,3,,,1,60,,75898,3,,,1,20,,75899,3,,,1,20,,75900,3,,,1,60,,75901,3,,,1,20,,75902,3,,,1,20,,75903,3,,,1,60,,75904,3,,,1,20,,75905,3,,,1,20,,75906,3,,,1,60,,75907,3,,,1,20,,75908,3,,,1,20,,75909,3,,,1,60,,75910,3,,,1,20,,75911,3,,,1,20,,75912,3,,,1,65,,75913,3,,,1,11,,75962,3,0,55,1,10,,75914,3,,,1,10,,75949,3,0,55,1,50,,75915,3,,,1,10,,75950,3,0,55,1,10,,75948,3,,,1,10,,75951,3,0,55,1,10,,75916,3,,,1,10,,75943,3,0,55,1,50,,75917,3,,,1,10,,75940,3,0,55,1,10,,75918,3,,,1,10,,75941,3,0,55,1,10,,75919,3,,,1,10,,75942,3,0,55,1,50,,75920,3,,,1,10,,75961,3,0,55,1,12,,75921,3,,,1,17,,75922,3,,,1,18,,75923,3,,,1,60,,75924,3,,,1,20,,75925,3,,,1,20,,75926,3,,,1,60,,75927,3,,,1,20,,75928,3,,,1,20,,75929,3,,,1,60,,75930,3,,,1,20,,75939,3,,,1,69,,75931,3,,,1,99,,75932,3,,,1,100,,75933,3,,,1
71900,'719-Weekday-10-26-02-1111100',445,,76011,3,,,1,70,,76014,3,,,1,30,,75964,3,,,1,7,,76015,3,,,1,48,,76024,3,,,1,7,,76029,3,,,1,8,,75965,3,,,1,7,,76013,3,,,1,8,,75966,3,,,1,7,,76030,3,,,1,7,,76040,3,,,1,6,,76021,3,,,1,8,,76031,3,,,1,47,,75967,3,,,1,8,,76032,3,,,1,7,,75968,3,,,1,8,,76033,3,,,1,7,,76022,3,,,1,8,,76034,3,,,1,7,,75969,3,,,1,8,,76035,3,,,1,47,,76023,3,,,1,8,,76036,3,,,1,7,,75970,3,,,1,8,,76037,3,,,1,7,,76012,3,,,1,22,,75971,3,,,1,58,,75972,3,,,1,20,,75973,3,,,1,20,,75974,3,,,1,60,,75975,3,,,1,20,,75976,3,,,1,20,,75977,3,,,1,60,,75978,3,,,1,20,,75979,3,,,1,20,,75980,3,,,1,60,,75981,3,,,1,20,,75982,3,,,1,20,,75983,3,,,1,60,,75984,3,,,1,20,,75985,3,,,1,20,,75986,3,,,1,60,,75987,3,,,1,20,,75988,3,,,1,20,,75989,3,,,1,65,,75990,3,,,1,11,,76039,3,0,55,1,10,,75991,3,,,1,10,,76026,3,0,55,1,50,,75992,3,,,1,10,,76027,3,0,55,1,10,,76025,3,,,1,10,,76028,3,0,55,1,10,,75993,3,,,1,10,,76020,3,0,55,1,50,,75994,3,,,1,10,,76017,3,0,55,1,10,,75995,3,,,1,10,,76018,3,0,55,1,10,,75996,3,,,1,10,,76019,3,0,55,1,50,,75997,3,,,1,10,,76038,3,0,55,1,12,,75998,3,,,1,17,,75999,3,,,1,18,,76000,3,,,1,60,,76001,3,,,1,20,,76002,3,,,1,20,,76003,3,,,1,60,,76004,3,,,1,20,,76005,3,,,1,20,,76006,3,,,1,60,,76007,3,,,1,20,,76016,3,,,1,69,,76008,3,,,1,99,,76009,3,,,1,100,,76010,3,,,1
71900,'719-Weekday-2-26-02-1111100',445,,76088,3,,,1,70,,76091,3,,,1,30,,76041,3,,,1,7,,76092,3,,,1,48,,76101,3,,,1,7,,76106,3,,,1,8,,76042,3,,,1,7,,76090,3,,,1,8,,76043,3,,,1,7,,76107,3,,,1,7,,76117,3,,,1,6,,76098,3,,,1,8,,76108,3,,,1,47,,76044,3,,,1,8,,76109,3,,,1,7,,76045,3,,,1,8,,76110,3,,,1,7,,76099,3,,,1,8,,76111,3,,,1,7,,76046,3,,,1,8,,76112,3,,,1,47,,76100,3,,,1,8,,76113,3,,,1,7,,76047,3,,,1,8,,76114,3,,,1,7,,76089,3,,,1,22,,76048,3,,,1,58,,76049,3,,,1,20,,76050,3,,,1,20,,76051,3,,,1,60,,76052,3,,,1,20,,76053,3,,,1,20,,76054,3,,,1,60,,76055,3,,,1,20,,76056,3,,,1,20,,76057,3,,,1,60,,76058,3,,,1,20,,76059,3,,,1,20,,76060,3,,,1,60,,76061,3,,,1,20,,76062,3,,,1,20,,76063,3,,,1,60,,76064,3,,,1,20,,76065,3,,,1,20,,76066,3,,,1,65,,76067,3,,,1,11,,76116,3,0,55,1,10,,76068,3,,,1,10,,76103,3,0,55,1,50,,76069,3,,,1,10,,76104,3,0,55,1,10,,76102,3,,,1,10,,76105,3,0,55,1,10,,76070,3,,,1,10,,76097,3,0,55,1,50,,76071,3,,,1,10,,76094,3,0,55,1,10,,76072,3,,,1,10,,76095,3,0,55,1,10,,76073,3,,,1,10,,76096,3,0,55,1,50,,76074,3,,,1,10,,76115,3,0,55,1,12,,76075,3,,,1,17,,76076,3,,,1,18,,76077,3,,,1,60,,76078,3,,,1,20,,76079,3,,,1,20,,76080,3,,,1,60,,76081,3,,,1,20,,76082,3,,,1,20,,76083,3,,,1,60,,76084,3,,,1,20,,76093,3,,,1,69,,76085,3,,,1,99,,76086,3,,,1,100,,76087,3,,,1
71900,'719-Weekday-4-26-02-1111100',445,,76165,3,,,1,70,,76168,3,,,1,30,,76118,3,,,1,7,,76169,3,,,1,48,,76178,3,,,1,7,,76183,3,,,1,8,,76119,3,,,1,7,,76167,3,,,1,8,,76120,3,,,1,7,,76184,3,,,1,7,,76194,3,,,1,6,,76175,3,,,1,8,,76185,3,,,1,47,,76121,3,,,1,8,,76186,3,,,1,7,,76122,3,,,1,8,,76187,3,,,1,7,,76176,3,,,1,8,,76188,3,,,1,7,,76123,3,,,1,8,,76189,3,,,1,47,,76177,3,,,1,8,,76190,3,,,1,7,,76124,3,,,1,8,,76191,3,,,1,7,,76166,3,,,1,22,,76125,3,,,1,58,,76126,3,,,1,20,,76127,3,,,1,20,,76128,3,,,1,60,,76129,3,,,1,20,,76130,3,,,1,20,,76131,3,,,1,60,,76132,3,,,1,20,,76133,3,,,1,20,,76134,3,,,1,60,,76135,3,,,1,20,,76136,3,,,1,20,,76137,3,,,1,60,,76138,3,,,1,20,,76139,3,,,1,20,,76140,3,,,1,60,,76141,3,,,1,20,,76142,3,,,1,20,,76143,3,,,1,65,,76144,3,,,1,11,,76193,3,0,55,1,10,,76145,3,,,1,10,,76180,3,0,55,1,50,,76146,3,,,1,10,,76181,3,0,55,1,10,,76179,3,,,1,10,,76182,3,0,55,1,10,,76147,3,,,1,10,,76174,3,0,55,1,50,,76148,3,,,1,10,,76171,3,0,55,1,10,,76149,3,,,1,10,,76172,3,0,55,1,10,,76150,3,,,1,10,,76173,3,0,55,1,50,,76151,3,,,1,10,,76192,3,0,55,1,12,,76152,3,,,1,17,,76153,3,,,1,18,,76154,3,,,1,60,,76155,3,,,1,20,,76156,3,,,1,20,,76157,3,,,1,60,,76158,3,,,1,20,,76159,3,,,1,20,,76160,3,,,1,60,,76161,3,,,1,20,,76170,3,,,1,69,,76162,3,,,1,99,,76163,3,,,1,100,,76164,3,,,1
71900,'719-Weekday-5-26-02-1111100',445,,76242,3,,,1,70,,76245,3,,,1,30,,76195,3,,,1,7,,76246,3,,,1,48,,76255,3,,,1,7,,76260,3,,,1,8,,76196,3,,,1,7,,76244,3,,,1,8,,76197,3,,,1,7,,76261,3,,,1,7,,76271,3,,,1,6,,76252,3,,,1,8,,76262,3,,,1,47,,76198,3,,,1,8,,76263,3,,,1,7,,76199,3,,,1,8,,76264,3,,,1,7,,76253,3,,,1,8,,76265,3,,,1,7,,76200,3,,,1,8,,76266,3,,,1,47,,76254,3,,,1,8,,76267,3,,,1,7,,76201,3,,,1,8,,76268,3,,,1,7,,76243,3,,,1,22,,76202,3,,,1,58,,76203,3,,,1,20,,76204,3,,,1,20,,76205,3,,,1,60,,76206,3,,,1,20,,76207,3,,,1,20,,76208,3,,,1,60,,76209,3,,,1,20,,76210,3,,,1,20,,76211,3,,,1,60,,76212,3,,,1,20,,76213,3,,,1,20,,76214,3,,,1,60,,76215,3,,,1,20,,76216,3,,,1,20,,76217,3,,,1,60,,76218,3,,,1,20,,76219,3,,,1,20,,76220,3,,,1,65,,76221,3,,,1,11,,76270,3,0,55,1,10,,76222,3,,,1,10,,76257,3,0,55,1,50,,76223,3,,,1,10,,76258,3,0,55,1,10,,76256,3,,,1,10,,76259,3,0,55,1,10,,76224,3,,,1,10,,76251,3,0,55,1,50,,76225,3,,,1,10,,76248,3,0,55,1,10,,76226,3,,,1,10,,76249,3,0,55,1,10,,76227,3,,,1,10,,76250,3,0,55,1,50,,76228,3,,,1,10,,76269,3,0,55,1,12,,76229,3,,,1,17,,76230,3,,,1,18,,76231,3,,,1,60,,76232,3,,,1,20,,76233,3,,,1,20,,76234,3,,,1,60,,76235,3,,,1,20,,76236,3,,,1,20,,76237,3,,,1,60,,76238,3,,,1,20,,76247,3,,,1,69,,76239,3,,,1,99,,76240,3,,,1,100,,76241,3,,,1
71900,'719-Weekday-6-26-02-1111100',445,,76319,3,,,1,70,,76322,3,,,1,30,,76272,3,,,1,7,,76323,3,,,1,48,,76332,3,,,1,7,,76337,3,,,1,8,,76273,3,,,1,7,,76321,3,,,1,8,,76274,3,,,1,7,,76338,3,,,1,7,,76348,3,,,1,6,,76329,3,,,1,8,,76339,3,,,1,47,,76275,3,,,1,8,,76340,3,,,1,7,,76276,3,,,1,8,,76341,3,,,1,7,,76330,3,,,1,8,,76342,3,,,1,7,,76277,3,,,1,8,,76343,3,,,1,47,,76331,3,,,1,8,,76344,3,,,1,7,,76278,3,,,1,8,,76345,3,,,1,7,,76320,3,,,1,22,,76279,3,,,1,58,,76280,3,,,1,20,,76281,3,,,1,20,,76282,3,,,1,60,,76283,3,,,1,20,,76284,3,,,1,20,,76285,3,,,1,60,,76286,3,,,1,20,,76287,3,,,1,20,,76288,3,,,1,60,,76289,3,,,1,20,,76290,3,,,1,20,,76291,3,,,1,60,,76292,3,,,1,20,,76293,3,,,1,20,,76294,3,,,1,60,,76295,3,,,1,20,,76296,3,,,1,20,,76297,3,,,1,65,,76298,3,,,1,11,,76347,3,0,55,1,10,,76299,3,,,1,10,,76334,3,0,55,1,50,,76300,3,,,1,10,,76335,3,0,55,1,10,,76333,3,,,1,10,,76336,3,0,55,1,10,,76301,3,,,1,10,,76328,3,0,55,1,50,,76302,3,,,1,10,,76325,3,0,55,1,10,,76303,3,,,1,10,,76326,3,0,55,1,10,,76304,3,,,1,10,,76327,3,0,55,1,50,,76305,3,,,1,10,,76346,3,0,55,1,12,,76306,3,,,1,17,,76307,3,,,1,18,,76308,3,,,1,60,,76309,3,,,1,20,,76310,3,,,1,20,,76311,3,,,1,60,,76312,3,,,1,20,,76313,3,,,1,20,,76314,3,,,1,60,,76315,3,,,1,20,,76324,3,,,1,69,,76316,3,,,1,99,,76317,3,,,1,100,,76318,3,,,1
71900,'719-Weekday-7-26-02-1111100',445,,76396,3,,,1,70,,76399,3,,,1,30,,76349,3,,,1,7,,76400,3,,,1,48,,76409,3,,,1,7,,76414,3,,,1,8,,76350,3,,,1,7,,76398,3,,,1,8,,76351,3,,,1,7,,76415,3,,,1,7,,76425,3,,,1,6,,76406,3,,,1,8,,76416,3,,,1,47,,76352,3,,,1,8,,76417,3,,,1,7,,76353,3,,,1,8,,76418,3,,,1,7,,76407,3,,,1,8,,76419,3,,,1,7,,76354,3,,,1,8,,76420,3,,,1,47,,76408,3,,,1,8,,76421,3,,,1,7,,76355,3,,,1,8,,76422,3,,,1,7,,76397,3,,,1,22,,76356,3,,,1,58,,76357,3,,,1,20,,76358,3,,,1,20,,76359,3,,,1,60,,76360,3,,,1,20,,76361,3,,,1,20,,76362,3,,,1,60,,76363,3,,,1,20,,76364,3,,,1,20,,76365,3,,,1,60,,76366,3,,,1,20,,76367,3,,,1,20,,76368,3,,,1,60,,76369,3,,,1,20,,76370,3,,,1,20,,76371,3,,,1,60,,76372,3,,,1,20,,76373,3,,,1,20,,76374,3,,,1,65,,76375,3,,,1,11,,76424,3,0,55,1,10,,76376,3,,,1,10,,76411,3,0,55,1,50,,76377,3,,,1,10,,76412,3,0,55,1,10,,76410,3,,,1,10,,76413,3,0,55,1,10,,76378,3,,,1,10,,76405,3,0,55,1,50,,76379,3,,,1,10,,76402,3,0,55,1,10,,76380,3,,,1,10,,76403,3,0,55,1,10,,76381,3,,,1,10,,76404,3,0,55,1,50,,76382,3,,,1,10,,76423,3,0,55,1,12,,76383,3,,,1,17,,76384,3,,,1,18,,76385,3,,,1,60,,76386,3,,,1,20,,76387,3,,,1,20,,76388,3,,,1,60,,76389,3,,,1,20,,76390,3,,,1,20,,76391,3,,,1,60,,76392,3,,,1,20,,76401,3,,,1,69,,76393,3,,,1,99,,76394,3,,,1,100,,76395,3,,,1
71900,'719-Weekday-8-26-02-1111100',445,,76473,3,,,1,70,,76476,3,,,1,30,,76426,3,,,1,7,,76477,3,,,1,48,,76486,3,,,1,7,,76491,3,,,1,8,,76427,3,,,1,7,,76475,3,,,1,8,,76428,3,,,1,7,,76492,3,,,1,7,,76502,3,,,1,6,,76483,3,,,1,8,,76493,3,,,1,47,,76429,3,,,1,8,,76494,3,,,1,7,,76430,3,,,1,8,,76495,3,,,1,7,,76484,3,,,1,8,,76496,3,,,1,7,,76431,3,,,1,8,,76497,3,,,1,47,,76485,3,,,1,8,,76498,3,,,1,7,,76432,3,,,1,8,,76499,3,,,1,7,,76474,3,,,1,22,,76433,3,,,1,58,,76434,3,,,1,20,,76435,3,,,1,20,,76436,3,,,1,60,,76437,3,,,1,20,,76438,3,,,1,20,,76439,3,,,1,60,,76440,3,,,1,20,,76441,3,,,1,20,,76442,3,,,1,60,,76443,3,,,1,20,,76444,3,,,1,20,,76445,3,,,1,60,,76446,3,,,1,20,,76447,3,,,1,20,,76448,3,,,1,60,,76449,3,,,1,20,,76450,3,,,1,20,,76451,3,,,1,65,,76452,3,,,1,11,,76501,3,0,55,1,10,,76453,3,,,1,10,,76488,3,0,55,1,50,,76454,3,,,1,10,,76489,3,0,55,1,10,,76487,3,,,1,10,,76490,3,0,55,1,10,,76455,3,,,1,10,,76482,3,0,55,1,50,,76456,3,,,1,10,,76479,3,0,55,1,10,,76457,3,,,1,10,,76480,3,0,55,1,10,,76458,3,,,1,10,,76481,3,0,55,1,50,,76459,3,,,1,10,,76500,3,0,55,1,12,,76460,3,,,1,17,,76461,3,,,1,18,,76462,3,,,1,60,,76463,3,,,1,20,,76464,3,,,1,20,,76465,3,,,1,60,,76466,3,,,1,20,,76467,3,,,1,20,,76468,3,,,1,60,,76469,3,,,1,20,,76478,3,,,1,69,,76470,3,,,1,99,,76471,3,,,1,100,,76472,3,,,1
71900,'719-Weekday-9-26-02-1111100',445,,76550,3,,,1,70,,76553,3,,,1,30,,76503,3,,,1,7,,76554,3,,,1,48,,76563,3,,,1,7,,76568,3,,,1,8,,76504,3,,,1,7,,76552,3,,,1,8,,76505,3,,,1,7,,76569,3,,,1,7,,76579,3,,,1,6,,76560,3,,,1,8,,76570,3,,,1,47,,76506,3,,,1,8,,76571,3,,,1,7,,76507,3,,,1,8,,76572,3,,,1,7,,76561,3,,,1,8,,76573,3,,,1,7,,76508,3,,,1,8,,76574,3,,,1,47,,76562,3,,,1,8,,76575,3,,,1,7,,76509,3,,,1,8,,76576,3,,,1,7,,76551,3,,,1,22,,76510,3,,,1,58,,76511,3,,,1,20,,76512,3,,,1,20,,76513,3,,,1,60,,76514,3,,,1,20,,76515,3,,,1,20,,76516,3,,,1,60,,76517,3,,,1,20,,76518,3,,,1,20,,76519,3,,,1,60,,76520,3,,,1,20,,76521,3,,,1,20,,76522,3,,,1,60,,76523,3,,,1,20,,76524,3,,,1,20,,76525,3,,,1,60,,76526,3,,,1,20,,76527,3,,,1,20,,76528,3,,,1,65,,76529,3,,,1,11,,76578,3,0,55,1,10,,76530,3,,,1,10,,76565,3,0,55,1,50,,76531,3,,,1,10,,76566,3,0,55,1,10,,76564,3,,,1,10,,76567,3,0,55,1,10,,76532,3,,,1,10,,76559,3,0,55,1,50,,76533,3,,,1,10,,76556,3,0,55,1,10,,76534,3,,,1,10,,76557,3,0,55,1,10,,76535,3,,,1,10,,76558,3,0,55,1,50,,76536,3,,,1,10,,76577,3,0,55,1,12,,76537,3,,,1,17,,76538,3,,,1,18,,76539,3,,,1,60,,76540,3,,,1,20,,76541,3,,,1,20,,76542,3,,,1,60,,76543,3,,,1,20,,76544,3,,,1,20,,76545,3,,,1,60,,76546,3,,,1,20,,76555,3,,,1,69,,76547,3,,,1,99,,76548,3,,,1,100,,76549,3,,,1
71900,'719-Saturday-1-26-02-0000010',553,,76580,3,,,1,70,,76581,3,,,1,30,,76582,3,,,1,70,,76583,3,,,1,30,,76584,3,,,1,70,,76585,3,,,1,30,,76586,3,,,1,72,,76587,3,,,1,30,,76588,3,,,1,70,,76589,3,,,1,30,,76590,3,,,1,70,,76591,3,,,1,30,,76592,3,,,1,70,,76593,3,,,1,30,,76594,3,,,1,70,,76595,3,,,1,30,,76596,3,,,1,70,,76597,3,,,1,30,,76598,3,,,1,70,,76599,3,,,1,30,,76600,3,,,1,70,,76601,3,,,1,30,,76602,3,,,1,70,,76603,3,,,1,30,,76604,3,,,1,70,,76605,3,,,1,30,,76606,3,,,1,70,,76607,3,,,1,30,,76608,3,,,1,70,,76609,3,,,1,30,,76610,3,,,1,70,,76611,3,,,1,30,,76612,3,,,1,70,,76613,3,,,1,30,,76614,3,,,1,70,,76615,3,,,1,30,,76616,3,,,1
71900,'719-Sunday-1-26-02-0000001',553,,76617,3,,,1,100,,76618,3,,,1,100,,76619,3,,,1,100,,76620,3,,,1,100,,76621,3,,,1,100,,76622,3,,,1,70,,76623,3,,,1,30,,76624,3,,,1,70,,76625,3,,,1,30,,76626,3,,,1,70,,76627,3,,,1,30,,76628,3,,,1,70,,76629,3,,,1,30,,76630,3,,,1,70,,76631,3,,,1,30,,76632,3,,,1,70,,76633,3,,,1,30,,76634,3,,,1,71,,76635,3,,,1,30,,76636,3,,,1,70,,76637,3,,,1,30,,76638,3,,,1,70,,76639,3,,,1,100,,76640,3,,,1,100,,76641,3,,,1,100,,76642,3,,,1,100,,76643,3,,,1
