52101,'521-Weekday-1-26-02-1111100',555,,56242,31,,,1,71,,56243,31,,,1,16,,56244,31,,,1,60,,56245,31,,,1,15,,56281,31,,,1,15,,56246,31,,,1,15,,56247,31,,,1,55,,56248,31,,,1,15,,56280,31,,,1,15,,56249,31,,,1,15,,56250,31,,,1,55,,56285,31,,,1,20,,56251,31,,,1,28,,56252,31,,,1,70,,56253,31,,,1,30,,56254,31,,,1,70,,56255,31,,,1,30,,56256,31,,,1,70,,56257,31,,,1,30,,56258,31,,,1,70,,56259,31,,,1,30,,56260,31,,,1,70,,56261,31,,,1,30,,56262,31,,,1,78,,56284,31,,,1,74,,56283,31,,,1,7,,56286,31,,,1,8,,56263,31,,,1,15,,56264,31,,,1,15,,56265,31,,,1,55,,56266,31,,,1,15,,56267,31,,,1,15,,56268,31,,,1,15,,56269,31,,,1,55,,56270,31,,,1,14,,56271,31,,,1,15,,56272,31,,,1,23,,56282,31,,,1,68,,56273,31,,,1,30,,56274,31,,,1,70,,56275,31,,,1,30,,56276,31,,,1,70,,56277,31,,,1,30,,56278,31,,,1,67,,56279,31,,,1
52101,'521-Weekday-10-26-02-1111100',555,,56287,31,,,1,71,,56288,31,,,1,16,,56289,31,,,1,60,,56290,31,,,1,15,,56326,31,,,1,15,,56291,31,,,1,15,,56292,31,,,1,55,,56293,31,,,1,15,,56325,31,,,1,15,,56294,31,,,1,15,,56295,31,,,1,55,,56330,31,,,1,20,,56296,31,,,1,28,,56297,31,,,1,70,,56298,31,,,1,30,,56299,31,,,1,70,,56300,31,,,1,30,,56301,31,,,1,70,,56302,31,,,1,30,,56303,31,,,1,70,,56304,31,,,1,30,,56305,31,,,1,70,,56306,31,,,1,30,,56307,31,,,1,78,,56329,31,,,1,74,,56328,31,,,1,7,,56331,31,,,1,8,,56308,31,,,1,15,,56309,31,,,1,15,,56310,31,,,1,55,,56311,31,,,1,15,,56312,31,,,1,15,,56313,31,,,1,15,,56314,31,,,1,55,,56315,31,,,1,14,,56316,31,,,1,15,,56317,31,,,1,23,,56327,31,,,1,68,,56318,31,,,1,30,,56319,31,,,1,70,,56320,31,,,1,30,,56321,31,,,1,70,,56322,31,,,1,30,,56323,31,,,1,67,,56324,31,,,1
52101,'521-Weekday-4-26-02-1111100',555,,56377,31,,,1,71,,56378,31,,,1,16,,56379,31,,,1,60,,56380,31,,,1,15,,56416,31,,,1,15,,56381,31,,,1,15,,56382,31,,,1,55,,56383,31,,,1,15,,56415,31,,,1,15,,56384,31,,,1,15,,56385,31,,,1,55,,56420,31,,,1,20,,56386,31,,,1,28,,56387,31,,,1,70,,56388,31,,,1,30,,56389,31,,,1,70,,56390,31,,,1,30,,56391,31,,,1,70,,56392,31,,,1,30,,56393,31,,,1,70,,56394,31,,,1,30,,56395,31,,,1,70,,56396,31,,,1,30,,56397,31,,,1,78,,56419,31,,,1,74,,56418,31,,,1,15,,56398,31,,,1,15,,56399,31,,,1,15,,56400,31,,,1,55,,56401,31,,,1,15,,56402,31,,,1,15,,56403,31,,,1,15,,56404,31,,,1,55,,56405,31,,,1,14,,56406,31,,,1,15,,56407,31,,,1,23,,56417,31,,,1,68,,56408,31,,,1,30,,56409,31,,,1,70,,56410,31,,,1,30,,56411,31,,,1,70,,56412,31,,,1,30,,56413,31,,,1,67,,56414,31,,,1
52101,'521-Weekday-5-26-02-1111100',555,,56421,31,,,1,71,,56422,31,,,1,16,,56423,31,,,1,60,,56424,31,,,1,15,,56460,31,,,1,15,,56425,31,,,1,15,,56426,31,,,1,55,,56427,31,,,1,15,,56459,31,,,1,15,,56428,31,,,1,15,,56429,31,,,1,55,,56464,31,,,1,20,,56430,31,,,1,28,,56431,31,,,1,70,,56432,31,,,1,30,,56433,31,,,1,70,,56434,31,,,1,30,,56435,31,,,1,70,,56436,31,,,1,30,,56437,31,,,1,70,,56438,31,,,1,30,,56439,31,,,1,70,,56440,31,,,1,30,,56441,31,,,1,78,,56463,31,,,1,74,,56462,31,,,1,7,,56465,31,,,1,8,,56442,31,,,1,15,,56443,31,,,1,15,,56444,31,,,1,55,,56445,31,,,1,15,,56446,31,,,1,15,,56447,31,,,1,15,,56448,31,,,1,55,,56449,31,,,1,14,,56450,31,,,1,15,,56451,31,,,1,23,,56461,31,,,1,68,,56452,31,,,1,30,,56453,31,,,1,70,,56454,31,,,1,30,,56455,31,,,1,70,,56456,31,,,1,30,,56457,31,,,1,67,,56458,31,,,1
52101,'521-Weekday-6-26-02-1111100',555,,56466,31,,,1,71,,56467,31,,,1,16,,56468,31,,,1,60,,56469,31,,,1,15,,56505,31,,,1,15,,56470,31,,,1,15,,56471,31,,,1,55,,56472,31,,,1,15,,56504,31,,,1,15,,56473,31,,,1,15,,56474,31,,,1,55,,56509,31,,,1,20,,56475,31,,,1,28,,56476,31,,,1,70,,56477,31,,,1,30,,56478,31,,,1,70,,56479,31,,,1,30,,56480,31,,,1,70,,56481,31,,,1,30,,56482,31,,,1,70,,56483,31,,,1,30,,56484,31,,,1,70,,56485,31,,,1,30,,56486,31,,,1,78,,56508,31,,,1,74,,56507,31,,,1,7,,56510,31,,,1,8,,56487,31,,,1,15,,56488,31,,,1,15,,56489,31,,,1,55,,56490,31,,,1,15,,56491,31,,,1,15,,56492,31,,,1,15,,56493,31,,,1,55,,56494,31,,,1,14,,56495,31,,,1,15,,56496,31,,,1,23,,56506,31,,,1,68,,56497,31,,,1,30,,56498,31,,,1,70,,56499,31,,,1,30,,56500,31,,,1,70,,56501,31,,,1,30,,56502,31,,,1,67,,56503,31,,,1
52101,'521-Weekday-7-26-02-1111100',555,,56511,31,,,1,71,,56512,31,,,1,16,,56513,31,,,1,60,,56514,31,,,1,15,,56550,31,,,1,15,,56515,31,,,1,15,,56516,31,,,1,55,,56517,31,,,1,15,,56549,31,,,1,15,,56518,31,,,1,15,,56519,31,,,1,55,,56554,31,,,1,20,,56520,31,,,1,28,,56521,31,,,1,70,,56522,31,,,1,30,,56523,31,,,1,70,,56524,31,,,1,30,,56525,31,,,1,70,,56526,31,,,1,30,,56527,31,,,1,70,,56528,31,,,1,30,,56529,31,,,1,70,,56530,31,,,1,30,,56531,31,,,1,78,,56553,31,,,1,74,,56552,31,,,1,15,,56532,31,,,1,15,,56533,31,,,1,15,,56534,31,,,1,55,,56535,31,,,1,15,,56536,31,,,1,15,,56537,31,,,1,15,,56538,31,,,1,55,,56539,31,,,1,14,,56540,31,,,1,15,,56541,31,,,1,23,,56551,31,,,1,68,,56542,31,,,1,30,,56543,31,,,1,70,,56544,31,,,1,30,,56545,31,,,1,70,,56546,31,,,1,30,,56547,31,,,1,67,,56548,31,,,1
52101,'521-Saturday-1-26-02-0000010',819,,56645,31,,,1,30,,56646,31,,,1,72,,56647,31,,,1,31,,56648,31,,,1,70,,56649,31,,,1,30,,56650,31,,,1,70,,56651,31,,,1,30,,56652,31,,,1,70,,56653,31,,,1,30,,56654,31,,,1,70,,56655,31,,,1,30,,56656,31,,,1,70,,56657,31,,,1,30,,56658,31,,,1,70,,56659,31,,,1,30,,56660,31,,,1,70,,56661,31,,,1,30,,56662,31,,,1,70,,56663,31,,,1,30,,56664,31,,,1,70,,56665,31,,,1,30,,56666,31,,,1,70,,56667,31,,,1
52101,'521-Sunday-1-26-02-0000001',1023,,56668,31,,,1,30,,56669,31,,,1,70,,56670,31,,,1,30,,56671,31,,,1,70,,56672,31,,,1,30,,56673,31,,,1,70,,56674,31,,,1,30,,56675,31,,,1,70,,56676,31,,,1,30,,56677,31,,,1,70,,56678,31,,,1,30,,56679,31,,,1,70,,56680,31,,,1,30,,56681,31,,,1,70,,56682,31,,,1,30,,56683,31,,,1,70,,56684,31,,,1,30,,56685,31,,,1,70,,56686,31,,,1
66401,'664-Weekday-1-26-02-1111100',821,,61601,18,0,21 22,1,3,,61602,18,0,21 22,1
66401,'664-Weekday-5-26-02-1111100',821,,61609,18,0,21 22,1,3,,61610,18,0,21 22,1
66401,'664-Weekday-9-26-02-1111100',821,,61614,18,0,21 22,1,3,,61615,18,0,21 22,1
