92400,'924-Weekday-1-26-06-1111100',715,,186100,14,,,1,30,,186101,14,,,1,70,,186102,14,,,1,30,,186103,14,,,1,70,,186104,14,,,1,100,,186105,14,,,1,100,,186106,14,,,1,100,,186107,14,,,1,100,,186108,14,,,1,100,,186109,14,,,1,100,,186110,14,,,1,100,,186111,14,,,1,30,,186112,14,,,1,70,,186113,14,,,1,30,,186114,14,,,1,70,,186115,14,,,1,30,,186116,14,,,1
92400,'924-Weekday-2-26-06-1111100',715,,202390,14,,,1,30,,202391,14,,,1,70,,202392,14,,,1,30,,202393,14,,,1,70,,202394,14,,,1,100,,202395,14,,,1,100,,202396,14,,,1,100,,202397,14,,,1,100,,202398,14,,,1,100,,202399,14,,,1,100,,202400,14,,,1,100,,202401,14,,,1,30,,202402,14,,,1,70,,202403,14,,,1,30,,202404,14,,,1,70,,202405,14,,,1,30,,202406,14,,,1
92400,'924-Saturday-1-26-06-0000010',845,,186117,14,,,1,100,,186118,14,,,1,100,,186119,14,,,1,100,,186120,14,,,1,100,,186121,14,,,1,100,,186122,14,,,1,100,,186123,14,,,1,100,,186124,14,,,1,100,,186125,14,,,1,100,,186126,14,,,1,100,,186127,14,,,1
92400,'924-Sunday-1-26-06-0000001',1045,,186128,14,,,1,100,,186129,14,,,1,100,,186130,14,,,1,100,,186131,14,,,1,100,,186132,14,,,1,100,,186133,14,,,1,100,,186134,14,,,1,100,,186135,14,,,1,100,,186136,14,,,1
92400,'924-Sunday-2-26-06-0000001',1045,,202407,14,,,1,100,,202408,14,,,1,100,,202409,14,,,1,100,,202410,14,,,1,100,,202411,14,,,1,100,,202412,14,,,1,100,,202413,14,,,1,100,,202414,14,,,1,100,,202415,14,,,1
92401,'924-Weekday-1-26-06-1111100',701,,186142,19,,,1,30,,186143,19,,,1,70,,186152,19,,,1,30,,186151,19,,,1,70,,186153,19,,,1,100,,186144,19,,,1,100,,186148,19,,,1,100,,186147,19,,,1,100,,186139,19,,,1,100,,186146,19,,,1,100,,186141,19,,,1,100,,186138,19,,,1,30,,186137,19,,,1,70,,186145,19,,,1,30,,186140,19,,,1,70,,186150,19,,,1,30,,186149,19,,,1
92401,'924-Weekday-2-26-06-1111100',701,,202421,19,,,1,30,,202422,19,,,1,70,,202431,19,,,1,30,,202430,19,,,1,70,,202432,19,,,1,100,,202423,19,,,1,100,,202427,19,,,1,100,,202426,19,,,1,100,,202418,19,,,1,100,,202425,19,,,1,100,,202420,19,,,1,100,,202417,19,,,1,30,,202416,19,,,1,70,,202424,19,,,1,30,,202419,19,,,1,70,,202429,19,,,1,30,,202428,19,,,1
92401,'924-Saturday-1-26-06-0000010',831,,186154,19,,,1,100,,186155,19,,,1,100,,186156,19,,,1,100,,186157,19,,,1,100,,186158,19,,,1,100,,186159,19,,,1,100,,186160,19,,,1,100,,186161,19,,,1,100,,186162,19,,,1,100,,186163,19,,,1,100,,186164,19,,,1
92401,'924-Sunday-1-26-06-0000001',1031,,186165,19,,,1,100,,186166,19,,,1,100,,186167,19,,,1,100,,186168,19,,,1,100,,186169,19,,,1,100,,186170,19,,,1,100,,186171,19,,,1,100,,186172,19,,,1,100,,186173,19,,,1
92401,'924-Sunday-2-26-06-0000001',1031,,202433,19,,,1,100,,202434,19,,,1,100,,202435,19,,,1,100,,202436,19,,,1,100,,202437,19,,,1,100,,202438,19,,,1,100,,202439,19,,,1,100,,202440,19,,,1,100,,202441,19,,,1
