10300,'103-Weekday-1-26-02-1111100',602,,27323,55,,,1,30,,27324,55,,,1,74,,27325,55,,,1,31,,27326,55,,,1,70,,27327,55,,,1,30,,27328,55,,,1,66,,27371,55,,,1,18,,27329,56,,,1,19,,27330,56,,,1,60,,27331,56,,,1,20,,27332,56,,,1,20,,27333,56,,,1,60,,27334,56,,,1,20,,27335,56,,,1,20,,27336,56,,,1,60,,27337,56,,,1,20,,27338,56,,,1,20,,27339,56,,,1,60,,27340,56,,,1,20,,27341,56,,,1,20,,27342,56,,,1,60,,27343,56,,,1,20,,27344,56,,,1,20,,27345,56,,,1,60,,27346,56,,,1,22,,27347,56,,,1,22,,27373,56,,,1,14,,27372,56,,,1,55,,27360,56,,,1,30,,27355,56,,,1,70,,27356,56,,,1,30,,27357,56,,,1,70,,27358,56,,,1,40,,27354,56,,,1,65,,27353,56,,,1,25,,27361,56,,,1,70,,27362,56,,,1,30,,27363,56,,,1,70,,27364,56,,,1,30,,27365,56,,,1,69,,27366,56,,,1,27,,27367,56,,,1,70,,27368,56,,,1,30,,27369,56,,,1,70,,27370,56,,,1,30,,27359,56,,,1
10300,'103-Weekday-10-26-02-1111100',602,,27374,55,,,1,30,,27375,55,,,1,74,,27376,55,,,1,31,,27377,55,,,1,70,,27378,55,,,1,30,,27379,55,,,1,66,,27422,55,,,1,18,,27380,56,,,1,19,,27381,56,,,1,60,,27382,56,,,1,20,,27383,56,,,1,20,,27384,56,,,1,60,,27385,56,,,1,20,,27386,56,,,1,20,,27387,56,,,1,60,,27388,56,,,1,20,,27389,56,,,1,20,,27390,56,,,1,60,,27391,56,,,1,20,,27392,56,,,1,20,,27393,56,,,1,60,,27394,56,,,1,20,,27395,56,,,1,20,,27396,56,,,1,60,,27397,56,,,1,22,,27398,56,,,1,22,,27424,56,,,1,14,,27423,56,,,1,55,,27411,56,,,1,30,,27406,56,,,1,70,,27407,56,,,1,30,,27408,56,,,1,70,,27409,56,,,1,40,,27405,56,,,1,65,,27404,56,,,1,25,,27412,56,,,1,70,,27413,56,,,1,30,,27414,56,,,1,70,,27415,56,,,1,30,,27416,56,,,1,69,,27417,56,,,1,27,,27418,56,,,1,70,,27419,56,,,1,30,,27420,56,,,1,70,,27421,56,,,1,30,,27410,56,,,1
10300,'103-Weekday-11-26-02-1111100',602,,111633,55,,,1,30,,111634,55,,,1,74,,111635,55,,,1,31,,111636,55,,,1,70,,111637,55,,,1,30,,111638,55,,,1,66,,111681,55,,,1,18,,111639,56,,,1,19,,111640,56,,,1,60,,111641,56,,,1,20,,111642,56,,,1,20,,111643,56,,,1,60,,111644,56,,,1,20,,111645,56,,,1,20,,111646,56,,,1,60,,111647,56,,,1,20,,111648,56,,,1,20,,111649,56,,,1,60,,111650,56,,,1,20,,111651,56,,,1,20,,111652,56,,,1,60,,111653,56,,,1,20,,111654,56,,,1,20,,111655,56,,,1,60,,111656,56,,,1,22,,111657,56,,,1,22,,111683,56,,,1,14,,111682,56,,,1,55,,111670,56,,,1,30,,111665,56,,,1,70,,111666,56,,,1,30,,111667,56,,,1,70,,111668,56,,,1,40,,111664,56,,,1,65,,111663,56,,,1,25,,111671,56,,,1,70,,111672,56,,,1,30,,111673,56,,,1,70,,111674,56,,,1,30,,111675,56,,,1,69,,111676,56,,,1,27,,111677,56,,,1,70,,111678,56,,,1,30,,111679,56,,,1,70,,111680,56,,,1,30,,111669,56,,,1
10300,'103-Saturday-1-26-02-0000010',654,,27782,56,,,1,70,,27783,56,,,1,30,,27784,56,,,1,70,,27785,56,,,1,30,,27786,56,,,1,74,,27787,56,,,1,74,,27788,56,,,1,33,,27789,56,,,1,70,,27790,56,,,1,30,,27791,56,,,1,70,,27792,56,,,1,30,,27793,56,,,1,70,,27794,56,,,1,30,,27795,56,,,1,70,,27796,56,,,1,30,,27797,56,,,1,70,,27798,56,,,1,30,,27799,56,,,1,70,,27800,56,,,1,30,,27801,56,,,1,69,,27802,56,,,1,29,,27803,56,,,1,68,,27804,56,,,1,29,,27805,56,,,1,70,,27806,56,,,1,30,,27807,56,,,1,70,,27808,56,,,1,30,,27809,56,,,1,70,,27810,56,,,1,30,,27811,56,,,1,70,,27812,56,,,1,30,,27813,56,,,1,70,,27814,56,,,1,30,,27815,56,,,1,70,,27816,56,,,1,30,,27817,56,,,1,70,,27818,56,,,1
10300,'103-Sunday-2-26-02-0000001',649,,111684,56,,,1,70,,111685,56,,,1,30,,111686,56,,,1,70,,111687,56,,,1,30,,111688,56,,,1,74,,111689,56,,,1,32,,111690,56,,,1,74,,111691,56,,,1,30,,111692,56,,,1,70,,111693,56,,,1,30,,111694,56,,,1,70,,111695,56,,,1,30,,111696,56,,,1,70,,111697,56,,,1,30,,111698,56,,,1,70,,111699,56,,,1,30,,111700,56,,,1,70,,111701,56,,,1,30,,111702,56,,,1,70,,111703,56,,,1,29,,111704,56,,,1,69,,111705,56,,,1,26,,111706,56,,,1,67,,111707,56,,,1,30,,111708,56,,,1,70,,111709,56,,,1,30,,111710,56,,,1,70,,111711,56,,,1,30,,111712,56,,,1,70,,111713,56,,,1,30,,111714,56,,,1,70,,111715,56,,,1,30,,111716,56,,,1,70,,111717,56,,,1,30,,111718,56,,,1,70,,111719,56,,,1,30,,111720,56,,,1
61400,'614-Weekday-1-26-02-0001000',1244,,60494,27,,,1,213,,60495,27,,,1
61400,'614-Weekday-1-26-02-1110100',1542,,60496,27,,,1,15,,60497,27,,,1
61400,'614-Weekday-10-26-02-1110100',1542,,116682,27,,,1,15,,116683,27,,,1
61400,'614-Weekday-9-26-02-0001000',1244,,60509,27,,,1,213,,60510,27,,,1
61600,'616-Weekday-1-26-02-0001000',1421,,60522,7,,,1,4,,60523,7,,,1
61600,'616-Weekday-1-26-02-1110100',1520,,60525,7,,,1,4,,60524,7,,,1
61600,'616-Weekday-10-26-02-1110100',1520,,116687,7,,,1,4,,116686,7,,,1
61600,'616-Weekday-9-26-02-0001000',1421,,60536,7,,,1,4,,60537,7,,,1
24013001,'130X-Weekday-1-26-02-1111100',604,,102787,6,,,1,20,,102788,6,,,1,20,,102789,6,,,1,60,,102790,6,,,1,15,,102791,6,,,1,15,,102792,6,,,1,15,,102793,6,,,1,55,,102794,6,,,1,15,,102795,6,,,1,15,,102796,6,,,1,15,,102797,6,,,1,55,,102798,6,,,1
24013001,'130X-Weekday-10-26-02-1111100',604,,102799,6,,,1,20,,102800,6,,,1,20,,102801,6,,,1,60,,102802,6,,,1,15,,102803,6,,,1,15,,102804,6,,,1,15,,102805,6,,,1,55,,102806,6,,,1,15,,102807,6,,,1,15,,102808,6,,,1,15,,102809,6,,,1,55,,102810,6,,,1
24013001,'130X-Weekday-11-26-02-1111100',604,,122816,6,,,1,20,,122817,6,,,1,20,,122818,6,,,1,60,,122819,6,,,1,15,,122820,6,,,1,15,,122821,6,,,1,15,,122822,6,,,1,55,,122823,6,,,1,15,,122824,6,,,1,15,,122825,6,,,1,15,,122826,6,,,1,55,,122827,6,,,1
