11700,'117-Weekday-1-26-02-1111100',539,,38145,16,,,1,70,,38146,16,,,1,31,,38178,16,,,1,60,,38179,16,,,1,20,,38180,16,,,1,20,,38181,16,,,1,60,,38182,16,,,1,20,,38147,16,,,1,30,,38148,16,,,1,69,,38149,16,,,1,30,,38150,16,,,1,70,,38151,16,,,1,30,,38152,16,,,1,70,,38153,16,,,1,30,,38154,16,,,1,70,,38155,16,,,1,30,,38156,16,,,1,70,,38157,16,,,1,30,,38158,16,,,1,70,,38159,16,,,1,30,,38160,16,,,1,61,,38161,16,,,1,20,,38162,16,,,1,20,,38163,16,,,1,60,,38164,16,,,1,20,,38165,16,,,1,20,,38166,16,,,1,60,,38167,16,,,1,30,,38168,16,,,1,70,,38169,16,,,1,29,,38170,16,,,1,70,,38171,16,,,1,30,,38172,16,,,1,70,,38173,16,,,1,30,,38174,16,,,1,70,,38175,16,,,1,30,,38176,16,,,1,70,,38177,16,,,1
11700,'117-Weekday-10-26-02-1111100',539,,38183,16,,,1,70,,38184,16,,,1,31,,38216,16,,,1,60,,38217,16,,,1,20,,38218,16,,,1,20,,38219,16,,,1,60,,38220,16,,,1,20,,38185,16,,,1,30,,38186,16,,,1,69,,38187,16,,,1,30,,38188,16,,,1,70,,38189,16,,,1,30,,38190,16,,,1,70,,38191,16,,,1,30,,38192,16,,,1,70,,38193,16,,,1,30,,38194,16,,,1,70,,38195,16,,,1,30,,38196,16,,,1,70,,38197,16,,,1,30,,38198,16,,,1,61,,38199,16,,,1,20,,38200,16,,,1,20,,38201,16,,,1,60,,38202,16,,,1,20,,38203,16,,,1,20,,38204,16,,,1,60,,38205,16,,,1,30,,38206,16,,,1,70,,38207,16,,,1,29,,38208,16,,,1,70,,38209,16,,,1,30,,38210,16,,,1,70,,38211,16,,,1,30,,38212,16,,,1,70,,38213,16,,,1,30,,38214,16,,,1,70,,38215,16,,,1
11700,'117-Weekday-4-26-02-1111100',539,,38259,16,,,1,70,,38260,16,,,1,31,,38292,16,,,1,60,,38293,16,,,1,20,,38294,16,,,1,20,,38295,16,,,1,60,,38296,16,,,1,20,,38261,16,,,1,30,,38262,16,,,1,69,,38263,16,,,1,30,,38264,16,,,1,70,,38265,16,,,1,30,,38266,16,,,1,70,,38267,16,,,1,30,,38268,16,,,1,70,,38269,16,,,1,30,,38270,16,,,1,70,,38271,16,,,1,30,,38272,16,,,1,70,,38273,16,,,1,30,,38274,16,,,1,61,,38275,16,,,1,20,,38276,16,,,1,20,,38277,16,,,1,60,,38278,16,,,1,20,,38279,16,,,1,20,,38280,16,,,1,60,,38281,16,,,1,30,,38282,16,,,1,70,,38283,16,,,1,29,,38284,16,,,1,70,,38285,16,,,1,30,,38286,16,,,1,70,,38287,16,,,1,30,,38288,16,,,1,70,,38289,16,,,1,30,,38290,16,,,1,70,,38291,16,,,1
11700,'117-Weekday-5-26-02-1111100',539,,38297,16,,,1,70,,38298,16,,,1,31,,38330,16,,,1,60,,38331,16,,,1,20,,38332,16,,,1,20,,38333,16,,,1,60,,38334,16,,,1,20,,38299,16,,,1,30,,38300,16,,,1,69,,38301,16,,,1,30,,38302,16,,,1,70,,38303,16,,,1,30,,38304,16,,,1,70,,38305,16,,,1,30,,38306,16,,,1,70,,38307,16,,,1,30,,38308,16,,,1,70,,38309,16,,,1,30,,38310,16,,,1,70,,38311,16,,,1,30,,38312,16,,,1,61,,38313,16,,,1,20,,38314,16,,,1,20,,38315,16,,,1,60,,38316,16,,,1,20,,38317,16,,,1,20,,38318,16,,,1,60,,38319,16,,,1,30,,38320,16,,,1,70,,38321,16,,,1,29,,38322,16,,,1,70,,38323,16,,,1,30,,38324,16,,,1,70,,38325,16,,,1,30,,38326,16,,,1,70,,38327,16,,,1,30,,38328,16,,,1,70,,38329,16,,,1
11700,'117-Weekday-6-26-02-1111100',539,,38335,16,,,1,70,,38336,16,,,1,31,,38368,16,,,1,60,,38369,16,,,1,20,,38370,16,,,1,20,,38371,16,,,1,60,,38372,16,,,1,20,,38337,16,,,1,30,,38338,16,,,1,69,,38339,16,,,1,30,,38340,16,,,1,70,,38341,16,,,1,30,,38342,16,,,1,70,,38343,16,,,1,30,,38344,16,,,1,70,,38345,16,,,1,30,,38346,16,,,1,70,,38347,16,,,1,30,,38348,16,,,1,70,,38349,16,,,1,30,,38350,16,,,1,61,,38351,16,,,1,20,,38352,16,,,1,20,,38353,16,,,1,60,,38354,16,,,1,20,,38355,16,,,1,20,,38356,16,,,1,60,,38357,16,,,1,30,,38358,16,,,1,70,,38359,16,,,1,29,,38360,16,,,1,70,,38361,16,,,1,30,,38362,16,,,1,70,,38363,16,,,1,30,,38364,16,,,1,70,,38365,16,,,1,30,,38366,16,,,1,70,,38367,16,,,1
11700,'117-Weekday-7-26-02-1111100',539,,38373,16,,,1,70,,38374,16,,,1,31,,38406,16,,,1,60,,38407,16,,,1,20,,38408,16,,,1,20,,38409,16,,,1,60,,38410,16,,,1,20,,38375,16,,,1,30,,38376,16,,,1,69,,38377,16,,,1,30,,38378,16,,,1,70,,38379,16,,,1,30,,38380,16,,,1,70,,38381,16,,,1,30,,38382,16,,,1,70,,38383,16,,,1,30,,38384,16,,,1,70,,38385,16,,,1,30,,38386,16,,,1,70,,38387,16,,,1,30,,38388,16,,,1,61,,38389,16,,,1,20,,38390,16,,,1,20,,38391,16,,,1,60,,38392,16,,,1,20,,38393,16,,,1,20,,38394,16,,,1,60,,38395,16,,,1,30,,38396,16,,,1,70,,38397,16,,,1,29,,38398,16,,,1,70,,38399,16,,,1,30,,38400,16,,,1,70,,38401,16,,,1,30,,38402,16,,,1,70,,38403,16,,,1,30,,38404,16,,,1,70,,38405,16,,,1
11700,'117-Saturday-1-26-02-0000010',554,,38487,16,,,1,100,,38488,16,,,1,100,,38489,16,,,1,85,,38490,16,,,1,70,,38517,16,,,1,30,,38508,16,,,1,70,,38509,16,,,1,30,,38510,16,,,1,70,,38511,16,,,1,30,,38512,16,,,1,70,,38513,16,,,1,30,,38514,16,,,1,70,,38515,16,,,1,30,,38516,16,,,1,70,,38507,16,,,1,30,,38492,16,,,1,70,,38493,16,,,1,30,,38494,16,,,1,70,,38495,16,,,1,30,,38496,16,,,1,70,,38497,16,,,1,30,,38498,16,,,1,70,,38499,16,,,1,30,,38500,16,,,1,70,,38501,16,,,1,30,,38502,16,,,1,70,,38503,16,,,1,30,,38504,16,,,1,70,,38505,16,,,1,30,,38506,16,,,1,70,,38491,16,,,1
11700,'117-Sunday-1-26-02-0000001',616,,38518,16,,,1,100,,38519,16,,,1,100,,38520,16,,,1,100,,38521,16,,,1,100,,38522,16,,,1,30,,38523,16,,,1,70,,38524,16,,,1,30,,38525,16,,,1,70,,38526,16,,,1,30,,38527,16,,,1,70,,38528,16,,,1,30,,38529,16,,,1,70,,38530,16,,,1,30,,38531,16,,,1,70,,38532,16,,,1,30,,38533,16,,,1,70,,38534,16,,,1,30,,38535,16,,,1,70,,38536,16,,,1,30,,38537,16,,,1,70,,38538,16,,,1,30,,38539,16,,,1,100,,38540,16,,,1,100,,38541,16,,,1
62101,'621-Weekday-1-26-02-1111100',751,,60635,24,,,1,5,,60633,24,,,1,80,,60634,24,,,1
62101,'621-Weekday-5-26-02-1111100',751,,60642,24,,,1,5,,60640,24,,,1,80,,60641,24,,,1
62101,'621-Weekday-6-26-02-1111100',751,,60644,24,,,1,5,,60643,24,,,1
62101,'621-Weekday-9-26-02-1111100',751,,60649,24,,,1,5,,60647,24,,,1,80,,60648,24,,,1
