901,'009-Weekday-1-26-02-1111100',2522,,17195,50,0,10 15 16,1,29,,17196,50,0,10 15 16,1,71,,17197,50,0,10 15 16,1,29,,17198,50,0,10 15 16,1,71,,17199,50,0,10 15 16,1
901,'009-Weekday-10-26-02-1111100',2522,,17322,50,0,10 15 16,1,29,,17323,50,0,10 15 16,1,71,,17324,50,0,10 15 16,1,29,,17325,50,0,10 15 16,1,71,,17326,50,0,10 15 16,1
901,'009-Weekday-2-26-02-1111100',2522,,17449,50,0,10 15 16,1,29,,17450,50,0,10 15 16,1,71,,17451,50,0,10 15 16,1,29,,17452,50,0,10 15 16,1,71,,17453,50,0,10 15 16,1
901,'009-Weekday-4-26-02-1111100',2522,,17576,50,0,10 15 16,1,29,,17577,50,0,10 15 16,1,71,,17578,50,0,10 15 16,1,29,,17579,50,0,10 15 16,1,71,,17580,50,0,10 15 16,1
901,'009-Weekday-5-26-02-1111100',2522,,17702,50,0,10 15 16,1,29,,17703,50,0,10 15 16,1,71,,17704,50,0,10 15 16,1,29,,17705,50,0,10 15 16,1,71,,17706,50,0,10 15 16,1
901,'009-Weekday-6-26-02-1111100',2522,,17829,50,0,10 15 16,1,29,,17830,50,0,10 15 16,1,71,,17831,50,0,10 15 16,1,29,,17832,50,0,10 15 16,1,71,,17833,50,0,10 15 16,1
901,'009-Weekday-7-26-02-1111100',2522,,17955,50,0,10 15 16,1,29,,17956,50,0,10 15 16,1,71,,17957,50,0,10 15 16,1,29,,17958,50,0,10 15 16,1,71,,17959,50,0,10 15 16,1
901,'009-Weekday-8-26-02-1111100',2522,,18081,50,0,10 15 16,1,29,,18082,50,0,10 15 16,1,71,,18083,50,0,10 15 16,1,29,,18084,50,0,10 15 16,1,71,,18085,50,0,10 15 16,1
901,'009-Weekday-9-26-02-1111100',2522,,18207,50,0,10 15 16,1,29,,18208,50,0,10 15 16,1,71,,18209,50,0,10 15 16,1,29,,18210,50,0,10 15 16,1,71,,18211,50,0,10 15 16,1
901,'009-Saturday-1-26-02-0000010',2520,,18283,50,0,10 15 16,1,30,,18284,50,0,10 15 16,1,70,,18285,50,0,10 15 16,1,30,,18286,50,0,10 15 16,1,70,,18287,50,0,10 15 16,1
901,'009-Sunday-1-26-02-0000001',2521,,18355,50,0,10 15 16,1,30,,18356,50,0,10 15 16,1,70,,18357,50,0,10 15 16,1,30,,18358,50,0,10 15 16,1,70,,18359,50,0,10 15 16,1
