5101,'051-Weekday-1-26-04-1111100',525,,114570,5,,,1,30,,114571,5,,,1,71,,114588,5,,,1,20,,114587,5,,,1,55,,114572,5,,,1,15,,114573,5,,,1,15,,114574,5,,,1,15,,114575,5,,,1,7,,114578,5,,,1,5,,114579,5,,,1,43,,114576,5,,,1,15,,114577,5,,,1,5,,114580,5,,,1,10,,114569,5,,,1,15,,114550,5,,,1,59,,114568,5,,,1,20,,114551,5,,,1,20,,114581,5,,,1,60,,114552,5,,,1,20,,114553,5,,,1,20,,114582,5,,,1,60,,114554,5,,,1,20,,114555,5,,,1,20,,114583,5,,,1,60,,114556,5,,,1,20,,114557,5,,,1,20,,114584,5,,,1,60,,114558,5,,,1,20,,114559,5,,,1,20,,114585,5,,,1,60,,114560,5,,,1,20,,114586,5,,,1,30,,114561,5,,,1,70,,114562,5,,,1,31,,114563,5,,,1,70,,114564,5,,,1,30,,114565,5,,,1,70,,114566,5,,,1,30,,114590,5,,,1,69,,114591,5,,,1,30,,114592,5,,,1,70,,114593,5,,,1,30,,114594,5,,,1,70,,114595,5,,,1,30,,114596,5,,,1,70,,114597,5,,,1,30,,114567,5,,,1,100,,114589,5,,,1
5101,'051-Weekday-2-26-04-1111100',525,,114618,5,,,1,30,,114619,5,,,1,71,,114636,5,,,1,20,,114635,5,,,1,55,,114620,5,,,1,15,,114621,5,,,1,15,,114622,5,,,1,15,,114623,5,,,1,7,,114626,5,,,1,5,,114627,5,,,1,43,,114624,5,,,1,15,,114625,5,,,1,5,,114628,5,,,1,10,,114617,5,,,1,15,,114598,5,,,1,59,,114616,5,,,1,20,,114599,5,,,1,20,,114629,5,,,1,60,,114600,5,,,1,20,,114601,5,,,1,20,,114630,5,,,1,60,,114602,5,,,1,20,,114603,5,,,1,20,,114631,5,,,1,60,,114604,5,,,1,20,,114605,5,,,1,20,,114632,5,,,1,60,,114606,5,,,1,20,,114607,5,,,1,20,,114633,5,,,1,60,,114608,5,,,1,20,,114634,5,,,1,30,,114609,5,,,1,70,,114610,5,,,1,31,,114611,5,,,1,70,,114612,5,,,1,30,,114613,5,,,1,70,,114614,5,,,1,30,,114638,5,,,1,69,,114639,5,,,1,30,,114640,5,,,1,70,,114641,5,,,1,30,,114642,5,,,1,70,,114643,5,,,1,30,,114644,5,,,1,70,,114645,5,,,1,30,,114615,5,,,1,100,,114637,5,,,1
5101,'051-Weekday-3-26-04-1111100',525,,114666,5,,,1,30,,114667,5,,,1,71,,114684,5,,,1,20,,114683,5,,,1,55,,114668,5,,,1,15,,114669,5,,,1,15,,114670,5,,,1,15,,114671,5,,,1,7,,114674,5,,,1,5,,114675,5,,,1,43,,114672,5,,,1,15,,114673,5,,,1,5,,114676,5,,,1,10,,114665,5,,,1,15,,114646,5,,,1,59,,114664,5,,,1,20,,114647,5,,,1,20,,114677,5,,,1,60,,114648,5,,,1,20,,114649,5,,,1,20,,114678,5,,,1,60,,114650,5,,,1,20,,114651,5,,,1,20,,114679,5,,,1,60,,114652,5,,,1,20,,114653,5,,,1,20,,114680,5,,,1,60,,114654,5,,,1,20,,114655,5,,,1,20,,114681,5,,,1,60,,114656,5,,,1,20,,114682,5,,,1,30,,114657,5,,,1,70,,114658,5,,,1,31,,114659,5,,,1,70,,114660,5,,,1,30,,114661,5,,,1,70,,114662,5,,,1,30,,114686,5,,,1,69,,114687,5,,,1,30,,114688,5,,,1,70,,114689,5,,,1,30,,114690,5,,,1,70,,114691,5,,,1,30,,114692,5,,,1,70,,114693,5,,,1,30,,114663,5,,,1,100,,114685,5,,,1
5101,'051-Saturday-1-26-04-0000010',605,,114694,5,,,1,100,,114695,5,,,1,100,,114696,5,,,1,30,,114697,5,,,1,69,,114698,5,,,1,30,,114699,5,,,1,70,,114700,5,,,1,30,,114701,5,,,1,70,,114702,5,,,1,30,,114703,5,,,1,70,,114704,5,,,1,30,,114705,5,,,1,70,,114706,5,,,1,30,,114707,5,,,1,70,,114708,5,,,1,30,,114709,5,,,1,70,,114710,5,,,1,30,,114711,5,,,1,70,,114712,5,,,1,30,,114713,5,,,1,70,,114714,5,,,1,30,,114715,5,,,1,70,,114716,5,,,1,30,,114717,5,,,1,70,,114718,5,,,1,100,,114719,5,,,1,100,,114720,5,,,1
5101,'051-Sunday-1-26-04-0000001',705,,114740,5,,,1,100,,114741,5,,,1,100,,114742,5,,,1,30,,114745,5,,,1,70,,114721,5,,,1,30,,114722,5,,,1,70,,114723,5,,,1,30,,114724,5,,,1,70,,114725,5,,,1,30,,114726,5,,,1,70,,114727,5,,,1,30,,114728,5,,,1,70,,114729,5,,,1,30,,114730,5,,,1,70,,114731,5,,,1,30,,114732,5,,,1,70,,114733,5,,,1,30,,114734,5,,,1,70,,114735,5,,,1,30,,114736,5,,,1,70,,114737,5,,,1,30,,114738,5,,,1,70,,114739,5,,,1,100,,114743,5,,,1,100,,114744,5,,,1,100,,114746,5,,,1
61300,'613-Weekday-1-26-04-1111100',736,,131630,16,,,1,9,,131631,16,,,1,77,,131632,16,,,1,10,,131633,16,,,1
61300,'613-Weekday-2-26-04-1111100',822,,131634,16,,,1,10,,131635,16,,,1
61300,'613-Weekday-3-26-04-1111100',736,,131636,16,,,1,9,,131637,16,,,1
62401,'624-Weekday-1-26-04-1111100',744,,131717,20,,,1
62401,'624-Weekday-3-26-04-1111100',744,,131718,20,,,1
24015001,'150X-Weekday-1-26-04-1111100',611,,148849,13,,,1,20,,148847,13,,,1,20,,148848,13,,,1,60,,148850,13,,,1,15,,148851,13,,,1,15,,148852,13,,,1,15,,148853,13,,,1,55,,148854,13,,,1,15,,148855,13,,,1,15,,148856,13,,,1
24015001,'150X-Weekday-2-26-04-1111100',611,,148859,13,,,1,20,,148857,13,,,1,20,,148858,13,,,1,60,,148860,13,,,1,15,,148861,13,,,1,15,,148862,13,,,1,15,,148863,13,,,1,55,,148864,13,,,1,15,,148865,13,,,1,15,,148866,13,,,1
24015001,'150X-Weekday-3-26-04-1111100',611,,148869,13,,,1,20,,148867,13,,,1,20,,148868,13,,,1,60,,148870,13,,,1,15,,148871,13,,,1,15,,148872,13,,,1,15,,148873,13,,,1,55,,148874,13,,,1,15,,148875,13,,,1,15,,148876,13,,,1
