5600,'056-Weekday-7-26-04-1111100',524,,152856,26,0,19 20,1,1089,,152926,26,0,19 20,1
51701,'517-Weekday-7-26-04-1101100',751,,155704,3,,,1
51701,'517-Weekday-7-26-04-1111100',532,,155705,3,,,1,70,,155706,3,,,1,30,,155707,3,,,1,20,,155708,3,,,1,60,,155709,3,,,1,20,,155710,3,,,1,20,,155711,3,,,1,60,,155743,3,,,1,20,,155741,3,,,1,70,,155712,3,,,1,30,,155713,3,,,1,70,,155714,3,,,1,30,,155715,3,,,1,70,,155716,3,,,1,30,,155717,3,,,1,70,,155718,3,,,1,30,,155719,3,,,1,70,,155720,3,,,1,30,,155721,3,,,1,70,,155722,3,,,1,30,,155723,3,,,1,71,,155724,3,,,1,30,,155725,3,,,1,15,,155740,3,,,1,5,,155726,3,,,1,60,,155727,3,,,1,20,,155728,3,,,1,20,,155729,3,,,1,60,,155730,3,,,1,20,,155742,3,,,1,70,,155731,3,,,1,29,,155732,3,,,1,70,,155733,3,,,1,30,,155734,3,,,1,70,,155735,3,,,1,30,,155736,3,,,1,70,,155737,3,,,1,30,,155738,3,,,1,70,,155739,3,,,1
51701,'517-Saturday-1-26-04-0000010',755,,128931,3,,,1,70,,128932,3,,,1,30,,128933,3,,,1,70,,128934,3,,,1,30,,128935,3,,,1,70,,128936,3,,,1,30,,128937,3,,,1,70,,128938,3,,,1,30,,128939,3,,,1,70,,128940,3,,,1,30,,128941,3,,,1,70,,128942,3,,,1,30,,128943,3,,,1,70,,128944,3,,,1,30,,128945,3,,,1,70,,128946,3,,,1,30,,128947,3,,,1,70,,128948,3,,,1,30,,128949,3,,,1,70,,128950,3,,,1,30,,128951,3,,,1,70,,128952,3,,,1,30,,128953,3,,,1
51801,'518-Weekday-7-26-04-0001000',1234,,155798,3,,,1
51801,'518-Weekday-7-26-04-1111100',519,,155799,3,,,1,30,,155800,3,,,1,63,,155848,3,,,1,20,,155801,3,,,1,12,,155802,3,,,1,12,,155803,3,,,1,52,,155849,3,,,1,12,,155804,3,,,1,12,,155805,3,,,1,12,,155806,3,,,1,12,,155807,3,,,1,52,,155850,3,,,1,12,,155808,3,,,1,12,,155809,3,,,1,12,,155851,3,,,1,75,,155810,3,,,1,30,,155811,3,,,1,70,,155812,3,,,1,30,,155813,3,,,1,70,,155814,3,,,1,30,,155815,3,,,1,70,,155816,3,,,1,30,,155817,3,,,1,70,,155818,3,,,1,30,,155819,3,,,1,70,,155820,3,,,1,30,,155821,3,,,1,52,,155822,3,,,1,12,,155823,3,,,1,12,,155845,3,,,1,12,,155824,3,,,1,5,,155852,3,,,1,7,,155825,3,,,1,52,,155826,3,,,1,12,,155827,3,,,1,12,,155847,3,,,1,12,,155828,3,,,1,12,,155829,3,,,1,52,,155830,3,,,1,12,,155831,3,,,1,12,,155846,3,,,1,12,,155832,3,,,1,12,,155833,3,,,1,52,,155834,3,,,1,18,,155835,3,,,1,30,,155836,3,,,1,70,,155837,3,,,1,30,,155838,3,,,1,70,,155839,3,,,1,30,,155840,3,,,1,70,,155841,3,,,1,30,,155842,3,,,1,100,,155843,3,,,1,100,,155844,3,,,1
51801,'518-Saturday-1-26-04-0000010',617,,129359,3,,,1,97,,129360,3,,,1,88,,129361,3,,,1,30,,129362,3,,,1,71,,129363,3,,,1,30,,129364,3,,,1,70,,129365,3,,,1,30,,129366,3,,,1,70,,129367,3,,,1,30,,129368,3,,,1,70,,129369,3,,,1,30,,129370,3,,,1,70,,129371,3,,,1,30,,129372,3,,,1,70,,129373,3,,,1,30,,129374,3,,,1,70,,129375,3,,,1,30,,129376,3,,,1,67,,129377,3,,,1,30,,129378,3,,,1,70,,129379,3,,,1,33,,129380,3,,,1,70,,129381,3,,,1,30,,129382,3,,,1,70,,129383,3,,,1,30,,129388,3,,,1,70,,129384,3,,,1,30,,129389,3,,,1,70,,129385,3,,,1,30,,129390,3,,,1,70,,129386,3,,,1,100,,129387,3,,,1,100,,129391,3,,,1
51900,'519-Weekday-7-26-04-1111100',613,,155853,49,,,1,32,,155854,49,,,1,56,,155855,49,,,1,15,,155856,49,,,1,15,,155857,49,,,1,15,,155858,49,,,1,55,,155859,49,,,1,15,,155860,49,,,1,15,,155861,49,,,1,15,,155862,49,,,1,55,,155863,49,,,1,14,,155899,49,,,1,32,,155864,49,,,1,70,,155865,49,,,1,30,,155866,49,,,1,70,,155867,49,,,1,30,,155868,49,,,1,70,,155869,49,,,1,30,,155870,49,,,1,70,,155871,49,,,1,30,,155872,49,,,1,70,,155873,49,,,1,30,,155874,49,,,1,71,,155875,49,,,1,34,,155876,49,,,1,55,,155877,49,,,1,15,,155878,49,,,1,18,,155879,49,,,1,15,,155880,49,,,1,55,,155881,49,,,1,15,,155882,49,,,1,15,,155883,49,,,1,15,,155884,49,,,1,55,,155885,49,,,1,15,,155886,49,,,1,14,,155887,49,,,1,13,,155888,49,,,1,65,,155889,49,,,1,28,,155890,49,,,1,70,,155891,49,,,1,30,,155892,49,,,1,70,,155893,49,,,1,30,,155894,49,,,1,69,,155895,49,,,1,30,,155896,49,,,1,100,,155897,49,,,1,100,,155898,49,,,1
51900,'519-Saturday-1-26-04-0000010',620,,129561,49,,,1,100,,129560,49,,,1,100,,129562,49,,,1,85,,129563,49,,,1,35,,129564,49,,,1,71,,129565,49,,,1,31,,129566,49,,,1,70,,129567,49,,,1,30,,129568,49,,,1,70,,129569,49,,,1,30,,129570,49,,,1,70,,129571,49,,,1,30,,129572,49,,,1,70,,129573,49,,,1,30,,129574,49,,,1,70,,129575,49,,,1,30,,129576,49,,,1,70,,129577,49,,,1,30,,129578,49,,,1,70,,129579,49,,,1,28,,129580,49,,,1,68,,129581,49,,,1,30,,129582,49,,,1,70,,129583,49,,,1,38,,129584,49,,,1,92,,129585,49,,,1,100,,129586,49,,,1,100,,129587,49,,,1,100,,129588,49,,,1,100,,129589,49,,,1
52101,'521-Weekday-7-26-04-1111100',532,,155996,3,,,1,70,,155997,3,,,1,15,,155998,3,,,1,16,,155999,3,,,1,15,,156035,3,,,1,55,,156000,3,,,1,15,,156001,3,,,1,15,,156002,3,,,1,15,,156034,3,,,1,55,,156003,3,,,1,15,,156004,3,,,1,15,,156039,3,,,1,23,,156005,3,,,1,70,,156006,3,,,1,30,,156007,3,,,1,70,,156008,3,,,1,30,,156009,3,,,1,70,,156010,3,,,1,30,,156011,3,,,1,70,,156012,3,,,1,30,,156013,3,,,1,70,,156014,3,,,1,30,,156015,3,,,1,70,,156016,3,,,1,31,,156038,3,,,1,71,,156037,3,,,1,14,,156040,3,,,1,1,,156017,3,,,1,15,,156018,3,,,1,55,,156019,3,,,1,15,,156020,3,,,1,15,,156021,3,,,1,15,,156022,3,,,1,55,,156023,3,,,1,15,,156024,3,,,1,15,,156025,3,,,1,15,,156026,3,,,1,69,,156036,3,,,1,29,,156027,3,,,1,70,,156028,3,,,1,30,,156029,3,,,1,70,,156030,3,,,1,30,,156031,3,,,1,70,,156032,3,,,1,30,,156033,3,,,1
52101,'521-Saturday-1-26-04-0000010',755,,130141,3,,,1,70,,130142,3,,,1,30,,130143,3,,,1,70,,130144,3,,,1,30,,130145,3,,,1,70,,130146,3,,,1,30,,130147,3,,,1,70,,130148,3,,,1,30,,130149,3,,,1,70,,130150,3,,,1,30,,130151,3,,,1,70,,130152,3,,,1,30,,130153,3,,,1,70,,130154,3,,,1,30,,130155,3,,,1,70,,130156,3,,,1,30,,130157,3,,,1,70,,130158,3,,,1,30,,130159,3,,,1,70,,130160,3,,,1,30,,130161,3,,,1,70,,130162,3,,,1,30,,130163,3,,,1
