65900,'659-Weekday-1-26-04-0001000',1239,,131943,9,,,1
65900,'659-Weekday-1-26-04-1110100',1533,,131944,9,,,1
65900,'659-Weekday-3-26-04-0001000',1239,,131945,9,,,1
65900,'659-Weekday-3-26-04-1110100',1533,,131946,9,,,1
66700,'667-Weekday-1-26-04-0001000',1440,,132036,13,,,1,3,,132037,13,,,1
66700,'667-Weekday-1-26-04-1110100',1519,,132038,13,,,1,3,,132039,13,,,1
66700,'667-Weekday-2-26-04-1110100',1519,,132040,13,,,1,3,,132041,13,,,1
72100,'721-Weekday-1-26-04-0001000',1436,,138227,14,,,1
72100,'721-Weekday-1-26-04-1110100',1520,,138228,14,,,1,3,,138229,14,,,1
72100,'721-Weekday-1-26-04-1111100',509,,138283,20,,,1,20,,138284,20,,,1,20,,138285,20,,,1,60,,138286,20,,,1,19,,138230,14,,,1,12,,138287,20,,,1,10,,138231,14,,,1,9,,138296,20,,,1,48,,138288,20,,,1,7,,138232,14,,,1,8,,138289,20,,,1,7,,138233,14,,,1,8,,138290,20,,,1,7,,138234,14,,,1,8,,138291,20,,,1,7,,138235,14,,,1,48,,138292,20,,,1,7,,138236,14,,,1,8,,138293,20,,,1,7,,138237,14,,,1,8,,138294,20,,,1,7,,138238,14,,,1,8,,138295,20,,,1,7,,138239,14,,,1,53,,138240,14,,,1,14,,138241,14,,,1,20,,138242,14,,,1,60,,138243,14,,,1,20,,138244,14,,,1,20,,138245,14,,,1,60,,138246,14,,,1,20,,138247,14,,,1,20,,138248,14,,,1,60,,138249,14,,,1,20,,138250,14,,,1,20,,138251,14,,,1,60,,138252,14,,,1,20,,138253,14,,,1,20,,138254,14,,,1,60,,138255,14,,,1,20,,138256,14,,,1,20,,138257,14,,,1,61,,138258,14,,,1,23,,138259,14,,,1,22,,138274,14,,,1,60,,138275,14,,,1,20,,138276,14,,,1,20,,138277,14,,,1,60,,138278,14,,,1,20,,138279,14,,,1,20,,138280,14,,,1,60,,138281,14,,,1,19,,138282,14,,,1,20,,138297,14,,,1,57,,138260,14,,,1,20,,138261,14,,,1,20,,138262,14,,,1,60,,138263,14,,,1,20,,138264,14,,,1,20,,138265,14,,,1,60,,138266,14,,,1,20,,138267,14,,,1,20,,138268,14,,,1,59,,138269,14,,,1,30,,138270,14,,,1,70,,138271,14,,,1,30,,138272,14,,,1,70,,138273,14,,,1
72100,'721-Weekday-2-26-04-1110100',1520,,138298,14,,,1,3,,138299,14,,,1
72100,'721-Weekday-2-26-04-1111100',509,,138353,20,,,1,20,,138354,20,,,1,20,,138355,20,,,1,60,,138356,20,,,1,19,,138300,14,,,1,12,,138357,20,,,1,10,,138301,14,,,1,9,,138366,20,,,1,48,,138358,20,,,1,7,,138302,14,,,1,8,,138359,20,,,1,7,,138303,14,,,1,8,,138360,20,,,1,7,,138304,14,,,1,8,,138361,20,,,1,7,,138305,14,,,1,48,,138362,20,,,1,7,,138306,14,,,1,8,,138363,20,,,1,7,,138307,14,,,1,8,,138364,20,,,1,7,,138308,14,,,1,8,,138365,20,,,1,7,,138309,14,,,1,53,,138310,14,,,1,14,,138311,14,,,1,20,,138312,14,,,1,60,,138313,14,,,1,20,,138314,14,,,1,20,,138315,14,,,1,60,,138316,14,,,1,20,,138317,14,,,1,20,,138318,14,,,1,60,,138319,14,,,1,20,,138320,14,,,1,20,,138321,14,,,1,60,,138322,14,,,1,20,,138323,14,,,1,20,,138324,14,,,1,60,,138325,14,,,1,20,,138326,14,,,1,20,,138327,14,,,1,61,,138328,14,,,1,23,,138329,14,,,1,22,,138344,14,,,1,60,,138345,14,,,1,20,,138346,14,,,1,20,,138347,14,,,1,60,,138348,14,,,1,20,,138349,14,,,1,20,,138350,14,,,1,60,,138351,14,,,1,19,,138352,14,,,1,20,,138367,14,,,1,57,,138330,14,,,1,20,,138331,14,,,1,20,,138332,14,,,1,60,,138333,14,,,1,20,,138334,14,,,1,20,,138335,14,,,1,60,,138336,14,,,1,20,,138337,14,,,1,20,,138338,14,,,1,59,,138339,14,,,1,30,,138340,14,,,1,70,,138341,14,,,1,30,,138342,14,,,1,70,,138343,14,,,1
72100,'721-Weekday-3-26-04-1111100',509,,138421,20,,,1,20,,138422,20,,,1,20,,138423,20,,,1,60,,138424,20,,,1,19,,138368,14,,,1,12,,138425,20,,,1,10,,138369,14,,,1,9,,138434,20,,,1,48,,138426,20,,,1,7,,138370,14,,,1,8,,138427,20,,,1,7,,138371,14,,,1,8,,138428,20,,,1,7,,138372,14,,,1,8,,138429,20,,,1,7,,138373,14,,,1,48,,138430,20,,,1,7,,138374,14,,,1,8,,138431,20,,,1,7,,138375,14,,,1,8,,138432,20,,,1,7,,138376,14,,,1,8,,138433,20,,,1,7,,138377,14,,,1,53,,138378,14,,,1,14,,138379,14,,,1,20,,138380,14,,,1,60,,138381,14,,,1,20,,138382,14,,,1,20,,138383,14,,,1,60,,138384,14,,,1,20,,138385,14,,,1,20,,138386,14,,,1,60,,138387,14,,,1,20,,138388,14,,,1,20,,138389,14,,,1,60,,138390,14,,,1,20,,138391,14,,,1,20,,138392,14,,,1,60,,138393,14,,,1,20,,138394,14,,,1,20,,138395,14,,,1,61,,138396,14,,,1,23,,138397,14,,,1,22,,138412,14,,,1,60,,138413,14,,,1,20,,138414,14,,,1,20,,138415,14,,,1,60,,138416,14,,,1,20,,138417,14,,,1,20,,138418,14,,,1,60,,138419,14,,,1,19,,138420,14,,,1,20,,138435,14,,,1,57,,138398,14,,,1,20,,138399,14,,,1,20,,138400,14,,,1,60,,138401,14,,,1,20,,138402,14,,,1,20,,138403,14,,,1,60,,138404,14,,,1,20,,138405,14,,,1,20,,138406,14,,,1,59,,138407,14,,,1,30,,138408,14,,,1,70,,138409,14,,,1,30,,138410,14,,,1,70,,138411,14,,,1
72100,'721-Saturday-1-26-04-0000010',553,,138483,20,,,1,70,,138436,20,,,1,30,,138437,20,,,1,70,,138438,20,,,1,30,,138439,20,,,1,70,,138440,20,,,1,25,,138441,20,,,1,61,,138442,20,,,1,22,,138443,20,,,1,20,,138444,20,,,1,60,,138445,20,,,1,20,,138446,20,,,1,20,,138447,20,,,1,60,,138448,20,,,1,20,,138449,20,,,1,20,,138450,20,,,1,60,,138451,20,,,1,20,,138452,20,,,1,20,,138453,20,,,1,60,,138454,20,,,1,20,,138455,20,,,1,20,,138456,20,,,1,60,,138457,20,,,1,20,,138458,20,,,1,20,,138459,20,,,1,60,,138460,20,,,1,20,,138461,20,,,1,20,,138462,20,,,1,60,,138463,20,,,1,20,,138464,20,,,1,20,,138465,20,,,1,59,,138466,20,,,1,20,,138467,20,,,1,20,,138468,20,,,1,60,,138469,20,,,1,20,,138470,20,,,1,20,,138471,20,,,1,60,,138472,20,,,1,30,,138473,20,,,1,70,,138474,20,,,1,30,,138475,20,,,1,70,,138476,20,,,1,30,,138477,20,,,1,70,,138478,20,,,1,30,,138479,20,,,1,70,,138480,20,,,1,30,,138481,20,,,1,70,,138484,20,,,1
72100,'721-Sunday-1-26-04-0000001',614,,138519,20,,,1,30,,138508,20,,,1,70,,138503,20,,,1,30,,138502,20,,,1,70,,138504,20,,,1,30,,138501,20,,,1,69,,138507,20,,,1,31,,138505,20,,,1,70,,138493,20,,,1,30,,138513,20,,,1,70,,138488,20,,,1,30,,138486,20,,,1,70,,138492,20,,,1,30,,138491,20,,,1,67,,138485,20,,,1,30,,138489,20,,,1,70,,138490,20,,,1,30,,138516,20,,,1,70,,138498,20,,,1,30,,138518,20,,,1,70,,138515,20,,,1,30,,138512,20,,,1,70,,138509,20,,,1,31,,138510,20,,,1,70,,138506,20,,,1,30,,138517,20,,,1,70,,138511,20,,,1,30,,138514,20,,,1,70,,138494,20,,,1,30,,138497,20,,,1,70,,138496,20,,,1,30,,138495,20,,,1,100,,138500,20,,,1,100,,138499,20,,,1,100,,138487,20,,,1
