10301,'103-Weekday-1-26-02-1111100',537,,27856,9,,,1,70,,27857,9,,,1,30,,27858,9,,,1,70,,27859,9,,,1,30,,27860,9,,,1,70,,27861,9,,,1,28,,27867,9,,,1,20,,27868,9,,,1,60,,27869,9,,,1,20,,27870,9,,,1,20,,27871,9,,,1,60,,27872,9,,,1,20,,27873,9,,,1,20,,27874,9,,,1,60,,27875,9,,,1,20,,27876,9,,,1,20,,27877,9,,,1,60,,27878,9,,,1,20,,27879,9,,,1,20,,27880,9,,,1,60,,27881,9,,,1,20,,27882,9,,,1,20,,27883,9,,,1,60,,27884,9,,,1,20,,27885,9,,,1,20,,27886,9,,,1,65,,27887,9,,,1,30,,27888,9,,,1,70,,27889,9,,,1,30,,27890,9,,,1,70,,27891,9,,,1,30,,27892,9,,,1,70,,27893,9,,,1,30,,27894,9,,,1,70,,27895,9,,,1,30,,27896,9,,,1,70,,27897,9,,,1,30,,27898,9,,,1,70,,27899,9,,,1,30,,27900,9,,,1,70,,27901,9,,,1,33,,27902,9,,,1,70,,27903,9,,,1,30,,27904,9,,,1
10301,'103-Weekday-10-26-02-1111100',537,,27905,9,,,1,70,,27906,9,,,1,30,,27907,9,,,1,70,,27908,9,,,1,30,,27909,9,,,1,70,,27910,9,,,1,28,,27916,9,,,1,20,,27917,9,,,1,60,,27918,9,,,1,20,,27919,9,,,1,20,,27920,9,,,1,60,,27921,9,,,1,20,,27922,9,,,1,20,,27923,9,,,1,60,,27924,9,,,1,20,,27925,9,,,1,20,,27926,9,,,1,60,,27927,9,,,1,20,,27928,9,,,1,20,,27929,9,,,1,60,,27930,9,,,1,20,,27931,9,,,1,20,,27932,9,,,1,60,,27933,9,,,1,20,,27934,9,,,1,20,,27935,9,,,1,65,,27936,9,,,1,30,,27937,9,,,1,70,,27938,9,,,1,30,,27939,9,,,1,70,,27940,9,,,1,30,,27941,9,,,1,70,,27942,9,,,1,30,,27943,9,,,1,70,,27944,9,,,1,30,,27945,9,,,1,70,,27946,9,,,1,30,,27947,9,,,1,70,,27948,9,,,1,30,,27949,9,,,1,70,,27950,9,,,1,33,,27951,9,,,1,70,,27952,9,,,1,30,,27953,9,,,1
10301,'103-Weekday-4-26-02-1111100',537,,28003,9,,,1,70,,28004,9,,,1,30,,28005,9,,,1,70,,28006,9,,,1,30,,28007,9,,,1,70,,28008,9,,,1,28,,28014,9,,,1,20,,28015,9,,,1,60,,28016,9,,,1,20,,28017,9,,,1,20,,28018,9,,,1,60,,28019,9,,,1,20,,28020,9,,,1,20,,28021,9,,,1,60,,28022,9,,,1,20,,28023,9,,,1,20,,28024,9,,,1,60,,28025,9,,,1,20,,28026,9,,,1,20,,28027,9,,,1,60,,28028,9,,,1,20,,28029,9,,,1,20,,28030,9,,,1,60,,28031,9,,,1,20,,28032,9,,,1,20,,28033,9,,,1,65,,28034,9,,,1,30,,28035,9,,,1,70,,28036,9,,,1,30,,28037,9,,,1,70,,28038,9,,,1,30,,28039,9,,,1,70,,28040,9,,,1,30,,28041,9,,,1,70,,28042,9,,,1,30,,28043,9,,,1,70,,28044,9,,,1,30,,28045,9,,,1,70,,28046,9,,,1,30,,28047,9,,,1,70,,28048,9,,,1,33,,28049,9,,,1,70,,28050,9,,,1,30,,28051,9,,,1
10301,'103-Weekday-5-26-02-1111100',537,,28052,9,,,1,70,,28053,9,,,1,30,,28054,9,,,1,70,,28055,9,,,1,30,,28056,9,,,1,70,,28057,9,,,1,28,,28063,9,,,1,20,,28064,9,,,1,60,,28065,9,,,1,20,,28066,9,,,1,20,,28067,9,,,1,60,,28068,9,,,1,20,,28069,9,,,1,20,,28070,9,,,1,60,,28071,9,,,1,20,,28072,9,,,1,20,,28073,9,,,1,60,,28074,9,,,1,20,,28075,9,,,1,20,,28076,9,,,1,60,,28077,9,,,1,20,,28078,9,,,1,20,,28079,9,,,1,60,,28080,9,,,1,20,,28081,9,,,1,20,,28082,9,,,1,65,,28083,9,,,1,30,,28084,9,,,1,70,,28085,9,,,1,30,,28086,9,,,1,70,,28087,9,,,1,30,,28088,9,,,1,70,,28089,9,,,1,30,,28090,9,,,1,70,,28091,9,,,1,30,,28092,9,,,1,70,,28093,9,,,1,30,,28094,9,,,1,70,,28095,9,,,1,30,,28096,9,,,1,70,,28097,9,,,1,33,,28098,9,,,1,70,,28099,9,,,1,30,,28100,9,,,1
10301,'103-Weekday-7-26-02-1111100',537,,28150,9,,,1,70,,28151,9,,,1,30,,28152,9,,,1,70,,28153,9,,,1,30,,28154,9,,,1,70,,28155,9,,,1,28,,28161,9,,,1,20,,28162,9,,,1,60,,28163,9,,,1,20,,28164,9,,,1,20,,28165,9,,,1,60,,28166,9,,,1,20,,28167,9,,,1,20,,28168,9,,,1,60,,28169,9,,,1,20,,28170,9,,,1,20,,28171,9,,,1,60,,28172,9,,,1,20,,28173,9,,,1,20,,28174,9,,,1,60,,28175,9,,,1,20,,28176,9,,,1,20,,28177,9,,,1,60,,28178,9,,,1,20,,28179,9,,,1,20,,28180,9,,,1,65,,28181,9,,,1,30,,28182,9,,,1,70,,28183,9,,,1,30,,28184,9,,,1,70,,28185,9,,,1,30,,28186,9,,,1,70,,28187,9,,,1,30,,28188,9,,,1,70,,28189,9,,,1,30,,28190,9,,,1,70,,28191,9,,,1,30,,28192,9,,,1,70,,28193,9,,,1,30,,28194,9,,,1,70,,28195,9,,,1,33,,28196,9,,,1,70,,28197,9,,,1,30,,28198,9,,,1
10301,'103-Saturday-1-26-02-0000010',610,,28297,9,,,1,30,,28298,9,,,1,70,,28299,9,,,1,30,,28300,9,,,1,70,,28301,9,,,1,30,,28302,9,,,1,68,,28303,9,,,1,30,,28304,9,,,1,70,,28305,9,,,1,30,,28306,9,,,1,70,,28307,9,,,1,30,,28308,9,,,1,70,,28309,9,,,1,30,,28310,9,,,1,70,,28311,9,,,1,30,,28312,9,,,1,70,,28313,9,,,1,30,,28314,9,,,1,70,,28315,9,,,1,30,,28316,9,,,1,70,,28317,9,,,1,30,,28318,9,,,1,72,,28319,9,,,1,30,,28320,9,,,1,70,,28321,9,,,1,30,,28322,9,,,1,70,,28323,9,,,1,30,,28324,9,,,1,70,,28325,9,,,1,30,,28326,9,,,1,70,,28327,9,,,1,30,,28328,9,,,1,70,,28329,9,,,1,30,,28330,9,,,1,70,,28331,9,,,1,30,,28332,9,,,1,70,,28333,9,,,1
10301,'103-Sunday-1-26-02-0000001',604,,28334,9,,,1,30,,28335,9,,,1,70,,28336,9,,,1,30,,28337,9,,,1,70,,28338,9,,,1,30,,28339,9,,,1,67,,28340,9,,,1,32,,28341,9,,,1,70,,28342,9,,,1,30,,28343,9,,,1,70,,28344,9,,,1,30,,28345,9,,,1,70,,28346,9,,,1,30,,28347,9,,,1,70,,28348,9,,,1,30,,28349,9,,,1,70,,28350,9,,,1,30,,28351,9,,,1,70,,28352,9,,,1,30,,28353,9,,,1,70,,28354,9,,,1,30,,28355,9,,,1,71,,28356,9,,,1,30,,28357,9,,,1,70,,28358,9,,,1,30,,28359,9,,,1,70,,28360,9,,,1,30,,28361,9,,,1,70,,28362,9,,,1,30,,28363,9,,,1,70,,28364,9,,,1,30,,28365,9,,,1,70,,28366,9,,,1,30,,28367,9,,,1,70,,28368,9,,,1,30,,28369,9,,,1,70,,28370,9,,,1
61401,'614-Weekday-1-26-02-1111100',729,,60511,4,,,1,82,,60512,4,,,1
61401,'614-Weekday-5-26-02-1111100',729,,60516,4,,,1,82,,60517,4,,,1
61401,'614-Weekday-9-26-02-1111100',729,,60520,4,,,1,82,,60521,4,,,1
61601,'616-Weekday-1-26-02-1111100',807,,60538,26,,,1,10,,60539,26,,,1
61601,'616-Weekday-5-26-02-1111100',807,,60544,26,,,1,10,,60545,26,,,1
61601,'616-Weekday-9-26-02-1111100',807,,60546,26,,,1,10,,60547,26,,,1
24013000,'130X-Weekday-1-26-02-1111100',1521,,102697,27,,,1,20,,102698,27,,,1,60,,102699,27,,,1,20,,102700,27,,,1,20,,102701,27,,,1,60,,102702,27,,,1,20,,102703,27,,,1,20,,102704,27,,,1,60,,102705,27,,,1,20,,102706,27,,,1
24013000,'130X-Weekday-10-26-02-1111100',1521,,102707,27,,,1,20,,102708,27,,,1,60,,102709,27,,,1,20,,102710,27,,,1,20,,102711,27,,,1,60,,102712,27,,,1,20,,102713,27,,,1,20,,102714,27,,,1,60,,102715,27,,,1,20,,102716,27,,,1
24013000,'130X-Weekday-4-26-02-1111100',1521,,102727,27,,,1,20,,102728,27,,,1,60,,102729,27,,,1,20,,102730,27,,,1,20,,102731,27,,,1,60,,102732,27,,,1,20,,102733,27,,,1,20,,102734,27,,,1,60,,102735,27,,,1,20,,102736,27,,,1
24013000,'130X-Weekday-5-26-02-1111100',1521,,102737,27,,,1,20,,102738,27,,,1,60,,102739,27,,,1,20,,102740,27,,,1,20,,102741,27,,,1,60,,102742,27,,,1,20,,102743,27,,,1,20,,102744,27,,,1,60,,102745,27,,,1,20,,102746,27,,,1
24013000,'130X-Weekday-7-26-02-1111100',1521,,102757,27,,,1,20,,102758,27,,,1,60,,102759,27,,,1,20,,102760,27,,,1,20,,102761,27,,,1,60,,102762,27,,,1,20,,102763,27,,,1,20,,102764,27,,,1,60,,102765,27,,,1,20,,102766,27,,,1
