901,'009-Weekday-1-26-06-1111100',2521,,166414,49,0,28 39 40,1,29,,166415,49,0,28 39 40,1,71,,166416,49,0,28 39 40,1,29,,166417,49,0,28 39 40,1,71,,166418,49,0,28 39 40,1
901,'009-Weekday-2-26-06-1111100',2521,,191254,49,0,28 39 40,1,29,,191255,49,0,28 39 40,1,71,,191256,49,0,28 39 40,1,29,,191257,49,0,28 39 40,1,71,,191258,49,0,28 39 40,1
901,'009-Saturday-1-26-06-0000010',2519,,166494,49,0,28 39 40,1,30,,166495,49,0,28 39 40,1,70,,166496,49,0,28 39 40,1,30,,166497,49,0,28 39 40,1,70,,166498,49,0,28 39 40,1
901,'009-Sunday-1-26-06-0000001',2520,,166565,49,0,28 39 40,1,30,,166566,49,0,28 39 40,1,70,,166567,49,0,28 39 40,1,30,,166568,49,0,28 39 40,1,70,,166569,49,0,28 39 40,1
901,'009-Sunday-2-26-06-0000001',2520,,191328,49,0,28 39 40,1,30,,191329,49,0,28 39 40,1,70,,191330,49,0,28 39 40,1,30,,191331,49,0,28 39 40,1,70,,191332,49,0,28 39 40,1
70801,'708-Weekday-1-26-06-1111100',545,,179438,3,,,1,70,,179439,3,,,1,26,,179477,3,,,1,66,,179440,3,,,1,30,,179441,3,,,1,70,,179442,3,,,1,30,,179443,3,,,1,67,,179463,3,,,1,30,,179464,3,,,1,70,,179465,3,,,1,30,,179466,3,,,1,70,,179467,3,,,1,30,,179468,3,,,1,70,,179469,3,,,1,30,,179470,3,,,1,70,,179471,3,,,1,30,,179472,3,,,1,70,,179473,3,,,1,30,,179444,3,,,1,71,,179474,3,,,1,22,,179478,3,,,1,15,,179455,3,,,1,15,,179456,3,,,1,55,,179457,3,,,1,15,,179458,3,,,1,15,,179459,3,,,1,15,,179460,3,,,1,55,,179461,3,,,1,15,,179462,3,,,1,15,,179476,3,,,1,61,,179445,3,,,1,29,,179446,3,,,1,70,,179447,3,,,1,30,,179448,3,,,1,70,,179449,3,,,1,30,,179450,3,,,1,70,,179451,3,,,1,30,,179452,3,,,1,70,,179475,3,,,1,50,,179453,3,,,1,100,,179454,3,,,1
70801,'708-Weekday-2-26-06-1111100',545,,198238,3,,,1,70,,198239,3,,,1,26,,198277,3,,,1,66,,198240,3,,,1,30,,198241,3,,,1,70,,198242,3,,,1,30,,198243,3,,,1,67,,198263,3,,,1,30,,198264,3,,,1,70,,198265,3,,,1,30,,198266,3,,,1,70,,198267,3,,,1,30,,198268,3,,,1,70,,198269,3,,,1,30,,198270,3,,,1,70,,198271,3,,,1,30,,198272,3,,,1,70,,198273,3,,,1,30,,198244,3,,,1,71,,198274,3,,,1,22,,198278,3,,,1,15,,198255,3,,,1,15,,198256,3,,,1,55,,198257,3,,,1,15,,198258,3,,,1,15,,198259,3,,,1,15,,198260,3,,,1,55,,198261,3,,,1,15,,198262,3,,,1,15,,198276,3,,,1,61,,198245,3,,,1,29,,198246,3,,,1,70,,198247,3,,,1,30,,198248,3,,,1,70,,198249,3,,,1,30,,198250,3,,,1,70,,198251,3,,,1,30,,198252,3,,,1,70,,198275,3,,,1,50,,198253,3,,,1,100,,198254,3,,,1
70801,'708-Saturday-1-26-06-0000010',605,,179479,3,,,1,100,,179480,3,,,1,100,,179481,3,,,1,30,,179482,3,,,1,70,,179483,3,,,1,30,,179484,3,,,1,70,,179485,3,,,1,30,,179486,3,,,1,70,,179487,3,,,1,30,,179488,3,,,1,70,,179489,3,,,1,30,,179490,3,,,1,70,,179491,3,,,1,30,,179492,3,,,1,70,,179493,3,,,1,30,,179494,3,,,1,70,,179495,3,,,1,30,,179496,3,,,1,70,,179497,3,,,1,30,,179498,3,,,1,70,,179499,3,,,1,30,,179500,3,,,1,70,,179501,3,,,1,30,,179502,3,,,1,70,,179503,3,,,1,100,,179504,3,,,1,100,,179505,3,,,1,100,,179506,3,,,1,100,,179507,3,,,1
70801,'708-Sunday-1-26-06-0000001',616,,179508,3,,,1,100,,179509,3,,,1,100,,179510,3,,,1,100,,179511,3,,,1,100,,179512,3,,,1,30,,179513,3,,,1,70,,179514,3,,,1,30,,179515,3,,,1,70,,179517,3,,,1,30,,179518,3,,,1,70,,179519,3,,,1,30,,179516,3,,,1,70,,179520,3,,,1,30,,179521,3,,,1,70,,179522,3,,,1,30,,179523,3,,,1,70,,179524,3,,,1,30,,179525,3,,,1,70,,179526,3,,,1,30,,179527,3,,,1,70,,179528,3,,,1,30,,179529,3,,,1,70,,179530,3,,,1,100,,179531,3,,,1,100,,179532,3,,,1,100,,179533,3,,,1,100,,179534,3,,,1
70801,'708-Sunday-3-26-06-0000001',616,,198279,3,,,1,100,,198280,3,,,1,100,,198281,3,,,1,100,,198282,3,,,1,100,,198283,3,,,1,30,,198284,3,,,1,70,,198285,3,,,1,30,,198286,3,,,1,70,,198288,3,,,1,30,,198289,3,,,1,70,,198290,3,,,1,30,,198287,3,,,1,70,,198291,3,,,1,30,,198292,3,,,1,70,,198293,3,,,1,30,,198294,3,,,1,70,,198295,3,,,1,30,,198296,3,,,1,70,,198297,3,,,1,30,,198298,3,,,1,70,,198299,3,,,1,30,,198300,3,,,1,70,,198301,3,,,1,100,,198302,3,,,1,100,,198303,3,,,1,100,,198304,3,,,1,100,,198305,3,,,1
