52201,'522-Weekday-1-26-02-1111100',635,,56914,31,,,1,71,,56915,31,,,1,30,,56916,31,,,1,70,,56917,31,,,1,30,,56918,31,,,1,69,,56919,31,,,1,99,,56920,31,,,1,100,,56921,31,,,1,100,,56922,31,,,1,100,,56923,31,,,1,100,,56924,31,,,1,101,,56925,31,,,1,31,,56926,31,,,1,70,,56927,31,,,1,30,,56928,31,,,1,70,,56929,31,,,1,30,,56930,31,,,1,70,,56931,31,,,1,99,,56932,31,,,1,100,,56933,31,,,1,100,,56934,31,,,1,99,,56935,31,,,1
52201,'522-Weekday-10-26-02-1111100',635,,56936,31,,,1,71,,56937,31,,,1,30,,56938,31,,,1,70,,56939,31,,,1,30,,56940,31,,,1,69,,56941,31,,,1,99,,56942,31,,,1,100,,56943,31,,,1,100,,56944,31,,,1,100,,56945,31,,,1,100,,56946,31,,,1,101,,56947,31,,,1,31,,56948,31,,,1,70,,56949,31,,,1,30,,56950,31,,,1,70,,56951,31,,,1,30,,56952,31,,,1,70,,56953,31,,,1,99,,56954,31,,,1,100,,56955,31,,,1,100,,56956,31,,,1,99,,56957,31,,,1
52201,'522-Weekday-2-26-02-1111100',635,,56958,31,,,1,71,,56959,31,,,1,30,,56960,31,,,1,70,,56961,31,,,1,30,,56962,31,,,1,69,,56963,31,,,1,99,,56964,31,,,1,100,,56965,31,,,1,100,,56966,31,,,1,100,,56967,31,,,1,100,,56968,31,,,1,101,,56969,31,,,1,31,,56970,31,,,1,70,,56971,31,,,1,30,,56972,31,,,1,70,,56973,31,,,1,30,,56974,31,,,1,70,,56975,31,,,1,99,,56976,31,,,1,100,,56977,31,,,1,100,,56978,31,,,1,99,,56979,31,,,1
52201,'522-Weekday-4-26-02-1111100',635,,56980,31,,,1,71,,56981,31,,,1,30,,56982,31,,,1,70,,56983,31,,,1,30,,56984,31,,,1,69,,56985,31,,,1,99,,56986,31,,,1,100,,56987,31,,,1,100,,56988,31,,,1,100,,56989,31,,,1,100,,56990,31,,,1,101,,56991,31,,,1,31,,56992,31,,,1,70,,56993,31,,,1,30,,56994,31,,,1,70,,56995,31,,,1,30,,56996,31,,,1,70,,56997,31,,,1,99,,56998,31,,,1,100,,56999,31,,,1,100,,57000,31,,,1,99,,57001,31,,,1
52201,'522-Weekday-5-26-02-1111100',635,,57002,31,,,1,71,,57003,31,,,1,30,,57004,31,,,1,70,,57005,31,,,1,30,,57006,31,,,1,69,,57007,31,,,1,99,,57008,31,,,1,100,,57009,31,,,1,100,,57010,31,,,1,100,,57011,31,,,1,100,,57012,31,,,1,101,,57013,31,,,1,31,,57014,31,,,1,70,,57015,31,,,1,30,,57016,31,,,1,70,,57017,31,,,1,30,,57018,31,,,1,70,,57019,31,,,1,99,,57020,31,,,1,100,,57021,31,,,1,100,,57022,31,,,1,99,,57023,31,,,1
52201,'522-Weekday-6-26-02-1111100',635,,57024,31,,,1,71,,57025,31,,,1,30,,57026,31,,,1,70,,57027,31,,,1,30,,57028,31,,,1,69,,57029,31,,,1,99,,57030,31,,,1,100,,57031,31,,,1,100,,57032,31,,,1,100,,57033,31,,,1,100,,57034,31,,,1,101,,57035,31,,,1,31,,57036,31,,,1,70,,57037,31,,,1,30,,57038,31,,,1,70,,57039,31,,,1,30,,57040,31,,,1,70,,57041,31,,,1,99,,57042,31,,,1,100,,57043,31,,,1,100,,57044,31,,,1,99,,57045,31,,,1
52201,'522-Weekday-7-26-02-1111100',635,,57046,31,,,1,71,,57047,31,,,1,30,,57048,31,,,1,70,,57049,31,,,1,30,,57050,31,,,1,69,,57051,31,,,1,99,,57052,31,,,1,100,,57053,31,,,1,100,,57054,31,,,1,100,,57055,31,,,1,100,,57056,31,,,1,101,,57057,31,,,1,31,,57058,31,,,1,70,,57059,31,,,1,30,,57060,31,,,1,70,,57061,31,,,1,30,,57062,31,,,1,70,,57063,31,,,1,99,,57064,31,,,1,100,,57065,31,,,1,100,,57066,31,,,1,99,,57067,31,,,1
52201,'522-Weekday-8-26-02-1111100',635,,57068,31,,,1,71,,57069,31,,,1,30,,57070,31,,,1,70,,57071,31,,,1,30,,57072,31,,,1,69,,57073,31,,,1,99,,57074,31,,,1,100,,57075,31,,,1,100,,57076,31,,,1,100,,57077,31,,,1,100,,57078,31,,,1,101,,57079,31,,,1,31,,57080,31,,,1,70,,57081,31,,,1,30,,57082,31,,,1,70,,57083,31,,,1,30,,57084,31,,,1,70,,57085,31,,,1,99,,57086,31,,,1,100,,57087,31,,,1,100,,57088,31,,,1,99,,57089,31,,,1
52201,'522-Weekday-9-26-02-1111100',635,,57090,31,,,1,71,,57091,31,,,1,30,,57092,31,,,1,70,,57093,31,,,1,30,,57094,31,,,1,69,,57095,31,,,1,99,,57096,31,,,1,100,,57097,31,,,1,100,,57098,31,,,1,100,,57099,31,,,1,100,,57100,31,,,1,101,,57101,31,,,1,31,,57102,31,,,1,70,,57103,31,,,1,30,,57104,31,,,1,70,,57105,31,,,1,30,,57106,31,,,1,70,,57107,31,,,1,99,,57108,31,,,1,100,,57109,31,,,1,100,,57110,31,,,1,99,,57111,31,,,1
52201,'522-Saturday-1-26-02-0000010',820,,57123,31,,,1,100,,57112,31,,,1,100,,57113,31,,,1,100,,57114,31,,,1,100,,57115,31,,,1,100,,57116,31,,,1,100,,57117,31,,,1,100,,57118,31,,,1,100,,57119,31,,,1,98,,57120,31,,,1,100,,57121,31,,,1,100,,57122,31,,,1
52201,'522-Sunday-1-26-02-0000001',1049,,57124,31,,,1,100,,57125,31,,,1,100,,57126,31,,,1,100,,57127,31,,,1,100,,57128,31,,,1,100,,57129,31,,,1,100,,57130,31,,,1,100,,57131,31,,,1,100,,57132,31,,,1
