12800,'128-Weekday-1-26-02-1111100',912,,43505,19,0,17,1,100,,43506,19,0,17,1,100,,43507,19,0,17,1,100,,43508,19,0,17,1,100,,43509,19,0,17,1,100,,43510,19,0,17,1,100,,43511,19,0,17,1,100,,43512,19,0,17,1
12800,'128-Weekday-10-26-02-1111100',912,,43513,19,0,17,1,100,,43514,19,0,17,1,100,,43515,19,0,17,1,100,,43516,19,0,17,1,100,,43517,19,0,17,1,100,,43518,19,0,17,1,100,,43519,19,0,17,1,100,,43520,19,0,17,1
12800,'128-Weekday-2-26-02-1111100',912,,43521,19,0,17,1,100,,43522,19,0,17,1,100,,43523,19,0,17,1,100,,43524,19,0,17,1,100,,43525,19,0,17,1,100,,43526,19,0,17,1,100,,43527,19,0,17,1,100,,43528,19,0,17,1
12800,'128-Weekday-4-26-02-1111100',912,,43529,19,0,17,1,100,,43530,19,0,17,1,100,,43531,19,0,17,1,100,,43532,19,0,17,1,100,,43533,19,0,17,1,100,,43534,19,0,17,1,100,,43535,19,0,17,1,100,,43536,19,0,17,1
12800,'128-Weekday-5-26-02-1111100',912,,43537,19,0,17,1,100,,43538,19,0,17,1,100,,43539,19,0,17,1,100,,43540,19,0,17,1,100,,43541,19,0,17,1,100,,43542,19,0,17,1,100,,43543,19,0,17,1,100,,43544,19,0,17,1
12800,'128-Weekday-6-26-02-1111100',912,,43545,19,0,17,1,100,,43546,19,0,17,1,100,,43547,19,0,17,1,100,,43548,19,0,17,1,100,,43549,19,0,17,1,100,,43550,19,0,17,1,100,,43551,19,0,17,1,100,,43552,19,0,17,1
12800,'128-Weekday-7-26-02-1111100',912,,43553,19,0,17,1,100,,43554,19,0,17,1,100,,43555,19,0,17,1,100,,43556,19,0,17,1,100,,43557,19,0,17,1,100,,43558,19,0,17,1,100,,43559,19,0,17,1,100,,43560,19,0,17,1
12800,'128-Weekday-8-26-02-1111100',912,,43561,19,0,17,1,100,,43562,19,0,17,1,100,,43563,19,0,17,1,100,,43564,19,0,17,1,100,,43565,19,0,17,1,100,,43566,19,0,17,1,100,,43567,19,0,17,1,100,,43568,19,0,17,1
12800,'128-Weekday-9-26-02-1111100',912,,43569,19,0,17,1,100,,43570,19,0,17,1,100,,43571,19,0,17,1,100,,43572,19,0,17,1,100,,43573,19,0,17,1,100,,43574,19,0,17,1,100,,43575,19,0,17,1,100,,43576,19,0,17,1
12800,'128-Saturday-1-26-02-0000010',910,,43577,19,0,17,1,100,,43578,19,0,17,1,100,,43579,19,0,17,1,100,,43580,19,0,17,1,100,,43581,19,0,17,1,100,,43582,19,0,17,1,100,,43583,19,0,17,1,100,,43584,19,0,17,1
