51101,'511-Weekday-1-26-06-1111100',2516,,175227,9,,,1,30,,175228,9,,,1,70,,175229,9,,,1,30,,175230,9,,,1
51101,'511-Weekday-2-26-06-1111100',2516,,195722,9,,,1,30,,195723,9,,,1,70,,195724,9,,,1,30,,195725,9,,,1
51101,'511-Saturday-1-26-06-0000010',2515,,175231,9,,,1,30,,175232,9,,,1,70,,175233,9,,,1,30,,175234,9,,,1
51101,'511-Sunday-1-26-06-0000001',2514,,175235,9,,,1,30,,175236,9,,,1,70,,175237,9,,,1,30,,175238,9,,,1
51101,'511-Sunday-2-26-06-0000001',2514,,195726,9,,,1,30,,195727,9,,,1,70,,195728,9,,,1,30,,195729,9,,,1
52401,'524-Weekday-1-26-06-1111100',921,,177299,9,,,1,30,,177300,9,,,1,70,,177301,9,,,1,30,,177302,9,,,1,70,,177303,9,,,1,30,,177304,9,,,1,70,,177305,9,,,1,30,,177306,9,,,1,70,,177307,9,,,1,30,,177308,9,,,1,70,,177309,9,,,1,30,,177310,9,,,1,71,,177311,9,,,1,100,,177312,9,,,1,100,,177313,9,,,1
52401,'524-Weekday-2-26-06-1111100',921,,197023,9,,,1,30,,197024,9,,,1,70,,197025,9,,,1,30,,197026,9,,,1,70,,197027,9,,,1,30,,197028,9,,,1,70,,197029,9,,,1,30,,197030,9,,,1,70,,197031,9,,,1,30,,197032,9,,,1,70,,197033,9,,,1,30,,197034,9,,,1,71,,197035,9,,,1,100,,197036,9,,,1,100,,197037,9,,,1
52401,'524-Saturday-1-26-06-0000010',1050,,177314,9,,,1,100,,177315,9,,,1,100,,177316,9,,,1,100,,177317,9,,,1,100,,177318,9,,,1,100,,177319,9,,,1,100,,177320,9,,,1
52401,'524-Sunday-1-26-06-0000001',1049,,177321,9,,,1,100,,177322,9,,,1,100,,177323,9,,,1,100,,177324,9,,,1,100,,177325,9,,,1,100,,177326,9,,,1
52401,'524-Sunday-2-26-06-0000001',1049,,197038,9,,,1,100,,197039,9,,,1,100,,197040,9,,,1,100,,197041,9,,,1,100,,197042,9,,,1,100,,197043,9,,,1
