71301,'713-Weekday-1-26-02-1110100',1542,,72117,5,,,1
71301,'713-Weekday-1-26-02-1111100',535,,72118,5,,,1,70,,72119,5,,,1,31,,72120,5,,,1,15,,72121,5,,,1,55,,72122,5,,,1,15,,72123,5,,,1,15,,72124,5,,,1,15,,72125,5,,,1,55,,72126,5,,,1,15,,72127,5,,,1,15,,72128,5,,,1,15,,72129,5,,,1,54,,72130,5,,,1,30,,72131,5,,,1,70,,72132,5,,,1,30,,72133,5,,,1,70,,72134,5,,,1,30,,72135,5,,,1,70,,72136,5,,,1,30,,72137,5,,,1,70,,72138,5,,,1,30,,72139,5,,,1,70,,72140,5,,,1,30,,72141,5,,,1,71,,72142,5,,,1,20,,72143,5,,,1,20,,72144,5,,,1,60,,72145,5,,,1,20,,72146,5,,,1,20,,72147,5,,,1,60,,72148,5,,,1,20,,72149,5,,,1,20,,72150,5,,,1,60,,72151,5,,,1,29,,72152,5,,,1,70,,72153,5,,,1,30,,72154,5,,,1,70,,72155,5,,,1,30,,72156,5,,,1,70,,72157,5,,,1,30,,72158,5,,,1,69,,72159,5,,,1,100,,72160,5,,,1
71301,'713-Weekday-10-26-02-1111100',535,,72161,5,,,1,70,,72162,5,,,1,31,,72163,5,,,1,15,,72164,5,,,1,55,,72165,5,,,1,15,,72166,5,,,1,15,,72167,5,,,1,15,,72168,5,,,1,55,,72169,5,,,1,15,,72170,5,,,1,15,,72171,5,,,1,15,,72172,5,,,1,54,,72173,5,,,1,30,,72174,5,,,1,70,,72175,5,,,1,30,,72176,5,,,1,70,,72177,5,,,1,30,,72178,5,,,1,70,,72179,5,,,1,30,,72180,5,,,1,70,,72181,5,,,1,30,,72182,5,,,1,70,,72183,5,,,1,30,,72184,5,,,1,71,,72185,5,,,1,20,,72186,5,,,1,20,,72187,5,,,1,60,,72188,5,,,1,20,,72189,5,,,1,20,,72190,5,,,1,60,,72191,5,,,1,20,,72192,5,,,1,20,,72193,5,,,1,60,,72194,5,,,1,29,,72195,5,,,1,70,,72196,5,,,1,30,,72197,5,,,1,70,,72198,5,,,1,30,,72199,5,,,1,70,,72200,5,,,1,30,,72201,5,,,1,69,,72202,5,,,1,100,,72203,5,,,1
71301,'713-Weekday-2-26-02-1110100',1542,,72204,5,,,1
71301,'713-Weekday-2-26-02-1111100',535,,72205,5,,,1,70,,72206,5,,,1,31,,72207,5,,,1,15,,72208,5,,,1,55,,72209,5,,,1,15,,72210,5,,,1,15,,72211,5,,,1,15,,72212,5,,,1,55,,72213,5,,,1,15,,72214,5,,,1,15,,72215,5,,,1,15,,72216,5,,,1,54,,72217,5,,,1,30,,72218,5,,,1,70,,72219,5,,,1,30,,72220,5,,,1,70,,72221,5,,,1,30,,72222,5,,,1,70,,72223,5,,,1,30,,72224,5,,,1,70,,72225,5,,,1,30,,72226,5,,,1,70,,72227,5,,,1,30,,72228,5,,,1,71,,72229,5,,,1,20,,72230,5,,,1,20,,72231,5,,,1,60,,72232,5,,,1,20,,72233,5,,,1,20,,72234,5,,,1,60,,72235,5,,,1,20,,72236,5,,,1,20,,72237,5,,,1,60,,72238,5,,,1,29,,72239,5,,,1,70,,72240,5,,,1,30,,72241,5,,,1,70,,72242,5,,,1,30,,72243,5,,,1,70,,72244,5,,,1,30,,72245,5,,,1,69,,72246,5,,,1,100,,72247,5,,,1
71301,'713-Weekday-4-26-02-1111100',535,,72248,5,,,1,70,,72249,5,,,1,31,,72250,5,,,1,15,,72251,5,,,1,55,,72252,5,,,1,15,,72253,5,,,1,15,,72254,5,,,1,15,,72255,5,,,1,55,,72256,5,,,1,15,,72257,5,,,1,15,,72258,5,,,1,15,,72259,5,,,1,54,,72260,5,,,1,30,,72261,5,,,1,70,,72262,5,,,1,30,,72263,5,,,1,70,,72264,5,,,1,30,,72265,5,,,1,70,,72266,5,,,1,30,,72267,5,,,1,70,,72268,5,,,1,30,,72269,5,,,1,70,,72270,5,,,1,30,,72271,5,,,1,71,,72272,5,,,1,20,,72273,5,,,1,20,,72274,5,,,1,60,,72275,5,,,1,20,,72276,5,,,1,20,,72277,5,,,1,60,,72278,5,,,1,20,,72279,5,,,1,20,,72280,5,,,1,60,,72281,5,,,1,29,,72282,5,,,1,70,,72283,5,,,1,30,,72284,5,,,1,70,,72285,5,,,1,30,,72286,5,,,1,70,,72287,5,,,1,30,,72288,5,,,1,69,,72289,5,,,1,100,,72290,5,,,1
71301,'713-Weekday-5-26-02-1110100',1542,,72291,5,,,1
71301,'713-Weekday-5-26-02-1111100',535,,72292,5,,,1,70,,72293,5,,,1,31,,72294,5,,,1,15,,72295,5,,,1,55,,72296,5,,,1,15,,72297,5,,,1,15,,72298,5,,,1,15,,72299,5,,,1,55,,72300,5,,,1,15,,72301,5,,,1,15,,72302,5,,,1,15,,72303,5,,,1,54,,72304,5,,,1,30,,72305,5,,,1,70,,72306,5,,,1,30,,72307,5,,,1,70,,72308,5,,,1,30,,72309,5,,,1,70,,72310,5,,,1,30,,72311,5,,,1,70,,72312,5,,,1,30,,72313,5,,,1,70,,72314,5,,,1,30,,72315,5,,,1,71,,72316,5,,,1,20,,72317,5,,,1,20,,72318,5,,,1,60,,72319,5,,,1,20,,72320,5,,,1,20,,72321,5,,,1,60,,72322,5,,,1,20,,72323,5,,,1,20,,72324,5,,,1,60,,72325,5,,,1,29,,72326,5,,,1,70,,72327,5,,,1,30,,72328,5,,,1,70,,72329,5,,,1,30,,72330,5,,,1,70,,72331,5,,,1,30,,72332,5,,,1,69,,72333,5,,,1,100,,72334,5,,,1
71301,'713-Weekday-6-26-02-1111100',535,,72335,5,,,1,70,,72336,5,,,1,31,,72337,5,,,1,15,,72338,5,,,1,55,,72339,5,,,1,15,,72340,5,,,1,15,,72341,5,,,1,15,,72342,5,,,1,55,,72343,5,,,1,15,,72344,5,,,1,15,,72345,5,,,1,15,,72346,5,,,1,54,,72347,5,,,1,30,,72348,5,,,1,70,,72349,5,,,1,30,,72350,5,,,1,70,,72351,5,,,1,30,,72352,5,,,1,70,,72353,5,,,1,30,,72354,5,,,1,70,,72355,5,,,1,30,,72356,5,,,1,70,,72357,5,,,1,30,,72358,5,,,1,71,,72359,5,,,1,20,,72360,5,,,1,20,,72361,5,,,1,60,,72362,5,,,1,20,,72363,5,,,1,20,,72364,5,,,1,60,,72365,5,,,1,20,,72366,5,,,1,20,,72367,5,,,1,60,,72368,5,,,1,29,,72369,5,,,1,70,,72370,5,,,1,30,,72371,5,,,1,70,,72372,5,,,1,30,,72373,5,,,1,70,,72374,5,,,1,30,,72375,5,,,1,69,,72376,5,,,1,100,,72377,5,,,1
71301,'713-Weekday-7-26-02-1111100',535,,72378,5,,,1,70,,72379,5,,,1,31,,72380,5,,,1,15,,72381,5,,,1,55,,72382,5,,,1,15,,72383,5,,,1,15,,72384,5,,,1,15,,72385,5,,,1,55,,72386,5,,,1,15,,72387,5,,,1,15,,72388,5,,,1,15,,72389,5,,,1,54,,72390,5,,,1,30,,72391,5,,,1,70,,72392,5,,,1,30,,72393,5,,,1,70,,72394,5,,,1,30,,72395,5,,,1,70,,72396,5,,,1,30,,72397,5,,,1,70,,72398,5,,,1,30,,72399,5,,,1,70,,72400,5,,,1,30,,72401,5,,,1,71,,72402,5,,,1,20,,72403,5,,,1,20,,72404,5,,,1,60,,72405,5,,,1,20,,72406,5,,,1,20,,72407,5,,,1,60,,72408,5,,,1,20,,72409,5,,,1,20,,72410,5,,,1,60,,72411,5,,,1,29,,72412,5,,,1,70,,72413,5,,,1,30,,72414,5,,,1,70,,72415,5,,,1,30,,72416,5,,,1,70,,72417,5,,,1,30,,72418,5,,,1,69,,72419,5,,,1,100,,72420,5,,,1
71301,'713-Weekday-8-26-02-1111100',535,,72421,5,,,1,70,,72422,5,,,1,31,,72423,5,,,1,15,,72424,5,,,1,55,,72425,5,,,1,15,,72426,5,,,1,15,,72427,5,,,1,15,,72428,5,,,1,55,,72429,5,,,1,15,,72430,5,,,1,15,,72431,5,,,1,15,,72432,5,,,1,54,,72433,5,,,1,30,,72434,5,,,1,70,,72435,5,,,1,30,,72436,5,,,1,70,,72437,5,,,1,30,,72438,5,,,1,70,,72439,5,,,1,30,,72440,5,,,1,70,,72441,5,,,1,30,,72442,5,,,1,70,,72443,5,,,1,30,,72444,5,,,1,71,,72445,5,,,1,20,,72446,5,,,1,20,,72447,5,,,1,60,,72448,5,,,1,20,,72449,5,,,1,20,,72450,5,,,1,60,,72451,5,,,1,20,,72452,5,,,1,20,,72453,5,,,1,60,,72454,5,,,1,29,,72455,5,,,1,70,,72456,5,,,1,30,,72457,5,,,1,70,,72458,5,,,1,30,,72459,5,,,1,70,,72460,5,,,1,30,,72461,5,,,1,69,,72462,5,,,1,100,,72463,5,,,1
71301,'713-Weekday-9-26-02-1110100',1542,,72464,5,,,1
71301,'713-Weekday-9-26-02-1111100',535,,72465,5,,,1,70,,72466,5,,,1,31,,72467,5,,,1,15,,72468,5,,,1,55,,72469,5,,,1,15,,72470,5,,,1,15,,72471,5,,,1,15,,72472,5,,,1,55,,72473,5,,,1,15,,72474,5,,,1,15,,72475,5,,,1,15,,72476,5,,,1,54,,72477,5,,,1,30,,72478,5,,,1,70,,72479,5,,,1,30,,72480,5,,,1,70,,72481,5,,,1,30,,72482,5,,,1,70,,72483,5,,,1,30,,72484,5,,,1,70,,72485,5,,,1,30,,72486,5,,,1,70,,72487,5,,,1,30,,72488,5,,,1,71,,72489,5,,,1,20,,72490,5,,,1,20,,72491,5,,,1,60,,72492,5,,,1,20,,72493,5,,,1,20,,72494,5,,,1,60,,72495,5,,,1,20,,72496,5,,,1,20,,72497,5,,,1,60,,72498,5,,,1,29,,72499,5,,,1,70,,72500,5,,,1,30,,72501,5,,,1,70,,72502,5,,,1,30,,72503,5,,,1,70,,72504,5,,,1,30,,72505,5,,,1,69,,72506,5,,,1,100,,72507,5,,,1
71301,'713-Saturday-1-26-02-0000010',806,,72508,5,,,1,30,,72509,5,,,1,71,,72510,5,,,1,30,,72511,5,,,1,70,,72512,5,,,1,30,,72513,5,,,1,70,,72514,5,,,1,30,,72515,5,,,1,70,,72516,5,,,1,30,,72517,5,,,1,70,,72518,5,,,1,30,,72519,5,,,1,70,,72520,5,,,1,30,,72521,5,,,1,70,,72522,5,,,1,30,,72523,5,,,1,70,,72524,5,,,1,30,,72525,5,,,1,69,,72526,5,,,1,30,,72527,5,,,1,70,,72528,5,,,1,30,,72529,5,,,1,70,,72530,5,,,1,100,,72531,5,,,1,100,,72532,5,,,1,100,,72533,5,,,1,100,,72534,5,,,1
71301,'713-Sunday-1-26-02-0000001',803,,72535,5,,,1,101,,72536,5,,,1,100,,72537,5,,,1,48,,72538,5,,,1,70,,72539,5,,,1,30,,72540,5,,,1,70,,72541,5,,,1,30,,72542,5,,,1,70,,72543,5,,,1,30,,72544,5,,,1,70,,72545,5,,,1,30,,72546,5,,,1,70,,72547,5,,,1,30,,72548,5,,,1,70,,72549,5,,,1,30,,72550,5,,,1,71,,72551,5,,,1,30,,72552,5,,,1,70,,72553,5,,,1,30,,72554,5,,,1,70,,72555,5,,,1,80,,72556,5,,,1,100,,72557,5,,,1,100,,72558,5,,,1
