50200,'502-Weekday-1-26-02-1111100',644,,44573,11,4,,1,71,,44566,11,4,,1,30,,44567,11,4,,1,70,,44568,11,4,,1,30,,44569,11,4,,1,70,,44570,11,4,,1,30,,44571,11,4,,1,567,,44572,11,4,,1,30,,44574,11,4,,1,70,,44575,11,4,,1,30,,44576,11,4,,1,70,,44577,11,4,,1,30,,44578,11,4,,1
50200,'502-Weekday-10-26-02-1111100',644,,44586,11,4,,1,71,,44579,11,4,,1,30,,44580,11,4,,1,70,,44581,11,4,,1,30,,44582,11,4,,1,70,,44583,11,4,,1,30,,44584,11,4,,1,567,,44585,11,4,,1,30,,44587,11,4,,1,70,,44588,11,4,,1,30,,44589,11,4,,1,70,,44590,11,4,,1,30,,44591,11,4,,1
50200,'502-Weekday-2-26-02-1111100',644,,44599,11,4,,1,71,,44592,11,4,,1,30,,44593,11,4,,1,70,,44594,11,4,,1,30,,44595,11,4,,1,70,,44596,11,4,,1,30,,44597,11,4,,1,567,,44598,11,4,,1,30,,44600,11,4,,1,70,,44601,11,4,,1,30,,44602,11,4,,1,70,,44603,11,4,,1,30,,44604,11,4,,1
50200,'502-Weekday-4-26-02-1111100',644,,44612,11,4,,1,71,,44605,11,4,,1,30,,44606,11,4,,1,70,,44607,11,4,,1,30,,44608,11,4,,1,70,,44609,11,4,,1,30,,44610,11,4,,1,567,,44611,11,4,,1,30,,44613,11,4,,1,70,,44614,11,4,,1,30,,44615,11,4,,1,70,,44616,11,4,,1,30,,44617,11,4,,1
50200,'502-Weekday-5-26-02-1111100',644,,44625,11,4,,1,71,,44618,11,4,,1,30,,44619,11,4,,1,70,,44620,11,4,,1,30,,44621,11,4,,1,70,,44622,11,4,,1,30,,44623,11,4,,1,567,,44624,11,4,,1,30,,44626,11,4,,1,70,,44627,11,4,,1,30,,44628,11,4,,1,70,,44629,11,4,,1,30,,44630,11,4,,1
50200,'502-Weekday-6-26-02-1111100',644,,44638,11,4,,1,71,,44631,11,4,,1,30,,44632,11,4,,1,70,,44633,11,4,,1,30,,44634,11,4,,1,70,,44635,11,4,,1,30,,44636,11,4,,1,567,,44637,11,4,,1,30,,44639,11,4,,1,70,,44640,11,4,,1,30,,44641,11,4,,1,70,,44642,11,4,,1,30,,44643,11,4,,1
50200,'502-Weekday-7-26-02-1111100',644,,44651,11,4,,1,71,,44644,11,4,,1,30,,44645,11,4,,1,70,,44646,11,4,,1,30,,44647,11,4,,1,70,,44648,11,4,,1,30,,44649,11,4,,1,567,,44650,11,4,,1,30,,44652,11,4,,1,70,,44653,11,4,,1,30,,44654,11,4,,1,70,,44655,11,4,,1,30,,44656,11,4,,1
50200,'502-Weekday-8-26-02-1111100',644,,44664,11,4,,1,71,,44657,11,4,,1,30,,44658,11,4,,1,70,,44659,11,4,,1,30,,44660,11,4,,1,70,,44661,11,4,,1,30,,44662,11,4,,1,567,,44663,11,4,,1,30,,44665,11,4,,1,70,,44666,11,4,,1,30,,44667,11,4,,1,70,,44668,11,4,,1,30,,44669,11,4,,1
50200,'502-Weekday-9-26-02-1111100',644,,44677,11,4,,1,71,,44670,11,4,,1,30,,44671,11,4,,1,70,,44672,11,4,,1,30,,44673,11,4,,1,70,,44674,11,4,,1,30,,44675,11,4,,1,567,,44676,11,4,,1,30,,44678,11,4,,1,70,,44679,11,4,,1,30,,44680,11,4,,1,70,,44681,11,4,,1,30,,44682,11,4,,1
50201,'502-Weekday-1-26-02-1111100',638,,44683,1,,,1,70,,44684,1,,,1,30,,44685,1,,,1,70,,44686,1,,,1,30,,44687,1,,,1,70,,44688,1,,,1,596,,44689,1,,,1,30,,44690,1,,,1,70,,44691,1,,,1,30,,44692,1,,,1,70,,44693,1,,,1,30,,44694,1,,,1
50201,'502-Weekday-10-26-02-1111100',638,,44695,1,,,1,70,,44696,1,,,1,30,,44697,1,,,1,70,,44698,1,,,1,30,,44699,1,,,1,70,,44700,1,,,1,596,,44701,1,,,1,30,,44702,1,,,1,70,,44703,1,,,1,30,,44704,1,,,1,70,,44705,1,,,1,30,,44706,1,,,1
50201,'502-Weekday-2-26-02-1111100',638,,44707,1,,,1,70,,44708,1,,,1,30,,44709,1,,,1,70,,44710,1,,,1,30,,44711,1,,,1,70,,44712,1,,,1,596,,44713,1,,,1,30,,44714,1,,,1,70,,44715,1,,,1,30,,44716,1,,,1,70,,44717,1,,,1,30,,44718,1,,,1
50201,'502-Weekday-4-26-02-1111100',638,,44719,1,,,1,70,,44720,1,,,1,30,,44721,1,,,1,70,,44722,1,,,1,30,,44723,1,,,1,70,,44724,1,,,1,596,,44725,1,,,1,30,,44726,1,,,1,70,,44727,1,,,1,30,,44728,1,,,1,70,,44729,1,,,1,30,,44730,1,,,1
50201,'502-Weekday-5-26-02-1111100',638,,44731,1,,,1,70,,44732,1,,,1,30,,44733,1,,,1,70,,44734,1,,,1,30,,44735,1,,,1,70,,44736,1,,,1,596,,44737,1,,,1,30,,44738,1,,,1,70,,44739,1,,,1,30,,44740,1,,,1,70,,44741,1,,,1,30,,44742,1,,,1
50201,'502-Weekday-6-26-02-1111100',638,,44743,1,,,1,70,,44744,1,,,1,30,,44745,1,,,1,70,,44746,1,,,1,30,,44747,1,,,1,70,,44748,1,,,1,596,,44749,1,,,1,30,,44750,1,,,1,70,,44751,1,,,1,30,,44752,1,,,1,70,,44753,1,,,1,30,,44754,1,,,1
50201,'502-Weekday-7-26-02-1111100',638,,44755,1,,,1,70,,44756,1,,,1,30,,44757,1,,,1,70,,44758,1,,,1,30,,44759,1,,,1,70,,44760,1,,,1,596,,44761,1,,,1,30,,44762,1,,,1,70,,44763,1,,,1,30,,44764,1,,,1,70,,44765,1,,,1,30,,44766,1,,,1
50201,'502-Weekday-8-26-02-1111100',638,,44767,1,,,1,70,,44768,1,,,1,30,,44769,1,,,1,70,,44770,1,,,1,30,,44771,1,,,1,70,,44772,1,,,1,596,,44773,1,,,1,30,,44774,1,,,1,70,,44775,1,,,1,30,,44776,1,,,1,70,,44777,1,,,1,30,,44778,1,,,1
50201,'502-Weekday-9-26-02-1111100',638,,44779,1,,,1,70,,44780,1,,,1,30,,44781,1,,,1,70,,44782,1,,,1,30,,44783,1,,,1,70,,44784,1,,,1,596,,44785,1,,,1,30,,44786,1,,,1,70,,44787,1,,,1,30,,44788,1,,,1,70,,44789,1,,,1,30,,44790,1,,,1
