51801,'518-Weekday-1-26-02-0001000',1238,,54253,8,,,1
51801,'518-Weekday-1-26-02-1111100',523,,54254,8,,,1,30,,54255,8,,,1,63,,54303,8,,,1,20,,54256,8,,,1,12,,54257,8,,,1,52,,54258,8,,,1,12,,54304,8,,,1,12,,54259,8,,,1,12,,54260,8,,,1,12,,54261,8,,,1,52,,54262,8,,,1,12,,54305,8,,,1,12,,54263,8,,,1,12,,54264,8,,,1,12,,54306,8,,,1,75,,54265,8,,,1,30,,54266,8,,,1,70,,54267,8,,,1,30,,54268,8,,,1,70,,54269,8,,,1,30,,54270,8,,,1,70,,54271,8,,,1,30,,54272,8,,,1,70,,54273,8,,,1,30,,54274,8,,,1,70,,54275,8,,,1,31,,54276,8,,,1,53,,54277,8,,,1,12,,54278,8,,,1,12,,54300,8,,,1,12,,54279,8,,,1,5,,54307,8,,,1,7,,54280,8,,,1,52,,54281,8,,,1,12,,54282,8,,,1,12,,54302,8,,,1,12,,54283,8,,,1,12,,54284,8,,,1,52,,54285,8,,,1,12,,54286,8,,,1,12,,54301,8,,,1,12,,54287,8,,,1,12,,54288,8,,,1,52,,54289,8,,,1,18,,54290,8,,,1,28,,54291,8,,,1,70,,54292,8,,,1,30,,54293,8,,,1,70,,54294,8,,,1,30,,54295,8,,,1,70,,54296,8,,,1,30,,54297,8,,,1,99,,54298,8,,,1,100,,54299,8,,,1
51801,'518-Weekday-10-26-02-0001000',1238,,54308,8,,,1
51801,'518-Weekday-10-26-02-1111100',523,,54309,8,,,1,30,,54310,8,,,1,63,,54358,8,,,1,20,,54311,8,,,1,12,,54312,8,,,1,52,,54313,8,,,1,12,,54359,8,,,1,12,,54314,8,,,1,12,,54315,8,,,1,12,,54316,8,,,1,52,,54317,8,,,1,12,,54360,8,,,1,12,,54318,8,,,1,12,,54319,8,,,1,12,,54361,8,,,1,75,,54320,8,,,1,30,,54321,8,,,1,70,,54322,8,,,1,30,,54323,8,,,1,70,,54324,8,,,1,30,,54325,8,,,1,70,,54326,8,,,1,30,,54327,8,,,1,70,,54328,8,,,1,30,,54329,8,,,1,70,,54330,8,,,1,31,,54331,8,,,1,53,,54332,8,,,1,12,,54333,8,,,1,12,,54355,8,,,1,12,,54334,8,,,1,5,,54362,8,,,1,7,,54335,8,,,1,52,,54336,8,,,1,12,,54337,8,,,1,12,,54357,8,,,1,12,,54338,8,,,1,12,,54339,8,,,1,52,,54340,8,,,1,12,,54341,8,,,1,12,,54356,8,,,1,12,,54342,8,,,1,12,,54343,8,,,1,52,,54344,8,,,1,18,,54345,8,,,1,28,,54346,8,,,1,70,,54347,8,,,1,30,,54348,8,,,1,70,,54349,8,,,1,30,,54350,8,,,1,70,,54351,8,,,1,30,,54352,8,,,1,99,,54353,8,,,1,100,,54354,8,,,1
51801,'518-Weekday-2-26-02-0001000',1238,,54363,8,,,1
51801,'518-Weekday-2-26-02-1111100',523,,54364,8,,,1,30,,54365,8,,,1,63,,54413,8,,,1,20,,54366,8,,,1,12,,54367,8,,,1,52,,54368,8,,,1,12,,54414,8,,,1,12,,54369,8,,,1,12,,54370,8,,,1,12,,54371,8,,,1,52,,54372,8,,,1,12,,54415,8,,,1,12,,54373,8,,,1,12,,54374,8,,,1,12,,54416,8,,,1,75,,54375,8,,,1,30,,54376,8,,,1,70,,54377,8,,,1,30,,54378,8,,,1,70,,54379,8,,,1,30,,54380,8,,,1,70,,54381,8,,,1,30,,54382,8,,,1,70,,54383,8,,,1,30,,54384,8,,,1,70,,54385,8,,,1,31,,54386,8,,,1,53,,54387,8,,,1,12,,54388,8,,,1,12,,54410,8,,,1,12,,54389,8,,,1,5,,54417,8,,,1,7,,54390,8,,,1,52,,54391,8,,,1,12,,54392,8,,,1,12,,54412,8,,,1,12,,54393,8,,,1,12,,54394,8,,,1,52,,54395,8,,,1,12,,54396,8,,,1,12,,54411,8,,,1,12,,54397,8,,,1,12,,54398,8,,,1,52,,54399,8,,,1,18,,54400,8,,,1,28,,54401,8,,,1,70,,54402,8,,,1,30,,54403,8,,,1,70,,54404,8,,,1,30,,54405,8,,,1,70,,54406,8,,,1,30,,54407,8,,,1,99,,54408,8,,,1,100,,54409,8,,,1
51801,'518-Weekday-4-26-02-1111100',523,,54418,8,,,1,30,,54419,8,,,1,63,,54467,8,,,1,20,,54420,8,,,1,12,,54421,8,,,1,52,,54422,8,,,1,12,,54468,8,,,1,12,,54423,8,,,1,12,,54424,8,,,1,12,,54425,8,,,1,52,,54426,8,,,1,12,,54469,8,,,1,12,,54427,8,,,1,12,,54428,8,,,1,12,,54470,8,,,1,75,,54429,8,,,1,30,,54430,8,,,1,70,,54431,8,,,1,30,,54432,8,,,1,70,,54433,8,,,1,30,,54434,8,,,1,70,,54435,8,,,1,30,,54436,8,,,1,70,,54437,8,,,1,30,,54438,8,,,1,70,,54439,8,,,1,31,,54440,8,,,1,53,,54441,8,,,1,12,,54442,8,,,1,12,,54464,8,,,1,12,,54443,8,,,1,12,,54444,8,,,1,52,,54445,8,,,1,12,,54446,8,,,1,12,,54466,8,,,1,12,,54447,8,,,1,12,,54448,8,,,1,52,,54449,8,,,1,12,,54450,8,,,1,12,,54465,8,,,1,12,,54451,8,,,1,12,,54452,8,,,1,52,,54453,8,,,1,18,,54454,8,,,1,28,,54455,8,,,1,70,,54456,8,,,1,30,,54457,8,,,1,70,,54458,8,,,1,30,,54459,8,,,1,70,,54460,8,,,1,30,,54461,8,,,1,99,,54462,8,,,1,100,,54463,8,,,1
51801,'518-Weekday-5-26-02-0000100',1238,,54471,8,,,1
51801,'518-Weekday-5-26-02-1111100',523,,54472,8,,,1,30,,54473,8,,,1,63,,54521,8,,,1,20,,54474,8,,,1,12,,54475,8,,,1,52,,54476,8,,,1,12,,54522,8,,,1,12,,54477,8,,,1,12,,54478,8,,,1,12,,54479,8,,,1,52,,54480,8,,,1,12,,54523,8,,,1,12,,54481,8,,,1,12,,54482,8,,,1,12,,54524,8,,,1,75,,54483,8,,,1,30,,54484,8,,,1,70,,54485,8,,,1,30,,54486,8,,,1,70,,54487,8,,,1,30,,54488,8,,,1,70,,54489,8,,,1,30,,54490,8,,,1,70,,54491,8,,,1,30,,54492,8,,,1,70,,54493,8,,,1,31,,54494,8,,,1,53,,54495,8,,,1,12,,54496,8,,,1,12,,54518,8,,,1,12,,54497,8,,,1,5,,54525,8,,,1,7,,54498,8,,,1,52,,54499,8,,,1,12,,54500,8,,,1,12,,54520,8,,,1,12,,54501,8,,,1,12,,54502,8,,,1,52,,54503,8,,,1,12,,54504,8,,,1,12,,54519,8,,,1,12,,54505,8,,,1,12,,54506,8,,,1,52,,54507,8,,,1,18,,54508,8,,,1,28,,54509,8,,,1,70,,54510,8,,,1,30,,54511,8,,,1,70,,54512,8,,,1,30,,54513,8,,,1,70,,54514,8,,,1,30,,54515,8,,,1,99,,54516,8,,,1,100,,54517,8,,,1
51801,'518-Weekday-6-26-02-1111100',523,,54526,8,,,1,30,,54527,8,,,1,63,,54575,8,,,1,20,,54528,8,,,1,12,,54529,8,,,1,52,,54530,8,,,1,12,,54576,8,,,1,12,,54531,8,,,1,12,,54532,8,,,1,12,,54533,8,,,1,52,,54534,8,,,1,12,,54577,8,,,1,12,,54535,8,,,1,12,,54536,8,,,1,12,,54578,8,,,1,75,,54537,8,,,1,30,,54538,8,,,1,70,,54539,8,,,1,30,,54540,8,,,1,70,,54541,8,,,1,30,,54542,8,,,1,70,,54543,8,,,1,30,,54544,8,,,1,70,,54545,8,,,1,30,,54546,8,,,1,70,,54547,8,,,1,31,,54548,8,,,1,53,,54549,8,,,1,12,,54550,8,,,1,12,,54572,8,,,1,12,,54551,8,,,1,5,,54579,8,,,1,7,,54552,8,,,1,52,,54553,8,,,1,12,,54554,8,,,1,12,,54574,8,,,1,12,,54555,8,,,1,12,,54556,8,,,1,52,,54557,8,,,1,12,,54558,8,,,1,12,,54573,8,,,1,12,,54559,8,,,1,12,,54560,8,,,1,52,,54561,8,,,1,18,,54562,8,,,1,28,,54563,8,,,1,70,,54564,8,,,1,30,,54565,8,,,1,70,,54566,8,,,1,30,,54567,8,,,1,70,,54568,8,,,1,30,,54569,8,,,1,99,,54570,8,,,1,100,,54571,8,,,1
51801,'518-Weekday-7-26-02-1111100',523,,54580,8,,,1,30,,54581,8,,,1,63,,54629,8,,,1,20,,54582,8,,,1,12,,54583,8,,,1,52,,54584,8,,,1,12,,54630,8,,,1,12,,54585,8,,,1,12,,54586,8,,,1,12,,54587,8,,,1,52,,54588,8,,,1,12,,54631,8,,,1,12,,54589,8,,,1,12,,54590,8,,,1,12,,54632,8,,,1,75,,54591,8,,,1,30,,54592,8,,,1,70,,54593,8,,,1,30,,54594,8,,,1,70,,54595,8,,,1,30,,54596,8,,,1,70,,54597,8,,,1,30,,54598,8,,,1,70,,54599,8,,,1,30,,54600,8,,,1,70,,54601,8,,,1,31,,54602,8,,,1,53,,54603,8,,,1,12,,54604,8,,,1,12,,54626,8,,,1,12,,54605,8,,,1,12,,54606,8,,,1,52,,54607,8,,,1,12,,54608,8,,,1,12,,54628,8,,,1,12,,54609,8,,,1,12,,54610,8,,,1,52,,54611,8,,,1,12,,54612,8,,,1,12,,54627,8,,,1,12,,54613,8,,,1,12,,54614,8,,,1,52,,54615,8,,,1,18,,54616,8,,,1,28,,54617,8,,,1,70,,54618,8,,,1,30,,54619,8,,,1,70,,54620,8,,,1,30,,54621,8,,,1,70,,54622,8,,,1,30,,54623,8,,,1,99,,54624,8,,,1,100,,54625,8,,,1
51801,'518-Weekday-8-26-02-1111100',523,,54633,8,,,1,30,,54634,8,,,1,63,,54682,8,,,1,20,,54635,8,,,1,12,,54636,8,,,1,52,,54637,8,,,1,12,,54683,8,,,1,12,,54638,8,,,1,12,,54639,8,,,1,12,,54640,8,,,1,52,,54641,8,,,1,12,,54684,8,,,1,12,,54642,8,,,1,12,,54643,8,,,1,12,,54685,8,,,1,75,,54644,8,,,1,30,,54645,8,,,1,70,,54646,8,,,1,30,,54647,8,,,1,70,,54648,8,,,1,30,,54649,8,,,1,70,,54650,8,,,1,30,,54651,8,,,1,70,,54652,8,,,1,30,,54653,8,,,1,70,,54654,8,,,1,31,,54655,8,,,1,53,,54656,8,,,1,12,,54657,8,,,1,12,,54679,8,,,1,12,,54658,8,,,1,5,,54686,8,,,1,7,,54659,8,,,1,52,,54660,8,,,1,12,,54661,8,,,1,12,,54681,8,,,1,12,,54662,8,,,1,12,,54663,8,,,1,52,,54664,8,,,1,12,,54665,8,,,1,12,,54680,8,,,1,12,,54666,8,,,1,12,,54667,8,,,1,52,,54668,8,,,1,18,,54669,8,,,1,28,,54670,8,,,1,70,,54671,8,,,1,30,,54672,8,,,1,70,,54673,8,,,1,30,,54674,8,,,1,70,,54675,8,,,1,30,,54676,8,,,1,99,,54677,8,,,1,100,,54678,8,,,1
51801,'518-Weekday-9-26-02-1111100',523,,54687,8,,,1,30,,54688,8,,,1,63,,54736,8,,,1,20,,54689,8,,,1,12,,54690,8,,,1,52,,54691,8,,,1,12,,54737,8,,,1,12,,54692,8,,,1,12,,54693,8,,,1,12,,54694,8,,,1,52,,54695,8,,,1,12,,54738,8,,,1,12,,54696,8,,,1,12,,54697,8,,,1,12,,54739,8,,,1,75,,54698,8,,,1,30,,54699,8,,,1,70,,54700,8,,,1,30,,54701,8,,,1,70,,54702,8,,,1,30,,54703,8,,,1,70,,54704,8,,,1,30,,54705,8,,,1,70,,54706,8,,,1,30,,54707,8,,,1,70,,54708,8,,,1,31,,54709,8,,,1,53,,54710,8,,,1,12,,54711,8,,,1,12,,54733,8,,,1,12,,54712,8,,,1,5,,54740,8,,,1,7,,54713,8,,,1,52,,54714,8,,,1,12,,54715,8,,,1,12,,54735,8,,,1,12,,54716,8,,,1,12,,54717,8,,,1,52,,54718,8,,,1,12,,54719,8,,,1,12,,54734,8,,,1,12,,54720,8,,,1,12,,54721,8,,,1,52,,54722,8,,,1,18,,54723,8,,,1,28,,54724,8,,,1,70,,54725,8,,,1,30,,54726,8,,,1,70,,54727,8,,,1,30,,54728,8,,,1,70,,54729,8,,,1,30,,54730,8,,,1,99,,54731,8,,,1,100,,54732,8,,,1
51801,'518-Saturday-1-26-02-0000010',622,,54741,8,,,1,97,,54742,8,,,1,88,,54743,8,,,1,30,,54744,8,,,1,72,,54745,8,,,1,30,,54746,8,,,1,70,,54747,8,,,1,30,,54748,8,,,1,70,,54749,8,,,1,30,,54750,8,,,1,70,,54751,8,,,1,30,,54752,8,,,1,70,,54753,8,,,1,30,,54754,8,,,1,70,,54755,8,,,1,30,,54756,8,,,1,70,,54757,8,,,1,30,,54758,8,,,1,67,,54759,8,,,1,30,,54760,8,,,1,70,,54761,8,,,1,33,,54762,8,,,1,70,,54763,8,,,1,30,,54764,8,,,1,70,,54765,8,,,1,30,,54770,8,,,1,70,,54766,8,,,1,30,,54771,8,,,1,70,,54767,8,,,1,30,,54772,8,,,1,70,,54768,8,,,1,100,,54769,8,,,1,100,,54773,8,,,1
51801,'518-Sunday-1-26-02-0000001',615,,54795,8,,,1,100,,54796,8,,,1,100,,54797,8,,,1,102,,54798,8,,,1,85,,54774,8,,,1,30,,54775,8,,,1,70,,54776,8,,,1,30,,54777,8,,,1,70,,54778,8,,,1,30,,54779,8,,,1,70,,54780,8,,,1,30,,54781,8,,,1,70,,54782,8,,,1,30,,54783,8,,,1,70,,54784,8,,,1,30,,54785,8,,,1,70,,54786,8,,,1,30,,54787,8,,,1,72,,54788,8,,,1,30,,54789,8,,,1,70,,54790,8,,,1,37,,54791,8,,,1,86,,54792,8,,,1,99,,54793,8,,,1,100,,54794,8,,,1,100,,54799,8,,,1,100,,54800,8,,,1
52101,'521-Weekday-1-26-02-1111100',536,,56242,8,,,1,70,,56243,8,,,1,15,,56244,8,,,1,18,,56245,8,,,1,15,,56281,8,,,1,55,,56246,8,,,1,15,,56247,8,,,1,15,,56248,8,,,1,15,,56280,8,,,1,55,,56249,8,,,1,15,,56250,8,,,1,15,,56285,8,,,1,62,,56251,8,,,1,29,,56252,8,,,1,70,,56253,8,,,1,30,,56254,8,,,1,70,,56255,8,,,1,30,,56256,8,,,1,70,,56257,8,,,1,30,,56258,8,,,1,70,,56259,8,,,1,30,,56260,8,,,1,70,,56261,8,,,1,30,,56262,8,,,1,73,,56284,8,,,1,32,,56283,8,,,1,12,,56286,8,,,1,3,,56263,8,,,1,55,,56264,8,,,1,15,,56265,8,,,1,15,,56266,8,,,1,15,,56267,8,,,1,55,,56268,8,,,1,15,,56269,8,,,1,15,,56270,8,,,1,15,,56271,8,,,1,55,,56272,8,,,1,27,,56282,8,,,1,69,,56273,8,,,1,30,,56274,8,,,1,70,,56275,8,,,1,30,,56276,8,,,1,70,,56277,8,,,1,30,,56278,8,,,1,70,,56279,8,,,1
52101,'521-Weekday-10-26-02-1111100',536,,56287,8,,,1,70,,56288,8,,,1,15,,56289,8,,,1,18,,56290,8,,,1,15,,56326,8,,,1,55,,56291,8,,,1,15,,56292,8,,,1,15,,56293,8,,,1,15,,56325,8,,,1,55,,56294,8,,,1,15,,56295,8,,,1,15,,56330,8,,,1,62,,56296,8,,,1,29,,56297,8,,,1,70,,56298,8,,,1,30,,56299,8,,,1,70,,56300,8,,,1,30,,56301,8,,,1,70,,56302,8,,,1,30,,56303,8,,,1,70,,56304,8,,,1,30,,56305,8,,,1,70,,56306,8,,,1,30,,56307,8,,,1,73,,56329,8,,,1,32,,56328,8,,,1,12,,56331,8,,,1,3,,56308,8,,,1,55,,56309,8,,,1,15,,56310,8,,,1,15,,56311,8,,,1,15,,56312,8,,,1,55,,56313,8,,,1,15,,56314,8,,,1,15,,56315,8,,,1,15,,56316,8,,,1,55,,56317,8,,,1,27,,56327,8,,,1,69,,56318,8,,,1,30,,56319,8,,,1,70,,56320,8,,,1,30,,56321,8,,,1,70,,56322,8,,,1,30,,56323,8,,,1,70,,56324,8,,,1
52101,'521-Weekday-2-26-02-1111100',536,,56332,8,,,1,70,,56333,8,,,1,15,,56334,8,,,1,18,,56335,8,,,1,15,,56371,8,,,1,55,,56336,8,,,1,15,,56337,8,,,1,15,,56338,8,,,1,15,,56370,8,,,1,55,,56339,8,,,1,15,,56340,8,,,1,15,,56375,8,,,1,62,,56341,8,,,1,29,,56342,8,,,1,70,,56343,8,,,1,30,,56344,8,,,1,70,,56345,8,,,1,30,,56346,8,,,1,70,,56347,8,,,1,30,,56348,8,,,1,70,,56349,8,,,1,30,,56350,8,,,1,70,,56351,8,,,1,30,,56352,8,,,1,73,,56374,8,,,1,32,,56373,8,,,1,12,,56376,8,,,1,3,,56353,8,,,1,55,,56354,8,,,1,15,,56355,8,,,1,15,,56356,8,,,1,15,,56357,8,,,1,55,,56358,8,,,1,15,,56359,8,,,1,15,,56360,8,,,1,15,,56361,8,,,1,55,,56362,8,,,1,27,,56372,8,,,1,69,,56363,8,,,1,30,,56364,8,,,1,70,,56365,8,,,1,30,,56366,8,,,1,70,,56367,8,,,1,30,,56368,8,,,1,70,,56369,8,,,1
52101,'521-Weekday-4-26-02-1111100',536,,56377,8,,,1,70,,56378,8,,,1,15,,56379,8,,,1,18,,56380,8,,,1,15,,56416,8,,,1,55,,56381,8,,,1,15,,56382,8,,,1,15,,56383,8,,,1,15,,56415,8,,,1,55,,56384,8,,,1,15,,56385,8,,,1,15,,56420,8,,,1,62,,56386,8,,,1,29,,56387,8,,,1,70,,56388,8,,,1,30,,56389,8,,,1,70,,56390,8,,,1,30,,56391,8,,,1,70,,56392,8,,,1,30,,56393,8,,,1,70,,56394,8,,,1,30,,56395,8,,,1,70,,56396,8,,,1,30,,56397,8,,,1,73,,56419,8,,,1,32,,56418,8,,,1,15,,56398,8,,,1,55,,56399,8,,,1,15,,56400,8,,,1,15,,56401,8,,,1,15,,56402,8,,,1,55,,56403,8,,,1,15,,56404,8,,,1,15,,56405,8,,,1,15,,56406,8,,,1,55,,56407,8,,,1,27,,56417,8,,,1,69,,56408,8,,,1,30,,56409,8,,,1,70,,56410,8,,,1,30,,56411,8,,,1,70,,56412,8,,,1,30,,56413,8,,,1,70,,56414,8,,,1
52101,'521-Weekday-5-26-02-1111100',536,,56421,8,,,1,70,,56422,8,,,1,15,,56423,8,,,1,18,,56424,8,,,1,15,,56460,8,,,1,55,,56425,8,,,1,15,,56426,8,,,1,15,,56427,8,,,1,15,,56459,8,,,1,55,,56428,8,,,1,15,,56429,8,,,1,15,,56464,8,,,1,62,,56430,8,,,1,29,,56431,8,,,1,70,,56432,8,,,1,30,,56433,8,,,1,70,,56434,8,,,1,30,,56435,8,,,1,70,,56436,8,,,1,30,,56437,8,,,1,70,,56438,8,,,1,30,,56439,8,,,1,70,,56440,8,,,1,30,,56441,8,,,1,73,,56463,8,,,1,32,,56462,8,,,1,12,,56465,8,,,1,3,,56442,8,,,1,55,,56443,8,,,1,15,,56444,8,,,1,15,,56445,8,,,1,15,,56446,8,,,1,55,,56447,8,,,1,15,,56448,8,,,1,15,,56449,8,,,1,15,,56450,8,,,1,55,,56451,8,,,1,27,,56461,8,,,1,69,,56452,8,,,1,30,,56453,8,,,1,70,,56454,8,,,1,30,,56455,8,,,1,70,,56456,8,,,1,30,,56457,8,,,1,70,,56458,8,,,1
52101,'521-Weekday-6-26-02-1111100',536,,56466,8,,,1,70,,56467,8,,,1,15,,56468,8,,,1,18,,56469,8,,,1,15,,56505,8,,,1,55,,56470,8,,,1,15,,56471,8,,,1,15,,56472,8,,,1,15,,56504,8,,,1,55,,56473,8,,,1,15,,56474,8,,,1,15,,56509,8,,,1,62,,56475,8,,,1,29,,56476,8,,,1,70,,56477,8,,,1,30,,56478,8,,,1,70,,56479,8,,,1,30,,56480,8,,,1,70,,56481,8,,,1,30,,56482,8,,,1,70,,56483,8,,,1,30,,56484,8,,,1,70,,56485,8,,,1,30,,56486,8,,,1,73,,56508,8,,,1,32,,56507,8,,,1,12,,56510,8,,,1,3,,56487,8,,,1,55,,56488,8,,,1,15,,56489,8,,,1,15,,56490,8,,,1,15,,56491,8,,,1,55,,56492,8,,,1,15,,56493,8,,,1,15,,56494,8,,,1,15,,56495,8,,,1,55,,56496,8,,,1,27,,56506,8,,,1,69,,56497,8,,,1,30,,56498,8,,,1,70,,56499,8,,,1,30,,56500,8,,,1,70,,56501,8,,,1,30,,56502,8,,,1,70,,56503,8,,,1
52101,'521-Weekday-7-26-02-1111100',536,,56511,8,,,1,70,,56512,8,,,1,15,,56513,8,,,1,18,,56514,8,,,1,15,,56550,8,,,1,55,,56515,8,,,1,15,,56516,8,,,1,15,,56517,8,,,1,15,,56549,8,,,1,55,,56518,8,,,1,15,,56519,8,,,1,15,,56554,8,,,1,62,,56520,8,,,1,29,,56521,8,,,1,70,,56522,8,,,1,30,,56523,8,,,1,70,,56524,8,,,1,30,,56525,8,,,1,70,,56526,8,,,1,30,,56527,8,,,1,70,,56528,8,,,1,30,,56529,8,,,1,70,,56530,8,,,1,30,,56531,8,,,1,73,,56553,8,,,1,32,,56552,8,,,1,15,,56532,8,,,1,55,,56533,8,,,1,15,,56534,8,,,1,15,,56535,8,,,1,15,,56536,8,,,1,55,,56537,8,,,1,15,,56538,8,,,1,15,,56539,8,,,1,15,,56540,8,,,1,55,,56541,8,,,1,27,,56551,8,,,1,69,,56542,8,,,1,30,,56543,8,,,1,70,,56544,8,,,1,30,,56545,8,,,1,70,,56546,8,,,1,30,,56547,8,,,1,70,,56548,8,,,1
52101,'521-Weekday-8-26-02-1111100',536,,56555,8,,,1,70,,56556,8,,,1,15,,56557,8,,,1,18,,56558,8,,,1,15,,56594,8,,,1,55,,56559,8,,,1,15,,56560,8,,,1,15,,56561,8,,,1,15,,56593,8,,,1,55,,56562,8,,,1,15,,56563,8,,,1,15,,56598,8,,,1,62,,56564,8,,,1,29,,56565,8,,,1,70,,56566,8,,,1,30,,56567,8,,,1,70,,56568,8,,,1,30,,56569,8,,,1,70,,56570,8,,,1,30,,56571,8,,,1,70,,56572,8,,,1,30,,56573,8,,,1,70,,56574,8,,,1,30,,56575,8,,,1,73,,56597,8,,,1,32,,56596,8,,,1,12,,56599,8,,,1,3,,56576,8,,,1,55,,56577,8,,,1,15,,56578,8,,,1,15,,56579,8,,,1,15,,56580,8,,,1,55,,56581,8,,,1,15,,56582,8,,,1,15,,56583,8,,,1,15,,56584,8,,,1,55,,56585,8,,,1,27,,56595,8,,,1,69,,56586,8,,,1,30,,56587,8,,,1,70,,56588,8,,,1,30,,56589,8,,,1,70,,56590,8,,,1,30,,56591,8,,,1,70,,56592,8,,,1
52101,'521-Weekday-9-26-02-1111100',536,,56600,8,,,1,70,,56601,8,,,1,15,,56602,8,,,1,18,,56603,8,,,1,15,,56639,8,,,1,55,,56604,8,,,1,15,,56605,8,,,1,15,,56606,8,,,1,15,,56638,8,,,1,55,,56607,8,,,1,15,,56608,8,,,1,15,,56643,8,,,1,62,,56609,8,,,1,29,,56610,8,,,1,70,,56611,8,,,1,30,,56612,8,,,1,70,,56613,8,,,1,30,,56614,8,,,1,70,,56615,8,,,1,30,,56616,8,,,1,70,,56617,8,,,1,30,,56618,8,,,1,70,,56619,8,,,1,30,,56620,8,,,1,73,,56642,8,,,1,32,,56641,8,,,1,12,,56644,8,,,1,3,,56621,8,,,1,55,,56622,8,,,1,15,,56623,8,,,1,15,,56624,8,,,1,15,,56625,8,,,1,55,,56626,8,,,1,15,,56627,8,,,1,15,,56628,8,,,1,15,,56629,8,,,1,55,,56630,8,,,1,27,,56640,8,,,1,69,,56631,8,,,1,30,,56632,8,,,1,70,,56633,8,,,1,30,,56634,8,,,1,70,,56635,8,,,1,30,,56636,8,,,1,70,,56637,8,,,1
52101,'521-Saturday-1-26-02-0000010',759,,56645,8,,,1,70,,56646,8,,,1,71,,56647,8,,,1,31,,56648,8,,,1,70,,56649,8,,,1,30,,56650,8,,,1,70,,56651,8,,,1,30,,56652,8,,,1,70,,56653,8,,,1,30,,56654,8,,,1,70,,56655,8,,,1,30,,56656,8,,,1,70,,56657,8,,,1,30,,56658,8,,,1,70,,56659,8,,,1,30,,56660,8,,,1,70,,56661,8,,,1,30,,56662,8,,,1,70,,56663,8,,,1,30,,56664,8,,,1,70,,56665,8,,,1,30,,56666,8,,,1,70,,56667,8,,,1
52101,'521-Sunday-1-26-02-0000001',1001,,56668,8,,,1,30,,56669,8,,,1,70,,56670,8,,,1,30,,56671,8,,,1,70,,56672,8,,,1,30,,56673,8,,,1,70,,56674,8,,,1,30,,56675,8,,,1,70,,56676,8,,,1,30,,56677,8,,,1,70,,56678,8,,,1,30,,56679,8,,,1,70,,56680,8,,,1,30,,56681,8,,,1,70,,56682,8,,,1,30,,56683,8,,,1,70,,56684,8,,,1,30,,56685,8,,,1,70,,56686,8,,,1
