50900,'509-Weekday-7-26-04-0001000',1357,,155213,6,0,13 19 20,1
50900,'509-Weekday-7-26-04-1110100',1511,,155214,6,0,13 19 20,1
50900,'509-Weekday-7-26-04-1111000',852,,155215,45,0,13 19 20,1
50900,'509-Weekday-7-26-04-1111100',1554,,155267,45,0,13 19 20,1
50901,'509-Weekday-7-26-04-1111000',846,,155269,45,0,18 19 20,1
50901,'509-Weekday-7-26-04-1111100',559,,155271,46,0,18 19 20,1,70,,155272,46,0,18 19 20,1,78,,155273,46,0,18 19 20,1,25,,155321,46,0,18 19 20,1,15,,155322,46,0,18 19 20,1,55,,155274,46,0,18 19 20,1,15,,155275,46,0,18 19 20,1,15,,155316,46,0,18 19 20,1,15,,155276,46,0,18 19 20,1,55,,155277,46,0,18 19 20,1,13,,155315,46,0,18 19 20,1,17,,155278,46,0,18 19 20,1,19,,155279,46,0,18 19 20,1,60,,155280,46,0,18 19 20,1,20,,155281,46,0,18 19 20,1,20,,155282,46,0,18 19 20,1,60,,155283,46,0,18 19 20,1,20,,155284,46,0,18 19 20,1,20,,155285,46,0,18 19 20,1,60,,155286,46,0,18 19 20,1,20,,155287,46,0,18 19 20,1,20,,155288,46,0,18 19 20,1,60,,155289,46,0,18 19 20,1,20,,155290,46,0,18 19 20,1,20,,155291,46,0,18 19 20,1,60,,155292,46,0,18 19 20,1,20,,155293,46,0,18 19 20,1,20,,155294,46,0,18 19 20,1,62,,155295,46,0,18 19 20,1,23,,155296,46,0,18 19 20,1,14,,155317,46,0,18 19 20,1,3,,155320,46,0,18 19 20,1,52,,155297,46,0,18 19 20,1,15,,155298,46,0,18 19 20,1,15,,155299,46,0,18 19 20,1,15,,155318,46,0,18 19 20,1,55,,155300,46,0,18 19 20,1,15,,155301,46,0,18 19 20,1,15,,155302,46,0,18 19 20,1,15,,155319,46,0,18 19 20,1,55,,155303,46,0,18 19 20,1,15,,155304,46,0,18 19 20,1,29,,155305,46,0,18 19 20,1,66,,155306,46,0,18 19 20,1,30,,155307,46,0,18 19 20,1,70,,155308,46,0,18 19 20,1,30,,155309,46,0,18 19 20,1,70,,155310,46,0,18 19 20,1,30,,155311,46,0,18 19 20,1,67,,155312,46,0,18 19 20,1,34,,155313,46,0,18 19 20,1,85,,155314,46,0,18 19 20,1,85,,155270,46,0,18 19 20,1
50901,'509-Saturday-1-26-04-0000010',644,,127040,46,0,18 19 20,1,85,,127041,46,0,18 19 20,1,82,,127042,46,0,18 19 20,1,29,,127043,46,0,18 19 20,1,73,,127044,46,0,18 19 20,1,31,,127045,46,0,18 19 20,1,70,,127046,46,0,18 19 20,1,30,,127047,46,0,18 19 20,1,70,,127048,46,0,18 19 20,1,30,,127049,46,0,18 19 20,1,70,,127050,46,0,18 19 20,1,30,,127051,46,0,18 19 20,1,70,,127052,46,0,18 19 20,1,30,,127053,46,0,18 19 20,1,70,,127054,46,0,18 19 20,1,30,,127055,46,0,18 19 20,1,70,,127056,46,0,18 19 20,1,30,,127057,46,0,18 19 20,1,70,,127058,46,0,18 19 20,1,30,,127059,46,0,18 19 20,1,68,,127061,46,0,18 19 20,1,30,,127062,46,0,18 19 20,1,70,,127063,46,0,18 19 20,1,30,,127060,46,0,18 19 20,1,70,,127064,46,0,18 19 20,1,30,,127065,46,0,18 19 20,1,85,,127066,46,0,18 19 20,1,85,,127067,46,0,18 19 20,1,45,,127068,46,0,18 19 20,1,85,,127069,46,0,18 19 20,1,85,,127070,46,0,18 19 20,1,85,,127071,46,0,18 19 20,1,40,,127072,46,0,18 19 20,1
51200,'512-Weekday-7-26-04-1111100',632,,155331,38,0,19 20,1,71,,155335,38,0,19 20,1,20,,155336,38,0,19 20,1,20,,155332,38,0,19 20,1,60,,155333,38,0,19 20,1,20,,155334,38,0,19 20,1,30,,155337,38,0,19 20,1,70,,155338,38,0,19 20,1,29,,155339,38,0,19 20,1,70,,155340,38,0,19 20,1,30,,155341,38,0,19 20,1,70,,155342,38,0,19 20,1,30,,155343,38,0,19 20,1,70,,155344,38,0,19 20,1,30,,155345,38,0,19 20,1,70,,155346,38,0,19 20,1,30,,155347,38,0,19 20,1,70,,155348,38,0,19 20,1,30,,155349,38,0,19 20,1,73,,155350,38,0,19 20,1,22,,155351,38,0,19 20,1,60,,155352,38,0,19 20,1,20,,155353,38,0,19 20,1,20,,155354,38,0,19 20,1,60,,155355,38,0,19 20,1,20,,155356,38,0,19 20,1,30,,155357,38,0,19 20,1,70,,155358,38,0,19 20,1,26,,155359,38,0,19 20,1,69,,155360,38,0,19 20,1,30,,155361,38,0,19 20,1,70,,155362,38,0,19 20,1,30,,155363,38,0,19 20,1,70,,155364,38,0,19 20,1,30,,155365,38,0,19 20,1,68,,155366,38,0,19 20,1,99,,155367,38,0,19 20,1,100,,155368,38,0,19 20,1
51200,'512-Saturday-1-26-04-0000010',632,,127257,38,0,19 20,1,100,,127258,38,0,19 20,1,100,,127259,38,0,19 20,1,71,,127260,38,0,19 20,1,34,,127261,38,0,19 20,1,70,,127262,38,0,19 20,1,30,,127263,38,0,19 20,1,70,,127264,38,0,19 20,1,30,,127265,38,0,19 20,1,70,,127266,38,0,19 20,1,30,,127267,38,0,19 20,1,70,,127268,38,0,19 20,1,30,,127269,38,0,19 20,1,70,,127270,38,0,19 20,1,30,,127271,38,0,19 20,1,70,,127272,38,0,19 20,1,30,,127273,38,0,19 20,1,70,,127274,38,0,19 20,1,30,,127275,38,0,19 20,1,68,,127276,38,0,19 20,1,26,,127277,38,0,19 20,1,70,,127278,38,0,19 20,1,30,,127279,38,0,19 20,1,70,,127280,38,0,19 20,1,30,,127281,38,0,19 20,1,100,,127282,38,0,19 20,1,100,,127283,38,0,19 20,1,100,,127284,38,0,19 20,1,100,,127285,38,0,19 20,1,100,,127286,38,0,19 20,1
51301,'513-Weekday-7-26-04-1111100',551,,155369,27,0,19 20,1,70,,155370,27,0,19 20,1,33,,155371,27,0,19 20,1,70,,155372,27,0,19 20,1,20,,155373,27,0,19 20,1,60,,155374,27,0,19 20,1,20,,155375,27,0,19 20,1,20,,155376,27,0,19 20,1,69,,155377,27,0,19 20,1,29,,155378,27,0,19 20,1,70,,155379,27,0,19 20,1,30,,155380,27,0,19 20,1,70,,155381,27,0,19 20,1,30,,155382,27,0,19 20,1,70,,155383,27,0,19 20,1,30,,155384,27,0,19 20,1,70,,155385,27,0,19 20,1,30,,155386,27,0,19 20,1,70,,155387,27,0,19 20,1,30,,155388,27,0,19 20,1,71,,155389,27,0,19 20,1,21,,155390,27,0,19 20,1,20,,155391,27,0,19 20,1,60,,155392,27,0,19 20,1,20,,155393,27,0,19 20,1,20,,155394,27,0,19 20,1,60,,155395,27,0,19 20,1,30,,155396,27,0,19 20,1,70,,155397,27,0,19 20,1,27,,155398,27,0,19 20,1,69,,155399,27,0,19 20,1,30,,155400,27,0,19 20,1,70,,155401,27,0,19 20,1,30,,155402,27,0,19 20,1,70,,155403,27,0,19 20,1,30,,155404,27,0,19 20,1,70,,155405,27,0,19 20,1
51301,'513-Saturday-1-26-04-0000010',833,,127428,27,0,19 20,1,70,,127429,27,0,19 20,1,32,,127430,27,0,19 20,1,70,,127431,27,0,19 20,1,30,,127432,27,0,19 20,1,70,,127433,27,0,19 20,1,30,,127434,27,0,19 20,1,70,,127435,27,0,19 20,1,30,,127436,27,0,19 20,1,70,,127437,27,0,19 20,1,30,,127438,27,0,19 20,1,70,,127439,27,0,19 20,1,30,,127440,27,0,19 20,1,70,,127441,27,0,19 20,1,30,,127442,27,0,19 20,1,70,,127443,27,0,19 20,1,30,,127444,27,0,19 20,1,70,,127445,27,0,19 20,1,30,,127446,27,0,19 20,1,70,,127447,27,0,19 20,1,30,,127448,27,0,19 20,1,70,,127449,27,0,19 20,1
52600,'526-Saturday-1-26-04-0000010',935,,131093,27,,,1,100,,131094,27,,,1,100,,131095,27,,,1,100,,131096,27,,,1,100,,131097,27,,,1,100,,131098,27,,,1,100,,131099,27,,,1,100,,131092,27,,,1
