10700,'107-Weekday-1-26-02-1111100',537,,30584,28,,,1,70,,30585,28,,,1,31,,30586,28,,,1,17,,30587,28,,,1,55,,30588,28,,,1,15,,30589,28,,,1,15,,30590,28,,,1,15,,30591,28,,,1,55,,30592,28,,,1,15,,30593,28,,,1,15,,30594,28,,,1,60,,30595,28,,,1,20,,30596,28,,,1,20,,30597,28,,,1,60,,30598,28,,,1,20,,30599,28,,,1,20,,30600,28,,,1,60,,30601,28,,,1,20,,30602,28,,,1,20,,30603,28,,,1,60,,30604,28,,,1,20,,30605,28,,,1,20,,30606,28,,,1,60,,30607,28,,,1,20,,30608,28,,,1,20,,30609,28,,,1,60,,30610,28,,,1,20,,30611,28,,,1,20,,30612,28,,,1,60,,30640,28,,,1,12,,30632,28,,,1,10,,30613,28,,,1,10,,30614,28,,,1,10,,30633,28,,,1,2,,30639,28,,,1,8,,30615,28,,,1,50,,30616,28,,,1,10,,30634,28,,,1,10,,30617,28,,,1,10,,30618,28,,,1,10,,30635,28,,,1,10,,30619,28,,,1,50,,30620,28,,,1,10,,30631,28,,,1,10,,30621,28,,,1,10,,30636,28,,,1,20,,30637,28,,,1,60,,30638,28,,,1,20,,30623,28,,,1,27,,30624,28,,,1,70,,30625,28,,,1,30,,30626,28,,,1,70,,30627,28,,,1,30,,30628,28,,,1,70,,30629,28,,,1,30,,30630,28,,,1,70,,30622,28,,,1
10700,'107-Weekday-10-26-02-1111100',537,,30641,28,,,1,70,,30642,28,,,1,31,,30643,28,,,1,17,,30644,28,,,1,55,,30645,28,,,1,15,,30646,28,,,1,15,,30647,28,,,1,15,,30648,28,,,1,55,,30649,28,,,1,15,,30650,28,,,1,15,,30651,28,,,1,60,,30652,28,,,1,20,,30653,28,,,1,20,,30654,28,,,1,60,,30655,28,,,1,20,,30656,28,,,1,20,,30657,28,,,1,60,,30658,28,,,1,20,,30659,28,,,1,20,,30660,28,,,1,60,,30661,28,,,1,20,,30662,28,,,1,20,,30663,28,,,1,60,,30664,28,,,1,20,,30665,28,,,1,20,,30666,28,,,1,60,,30667,28,,,1,20,,30668,28,,,1,20,,30669,28,,,1,60,,30697,28,,,1,12,,30689,28,,,1,10,,30670,28,,,1,10,,30671,28,,,1,10,,30690,28,,,1,2,,30696,28,,,1,8,,30672,28,,,1,50,,30673,28,,,1,10,,30691,28,,,1,10,,30674,28,,,1,10,,30675,28,,,1,10,,30692,28,,,1,10,,30676,28,,,1,50,,30677,28,,,1,10,,30688,28,,,1,10,,30678,28,,,1,10,,30693,28,,,1,20,,30694,28,,,1,60,,30695,28,,,1,20,,30680,28,,,1,27,,30681,28,,,1,70,,30682,28,,,1,30,,30683,28,,,1,70,,30684,28,,,1,30,,30685,28,,,1,70,,30686,28,,,1,30,,30687,28,,,1,70,,30679,28,,,1
10700,'107-Weekday-11-26-02-1111100',537,,112136,28,,,1,70,,112137,28,,,1,31,,112138,28,,,1,17,,112139,28,,,1,55,,112140,28,,,1,15,,112141,28,,,1,15,,112142,28,,,1,15,,112143,28,,,1,55,,112144,28,,,1,15,,112145,28,,,1,15,,112146,28,,,1,60,,112147,28,,,1,20,,112148,28,,,1,20,,112149,28,,,1,60,,112150,28,,,1,20,,112151,28,,,1,20,,112152,28,,,1,60,,112153,28,,,1,20,,112154,28,,,1,20,,112155,28,,,1,60,,112156,28,,,1,20,,112157,28,,,1,20,,112158,28,,,1,60,,112159,28,,,1,20,,112160,28,,,1,20,,112161,28,,,1,60,,112162,28,,,1,20,,112163,28,,,1,20,,112164,28,,,1,60,,112192,28,,,1,12,,112184,28,,,1,10,,112165,28,,,1,10,,112166,28,,,1,10,,112185,28,,,1,2,,112191,28,,,1,8,,112167,28,,,1,50,,112168,28,,,1,10,,112186,28,,,1,10,,112169,28,,,1,10,,112170,28,,,1,10,,112187,28,,,1,10,,112171,28,,,1,50,,112172,28,,,1,10,,112183,28,,,1,10,,112173,28,,,1,10,,112188,28,,,1,20,,112189,28,,,1,60,,112190,28,,,1,20,,112175,28,,,1,27,,112176,28,,,1,70,,112177,28,,,1,30,,112178,28,,,1,70,,112179,28,,,1,30,,112180,28,,,1,70,,112181,28,,,1,30,,112182,28,,,1,70,,112174,28,,,1
10700,'107-Saturday-1-26-02-0000010',831,,31093,28,,,1,28,,31094,28,,,1,70,,31095,28,,,1,30,,31096,28,,,1,70,,31097,28,,,1,30,,31098,28,,,1,70,,31099,28,,,1,30,,31100,28,,,1,70,,31101,28,,,1,30,,31102,28,,,1,70,,31103,28,,,1,30,,31104,28,,,1,70,,31105,28,,,1,30,,31106,28,,,1,70,,31107,28,,,1,30,,31108,28,,,1,70,,31109,28,,,1,72,,31110,28,,,1,30,,31111,28,,,1,70,,31112,28,,,1,30,,31113,28,,,1,70,,31114,28,,,1,30,,31115,28,,,1
10700,'107-Sunday-2-26-02-0000001',1018,,112193,28,,,1,30,,112194,28,,,1,70,,112195,28,,,1,30,,112196,28,,,1,70,,112197,28,,,1,30,,112198,28,,,1,70,,112199,28,,,1,30,,112200,28,,,1,70,,112201,28,,,1,30,,112202,28,,,1,70,,112203,28,,,1,30,,112204,28,,,1,70,,112205,28,,,1,30,,112206,28,,,1,71,,112207,28,,,1,30,,112208,28,,,1,70,,112209,28,,,1,30,,112210,28,,,1,70,,112211,28,,,1
62601,'626-Weekday-1-26-02-1111100',725,,60869,16,,,1,2,,60870,16,,,1,8,,60871,16,,,1,3,,60872,16,,,1
62601,'626-Weekday-10-26-02-1111100',725,,116740,16,,,1,2,,116741,16,,,1,8,,116742,16,,,1,3,,116743,16,,,1
62601,'626-Weekday-9-26-02-1111100',725,,60889,16,,,1,2,,60890,16,,,1,8,,60891,16,,,1,3,,60892,16,,,1
62800,'628-Weekday-1-26-02-1111100',1531,,60903,20,,,1
62800,'628-Weekday-10-26-02-1111100',1531,,116746,20,,,1
62800,'628-Weekday-9-26-02-1111100',1531,,60907,20,,,1
