91300,'913-Weekday-7-26-04-1111100',533,,159422,6,,,1,70,,159423,6,,,1,30,,159453,6,,,1,15,,159452,6,,,1,55,,159451,6,,,1,15,,159458,6,,,1,15,,159457,6,,,1,15,,159456,6,,,1,55,,159455,6,,,1,15,,159454,6,,,1,15,,159424,6,,,1,20,,159425,6,,,1,60,,159426,6,,,1,20,,159427,6,,,1,20,,159428,6,,,1,60,,159429,6,,,1,20,,159430,6,,,1,20,,159431,6,,,1,60,,159432,6,,,1,20,,159433,6,,,1,20,,159434,6,,,1,60,,159435,6,,,1,20,,159436,6,,,1,20,,159437,6,,,1,60,,159438,6,,,1,20,,159439,6,,,1,20,,159440,6,,,1,60,,159441,6,,,1,20,,159442,6,,,1,20,,159421,6,,,1,57,,159459,6,,,1,15,,159460,6,,,1,15,,159461,6,,,1,15,,159462,6,,,1,55,,159463,6,,,1,15,,159464,6,,,1,15,,159465,6,,,1,15,,159466,6,,,1,60,,159468,6,,,1,30,,159467,6,,,1,70,,159443,6,,,1,28,,159444,6,,,1,70,,159445,6,,,1,30,,159446,6,,,1,70,,159447,6,,,1,30,,159448,6,,,1,70,,159449,6,,,1,30,,159420,6,,,1,100,,159450,6,,,1
91300,'913-Saturday-1-26-04-0000010',556,,143380,6,,,1,100,,143381,6,,,1,100,,143382,6,,,1,70,,143383,6,,,1,30,,143384,6,,,1,70,,143385,6,,,1,30,,143386,6,,,1,70,,143387,6,,,1,30,,143388,6,,,1,70,,143389,6,,,1,30,,143390,6,,,1,70,,143391,6,,,1,30,,143392,6,,,1,70,,143393,6,,,1,30,,143394,6,,,1,70,,143395,6,,,1,30,,143396,6,,,1,70,,143397,6,,,1,30,,143398,6,,,1,70,,143399,6,,,1,30,,143400,6,,,1,70,,143401,6,,,1,30,,143402,6,,,1,70,,143403,6,,,1,30,,143404,6,,,1,100,,143405,6,,,1,100,,143406,6,,,1,100,,143407,6,,,1,100,,143408,6,,,1,100,,143409,6,,,1
91601,'916-Weekday-7-26-04-0001000',1218,,159694,6,,,1
91601,'916-Weekday-7-26-04-1110100',1521,,159695,6,,,1,93,,159696,6,,,1
91601,'916-Weekday-7-26-04-1111100',549,,159697,6,,,1,70,,159732,6,,,1,18,,159733,6,,,1,19,,159734,6,,,1,60,,159735,6,,,1,20,,159736,6,,,1,20,,159737,6,,,1,64,,159698,6,,,1,25,,159731,6,,,1,71,,159699,6,,,1,32,,159700,6,,,1,70,,159701,6,,,1,30,,159702,6,,,1,70,,159703,6,,,1,30,,159704,6,,,1,70,,159705,6,,,1,30,,159706,6,,,1,70,,159707,6,,,1,30,,159708,6,,,1,70,,159709,6,,,1,30,,159710,6,,,1,58,,159711,6,,,1,12,,159712,6,,,1,12,,159713,6,,,1,12,,159738,6,,,1,12,,159714,6,,,1,52,,159715,6,,,1,12,,159716,6,,,1,12,,159717,6,,,1,12,,159739,6,,,1,12,,159718,6,,,1,52,,159719,6,,,1,12,,159720,6,,,1,12,,159721,6,,,1,16,,159730,6,,,1,70,,159722,6,,,1,30,,159723,6,,,1,70,,159724,6,,,1,30,,159725,6,,,1,70,,159726,6,,,1,30,,159727,6,,,1,70,,159728,6,,,1,30,,159729,6,,,1,69,,159740,6,,,1,26,,159741,6,,,1,100,,159742,6,,,1
91601,'916-Saturday-1-26-04-0000010',640,,144535,6,,,1,100,,144536,6,,,1,70,,144537,6,,,1,30,,144538,6,,,1,71,,144539,6,,,1,31,,144540,6,,,1,72,,144541,6,,,1,30,,144542,6,,,1,70,,144543,6,,,1,30,,144544,6,,,1,70,,144545,6,,,1,30,,144546,6,,,1,70,,144547,6,,,1,30,,144548,6,,,1,70,,144549,6,,,1,30,,144550,6,,,1,70,,144551,6,,,1,30,,144552,6,,,1,70,,144553,6,,,1,30,,144554,6,,,1,69,,144555,6,,,1,28,,144556,6,,,1,70,,144557,6,,,1,30,,144558,6,,,1,70,,144559,6,,,1,100,,144560,6,,,1,100,,144561,6,,,1,100,,144562,6,,,1,100,,144563,6,,,1,100,,144564,6,,,1
91701,'917-Weekday-7-26-04-0001000',1459,,159786,7,,,1
91701,'917-Weekday-7-26-04-1110100',1628,,159787,7,,,1
91701,'917-Weekday-7-26-04-1111100',502,,159788,7,,,1,30,,159789,7,,,1,70,,159827,7,,,1,30,,159829,7,,,1,70,,159828,7,,,1,30,,159790,7,,,1,70,,159823,7,,,1,30,,159791,7,,,1,71,,159792,7,,,1,30,,159793,7,,,1,70,,159794,7,,,1,30,,159795,7,,,1,70,,159796,7,,,1,30,,159797,7,,,1,70,,159798,7,,,1,30,,159799,7,,,1,70,,159800,7,,,1,30,,159801,7,,,1,70,,159802,7,,,1,30,,159803,7,,,1,71,,159804,7,,,1,30,,159826,7,,,1,15,,159805,7,,,1,55,,159806,7,,,1,15,,159807,7,,,1,15,,159824,7,,,1,15,,159808,7,,,1,55,,159809,7,,,1,15,,159810,7,,,1,15,,159825,7,,,1,15,,159811,7,,,1,55,,159812,7,,,1,29,,159813,7,,,1,70,,159814,7,,,1,30,,159815,7,,,1,70,,159816,7,,,1,30,,159817,7,,,1,70,,159818,7,,,1,30,,159819,7,,,1,69,,159820,7,,,1,100,,159821,7,,,1,100,,159822,7,,,1
91701,'917-Saturday-1-26-04-0000010',627,,144903,7,,,1,100,,144904,7,,,1,30,,144929,7,,,1,70,,144930,7,,,1,30,,144905,7,,,1,71,,144906,7,,,1,30,,144907,7,,,1,70,,144908,7,,,1,30,,144909,7,,,1,70,,144910,7,,,1,30,,144911,7,,,1,70,,144912,7,,,1,30,,144913,7,,,1,70,,144914,7,,,1,30,,144915,7,,,1,70,,144916,7,,,1,30,,144917,7,,,1,70,,144918,7,,,1,30,,144919,7,,,1,70,,144920,7,,,1,30,,144921,7,,,1,70,,144922,7,,,1,30,,144923,7,,,1,70,,144924,7,,,1,30,,144925,7,,,1,100,,144926,7,,,1,100,,144927,7,,,1,100,,144928,7,,,1
91800,'918-Weekday-7-26-04-1111100',500,,159830,6,,,1,30,,159831,6,,,1,70,,159832,6,,,1,31,,159833,6,,,1,15,,159834,6,,,1,55,,159873,6,,,1,15,,159835,6,,,1,15,,159836,6,,,1,15,,159837,6,,,1,55,,159874,6,,,1,15,,159838,6,,,1,15,,159839,6,,,1,17,,159840,6,,,1,70,,159875,6,,,1,30,,159841,6,,,1,70,,159842,6,,,1,30,,159843,6,,,1,70,,159844,6,,,1,30,,159845,6,,,1,70,,159846,6,,,1,30,,159847,6,,,1,70,,159848,6,,,1,30,,159849,6,,,1,70,,159850,6,,,1,30,,159851,6,,,1,71,,159852,6,,,1,16,,159853,6,,,1,15,,159854,6,,,1,55,,159876,6,,,1,15,,159855,6,,,1,15,,159856,6,,,1,15,,159857,6,,,1,55,,159877,6,,,1,15,,159858,6,,,1,15,,159859,6,,,1,15,,159860,6,,,1,62,,159861,6,,,1,29,,159862,6,,,1,70,,159863,6,,,1,30,,159864,6,,,1,70,,159865,6,,,1,30,,159866,6,,,1,70,,159867,6,,,1,30,,159868,6,,,1,69,,159869,6,,,1,92,,159870,6,,,1,100,,159871,6,,,1,100,,159872,6,,,1
91800,'918-Saturday-1-26-04-0000010',542,,145099,6,,,1,100,,145100,6,,,1,100,,145101,6,,,1,100,,145102,6,,,1,69,,145103,6,,,1,30,,145104,6,,,1,70,,145105,6,,,1,30,,145106,6,,,1,70,,145107,6,,,1,30,,145108,6,,,1,70,,145109,6,,,1,30,,145110,6,,,1,70,,145111,6,,,1,30,,145112,6,,,1,70,,145113,6,,,1,30,,145114,6,,,1,70,,145115,6,,,1,30,,145116,6,,,1,70,,145117,6,,,1,30,,145118,6,,,1,72,,145119,6,,,1,30,,145120,6,,,1,70,,145121,6,,,1,30,,145122,6,,,1,70,,145123,6,,,1,30,,145124,6,,,1,100,,145125,6,,,1,100,,145126,6,,,1,100,,145127,6,,,1,100,,145128,6,,,1
91801,'918-Weekday-7-26-04-1111100',514,,159878,6,,,1,30,,159879,6,,,1,70,,159880,6,,,1,24,,159881,6,,,1,15,,159882,6,,,1,55,,159921,6,,,1,15,,159883,6,,,1,15,,159884,6,,,1,15,,159885,6,,,1,55,,159922,6,,,1,15,,159886,6,,,1,15,,159887,6,,,1,64,,159888,6,,,1,30,,159889,6,,,1,70,,159890,6,,,1,30,,159891,6,,,1,70,,159892,6,,,1,30,,159893,6,,,1,70,,159894,6,,,1,30,,159895,6,,,1,70,,159896,6,,,1,30,,159897,6,,,1,70,,159898,6,,,1,30,,159899,6,,,1,71,,159900,6,,,1,24,,159923,6,,,1,15,,159901,6,,,1,15,,159902,6,,,1,55,,159903,6,,,1,15,,159904,6,,,1,15,,159905,6,,,1,15,,159906,6,,,1,55,,159924,6,,,1,15,,159907,6,,,1,15,,159908,6,,,1,15,,159909,6,,,1,69,,159910,6,,,1,29,,159911,6,,,1,70,,159912,6,,,1,30,,159913,6,,,1,70,,159914,6,,,1,30,,159915,6,,,1,70,,159916,6,,,1,30,,159917,6,,,1,77,,159918,6,,,1,100,,159919,6,,,1,100,,159920,6,,,1
91801,'918-Saturday-1-26-04-0000010',527,,145298,6,,,1,100,,145299,6,,,1,100,,145300,6,,,1,100,,145301,6,,,1,29,,145302,6,,,1,69,,145303,6,,,1,30,,145304,6,,,1,70,,145305,6,,,1,30,,145306,6,,,1,70,,145307,6,,,1,30,,145308,6,,,1,70,,145309,6,,,1,30,,145310,6,,,1,70,,145311,6,,,1,30,,145312,6,,,1,70,,145313,6,,,1,30,,145314,6,,,1,70,,145315,6,,,1,30,,145316,6,,,1,70,,145317,6,,,1,31,,145318,6,,,1,71,,145319,6,,,1,30,,145320,6,,,1,70,,145321,6,,,1,30,,145322,6,,,1,70,,145323,6,,,1,100,,145324,6,,,1,100,,145325,6,,,1,100,,145326,6,,,1,100,,145327,6,,,1,100,,145328,6,,,1
92301,'923-Weekday-7-26-04-1111100',608,,160284,6,,,1,28,,160285,6,,,1,70,,160286,6,,,1,30,,160287,6,,,1,70,,160288,6,,,1,30,,160289,6,,,1,70,,160290,6,,,1,30,,160300,6,,,1,70,,160301,6,,,1,30,,160302,6,,,1,70,,160303,6,,,1,30,,160304,6,,,1,70,,160305,6,,,1,30,,160306,6,,,1,70,,160307,6,,,1,30,,160308,6,,,1,70,,160309,6,,,1,32,,160298,6,,,1,70,,160291,6,,,1,30,,160292,6,,,1,70,,160293,6,,,1,30,,160294,6,,,1,70,,160295,6,,,1,30,,160296,6,,,1,70,,160297,6,,,1,30,,160299,6,,,1,68,,160310,6,,,1,30,,160311,6,,,1,70,,160312,6,,,1,30,,160313,6,,,1,70,,160314,6,,,1,30,,160315,6,,,1,70,,160316,6,,,1
92301,'923-Saturday-1-26-04-0000010',813,,146896,6,,,1,30,,146897,6,,,1,71,,146898,6,,,1,30,,146899,6,,,1,70,,146900,6,,,1,30,,146901,6,,,1,70,,146902,6,,,1,30,,146903,6,,,1,70,,146904,6,,,1,30,,146905,6,,,1,70,,146906,6,,,1,30,,146907,6,,,1,70,,146908,6,,,1,30,,146909,6,,,1,70,,146910,6,,,1,30,,146911,6,,,1,70,,146912,6,,,1,30,,146913,6,,,1,70,,146914,6,,,1,30,,146915,6,,,1,70,,146916,6,,,1,30,,146917,6,,,1,70,,146918,6,,,1
