67801,'678-Weekday-7-26-04-0001000',1245,,156668,13,,,1,1,,156672,13,,,1,206,,156669,11,,,1,1,,156670,11,,,1,1,,156671,11,,,1
67801,'678-Weekday-7-26-04-1110100',1541,,156673,13,,,1,1,,156674,13,,,1,70,,156675,11,,,1,1,,156676,11,,,1,10,,156677,11,,,1,1,,156678,11,,,1
91601,'916-Weekday-7-26-04-0001000',1249,,159694,49,,,1
91601,'916-Weekday-7-26-04-1110100',1556,,159695,49,,,1,93,,159696,49,,,1
91601,'916-Weekday-7-26-04-1111100',616,,159697,49,,,1,32,,159732,49,,,1,61,,159733,49,,,1,19,,159734,49,,,1,20,,159735,49,,,1,60,,159736,49,,,1,20,,159737,49,,,1,24,,159698,49,,,1,64,,159731,49,,,1,31,,159699,49,,,1,72,,159700,49,,,1,30,,159701,49,,,1,70,,159702,49,,,1,30,,159703,49,,,1,70,,159704,49,,,1,30,,159705,49,,,1,70,,159706,49,,,1,30,,159707,49,,,1,70,,159708,49,,,1,30,,159709,49,,,1,72,,159710,49,,,1,20,,159711,49,,,1,12,,159712,49,,,1,52,,159713,49,,,1,12,,159738,49,,,1,12,,159714,49,,,1,12,,159715,49,,,1,12,,159716,49,,,1,52,,159717,49,,,1,12,,159739,49,,,1,12,,159718,49,,,1,12,,159719,49,,,1,12,,159720,49,,,1,52,,159721,49,,,1,16,,159730,49,,,1,28,,159722,49,,,1,68,,159723,49,,,1,30,,159724,49,,,1,70,,159725,49,,,1,30,,159726,49,,,1,70,,159727,49,,,1,30,,159728,49,,,1,69,,159729,49,,,1,28,,159740,49,,,1,66,,159741,49,,,1,100,,159742,49,,,1
91601,'916-Saturday-1-26-04-0000010',708,,144535,49,,,1,100,,144536,49,,,1,30,,144537,49,,,1,70,,144538,49,,,1,33,,144539,49,,,1,71,,144540,49,,,1,32,,144541,49,,,1,70,,144542,49,,,1,30,,144543,49,,,1,70,,144544,49,,,1,30,,144545,49,,,1,70,,144546,49,,,1,30,,144547,49,,,1,70,,144548,49,,,1,30,,144549,49,,,1,70,,144550,49,,,1,30,,144551,49,,,1,70,,144552,49,,,1,30,,144553,49,,,1,70,,144554,49,,,1,29,,144555,49,,,1,68,,144556,49,,,1,30,,144557,49,,,1,70,,144558,49,,,1,30,,144559,49,,,1,100,,144560,49,,,1,100,,144561,49,,,1,100,,144562,49,,,1,100,,144563,49,,,1,100,,144564,49,,,1
91701,'917-Weekday-7-26-04-0001000',1524,,159786,45,,,1
91701,'917-Weekday-7-26-04-1110100',1654,,159787,45,,,1
91701,'917-Weekday-7-26-04-1111100',524,,159788,45,,,1,30,,159789,45,,,1,70,,159827,45,,,1,32,,159829,45,,,1,70,,159828,45,,,1,30,,159790,45,,,1,70,,159823,45,,,1,30,,159791,45,,,1,71,,159792,45,,,1,30,,159793,45,,,1,70,,159794,45,,,1,30,,159795,45,,,1,70,,159796,45,,,1,30,,159797,45,,,1,70,,159798,45,,,1,30,,159799,45,,,1,70,,159800,45,,,1,30,,159801,45,,,1,70,,159802,45,,,1,30,,159803,45,,,1,74,,159804,45,,,1,71,,159826,45,,,1,15,,159805,45,,,1,15,,159806,45,,,1,15,,159807,45,,,1,55,,159824,45,,,1,15,,159808,45,,,1,15,,159809,45,,,1,15,,159810,45,,,1,55,,159825,45,,,1,15,,159811,45,,,1,15,,159812,45,,,1,25,,159813,45,,,1,69,,159814,45,,,1,30,,159815,45,,,1,70,,159816,45,,,1,30,,159817,45,,,1,70,,159818,45,,,1,30,,159819,45,,,1,68,,159820,45,,,1,100,,159821,45,,,1,100,,159822,45,,,1
91701,'917-Saturday-1-26-04-0000010',648,,144903,45,,,1,100,,144904,45,,,1,70,,144929,45,,,1,30,,144930,45,,,1,72,,144905,45,,,1,31,,144906,45,,,1,70,,144907,45,,,1,30,,144908,45,,,1,70,,144909,45,,,1,30,,144910,45,,,1,70,,144911,45,,,1,30,,144912,45,,,1,70,,144913,45,,,1,30,,144914,45,,,1,70,,144915,45,,,1,30,,144916,45,,,1,70,,144917,45,,,1,30,,144918,45,,,1,70,,144919,45,,,1,30,,144920,45,,,1,70,,144921,45,,,1,30,,144922,45,,,1,70,,144923,45,,,1,30,,144924,45,,,1,70,,144925,45,,,1,100,,144926,45,,,1,100,,144927,45,,,1,100,,144928,45,,,1
91900,'919-Weekday-7-26-04-0001000',1531,,159925,22,,,1
91900,'919-Weekday-7-26-04-1111100',552,,159926,22,,,1,70,,159927,22,,,1,33,,159928,22,,,1,48,,159975,22,,,1,7,,159929,22,,,1,8,,159976,22,,,1,7,,159930,22,,,1,8,,159977,22,,,1,7,,159931,22,,,1,8,,159978,22,,,1,7,,159932,22,,,1,48,,159979,22,,,1,7,,159933,22,,,1,8,,159980,22,,,1,7,,159934,22,,,1,8,,159981,22,,,1,7,,159935,22,,,1,8,,159982,22,,,1,7,,159936,22,,,1,58,,159937,22,,,1,20,,159938,22,,,1,20,,159939,22,,,1,60,,159940,22,,,1,20,,159941,22,,,1,20,,159942,22,,,1,60,,159943,22,,,1,20,,159944,22,,,1,20,,159945,22,,,1,60,,159946,22,,,1,20,,159947,22,,,1,20,,159948,22,,,1,60,,159949,22,,,1,20,,159950,22,,,1,20,,159951,22,,,1,60,,159952,22,,,1,20,,159953,22,,,1,20,,159954,22,,,1,61,,159955,22,,,1,21,,159956,22,,,1,20,,159957,22,,,1,48,,159983,22,,,1,7,,159958,22,,,1,8,,159984,22,,,1,7,,159959,22,,,1,8,,159985,22,,,1,7,,159960,22,,,1,8,,159986,22,,,1,7,,159961,22,,,1,48,,159987,22,,,1,7,,159962,22,,,1,8,,159988,22,,,1,7,,159963,22,,,1,8,,159989,22,,,1,7,,159964,22,,,1,8,,159990,22,,,1,7,,159965,22,,,1,48,,159991,22,,,1,7,,159966,22,,,1,8,,159992,22,,,1,7,,159967,22,,,1,27,,159968,22,,,1,70,,159969,22,,,1,30,,159970,22,,,1,70,,159971,22,,,1,30,,159972,22,,,1,70,,159973,22,,,1,30,,159974,22,,,1
91900,'919-Saturday-1-26-04-0000010',621,,145560,22,,,1,100,,145561,22,,,1,100,,145562,22,,,1,30,,145563,22,,,1,72,,145564,22,,,1,30,,145565,22,,,1,70,,145566,22,,,1,30,,145567,22,,,1,70,,145568,22,,,1,30,,145569,22,,,1,70,,145570,22,,,1,30,,145571,22,,,1,70,,145572,22,,,1,30,,145573,22,,,1,70,,145574,22,,,1,30,,145575,22,,,1,70,,145576,22,,,1,30,,145577,22,,,1,70,,145578,22,,,1,30,,145579,22,,,1,69,,145580,22,,,1,30,,145581,22,,,1,70,,145582,22,,,1,30,,145583,22,,,1,70,,145584,22,,,1,100,,145585,22,,,1,100,,145586,22,,,1,100,,145587,22,,,1
92200,'922-Weekday-7-26-04-1111100',547,,160141,15,,,1,70,,160142,15,,,1,34,,160143,15,,,1,53,,160144,15,,,1,12,,160145,15,,,1,12,,160192,15,,,1,12,,160146,15,,,1,12,,160147,15,,,1,52,,160148,15,,,1,12,,160149,15,,,1,12,,160193,15,,,1,12,,160150,15,,,1,12,,160151,15,,,1,52,,160152,15,,,1,21,,160153,15,,,1,20,,160154,15,,,1,60,,160155,15,,,1,20,,160156,15,,,1,20,,160157,15,,,1,60,,160158,15,,,1,20,,160159,15,,,1,20,,160160,15,,,1,60,,160161,15,,,1,20,,160162,15,,,1,20,,160163,15,,,1,60,,160164,15,,,1,20,,160165,15,,,1,20,,160166,15,,,1,60,,160167,15,,,1,20,,160168,15,,,1,20,,160169,15,,,1,61,,160170,15,,,1,23,,160171,15,,,1,20,,160172,15,,,1,60,,160173,15,,,1,12,,160174,15,,,1,12,,160194,15,,,1,12,,160175,15,,,1,12,,160176,15,,,1,52,,160177,15,,,1,12,,160178,15,,,1,12,,160195,15,,,1,12,,160179,15,,,1,12,,160180,15,,,1,52,,160181,15,,,1,12,,160182,15,,,1,26,,160183,15,,,1,67,,160184,15,,,1,30,,160185,15,,,1,70,,160186,15,,,1,30,,160187,15,,,1,70,,160188,15,,,1,29,,160189,15,,,1,69,,160190,15,,,1,100,,160191,15,,,1
92200,'922-Saturday-1-26-04-0000010',615,,146373,15,,,1,100,,146374,15,,,1,100,,146375,15,,,1,30,,146376,15,,,1,71,,146377,15,,,1,31,,146378,15,,,1,70,,146379,15,,,1,30,,146380,15,,,1,70,,146381,15,,,1,30,,146382,15,,,1,70,,146383,15,,,1,30,,146384,15,,,1,70,,146385,15,,,1,30,,146386,15,,,1,70,,146387,15,,,1,30,,146388,15,,,1,70,,146389,15,,,1,30,,146390,15,,,1,70,,146391,15,,,1,30,,146392,15,,,1,69,,146393,15,,,1,29,,146394,15,,,1,70,,146395,15,,,1,30,,146396,15,,,1,70,,146397,15,,,1,30,,146398,15,,,1,70,,146399,15,,,1,30,,146400,15,,,1,70,,146401,15,,,1,30,,146402,15,,,1,70,,146403,15,,,1,30,,146404,15,,,1
92600,'926-Weekday-7-26-04-1111100',643,,160367,67,0,5 6,1,63,,160368,67,0,5 6,1,23,,160369,67,0,5 6,1,20,,160370,67,0,5 6,1,60,,160371,67,0,5 6,1,20,,160372,67,0,5 6,1,20,,160373,67,0,5 6,1,59,,160374,67,0,5 6,1,18,,160375,67,0,5 6,1,16,,160376,67,0,5 6,1,70,,160377,67,0,5 6,1,30,,160378,67,0,5 6,1,70,,160379,67,0,5 6,1,30,,160380,67,0,5 6,1,70,,160381,67,0,5 6,1,30,,160382,67,0,5 6,1,70,,160383,67,0,5 6,1,30,,160384,67,0,5 6,1,70,,160385,67,0,5 6,1,30,,160386,67,0,5 6,1,71,,160387,67,0,5 6,1,35,,160388,67,0,5 6,1,53,,160389,67,0,5 6,1,20,,160390,67,0,5 6,1,20,,160391,67,0,5 6,1,60,,160392,67,0,5 6,1,20,,160393,67,0,5 6,1,20,,160394,67,0,5 6,1,60,,160395,67,0,5 6,1,20,,160396,67,0,5 6,1,19,,160397,67,0,5 6,1,18,,160398,67,0,5 6,1,57,,160399,67,0,5 6,1,30,,160400,67,0,5 6,1,70,,160401,67,0,5 6,1,30,,160402,67,0,5 6,1,70,,160403,67,0,5 6,1,30,,160404,67,0,5 6,1,69,,160405,67,0,5 6,1,29,,160406,67,0,5 6,1
92600,'926-Saturday-1-26-04-0000010',838,,147248,67,0,5 6,1,71,,147249,67,0,5 6,1,32,,147250,67,0,5 6,1,70,,147251,67,0,5 6,1,30,,147252,67,0,5 6,1,70,,147253,67,0,5 6,1,30,,147254,67,0,5 6,1,70,,147255,67,0,5 6,1,30,,147256,67,0,5 6,1,70,,147257,67,0,5 6,1,30,,147258,67,0,5 6,1,70,,147259,67,0,5 6,1,30,,147260,67,0,5 6,1,70,,147261,67,0,5 6,1,30,,147262,67,0,5 6,1,70,,147263,67,0,5 6,1,30,,147264,67,0,5 6,1,69,,147265,67,0,5 6,1,28,,147266,67,0,5 6,1,70,,147267,67,0,5 6,1,30,,147268,67,0,5 6,1,70,,147269,67,0,5 6,1,30,,147270,67,0,5 6,1
