51900,'519-Weekday-1-26-06-1111100',615,,176605,51,4,,1,33,,176606,51,4,,1,56,,176607,51,4,,1,15,,176608,51,4,,1,15,,176609,51,4,,1,15,,176610,51,4,,1,55,,176611,51,4,,1,15,,176612,51,4,,1,15,,176613,51,4,,1,15,,176614,51,4,,1,55,,176615,51,4,,1,14,,176651,51,4,,1,32,,176616,51,4,,1,70,,176617,51,4,,1,30,,176618,51,4,,1,70,,176619,51,4,,1,30,,176620,51,4,,1,70,,176621,51,4,,1,30,,176622,51,4,,1,70,,176623,51,4,,1,30,,176624,51,4,,1,70,,176625,51,4,,1,30,,176626,51,4,,1,71,,176627,51,4,,1,34,,176628,51,4,,1,55,,176629,51,4,,1,15,,176630,51,4,,1,18,,176631,51,4,,1,15,,176632,51,4,,1,55,,176633,51,4,,1,15,,176634,51,4,,1,15,,176635,51,4,,1,15,,176636,51,4,,1,55,,176637,51,4,,1,15,,176638,51,4,,1,13,,176639,51,4,,1,13,,176640,51,4,,1,65,,176641,51,4,,1,28,,176642,51,4,,1,70,,176643,51,4,,1,30,,176644,51,4,,1,70,,176645,51,4,,1,30,,176646,51,4,,1,69,,176647,51,4,,1,30,,176648,51,4,,1,100,,176649,51,4,,1,100,,176650,51,4,,1
51900,'519-Saturday-1-26-06-0000010',622,,176653,51,4,,1,100,,176652,51,4,,1,100,,176654,51,4,,1,86,,176655,51,4,,1,35,,176656,51,4,,1,71,,176657,51,4,,1,31,,176658,51,4,,1,70,,176659,51,4,,1,30,,176660,51,4,,1,70,,176661,51,4,,1,30,,176662,51,4,,1,70,,176663,51,4,,1,30,,176664,51,4,,1,70,,176665,51,4,,1,30,,176666,51,4,,1,70,,176667,51,4,,1,30,,176668,51,4,,1,70,,176669,51,4,,1,30,,176670,51,4,,1,69,,176671,51,4,,1,28,,176672,51,4,,1,68,,176673,51,4,,1,30,,176674,51,4,,1,70,,176675,51,4,,1,38,,176676,51,4,,1,92,,176677,51,4,,1,100,,176678,51,4,,1,100,,176679,51,4,,1,100,,176680,51,4,,1,100,,176681,51,4,,1
51900,'519-Sunday-1-26-06-0000001',622,,176682,51,4,,1,100,,176683,51,4,,1,100,,176684,51,4,,1,102,,176685,51,4,,1,102,,176686,51,4,,1,30,,176687,51,4,,1,70,,176688,51,4,,1,30,,176689,51,4,,1,70,,176690,51,4,,1,30,,176691,51,4,,1,70,,176692,51,4,,1,30,,176693,51,4,,1,70,,176694,51,4,,1,30,,176695,51,4,,1,70,,176696,51,4,,1,30,,176697,51,4,,1,70,,176698,51,4,,1,30,,176699,51,4,,1,69,,176700,51,4,,1,29,,176701,51,4,,1,70,,176702,51,4,,1,30,,176703,51,4,,1,70,,176704,51,4,,1,100,,176705,51,4,,1,100,,176706,51,4,,1,100,,176707,51,4,,1,100,,176708,51,4,,1,100,,176709,51,4,,1
51901,'519-Weekday-1-26-06-1111100',532,,176710,1,,,1,70,,176711,1,,,1,15,,176712,1,,,1,15,,176713,1,,,1,15,,176714,1,,,1,55,,176715,1,,,1,15,,176716,1,,,1,15,,176717,1,,,1,15,,176718,1,,,1,55,,176719,1,,,1,15,,176720,1,,,1,15,,176755,1,,,1,70,,176721,1,,,1,30,,176722,1,,,1,70,,176723,1,,,1,30,,176724,1,,,1,70,,176725,1,,,1,30,,176726,1,,,1,70,,176727,1,,,1,30,,176728,1,,,1,70,,176729,1,,,1,30,,176730,1,,,1,70,,176731,1,,,1,30,,176732,1,,,1,70,,176733,1,,,1,15,,176734,1,,,1,15,,176735,1,,,1,15,,176736,1,,,1,55,,176737,1,,,1,15,,176738,1,,,1,15,,176739,1,,,1,15,,176740,1,,,1,55,,176741,1,,,1,15,,176742,1,,,1,15,,176743,1,,,1,15,,176744,1,,,1,55,,176756,1,,,1,30,,176745,1,,,1,70,,176746,1,,,1,30,,176747,1,,,1,70,,176748,1,,,1,30,,176749,1,,,1,70,,176750,1,,,1,30,,176751,1,,,1,70,,176752,1,,,1,100,,176753,1,,,1,100,,176754,1,,,1
51901,'519-Saturday-1-26-06-0000010',545,,176757,1,,,1,100,,176758,1,,,1,100,,176759,1,,,1,70,,176760,1,,,1,30,,176761,1,,,1,70,,176762,1,,,1,30,,176763,1,,,1,70,,176764,1,,,1,30,,176765,1,,,1,70,,176766,1,,,1,30,,176767,1,,,1,70,,176768,1,,,1,30,,176769,1,,,1,70,,176770,1,,,1,30,,176771,1,,,1,70,,176772,1,,,1,30,,176773,1,,,1,70,,176774,1,,,1,30,,176775,1,,,1,70,,176776,1,,,1,30,,176777,1,,,1,70,,176778,1,,,1,30,,176779,1,,,1,70,,176780,1,,,1,30,,176781,1,,,1,100,,176782,1,,,1,100,,176783,1,,,1,100,,176784,1,,,1,100,,176785,1,,,1,100,,176786,1,,,1
51901,'519-Sunday-1-26-06-0000001',545,,176787,1,,,1,100,,176788,1,,,1,100,,176789,1,,,1,100,,176790,1,,,1,100,,176791,1,,,1,70,,176792,1,,,1,30,,176793,1,,,1,70,,176794,1,,,1,30,,176795,1,,,1,70,,176796,1,,,1,30,,176797,1,,,1,70,,176798,1,,,1,30,,176799,1,,,1,70,,176800,1,,,1,30,,176801,1,,,1,70,,176802,1,,,1,30,,176803,1,,,1,70,,176804,1,,,1,30,,176805,1,,,1,70,,176806,1,,,1,30,,176807,1,,,1,70,,176808,1,,,1,30,,176809,1,,,1,98,,176810,1,,,1,100,,176811,1,,,1,102,,176812,1,,,1,100,,176813,1,,,1,100,,176814,1,,,1
52600,'526-Saturday-1-26-06-0000010',937,,177382,29,4,,1,100,,177383,29,4,,1,100,,177384,29,4,,1,100,,177385,29,4,,1,100,,177386,29,4,,1,100,,177387,29,4,,1,100,,177388,29,4,,1,100,,177381,29,4,,1
52600,'526-Sunday-1-26-06-0000001',937,,177389,29,4,,1,100,,177390,29,4,,1,100,,177391,29,4,,1,100,,177392,29,4,,1,100,,177393,29,4,,1,100,,177394,29,4,,1,100,,177395,29,4,,1,100,,177396,29,4,,1
52601,'526-Saturday-1-26-06-0000010',847,,177398,1,,,1,100,,177399,1,,,1,100,,177400,1,,,1,100,,177401,1,,,1,100,,177402,1,,,1,100,,177403,1,,,1,100,,177404,1,,,1,100,,177397,1,,,1
52601,'526-Sunday-1-26-06-0000001',847,,177405,1,,,1,100,,177406,1,,,1,100,,177407,1,,,1,100,,177408,1,,,1,100,,177409,1,,,1,100,,177410,1,,,1,100,,177411,1,,,1,100,,177412,1,,,1
