11101,'111-Weekday-1-26-06-1111100',939,,171491,24,,,1,100,,171492,24,,,1,100,,171493,24,,,1,100,,171494,24,,,1,100,,171495,24,,,1,100,,171496,24,,,1,100,,171497,24,,,1
11101,'111-Weekday-2-26-06-1111100',939,,193562,24,,,1,100,,193563,24,,,1,100,,193564,24,,,1,100,,193565,24,,,1,100,,193566,24,,,1,100,,193567,24,,,1,100,,193568,24,,,1
11101,'111-Saturday-1-26-06-0000010',922,,171498,17,,,1,100,,171500,17,,,1,100,,171501,17,,,1,100,,171502,17,,,1,100,,171503,17,,,1,100,,171504,17,,,1,100,,171499,17,,,1
1000100,'001-Weekday-1-26-06-1111100',503,,186272,7,,,1,40,,186273,7,,,1,80,,186274,7,,,1,82,,186275,7,,,1,20,,186276,7,,,1,20,,186277,7,,,1,60,,186278,7,,,1,20,,186279,7,,,1,25,,186280,7,,,1,70,,186281,7,,,1,30,,186282,7,,,1,70,,186283,7,,,1,30,,186284,7,,,1,70,,186285,7,,,1,30,,186286,7,,,1,70,,186287,7,,,1,30,,186288,7,,,1,70,,186289,7,,,1,30,,186290,7,,,1,70,,186291,7,,,1,30,,186292,7,,,1,68,,186293,7,,,1,20,,186294,7,,,1,20,,186295,7,,,1,60,,186296,7,,,1,20,,186297,7,,,1,20,,186298,7,,,1,65,,186299,7,,,1,30,,186300,7,,,1,70,,186301,7,,,1,30,,186302,7,,,1,70,,186303,7,,,1,30,,186304,7,,,1,70,,186305,7,,,1,30,,186306,7,,,1,70,,186307,7,,,1,27,,186308,7,,,1,79,,186309,7,,,1,80,,186310,7,,,1,40,,186311,7,,,1
1000100,'001-Weekday-2-26-06-1111100',503,,202517,7,,,1,40,,202518,7,,,1,80,,202519,7,,,1,82,,202520,7,,,1,20,,202521,7,,,1,20,,202522,7,,,1,60,,202523,7,,,1,20,,202524,7,,,1,25,,202525,7,,,1,70,,202526,7,,,1,30,,202527,7,,,1,70,,202528,7,,,1,30,,202529,7,,,1,70,,202530,7,,,1,30,,202531,7,,,1,70,,202532,7,,,1,30,,202533,7,,,1,70,,202534,7,,,1,30,,202535,7,,,1,70,,202536,7,,,1,30,,202537,7,,,1,68,,202538,7,,,1,20,,202539,7,,,1,20,,202540,7,,,1,60,,202541,7,,,1,20,,202542,7,,,1,20,,202543,7,,,1,65,,202544,7,,,1,30,,202545,7,,,1,70,,202546,7,,,1,30,,202547,7,,,1,70,,202548,7,,,1,30,,202549,7,,,1,70,,202550,7,,,1,30,,202551,7,,,1,70,,202552,7,,,1,27,,202553,7,,,1,79,,202554,7,,,1,80,,202555,7,,,1,40,,202556,7,,,1
1000100,'001-Saturday-1-26-06-0000010',625,,186312,7,,,1,80,,186313,7,,,1,40,,186314,7,,,1,75,,186315,7,,,1,30,,186316,7,,,1,70,,186317,7,,,1,30,,186318,7,,,1,70,,186319,7,,,1,30,,186320,7,,,1,70,,186321,7,,,1,30,,186322,7,,,1,70,,186323,7,,,1,30,,186324,7,,,1,70,,186325,7,,,1,30,,186326,7,,,1,70,,186327,7,,,1,30,,186328,7,,,1,70,,186329,7,,,1,30,,186330,7,,,1,70,,186331,7,,,1,30,,186332,7,,,1,70,,186333,7,,,1,30,,186334,7,,,1,70,,186335,7,,,1,28,,186336,7,,,1,72,,186337,7,,,1,30,,186338,7,,,1,69,,186339,7,,,1,31,,186340,7,,,1,70,,186341,7,,,1,30,,186342,7,,,1,70,,186343,7,,,1,30,,186344,7,,,1,75,,186345,7,,,1,80,,186346,7,,,1
1000100,'001-Sunday-1-26-06-0000001',601,,186347,7,,,1,40,,186348,7,,,1,80,,186349,7,,,1,80,,186350,7,,,1,40,,186351,7,,,1,80,,186352,7,,,1,80,,186353,7,,,1,35,,186354,7,,,1,70,,186355,7,,,1,30,,186356,7,,,1,70,,186357,7,,,1,30,,186358,7,,,1,70,,186359,7,,,1,30,,186360,7,,,1,70,,186361,7,,,1,30,,186362,7,,,1,70,,186363,7,,,1,30,,186364,7,,,1,70,,186365,7,,,1,30,,186366,7,,,1,70,,186367,7,,,1,30,,186368,7,,,1,70,,186369,7,,,1,30,,186370,7,,,1,68,,186371,7,,,1,40,,186372,7,,,1,80,,186373,7,,,1,80,,186374,7,,,1,40,,186375,7,,,1,80,,186376,7,,,1,80,,186377,7,,,1,40,,186378,7,,,1
1000100,'001-Sunday-3-26-06-0000001',601,,202557,7,,,1,40,,202558,7,,,1,80,,202559,7,,,1,80,,202560,7,,,1,40,,202561,7,,,1,80,,202562,7,,,1,80,,202563,7,,,1,35,,202564,7,,,1,70,,202565,7,,,1,30,,202566,7,,,1,70,,202567,7,,,1,30,,202568,7,,,1,70,,202569,7,,,1,30,,202570,7,,,1,70,,202571,7,,,1,30,,202572,7,,,1,70,,202573,7,,,1,30,,202574,7,,,1,70,,202575,7,,,1,30,,202576,7,,,1,70,,202577,7,,,1,30,,202578,7,,,1,70,,202579,7,,,1,30,,202580,7,,,1,68,,202581,7,,,1,40,,202582,7,,,1,80,,202583,7,,,1,80,,202584,7,,,1,40,,202585,7,,,1,80,,202586,7,,,1,80,,202587,7,,,1,40,,202588,7,,,1
2000100,'001-Weekday-1-26-06-1111100',524,,186555,7,,,1,80,,186556,7,,,1,41,,186557,7,,,1,70,,186558,7,,,1,20,,186559,7,,,1,20,,186560,7,,,1,60,,186561,7,,,1,20,,186562,7,,,1,70,,186563,7,,,1,30,,186564,7,,,1,70,,186565,7,,,1,30,,186566,7,,,1,70,,186567,7,,,1,30,,186568,7,,,1,70,,186569,7,,,1,30,,186570,7,,,1,70,,186571,7,,,1,30,,186572,7,,,1,70,,186573,7,,,1,30,,186574,7,,,1,70,,186575,7,,,1,23,,186576,7,,,1,20,,186577,7,,,1,60,,186578,7,,,1,20,,186579,7,,,1,20,,186580,7,,,1,60,,186581,7,,,1,30,,186582,7,,,1,70,,186583,7,,,1,30,,186584,7,,,1,70,,186585,7,,,1,30,,186586,7,,,1,70,,186587,7,,,1,30,,186588,7,,,1,70,,186589,7,,,1,30,,186590,7,,,1,71,,186591,7,,,1,40,,186592,7,,,1,80,,186593,7,,,1,80,,186594,7,,,1
2000100,'001-Weekday-2-26-06-1111100',524,,202661,7,,,1,80,,202662,7,,,1,41,,202663,7,,,1,70,,202664,7,,,1,20,,202665,7,,,1,20,,202666,7,,,1,60,,202667,7,,,1,20,,202668,7,,,1,70,,202669,7,,,1,30,,202670,7,,,1,70,,202671,7,,,1,30,,202672,7,,,1,70,,202673,7,,,1,30,,202674,7,,,1,70,,202675,7,,,1,30,,202676,7,,,1,70,,202677,7,,,1,30,,202678,7,,,1,70,,202679,7,,,1,30,,202680,7,,,1,70,,202681,7,,,1,23,,202682,7,,,1,20,,202683,7,,,1,60,,202684,7,,,1,20,,202685,7,,,1,20,,202686,7,,,1,60,,202687,7,,,1,30,,202688,7,,,1,70,,202689,7,,,1,30,,202690,7,,,1,70,,202691,7,,,1,30,,202692,7,,,1,70,,202693,7,,,1,30,,202694,7,,,1,70,,202695,7,,,1,30,,202696,7,,,1,71,,202697,7,,,1,40,,202698,7,,,1,80,,202699,7,,,1,80,,202700,7,,,1
2000100,'001-Saturday-1-26-06-0000010',605,,186595,7,,,1,40,,186596,7,,,1,80,,186597,7,,,1,80,,186598,7,,,1,30,,186599,7,,,1,70,,186600,7,,,1,30,,186601,7,,,1,70,,186602,7,,,1,30,,186603,7,,,1,70,,186604,7,,,1,30,,186605,7,,,1,70,,186606,7,,,1,30,,186607,7,,,1,70,,186608,7,,,1,30,,186609,7,,,1,70,,186610,7,,,1,30,,186611,7,,,1,70,,186612,7,,,1,30,,186613,7,,,1,70,,186614,7,,,1,30,,186615,7,,,1,70,,186616,7,,,1,30,,186617,7,,,1,69,,186618,7,,,1,31,,186619,7,,,1,70,,186620,7,,,1,29,,186621,7,,,1,70,,186622,7,,,1,31,,186623,7,,,1,70,,186624,7,,,1,30,,186625,7,,,1,70,,186626,7,,,1,30,,186627,7,,,1,70,,186628,7,,,1,40,,186629,7,,,1
2000100,'001-Sunday-1-26-06-0000001',541,,186630,7,,,1,80,,186631,7,,,1,80,,186632,7,,,1,40,,186633,7,,,1,80,,186634,7,,,1,80,,186635,7,,,1,40,,186636,7,,,1,80,,186637,7,,,1,30,,186638,7,,,1,70,,186639,7,,,1,30,,186640,7,,,1,70,,186641,7,,,1,30,,186642,7,,,1,70,,186643,7,,,1,30,,186644,7,,,1,70,,186645,7,,,1,30,,186646,7,,,1,70,,186647,7,,,1,30,,186648,7,,,1,70,,186649,7,,,1,30,,186650,7,,,1,70,,186651,7,,,1,30,,186652,7,,,1,70,,186653,7,,,1,30,,186654,7,,,1,73,,186655,7,,,1,80,,186656,7,,,1,40,,186657,7,,,1,80,,186658,7,,,1,80,,186659,7,,,1,40,,186660,7,,,1,80,,186661,7,,,1
2000100,'001-Sunday-3-26-06-0000001',541,,202701,7,,,1,80,,202702,7,,,1,80,,202703,7,,,1,40,,202704,7,,,1,80,,202705,7,,,1,80,,202706,7,,,1,40,,202707,7,,,1,80,,202708,7,,,1,30,,202709,7,,,1,70,,202710,7,,,1,30,,202711,7,,,1,70,,202712,7,,,1,30,,202713,7,,,1,70,,202714,7,,,1,30,,202715,7,,,1,70,,202716,7,,,1,30,,202717,7,,,1,70,,202718,7,,,1,30,,202719,7,,,1,70,,202720,7,,,1,30,,202721,7,,,1,70,,202722,7,,,1,30,,202723,7,,,1,70,,202724,7,,,1,30,,202725,7,,,1,73,,202726,7,,,1,80,,202727,7,,,1,40,,202728,7,,,1,80,,202729,7,,,1,80,,202730,7,,,1,40,,202731,7,,,1,80,,202732,7,,,1
