50400,'504-Weekday-1-26-06-1111100',551,,174202,26,4,,1,70,,174203,26,4,,1,33,,174204,26,4,,1,70,,174205,26,4,,1,30,,174206,26,4,,1,70,,174207,26,4,,1,30,,174208,26,4,,1,102,,174209,26,4,,1,100,,174210,26,4,,1,100,,174211,26,4,,1,100,,174212,26,4,,1,100,,174213,26,4,,1,100,,174214,26,4,,1,87,,174215,26,4,,1,70,,174216,26,4,,1,31,,174217,26,4,,1,70,,174218,26,4,,1,30,,174219,26,4,,1,96,,174220,26,4,,1,96,,174221,26,4,,1,100,,174222,26,4,,1,100,,174223,26,4,,1
50400,'504-Weekday-2-26-06-1111100',551,,195089,26,4,,1,70,,195090,26,4,,1,33,,195091,26,4,,1,70,,195092,26,4,,1,30,,195093,26,4,,1,70,,195094,26,4,,1,30,,195095,26,4,,1,102,,195096,26,4,,1,100,,195097,26,4,,1,100,,195098,26,4,,1,100,,195099,26,4,,1,100,,195100,26,4,,1,100,,195101,26,4,,1,87,,195102,26,4,,1,70,,195103,26,4,,1,31,,195104,26,4,,1,70,,195105,26,4,,1,30,,195106,26,4,,1,96,,195107,26,4,,1,96,,195108,26,4,,1,100,,195109,26,4,,1,100,,195110,26,4,,1
50400,'504-Saturday-1-26-06-0000010',804,,174224,26,4,,1,100,,174225,26,4,,1,100,,174226,26,4,,1,100,,174227,26,4,,1,100,,174228,26,4,,1,100,,174229,26,4,,1,100,,174230,26,4,,1,100,,174231,26,4,,1,100,,174232,26,4,,1,100,,174233,26,4,,1,100,,174234,26,4,,1,100,,174235,26,4,,1,100,,174236,26,4,,1
50400,'504-Sunday-1-26-06-0000001',801,,174237,26,4,,1,99,,174238,26,4,,1,59,,174239,26,4,,1,100,,174240,26,4,,1,100,,174241,26,4,,1,100,,174242,26,4,,1,100,,174243,26,4,,1,100,,174244,26,4,,1,100,,174245,26,4,,1,141,,174246,26,4,,1,101,,174247,26,4,,1,100,,174248,26,4,,1
50400,'504-Sunday-2-26-06-0000001',801,,195111,26,4,,1,99,,195112,26,4,,1,59,,195113,26,4,,1,100,,195114,26,4,,1,100,,195115,26,4,,1,100,,195116,26,4,,1,100,,195117,26,4,,1,100,,195118,26,4,,1,100,,195119,26,4,,1,141,,195120,26,4,,1,101,,195121,26,4,,1,100,,195122,26,4,,1
50401,'504-Weekday-1-26-06-1111100',530,,174249,1,,,1,70,,174250,1,,,1,30,,174251,1,,,1,70,,174252,1,,,1,30,,174253,1,,,1,70,,174254,1,,,1,30,,174255,1,,,1,70,,174256,1,,,1,100,,174257,1,,,1,100,,174258,1,,,1,100,,174259,1,,,1,100,,174260,1,,,1,100,,174261,1,,,1,45,,174262,1,,,1,70,,174263,1,,,1,32,,174264,1,,,1,70,,174265,1,,,1,30,,174266,1,,,1,100,,174267,1,,,1,100,,174268,1,,,1,100,,174269,1,,,1,100,,174270,1,,,1,100,,174271,1,,,1
50401,'504-Weekday-2-26-06-1111100',530,,195123,1,,,1,70,,195124,1,,,1,30,,195125,1,,,1,70,,195126,1,,,1,30,,195127,1,,,1,70,,195128,1,,,1,30,,195129,1,,,1,70,,195130,1,,,1,100,,195131,1,,,1,100,,195132,1,,,1,100,,195133,1,,,1,100,,195134,1,,,1,100,,195135,1,,,1,45,,195136,1,,,1,70,,195137,1,,,1,32,,195138,1,,,1,70,,195139,1,,,1,30,,195140,1,,,1,100,,195141,1,,,1,100,,195142,1,,,1,100,,195143,1,,,1,100,,195144,1,,,1,100,,195145,1,,,1
50401,'504-Saturday-1-26-06-0000010',713,,174272,1,,,1,100,,174273,1,,,1,100,,174274,1,,,1,100,,174275,1,,,1,100,,174276,1,,,1,100,,174277,1,,,1,100,,174278,1,,,1,100,,174279,1,,,1,100,,174280,1,,,1,100,,174281,1,,,1,100,,174282,1,,,1,100,,174283,1,,,1,100,,174284,1,,,1
50401,'504-Sunday-1-26-06-0000001',809,,174285,1,,,1,100,,174286,1,,,1,100,,174287,1,,,1,100,,174288,1,,,1,100,,174289,1,,,1,100,,174290,1,,,1,100,,174291,1,,,1,100,,174292,1,,,1,100,,174293,1,,,1,100,,174294,1,,,1,100,,174295,1,,,1,100,,174296,1,,,1
50401,'504-Sunday-2-26-06-0000001',809,,195146,1,,,1,100,,195147,1,,,1,100,,195148,1,,,1,100,,195149,1,,,1,100,,195150,1,,,1,100,,195151,1,,,1,100,,195152,1,,,1,100,,195153,1,,,1,100,,195154,1,,,1,100,,195155,1,,,1,100,,195156,1,,,1,100,,195157,1,,,1
