90700,'907-Weekday-1-25-12-1111100',534,,47673,,,1,70,,47674,,,1,31,,47675,,,1,15,,47676,,,1,55,,47677,,,1,15,,47678,,,1,15,,47679,,,1,15,,47680,,,1,55,,47681,,,1,15,,47682,,,1,15,,47683,,,1,69,,47684,,,1,30,,47685,,,1,70,,47686,,,1,30,,47687,,,1,70,,47688,,,1,30,,47689,,,1,70,,47690,,,1,30,,47691,,,1,70,,47692,,,1,30,,47693,,,1,70,,47694,,,1,30,,47695,,,1,71,,47696,,,1,30,,47697,,,1,15,,47698,,,1,55,,47699,,,1,15,,47700,,,1,15,,47701,,,1,15,,47702,,,1,55,,47703,,,1,15,,47704,,,1,15,,47705,,,1,70,,47706,,,1,29,,47707,,,1,70,,47708,,,1,30,,47709,,,1,70,,47710,,,1,30,,47711,,,1,70,,47712,,,1,30,,47713,,,1,70,,47714,,,1,100,,47715,,,1,100,,47716,,,1
90700,'907-Weekday-2-25-12-1111100',534,,47717,,,1,70,,47718,,,1,31,,47719,,,1,15,,47720,,,1,55,,47721,,,1,15,,47722,,,1,15,,47723,,,1,15,,47724,,,1,55,,47725,,,1,15,,47726,,,1,15,,47727,,,1,69,,47728,,,1,30,,47729,,,1,70,,47730,,,1,30,,47731,,,1,70,,47732,,,1,30,,47733,,,1,70,,47734,,,1,30,,47735,,,1,70,,47736,,,1,30,,47737,,,1,70,,47738,,,1,30,,47739,,,1,71,,47740,,,1,30,,47741,,,1,15,,47742,,,1,55,,47743,,,1,15,,47744,,,1,15,,47745,,,1,15,,47746,,,1,55,,47747,,,1,15,,47748,,,1,15,,47749,,,1,70,,47750,,,1,29,,47751,,,1,70,,47752,,,1,30,,47753,,,1,70,,47754,,,1,30,,47755,,,1,70,,47756,,,1,30,,47757,,,1,70,,47758,,,1,100,,47759,,,1,100,,47760,,,1
90700,'907-Weekday-3-25-12-1111100',534,,47761,,,1,70,,47762,,,1,31,,47763,,,1,15,,47764,,,1,55,,47765,,,1,15,,47766,,,1,15,,47767,,,1,15,,47768,,,1,55,,47769,,,1,15,,47770,,,1,15,,47771,,,1,69,,47772,,,1,30,,47773,,,1,70,,47774,,,1,30,,47775,,,1,70,,47776,,,1,30,,47777,,,1,70,,47778,,,1,30,,47779,,,1,70,,47780,,,1,30,,47781,,,1,70,,47782,,,1,30,,47783,,,1,71,,47784,,,1,30,,47785,,,1,15,,47786,,,1,55,,47787,,,1,15,,47788,,,1,15,,47789,,,1,15,,47790,,,1,55,,47791,,,1,15,,47792,,,1,15,,47793,,,1,70,,47794,,,1,29,,47795,,,1,70,,47796,,,1,30,,47797,,,1,70,,47798,,,1,30,,47799,,,1,70,,47800,,,1,30,,47801,,,1,70,,47802,,,1,100,,47803,,,1,100,,47804,,,1
90700,'907-Weekday-5-25-12-1111100',534,,47805,,,1,70,,47806,,,1,31,,47807,,,1,15,,47808,,,1,55,,47809,,,1,15,,47810,,,1,15,,47811,,,1,15,,47812,,,1,55,,47813,,,1,15,,47814,,,1,15,,47815,,,1,69,,47816,,,1,30,,47817,,,1,70,,47818,,,1,30,,47819,,,1,70,,47820,,,1,30,,47821,,,1,70,,47822,,,1,30,,47823,,,1,70,,47824,,,1,30,,47825,,,1,70,,47826,,,1,30,,47827,,,1,71,,47828,,,1,30,,47829,,,1,15,,47830,,,1,55,,47831,,,1,15,,47832,,,1,15,,47833,,,1,15,,47834,,,1,55,,47835,,,1,15,,47836,,,1,15,,47837,,,1,70,,47838,,,1,29,,47839,,,1,70,,47840,,,1,30,,47841,,,1,70,,47842,,,1,30,,47843,,,1,70,,47844,,,1,30,,47845,,,1,70,,47846,,,1,100,,47847,,,1,100,,47848,,,1
90700,'907-Saturday-1-25-12-0000010',705,,47849,,,1,100,,47850,,,1,30,,47855,,,1,72,,47856,,,1,30,,47857,,,1,70,,47858,,,1,30,,47859,,,1,70,,47860,,,1,30,,47861,,,1,70,,47862,,,1,30,,47863,,,1,70,,47864,,,1,30,,47865,,,1,70,,47866,,,1,30,,47867,,,1,70,,47868,,,1,30,,47869,,,1,70,,47870,,,1,30,,47871,,,1,70,,47872,,,1,30,,47873,,,1,70,,47874,,,1,30,,47875,,,1,70,,47851,,,1,100,,47852,,,1,100,,47853,,,1,100,,47854,,,1
90700,'907-Sunday-1-25-12-0000001',1006,,47876,,,1,30,,47877,,,1,70,,47878,,,1,30,,47879,,,1,70,,47880,,,1,30,,47881,,,1,70,,47882,,,1,30,,47883,,,1,70,,47884,,,1,30,,47885,,,1,70,,47886,,,1,30,,47887,,,1,70,,47888,,,1,30,,47889,,,1,70,,47890,,,1,30,,47891,,,1,70,,47892,,,1,30,,47893,,,1,70,,47894,,,1
90700,'907-Sunday-1-26-02-0000001',1011,,47895,,,1,30,,47896,,,1,70,,47897,,,1,30,,47898,,,1,70,,47899,,,1,30,,47900,,,1,70,,47901,,,1,30,,47902,,,1,70,,47903,,,1,30,,47904,,,1,70,,47905,,,1,30,,47906,,,1,70,,47907,,,1,30,,47908,,,1,70,,47909,,,1,30,,47910,,,1,70,,47911,,,1,30,,47912,,,1,70,,47913,,,1
92500,'925-Weekday-1-25-12-1111100',817,,54371,,,1,102,,54369,,,1,100,,54366,,,1,100,,54370,,,1,100,,54364,,,1,100,,54368,,,1,100,,54365,,,1,100,,54367,,,1
92500,'925-Weekday-2-25-12-1111100',817,,54379,,,1,102,,54377,,,1,100,,54374,,,1,100,,54378,,,1,100,,54372,,,1,100,,54376,,,1,100,,54373,,,1,100,,54375,,,1
92500,'925-Weekday-3-25-12-1111100',817,,54387,,,1,102,,54385,,,1,100,,54382,,,1,100,,54386,,,1,100,,54380,,,1,100,,54384,,,1,100,,54381,,,1,100,,54383,,,1
92500,'925-Weekday-5-25-12-1111100',817,,54395,,,1,102,,54393,,,1,100,,54390,,,1,100,,54394,,,1,100,,54388,,,1,100,,54392,,,1,100,,54389,,,1,100,,54391,,,1
