12100,'121-Weekday-1-26-04-1110100',1540,,123703,26,4,,1,80,,123704,26,4,,1
12100,'121-Weekday-1-26-04-1111100',1523,,123756,26,4,,1,20,,123757,26,4,,1,60,,123758,26,4,,1,20,,123759,26,4,,1,20,,123760,26,4,,1,60,,123761,26,4,,1,20,,123762,26,4,,1,20,,123763,26,4,,1,60,,123764,26,4,,1
12100,'121-Weekday-2-26-04-1110100',1540,,123765,26,4,,1,80,,123766,26,4,,1
12100,'121-Weekday-2-26-04-1111100',1523,,123818,26,4,,1,20,,123819,26,4,,1,60,,123820,26,4,,1,20,,123821,26,4,,1,20,,123822,26,4,,1,60,,123823,26,4,,1,20,,123824,26,4,,1,20,,123825,26,4,,1,60,,123826,26,4,,1
12100,'121-Weekday-3-26-04-1110100',1540,,123827,26,4,,1,80,,123828,26,4,,1
12100,'121-Weekday-3-26-04-1111100',1523,,123880,26,4,,1,20,,123881,26,4,,1,60,,123882,26,4,,1,20,,123883,26,4,,1,20,,123884,26,4,,1,60,,123885,26,4,,1,20,,123886,26,4,,1,20,,123887,26,4,,1,60,,123888,26,4,,1
12101,'121-Weekday-1-26-04-1111100',532,,123979,11,,,1,70,,124008,11,,,1,21,,124010,12,,,1,8,,123957,11,,,1,12,,124009,12,,,1,8,,123958,11,,,1,52,,124011,12,,,1,8,,123959,11,,,1,12,,124012,12,,,1,8,,123960,11,,,1,6,,124017,12,,,1,6,,124014,12,,,1,8,,123961,11,,,1,8,,124018,12,,,1,44,,124016,12,,,1,8,,123962,11,,,1,12,,124013,12,,,1,8,,123963,11,,,1,12,,124015,12,,,1,58,,123964,11,,,1,31,,123965,11,,,1,20,,123966,11,,,1,60,,123967,11,,,1,20,,123968,11,,,1,20,,123969,11,,,1,60,,123970,11,,,1,20,,123971,11,,,1,20,,123972,11,,,1,60,,123973,11,,,1,20,,123974,11,,,1,20,,123975,11,,,1,60,,123976,11,,,1,20,,123977,11,,,1,20,,123978,11,,,1,61,,123980,15,,,1,20,,123981,15,,,1,20,,123982,15,,,1,61,,123983,15,,,1,21,,123984,15,,,1,20,,123985,15,,,1,60,,123986,15,,,1,20,,123987,15,,,1,20,,123988,15,,,1,60,,123989,15,,,1,20,,123990,15,,,1,20,,123991,15,,,1,60,,123992,15,,,1,20,,123993,15,,,1,19,,124006,15,,,1,58,,123994,15,,,1,20,,123995,15,,,1,20,,123996,15,,,1,60,,123997,15,,,1,20,,123998,15,,,1,20,,123999,15,,,1,60,,124000,15,,,1,20,,124001,15,,,1,20,,124002,15,,,1,60,,124007,15,,,1,18,,124003,15,,,1,100,,124004,15,,,1,100,,124005,15,,,1
12101,'121-Weekday-2-26-04-1111100',532,,124041,11,,,1,70,,124070,11,,,1,21,,124072,12,,,1,8,,124019,11,,,1,12,,124071,12,,,1,8,,124020,11,,,1,52,,124073,12,,,1,8,,124021,11,,,1,12,,124074,12,,,1,8,,124022,11,,,1,6,,124079,12,,,1,6,,124076,12,,,1,8,,124023,11,,,1,8,,124080,12,,,1,44,,124078,12,,,1,8,,124024,11,,,1,12,,124075,12,,,1,8,,124025,11,,,1,12,,124077,12,,,1,58,,124026,11,,,1,31,,124027,11,,,1,20,,124028,11,,,1,60,,124029,11,,,1,20,,124030,11,,,1,20,,124031,11,,,1,60,,124032,11,,,1,20,,124033,11,,,1,20,,124034,11,,,1,60,,124035,11,,,1,20,,124036,11,,,1,20,,124037,11,,,1,60,,124038,11,,,1,20,,124039,11,,,1,20,,124040,11,,,1,61,,124042,15,,,1,20,,124043,15,,,1,20,,124044,15,,,1,61,,124045,15,,,1,21,,124046,15,,,1,20,,124047,15,,,1,60,,124048,15,,,1,20,,124049,15,,,1,20,,124050,15,,,1,60,,124051,15,,,1,20,,124052,15,,,1,20,,124053,15,,,1,60,,124054,15,,,1,20,,124055,15,,,1,19,,124068,15,,,1,58,,124056,15,,,1,20,,124057,15,,,1,20,,124058,15,,,1,60,,124059,15,,,1,20,,124060,15,,,1,20,,124061,15,,,1,60,,124062,15,,,1,20,,124063,15,,,1,20,,124064,15,,,1,60,,124069,15,,,1,18,,124065,15,,,1,100,,124066,15,,,1,100,,124067,15,,,1
12101,'121-Weekday-3-26-04-1111100',532,,124103,11,,,1,70,,124132,11,,,1,21,,124134,12,,,1,8,,124081,11,,,1,12,,124133,12,,,1,8,,124082,11,,,1,52,,124135,12,,,1,8,,124083,11,,,1,12,,124136,12,,,1,8,,124084,11,,,1,6,,124141,12,,,1,6,,124138,12,,,1,8,,124085,11,,,1,8,,124142,12,,,1,44,,124140,12,,,1,8,,124086,11,,,1,12,,124137,12,,,1,8,,124087,11,,,1,12,,124139,12,,,1,58,,124088,11,,,1,31,,124089,11,,,1,20,,124090,11,,,1,60,,124091,11,,,1,20,,124092,11,,,1,20,,124093,11,,,1,60,,124094,11,,,1,20,,124095,11,,,1,20,,124096,11,,,1,60,,124097,11,,,1,20,,124098,11,,,1,20,,124099,11,,,1,60,,124100,11,,,1,20,,124101,11,,,1,20,,124102,11,,,1,61,,124104,15,,,1,20,,124105,15,,,1,20,,124106,15,,,1,61,,124107,15,,,1,21,,124108,15,,,1,20,,124109,15,,,1,60,,124110,15,,,1,20,,124111,15,,,1,20,,124112,15,,,1,60,,124113,15,,,1,20,,124114,15,,,1,20,,124115,15,,,1,60,,124116,15,,,1,20,,124117,15,,,1,19,,124130,15,,,1,58,,124118,15,,,1,20,,124119,15,,,1,20,,124120,15,,,1,60,,124121,15,,,1,20,,124122,15,,,1,20,,124123,15,,,1,60,,124124,15,,,1,20,,124125,15,,,1,20,,124126,15,,,1,60,,124131,15,,,1,18,,124127,15,,,1,100,,124128,15,,,1,100,,124129,15,,,1
12101,'121-Saturday-1-26-04-0000010',632,,124143,11,,,1,100,,124144,11,,,1,100,,124145,11,,,1,20,,124147,11,,,1,61,,124173,11,,,1,21,,124148,11,,,1,20,,124149,11,,,1,60,,124174,11,,,1,20,,124150,11,,,1,20,,124151,11,,,1,60,,124175,11,,,1,20,,124152,11,,,1,20,,124153,11,,,1,60,,124176,11,,,1,20,,124155,11,,,1,20,,124156,11,,,1,60,,124177,11,,,1,20,,124157,11,,,1,20,,124154,11,,,1,60,,124178,11,,,1,20,,124158,15,,,1,20,,124159,15,,,1,60,,124179,15,,,1,20,,124160,15,,,1,20,,124161,15,,,1,60,,124180,15,,,1,20,,124162,15,,,1,20,,124163,15,,,1,60,,124181,15,,,1,20,,124164,15,,,1,20,,124165,15,,,1,60,,124182,15,,,1,20,,124166,15,,,1,20,,124167,15,,,1,60,,124183,15,,,1,20,,124168,15,,,1,100,,124169,15,,,1,100,,124170,15,,,1,100,,124171,15,,,1,100,,124146,15,,,1,100,,124172,15,,,1
12101,'121-Sunday-1-26-04-0000001',631,,124184,11,,,1,100,,124185,11,,,1,100,,124186,11,,,1,103,,124187,11,,,1,100,,124188,11,,,1,70,,124189,11,,,1,30,,124190,11,,,1,70,,124191,11,,,1,30,,124192,11,,,1,70,,124194,11,,,1,30,,124195,11,,,1,70,,124196,11,,,1,30,,124193,15,,,1,70,,124197,15,,,1,30,,124198,15,,,1,70,,124199,15,,,1,30,,124200,15,,,1,70,,124201,15,,,1,27,,124202,15,,,1,70,,124203,15,,,1,30,,124204,15,,,1,70,,124205,15,,,1,30,,124206,15,,,1,100,,124207,15,,,1,100,,124208,15,,,1,100,,124209,15,,,1,100,,124210,15,,,1
