70200,'702-Weekday-1-26-06-1111100',537,,178059,7,,,1,70,,178060,7,,,1,32,,178061,7,,,1,70,,178062,7,,,1,30,,178091,7,,,1,20,,178063,7,,,1,60,,178092,7,,,1,20,,178064,7,,,1,20,,178065,7,,,1,69,,178066,7,,,1,30,,178067,7,,,1,70,,178068,7,,,1,30,,178069,7,,,1,70,,178070,7,,,1,30,,178071,7,,,1,70,,178072,7,,,1,30,,178073,7,,,1,70,,178074,7,,,1,30,,178075,7,,,1,65,,178093,7,,,1,25,,178076,7,,,1,71,,178077,7,,,1,30,,178078,7,,,1,70,,178079,7,,,1,30,,178080,7,,,1,70,,178081,7,,,1,30,,178082,7,,,1,70,,178083,7,,,1,29,,178084,7,,,1,70,,178085,7,,,1,30,,178086,7,,,1,70,,178087,7,,,1,30,,178088,7,,,1,70,,178089,7,,,1,30,,178090,7,,,1
70200,'702-Weekday-2-26-06-1111100',537,,197433,7,,,1,70,,197434,7,,,1,32,,197435,7,,,1,70,,197436,7,,,1,30,,197465,7,,,1,20,,197437,7,,,1,60,,197466,7,,,1,20,,197438,7,,,1,20,,197439,7,,,1,69,,197440,7,,,1,30,,197441,7,,,1,70,,197442,7,,,1,30,,197443,7,,,1,70,,197444,7,,,1,30,,197445,7,,,1,70,,197446,7,,,1,30,,197447,7,,,1,70,,197448,7,,,1,30,,197449,7,,,1,65,,197467,7,,,1,25,,197450,7,,,1,71,,197451,7,,,1,30,,197452,7,,,1,70,,197453,7,,,1,30,,197454,7,,,1,70,,197455,7,,,1,30,,197456,7,,,1,70,,197457,7,,,1,29,,197458,7,,,1,70,,197459,7,,,1,30,,197460,7,,,1,70,,197461,7,,,1,30,,197462,7,,,1,70,,197463,7,,,1,30,,197464,7,,,1
70200,'702-Saturday-1-26-06-0000010',758,,178094,7,,,1,70,,178095,7,,,1,30,,178096,7,,,1,71,,178097,7,,,1,30,,178098,7,,,1,70,,178099,7,,,1,30,,178100,7,,,1,70,,178101,7,,,1,30,,178102,7,,,1,70,,178103,7,,,1,30,,178104,7,,,1,70,,178105,7,,,1,30,,178106,7,,,1,70,,178107,7,,,1,30,,178108,7,,,1,70,,178109,7,,,1,30,,178110,7,,,1,70,,178111,7,,,1,30,,178112,7,,,1,70,,178113,7,,,1,30,,178114,7,,,1,70,,178115,7,,,1,30,,178116,7,,,1,70,,178117,7,,,1,100,,178118,7,,,1
70200,'702-Sunday-1-26-06-0000001',908,,178119,7,,,1,100,,178120,7,,,1,30,,178121,7,,,1,70,,178122,7,,,1,30,,178123,7,,,1,70,,178124,7,,,1,30,,178125,7,,,1,70,,178126,7,,,1,30,,178127,7,,,1,70,,178128,7,,,1,30,,178129,7,,,1,70,,178130,7,,,1,30,,178131,7,,,1,70,,178132,7,,,1,30,,178133,7,,,1,70,,178134,7,,,1,30,,178135,7,,,1,70,,178136,7,,,1,30,,178137,7,,,1,70,,178138,7,,,1
70200,'702-Sunday-2-26-06-0000001',908,,197468,7,,,1,100,,197469,7,,,1,30,,197470,7,,,1,70,,197471,7,,,1,30,,197472,7,,,1,70,,197473,7,,,1,30,,197474,7,,,1,70,,197475,7,,,1,30,,197476,7,,,1,70,,197477,7,,,1,30,,197478,7,,,1,70,,197479,7,,,1,30,,197480,7,,,1,70,,197481,7,,,1,30,,197482,7,,,1,70,,197483,7,,,1,30,,197484,7,,,1,70,,197485,7,,,1,30,,197486,7,,,1,70,,197487,7,,,1
70701,'707-Weekday-1-26-06-1111100',538,,179165,7,,,1,70,,179166,7,,,1,33,,179167,7,,,1,70,,179168,7,,,1,30,,179205,7,,,1,70,,179206,7,,,1,19,,179207,7,,,1,20,,179208,7,,,1,58,,179209,7,,,1,20,,179169,7,,,1,20,,179170,7,,,1,60,,179171,7,,,1,20,,179172,7,,,1,20,,179173,7,,,1,60,,179174,7,,,1,20,,179175,7,,,1,20,,179176,7,,,1,60,,179177,7,,,1,20,,179178,7,,,1,20,,179179,7,,,1,60,,179180,7,,,1,20,,179181,7,,,1,20,,179182,7,,,1,60,,179183,7,,,1,20,,179184,7,,,1,20,,179185,7,,,1,63,,179211,7,,,1,19,,179186,7,,,1,15,,179187,7,,,1,55,,179188,7,,,1,15,,179189,7,,,1,15,,179190,7,,,1,15,,179191,7,,,1,55,,179192,7,,,1,15,,179193,7,,,1,20,,179204,7,,,1,70,,179194,7,,,1,28,,179195,7,,,1,69,,179196,7,,,1,30,,179197,7,,,1,70,,179198,7,,,1,30,,179199,7,,,1,70,,179200,7,,,1,30,,179203,7,,,1,70,,179210,7,,,1,54,,179201,7,,,1,100,,179202,7,,,1
70701,'707-Weekday-4-26-06-1111100',538,,198099,7,,,1,70,,198100,7,,,1,33,,198101,7,,,1,70,,198102,7,,,1,30,,198139,7,,,1,70,,198140,7,,,1,19,,198141,7,,,1,20,,198142,7,,,1,58,,198143,7,,,1,20,,198103,7,,,1,20,,198104,7,,,1,60,,198105,7,,,1,20,,198106,7,,,1,20,,198107,7,,,1,60,,198108,7,,,1,20,,198109,7,,,1,20,,198110,7,,,1,60,,198111,7,,,1,20,,198112,7,,,1,20,,198113,7,,,1,60,,198114,7,,,1,20,,198115,7,,,1,20,,198116,7,,,1,60,,198117,7,,,1,20,,198118,7,,,1,20,,198119,7,,,1,63,,198145,7,,,1,19,,198120,7,,,1,15,,198121,7,,,1,55,,198122,7,,,1,15,,198123,7,,,1,15,,198124,7,,,1,15,,198125,7,,,1,55,,198126,7,,,1,15,,198127,7,,,1,20,,198138,7,,,1,70,,198128,7,,,1,28,,198129,7,,,1,69,,198130,7,,,1,30,,198131,7,,,1,70,,198132,7,,,1,30,,198133,7,,,1,70,,198134,7,,,1,30,,198137,7,,,1,70,,198144,7,,,1,54,,198135,7,,,1,100,,198136,7,,,1
70701,'707-Saturday-1-26-06-0000010',615,,179260,7,,,1,100,,179261,7,,,1,100,,179262,7,,,1,43,,179263,7,,,1,70,,179264,7,,,1,30,,179265,7,,,1,70,,179266,7,,,1,30,,179267,7,,,1,70,,179268,7,,,1,30,,179269,7,,,1,70,,179270,7,,,1,30,,179271,7,,,1,70,,179272,7,,,1,30,,179273,7,,,1,70,,179274,7,,,1,30,,179275,7,,,1,70,,179276,7,,,1,30,,179277,7,,,1,70,,179278,7,,,1,30,,179279,7,,,1,70,,179280,7,,,1,30,,179281,7,,,1,70,,179282,7,,,1,30,,179283,7,,,1,70,,179284,7,,,1,87,,179285,7,,,1,100,,179286,7,,,1,100,,179287,7,,,1
70701,'707-Sunday-1-26-06-0000001',619,,179290,7,,,1,106,,179304,7,,,1,100,,179291,7,,,1,101,,179305,7,,,1,98,,179292,7,,,1,30,,179306,7,,,1,70,,179293,7,,,1,30,,179307,7,,,1,70,,179294,7,,,1,30,,179308,7,,,1,70,,179295,7,,,1,30,,179309,7,,,1,70,,179296,7,,,1,30,,179310,7,,,1,70,,179297,7,,,1,30,,179311,7,,,1,70,,179298,7,,,1,32,,179288,7,,,1,69,,179299,7,,,1,30,,179302,7,,,1,70,,179300,7,,,1,30,,179289,7,,,1,70,,179301,7,,,1,100,,179303,7,,,1,100,,179312,7,,,1
70701,'707-Sunday-2-26-06-0000001',619,,198148,7,,,1,106,,198162,7,,,1,100,,198149,7,,,1,101,,198163,7,,,1,98,,198150,7,,,1,30,,198164,7,,,1,70,,198151,7,,,1,30,,198165,7,,,1,70,,198152,7,,,1,30,,198166,7,,,1,70,,198153,7,,,1,30,,198167,7,,,1,70,,198154,7,,,1,30,,198168,7,,,1,70,,198155,7,,,1,30,,198169,7,,,1,70,,198156,7,,,1,32,,198146,7,,,1,69,,198157,7,,,1,30,,198160,7,,,1,70,,198158,7,,,1,30,,198147,7,,,1,70,,198159,7,,,1,100,,198161,7,,,1,100,,198170,7,,,1
