5200,'052-Weekday-1-26-06-1111100',618,,166832,49,,,1,36,,166833,49,,,1,74,,166834,49,,,1,22,,166835,49,,,1,60,,166836,49,,,1,20,,166837,49,,,1,20,,166838,49,,,1,62,,166839,49,,,1,21,,166840,49,,,1,70,,166841,49,,,1,30,,166842,49,,,1,70,,166843,49,,,1,30,,166844,49,,,1,70,,166845,49,,,1,30,,166846,49,,,1,70,,166847,49,,,1,30,,166848,49,,,1,70,,166849,49,,,1,31,,166850,49,,,1,81,,166851,49,,,1,29,,166852,49,,,1,57,,166853,49,,,1,15,,166854,49,,,1,14,,166855,49,,,1,11,,166856,49,,,1,12,,166857,49,,,1,53,,166858,49,,,1,13,,166859,49,,,1,15,,166860,49,,,1,15,,166861,49,,,1,55,,166862,49,,,1,29,,166863,49,,,1,23,,166864,49,,,1,68,,166865,49,,,1,30,,166866,49,,,1,70,,166867,49,,,1,30,,166868,49,,,1,70,,166869,49,,,1,29,,166870,49,,,1,69,,166871,49,,,1,29,,166872,49,,,1,100,,166873,49,,,1,100,,166874,49,,,1
5200,'052-Saturday-1-26-06-0000010',700,,166875,49,,,1,100,,166876,49,,,1,42,,166877,49,,,1,63,,166878,49,,,1,31,,166879,49,,,1,72,,166880,49,,,1,30,,166881,49,,,1,70,,166882,49,,,1,30,,166883,49,,,1,70,,166884,49,,,1,30,,166885,49,,,1,70,,166886,49,,,1,30,,166887,49,,,1,70,,166888,49,,,1,30,,166889,49,,,1,70,,166890,49,,,1,30,,166892,49,,,1,70,,166893,49,,,1,30,,166894,49,,,1,70,,166891,49,,,1,33,,166895,49,,,1,69,,166896,49,,,1,30,,166897,49,,,1,70,,166898,49,,,1,30,,166899,49,,,1,70,,166900,49,,,1,95,,166901,49,,,1,100,,166902,49,,,1,100,,166903,49,,,1,100,,166904,49,,,1
5200,'052-Sunday-1-26-06-0000001',802,,166905,49,,,1,100,,166906,49,,,1,104,,166907,49,,,1,100,,166908,49,,,1,30,,166909,49,,,1,70,,166911,49,,,1,30,,166912,49,,,1,70,,166913,49,,,1,30,,166910,49,,,1,70,,166914,49,,,1,30,,166916,49,,,1,70,,166917,49,,,1,30,,166918,49,,,1,70,,166915,49,,,1,30,,166919,49,,,1,70,,166920,49,,,1,31,,166921,49,,,1,70,,166922,49,,,1,30,,166923,49,,,1,70,,166924,49,,,1,30,,166928,49,,,1,70,,166925,49,,,1,100,,166926,49,,,1,100,,166927,49,,,1,100,,166929,49,,,1
5200,'052-Sunday-2-26-06-0000001',802,,166930,49,,,1,100,,166931,49,,,1,104,,166932,49,,,1,100,,166933,49,,,1,30,,166934,49,,,1,70,,166936,49,,,1,30,,166937,49,,,1,70,,166938,49,,,1,30,,166935,49,,,1,70,,166939,49,,,1,30,,166941,49,,,1,70,,166942,49,,,1,30,,166943,49,,,1,70,,166940,49,,,1,30,,166944,49,,,1,70,,166945,49,,,1,31,,166946,49,,,1,70,,166947,49,,,1,30,,166948,49,,,1,70,,166949,49,,,1,30,,166953,49,,,1,70,,166950,49,,,1,100,,166951,49,,,1,100,,166952,49,,,1,100,,166954,49,,,1,100,,166955,49,,,1,100,,166956,49,,,1
5400,'054-Weekday-1-26-06-1111100',522,,167612,40,,,1,30,,167576,40,,,1,56,,167623,40,,,1,14,,167577,40,,,1,16,,167622,40,,,1,16,,167578,40,,,1,56,,167607,40,,,1,15,,167608,40,,,1,15,,167609,40,,,1,16,,167610,40,,,1,55,,167611,40,,,1,15,,167579,40,,,1,31,,167613,40,,,1,67,,167580,40,,,1,31,,167581,40,,,1,70,,167582,40,,,1,30,,167583,40,,,1,70,,167584,40,,,1,30,,167585,40,,,1,70,,167586,40,,,1,30,,167587,40,,,1,70,,167588,40,,,1,30,,167589,40,,,1,70,,167590,40,,,1,30,,167591,40,,,1,69,,167592,40,,,1,15,,167614,40,,,1,16,,167593,40,,,1,57,,167594,40,,,1,16,,167595,40,,,1,15,,167596,40,,,1,7,,167621,40,,,1,8,,167597,40,,,1,55,,167616,40,,,1,15,,167617,40,,,1,14,,167598,40,,,1,17,,167615,40,,,1,67,,167599,40,,,1,28,,167600,40,,,1,70,,167601,40,,,1,30,,167602,40,,,1,70,,167603,40,,,1,30,,167604,40,,,1,70,,167605,40,,,1,30,,167606,40,,,1,69,,167618,40,,,1,100,,167619,40,,,1,100,,167620,40,,,1
5400,'054-Saturday-1-26-06-0000010',619,,167624,40,,,1,30,,167625,40,,,1,70,,167626,40,,,1,30,,167627,40,,,1,70,,167628,40,,,1,30,,167629,40,,,1,61,,167630,40,,,1,21,,167631,40,,,1,20,,167632,40,,,1,60,,167633,40,,,1,20,,167634,40,,,1,20,,167635,40,,,1,60,,167636,40,,,1,20,,167637,40,,,1,20,,167638,40,,,1,60,,167639,40,,,1,20,,167640,40,,,1,20,,167641,40,,,1,60,,167642,40,,,1,20,,167643,40,,,1,20,,167644,40,,,1,60,,167645,40,,,1,20,,167646,40,,,1,20,,167647,40,,,1,60,,167648,40,,,1,20,,167649,40,,,1,20,,167650,40,,,1,60,,167651,40,,,1,20,,167652,40,,,1,20,,167653,40,,,1,60,,167654,40,,,1,22,,167655,40,,,1,20,,167656,40,,,1,60,,167657,40,,,1,20,,167658,40,,,1,20,,167659,40,,,1,60,,167660,40,,,1,20,,167661,40,,,1,20,,167662,40,,,1,60,,167663,40,,,1,20,,167664,40,,,1,20,,167665,40,,,1,60,,167666,40,,,1,20,,167667,40,,,1,20,,167668,40,,,1,70,,167669,40,,,1,100,,167670,40,,,1,100,,167671,40,,,1
5400,'054-Sunday-1-26-06-0000001',719,,167672,40,,,1,30,,167673,40,,,1,70,,167674,40,,,1,30,,167675,40,,,1,71,,167676,40,,,1,30,,167677,40,,,1,65,,167678,40,,,1,20,,167679,40,,,1,20,,167680,40,,,1,60,,167681,40,,,1,20,,167682,40,,,1,20,,167683,40,,,1,60,,167684,40,,,1,20,,167685,40,,,1,20,,167686,40,,,1,60,,167687,40,,,1,20,,167688,40,,,1,20,,167689,40,,,1,60,,167690,40,,,1,20,,167691,40,,,1,20,,167692,40,,,1,60,,167693,40,,,1,20,,167694,40,,,1,20,,167695,40,,,1,60,,167696,40,,,1,20,,167697,40,,,1,20,,167698,40,,,1,63,,167699,40,,,1,21,,167700,40,,,1,20,,167701,40,,,1,60,,167702,40,,,1,20,,167703,40,,,1,20,,167704,40,,,1,65,,167705,40,,,1,30,,167706,40,,,1,70,,167707,40,,,1,30,,167708,40,,,1,70,,167709,40,,,1,30,,167710,40,,,1,70,,167711,40,,,1,100,,167712,40,,,1,100,,167713,40,,,1
68400,'684-Weekday-3-26-06-1110100',1601,,177757,20,,,1
68400,'684-Weekday-3-26-06-1111100',1531,,177758,24,,,1
90500,'905-Weekday-1-26-06-1111100',601,,183652,34,,,1,30,,183653,34,,,1,72,,183654,34,,,1,31,,183655,34,,,1,70,,183656,34,,,1,30,,183657,34,,,1,70,,183658,34,,,1,597,,183659,34,,,1,31,,183660,34,,,1,72,,183661,34,,,1,30,,183662,34,,,1,70,,183663,34,,,1,30,,183664,34,,,1,70,,183665,34,,,1
