11701,'117-Weekday-1-26-02-1111100',542,,38542,18,,,1,70,,38543,18,,,1,33,,38544,18,,,1,60,,38545,18,,,1,20,,38546,18,,,1,20,,38547,18,,,1,60,,38548,18,,,1,20,,38549,18,,,1,20,,38550,18,,,1,68,,38551,18,,,1,30,,38552,18,,,1,70,,38553,18,,,1,30,,38554,18,,,1,70,,38555,18,,,1,30,,38556,18,,,1,70,,38557,18,,,1,30,,38558,18,,,1,70,,38559,18,,,1,30,,38560,18,,,1,70,,38561,18,,,1,30,,38562,18,,,1,60,,38563,18,,,1,21,,38564,18,,,1,20,,38565,18,,,1,60,,38566,18,,,1,20,,38567,18,,,1,20,,38568,18,,,1,60,,38569,18,,,1,20,,38570,18,,,1,20,,38571,18,,,1,70,,38572,18,,,1,30,,38573,18,,,1,70,,38574,18,,,1,30,,38575,18,,,1,70,,38576,18,,,1,30,,38577,18,,,1,70,,38578,18,,,1,30,,38579,18,,,1,70,,38580,18,,,1
11701,'117-Weekday-10-26-02-1111100',542,,38581,18,,,1,70,,38582,18,,,1,33,,38583,18,,,1,60,,38584,18,,,1,20,,38585,18,,,1,20,,38586,18,,,1,60,,38587,18,,,1,20,,38588,18,,,1,20,,38589,18,,,1,68,,38590,18,,,1,30,,38591,18,,,1,70,,38592,18,,,1,30,,38593,18,,,1,70,,38594,18,,,1,30,,38595,18,,,1,70,,38596,18,,,1,30,,38597,18,,,1,70,,38598,18,,,1,30,,38599,18,,,1,70,,38600,18,,,1,30,,38601,18,,,1,60,,38602,18,,,1,21,,38603,18,,,1,20,,38604,18,,,1,60,,38605,18,,,1,20,,38606,18,,,1,20,,38607,18,,,1,60,,38608,18,,,1,20,,38609,18,,,1,20,,38610,18,,,1,70,,38611,18,,,1,30,,38612,18,,,1,70,,38613,18,,,1,30,,38614,18,,,1,70,,38615,18,,,1,30,,38616,18,,,1,70,,38617,18,,,1,30,,38618,18,,,1,70,,38619,18,,,1
11701,'117-Saturday-1-26-02-0000010',630,,38893,18,,,1,100,,38894,18,,,1,100,,38895,18,,,1,79,,38896,18,,,1,29,,38897,18,,,1,70,,38898,18,,,1,30,,38899,18,,,1,70,,38900,18,,,1,30,,38901,18,,,1,70,,38902,18,,,1,30,,38903,18,,,1,70,,38904,18,,,1,30,,38905,18,,,1,70,,38906,18,,,1,30,,38907,18,,,1,70,,38908,18,,,1,30,,38909,18,,,1,70,,38910,18,,,1,30,,38911,18,,,1,70,,38912,18,,,1,30,,38913,18,,,1,70,,38914,18,,,1,30,,38915,18,,,1,70,,38916,18,,,1,30,,38917,18,,,1,70,,38918,18,,,1,30,,38919,18,,,1,70,,38920,18,,,1,30,,38921,18,,,1,70,,38922,18,,,1
11801,'118-Weekday-1-26-02-1111100',541,,39363,27,,,1,70,,39364,27,,,1,36,,39402,27,,,1,60,,39398,27,,,1,20,,39366,27,,,1,22,,39399,27,,,1,58,,39367,27,,,1,20,,39368,27,,,1,22,,39400,27,,,1,69,,39370,27,,,1,29,,39369,27,,,1,70,,39371,27,,,1,30,,39372,27,,,1,70,,39373,27,,,1,30,,39374,27,,,1,70,,39375,27,,,1,30,,39376,27,,,1,70,,39377,27,,,1,30,,39378,27,,,1,70,,39379,27,,,1,30,,39380,27,,,1,72,,39381,27,,,1,31,,39382,27,,,1,55,,39383,27,,,1,15,,39384,27,,,1,15,,39385,27,,,1,15,,39401,27,,,1,55,,39386,27,,,1,15,,39387,27,,,1,14,,39388,27,,,1,15,,39397,27,,,1,71,,39389,27,,,1,28,,39390,27,,,1,69,,39391,27,,,1,30,,39392,27,,,1,70,,39393,27,,,1,30,,39394,27,,,1,70,,39395,27,,,1,30,,39396,27,,,1,69,,39365,27,,,1
11801,'118-Weekday-10-26-02-1111100',541,,39403,27,,,1,70,,39404,27,,,1,36,,39442,27,,,1,60,,39438,27,,,1,20,,39406,27,,,1,22,,39439,27,,,1,58,,39407,27,,,1,20,,39408,27,,,1,22,,39440,27,,,1,69,,39410,27,,,1,29,,39409,27,,,1,70,,39411,27,,,1,30,,39412,27,,,1,70,,39413,27,,,1,30,,39414,27,,,1,70,,39415,27,,,1,30,,39416,27,,,1,70,,39417,27,,,1,30,,39418,27,,,1,70,,39419,27,,,1,30,,39420,27,,,1,72,,39421,27,,,1,31,,39422,27,,,1,55,,39423,27,,,1,15,,39424,27,,,1,15,,39425,27,,,1,15,,39441,27,,,1,55,,39426,27,,,1,15,,39427,27,,,1,14,,39428,27,,,1,15,,39437,27,,,1,71,,39429,27,,,1,28,,39430,27,,,1,69,,39431,27,,,1,30,,39432,27,,,1,70,,39433,27,,,1,30,,39434,27,,,1,70,,39435,27,,,1,30,,39436,27,,,1,69,,39405,27,,,1
11801,'118-Saturday-1-26-02-0000010',702,,39723,27,,,1,100,,39724,27,,,1,45,,39725,27,,,1,78,,39726,27,,,1,29,,39727,27,,,1,70,,39728,27,,,1,30,,39729,27,,,1,70,,39730,27,,,1,30,,39731,27,,,1,70,,39732,27,,,1,30,,39733,27,,,1,70,,39734,27,,,1,30,,39735,27,,,1,70,,39736,27,,,1,30,,39737,27,,,1,70,,39738,27,,,1,30,,39739,27,,,1,70,,39740,27,,,1,30,,39741,27,,,1,69,,39742,27,,,1,30,,39743,27,,,1,70,,39744,27,,,1,30,,39745,27,,,1,70,,39746,27,,,1,30,,39747,27,,,1
61201,'612-Weekday-1-26-02-1111100',733,,60432,26,,,1
61201,'612-Weekday-9-26-02-1111100',733,,60437,26,,,1
62100,'621-Weekday-1-26-02-1110100',1516,,60620,7,,,1
62100,'621-Weekday-1-26-02-1111100',1540,,60621,7,,,1
62100,'621-Weekday-9-26-02-0001000',1207,,60631,7,,,1
62100,'621-Weekday-9-26-02-1111100',1540,,60632,7,,,1
