52501,'525-Weekday-1-26-02-1111100',935,,58747,11,,,1,70,,58748,11,,,1,30,,58749,11,,,1,70,,58750,11,,,1,30,,58751,11,,,1,70,,58752,11,,,1,30,,58753,11,,,1,70,,58754,11,,,1,30,,58755,11,,,1,70,,58756,11,,,1,30,,58757,11,,,1,101,,58758,11,,,1,100,,58759,11,,,1,100,,58760,11,,,1
52501,'525-Weekday-10-26-02-1111100',935,,58761,11,,,1,70,,58762,11,,,1,30,,58763,11,,,1,70,,58764,11,,,1,30,,58765,11,,,1,70,,58766,11,,,1,30,,58767,11,,,1,70,,58768,11,,,1,30,,58769,11,,,1,70,,58770,11,,,1,30,,58771,11,,,1,101,,58772,11,,,1,100,,58773,11,,,1,100,,58774,11,,,1
52501,'525-Weekday-2-26-02-1111100',935,,58775,11,,,1,70,,58776,11,,,1,30,,58777,11,,,1,70,,58778,11,,,1,30,,58779,11,,,1,70,,58780,11,,,1,30,,58781,11,,,1,70,,58782,11,,,1,30,,58783,11,,,1,70,,58784,11,,,1,30,,58785,11,,,1,101,,58786,11,,,1,100,,58787,11,,,1,100,,58788,11,,,1
52501,'525-Weekday-4-26-02-1111100',935,,58789,11,,,1,70,,58790,11,,,1,30,,58791,11,,,1,70,,58792,11,,,1,30,,58793,11,,,1,70,,58794,11,,,1,30,,58795,11,,,1,70,,58796,11,,,1,30,,58797,11,,,1,70,,58798,11,,,1,30,,58799,11,,,1,101,,58800,11,,,1,100,,58801,11,,,1,100,,58802,11,,,1
52501,'525-Weekday-5-26-02-1111100',935,,58803,11,,,1,70,,58804,11,,,1,30,,58805,11,,,1,70,,58806,11,,,1,30,,58807,11,,,1,70,,58808,11,,,1,30,,58809,11,,,1,70,,58810,11,,,1,30,,58811,11,,,1,70,,58812,11,,,1,30,,58813,11,,,1,101,,58814,11,,,1,100,,58815,11,,,1,100,,58816,11,,,1
52501,'525-Weekday-6-26-02-1111100',935,,58817,11,,,1,70,,58818,11,,,1,30,,58819,11,,,1,70,,58820,11,,,1,30,,58821,11,,,1,70,,58822,11,,,1,30,,58823,11,,,1,70,,58824,11,,,1,30,,58825,11,,,1,70,,58826,11,,,1,30,,58827,11,,,1,101,,58828,11,,,1,100,,58829,11,,,1,100,,58830,11,,,1
52501,'525-Weekday-7-26-02-1111100',935,,58831,11,,,1,70,,58832,11,,,1,30,,58833,11,,,1,70,,58834,11,,,1,30,,58835,11,,,1,70,,58836,11,,,1,30,,58837,11,,,1,70,,58838,11,,,1,30,,58839,11,,,1,70,,58840,11,,,1,30,,58841,11,,,1,101,,58842,11,,,1,100,,58843,11,,,1,100,,58844,11,,,1
52501,'525-Weekday-8-26-02-1111100',935,,58845,11,,,1,70,,58846,11,,,1,30,,58847,11,,,1,70,,58848,11,,,1,30,,58849,11,,,1,70,,58850,11,,,1,30,,58851,11,,,1,70,,58852,11,,,1,30,,58853,11,,,1,70,,58854,11,,,1,30,,58855,11,,,1,101,,58856,11,,,1,100,,58857,11,,,1,100,,58858,11,,,1
52501,'525-Weekday-9-26-02-1111100',935,,58859,11,,,1,70,,58860,11,,,1,30,,58861,11,,,1,70,,58862,11,,,1,30,,58863,11,,,1,70,,58864,11,,,1,30,,58865,11,,,1,70,,58866,11,,,1,30,,58867,11,,,1,70,,58868,11,,,1,30,,58869,11,,,1,101,,58870,11,,,1,100,,58871,11,,,1,100,,58872,11,,,1
52501,'525-Saturday-1-26-02-0000010',1105,,58873,11,,,1,100,,58874,11,,,1,100,,58875,11,,,1,100,,58876,11,,,1,100,,58877,11,,,1,100,,58878,11,,,1,100,,58879,11,,,1
52501,'525-Sunday-1-26-02-0000001',1105,,58880,11,,,1,100,,58881,11,,,1,100,,58882,11,,,1,100,,58883,11,,,1,100,,58884,11,,,1,100,,58885,11,,,1
