5101,'051-Weekday-1-26-06-1111100',533,,166756,19,,,1,70,,166757,19,,,1,31,,166768,19,,,1,22,,166767,19,,,1,60,,166758,19,,,1,20,,166759,19,,,1,20,,166760,19,,,1,60,,166761,19,,,1,20,,166762,19,,,1,20,,166741,19,,,1,67,,166755,19,,,1,30,,166742,19,,,1,70,,166763,19,,,1,30,,166743,19,,,1,70,,166744,19,,,1,30,,166764,19,,,1,70,,166745,19,,,1,30,,166746,19,,,1,70,,166765,19,,,1,30,,166747,19,,,1,70,,166766,19,,,1,30,,166748,19,,,1,70,,166749,19,,,1,31,,166750,19,,,1,70,,166751,19,,,1,30,,166752,19,,,1,70,,166753,19,,,1,30,,166770,19,,,1,70,,166771,19,,,1,28,,166772,19,,,1,70,,166773,19,,,1,30,,166774,19,,,1,70,,166775,19,,,1,30,,166776,19,,,1,70,,166777,19,,,1,30,,166754,19,,,1,100,,166769,19,,,1
5101,'051-Weekday-2-26-06-1111100',533,,191492,19,,,1,70,,191493,19,,,1,31,,191504,19,,,1,22,,191503,19,,,1,60,,191494,19,,,1,20,,191495,19,,,1,20,,191496,19,,,1,60,,191497,19,,,1,20,,191498,19,,,1,20,,191477,19,,,1,67,,191491,19,,,1,30,,191478,19,,,1,70,,191499,19,,,1,30,,191479,19,,,1,70,,191480,19,,,1,30,,191500,19,,,1,70,,191481,19,,,1,30,,191482,19,,,1,70,,191501,19,,,1,30,,191483,19,,,1,70,,191502,19,,,1,30,,191484,19,,,1,70,,191485,19,,,1,31,,191486,19,,,1,70,,191487,19,,,1,30,,191488,19,,,1,70,,191489,19,,,1,30,,191506,19,,,1,70,,191507,19,,,1,28,,191508,19,,,1,70,,191509,19,,,1,30,,191510,19,,,1,70,,191511,19,,,1,30,,191512,19,,,1,70,,191513,19,,,1,30,,191490,19,,,1,100,,191505,19,,,1
5101,'051-Saturday-1-26-06-0000010',612,,166778,19,,,1,100,,166779,19,,,1,100,,166780,19,,,1,30,,166781,19,,,1,70,,166782,19,,,1,30,,166783,19,,,1,70,,166784,19,,,1,30,,166785,19,,,1,70,,166786,19,,,1,30,,166787,19,,,1,70,,166788,19,,,1,30,,166789,19,,,1,70,,166790,19,,,1,30,,166791,19,,,1,70,,166792,19,,,1,30,,166793,19,,,1,70,,166794,19,,,1,30,,166795,19,,,1,70,,166796,19,,,1,30,,166797,19,,,1,69,,166798,19,,,1,30,,166799,19,,,1,70,,166800,19,,,1,30,,166801,19,,,1,70,,166802,19,,,1,100,,166803,19,,,1,100,,166804,19,,,1,100,,166805,19,,,1
5101,'051-Sunday-1-26-06-0000001',712,,166825,19,,,1,100,,166826,19,,,1,101,,166827,19,,,1,30,,166830,19,,,1,70,,166806,19,,,1,30,,166807,19,,,1,70,,166808,19,,,1,30,,166809,19,,,1,70,,166810,19,,,1,30,,166811,19,,,1,70,,166812,19,,,1,30,,166813,19,,,1,70,,166814,19,,,1,30,,166815,19,,,1,70,,166816,19,,,1,30,,166817,19,,,1,70,,166818,19,,,1,30,,166819,19,,,1,69,,166820,19,,,1,30,,166821,19,,,1,70,,166822,19,,,1,30,,166823,19,,,1,70,,166824,19,,,1,100,,166828,19,,,1,100,,166829,19,,,1,100,,166831,19,,,1
5101,'051-Sunday-2-26-06-0000001',712,,191533,19,,,1,100,,191534,19,,,1,101,,191535,19,,,1,30,,191538,19,,,1,70,,191514,19,,,1,30,,191515,19,,,1,70,,191516,19,,,1,30,,191517,19,,,1,70,,191518,19,,,1,30,,191519,19,,,1,70,,191520,19,,,1,30,,191521,19,,,1,70,,191522,19,,,1,30,,191523,19,,,1,70,,191524,19,,,1,30,,191525,19,,,1,70,,191526,19,,,1,30,,191527,19,,,1,69,,191528,19,,,1,30,,191529,19,,,1,70,,191530,19,,,1,30,,191531,19,,,1,70,,191532,19,,,1,100,,191536,19,,,1,100,,191537,19,,,1,100,,191539,19,,,1
12401,'124-Weekday-1-26-06-1111100',547,,173822,39,,,1,70,,173823,39,,,1,35,,173847,39,,,1,62,,173824,39,,,1,20,,173825,39,,,1,20,,173826,39,,,1,60,,173827,39,,,1,20,,173828,39,,,1,20,,173817,39,,,1,68,,173839,39,,,1,29,,173840,39,,,1,70,,173841,39,,,1,30,,173842,39,,,1,70,,173843,39,,,1,30,,173829,39,,,1,70,,173830,39,,,1,30,,173831,39,,,1,70,,173832,39,,,1,30,,173833,39,,,1,70,,173834,39,,,1,30,,173835,39,,,1,71,,173818,39,,,1,25,,173844,39,,,1,60,,173845,39,,,1,20,,173846,39,,,1,20,,173837,39,,,1,60,,173838,39,,,1,20,,173836,39,,,1,20,,173819,39,,,1,70,,173821,39,,,1,28,,173820,39,,,1,66,,173848,39,,,1,27,,173849,39,,,1,68,,173850,39,,,1,30,,173851,39,,,1,70,,173852,39,,,1,30,,173853,39,,,1,69,,173854,39,,,1
12401,'124-Weekday-2-26-06-1111100',547,,194814,39,,,1,70,,194815,39,,,1,35,,194839,39,,,1,62,,194816,39,,,1,20,,194817,39,,,1,20,,194818,39,,,1,60,,194819,39,,,1,20,,194820,39,,,1,20,,194809,39,,,1,68,,194831,39,,,1,29,,194832,39,,,1,70,,194833,39,,,1,30,,194834,39,,,1,70,,194835,39,,,1,30,,194821,39,,,1,70,,194822,39,,,1,30,,194823,39,,,1,70,,194824,39,,,1,30,,194825,39,,,1,70,,194826,39,,,1,30,,194827,39,,,1,71,,194810,39,,,1,25,,194836,39,,,1,60,,194837,39,,,1,20,,194838,39,,,1,20,,194829,39,,,1,60,,194830,39,,,1,20,,194828,39,,,1,20,,194811,39,,,1,70,,194813,39,,,1,28,,194812,39,,,1,66,,194840,39,,,1,27,,194841,39,,,1,68,,194842,39,,,1,30,,194843,39,,,1,70,,194844,39,,,1,30,,194845,39,,,1,69,,194846,39,,,1
12401,'124-Saturday-1-26-06-0000010',823,,173855,39,,,1,30,,173856,39,,,1,72,,173857,39,,,1,30,,173858,39,,,1,70,,173859,39,,,1,30,,173860,39,,,1,70,,173861,39,,,1,30,,173862,39,,,1,70,,173863,39,,,1,30,,173864,39,,,1,70,,173865,39,,,1,30,,173866,39,,,1,70,,173867,39,,,1,30,,173868,39,,,1,70,,173869,39,,,1,30,,173870,39,,,1,70,,173871,39,,,1,30,,173872,39,,,1,75,,173873,39,,,1,70,,173874,39,,,1,30,,173875,39,,,1,28,,173876,39,,,1,69,,173877,39,,,1
12401,'124-Sunday-1-26-06-0000001',1013,,173878,39,,,1,30,,173879,39,,,1,70,,173880,39,,,1,29,,173881,39,,,1,70,,173882,39,,,1,30,,173883,39,,,1,70,,173884,39,,,1,30,,173885,39,,,1,70,,173886,39,,,1,30,,173887,39,,,1,70,,173888,39,,,1,30,,173889,39,,,1,70,,173891,39,,,1,30,,173892,39,,,1,69,,173893,39,,,1,31,,173890,39,,,1,70,,173894,39,,,1,30,,173895,39,,,1,71,,173896,39,,,1
12401,'124-Sunday-2-26-06-0000001',1013,,194847,39,,,1,30,,194848,39,,,1,70,,194849,39,,,1,29,,194850,39,,,1,70,,194851,39,,,1,30,,194852,39,,,1,70,,194853,39,,,1,30,,194854,39,,,1,70,,194855,39,,,1,30,,194856,39,,,1,70,,194857,39,,,1,30,,194858,39,,,1,70,,194860,39,,,1,30,,194861,39,,,1,69,,194862,39,,,1,31,,194859,39,,,1,70,,194863,39,,,1,30,,194864,39,,,1,71,,194865,39,,,1
24014001,'140X-Weekday-1-26-06-1111100',622,,187125,39,,,1,21,,187130,39,,,1,61,,187124,39,,,1,20,,187126,39,,,1,20,,187127,39,,,1,60,,187128,39,,,1,20,,187129,39,,,1,20,,187131,39,,,1
24014001,'140X-Weekday-2-26-06-1111100',622,,203029,39,,,1,21,,203034,39,,,1,61,,203028,39,,,1,20,,203030,39,,,1,20,,203031,39,,,1,60,,203032,39,,,1,20,,203033,39,,,1,20,,203035,39,,,1
