65900,'659-Weekday-1-26-04-0001000',1236,,131943,6,,,1
65900,'659-Weekday-1-26-04-1110100',1530,,131944,6,,,1
65900,'659-Weekday-3-26-04-0001000',1236,,131945,6,,,1
65900,'659-Weekday-3-26-04-1110100',1530,,131946,6,,,1
66700,'667-Weekday-1-26-04-0001000',1438,,132036,10,,,1,3,,132037,10,,,1
66700,'667-Weekday-1-26-04-1110100',1517,,132038,10,,,1,3,,132039,10,,,1
66700,'667-Weekday-2-26-04-1110100',1517,,132040,10,,,1,3,,132041,10,,,1
72100,'721-Weekday-1-26-04-0001000',1435,,138227,11,,,1
72100,'721-Weekday-1-26-04-1110100',1518,,138228,11,,,1,3,,138229,11,,,1
72100,'721-Weekday-1-26-04-1111100',508,,138283,17,,,1,20,,138284,17,,,1,20,,138285,17,,,1,60,,138286,17,,,1,18,,138230,11,,,1,12,,138287,17,,,1,10,,138231,11,,,1,9,,138296,17,,,1,48,,138288,17,,,1,7,,138232,11,,,1,8,,138289,17,,,1,7,,138233,11,,,1,8,,138290,17,,,1,7,,138234,11,,,1,8,,138291,17,,,1,7,,138235,11,,,1,48,,138292,17,,,1,7,,138236,11,,,1,8,,138293,17,,,1,7,,138237,11,,,1,8,,138294,17,,,1,7,,138238,11,,,1,8,,138295,17,,,1,7,,138239,11,,,1,54,,138240,11,,,1,14,,138241,11,,,1,20,,138242,11,,,1,60,,138243,11,,,1,20,,138244,11,,,1,20,,138245,11,,,1,60,,138246,11,,,1,20,,138247,11,,,1,20,,138248,11,,,1,60,,138249,11,,,1,20,,138250,11,,,1,20,,138251,11,,,1,60,,138252,11,,,1,20,,138253,11,,,1,20,,138254,11,,,1,60,,138255,11,,,1,20,,138256,11,,,1,20,,138257,11,,,1,60,,138258,11,,,1,23,,138259,11,,,1,22,,138274,11,,,1,60,,138275,11,,,1,20,,138276,11,,,1,20,,138277,11,,,1,60,,138278,11,,,1,20,,138279,11,,,1,20,,138280,11,,,1,60,,138281,11,,,1,20,,138282,11,,,1,20,,138297,11,,,1,57,,138260,11,,,1,20,,138261,11,,,1,20,,138262,11,,,1,60,,138263,11,,,1,20,,138264,11,,,1,20,,138265,11,,,1,60,,138266,11,,,1,20,,138267,11,,,1,20,,138268,11,,,1,59,,138269,11,,,1,30,,138270,11,,,1,70,,138271,11,,,1,30,,138272,11,,,1,70,,138273,11,,,1
72100,'721-Weekday-2-26-04-1110100',1518,,138298,11,,,1,3,,138299,11,,,1
72100,'721-Weekday-2-26-04-1111100',508,,138353,17,,,1,20,,138354,17,,,1,20,,138355,17,,,1,60,,138356,17,,,1,18,,138300,11,,,1,12,,138357,17,,,1,10,,138301,11,,,1,9,,138366,17,,,1,48,,138358,17,,,1,7,,138302,11,,,1,8,,138359,17,,,1,7,,138303,11,,,1,8,,138360,17,,,1,7,,138304,11,,,1,8,,138361,17,,,1,7,,138305,11,,,1,48,,138362,17,,,1,7,,138306,11,,,1,8,,138363,17,,,1,7,,138307,11,,,1,8,,138364,17,,,1,7,,138308,11,,,1,8,,138365,17,,,1,7,,138309,11,,,1,54,,138310,11,,,1,14,,138311,11,,,1,20,,138312,11,,,1,60,,138313,11,,,1,20,,138314,11,,,1,20,,138315,11,,,1,60,,138316,11,,,1,20,,138317,11,,,1,20,,138318,11,,,1,60,,138319,11,,,1,20,,138320,11,,,1,20,,138321,11,,,1,60,,138322,11,,,1,20,,138323,11,,,1,20,,138324,11,,,1,60,,138325,11,,,1,20,,138326,11,,,1,20,,138327,11,,,1,60,,138328,11,,,1,23,,138329,11,,,1,22,,138344,11,,,1,60,,138345,11,,,1,20,,138346,11,,,1,20,,138347,11,,,1,60,,138348,11,,,1,20,,138349,11,,,1,20,,138350,11,,,1,60,,138351,11,,,1,20,,138352,11,,,1,20,,138367,11,,,1,57,,138330,11,,,1,20,,138331,11,,,1,20,,138332,11,,,1,60,,138333,11,,,1,20,,138334,11,,,1,20,,138335,11,,,1,60,,138336,11,,,1,20,,138337,11,,,1,20,,138338,11,,,1,59,,138339,11,,,1,30,,138340,11,,,1,70,,138341,11,,,1,30,,138342,11,,,1,70,,138343,11,,,1
72100,'721-Weekday-3-26-04-1111100',508,,138421,17,,,1,20,,138422,17,,,1,20,,138423,17,,,1,60,,138424,17,,,1,18,,138368,11,,,1,12,,138425,17,,,1,10,,138369,11,,,1,9,,138434,17,,,1,48,,138426,17,,,1,7,,138370,11,,,1,8,,138427,17,,,1,7,,138371,11,,,1,8,,138428,17,,,1,7,,138372,11,,,1,8,,138429,17,,,1,7,,138373,11,,,1,48,,138430,17,,,1,7,,138374,11,,,1,8,,138431,17,,,1,7,,138375,11,,,1,8,,138432,17,,,1,7,,138376,11,,,1,8,,138433,17,,,1,7,,138377,11,,,1,54,,138378,11,,,1,14,,138379,11,,,1,20,,138380,11,,,1,60,,138381,11,,,1,20,,138382,11,,,1,20,,138383,11,,,1,60,,138384,11,,,1,20,,138385,11,,,1,20,,138386,11,,,1,60,,138387,11,,,1,20,,138388,11,,,1,20,,138389,11,,,1,60,,138390,11,,,1,20,,138391,11,,,1,20,,138392,11,,,1,60,,138393,11,,,1,20,,138394,11,,,1,20,,138395,11,,,1,60,,138396,11,,,1,23,,138397,11,,,1,22,,138412,11,,,1,60,,138413,11,,,1,20,,138414,11,,,1,20,,138415,11,,,1,60,,138416,11,,,1,20,,138417,11,,,1,20,,138418,11,,,1,60,,138419,11,,,1,20,,138420,11,,,1,20,,138435,11,,,1,57,,138398,11,,,1,20,,138399,11,,,1,20,,138400,11,,,1,60,,138401,11,,,1,20,,138402,11,,,1,20,,138403,11,,,1,60,,138404,11,,,1,20,,138405,11,,,1,20,,138406,11,,,1,59,,138407,11,,,1,30,,138408,11,,,1,70,,138409,11,,,1,30,,138410,11,,,1,70,,138411,11,,,1
72100,'721-Saturday-1-26-04-0000010',552,,138483,17,,,1,70,,138436,17,,,1,30,,138437,17,,,1,70,,138438,17,,,1,30,,138439,17,,,1,70,,138440,17,,,1,25,,138441,17,,,1,61,,138442,17,,,1,22,,138443,17,,,1,20,,138444,17,,,1,60,,138445,17,,,1,20,,138446,17,,,1,20,,138447,17,,,1,60,,138448,17,,,1,20,,138449,17,,,1,20,,138450,17,,,1,60,,138451,17,,,1,20,,138452,17,,,1,20,,138453,17,,,1,60,,138454,17,,,1,20,,138455,17,,,1,20,,138456,17,,,1,60,,138457,17,,,1,20,,138458,17,,,1,20,,138459,17,,,1,60,,138460,17,,,1,20,,138461,17,,,1,20,,138462,17,,,1,60,,138463,17,,,1,20,,138464,17,,,1,20,,138465,17,,,1,59,,138466,17,,,1,20,,138467,17,,,1,20,,138468,17,,,1,60,,138469,17,,,1,20,,138470,17,,,1,20,,138471,17,,,1,60,,138472,17,,,1,30,,138473,17,,,1,70,,138474,17,,,1,30,,138475,17,,,1,70,,138476,17,,,1,30,,138477,17,,,1,70,,138478,17,,,1,30,,138479,17,,,1,70,,138480,17,,,1,30,,138481,17,,,1,70,,138484,17,,,1
72100,'721-Sunday-1-26-04-0000001',613,,138519,17,,,1,30,,138508,17,,,1,70,,138503,17,,,1,30,,138502,17,,,1,70,,138504,17,,,1,30,,138501,17,,,1,69,,138507,17,,,1,31,,138505,17,,,1,70,,138493,17,,,1,30,,138513,17,,,1,70,,138488,17,,,1,30,,138486,17,,,1,70,,138492,17,,,1,30,,138491,17,,,1,67,,138485,17,,,1,30,,138489,17,,,1,70,,138490,17,,,1,30,,138516,17,,,1,70,,138498,17,,,1,30,,138518,17,,,1,70,,138515,17,,,1,30,,138512,17,,,1,70,,138509,17,,,1,31,,138510,17,,,1,70,,138506,17,,,1,30,,138517,17,,,1,70,,138511,17,,,1,30,,138514,17,,,1,70,,138494,17,,,1,30,,138497,17,,,1,70,,138496,17,,,1,30,,138495,17,,,1,100,,138500,17,,,1,100,,138499,17,,,1,100,,138487,17,,,1
