72701,'727-Weekday-1-26-02-0001000',1439,,80744,9,0,35 36,1
72701,'727-Weekday-1-26-02-1111100',547,,80745,15,,,1,70,,80746,15,,,1,30,,80747,15,,,1,70,,80748,15,,,1,30,,80749,15,,,1,70,,80750,15,,,1,704,,80751,15,,,1,31,,80752,15,,,1,70,,80753,15,,,1,30,,80754,15,,,1,70,,80755,15,,,1,30,,80756,15,,,1,69,,80757,15,,,1
72701,'727-Weekday-10-26-02-0001000',1439,,80758,9,0,35 36,1
72701,'727-Weekday-10-26-02-1111100',547,,80759,15,,,1,70,,80760,15,,,1,30,,80761,15,,,1,70,,80762,15,,,1,30,,80763,15,,,1,70,,80764,15,,,1,704,,80765,15,,,1,31,,80766,15,,,1,70,,80767,15,,,1,30,,80768,15,,,1,70,,80769,15,,,1,30,,80770,15,,,1,69,,80771,15,,,1
72701,'727-Weekday-2-26-02-0001000',1439,,80772,9,0,35 36,1
72701,'727-Weekday-2-26-02-1111100',547,,80773,15,,,1,70,,80774,15,,,1,30,,80775,15,,,1,70,,80776,15,,,1,30,,80777,15,,,1,70,,80778,15,,,1,704,,80779,15,,,1,31,,80780,15,,,1,70,,80781,15,,,1,30,,80782,15,,,1,70,,80783,15,,,1,30,,80784,15,,,1,69,,80785,15,,,1
72701,'727-Weekday-4-26-02-1111100',547,,80786,15,,,1,70,,80787,15,,,1,30,,80788,15,,,1,70,,80789,15,,,1,30,,80790,15,,,1,70,,80791,15,,,1,704,,80792,15,,,1,31,,80793,15,,,1,70,,80794,15,,,1,30,,80795,15,,,1,70,,80796,15,,,1,30,,80797,15,,,1,69,,80798,15,,,1
72701,'727-Weekday-5-26-02-0001000',1439,,80799,9,0,35 36,1
72701,'727-Weekday-5-26-02-1111100',547,,80800,15,,,1,70,,80801,15,,,1,30,,80802,15,,,1,70,,80803,15,,,1,30,,80804,15,,,1,70,,80805,15,,,1,704,,80806,15,,,1,31,,80807,15,,,1,70,,80808,15,,,1,30,,80809,15,,,1,70,,80810,15,,,1,30,,80811,15,,,1,69,,80812,15,,,1
72701,'727-Weekday-6-26-02-1111100',547,,80813,15,,,1,70,,80814,15,,,1,30,,80815,15,,,1,70,,80816,15,,,1,30,,80817,15,,,1,70,,80818,15,,,1,704,,80819,15,,,1,31,,80820,15,,,1,70,,80821,15,,,1,30,,80822,15,,,1,70,,80823,15,,,1,30,,80824,15,,,1,69,,80825,15,,,1
72701,'727-Weekday-7-26-02-1111100',547,,80826,15,,,1,70,,80827,15,,,1,30,,80828,15,,,1,70,,80829,15,,,1,30,,80830,15,,,1,70,,80831,15,,,1,704,,80832,15,,,1,31,,80833,15,,,1,70,,80834,15,,,1,30,,80835,15,,,1,70,,80836,15,,,1,30,,80837,15,,,1,69,,80838,15,,,1
72701,'727-Weekday-8-26-02-1111100',547,,80839,15,,,1,70,,80840,15,,,1,30,,80841,15,,,1,70,,80842,15,,,1,30,,80843,15,,,1,70,,80844,15,,,1,704,,80845,15,,,1,31,,80846,15,,,1,70,,80847,15,,,1,30,,80848,15,,,1,70,,80849,15,,,1,30,,80850,15,,,1,69,,80851,15,,,1
72701,'727-Weekday-9-26-02-1111100',547,,80852,15,,,1,70,,80853,15,,,1,30,,80854,15,,,1,70,,80855,15,,,1,30,,80856,15,,,1,70,,80857,15,,,1,704,,80858,15,,,1,31,,80859,15,,,1,70,,80860,15,,,1,30,,80861,15,,,1,70,,80862,15,,,1,30,,80863,15,,,1,69,,80864,15,,,1
