72701,'727-Weekday-1-26-02-0001000',1443,,80744,13,0,35 36,1
72701,'727-Weekday-1-26-02-1111100',550,,80745,19,,,1,70,,80746,19,,,1,30,,80747,19,,,1,70,,80748,19,,,1,30,,80749,19,,,1,70,,80750,19,,,1,704,,80751,19,,,1,31,,80752,19,,,1,70,,80753,19,,,1,30,,80754,19,,,1,70,,80755,19,,,1,30,,80756,19,,,1,68,,80757,19,,,1
72701,'727-Weekday-10-26-02-0001000',1443,,80758,13,0,35 36,1
72701,'727-Weekday-10-26-02-1111100',550,,80759,19,,,1,70,,80760,19,,,1,30,,80761,19,,,1,70,,80762,19,,,1,30,,80763,19,,,1,70,,80764,19,,,1,704,,80765,19,,,1,31,,80766,19,,,1,70,,80767,19,,,1,30,,80768,19,,,1,70,,80769,19,,,1,30,,80770,19,,,1,68,,80771,19,,,1
72701,'727-Weekday-2-26-02-0001000',1443,,80772,13,0,35 36,1
72701,'727-Weekday-2-26-02-1111100',550,,80773,19,,,1,70,,80774,19,,,1,30,,80775,19,,,1,70,,80776,19,,,1,30,,80777,19,,,1,70,,80778,19,,,1,704,,80779,19,,,1,31,,80780,19,,,1,70,,80781,19,,,1,30,,80782,19,,,1,70,,80783,19,,,1,30,,80784,19,,,1,68,,80785,19,,,1
72701,'727-Weekday-4-26-02-1111100',550,,80786,19,,,1,70,,80787,19,,,1,30,,80788,19,,,1,70,,80789,19,,,1,30,,80790,19,,,1,70,,80791,19,,,1,704,,80792,19,,,1,31,,80793,19,,,1,70,,80794,19,,,1,30,,80795,19,,,1,70,,80796,19,,,1,30,,80797,19,,,1,68,,80798,19,,,1
72701,'727-Weekday-5-26-02-0001000',1443,,80799,13,0,35 36,1
72701,'727-Weekday-5-26-02-1111100',550,,80800,19,,,1,70,,80801,19,,,1,30,,80802,19,,,1,70,,80803,19,,,1,30,,80804,19,,,1,70,,80805,19,,,1,704,,80806,19,,,1,31,,80807,19,,,1,70,,80808,19,,,1,30,,80809,19,,,1,70,,80810,19,,,1,30,,80811,19,,,1,68,,80812,19,,,1
72701,'727-Weekday-6-26-02-1111100',550,,80813,19,,,1,70,,80814,19,,,1,30,,80815,19,,,1,70,,80816,19,,,1,30,,80817,19,,,1,70,,80818,19,,,1,704,,80819,19,,,1,31,,80820,19,,,1,70,,80821,19,,,1,30,,80822,19,,,1,70,,80823,19,,,1,30,,80824,19,,,1,68,,80825,19,,,1
72701,'727-Weekday-7-26-02-1111100',550,,80826,19,,,1,70,,80827,19,,,1,30,,80828,19,,,1,70,,80829,19,,,1,30,,80830,19,,,1,70,,80831,19,,,1,704,,80832,19,,,1,31,,80833,19,,,1,70,,80834,19,,,1,30,,80835,19,,,1,70,,80836,19,,,1,30,,80837,19,,,1,68,,80838,19,,,1
72701,'727-Weekday-8-26-02-1111100',550,,80839,19,,,1,70,,80840,19,,,1,30,,80841,19,,,1,70,,80842,19,,,1,30,,80843,19,,,1,70,,80844,19,,,1,704,,80845,19,,,1,31,,80846,19,,,1,70,,80847,19,,,1,30,,80848,19,,,1,70,,80849,19,,,1,30,,80850,19,,,1,68,,80851,19,,,1
72701,'727-Weekday-9-26-02-1111100',550,,80852,19,,,1,70,,80853,19,,,1,30,,80854,19,,,1,70,,80855,19,,,1,30,,80856,19,,,1,70,,80857,19,,,1,704,,80858,19,,,1,31,,80859,19,,,1,70,,80860,19,,,1,30,,80861,19,,,1,70,,80862,19,,,1,30,,80863,19,,,1,68,,80864,19,,,1
