10600,'106-Weekday-1-26-02-1110100',1507,,29290,4,,,1,3,,29291,4,,,1,3,,29292,4,,,1
10600,'106-Weekday-1-26-02-1111100',547,,29341,26,,,1,73,,29293,26,,,1,33,,29294,26,,,1,61,,29351,26,,,1,21,,29295,26,,,1,4,,29350,26,,,1,12,,29354,5,,,1,4,,29296,26,,,1,50,,29297,26,,,1,10,,29298,26,,,1,10,,29342,26,,,1,10,,29299,26,,,1,10,,29300,26,,,1,10,,29343,26,,,1,50,,29301,26,,,1,10,,29302,26,,,1,9,,29344,26,,,1,9,,29303,26,,,1,18,,29304,26,,,1,60,,29305,26,,,1,20,,29306,26,,,1,20,,29307,26,,,1,60,,29308,26,,,1,20,,29309,26,,,1,20,,29310,26,,,1,60,,29311,26,,,1,20,,29312,26,,,1,20,,29313,26,,,1,60,,29314,26,,,1,20,,29315,26,,,1,20,,29316,26,,,1,60,,29317,26,,,1,20,,29318,26,,,1,20,,29319,26,,,1,7,,29352,26,,,1,53,,29320,26,,,1,8,,29353,26,,,1,14,,29321,26,,,1,11,,29322,26,,,1,10,,29345,26,,,1,50,,29323,26,,,1,10,,29324,26,,,1,10,,29346,26,,,1,10,,29325,26,,,1,10,,29326,26,,,1,10,,29347,26,,,1,50,,29327,26,,,1,10,,29328,26,,,1,10,,29348,26,,,1,10,,29329,26,,,1,10,,29330,26,,,1,10,,29349,26,,,1,50,,29331,26,,,1,29,,29332,26,,,1,26,,29333,26,,,1,65,,29334,26,,,1,30,,29335,26,,,1,70,,29336,26,,,1,30,,29337,26,,,1,70,,29338,26,,,1,30,,29339,26,,,1,66,,29340,26,,,1,26,,29356,26,,,1
10600,'106-Weekday-10-26-02-0001000',1212,,29357,4,,,1,5,,29358,4,,,1
10600,'106-Weekday-10-26-02-1111100',547,,29407,26,,,1,73,,29359,26,,,1,33,,29360,26,,,1,61,,29417,26,,,1,21,,29361,26,,,1,4,,29416,26,,,1,12,,29420,5,,,1,4,,29362,26,,,1,50,,29363,26,,,1,10,,29364,26,,,1,10,,29408,26,,,1,10,,29365,26,,,1,10,,29366,26,,,1,10,,29409,26,,,1,50,,29367,26,,,1,10,,29368,26,,,1,9,,29410,26,,,1,9,,29369,26,,,1,18,,29370,26,,,1,60,,29371,26,,,1,20,,29372,26,,,1,20,,29373,26,,,1,60,,29374,26,,,1,20,,29375,26,,,1,20,,29376,26,,,1,60,,29377,26,,,1,20,,29378,26,,,1,20,,29379,26,,,1,60,,29380,26,,,1,20,,29381,26,,,1,20,,29382,26,,,1,60,,29383,26,,,1,20,,29384,26,,,1,20,,29385,26,,,1,7,,29418,26,,,1,53,,29386,26,,,1,8,,29419,26,,,1,14,,29387,26,,,1,11,,29388,26,,,1,10,,29411,26,,,1,50,,29389,26,,,1,10,,29390,26,,,1,10,,29412,26,,,1,10,,29391,26,,,1,10,,29392,26,,,1,10,,29413,26,,,1,50,,29393,26,,,1,10,,29394,26,,,1,10,,29414,26,,,1,10,,29395,26,,,1,10,,29396,26,,,1,10,,29415,26,,,1,50,,29397,26,,,1,29,,29398,26,,,1,26,,29399,26,,,1,65,,29400,26,,,1,30,,29401,26,,,1,70,,29402,26,,,1,30,,29403,26,,,1,70,,29404,26,,,1,30,,29405,26,,,1,66,,29406,26,,,1,26,,29422,26,,,1
10600,'106-Saturday-1-26-02-0000010',550,,29884,26,,,1,72,,29885,26,,,1,30,,29886,26,,,1,70,,29887,26,,,1,30,,29888,26,,,1,70,,29889,26,,,1,30,,29890,26,,,1,72,,29891,26,,,1,76,,29892,26,,,1,30,,29893,26,,,1,70,,29894,26,,,1,30,,29895,26,,,1,70,,29896,26,,,1,30,,29897,26,,,1,70,,29898,26,,,1,30,,29899,26,,,1,70,,29900,26,,,1,30,,29901,26,,,1,70,,29902,26,,,1,30,,29903,26,,,1,70,,29904,26,,,1,30,,29905,26,,,1,29,,29906,26,,,1,68,,29907,26,,,1,29,,29908,26,,,1,70,,29909,26,,,1,30,,29910,26,,,1,70,,29911,26,,,1,30,,29912,26,,,1,70,,29913,26,,,1,30,,29914,26,,,1,70,,29915,26,,,1,30,,29916,26,,,1,70,,29917,26,,,1,30,,29918,26,,,1,100,,29919,26,,,1
61000,'610-Weekday-1-26-02-1110100',1513,,60330,4,,,1,4,,60331,4,,,1,8,,60332,4,,,1,5,,60333,4,,,1
61000,'610-Weekday-9-26-02-0001000',1217,,60356,4,,,1,2,,60357,4,,,1,206,,60358,4,,,1,5,,60359,4,,,1
61300,'613-Weekday-1-26-02-1111100',748,,60438,29,,,1,9,,60439,29,,,1,77,,60440,29,,,1,10,,60441,29,,,1
61300,'613-Weekday-9-26-02-1111100',748,,60456,29,,,1,9,,60457,29,,,1,77,,60458,29,,,1,10,,60459,29,,,1
61401,'614-Weekday-1-26-02-1111100',757,,60511,29,,,1,82,,60512,29,,,1
61401,'614-Weekday-9-26-02-1111100',757,,60520,29,,,1,82,,60521,29,,,1
62401,'624-Weekday-1-26-02-1111100',756,,60815,32,,,1
62401,'624-Weekday-9-26-02-1111100',756,,60820,32,,,1
62501,'625-Weekday-1-26-02-1111100',751,,60830,47,,,1,7,,60831,47,,,1
62501,'625-Weekday-9-26-02-1111100',751,,60840,47,,,1,7,,60841,47,,,1
