10600,'106-Weekday-1-26-04-0001000',1214,,119005,7,,,1,5,,119006,7,,,1
10600,'106-Weekday-1-26-04-1110100',1509,,119007,7,,,1,3,,119008,7,,,1,3,,119009,7,,,1
10600,'106-Weekday-1-26-04-1111100',546,,119010,26,,,1,74,,119017,26,,,1,33,,119018,26,,,1,61,,119071,26,,,1,21,,119019,26,,,1,10,,119015,26,,,1,6,,119011,5,,,1,4,,119016,26,,,1,50,,119020,26,,,1,10,,119021,26,,,1,10,,119022,26,,,1,10,,119023,26,,,1,10,,119024,26,,,1,10,,119025,26,,,1,49,,119026,26,,,1,10,,119027,26,,,1,9,,119028,26,,,1,9,,119029,26,,,1,18,,119030,26,,,1,60,,119031,26,,,1,20,,119032,26,,,1,20,,119033,26,,,1,60,,119034,26,,,1,20,,119035,26,,,1,20,,119036,26,,,1,60,,119037,26,,,1,20,,119038,26,,,1,20,,119039,26,,,1,60,,119040,26,,,1,20,,119041,26,,,1,20,,119042,26,,,1,60,,119043,26,,,1,20,,119044,26,,,1,20,,119045,26,,,1,8,,119072,26,,,1,53,,119046,26,,,1,8,,119073,26,,,1,14,,119047,26,,,1,11,,119048,26,,,1,10,,119049,26,,,1,50,,119050,26,,,1,10,,119051,26,,,1,10,,119052,26,,,1,10,,119053,26,,,1,10,,119054,26,,,1,10,,119055,26,,,1,50,,119056,26,,,1,10,,119057,26,,,1,10,,119058,26,,,1,10,,119059,26,,,1,10,,119060,26,,,1,10,,119061,26,,,1,50,,119062,26,,,1,29,,119063,26,,,1,26,,119064,26,,,1,65,,119065,26,,,1,30,,119066,26,,,1,70,,119067,26,,,1,30,,119068,26,,,1,70,,119069,26,,,1,30,,119070,26,,,1,66,,119013,26,,,1,26,,119014,26,,,1
10600,'106-Saturday-1-26-04-0000010',550,,119206,26,,,1,72,,119207,26,,,1,30,,119208,26,,,1,70,,119209,26,,,1,30,,119210,26,,,1,70,,119211,26,,,1,30,,119212,26,,,1,71,,119213,26,,,1,36,,119214,26,,,1,70,,119215,26,,,1,30,,119216,26,,,1,70,,119217,26,,,1,30,,119218,26,,,1,70,,119219,26,,,1,30,,119220,26,,,1,70,,119221,26,,,1,30,,119222,26,,,1,70,,119223,26,,,1,30,,119224,26,,,1,70,,119225,26,,,1,30,,119226,26,,,1,70,,119227,26,,,1,30,,119228,26,,,1,68,,119229,26,,,1,29,,119230,26,,,1,70,,119231,26,,,1,30,,119232,26,,,1,70,,119233,26,,,1,30,,119234,26,,,1,70,,119235,26,,,1,30,,119236,26,,,1,70,,119237,26,,,1,30,,119238,26,,,1,70,,119239,26,,,1,30,,119240,26,,,1,100,,119241,26,,,1
10600,'106-Sunday-1-26-04-0000001',637,,119242,26,,,1,70,,119243,26,,,1,30,,119244,26,,,1,70,,119245,26,,,1,30,,119246,26,,,1,71,,119247,26,,,1,32,,119248,26,,,1,74,,119249,26,,,1,30,,119250,26,,,1,70,,119251,26,,,1,30,,119252,26,,,1,70,,119253,26,,,1,30,,119254,26,,,1,70,,119255,26,,,1,30,,119256,26,,,1,70,,119257,26,,,1,30,,119258,26,,,1,70,,119259,26,,,1,30,,119260,26,,,1,70,,119261,26,,,1,30,,119262,26,,,1,70,,119263,26,,,1,28,,119264,26,,,1,67,,119265,26,,,1,30,,119266,26,,,1,70,,119267,26,,,1,30,,119268,26,,,1,70,,119269,26,,,1,30,,119270,26,,,1,70,,119271,26,,,1,30,,119272,26,,,1,70,,119273,26,,,1,100,,119274,26,,,1,100,,119275,26,,,1
12800,'128-Weekday-1-26-04-1111100',856,,124795,5,,,1,100,,124796,5,,,1,100,,124797,5,,,1,100,,124798,5,,,1,100,,124799,5,,,1,100,,124800,5,,,1,100,,124801,5,,,1,100,,124802,5,,,1
12800,'128-Saturday-1-26-04-0000010',855,,124819,5,,,1,100,,124820,5,,,1,100,,124821,5,,,1,100,,124822,5,,,1,100,,124823,5,,,1,100,,124824,5,,,1,100,,124825,5,,,1,100,,124826,5,,,1
61000,'610-Weekday-1-26-04-0001000',1223,,131587,7,,,1,2,,131586,7,,,1,203,,131588,7,,,1,5,,131589,7,,,1
61000,'610-Weekday-1-26-04-1110100',1519,,131590,7,,,1,4,,131591,7,,,1,5,,131592,7,,,1,5,,131593,7,,,1
61200,'612-Weekday-1-26-04-0001000',1220,,131624,4,,,1
61200,'612-Weekday-1-26-04-1110100',1518,,131625,4,,,1
62600,'626-Weekday-1-26-04-0001000',1218,,131727,4,,,1,4,,131728,4,,,1,4,,131729,4,,,1
62600,'626-Weekday-1-26-04-1110100',1516,,131730,4,,,1,4,,131731,4,,,1,4,,131732,4,,,1
