50101,'501-Weekday-1-26-06-1111100',616,,174069,26,,,1,32,,174070,26,,,1,76,,174071,26,,,1,20,,174072,26,,,1,60,,174097,26,,,1,20,,174073,26,,,1,20,,174074,26,,,1,60,,174075,26,,,1,16,,174077,26,,,1,34,,174078,26,,,1,75,,174079,26,,,1,75,,174080,26,,,1,34,,174081,26,,,1,74,,174082,26,,,1,34,,174099,26,,,1,74,,174083,26,,,1,34,,174084,26,,,1,74,,174085,26,,,1,75,,174086,26,,,1,23,,174098,26,,,1,22,,174076,26,,,1,62,,174101,26,,,1,22,,174102,26,,,1,21,,174103,26,,,1,60,,174104,26,,,1,20,,174105,26,,,1,20,,174106,26,,,1,60,,174107,26,,,1,19,,174087,26,,,1,20,,174088,26,,,1,66,,174089,26,,,1,31,,174090,26,,,1,71,,174091,26,,,1,31,,174092,26,,,1,71,,174093,26,,,1,31,,174094,26,,,1,69,,174100,26,,,1,100,,174096,26,,,1,100,,174095,26,,,1
50101,'501-Weekday-2-26-06-1111100',616,,194980,26,,,1,32,,194981,26,,,1,76,,194982,26,,,1,20,,194983,26,,,1,60,,195008,26,,,1,20,,194984,26,,,1,20,,194985,26,,,1,60,,194986,26,,,1,16,,194988,26,,,1,34,,194989,26,,,1,75,,194990,26,,,1,75,,194991,26,,,1,34,,194992,26,,,1,74,,194993,26,,,1,34,,195010,26,,,1,74,,194994,26,,,1,34,,194995,26,,,1,74,,194996,26,,,1,75,,194997,26,,,1,23,,195009,26,,,1,22,,194987,26,,,1,62,,195012,26,,,1,22,,195013,26,,,1,21,,195014,26,,,1,60,,195015,26,,,1,20,,195016,26,,,1,20,,195017,26,,,1,60,,195018,26,,,1,19,,194998,26,,,1,20,,194999,26,,,1,66,,195000,26,,,1,31,,195001,26,,,1,71,,195002,26,,,1,31,,195003,26,,,1,71,,195004,26,,,1,31,,195005,26,,,1,69,,195011,26,,,1,100,,195007,26,,,1,100,,195006,26,,,1
50101,'501-Saturday-1-26-06-0000010',644,,174130,26,,,1,100,,174131,26,,,1,70,,174108,26,,,1,30,,174109,26,,,1,72,,174110,26,,,1,32,,174111,26,,,1,72,,174112,26,,,1,32,,174113,26,,,1,72,,174114,26,,,1,32,,174115,26,,,1,72,,174116,26,,,1,72,,174117,26,,,1,32,,174118,26,,,1,72,,174119,26,,,1,32,,174120,26,,,1,72,,174121,26,,,1,32,,174122,26,,,1,72,,174123,26,,,1,32,,174124,26,,,1,72,,174125,26,,,1,32,,174126,26,,,1,72,,174128,26,,,1,32,,174127,26,,,1,72,,174129,26,,,1
50101,'501-Sunday-1-26-06-0000001',653,,174153,26,,,1,100,,174154,26,,,1,100,,174132,26,,,1,101,,174133,26,,,1,70,,174134,26,,,1,30,,174135,26,,,1,70,,174136,26,,,1,30,,174137,26,,,1,70,,174138,26,,,1,30,,174139,26,,,1,70,,174140,26,,,1,30,,174141,26,,,1,70,,174142,26,,,1,30,,174143,26,,,1,70,,174144,26,,,1,30,,174145,26,,,1,70,,174146,26,,,1,30,,174147,26,,,1,70,,174148,26,,,1,30,,174149,26,,,1,70,,174150,26,,,1,30,,174151,26,,,1,70,,174152,26,,,1
50101,'501-Sunday-2-26-06-0000001',653,,195040,26,,,1,100,,195041,26,,,1,100,,195019,26,,,1,101,,195020,26,,,1,70,,195021,26,,,1,30,,195022,26,,,1,70,,195023,26,,,1,30,,195024,26,,,1,70,,195025,26,,,1,30,,195026,26,,,1,70,,195027,26,,,1,30,,195028,26,,,1,70,,195029,26,,,1,30,,195030,26,,,1,70,,195031,26,,,1,30,,195032,26,,,1,70,,195033,26,,,1,30,,195034,26,,,1,70,,195035,26,,,1,30,,195036,26,,,1,70,,195037,26,,,1,30,,195038,26,,,1,70,,195039,26,,,1
52501,'525-Weekday-1-26-06-1111100',934,,177354,9,,,1,70,,177355,9,,,1,30,,177356,9,,,1,70,,177357,9,,,1,30,,177358,9,,,1,70,,177359,9,,,1,30,,177360,9,,,1,70,,177361,9,,,1,30,,177362,9,,,1,70,,177363,9,,,1,30,,177364,9,,,1,101,,177365,9,,,1,100,,177366,9,,,1,100,,177367,9,,,1
52501,'525-Weekday-2-26-06-1111100',934,,197064,9,,,1,70,,197065,9,,,1,30,,197066,9,,,1,70,,197067,9,,,1,30,,197068,9,,,1,70,,197069,9,,,1,30,,197070,9,,,1,70,,197071,9,,,1,30,,197072,9,,,1,70,,197073,9,,,1,30,,197074,9,,,1,101,,197075,9,,,1,100,,197076,9,,,1,100,,197077,9,,,1
52501,'525-Saturday-1-26-06-0000010',1104,,177368,9,,,1,100,,177369,9,,,1,100,,177370,9,,,1,100,,177371,9,,,1,100,,177372,9,,,1,100,,177373,9,,,1,100,,177374,9,,,1
52501,'525-Sunday-1-26-06-0000001',1104,,177375,9,,,1,100,,177376,9,,,1,100,,177377,9,,,1,100,,177378,9,,,1,100,,177379,9,,,1,100,,177380,9,,,1
52501,'525-Sunday-2-26-06-0000001',1104,,197078,9,,,1,100,,197079,9,,,1,100,,197080,9,,,1,100,,197081,9,,,1,100,,197082,9,,,1,100,,197083,9,,,1
