50100,'501-Weekday-1-26-06-1111100',614,,173986,25,,,1,32,,173987,25,,,1,75,,174019,25,,,1,21,,173988,25,,,1,60,,174016,25,,,1,20,,173989,25,,,1,20,,173990,25,,,1,76,,173992,25,,,1,35,,173993,25,,,1,75,,173994,25,,,1,74,,173995,25,,,1,34,,173996,25,,,1,74,,173997,25,,,1,34,,173998,25,,,1,74,,173999,25,,,1,34,,174000,25,,,1,74,,174021,25,,,1,75,,174020,25,,,1,29,,174017,25,,,1,22,,174001,25,,,1,61,,174002,25,,,1,20,,174003,25,,,1,20,,174018,25,,,1,60,,174005,25,,,1,20,,174004,25,,,1,20,,174007,25,,,1,65,,174008,25,,,1,28,,174009,25,,,1,71,,174010,25,,,1,31,,174011,25,,,1,71,,174012,25,,,1,31,,174013,25,,,1,71,,174014,25,,,1,31,,174015,25,,,1,99,,174006,25,,,1,100,,173991,25,,,1
50100,'501-Weekday-2-26-06-1111100',614,,194921,25,,,1,32,,194922,25,,,1,75,,194954,25,,,1,21,,194923,25,,,1,60,,194951,25,,,1,20,,194924,25,,,1,20,,194925,25,,,1,76,,194927,25,,,1,35,,194928,25,,,1,75,,194929,25,,,1,74,,194930,25,,,1,34,,194931,25,,,1,74,,194932,25,,,1,34,,194933,25,,,1,74,,194934,25,,,1,34,,194935,25,,,1,74,,194956,25,,,1,75,,194955,25,,,1,29,,194952,25,,,1,22,,194936,25,,,1,61,,194937,25,,,1,20,,194938,25,,,1,20,,194953,25,,,1,60,,194940,25,,,1,20,,194939,25,,,1,20,,194942,25,,,1,65,,194943,25,,,1,28,,194944,25,,,1,71,,194945,25,,,1,31,,194946,25,,,1,71,,194947,25,,,1,31,,194948,25,,,1,71,,194949,25,,,1,31,,194950,25,,,1,99,,194941,25,,,1,100,,194926,25,,,1
50100,'501-Saturday-1-26-06-0000010',614,,174044,25,,,1,100,,174045,25,,,1,100,,174022,25,,,1,30,,174023,25,,,1,71,,174024,25,,,1,32,,174025,25,,,1,72,,174026,25,,,1,32,,174027,25,,,1,72,,174028,25,,,1,32,,174029,25,,,1,72,,174030,25,,,1,32,,174031,25,,,1,72,,174032,25,,,1,72,,174033,25,,,1,32,,174034,25,,,1,72,,174035,25,,,1,32,,174036,25,,,1,72,,174037,25,,,1,32,,174038,25,,,1,72,,174039,25,,,1,32,,174040,25,,,1,72,,174041,25,,,1,32,,174042,25,,,1,72,,174043,25,,,1
50100,'501-Sunday-1-26-06-0000001',622,,174046,25,,,1,100,,174047,25,,,1,100,,174048,25,,,1,101,,174049,25,,,1,100,,174050,25,,,1,30,,174051,25,,,1,70,,174052,25,,,1,30,,174053,25,,,1,70,,174054,25,,,1,30,,174055,25,,,1,70,,174056,25,,,1,30,,174057,25,,,1,70,,174058,25,,,1,30,,174059,25,,,1,70,,174060,25,,,1,30,,174061,25,,,1,70,,174062,25,,,1,30,,174063,25,,,1,70,,174064,25,,,1,30,,174065,25,,,1,70,,174066,25,,,1,30,,174067,25,,,1,70,,174068,25,,,1
50100,'501-Sunday-2-26-06-0000001',622,,194957,25,,,1,100,,194958,25,,,1,100,,194959,25,,,1,101,,194960,25,,,1,100,,194961,25,,,1,30,,194962,25,,,1,70,,194963,25,,,1,30,,194964,25,,,1,70,,194965,25,,,1,30,,194966,25,,,1,70,,194967,25,,,1,30,,194968,25,,,1,70,,194969,25,,,1,30,,194970,25,,,1,70,,194971,25,,,1,30,,194972,25,,,1,70,,194973,25,,,1,30,,194974,25,,,1,70,,194975,25,,,1,30,,194976,25,,,1,70,,194977,25,,,1,30,,194978,25,,,1,70,,194979,25,,,1
52401,'524-Weekday-1-26-06-1111100',910,,177299,2,,,1,30,,177300,2,,,1,70,,177301,2,,,1,30,,177302,2,,,1,70,,177303,2,,,1,30,,177304,2,,,1,70,,177305,2,,,1,30,,177306,2,,,1,70,,177307,2,,,1,30,,177308,2,,,1,70,,177309,2,,,1,30,,177310,2,,,1,70,,177311,2,,,1,100,,177312,2,,,1,100,,177313,2,,,1
52401,'524-Weekday-2-26-06-1111100',910,,197023,2,,,1,30,,197024,2,,,1,70,,197025,2,,,1,30,,197026,2,,,1,70,,197027,2,,,1,30,,197028,2,,,1,70,,197029,2,,,1,30,,197030,2,,,1,70,,197031,2,,,1,30,,197032,2,,,1,70,,197033,2,,,1,30,,197034,2,,,1,70,,197035,2,,,1,100,,197036,2,,,1,100,,197037,2,,,1
52401,'524-Saturday-1-26-06-0000010',1039,,177314,2,,,1,100,,177315,2,,,1,100,,177316,2,,,1,100,,177317,2,,,1,100,,177318,2,,,1,100,,177319,2,,,1,100,,177320,2,,,1
52401,'524-Sunday-1-26-06-0000001',1038,,177321,2,,,1,100,,177322,2,,,1,100,,177323,2,,,1,100,,177324,2,,,1,100,,177325,2,,,1,100,,177326,2,,,1
52401,'524-Sunday-2-26-06-0000001',1038,,197038,2,,,1,100,,197039,2,,,1,100,,197040,2,,,1,100,,197041,2,,,1,100,,197042,2,,,1,100,,197043,2,,,1
