50701,'507-Weekday-1-26-06-1111100',520,,174674,4,,,1,30,,174675,4,,,1,70,,174676,4,,,1,19,,174710,4,,,1,15,,174677,4,,,1,62,,174706,4,,,1,15,,174679,4,,,1,15,,174707,4,,,1,55,,174681,4,,,1,15,,174708,4,,,1,15,,174682,4,,,1,26,,174678,4,,,1,65,,174680,4,,,1,24,,174684,4,,,1,70,,174685,4,,,1,30,,174686,4,,,1,70,,174687,4,,,1,30,,174688,4,,,1,70,,174689,4,,,1,30,,174669,4,,,1,70,,174670,4,,,1,30,,174671,4,,,1,70,,174672,4,,,1,30,,174673,4,,,1,71,,174683,4,,,1,35,,174690,4,,,1,70,,174691,4,,,1,30,,174692,4,,,1,70,,174693,4,,,1,30,,174694,4,,,1,70,,174695,4,,,1,29,,174696,4,,,1,65,,174697,4,,,1,31,,174698,4,,,1,70,,174699,4,,,1,30,,174700,4,,,1,70,,174701,4,,,1,30,,174702,4,,,1,68,,174703,4,,,1,27,,174709,4,,,1,90,,174704,4,,,1,100,,174705,4,,,1
50701,'507-Weekday-2-26-06-1111100',520,,195382,4,,,1,30,,195383,4,,,1,70,,195384,4,,,1,19,,195418,4,,,1,15,,195385,4,,,1,62,,195414,4,,,1,15,,195387,4,,,1,15,,195415,4,,,1,55,,195389,4,,,1,15,,195416,4,,,1,15,,195390,4,,,1,26,,195386,4,,,1,65,,195388,4,,,1,24,,195392,4,,,1,70,,195393,4,,,1,30,,195394,4,,,1,70,,195395,4,,,1,30,,195396,4,,,1,70,,195397,4,,,1,30,,195377,4,,,1,70,,195378,4,,,1,30,,195379,4,,,1,70,,195380,4,,,1,30,,195381,4,,,1,71,,195391,4,,,1,35,,195398,4,,,1,70,,195399,4,,,1,30,,195400,4,,,1,70,,195401,4,,,1,30,,195402,4,,,1,70,,195403,4,,,1,29,,195404,4,,,1,65,,195405,4,,,1,31,,195406,4,,,1,70,,195407,4,,,1,30,,195408,4,,,1,70,,195409,4,,,1,30,,195410,4,,,1,68,,195411,4,,,1,27,,195417,4,,,1,90,,195412,4,,,1,100,,195413,4,,,1
50701,'507-Saturday-1-26-06-0000010',527,,174712,4,,,1,100,,174714,4,,,1,100,,174715,4,,,1,30,,174713,4,,,1,70,,174716,4,,,1,30,,174717,4,,,1,72,,174718,4,,,1,72,,174719,4,,,1,30,,174720,4,,,1,70,,174721,4,,,1,30,,174722,4,,,1,70,,174723,4,,,1,30,,174724,4,,,1,70,,174725,4,,,1,30,,174726,4,,,1,70,,174727,4,,,1,30,,174728,4,,,1,70,,174729,4,,,1,30,,174730,4,,,1,70,,174731,4,,,1,30,,174732,4,,,1,70,,174733,4,,,1,28,,174734,4,,,1,29,,174735,4,,,1,70,,174736,4,,,1,30,,174737,4,,,1,100,,174738,4,,,1,100,,174739,4,,,1,100,,174740,4,,,1,100,,174741,4,,,1,100,,174711,4,0,48,1
50701,'507-Sunday-1-26-06-0000001',555,,174767,4,,,1,100,,174742,4,,,1,100,,174743,4,,,1,100,,174744,4,,,1,145,,174745,4,,,1,30,,174768,4,,,1,70,,174746,4,,,1,30,,174747,4,,,1,70,,174748,4,,,1,30,,174749,4,,,1,70,,174750,4,,,1,30,,174751,4,,,1,70,,174752,4,,,1,30,,174753,4,,,1,70,,174754,4,,,1,30,,174755,4,,,1,70,,174756,4,,,1,30,,174757,4,,,1,70,,174758,4,,,1,28,,174759,4,,,1,29,,174760,4,,,1,70,,174761,4,,,1,30,,174762,4,,,1,91,,174763,4,,,1,100,,174764,4,,,1,100,,174765,4,,,1,100,,174766,4,,,1,100,,174769,4,0,48,1
50701,'507-Sunday-2-26-06-0000001',555,,195444,4,,,1,100,,195419,4,,,1,100,,195420,4,,,1,100,,195421,4,,,1,145,,195422,4,,,1,30,,195445,4,,,1,70,,195423,4,,,1,30,,195424,4,,,1,70,,195425,4,,,1,30,,195426,4,,,1,70,,195427,4,,,1,30,,195428,4,,,1,70,,195429,4,,,1,30,,195430,4,,,1,70,,195431,4,,,1,30,,195432,4,,,1,70,,195433,4,,,1,30,,195434,4,,,1,70,,195435,4,,,1,28,,195436,4,,,1,29,,195437,4,,,1,70,,195438,4,,,1,30,,195439,4,,,1,91,,195440,4,,,1,100,,195441,4,,,1,100,,195442,4,,,1,100,,195443,4,,,1,100,,195446,4,0,48,1
50800,'508-Weekday-1-26-06-1111100',550,,174770,25,,,1,70,,174771,25,,,1,35,,174775,25,,,1,70,,174797,25,,,1,25,,174772,25,,,1,60,,174794,25,,,1,20,,174773,25,,,1,20,,174774,25,,,1,56,,174805,25,,,1,30,,174776,25,,,1,70,,174777,25,,,1,30,,174778,25,,,1,70,,174779,25,,,1,30,,174780,25,,,1,70,,174781,25,,,1,30,,174782,25,,,1,70,,174783,25,,,1,30,,174784,25,,,1,70,,174785,25,,,1,30,,174786,25,,,1,70,,174787,25,,,1,30,,174788,25,,,1,20,,174795,25,,,1,60,,174789,25,,,1,20,,174790,25,,,1,20,,174791,25,,,1,60,,174792,25,,,1,20,,174793,25,,,1,20,,174807,25,,,1,70,,174806,25,,,1,24,,174798,25,,,1,70,,174799,25,,,1,30,,174800,25,,,1,70,,174801,25,,,1,31,,174802,25,,,1,70,,174803,25,,,1,30,,174804,25,,,1,69,,174796,25,,,1
50800,'508-Weekday-2-26-06-1111100',550,,195447,25,,,1,70,,195448,25,,,1,35,,195452,25,,,1,70,,195474,25,,,1,25,,195449,25,,,1,60,,195471,25,,,1,20,,195450,25,,,1,20,,195451,25,,,1,56,,195482,25,,,1,30,,195453,25,,,1,70,,195454,25,,,1,30,,195455,25,,,1,70,,195456,25,,,1,30,,195457,25,,,1,70,,195458,25,,,1,30,,195459,25,,,1,70,,195460,25,,,1,30,,195461,25,,,1,70,,195462,25,,,1,30,,195463,25,,,1,70,,195464,25,,,1,30,,195465,25,,,1,20,,195472,25,,,1,60,,195466,25,,,1,20,,195467,25,,,1,20,,195468,25,,,1,60,,195469,25,,,1,20,,195470,25,,,1,20,,195484,25,,,1,70,,195483,25,,,1,24,,195475,25,,,1,70,,195476,25,,,1,30,,195477,25,,,1,70,,195478,25,,,1,31,,195479,25,,,1,70,,195480,25,,,1,30,,195481,25,,,1,69,,195473,25,,,1
50800,'508-Saturday-1-26-06-0000010',655,,174808,25,,,1,100,,174809,25,,,1,100,,174810,25,,,1,70,,174811,25,,,1,30,,174812,25,,,1,70,,174813,25,,,1,30,,174814,25,,,1,70,,174815,25,,,1,30,,174816,25,,,1,70,,174817,25,,,1,30,,174818,25,,,1,70,,174819,25,,,1,30,,174820,25,,,1,70,,174821,25,,,1,30,,174822,25,,,1,70,,174823,25,,,1,30,,174824,25,,,1,70,,174825,25,,,1,30,,174826,25,,,1,70,,174827,25,,,1,30,,174828,25,,,1,70,,174829,25,,,1,30,,174830,25,,,1,70,,174831,25,,,1
50800,'508-Sunday-1-26-06-0000001',1057,,174832,25,,,1,70,,174833,25,,,1,30,,174834,25,,,1,70,,174835,25,,,1,30,,174836,25,,,1,70,,174837,25,,,1,30,,174838,25,,,1,70,,174839,25,,,1,30,,174840,25,,,1,70,,174841,25,,,1,30,,174842,25,,,1,70,,174843,25,,,1,30,,174844,25,,,1,70,,174845,25,,,1,30,,174846,25,,,1,70,,174847,25,,,1,30,,174848,25,,,1
50800,'508-Sunday-2-26-06-0000001',1057,,195485,25,,,1,70,,195486,25,,,1,30,,195487,25,,,1,70,,195488,25,,,1,30,,195489,25,,,1,70,,195490,25,,,1,30,,195491,25,,,1,70,,195492,25,,,1,30,,195493,25,,,1,70,,195494,25,,,1,30,,195495,25,,,1,70,,195496,25,,,1,30,,195497,25,,,1,70,,195498,25,,,1,30,,195499,25,,,1,70,,195500,25,,,1,30,,195501,25,,,1
