61401,'614-Weekday-1-26-02-1111100',735,,112085,,,1,82,,112086,,,1
61401,'614-Weekday-2-26-02-1111100',735,,112087,,,1,82,,112088,,,1
61401,'614-Weekday-4-26-02-1111100',817,,112089,,,1
61401,'614-Weekday-5-26-02-1111100',735,,112090,,,1,82,,112091,,,1
61401,'614-Weekday-6-26-02-1111100',735,,112092,,,1
61401,'614-Weekday-8-26-02-1111100',735,,112093,,,1
61401,'614-Weekday-9-26-02-1111100',735,,159384,,,1,82,,159385,,,1
61601,'616-Weekday-1-26-02-1111100',813,,112108,4,,1,10,,112109,4,,1
61601,'616-Weekday-2-26-02-1111100',813,,112110,4,,1,10,,112111,4,,1
61601,'616-Weekday-4-26-02-1111100',813,,112112,4,,1,10,,112113,4,,1
61601,'616-Weekday-5-26-02-1111100',813,,112114,4,,1,10,,112115,4,,1
61601,'616-Weekday-9-26-02-1111100',813,,159388,4,,1,10,,159389,4,,1
61700,'617-Weekday-1-26-02-0001000',1417,3,112116,,,1,4,3,112117,,,1
61700,'617-Weekday-1-26-02-1110100',1515,3,112118,,,1,4,3,112119,,,1
61700,'617-Weekday-2-26-02-0001000',1417,3,112120,,,1,4,3,112121,,,1
61700,'617-Weekday-2-26-02-1110100',1515,3,112122,,,1,4,3,112123,,,1
61700,'617-Weekday-4-26-02-1110100',1515,3,112124,,,1,4,3,112125,,,1
61700,'617-Weekday-5-26-02-0001000',1417,3,112126,,,1,4,3,112127,,,1
61700,'617-Weekday-5-26-02-1110100',1515,3,112128,,,1,4,3,112129,,,1
61700,'617-Weekday-9-26-02-0001000',1417,3,159390,,,1,4,3,159391,,,1
