52201,'522-Weekday-1-26-02-1111100',629,,56914,25,,,1,71,,56915,25,,,1,30,,56916,25,,,1,70,,56917,25,,,1,30,,56918,25,,,1,70,,56919,25,,,1,59,,56920,25,,,1,100,,56921,25,,,1,100,,56922,25,,,1,100,,56923,25,,,1,100,,56924,25,,,1,100,,56925,25,,,1,71,,56926,25,,,1,70,,56927,25,,,1,30,,56928,25,,,1,70,,56929,25,,,1,30,,56930,25,,,1,70,,56931,25,,,1,59,,56932,25,,,1,100,,56933,25,,,1,100,,56934,25,,,1,100,,56935,25,,,1
52201,'522-Weekday-10-26-02-1111100',629,,56936,25,,,1,71,,56937,25,,,1,30,,56938,25,,,1,70,,56939,25,,,1,30,,56940,25,,,1,70,,56941,25,,,1,59,,56942,25,,,1,100,,56943,25,,,1,100,,56944,25,,,1,100,,56945,25,,,1,100,,56946,25,,,1,100,,56947,25,,,1,71,,56948,25,,,1,70,,56949,25,,,1,30,,56950,25,,,1,70,,56951,25,,,1,30,,56952,25,,,1,70,,56953,25,,,1,59,,56954,25,,,1,100,,56955,25,,,1,100,,56956,25,,,1,100,,56957,25,,,1
52201,'522-Weekday-2-26-02-1111100',629,,56958,25,,,1,71,,56959,25,,,1,30,,56960,25,,,1,70,,56961,25,,,1,30,,56962,25,,,1,70,,56963,25,,,1,59,,56964,25,,,1,100,,56965,25,,,1,100,,56966,25,,,1,100,,56967,25,,,1,100,,56968,25,,,1,100,,56969,25,,,1,71,,56970,25,,,1,70,,56971,25,,,1,30,,56972,25,,,1,70,,56973,25,,,1,30,,56974,25,,,1,70,,56975,25,,,1,59,,56976,25,,,1,100,,56977,25,,,1,100,,56978,25,,,1,100,,56979,25,,,1
52201,'522-Weekday-4-26-02-1111100',629,,56980,25,,,1,71,,56981,25,,,1,30,,56982,25,,,1,70,,56983,25,,,1,30,,56984,25,,,1,70,,56985,25,,,1,59,,56986,25,,,1,100,,56987,25,,,1,100,,56988,25,,,1,100,,56989,25,,,1,100,,56990,25,,,1,100,,56991,25,,,1,71,,56992,25,,,1,70,,56993,25,,,1,30,,56994,25,,,1,70,,56995,25,,,1,30,,56996,25,,,1,70,,56997,25,,,1,59,,56998,25,,,1,100,,56999,25,,,1,100,,57000,25,,,1,100,,57001,25,,,1
52201,'522-Weekday-5-26-02-1111100',629,,57002,25,,,1,71,,57003,25,,,1,30,,57004,25,,,1,70,,57005,25,,,1,30,,57006,25,,,1,70,,57007,25,,,1,59,,57008,25,,,1,100,,57009,25,,,1,100,,57010,25,,,1,100,,57011,25,,,1,100,,57012,25,,,1,100,,57013,25,,,1,71,,57014,25,,,1,70,,57015,25,,,1,30,,57016,25,,,1,70,,57017,25,,,1,30,,57018,25,,,1,70,,57019,25,,,1,59,,57020,25,,,1,100,,57021,25,,,1,100,,57022,25,,,1,100,,57023,25,,,1
52201,'522-Weekday-6-26-02-1111100',629,,57024,25,,,1,71,,57025,25,,,1,30,,57026,25,,,1,70,,57027,25,,,1,30,,57028,25,,,1,70,,57029,25,,,1,59,,57030,25,,,1,100,,57031,25,,,1,100,,57032,25,,,1,100,,57033,25,,,1,100,,57034,25,,,1,100,,57035,25,,,1,71,,57036,25,,,1,70,,57037,25,,,1,30,,57038,25,,,1,70,,57039,25,,,1,30,,57040,25,,,1,70,,57041,25,,,1,59,,57042,25,,,1,100,,57043,25,,,1,100,,57044,25,,,1,100,,57045,25,,,1
52201,'522-Weekday-7-26-02-1111100',629,,57046,25,,,1,71,,57047,25,,,1,30,,57048,25,,,1,70,,57049,25,,,1,30,,57050,25,,,1,70,,57051,25,,,1,59,,57052,25,,,1,100,,57053,25,,,1,100,,57054,25,,,1,100,,57055,25,,,1,100,,57056,25,,,1,100,,57057,25,,,1,71,,57058,25,,,1,70,,57059,25,,,1,30,,57060,25,,,1,70,,57061,25,,,1,30,,57062,25,,,1,70,,57063,25,,,1,59,,57064,25,,,1,100,,57065,25,,,1,100,,57066,25,,,1,100,,57067,25,,,1
52201,'522-Weekday-8-26-02-1111100',629,,57068,25,,,1,71,,57069,25,,,1,30,,57070,25,,,1,70,,57071,25,,,1,30,,57072,25,,,1,70,,57073,25,,,1,59,,57074,25,,,1,100,,57075,25,,,1,100,,57076,25,,,1,100,,57077,25,,,1,100,,57078,25,,,1,100,,57079,25,,,1,71,,57080,25,,,1,70,,57081,25,,,1,30,,57082,25,,,1,70,,57083,25,,,1,30,,57084,25,,,1,70,,57085,25,,,1,59,,57086,25,,,1,100,,57087,25,,,1,100,,57088,25,,,1,100,,57089,25,,,1
52201,'522-Weekday-9-26-02-1111100',629,,57090,25,,,1,71,,57091,25,,,1,30,,57092,25,,,1,70,,57093,25,,,1,30,,57094,25,,,1,70,,57095,25,,,1,59,,57096,25,,,1,100,,57097,25,,,1,100,,57098,25,,,1,100,,57099,25,,,1,100,,57100,25,,,1,100,,57101,25,,,1,71,,57102,25,,,1,70,,57103,25,,,1,30,,57104,25,,,1,70,,57105,25,,,1,30,,57106,25,,,1,70,,57107,25,,,1,59,,57108,25,,,1,100,,57109,25,,,1,100,,57110,25,,,1,100,,57111,25,,,1
52201,'522-Saturday-1-26-02-0000010',814,,57123,25,,,1,100,,57112,25,,,1,100,,57113,25,,,1,100,,57114,25,,,1,100,,57115,25,,,1,100,,57116,25,,,1,100,,57117,25,,,1,100,,57118,25,,,1,100,,57119,25,,,1,99,,57120,25,,,1,100,,57121,25,,,1,100,,57122,25,,,1
52201,'522-Sunday-1-26-02-0000001',1045,,57124,25,,,1,100,,57125,25,,,1,100,,57126,25,,,1,100,,57127,25,,,1,100,,57128,25,,,1,100,,57129,25,,,1,100,,57130,25,,,1,100,,57131,25,,,1,100,,57132,25,,,1
