50100,'501-Weekday-1-26-02-1111100',551,,43665,35,,,1,70,,43666,35,,,1,35,,43667,35,,,1,70,,43668,35,,,1,15,,43669,35,,,1,15,,43702,35,,,1,55,,43670,35,,,1,15,,43672,35,,,1,15,,43671,35,,,1,15,,43674,35,,,1,73,,43675,35,,,1,74,,43676,35,,,1,34,,43677,35,,,1,74,,43678,35,,,1,34,,43679,35,,,1,74,,43680,35,,,1,34,,43681,35,,,1,74,,43682,35,,,1,74,,43683,35,,,1,34,,43701,35,,,1,76,,43706,35,,,1,17,,43703,35,,,1,15,,43684,35,,,1,15,,43685,35,,,1,55,,43686,35,,,1,15,,43704,35,,,1,15,,43688,35,,,1,15,,43687,35,,,1,55,,43689,35,,,1,15,,43705,35,,,1,15,,43692,35,,,1,15,,43691,35,,,1,69,,43693,35,,,1,27,,43694,35,,,1,71,,43695,35,,,1,31,,43696,35,,,1,71,,43697,35,,,1,31,,43698,35,,,1,71,,43699,35,,,1,30,,43700,35,,,1,98,,43690,35,,,1,100,,43673,35,,,1
50100,'501-Weekday-10-26-02-1111100',551,,43707,35,,,1,70,,43708,35,,,1,35,,43709,35,,,1,70,,43710,35,,,1,15,,43711,35,,,1,15,,43744,35,,,1,55,,43712,35,,,1,15,,43714,35,,,1,15,,43713,35,,,1,15,,43716,35,,,1,73,,43717,35,,,1,74,,43718,35,,,1,34,,43719,35,,,1,74,,43720,35,,,1,34,,43721,35,,,1,74,,43722,35,,,1,34,,43723,35,,,1,74,,43724,35,,,1,74,,43725,35,,,1,34,,43743,35,,,1,76,,43748,35,,,1,17,,43745,35,,,1,15,,43726,35,,,1,15,,43727,35,,,1,55,,43728,35,,,1,15,,43746,35,,,1,15,,43730,35,,,1,15,,43729,35,,,1,55,,43731,35,,,1,15,,43747,35,,,1,15,,43734,35,,,1,15,,43733,35,,,1,69,,43735,35,,,1,27,,43736,35,,,1,71,,43737,35,,,1,31,,43738,35,,,1,71,,43739,35,,,1,31,,43740,35,,,1,71,,43741,35,,,1,30,,43742,35,,,1,98,,43732,35,,,1,100,,43715,35,,,1
50100,'501-Weekday-11-26-02-1111100',551,,114111,35,,,1,70,,114112,35,,,1,35,,114113,35,,,1,70,,114114,35,,,1,15,,114115,35,,,1,15,,114148,35,,,1,55,,114116,35,,,1,15,,114118,35,,,1,15,,114117,35,,,1,15,,114120,35,,,1,73,,114121,35,,,1,74,,114122,35,,,1,34,,114123,35,,,1,74,,114124,35,,,1,34,,114125,35,,,1,74,,114126,35,,,1,34,,114127,35,,,1,74,,114128,35,,,1,74,,114129,35,,,1,34,,114147,35,,,1,76,,114152,35,,,1,17,,114149,35,,,1,15,,114130,35,,,1,15,,114131,35,,,1,55,,114132,35,,,1,15,,114150,35,,,1,15,,114134,35,,,1,15,,114133,35,,,1,55,,114135,35,,,1,15,,114151,35,,,1,15,,114138,35,,,1,15,,114137,35,,,1,69,,114139,35,,,1,27,,114140,35,,,1,71,,114141,35,,,1,31,,114142,35,,,1,71,,114143,35,,,1,31,,114144,35,,,1,71,,114145,35,,,1,30,,114146,35,,,1,98,,114136,35,,,1,100,,114119,35,,,1
50100,'501-Saturday-1-26-02-0000010',621,,44066,35,,,1,30,,44067,35,,,1,70,,44068,35,,,1,30,,44043,35,,,1,70,,44044,35,,,1,30,,44045,35,,,1,72,,44046,35,,,1,32,,44047,35,,,1,72,,44048,35,,,1,32,,44049,35,,,1,72,,44050,35,,,1,72,,44051,35,,,1,32,,44052,35,,,1,72,,44053,35,,,1,32,,44054,35,,,1,72,,44055,35,,,1,32,,44056,35,,,1,72,,44057,35,,,1,32,,44058,35,,,1,72,,44059,35,,,1,32,,44060,35,,,1,72,,44061,35,,,1,32,,44062,35,,,1,72,,44063,35,,,1,32,,44064,35,,,1,72,,44065,35,,,1
50100,'501-Sunday-2-26-02-0000001',629,,114153,35,,,1,30,,114154,35,,,1,70,,114155,35,,,1,30,,114156,35,,,1,70,,114157,35,,,1,30,,114158,35,,,1,71,,114159,35,,,1,70,,114160,35,,,1,30,,114161,35,,,1,70,,114162,35,,,1,30,,114163,35,,,1,70,,114164,35,,,1,30,,114165,35,,,1,70,,114166,35,,,1,30,,114167,35,,,1,70,,114168,35,,,1,30,,114169,35,,,1,70,,114170,35,,,1,30,,114171,35,,,1,70,,114172,35,,,1,30,,114173,35,,,1,70,,114174,35,,,1,30,,114175,35,,,1,70,,114176,35,,,1,30,,114177,35,,,1,70,,114178,35,,,1,30,,114179,35,,,1
63000,'630-Weekday-1-26-02-1111100',807,,60913,46,,,1
63000,'630-Weekday-10-26-02-1111100',807,,116748,46,,,1
63000,'630-Weekday-9-26-02-1111100',807,,60919,46,,,1
63100,'631-Weekday-1-26-02-1111100',808,,60934,40,,,1
63100,'631-Weekday-10-26-02-1111100',808,,116750,40,,,1
63100,'631-Weekday-9-26-02-1111100',808,,60940,40,,,1
63200,'632-Weekday-1-26-02-1111100',806,,60955,8,,,1
63200,'632-Weekday-10-26-02-1111100',806,,116752,8,,,1
63200,'632-Weekday-9-26-02-1111100',806,,60961,8,,,1
