10701,'107-Weekday-1-26-04-1111100',547,,119743,30,,,1,70,,119744,30,,,1,33,,119745,30,,,1,50,,119768,30,,,1,10,,119746,30,,,1,10,,119747,30,,,1,10,,119769,30,,,1,10,,119748,30,,,1,10,,119749,30,,,1,50,,119770,30,,,1,8,,119798,30,,,1,2,,119750,30,,,1,10,,119751,30,,,1,10,,119752,30,,,1,8,,119799,30,,,1,2,,119753,30,,,1,10,,119754,30,,,1,58,,119771,30,,,1,19,,119755,30,,,1,20,,119756,30,,,1,60,,119772,30,,,1,20,,119773,30,,,1,20,,119774,30,,,1,60,,119775,30,,,1,20,,119776,30,,,1,20,,119777,30,,,1,60,,119778,30,,,1,20,,119779,30,,,1,20,,119780,30,,,1,60,,119781,30,,,1,20,,119782,30,,,1,20,,119783,30,,,1,60,,119784,30,,,1,20,,119785,30,,,1,20,,119786,30,,,1,62,,119795,30,,,1,16,,119767,30,,,1,15,,119787,30,,,1,15,,119788,30,,,1,55,,119789,30,,,1,15,,119757,30,,,1,15,,119758,30,,,1,15,,119759,30,,,1,55,,119760,30,,,1,15,,119761,30,,,1,15,,119762,30,,,1,62,,119796,30,,,1,20,,119797,30,,,1,18,,119763,30,,,1,69,,119791,30,,,1,30,,119792,30,,,1,70,,119793,30,,,1,30,,119794,30,,,1,70,,119764,30,,,1,30,,119766,30,,,1,70,,119765,30,,,1,30,,119790,30,,,1
10701,'107-Weekday-2-26-04-1111100',547,,119800,30,,,1,70,,119801,30,,,1,33,,119802,30,,,1,50,,119825,30,,,1,10,,119803,30,,,1,10,,119804,30,,,1,10,,119826,30,,,1,10,,119805,30,,,1,10,,119806,30,,,1,50,,119827,30,,,1,8,,119855,30,,,1,2,,119807,30,,,1,10,,119808,30,,,1,10,,119809,30,,,1,8,,119856,30,,,1,2,,119810,30,,,1,10,,119811,30,,,1,58,,119828,30,,,1,19,,119812,30,,,1,20,,119813,30,,,1,60,,119829,30,,,1,20,,119830,30,,,1,20,,119831,30,,,1,60,,119832,30,,,1,20,,119833,30,,,1,20,,119834,30,,,1,60,,119835,30,,,1,20,,119836,30,,,1,20,,119837,30,,,1,60,,119838,30,,,1,20,,119839,30,,,1,20,,119840,30,,,1,60,,119841,30,,,1,20,,119842,30,,,1,20,,119843,30,,,1,62,,119852,30,,,1,16,,119824,30,,,1,15,,119844,30,,,1,15,,119845,30,,,1,55,,119846,30,,,1,15,,119814,30,,,1,15,,119815,30,,,1,15,,119816,30,,,1,55,,119817,30,,,1,15,,119818,30,,,1,15,,119819,30,,,1,62,,119853,30,,,1,20,,119854,30,,,1,18,,119820,30,,,1,69,,119848,30,,,1,30,,119849,30,,,1,70,,119850,30,,,1,30,,119851,30,,,1,70,,119821,30,,,1,30,,119823,30,,,1,70,,119822,30,,,1,30,,119847,30,,,1
10701,'107-Weekday-3-26-04-1111100',547,,119857,30,,,1,70,,119858,30,,,1,33,,119859,30,,,1,50,,119882,30,,,1,10,,119860,30,,,1,10,,119861,30,,,1,10,,119883,30,,,1,10,,119862,30,,,1,10,,119863,30,,,1,50,,119884,30,,,1,8,,119912,30,,,1,2,,119864,30,,,1,10,,119865,30,,,1,10,,119866,30,,,1,10,,119867,30,,,1,10,,119868,30,,,1,58,,119885,30,,,1,19,,119869,30,,,1,20,,119870,30,,,1,60,,119886,30,,,1,20,,119887,30,,,1,20,,119888,30,,,1,60,,119889,30,,,1,20,,119890,30,,,1,20,,119891,30,,,1,60,,119892,30,,,1,20,,119893,30,,,1,20,,119894,30,,,1,60,,119895,30,,,1,20,,119896,30,,,1,20,,119897,30,,,1,60,,119898,30,,,1,20,,119899,30,,,1,20,,119900,30,,,1,62,,119909,30,,,1,16,,119881,30,,,1,15,,119901,30,,,1,15,,119902,30,,,1,55,,119903,30,,,1,15,,119871,30,,,1,15,,119872,30,,,1,15,,119873,30,,,1,55,,119874,30,,,1,15,,119875,30,,,1,15,,119876,30,,,1,62,,119910,30,,,1,20,,119911,30,,,1,18,,119877,30,,,1,69,,119905,30,,,1,30,,119906,30,,,1,70,,119907,30,,,1,30,,119908,30,,,1,70,,119878,30,,,1,30,,119880,30,,,1,70,,119879,30,,,1,30,,119904,30,,,1
10701,'107-Saturday-1-26-04-0000010',810,,119913,30,,,1,30,,119914,30,,,1,70,,119915,30,,,1,31,,119916,30,,,1,70,,119917,30,,,1,30,,119918,30,,,1,70,,119919,30,,,1,30,,119920,30,,,1,70,,119921,30,,,1,30,,119922,30,,,1,70,,119923,30,,,1,30,,119924,30,,,1,70,,119925,30,,,1,30,,119926,30,,,1,70,,119927,30,,,1,30,,119928,30,,,1,70,,119929,30,,,1,30,,119930,30,,,1,70,,119931,30,,,1,29,,119932,30,,,1,70,,119933,30,,,1,30,,119934,30,,,1,70,,119935,30,,,1
10701,'107-Sunday-1-26-04-0000001',959,,119936,30,,,1,70,,119937,30,,,1,30,,119938,30,,,1,70,,119939,30,,,1,30,,119940,30,,,1,70,,119941,30,,,1,30,,119942,30,,,1,70,,119943,30,,,1,30,,119944,30,,,1,70,,119945,30,,,1,30,,119946,30,,,1,70,,119947,30,,,1,30,,119948,30,,,1,70,,119949,30,,,1,30,,119950,30,,,1,69,,119951,30,,,1,30,,119952,30,,,1,70,,119953,30,,,1,30,,119954,30,,,1,70,,119955,30,,,1
62100,'621-Weekday-1-26-04-0001000',1228,,131701,34,4,,1
62100,'621-Weekday-1-26-04-1110100',1537,,131702,34,4,,1
62100,'621-Weekday-1-26-04-1111100',1601,,131703,34,4,,1
62100,'621-Weekday-2-26-04-1111100',1601,,131704,34,4,,1
62100,'621-Weekday-3-26-04-0001000',1228,,131705,34,4,,1
62100,'621-Weekday-3-26-04-1110100',1537,,131706,34,4,,1
62801,'628-Weekday-1-26-04-1111100',811,,131753,17,,,1
62801,'628-Weekday-2-26-04-1111100',811,,131754,17,,,1
