5300,'053-Weekday-1-26-06-1111100',530,,167081,4,,,1,70,,167082,4,,,1,31,,167083,4,,,1,15,,167111,4,,,1,55,,167084,4,,,1,15,,167112,4,,,1,15,,167085,4,,,1,15,,167086,4,,,1,55,,167117,4,,,1,15,,167118,4,,,1,15,,167087,4,,,1,73,,167123,4,,,1,28,,167088,4,,,1,70,,167089,4,,,1,30,,167090,4,,,1,70,,167091,4,,,1,30,,167092,4,,,1,70,,167093,4,,,1,30,,167094,4,,,1,70,,167095,4,,,1,30,,167096,4,,,1,70,,167097,4,,,1,29,,167098,4,,,1,19,,167115,4,,,1,58,,167099,4,,,1,18,,167116,4,,,1,16,,167100,4,,,1,15,,167113,4,,,1,55,,167114,4,,,1,15,,167101,4,,,1,15,,167119,4,,,1,15,,167120,4,,,1,55,,167102,4,,,1,15,,167124,4,,,1,15,,167125,4,,,1,69,,167103,4,,,1,29,,167104,4,,,1,68,,167105,4,,,1,26,,167106,4,,,1,70,,167107,4,,,1,30,,167108,4,,,1,70,,167109,4,,,1,30,,167110,4,,,1,70,,167080,4,,,1,52,,167121,4,,,1,100,,167122,4,,,1
5300,'053-Weekday-2-26-06-1111100',530,,167127,4,,,1,70,,167128,4,,,1,31,,167129,4,,,1,15,,167157,4,,,1,55,,167130,4,,,1,15,,167158,4,,,1,15,,167131,4,,,1,15,,167132,4,,,1,55,,167163,4,,,1,15,,167164,4,,,1,15,,167133,4,,,1,73,,167169,4,,,1,28,,167134,4,,,1,70,,167135,4,,,1,30,,167136,4,,,1,70,,167137,4,,,1,30,,167138,4,,,1,70,,167139,4,,,1,30,,167140,4,,,1,70,,167141,4,,,1,30,,167142,4,,,1,70,,167143,4,,,1,29,,167144,4,,,1,19,,167161,4,,,1,58,,167145,4,,,1,18,,167162,4,,,1,16,,167146,4,,,1,15,,167159,4,,,1,55,,167160,4,,,1,15,,167147,4,,,1,15,,167165,4,,,1,15,,167166,4,,,1,55,,167148,4,,,1,15,,167170,4,,,1,15,,167171,4,,,1,69,,167149,4,,,1,29,,167150,4,,,1,68,,167151,4,,,1,26,,167152,4,,,1,70,,167153,4,,,1,30,,167154,4,,,1,70,,167155,4,,,1,30,,167156,4,,,1,70,,167126,4,,,1,52,,167167,4,,,1,100,,167168,4,,,1
5300,'053-Saturday-1-26-06-0000010',603,,167172,4,,,1,100,,167173,4,,,1,100,,167174,4,,,1,25,,167202,4,,,1,26,,167175,4,,,1,70,,167176,4,,,1,30,,167177,4,,,1,70,,167178,4,,,1,30,,167179,4,,,1,70,,167180,4,,,1,30,,167181,4,,,1,70,,167182,4,,,1,30,,167183,4,,,1,70,,167184,4,,,1,30,,167185,4,,,1,70,,167186,4,,,1,30,,167187,4,,,1,70,,167188,4,,,1,30,,167189,4,,,1,70,,167190,4,,,1,30,,167191,4,,,1,70,,167192,4,,,1,30,,167193,4,,,1,70,,167194,4,,,1,30,,167195,4,,,1,70,,167196,4,,,1,79,,167197,4,,,1,100,,167198,4,,,1,100,,167199,4,,,1,100,,167200,4,,,1,100,,167201,4,,,1
5300,'053-Saturday-2-26-06-0000010',603,,167203,4,,,1,100,,167204,4,,,1,100,,167205,4,,,1,25,,167233,4,,,1,26,,167206,4,,,1,70,,167207,4,,,1,30,,167208,4,,,1,70,,167209,4,,,1,30,,167210,4,,,1,70,,167211,4,,,1,30,,167212,4,,,1,70,,167213,4,,,1,30,,167214,4,,,1,70,,167215,4,,,1,30,,167216,4,,,1,70,,167217,4,,,1,30,,167218,4,,,1,70,,167219,4,,,1,30,,167220,4,,,1,70,,167221,4,,,1,30,,167222,4,,,1,70,,167223,4,,,1,30,,167224,4,,,1,70,,167225,4,,,1,30,,167226,4,,,1,70,,167227,4,,,1,79,,167228,4,,,1,30,,167234,4,0,64,1,70,,167229,4,,,1,30,,167235,4,0,64,1,70,,167230,4,,,1,100,,167231,4,,,1,100,,167232,4,,,1
5300,'053-Saturday-3-26-06-0000010',603,,167236,4,,,1,100,,167237,4,,,1,100,,167238,4,,,1,25,,167266,4,,,1,26,,167239,4,,,1,70,,167240,4,,,1,30,,167241,4,,,1,70,,167242,4,,,1,30,,167243,4,,,1,70,,167244,4,,,1,30,,167245,4,,,1,70,,167246,4,,,1,30,,167247,4,,,1,70,,167248,4,,,1,30,,167249,4,,,1,70,,167250,4,,,1,30,,167251,4,,,1,70,,167252,4,,,1,30,,167253,4,,,1,70,,167254,4,,,1,30,,167255,4,,,1,70,,167256,4,,,1,30,,167257,4,,,1,70,,167258,4,,,1,30,,167259,4,,,1,70,,167260,4,,,1,79,,167261,4,,,1,30,,167267,4,0,64,1,70,,167262,4,,,1,30,,167268,4,0,64,1,70,,167263,4,,,1,100,,167264,4,,,1,100,,167265,4,,,1
5300,'053-Sunday-1-26-06-0000001',702,,167269,4,,,1,100,,167270,4,,,1,100,,167271,4,,,1,104,,167272,4,,,1,30,,167273,4,,,1,70,,167274,4,,,1,30,,167275,4,,,1,70,,167276,4,,,1,30,,167277,4,,,1,70,,167278,4,,,1,30,,167279,4,,,1,70,,167280,4,,,1,30,,167281,4,,,1,70,,167282,4,,,1,30,,167283,4,,,1,70,,167284,4,,,1,30,,167285,4,,,1,70,,167286,4,,,1,30,,167287,4,,,1,70,,167288,4,,,1,30,,167289,4,,,1,70,,167290,4,,,1,96,,167291,4,,,1,100,,167292,4,,,1,100,,167293,4,,,1,100,,167294,4,,,1
5300,'053-Sunday-2-26-06-0000001',702,,167295,4,,,1,100,,167296,4,,,1,100,,167297,4,,,1,104,,167298,4,,,1,30,,167299,4,,,1,70,,167300,4,,,1,30,,167301,4,,,1,70,,167302,4,,,1,30,,167303,4,,,1,70,,167304,4,,,1,30,,167305,4,,,1,70,,167306,4,,,1,30,,167307,4,,,1,70,,167308,4,,,1,30,,167309,4,,,1,70,,167310,4,,,1,30,,167311,4,,,1,70,,167312,4,,,1,30,,167313,4,,,1,70,,167314,4,,,1,30,,167315,4,,,1,70,,167316,4,,,1,26,,167321,4,,,1,70,,167317,4,,,1,30,,167322,4,,,1,70,,167318,4,,,1,30,,167323,4,,,1,70,,167319,4,,,1,30,,167324,4,,,1,70,,167320,4,,,1
52701,'527-Weekday-1-26-06-1111100',538,,177494,3,,,1,70,,177495,3,,,1,30,,177496,3,,,1,70,,177497,3,,,1,20,,177498,3,,,1,20,,177499,3,,,1,60,,177500,3,,,1,20,,177501,3,,,1,20,,177502,3,,,1,60,,177503,3,,,1,30,,177504,3,,,1,70,,177505,3,,,1,30,,177506,3,,,1,70,,177507,3,,,1,30,,177508,3,,,1,70,,177509,3,,,1,30,,177510,3,,,1,70,,177511,3,,,1,30,,177512,3,,,1,70,,177513,3,,,1,30,,177514,3,,,1,70,,177515,3,,,1,20,,177516,3,,,1,20,,177517,3,,,1,60,,177518,3,,,1,20,,177519,3,,,1,20,,177520,3,,,1,60,,177521,3,,,1,20,,177522,3,,,1,20,,177523,3,,,1,60,,177524,3,,,1,30,,177525,3,,,1,70,,177526,3,,,1,30,,177527,3,,,1,70,,177528,3,,,1,30,,177529,3,,,1,70,,177530,3,,,1,30,,177531,3,,,1
52701,'527-Saturday-1-26-06-0000010',613,,177533,3,,,1,100,,177534,3,,,1,100,,177535,3,,,1,30,,177536,3,,,1,71,,177537,3,,,1,30,,177538,3,,,1,70,,177539,3,,,1,30,,177540,3,,,1,70,,177541,3,,,1,30,,177542,3,,,1,70,,177543,3,,,1,30,,177544,3,,,1,70,,177545,3,,,1,30,,177546,3,,,1,70,,177547,3,,,1,30,,177548,3,,,1,70,,177549,3,,,1,30,,177550,3,,,1,70,,177551,3,,,1,30,,177552,3,,,1,70,,177553,3,,,1,30,,177554,3,,,1,70,,177555,3,,,1,30,,177556,3,,,1
52701,'527-Sunday-1-26-06-0000001',1018,,177557,3,,,1,30,,177558,3,,,1,70,,177559,3,,,1,30,,177560,3,,,1,70,,177561,3,,,1,30,,177562,3,,,1,70,,177563,3,,,1,30,,177564,3,,,1,70,,177565,3,,,1,30,,177566,3,,,1,70,,177567,3,,,1,30,,177568,3,,,1,70,,177569,3,,,1,30,,177570,3,,,1,70,,177571,3,,,1,30,,177572,3,,,1,70,,177573,3,,,1,30,,177574,3,,,1
