10901,'109-Weekday-1-26-02-1111100',541,,33535,35,0,18 14,1,70,,33536,35,0,18 14,1,33,,33537,35,0,18 14,1,64,,33538,35,0,18 14,1,15,,33539,35,0,18 14,1,15,,33575,35,0,18 14,1,15,,33540,35,0,18 14,1,55,,33541,35,0,18 14,1,15,,33542,35,0,18 14,1,15,,33576,35,0,18 14,1,15,,33543,35,0,18 14,1,61,,33544,35,0,18 14,1,29,,33545,35,0,18 14,1,70,,33546,35,0,18 14,1,30,,33547,35,0,18 14,1,70,,33548,35,0,18 14,1,30,,33549,35,0,18 14,1,70,,33550,35,0,18 14,1,30,,33551,35,0,18 14,1,70,,33552,35,0,18 14,1,30,,33553,35,0,18 14,1,70,,33554,35,0,18 14,1,30,,33555,35,0,18 14,1,72,,33556,35,0,18 14,1,25,,33557,35,0,18 14,1,15,,33558,35,0,18 14,1,55,,33577,35,0,18 14,1,15,,33559,35,0,18 14,1,15,,33560,35,0,18 14,1,15,,33561,35,0,18 14,1,55,,33562,35,0,18 14,1,15,,33578,35,0,18 14,1,22,,33563,35,0,18 14,1,70,,33564,35,0,18 14,1,28,,33565,35,0,18 14,1,68,,33566,35,0,18 14,1,30,,33567,35,0,18 14,1,70,,33568,35,0,18 14,1,30,,33569,35,0,18 14,1,70,,33570,35,0,18 14,1,30,,33571,35,0,18 14,1,68,,33572,35,0,18 14,1,99,,33573,35,0,18 14,1,100,,33574,35,0,18 14,1
10901,'109-Weekday-10-26-02-1111100',541,,33579,35,0,18 14,1,70,,33580,35,0,18 14,1,33,,33581,35,0,18 14,1,64,,33582,35,0,18 14,1,15,,33583,35,0,18 14,1,15,,33619,35,0,18 14,1,15,,33584,35,0,18 14,1,55,,33585,35,0,18 14,1,15,,33586,35,0,18 14,1,15,,33620,35,0,18 14,1,15,,33587,35,0,18 14,1,61,,33588,35,0,18 14,1,29,,33589,35,0,18 14,1,70,,33590,35,0,18 14,1,30,,33591,35,0,18 14,1,70,,33592,35,0,18 14,1,30,,33593,35,0,18 14,1,70,,33594,35,0,18 14,1,30,,33595,35,0,18 14,1,70,,33596,35,0,18 14,1,30,,33597,35,0,18 14,1,70,,33598,35,0,18 14,1,30,,33599,35,0,18 14,1,72,,33600,35,0,18 14,1,25,,33601,35,0,18 14,1,15,,33602,35,0,18 14,1,55,,33621,35,0,18 14,1,15,,33603,35,0,18 14,1,15,,33604,35,0,18 14,1,15,,33605,35,0,18 14,1,55,,33606,35,0,18 14,1,15,,33622,35,0,18 14,1,22,,33607,35,0,18 14,1,70,,33608,35,0,18 14,1,28,,33609,35,0,18 14,1,68,,33610,35,0,18 14,1,30,,33611,35,0,18 14,1,70,,33612,35,0,18 14,1,30,,33613,35,0,18 14,1,70,,33614,35,0,18 14,1,30,,33615,35,0,18 14,1,68,,33616,35,0,18 14,1,99,,33617,35,0,18 14,1,100,,33618,35,0,18 14,1
10901,'109-Weekday-11-26-02-1111100',541,,112566,35,0,18 14,1,70,,112567,35,0,18 14,1,33,,112568,35,0,18 14,1,64,,112569,35,0,18 14,1,15,,112570,35,0,18 14,1,15,,112606,35,0,18 14,1,15,,112571,35,0,18 14,1,55,,112572,35,0,18 14,1,15,,112573,35,0,18 14,1,15,,112607,35,0,18 14,1,15,,112574,35,0,18 14,1,61,,112575,35,0,18 14,1,29,,112576,35,0,18 14,1,70,,112577,35,0,18 14,1,30,,112578,35,0,18 14,1,70,,112579,35,0,18 14,1,30,,112580,35,0,18 14,1,70,,112581,35,0,18 14,1,30,,112582,35,0,18 14,1,70,,112583,35,0,18 14,1,30,,112584,35,0,18 14,1,70,,112585,35,0,18 14,1,30,,112586,35,0,18 14,1,72,,112587,35,0,18 14,1,25,,112588,35,0,18 14,1,15,,112589,35,0,18 14,1,55,,112608,35,0,18 14,1,15,,112590,35,0,18 14,1,15,,112591,35,0,18 14,1,15,,112592,35,0,18 14,1,55,,112593,35,0,18 14,1,15,,112609,35,0,18 14,1,22,,112594,35,0,18 14,1,70,,112595,35,0,18 14,1,28,,112596,35,0,18 14,1,68,,112597,35,0,18 14,1,30,,112598,35,0,18 14,1,70,,112599,35,0,18 14,1,30,,112600,35,0,18 14,1,70,,112601,35,0,18 14,1,30,,112602,35,0,18 14,1,68,,112603,35,0,18 14,1,99,,112604,35,0,18 14,1,100,,112605,35,0,18 14,1
10901,'109-Saturday-1-26-02-0000010',834,,33931,35,0,18 14,1,70,,33932,35,0,18 14,1,30,,33933,35,0,18 14,1,70,,33934,35,0,18 14,1,30,,33935,35,0,18 14,1,70,,33936,35,0,18 14,1,30,,33937,35,0,18 14,1,70,,33938,35,0,18 14,1,30,,33939,35,0,18 14,1,70,,33940,35,0,18 14,1,30,,33941,35,0,18 14,1,70,,33942,35,0,18 14,1,30,,33943,35,0,18 14,1,70,,33944,35,0,18 14,1,30,,33945,35,0,18 14,1,70,,33946,35,0,18 14,1,30,,33947,35,0,18 14,1,70,,33948,35,0,18 14,1,30,,33949,35,0,18 14,1,70,,33950,35,0,18 14,1,30,,33951,35,0,18 14,1,70,,33952,35,0,18 14,1,30,,33953,35,0,18 14,1,70,,33954,35,0,18 14,1,30,,33955,35,0,18 14,1,70,,33956,35,0,18 14,1,30,,33957,35,0,18 14,1,70,,33958,35,0,18 14,1
10901,'109-Sunday-2-26-02-0000001',1044,,112610,35,0,18 14,1,70,,112611,35,0,18 14,1,30,,112612,35,0,18 14,1,70,,112613,35,0,18 14,1,30,,112614,35,0,18 14,1,70,,112615,35,0,18 14,1,30,,112616,35,0,18 14,1,70,,112617,35,0,18 14,1,30,,112618,35,0,18 14,1,70,,112619,35,0,18 14,1,30,,112620,35,0,18 14,1,70,,112621,35,0,18 14,1,30,,112622,35,0,18 14,1,70,,112623,35,0,18 14,1,30,,112624,35,0,18 14,1,70,,112625,35,0,18 14,1,30,,112626,35,0,18 14,1,70,,112627,35,0,18 14,1
61801,'618-Weekday-1-26-02-1111100',814,,60578,30,,,1
61801,'618-Weekday-10-26-02-1111100',814,,116694,30,,,1
61801,'618-Weekday-9-26-02-1111100',814,,60583,30,,,1
62501,'625-Weekday-1-26-02-1111100',728,,60830,20,,,1,7,,60831,20,,,1
62501,'625-Weekday-10-26-02-1111100',728,,116735,20,,,1,7,,116736,20,,,1
62501,'625-Weekday-9-26-02-1111100',728,,60840,20,,,1,7,,60841,20,,,1
68301,'683-Weekday-1-26-02-1111100',751,,62016,24,,,1,5,,62017,24,,,1,45,,62018,24,,,1
68301,'683-Weekday-10-26-02-1111100',751,,116920,24,,,1,5,,116921,24,,,1,45,,116922,24,,,1
68301,'683-Weekday-9-26-02-1111100',751,,62032,24,,,1,5,,62033,24,,,1,45,,62034,24,,,1
