101,5009,1,0
101,5054,2,0
101,5186,3,0
101,5486,4,0
101,5566,5,0
101,5578,6,0
101,5405,7,0
101,5302,8,0
101,5176,9,0
101,5434,10,0
101,5435,11,0
101,5366,12,0
101,5568,13,0
101,5426,14,0
101,5110,15,0
101,5021,16,0
101,5544,17,0
101,5495,18,0
101,5262,19,0
101,5708,20,0
101,5591,21,0
101,5169,22,0
101,5432,23,0
101,5036,24,0
101,5808,25,0
101,5031,26,0
101,1720,27,0
101,1240,28,0
101,1047,29,0
101,1242,30,0
101,1127,31,0
101,1077,32,0
101,1392,33,0
101,1141,34,0
101,1575,35,0
101,1390,36,0
101,1466,37,0
101,1391,38,0
101,1083,39,0
101,1035,40,0
101,1271,41,0
101,1322,42,0
101,1346,43,0
101,1128,44,0
101,1570,45,0
101,1123,46,0
101,11372,47,0
101,11387,48,0
101,11373,49,0
101,1546,50,0
101,1188,51,0
101,1173,52,0
101,2028,53,0
101,2151,54,0
101,2367,55,0
101,2591,56,0
101,2293,57,0
101,2346,58,0
101,2529,59,0
101,2233,60,0
101,2484,61,0
101,2348,62,0
101,2594,63,0
101,2237,64,0
101,2566,65,0
101,2486,66,0
101,2323,67,0
101,2154,68,0
101,2490,69,0
101,2177,70,0
101,2070,71,0
101,2545,72,0
101,2420,73,0
101,2030,74,0
101,2562,75,0
101,2140,76,0
101,2584,77,0
101,2054,78,0
101,2186,79,0
101,2192,80,0
101,2291,81,0
101,2372,82,0
101,2301,83,1
102,2301,1,0
102,2369,2,0
102,2182,3,0
102,2225,4,0
102,2561,5,0
102,2038,6,0
102,2020,7,0
102,2068,8,0
102,2086,9,0
102,2094,10,0
102,2480,11,0
102,2475,12,0
102,2493,13,0
102,2342,14,0
102,2438,15,0
102,2578,16,0
102,2359,17,0
102,2425,18,0
102,2153,19,0
102,2567,20,0
102,2021,21,0
102,2544,22,0
102,2495,23,0
102,2262,24,0
102,2267,25,0
102,2375,26,0
102,2547,27,0
102,2276,28,0
102,1356,29,0
102,1385,30,0
102,1051,31,0
102,11319,32,0
102,11309,33,0
102,1999,34,0
102,1064,35,0
102,1243,36,0
102,1620,37,0
102,1673,38,0
102,1622,39,0
102,1619,40,0
102,1959,41,0
102,1818,42,0
102,1812,43,0
102,1840,44,0
102,1918,45,0
102,1960,46,0
102,1688,47,0
102,1646,48,0
102,1746,49,0
102,1828,50,0
102,11305,51,0
102,1767,52,0
102,5596,53,0
102,5384,54,0
102,5133,55,0
102,5149,56,0
102,5564,57,0
102,5157,58,0
102,5185,59,0
102,5346,60,0
102,5423,61,0
102,5128,62,0
102,5376,63,0
102,5252,64,0
102,5494,65,0
102,5101,66,0
102,5059,67,0
102,5379,68,0
102,5372,69,0
102,5289,70,0
102,5369,71,0
102,5067,72,0
102,5580,73,0
102,5301,74,0
102,5241,75,0
102,5171,76,0
102,5583,77,0
102,5070,78,0
102,5545,79,0
102,5449,80,0
102,5009,81,1
201,5723,1,0
201,5971,2,0
201,5946,3,0
201,5895,4,0
201,5779,5,0
201,5775,6,0
201,5636,7,0
201,5784,8,0
201,5963,9,0
201,5986,10,0
201,5854,11,0
201,5821,12,0
201,5749,13,0
201,5923,14,0
201,5750,15,0
201,5463,16,0
201,5008,17,0
201,5054,18,0
201,5186,19,0
201,5486,20,0
201,5566,21,0
201,5578,22,0
201,5359,23,0
201,5281,24,0
201,5197,25,0
201,5332,26,0
201,5451,27,0
201,5484,28,0
201,5502,29,0
201,5348,30,0
201,5594,31,0
201,5237,32,0
201,5093,33,0
201,5489,34,0
201,5437,35,0
201,5262,36,0
201,5708,37,0
201,5591,38,0
201,5293,39,0
201,5169,40,0
201,5432,41,0
201,5036,42,0
201,5808,43,0
201,5031,44,0
201,1720,45,0
201,1910,46,0
201,1859,47,0
201,1902,48,0
201,1958,49,0
201,1650,50,0
201,1697,51,0
201,1978,52,0
201,1639,53,0
201,1824,54,0
201,1732,55,0
201,1643,56,0
201,1035,57,0
201,1271,58,0
201,1322,59,0
201,1336,60,0
201,1429,61,0
201,1256,62,0
201,1196,63,0
201,1393,64,0
201,1556,65,0
201,1026,66,0
201,1338,67,0
201,1184,68,0
201,1092,69,0
201,1387,70,0
201,1072,71,0
201,1408,72,0
201,1224,73,0
201,1094,74,0
201,1480,75,0
201,1475,76,0
201,1154,77,0
201,1493,78,0
201,1323,79,0
201,1342,80,0
201,1486,81,0
201,1566,82,0
201,1578,83,0
201,1438,84,0
201,1584,85,0
201,1561,86,0
201,1454,87,0
201,1590,88,0
201,1010,89,0
201,1990,90,0
201,1853,91,0
201,7886,92,0
201,7923,93,0
201,7760,94,0
201,7941,95,0
201,7624,96,0
201,7644,97,0
201,7902,98,1
202,7902,1,0
202,77140,2,0
202,7727,3,0
202,7757,4,0
202,7844,5,0
202,7645,6,0
202,7652,7,0
202,7725,8,0
202,1922,9,0
202,1177,10,0
202,1786,11,0
202,1561,12,0
202,1228,13,0
202,1352,14,0
202,1238,15,0
202,1270,16,0
202,1063,17,0
202,1220,18,0
202,1347,19,0
202,1281,20,0
202,1197,21,0
202,1332,22,0
202,1451,23,0
202,1474,24,0
202,1552,25,0
202,1180,26,0
202,1531,27,0
202,1407,28,0
202,1081,29,0
202,1573,30,0
202,1472,31,0
202,1178,32,0
202,1464,33,0
202,1248,34,0
202,1222,35,0
202,1328,36,0
202,1266,37,0
202,1120,38,0
202,1262,39,0
202,1620,40,0
202,1673,41,0
202,1622,42,0
202,1903,43,0
202,1898,44,0
202,1713,45,0
202,1989,46,0
202,1684,47,0
202,1834,48,0
202,1883,49,0
202,1798,50,0
202,1988,51,0
202,1862,52,0
202,1654,53,0
202,1709,54,0
202,1878,55,0
202,1767,56,0
202,5596,57,0
202,5384,58,0
202,5133,59,0
202,5149,60,0
202,5564,61,0
202,5157,62,0
202,5185,63,0
202,5346,64,0
202,5423,65,0
202,5128,66,0
202,5492,67,0
202,5570,68,0
202,5439,69,0
202,5587,70,0
202,5554,71,0
202,5477,72,0
202,5529,73,0
202,5318,74,0
202,5233,75,0
202,5058,76,0
202,5399,77,0
202,5450,78,0
202,5610,79,0
202,5282,80,0
202,5446,81,0
202,5241,82,0
202,5171,83,0
202,5583,84,0
202,5070,85,0
202,5545,86,0
202,5449,87,0
202,5003,88,0
202,5653,89,0
202,5843,90,0
202,5628,91,0
202,5881,92,0
202,5841,93,0
202,5754,94,0
202,5659,95,0
202,5724,96,0
202,5972,97,0
202,5682,98,0
202,5640,99,0
202,5723,100,1
301,5106,1,0
301,5112,2,0
301,5360,3,0
301,5050,4,0
301,5064,5,0
301,5462,6,0
301,5243,7,0
301,5142,8,0
301,5251,9,0
301,5487,10,0
301,5034,11,0
301,5928,12,0
301,5368,13,0
301,5806,14,0
301,5541,15,0
301,5099,16,0
301,5244,17,0
301,5330,18,0
301,5531,19,0
301,5224,20,0
301,1716,21,0
301,1838,22,0
301,1739,23,0
301,1279,24,0
301,1329,25,0
301,1073,26,0
301,1269,27,0
301,1445,28,0
301,1481,29,0
301,1382,30,0
301,1183,31,0
301,1881,32,0
301,1753,33,0
301,1682,34,0
301,1997,35,0
301,1671,36,0
301,1946,37,0
301,1807,38,0
301,1662,39,0
301,1977,40,0
301,1982,41,0
301,1929,42,0
301,1360,43,0
301,1050,44,0
301,1064,45,0
301,1966,46,0
301,1707,47,0
301,1253,48,0
301,1555,49,0
301,1479,50,0
301,1581,51,0
301,1167,52,0
301,1193,53,0
301,1295,54,0
301,1363,55,0
301,1181,56,0
301,1129,57,0
301,1232,58,0
301,1268,59,0
301,1189,60,0
301,1537,61,0
301,1163,62,0
301,1145,63,0
301,1353,64,0
301,1579,65,0
301,1249,66,0
301,1592,67,0
301,1229,68,0
301,1147,69,1
302,1147,1,0
302,1598,2,0
302,1465,3,0
302,1060,4,0
302,1397,5,0
302,1597,6,0
302,1448,7,0
302,1150,8,0
302,1341,9,0
302,1324,10,0
302,1130,11,0
302,1221,12,0
302,1022,13,0
302,1284,14,0
302,1250,15,0
302,1421,16,0
302,1280,17,0
302,1496,18,0
302,1266,19,0
302,1120,20,0
302,1262,21,0
302,1346,22,0
302,1128,23,0
302,1492,24,0
302,1019,25,0
302,1587,26,0
302,1775,27,0
302,1976,28,0
302,1652,29,0
302,1712,30,0
302,1842,31,0
302,1995,32,0
302,1905,33,0
302,1644,34,0
302,1836,35,0
302,1943,36,0
302,1869,37,0
302,1846,38,0
302,1933,39,0
302,1879,40,0
302,1887,41,0
302,1882,42,0
302,1819,43,0
302,1696,44,0
302,1967,45,0
302,1741,46,0
302,1669,47,0
302,1799,48,0
302,1719,49,0
302,1066,50,0
302,5026,51,0
302,5338,52,0
302,5184,53,0
302,5092,54,0
302,5143,55,0
302,5137,56,0
302,5286,57,0
302,5357,58,0
302,5078,59,0
302,5389,60,0
302,5444,61,0
302,5467,62,0
302,5075,63,0
302,5223,64,0
302,5152,65,0
302,5226,66,0
302,5533,67,0
302,5550,68,0
302,5227,69,0
302,5532,70,0
302,5476,71,0
302,5106,72,1
401,8601,1,0
401,5783,2,0
401,5820,3,0
401,5737,4,0
401,5654,5,0
401,5917,6,0
401,5463,7,0
401,5006,8,0
401,5054,9,0
401,5186,10,0
401,5486,11,0
401,5566,12,0
401,5578,13,0
401,5359,14,0
401,5452,15,0
401,5076,16,0
401,5589,17,0
401,5179,18,0
401,5085,19,0
401,5175,20,0
401,5543,21,0
401,5156,22,0
401,4425,23,0
401,22162,24,0
401,2978,25,0
401,22159,26,0
401,2714,27,0
401,2885,28,0
401,22157,29,0
401,2959,30,0
401,2944,31,0
401,2505,32,0
401,2516,33,0
401,2748,34,0
401,2638,35,0
401,2625,36,0
401,2890,37,0
401,2002,38,0
401,2641,39,0
401,2410,40,0
401,2834,41,0
401,2686,42,0
401,2680,43,0
401,2724,44,0
401,2722,45,0
401,2860,46,0
401,2864,47,0
401,2681,48,0
401,2285,49,0
401,2096,50,0
401,2124,51,0
401,2527,52,0
401,2848,53,0
401,2443,54,0
401,2065,55,0
401,2593,56,0
401,2549,57,0
401,2447,58,0
401,2222,59,0
401,2328,60,0
401,2260,61,0
401,2611,62,0
401,2602,63,0
401,2380,64,0
401,2121,65,0
401,2252,66,0
401,2469,67,0
401,2461,68,0
401,2243,69,0
401,2064,70,0
401,2360,71,0
401,2426,72,0
401,2434,73,0
401,2059,74,0
401,2379,75,0
401,2372,76,0
401,2306,77,1
402,2306,1,0
402,2532,2,0
402,2476,3,0
402,2568,4,0
402,2050,5,0
402,2462,6,0
402,2161,7,0
402,2287,8,0
402,2288,9,0
402,2494,10,0
402,2376,11,0
402,2231,12,0
402,2015,13,0
402,2615,14,0
402,2608,15,0
402,2167,16,0
402,2193,17,0
402,2037,18,0
402,2159,19,0
402,2590,20,0
402,2340,21,0
402,2087,22,0
402,2131,23,0
402,2294,24,0
402,2236,25,0
402,2033,26,0
402,2659,27,0
402,2853,28,0
402,2723,29,0
402,2891,30,0
402,2845,31,0
402,2683,32,0
402,2893,33,0
402,2788,34,0
402,2689,35,0
402,2733,36,0
402,2752,37,0
402,2638,38,0
402,2625,39,0
402,2890,40,0
402,2001,41,0
402,2641,42,0
402,2410,43,0
402,2660,44,0
402,2764,45,0
402,2921,46,0
402,2503,47,0
402,2956,48,0
402,2953,49,0
402,22158,50,0
402,22156,51,0
402,2702,52,0
402,22160,53,0
402,2504,54,0
402,4846,55,0
402,5296,56,0
402,5337,57,0
402,5238,58,0
402,5270,59,0
402,5063,60,0
402,5220,61,0
402,5347,62,0
402,5282,63,0
402,5446,64,0
402,5241,65,0
402,5171,66,0
402,5583,67,0
402,5070,68,0
402,5545,69,0
402,5449,70,0
402,5006,71,0
402,5003,72,0
402,5042,73,0
402,5816,74,0
402,5807,75,0
402,5819,76,0
402,8601,77,1
